0.000000
0.000000
0.000000
0.000000
0.000000
0.000000
0.000000
0.000000
0.000000
0.000000
0.000000
0.000000
0.000000
0.000000
0.000000
0.000000
0.000000
0.000000
0.000000
0.000000
0.000000
0.000000
0.000000
0.000000
0.000000
0.000000
0.000000
0.000000
0.000000
0.000000
0.000000
0.000000
0.000000
0.000000
0.000000
0.000000
0.000000
0.000000
0.000000
0.000000
0.000000
0.000000
0.000000
0.000000
0.000000
0.000000
0.000000
0.000000
0.000000
0.000000
0.000000
0.000000
0.000000
0.000000
0.000000
0.000000
0.000000
0.000000
0.000000
0.000000
0.000000
0.000000
0.000000
0.000000
0.000000
0.000000
0.000000
0.000000
0.000000
0.000000
0.000000
0.000000
0.000000
0.000000
0.000000
0.000000
0.000000
0.000000
0.000000
0.000000
0.000000
0.000000
0.000000
0.000000
0.000000
0.000000
0.000000
0.000000
0.000000
0.000000
0.000000
0.000000
0.000000
0.000000
0.000000
0.000000
0.000000
0.000000
0.000000
0.000000
0.000000
0.000000
0.000000
0.000000
0.000000
0.000000
0.000000
0.000000
0.000000
0.000000
0.000000
0.000000
0.000000
0.000000
0.000000
0.000000
0.000000
0.000000
0.000000
0.000000
0.000000
0.000000
0.000000
0.000000
0.000000
0.000000
0.000000
0.000000
0.000000
0.000000
0.000000
0.000000
0.000000
0.000000
0.000000
0.000000
0.000000
0.000000
0.000000
0.000000
0.000000
0.000000
0.000000
0.000000
0.000000
0.000000
0.000000
0.000000
0.000000
0.000000
0.000000
0.000000
0.000000
0.000000
0.000000
0.000000
0.000000
0.000000
0.000000
0.000000
0.000000
0.000000
0.000000
0.000000
0.000000
0.000000
0.000000
0.000000
0.000000
0.000000
0.000000
0.000000
0.000000
0.000000
0.000000
0.000000
0.000000
0.000000
0.000000
0.000000
0.000000
0.000000
0.150000
1.200000
0.000000
0.100000
0.300000
1.800000
0.400000
2.200000
2.900000
9.600000
0.000000
0.000000
0.000000
0.000000
0.000000
0.000000
0.000000
0.000000
0.000000
0.000000
0.000000
0.000000
0.000000
0.000000
0.050000
0.800000
0.000000
0.000000
0.000000
0.000000
0.000000
0.300000
0.450000
2.400000
0.000000
0.500000
0.600000
3.000000
0.850000
3.900000
5.050000
14.400000
0.000000
0.000000
0.000000
0.200000
0.000000
0.500000
0.650000
3.200000
0.050000
0.700000
0.900000
4.000000
1.250000
5.200000
6.500000
17.600000
0.150000
1.200000
1.450000
5.800000
2.050000
7.500000
9.200000
23.200000
3.100000
10.100000
12.000000
29.000000
14.100000
33.300000
35.750000
76.800000
0.000000
0.000000
0.000000
0.000000
0.000000
0.000000
0.000000
0.000000
0.000000
0.000000
0.000000
0.000000
0.000000
0.000000
0.000000
0.000000
0.000000
0.000000
0.000000
0.000000
0.000000
0.000000
0.000000
0.000000
0.000000
0.000000
0.000000
0.000000
0.000000
0.000000
0.000000
0.000000
0.000000
0.000000
0.000000
0.000000
0.000000
0.000000
0.000000
0.000000
0.000000
0.000000
0.000000
0.000000
0.000000
0.100000
0.250000
1.600000
0.000000
0.000000
0.000000
0.200000
0.000000
0.400000
0.550000
2.800000
0.000000
0.600000
0.750000
3.600000
1.050000
4.500000
5.750000
16.000000
0.000000
0.000000
0.000000
0.000000
0.000000
0.000000
0.000000
0.000000
0.000000
0.000000
0.000000
0.000000
0.000000
0.300000
0.450000
2.400000
0.000000
0.000000
0.000000
0.200000
0.000000
0.600000
0.750000
3.600000
0.050000
0.800000
1.000000
4.400000
1.450000
5.800000
7.250000
19.200000
0.000000
0.000000
0.000000
0.600000
0.050000
0.900000
1.100000
4.800000
0.150000
1.200000
1.500000
6.000000
2.200000
7.900000
9.550000
24.000000
0.350000
2.000000
2.600000
8.800000
3.650000
11.300000
13.300000
31.600000
5.050000
14.400000
16.550000
38.200000
18.800000
42.800000
45.300000
96.000000
0.000000
0.000000
0.000000
0.000000
0.000000
0.000000
0.000000
0.000000
0.000000
0.000000
0.000000
0.600000
0.050000
0.900000
1.100000
4.800000
0.000000
0.000000
0.050000
0.800000
0.100000
1.100000
1.400000
5.600000
0.250000
1.500000
1.950000
7.200000
2.800000
9.300000
11.150000
27.200000
0.000000
0.100000
0.200000
1.400000
0.300000
1.800000
2.250000
8.000000
0.500000
2.500000
3.250000
10.400000
4.400000
13.000000
15.050000
35.200000
0.850000
3.900000
5.050000
14.400000
6.500000
17.600000
19.800000
44.800000
8.250000
21.300000
23.600000
52.400000
25.900000
57.100000
59.700000
124.800000
0.000000
0.300000
0.500000
2.600000
0.700000
3.300000
4.300000
12.800000
1.100000
4.800000
6.050000
16.600000
7.600000
19.900000
22.200000
49.600000
1.900000
7.100000
8.700000
22.200000
10.550000
26.000000
28.350000
62.000000
12.600000
30.200000
32.650000
70.600000
35.050000
75.400000
60.000000
161.600000
3.100000
10.000000
11.800000
28.600000
13.950000
32.900000
35.350000
76.000000
16.050000
37.200000
39.700000
84.800000
42.200000
89.800000
60.000000
190.400000
18.350000
41.900000
44.400000
94.200000
46.900000
99.200000
60.000000
209.200000
49.500000
104.400000
60.000000
219.600000
57.300000
120.000000
60.000000
460.800000
0.000000
0.000000
0.000000
0.000000
0.000000
0.000000
0.000000
0.000000
0.000000
0.000000
0.000000
0.000000
0.000000
0.000000
0.000000
0.000000
0.000000
0.000000
0.000000
0.000000
0.000000
0.000000
0.000000
0.000000
0.000000
0.000000
0.000000
0.000000
0.000000
0.100000
0.250000
1.600000
0.000000
0.000000
0.000000
0.000000
0.000000
0.000000
0.000000
0.000000
0.000000
0.000000
0.000000
0.400000
0.050000
0.700000
0.900000
4.000000
0.000000
0.000000
0.000000
0.600000
0.100000
1.000000
1.250000
5.200000
0.200000
1.400000
1.750000
6.600000
2.500000
8.600000
10.350000
25.600000
0.000000
0.000000
0.000000
0.000000
0.000000
0.000000
0.000000
0.400000
0.000000
0.000000
0.050000
0.800000
0.100000
1.100000
1.400000
5.600000
0.000000
0.000000
0.100000
1.000000
0.150000
1.300000
1.650000
6.400000
0.350000
1.900000
2.400000
8.400000
3.400000
10.800000
12.700000
30.400000
0.000000
0.100000
0.250000
1.600000
0.350000
2.000000
2.600000
8.800000
0.600000
2.900000
3.750000
11.600000
5.050000
14.500000
16.650000
38.400000
1.100000
4.700000
5.950000
16.400000
7.500000
19.700000
22.000000
49.200000
9.350000
23.500000
25.850000
57.000000
28.300000
61.900000
60.000000
134.400000
0.000000
0.000000
0.000000
0.000000
0.000000
0.000000
0.050000
0.800000
0.000000
0.100000
0.200000
1.400000
0.300000
1.800000
2.250000
8.000000
0.000000
0.200000
0.350000
2.000000
0.450000
2.400000
3.100000
10.000000
0.700000
3.400000
4.400000
13.000000
5.800000
16.100000
18.200000
41.600000
0.000000
0.500000
0.600000
3.000000
0.800000
3.700000
4.850000
14.000000
1.300000
5.400000
6.800000
18.200000
8.550000
21.900000
24.200000
53.600000
2.200000
7.800000
9.500000
23.800000
11.400000
27.800000
30.150000
65.600000
13.550000
32.100000
34.550000
74.400000
37.050000
79.400000
60.000000
169.600000
0.100000
1.000000
1.250000
5.200000
1.800000
6.800000
8.400000
21.600000
2.800000
9.300000
11.150000
27.200000
13.150000
31.300000
33.750000
72.800000
4.200000
12.600000
14.550000
34.200000
16.750000
38.600000
41.100000
87.600000
19.000000
43.200000
45.700000
96.800000
48.200000
101.800000
60.000000
214.400000
5.900000
16.300000
18.400000
42.000000
20.700000
46.600000
49.100000
103.600000
23.000000
51.200000
53.800000
113.000000
56.400000
118.200000
60.000000
247.200000
25.400000
56.100000
58.700000
122.800000
57.300000
120.000000
60.000000
266.800000
54.600000
114.600000
60.000000
240.000000
57.300000
120.000000
60.000000
576.000000
0.000000
0.000000
0.000000
0.000000
0.000000
0.300000
0.450000
2.400000
0.000000
0.500000
0.600000
3.000000
0.850000
3.900000
5.050000
14.400000
0.050000
0.800000
1.000000
4.400000
1.400000
5.700000
7.100000
18.800000
2.200000
7.800000
9.500000
23.800000
11.400000
27.800000
30.150000
65.600000
0.250000
1.500000
1.850000
7.000000
2.700000
9.100000
10.950000
26.800000
3.900000
11.900000
13.900000
32.800000
16.050000
37.200000
39.700000
84.800000
5.500000
15.400000
17.550000
40.200000
19.800000
44.800000
47.300000
100.000000
22.100000
49.400000
52.000000
109.400000
54.600000
114.600000
60.000000
240.000000
0.550000
2.800000
3.600000
11.200000
4.850000
14.000000
16.050000
37.200000
6.450000
17.500000
19.700000
44.600000
22.000000
49.200000
51.700000
108.800000
8.300000
21.400000
23.700000
52.600000
26.000000
57.300000
59.900000
125.200000
28.450000
62.200000
60.000000
135.000000
57.300000
120.000000
60.000000
291.200000
10.350000
25.600000
27.950000
61.200000
30.400000
66.100000
60.000000
142.800000
32.800000
70.900000
60.000000
152.400000
57.300000
120.000000
60.000000
326.400000
35.250000
75.800000
60.000000
162.400000
57.300000
120.000000
60.000000
346.400000
54.600000
114.600000
60.000000
240.000000
57.300000
120.000000
60.000000
736.000000
1.150000
4.900000
6.250000
17.000000
7.900000
20.500000
22.800000
50.800000
9.800000
24.500000
26.850000
59.000000
29.300000
63.900000
60.000000
138.400000
11.900000
28.800000
31.250000
67.800000
33.700000
72.700000
60.000000
156.000000
36.150000
77.600000
60.000000
166.000000
57.300000
120.000000
60.000000
353.600000
14.100000
33.300000
35.750000
76.800000
38.200000
81.800000
60.000000
174.400000
40.700000
86.800000
60.000000
184.400000
57.300000
120.000000
60.000000
390.400000
43.200000
91.800000
60.000000
194.400000
57.300000
120.000000
60.000000
410.400000
54.600000
114.600000
60.000000
240.000000
57.300000
120.000000
60.000000
864.000000
16.350000
37.800000
40.300000
86.000000
42.800000
91.000000
60.000000
192.800000
45.300000
96.000000
60.000000
202.800000
57.300000
120.000000
60.000000
427.200000
47.900000
101.200000
60.000000
213.200000
57.300000
120.000000
60.000000
448.000000
54.600000
114.600000
60.000000
240.000000
57.300000
120.000000
60.000000
939.200000
49.200000
103.800000
60.000000
218.400000
57.300000
120.000000
60.000000
458.400000
54.600000
114.600000
60.000000
240.000000
57.300000
120.000000
60.000000
960.000000
51.900000
109.200000
60.000000
229.200000
57.300000
120.000000
60.000000
480.000000
54.600000
114.600000
60.000000
240.000000
57.300000
120.000000
60.000000
2048.000000
