0.000000
0.000000
0.000000
0.000000
0.000000
0.000000
0.000000
0.000000
0.000000
0.000000
0.000000
0.000000
0.000000
0.000000
0.000000
0.000000
0.000000
0.000000
0.000000
0.000000
0.000000
0.000000
0.000000
0.000000
0.000000
0.000000
0.000000
0.000000
0.000000
0.000000
0.000000
0.000000
0.000000
0.000000
0.000000
0.000000
0.000000
0.000000
0.000000
0.000000
0.000000
0.000000
0.000000
0.000000
0.000000
0.100000
0.250000
1.600000
0.000000
0.000000
0.000000
0.200000
0.000000
0.400000
0.550000
2.800000
0.000000
0.600000
0.750000
3.600000
1.050000
4.500000
5.750000
16.000000
0.000000
0.000000
0.000000
0.000000
0.000000
0.000000
0.000000
0.000000
0.000000
0.000000
0.000000
0.000000
0.000000
0.300000
0.450000
2.400000
0.000000
0.000000
0.000000
0.200000
0.000000
0.600000
0.750000
3.600000
0.050000
0.800000
1.000000
4.400000
1.450000
5.800000
7.250000
19.200000
0.000000
0.000000
0.000000
0.600000
0.050000
0.900000
1.100000
4.800000
0.150000
1.200000
1.500000
6.000000
2.200000
7.900000
9.550000
24.000000
0.350000
2.000000
2.600000
8.800000
3.650000
11.300000
13.300000
31.600000
5.050000
14.400000
16.550000
38.200000
18.800000
42.800000
45.300000
96.000000
0.000000
0.000000
0.000000
0.000000
0.000000
0.000000
0.000000
0.000000
0.000000
0.000000
0.000000
0.400000
0.050000
0.700000
0.900000
4.000000
0.000000
0.000000
0.000000
0.600000
0.100000
1.000000
1.250000
5.200000
0.200000
1.400000
1.750000
6.600000
2.500000
8.600000
10.350000
25.600000
0.000000
0.000000
0.150000
1.200000
0.250000
1.500000
1.950000
7.200000
0.400000
2.200000
2.850000
9.400000
3.900000
11.900000
13.900000
32.800000
0.700000
3.400000
4.400000
13.000000
5.800000
16.100000
18.200000
41.600000
7.500000
19.700000
22.000000
49.200000
24.350000
53.900000
56.500000
118.400000
0.000000
0.300000
0.450000
2.400000
0.600000
3.000000
3.950000
12.000000
0.950000
4.300000
5.500000
15.400000
7.100000
18.800000
21.000000
47.200000
1.650000
6.400000
7.950000
20.600000
9.750000
24.400000
26.750000
58.800000
11.800000
28.600000
31.050000
67.400000
33.500000
72.300000
60.000000
155.200000
2.800000
9.300000
11.150000
27.200000
13.150000
31.300000
33.750000
72.800000
15.300000
35.700000
38.100000
81.600000
40.600000
86.600000
60.000000
184.000000
17.600000
40.300000
42.800000
91.000000
45.300000
96.000000
60.000000
202.800000
47.900000
101.200000
60.000000
213.200000
57.300000
120.000000
60.000000
448.000000
0.000000
0.000000
0.000000
0.000000
0.000000
0.000000
0.050000
0.800000
0.000000
0.100000
0.200000
1.400000
0.300000
1.800000
2.250000
8.000000
0.000000
0.200000
0.350000
2.000000
0.450000
2.400000
3.100000
10.000000
0.700000
3.400000
4.400000
13.000000
5.800000
16.100000
18.200000
41.600000
0.000000
0.500000
0.600000
3.000000
0.850000
3.900000
5.050000
14.400000
1.400000
5.600000
7.000000
18.600000
8.750000
22.300000
24.600000
54.400000
2.350000
8.200000
9.850000
24.600000
11.750000
28.500000
30.950000
67.200000
13.950000
32.900000
35.350000
76.000000
37.800000
81.000000
60.000000
172.800000
0.100000
1.100000
1.400000
5.600000
1.950000
7.200000
8.800000
22.400000
2.950000
9.700000
11.500000
28.000000
13.550000
32.100000
34.550000
74.400000
4.350000
12.900000
14.950000
35.000000
17.150000
39.400000
41.900000
89.200000
19.400000
44.000000
46.500000
98.400000
49.000000
103.400000
60.000000
217.600000
6.050000
16.600000
18.800000
42.800000
21.100000
47.400000
49.900000
105.200000
23.400000
52.000000
54.600000
114.600000
57.200000
119.800000
60.000000
250.400000
25.800000
56.900000
59.500000
124.400000
57.300000
120.000000
60.000000
270.000000
54.600000
114.600000
60.000000
240.000000
57.300000
120.000000
60.000000
582.400000
0.400000
2.200000
2.900000
9.600000
4.100000
12.300000
14.250000
33.600000
5.600000
15.600000
17.750000
40.600000
20.000000
45.200000
47.700000
100.800000
7.250000
19.200000
21.500000
48.200000
23.850000
52.900000
55.500000
116.400000
26.250000
57.800000
60.000000
126.200000
57.300000
120.000000
60.000000
273.600000
9.300000
23.400000
25.750000
56.800000
28.200000
61.700000
60.000000
134.000000
30.650000
66.600000
60.000000
143.800000
57.300000
120.000000
60.000000
308.800000
33.100000
71.500000
60.000000
153.600000
57.300000
120.000000
60.000000
328.800000
54.600000
114.600000
60.000000
240.000000
57.300000
120.000000
60.000000
700.800000
11.450000
27.900000
30.250000
65.800000
32.700000
70.700000
60.000000
152.000000
35.150000
75.600000
60.000000
162.000000
57.300000
120.000000
60.000000
345.600000
37.600000
80.600000
60.000000
172.000000
57.300000
120.000000
60.000000
365.600000
54.600000
114.600000
60.000000
240.000000
57.300000
120.000000
60.000000
774.400000
40.100000
85.600000
60.000000
182.000000
57.300000
120.000000
60.000000
385.600000
54.600000
114.600000
60.000000
240.000000
57.300000
120.000000
60.000000
814.400000
51.900000
109.200000
60.000000
229.200000
57.300000
120.000000
60.000000
480.000000
54.600000
114.600000
60.000000
240.000000
57.300000
120.000000
60.000000
1715.200000
0.000000
0.000000
0.000000
0.200000
0.000000
0.400000
0.550000
2.800000
0.000000
0.600000
0.750000
3.600000
1.050000
4.500000
5.750000
16.000000
0.100000
1.000000
1.200000
5.000000
1.700000
6.500000
8.050000
20.800000
2.600000
8.800000
10.550000
26.000000
12.550000
30.100000
32.550000
70.400000
0.300000
1.800000
2.250000
8.000000
3.150000
10.200000
12.100000
29.200000
4.500000
13.200000
15.250000
35.600000
17.450000
40.000000
42.500000
90.400000
6.200000
16.900000
19.100000
43.400000
21.400000
48.000000
50.500000
106.400000
23.700000
52.600000
55.200000
115.800000
57.300000
120.000000
60.000000
252.800000
0.650000
3.200000
4.150000
12.400000
5.550000
15.500000
17.650000
40.400000
7.150000
19.000000
21.200000
47.600000
23.550000
52.300000
54.900000
115.200000
9.100000
23.000000
25.350000
56.000000
27.800000
60.900000
60.000000
132.400000
30.250000
65.800000
60.000000
142.200000
57.300000
120.000000
60.000000
305.600000
11.300000
27.500000
29.850000
65.000000
32.300000
69.900000
60.000000
150.400000
34.800000
74.900000
60.000000
160.400000
57.300000
120.000000
60.000000
342.400000
37.250000
79.800000
60.000000
170.400000
57.300000
120.000000
60.000000
362.400000
54.600000
114.600000
60.000000
240.000000
57.300000
120.000000
60.000000
768.000000
1.350000
5.500000
6.900000
18.400000
8.650000
22.100000
24.400000
54.000000
10.600000
26.100000
28.450000
62.200000
30.900000
67.100000
60.000000
144.800000
12.700000
30.400000
32.850000
71.000000
35.250000
75.800000
60.000000
162.400000
37.700000
80.800000
60.000000
172.400000
57.300000
120.000000
60.000000
366.400000
14.950000
35.000000
37.450000
80.200000
39.900000
85.200000
60.000000
181.200000
42.400000
90.200000
60.000000
191.200000
57.300000
120.000000
60.000000
404.000000
45.000000
95.400000
60.000000
201.600000
57.300000
120.000000
60.000000
424.800000
54.600000
114.600000
60.000000
240.000000
57.300000
120.000000
60.000000
892.800000
17.300000
39.700000
42.200000
89.800000
44.700000
94.800000
60.000000
200.400000
47.300000
100.000000
60.000000
210.800000
57.300000
120.000000
60.000000
443.200000
49.900000
105.200000
60.000000
221.200000
57.300000
120.000000
60.000000
464.000000
54.600000
114.600000
60.000000
240.000000
57.300000
120.000000
60.000000
971.200000
49.200000
103.800000
60.000000
218.400000
57.300000
120.000000
60.000000
458.400000
54.600000
114.600000
60.000000
240.000000
57.300000
120.000000
60.000000
960.000000
51.900000
109.200000
60.000000
229.200000
57.300000
120.000000
60.000000
480.000000
54.600000
114.600000
60.000000
240.000000
57.300000
120.000000
60.000000
2112.000000
2.600000
8.800000
10.550000
26.000000
12.550000
30.100000
32.550000
70.400000
14.700000
34.500000
36.950000
79.200000
39.400000
84.200000
60.000000
179.200000
16.900000
38.900000
41.400000
88.200000
43.900000
93.200000
60.000000
197.200000
46.500000
98.400000
60.000000
207.600000
57.300000
120.000000
60.000000
436.800000
19.200000
43.600000
46.100000
97.600000
48.600000
102.600000
60.000000
216.000000
51.200000
107.800000
60.000000
226.400000
57.300000
120.000000
60.000000
474.400000
51.900000
109.200000
60.000000
229.200000
57.300000
120.000000
60.000000
480.000000
54.600000
114.600000
60.000000
240.000000
57.300000
120.000000
60.000000
1033.600000
21.600000
48.400000
50.900000
107.200000
53.500000
112.400000
60.000000
235.600000
54.600000
114.600000
60.000000
240.000000
57.300000
120.000000
60.000000
513.600000
51.900000
109.200000
60.000000
229.200000
57.300000
120.000000
60.000000
480.000000
54.600000
114.600000
60.000000
240.000000
57.300000
120.000000
60.000000
1112.000000
49.200000
103.800000
60.000000
218.400000
57.300000
120.000000
60.000000
458.400000
54.600000
114.600000
60.000000
240.000000
57.300000
120.000000
60.000000
960.000000
51.900000
109.200000
60.000000
229.200000
57.300000
120.000000
60.000000
480.000000
54.600000
114.600000
60.000000
240.000000
57.300000
120.000000
60.000000
2393.600000
24.050000
53.300000
55.900000
117.200000
57.300000
120.000000
60.000000
255.600000
54.600000
114.600000
60.000000
240.000000
57.300000
120.000000
60.000000
553.600000
51.900000
109.200000
60.000000
229.200000
57.300000
120.000000
60.000000
480.000000
54.600000
114.600000
60.000000
240.000000
57.300000
120.000000
60.000000
1192.000000
49.200000
103.800000
60.000000
218.400000
57.300000
120.000000
60.000000
458.400000
54.600000
114.600000
60.000000
240.000000
57.300000
120.000000
60.000000
960.000000
51.900000
109.200000
60.000000
229.200000
57.300000
120.000000
60.000000
480.000000
54.600000
114.600000
60.000000
240.000000
57.300000
120.000000
60.000000
2553.600000
46.500000
98.400000
60.000000
207.600000
57.300000
120.000000
60.000000
436.800000
54.600000
114.600000
60.000000
240.000000
57.300000
120.000000
60.000000
916.800000
51.900000
109.200000
60.000000
229.200000
57.300000
120.000000
60.000000
480.000000
54.600000
114.600000
60.000000
240.000000
57.300000
120.000000
60.000000
1920.000000
49.200000
103.800000
60.000000
218.400000
57.300000
120.000000
60.000000
458.400000
54.600000
114.600000
60.000000
240.000000
57.300000
120.000000
60.000000
960.000000
51.900000
109.200000
60.000000
229.200000
57.300000
120.000000
60.000000
480.000000
54.600000
114.600000
60.000000
240.000000
57.300000
120.000000
60.000000
5449.164922
