-3.157858
-2.245323
-1.707570
-2.205635
-0.427367
-0.542002
-0.654849
-1.595096
-2.002390
-0.267232
-2.862441
-2.524329
-0.648977
-0.778302
-1.055153
-1.036254
-0.028223
-0.856131
-0.379130
-1.408890
-2.222538
-2.551213
-1.359076
-1.434337
-0.353013
-0.108428
-0.040941
-1.188801
-0.603718
-1.162459
-1.702211
-0.534464
-2.393619
-0.700050
-2.220985
-0.076866
-0.375931
-1.907447
-0.670991
-0.773536
-1.438066
-0.904097
-2.091401
-3.562171
-0.664730
-0.539870
-3.631465
-0.384222
-3.329127
-4.976224
-0.927448
-0.051796
-0.448932
-1.196358
-0.204592
-1.121237
-0.620787
-2.075893
-0.919204
-1.368482
-0.497638
-2.573615
-1.455840
-2.566222
-1.354577
-0.623682
-0.562138
-2.880437
-0.563692
-3.238863
-2.310025
-0.041392
-2.076888
-0.192869
-0.928650
-0.192808
-0.892442
-1.111762
-2.661713
-0.222467
-1.179251
-0.100757
-0.570704
-0.774171
-1.018410
-2.697752
-0.680999
-0.612282
-1.110850
-0.852877
-2.635012
-0.134416
-0.730436
-2.244877
-0.371296
-1.616176
-1.012891
-0.442103
-0.054862
-2.367800
-0.087436
-0.734660
-2.292870
-1.730271
-0.855281
-1.856753
-0.272303
-1.177489
-0.046689
-1.878192
-3.849252
-0.419015
-0.682920
-2.028859
-0.352825
-0.947095
-0.034079
-3.902961
-3.894396
-1.328141
-2.012425
-3.047453
-1.109494
-1.442593
-3.068359
-0.042789
-0.859755
-0.627766
-0.298059
-5.392685
-0.123810
-1.374058
-0.161797
-3.620951
-0.782782
-1.972612
-0.944903
-1.088863
-0.495419
-2.098002
-0.488427
-0.639249
-0.667221
-1.078625
-0.222912
-0.309852
-1.226108
-2.999161
-3.623558
-0.890909
-4.924891
-1.809542
-2.474007
-1.629568
-0.256204
-0.050180
-4.868678
-0.028145
-1.211444
-1.718843
-1.629260
-6.155592
-0.621189
-2.837976
-2.382735
-1.721592
-1.969110
-2.406207
-1.627372
-0.075925
-1.167800
-4.984861
-0.304156
-1.782601
-1.948947
-3.560699
-1.065595
-2.028672
-0.909413
-1.271240
-1.667669
-1.632424
-0.679894
-3.217113
-1.484218
-0.668024
-1.276752
-5.233723
-2.867892
-2.270909
-2.085488
-0.237557
-1.016670
-0.203231
-5.497382
-0.709666
-0.010603
-2.057839
-0.130781
-0.333288
-0.878315
-0.878071
-0.380679
-0.718703
-0.768746
-0.206161
-5.191044
-1.501523
-1.147148
-2.465455
-0.840006
-3.361092
-0.804361
-1.634649
-0.588102
-0.579346
-0.069513
-2.000398
-0.045035
-3.037988
-1.416452
-0.588704
-1.542701
-0.563342
-3.117602
-0.017826
-1.317362
-0.029036
-1.505118
-1.458413
-0.757279
-1.670505
-0.290432
-0.170548
-1.128143
-0.120118
-1.339973
-4.375073
-0.693202
-1.303660
-1.034433
-1.287791
-0.764922
-0.060822
-1.776265
-0.782029
-0.580369
-0.816609
-1.117109
-0.106421
-2.295160
-2.353185
-5.817155
-1.727967
-2.152129
-0.147644
-1.790461
-1.098186
-0.085983
-2.414602
-0.332356
-2.076415
-4.263457
-0.461026
-1.174260
-1.789152
-1.004145
-3.239309
-0.283600
-1.843364
-0.530426
-1.944080
-1.474622
-2.410718
-0.257832
-1.301894
-0.073837
-0.895671
-2.266842
-1.850880
-0.048543
-4.626674
-0.223248
-2.410751
-0.172044
-1.940646
-1.682034
-0.588530
-1.873591
-2.902757
-0.447833
-2.093302
-2.349842
-2.250116
-2.312017
-2.453690
-0.374759
-2.733128
-1.078989
-1.073941
-0.358006
-0.710029
-1.919745
-2.185906
-0.972868
-3.329001
-0.348047
-0.696023
-2.034060
-5.971443
-2.652886
-3.521446
-0.104630
-2.819521
-1.456727
-2.998900
-0.229377
-0.670790
-1.588446
-3.473921
-2.113950
-1.909089
-3.158982
-0.450735
-0.660586
-0.450630
-0.862469
-0.328841
-1.213034
-0.879482
-0.731230
-0.680747
-0.016861
-1.032285
-0.712216
-0.331536
-0.724437
-0.083082
-0.518954
-0.826303
-2.487909
-0.131685
-0.626678
-0.433168
-0.313152
-1.296966
-0.039306
-3.580492
-0.461975
-0.787824
-1.076536
-0.696233
-0.254890
-0.965663
-2.138360
-0.244494
-2.988781
-2.521062
-0.483635
-0.531543
-0.961329
-0.218387
-0.456660
-1.282125
-1.536496
-0.228229
-0.696004
-0.004429
-1.190925
-0.122486
-0.525632
-0.238174
-3.452647
-1.251873
-0.022379
-0.321723
-0.515875
-3.532027
-2.220745
-1.557774
-4.657638
-1.295537
-2.332891
-3.756332
-2.196171
-0.318362
-2.209734
-0.162692
-0.296570
-0.912473
-0.299329
-3.707356
-1.703958
-0.287622
-1.305642
-1.886029
-1.894821
-1.254658
-0.296952
-0.850963
-0.143302
-0.880931
-1.916164
-1.240643
-1.663969
-2.885010
-1.782698
-4.525078
-2.487672
-1.095968
-1.387042
-2.643815
-4.344227
-0.182464
-1.613110
-2.617921
-0.093027
-4.694517
-2.537638
-1.715446
-0.885017
-1.046087
-0.034831
-0.206576
-0.795610
-2.123574
-1.542963
-1.211081
-1.511261
-0.074127
-2.815567
-5.317232
-0.972965
-1.146106
-0.402339
-0.051444
-7.307998
-1.533487
-0.012578
-5.148900
-0.609374
-1.115615
-3.092780
-1.976656
-3.550474
-1.306337
-2.205498
-2.060248
-0.706789
-2.401006
-1.063819
-0.737079
-0.180588
-1.806494
-2.649367
-0.410713
-0.335629
-1.306283
-1.061376
-0.303404
-0.431822
-1.514369
-1.542509
-3.515044
-0.971658
-2.870047
-2.441709
-0.701175
-2.970584
-1.418731
-1.701176
-3.004106
-0.811490
-0.107053
-3.723369
-0.447666
-0.023988
-2.168992
-2.461917
-0.531282
-2.637846
-0.119496
-0.105491
-1.423034
-0.866362
-0.993136
-1.319080
-1.530307
-1.514500
-3.474910
-0.754147
-0.476731
-1.186823
-0.505740
-2.024028
-0.100596
-4.515675
-0.615198
-1.361696
-3.336166
-0.009836
-0.415471
-1.373152
-4.294939
-1.999022
-3.443868
-2.557743
-0.336929
-2.357491
-2.746300
-0.502166
-0.217085
-1.881974
-0.596732
-2.870804
-0.418445
-2.020861
-1.458343
-4.226916
-1.444330
-1.308767
-1.228865
-2.587455
-1.279462
-3.377575
-0.870020
-0.908787
-1.729836
-0.177995
-2.563469
-0.443926
-3.068602
-0.013843
-1.481119
-0.251242
-2.072139
-2.359398
-0.406194
-0.721650
-1.725732
-0.498391
-0.870003
-2.490152
-0.849543
-0.859585
-3.078324
-4.650655
-3.250553
-1.790356
-0.314315
-0.824553
-0.766355
-0.631693
-0.062000
-1.180158
-2.610965
-0.814047
-0.449064
-0.190526
-3.460465
-1.613273
-0.262919
-0.651635
-2.834740
-2.212428
-0.111981
-1.141878
-0.448029
-0.500142
-0.221337
-0.827509
-0.027095
-1.492515
-2.117233
-0.150268
-2.394323
-1.220954
-0.089610
-0.299727
-0.194231
-0.536685
-0.690497
-1.378704
-1.759745
-2.606447
-0.207888
-4.523897
-1.965706
-2.680582
-3.660914
-1.250246
-0.610810
-2.697389
-1.045220
-0.154196
-0.457086
-1.588658
-0.749378
-4.055824
-0.011145
-1.210061
-0.048879
-0.469201
-1.117071
-2.040020
-1.527503
-1.361157
-0.745047
-2.759880
-8.232252
-2.419230
-0.504457
-3.314550
-0.972235
-4.185091
-3.704929
-1.830766
-0.495703
-0.570266
-1.190617
-0.444749
-0.162773
-2.778335
-2.350519
-0.015350
-1.046891
-0.356229
-1.540464
-0.235581
-1.886182
-0.009577
-1.648515
-0.596924
-0.579871
-0.193394
-0.585274
-0.048134
-1.886617
-3.194021
-1.337846
-4.722631
-0.569131
-1.603446
-3.061647
-6.458798
-0.512435
-0.607640
-1.929904
-0.942015
-0.571154
-0.001068
-1.563439
-0.633242
-1.399753
-0.393355
-1.210350
-0.764655
-0.536105
