-0.402047
-0.023908
-2.685492
-0.633072
-0.537318
-1.349896
-3.803321
-0.345908
-1.215852
-1.127283
-1.681900
-1.387754
-7.014072
-1.610450
-4.033311
-0.421959
-0.295390
-0.148241
-0.625127
-3.555022
-0.277556
-3.115048
-1.428271
-5.171212
-2.276440
-2.993769
-1.353150
-3.588815
-2.304851
-0.264357
-0.601056
-0.454927
-1.322417
-1.452602
-0.850215
-1.601286
-3.091287
-0.706207
-2.979960
-3.628914
-2.039915
-2.364742
-0.511362
-0.699791
-0.674457
-0.223579
-3.409090
-1.877452
-3.045009
-0.686954
-1.837332
-1.315667
-2.630374
-2.353600
-0.242997
-1.602532
-2.734899
-3.261206
-2.046318
-3.391672
-1.282883
-2.018700
-1.039965
-0.805533
-1.309628
-1.151102
-0.319187
-3.397174
-0.117492
-1.176627
-0.967602
-0.341917
-3.863093
-0.706816
-1.586187
-0.104846
-3.654357
-0.874809
-0.664548
-0.957455
-4.295437
-0.823074
-3.106534
-0.526791
-0.331100
-1.441607
-0.093697
-0.133518
-0.052678
-2.976019
-0.539493
-4.098147
-0.965271
-2.087929
-1.764635
-0.624934
-1.781226
-0.695716
-3.089017
-2.549860
-0.754443
-1.172911
-0.238745
-2.673527
-3.143656
-0.701768
-2.845526
-0.291501
-5.507813
-0.116528
-3.294241
-0.193226
-0.363167
-3.480870
-1.707978
-0.717087
-0.008928
-0.366400
-1.595391
-4.536537
-0.752658
-3.362950
-3.138324
-0.139152
-1.363352
-3.063808
-0.841301
-3.495970
-0.754576
-0.898798
-0.886334
-0.863073
-0.446436
-0.827067
-0.022903
-0.743668
-0.117563
-3.376786
-1.646994
-1.519798
-1.211888
-0.685071
-2.349589
-3.051871
-0.702953
-2.195824
-0.974650
-2.850872
-1.382522
-0.923483
-0.094893
-1.325877
-0.395662
-7.194976
-3.344374
-0.798391
-0.789142
-1.160015
-2.246279
-1.509878
-0.527188
-2.179547
-0.532499
-0.030394
-0.829110
-0.787862
-4.893782
-1.019926
-1.139882
-0.616332
-3.105681
-3.331128
-0.841010
-0.283554
-2.689853
-0.402926
-1.688519
-0.617896
-1.981956
-0.016704
-1.276525
-0.787003
-1.378787
-0.638134
-0.455846
-3.139458
-2.665468
-2.187635
-2.496239
-1.037506
-0.665096
-0.425621
-0.525974
-1.008442
-0.661209
-1.789848
-0.685122
-1.136305
-3.104307
-0.450506
-0.811125
-3.171074
-0.101439
-3.361714
-0.633815
-0.177561
-0.484429
-4.947831
-4.780544
-0.768853
-1.470632
-0.874401
-0.247167
-0.873752
-0.990837
-1.360472
-2.377494
-1.554536
-1.218128
-1.113576
-3.968274
-2.026828
-1.416792
-8.511830
-1.747600
-0.279957
-0.852846
-0.420601
-1.099038
-3.138200
-0.894185
-0.669172
-3.773971
-2.988122
-0.399400
-0.812094
-2.437799
-3.791772
-1.039891
-0.879243
-0.581572
-0.443612
-0.379892
-4.385181
-8.111768
-0.840324
-1.200237
-4.709957
-1.644919
-2.904627
-0.112778
-0.478865
-0.194256
-0.350504
-1.493885
-0.738158
-1.538194
-0.051033
-0.348297
-1.978892
-0.025776
-4.148584
-0.354345
-2.948009
-1.620198
-0.142295
-3.452892
-3.405326
-0.099275
-0.277991
-0.308742
-3.348882
-1.286291
-2.393623
-0.227338
-1.144813
-4.241962
-0.361062
-1.669700
-1.053345
-3.358294
-2.681134
-0.190659
-0.410364
-1.078633
-0.304273
-0.425151
-0.206228
-0.452230
-0.107384
-0.416728
-0.875181
-2.484959
-2.065194
-0.332673
-1.216339
-2.297098
-0.962273
-0.754808
-0.690022
-0.450980
-0.506556
