-1.746640
-0.728209
-1.382682
-0.070207
-2.890726
-0.864425
-2.628253
-0.041000
-2.854118
-1.899015
-0.784934
-2.321320
-4.015584
-0.458969
-3.494613
-0.253487
-1.516625
-1.453591
-0.147371
-0.444765
-2.492034
-1.370091
-4.182121
-1.052864
-1.796817
-0.580047
-8.965588
-2.042085
-0.999340
-0.658852
-1.747887
-0.823185
-0.070149
-3.258502
-2.594205
-1.160801
-0.933089
-2.947565
-0.452334
-3.576897
-2.005964
-2.449882
-0.696760
-1.760146
-3.032654
-0.388086
-0.566102
-0.591916
-3.602368
-1.192931
-0.786827
-4.086127
-4.103763
-0.065429
-6.195464
-1.285331
-1.046712
-2.748678
-1.315398
-2.007191
-0.423181
-0.356300
-0.431236
-2.368010
-1.448273
-3.077323
-1.183150
-0.468724
-0.588770
-2.132189
-2.135125
-1.053567
-3.339704
-0.560287
-1.588734
-0.011922
-0.481882
-0.950097
-1.322178
-0.479272
-1.744500
-2.340777
-0.191985
-1.938894
-1.879261
-4.474352
-0.260298
-3.950483
-1.354710
-0.173661
-1.387756
-1.007223
-4.117311
-0.579966
-1.061125
-0.460513
-3.364140
-5.813472
-0.995740
-3.185798
-2.401304
-0.667795
-0.153354
-5.279612
-1.905746
-0.457612
-3.286198
-0.231740
-1.529932
-0.613066
-1.377689
-1.285736
-0.518625
-0.778917
-0.205822
-1.891958
-0.043583
-1.650388
-0.313369
-1.915416
-2.435336
-0.818435
-1.900477
-1.648350
-0.158331
-2.398518
-1.211793
-3.358675
-3.750253
-0.958788
-1.247419
-4.654274
-3.692243
-1.295286
-0.299545
-0.491734
-1.027829
-2.154796
-2.249681
-0.821656
-1.661330
-0.832408
-3.597084
-1.854229
-1.441261
-1.959249
-0.189997
-0.624358
-0.622536
-1.495293
-5.706224
-1.853244
-3.034152
-1.054890
-3.448579
-0.016902
-1.733772
-0.040151
-4.133089
-1.446891
-0.537453
-1.385955
-1.461555
-4.721541
-0.708945
-3.719304
-0.961178
-2.617968
-0.559398
-2.521198
-0.629631
-2.014031
-1.044638
-0.718796
-1.105927
-1.142637
-1.566281
-0.566618
-0.575474
-7.067358
-1.102651
-1.526901
-0.022609
-0.480525
-2.843391
-0.084952
-1.933796
-0.013069
-2.111417
-2.584494
-0.365315
-0.318265
-1.349683
-1.738229
-1.869490
-0.402310
-2.276165
-2.384646
-0.200694
-0.054846
-0.902914
-0.277500
-3.749640
-0.301129
-1.639232
-0.690839
-1.377513
-0.881707
-3.363676
-1.392273
-2.523773
-2.833771
-4.630266
-0.605079
-0.486208
-1.555464
-1.890066
-0.132163
-0.568001
-1.021680
-0.266509
-0.472396
-2.805677
-3.158767
-0.933007
-1.143213
-0.010646
-0.655908
-1.186128
-0.816706
-0.435339
-0.184419
-3.290360
-0.236083
-0.238278
-0.236302
-1.429397
-2.103823
-0.736883
-3.064998
-0.562268
-1.385951
-1.983032
-0.634389
-3.357931
-0.575535
-0.294264
-1.274770
-1.513644
-2.240560
-0.572809
-1.609817
-0.052535
-2.431765
-0.373082
-0.067918
-1.943419
-0.008464
-1.530967
-2.753553
-2.842737
-1.246526
-1.665643
-2.592257
-2.507423
-0.076164
-0.277998
-1.390239
-1.039680
-1.112849
-3.507212
-2.573355
-0.420831
-0.750883
-2.962099
-1.632904
-0.153501
-0.115855
-0.699530
-0.929978
-3.441014
-2.527747
-1.539448
-0.187091
-2.361047
-0.568956
-2.107199
-0.170353
-1.452957
-3.118761
-0.929856
-0.494546
-0.600354
-2.712074
-0.976419
-0.254117
-0.845720
-1.595472
-2.219521
-1.680828
-1.545878
-0.773059
-0.105008
-2.303038
-3.737826
-0.402447
-0.278918
-1.060327
-2.904644
-0.311400
-0.885876
-0.556889
-0.580089
-0.178700
-0.844891
-0.776848
-1.145912
-0.303899
-0.662075
-1.006837
-3.589225
-2.415642
-0.252910
-0.023358
-0.218831
-0.364714
-1.712298
-0.556873
-0.465043
-0.463724
-0.243968
-0.024139
-3.954278
-1.473283
-3.022149
-5.742865
-0.223359
-0.037357
-2.420903
-0.907940
-0.267703
-0.758413
-5.823069
-0.027351
-1.590423
-2.667165
-0.655136
-1.319341
-1.456140
-1.658164
-1.260720
-1.006282
-3.828032
-4.452149
-0.316611
-1.707946
-0.535524
-0.514261
-0.720632
-1.043939
-0.064778
-3.804255
-0.141136
-0.670689
-3.575221
-3.404254
-0.918708
-0.648430
-3.311633
-1.680069
-0.131717
-2.546608
-1.540656
-2.034380
-0.808967
-3.789998
-0.068192
-3.947787
-1.859759
-3.686613
-1.451135
-0.403446
-0.449720
-0.330806
-6.026265
-0.780281
-0.751754
-1.401490
-1.865493
-0.099027
-7.063757
-0.811407
-0.778967
-2.295610
-4.686497
-0.825788
-1.907723
-3.620697
-0.339831
-3.404959
-1.301608
-0.723451
-0.389676
-0.575828
-1.745062
-0.326597
-1.152713
-0.190503
-0.095600
-6.147710
-0.175334
-0.245562
-2.562776
-1.026448
-1.422929
-0.091855
-2.905359
-0.656997
-0.729050
-0.900642
-2.217387
-2.750645
-2.267649
-1.076404
-3.097299
-4.041466
-2.884751
-0.904086
-0.469352
-1.634181
-0.930869
-2.829747
-0.655297
-4.511552
-0.234911
-2.107457
-1.061226
-1.186748
-0.428684
-0.834091
-3.212244
-1.774669
-0.379708
-1.593677
-0.268709
-0.043965
-1.464761
-6.010091
-2.107272
-1.703200
-5.411404
-0.129948
-0.157178
-2.797794
-0.940545
-0.279637
-1.865079
-0.733488
-1.682458
-0.657009
-5.049933
-1.387522
-1.039772
-7.439702
-1.670137
-2.244319
-1.819383
-2.795606
-1.112878
-0.037431
-2.378577
-2.299223
-1.158597
-0.957131
-0.447594
-1.025573
-1.165711
-3.786714
-2.580422
-1.141653
-2.177906
-3.287860
-2.271485
-3.090722
-1.749121
-1.186138
-1.207043
-2.145941
-4.072399
-2.722501
-2.705814
-2.904601
-0.111651
-0.548290
-0.600241
-0.485964
-0.340875
-0.222637
-2.183090
-0.135540
-4.100141
-0.996015
-4.098145
-0.659580
-1.753934
-0.764859
-1.265957
-2.050857
-0.428542
-1.225591
-0.287876
-1.596424
-3.928651
-0.517443
-0.916050
-0.520536
-2.983577
-0.163636
-0.693308
-0.377543
-1.013197
-0.250623
-2.429949
-0.500660
-0.790897
-0.552206
-2.802972
-0.685283
-0.347031
-0.212306
-0.166890
-5.218429
-0.330767
-0.294596
-1.555275
-0.274933
-2.037637
-4.115116
-0.044627
-0.825039
-2.006995
-2.438929
-5.968691
-4.013510
-1.987710
-4.131947
-0.389446
-1.719507
-0.812225
-0.007827
-1.527137
-0.936803
-1.234918
-0.548454
-2.403619
-0.142411
-0.451592
-1.169978
-2.283820
-3.572179
-2.695675
-0.660873
-0.358880
-0.536567
-0.171210
-2.516268
-0.718732
-0.268570
-0.226228
-4.750578
-2.525213
-0.060455
-2.839059
-1.441061
-1.071133
-1.562074
-0.913519
-0.093873
-0.941694
-0.622830
-1.198339
-0.089285
-1.664390
-0.908355
-3.348729
-1.093054
-1.548104
-2.050828
