-0.368893
-0.507275
-1.480049
-2.678378
-1.743335
-0.273702
-0.362645
-1.708969
-1.380267
-0.365513
-4.346982
-0.697880
-1.850671
-1.275838
-0.869789
-0.358114
-2.030523
-2.576543
-0.536181
-1.276172
-2.064039
-1.451144
-3.574132
-1.384393
-1.850002
-1.056910
-0.832259
-2.079106
-0.030310
-0.705742
-1.895348
-0.222291
-0.198546
-4.483174
-0.921196
-1.962279
-0.068273
-0.297543
-1.489404
-0.958846
-1.365521
-0.193170
-2.022786
-0.056100
-0.289080
-0.980510
-0.750024
-1.938577
-3.474125
-0.527272
-0.484509
-0.255833
-0.449399
-2.319570
-0.919587
-1.771425
-0.093992
-0.333667
-2.366085
-4.492495
-1.153697
-1.199134
-1.469170
-1.114284
-1.509780
-2.745881
-1.827907
-1.597315
-3.647460
-0.784140
-2.668101
-0.159685
-1.555208
-0.198982
-0.113053
-0.243493
-3.203201
-0.840930
-3.357065
-0.719600
-2.226729
-1.225881
-2.477931
-0.491837
-1.103924
-0.673920
-0.323337
-2.045057
-0.030643
-3.624597
-0.392321
-1.500029
-1.777840
-0.033586
-0.253694
-0.198862
-1.640259
-0.409957
-1.111012
-0.211582
-0.731004
-1.607091
-0.757018
-1.572975
-0.283097
-3.892432
-1.711187
-5.312796
-2.672496
-1.172101
-0.299041
-2.921022
-0.861307
-0.092767
-1.058257
-0.249306
-1.918117
-2.481003
-1.693180
-0.580498
-2.700421
-1.703273
-1.357920
-1.013390
-1.268507
-0.890695
-0.521038
-5.586946
-0.379884
-0.040474
-0.707249
-3.559449
-2.609348
-1.040761
-1.408101
-0.585209
-1.948579
-4.755631
-1.532158
-1.129579
-1.709617
-1.780343
-1.306889
-0.345280
-0.757970
-0.671555
-3.729182
-5.741555
-0.082725
-0.515591
-1.845963
-0.055310
-0.576659
-1.509791
-0.670385
-2.755630
-0.391440
-0.677301
-2.573156
-2.560309
-0.150218
-0.017637
-1.070070
-1.582151
-0.971917
-0.950992
-0.472438
-2.116867
-0.315486
-0.367413
-2.393163
-0.043623
-1.220004
-2.183094
-0.951965
-0.347094
-4.598148
-0.313504
-0.725261
-0.848362
-1.702614
-1.199713
-2.461497
-0.370815
-1.110713
-2.047445
-0.103206
-0.676275
-4.531536
-0.279010
-4.319575
-2.579382
-0.893521
-0.728399
-0.736511
-0.066048
-0.719915
-0.096722
-1.169493
-0.043529
-2.152635
-1.579682
-1.497666
-0.266517
-1.701033
-0.646039
-1.805862
-0.538331
-0.191829
-0.707609
-0.022735
-2.776647
-4.949529
-0.415530
-2.979461
-4.872360
-1.506787
-1.299179
-2.468119
-3.987608
-1.984768
-0.485458
-0.017081
-3.542768
-1.108914
-0.064635
-1.721493
-1.567704
-1.652997
-1.258484
-0.237892
-1.509594
-0.204764
-0.944701
-5.080328
-2.907346
-0.446062
-1.173210
-0.076255
-1.505941
-1.753411
-0.026709
-2.602206
-3.097526
-0.351451
-2.032407
-0.610763
-0.028839
-0.061913
-0.696618
-2.551261
-2.502434
-0.245646
-0.388109
-1.112291
-0.590149
-1.545281
-1.138272
-0.570115
-3.030696
-3.764025
-0.548899
-0.052286
-2.299140
-0.560007
-0.358905
-2.330483
-2.715722
-3.277985
-0.885236
-0.567239
-1.179812
-1.219512
-0.335912
-0.059482
-1.737472
-3.922327
-0.036164
-0.219082
-1.574494
-1.239746
-1.946463
-0.690388
-3.999648
-0.045460
-0.158543
-2.185632
-2.934893
-0.689942
-3.249572
-1.218616
-0.630132
-0.497825
-3.138697
-0.024794
-0.784185
-2.065831
-0.338541
-0.187278
-1.880944
-0.442007
-2.570105
-3.454280
-0.596124
-3.143568
-0.117941
-1.743903
-0.922417
-0.715237
-0.208645
-0.491869
-0.166512
-1.525367
-0.174748
-1.307514
-1.058053
-0.096063
-2.580064
-3.615230
-2.765998
-1.596951
-0.835833
-0.920444
-2.071888
-0.771473
-1.036436
-0.982393
-3.651684
-1.622987
-2.016989
-0.264894
-1.255827
-1.037768
-1.611141
-0.781113
-0.134357
-0.666021
-1.221375
-0.589256
-0.861831
-0.417541
-1.655794
-2.910252
-3.650933
-0.910105
-0.657186
-0.278486
-0.096076
-1.884867
-2.638178
-7.510302
-0.611746
-1.665410
-3.590989
-0.105087
-0.814544
-1.425300
-1.361966
-0.437249
-1.719176
-7.639660
-0.525035
-0.319487
-0.196500
-2.925224
-0.195889
-0.406840
-0.876682
-0.415066
-0.235197
-0.131485
-0.213813
-1.388006
-0.940906
-0.904954
-3.365025
-0.007924
-1.500580
-0.163419
-1.003284
-0.424844
-0.349248
-0.892404
-1.019315
-0.776967
-0.256199
-0.779739
-0.006304
-1.535652
-1.917312
-3.003617
-0.193576
-0.291966
-1.021657
-1.666182
-0.318820
-0.415266
-2.074157
-0.004818
-0.094223
-3.837568
-1.516850
-3.121086
-2.621185
-0.388173
-0.823976
-0.170054
-0.497436
-2.979878
-0.101773
-4.664400
-0.338252
-2.412373
-0.987195
-1.582421
-2.824297
-0.783922
-2.959521
-2.926785
-0.396786
-0.314373
-0.287501
-0.545205
-0.538258
-0.196222
-0.061426
-2.589658
-1.198506
-1.322350
-1.079449
-2.433192
-2.418233
-2.646017
-1.430588
-0.007810
-3.024839
-3.510291
-3.051250
-1.549197
-0.655084
-0.257209
-0.705892
-2.387945
-2.469529
-1.583718
-1.240001
-1.632535
-0.763394
-0.349803
-1.945407
-0.774368
-1.577179
-2.275812
-0.597051
-0.716918
-0.374958
-1.181543
-1.609360
-2.285892
-0.423416
-0.971452
-0.675022
-2.220477
-0.037982
-0.487312
-1.746544
-0.670599
-0.070474
-0.190218
-0.977880
-2.836932
-1.946131
-2.530616
-0.148123
-0.285708
-1.966699
-0.818011
-2.519025
-0.864895
-0.445860
-0.580460
-0.356664
-1.005405
-0.242121
-4.005711
-1.258816
-0.254531
-0.921211
-0.290339
-4.485326
-1.324412
-1.303682
-2.728011
-0.424578
-1.535065
-2.674004
-0.160662
-0.447442
-1.807018
-1.119319
-0.503027
-1.074728
-1.006014
-1.651089
-1.782120
-0.079924
-1.311166
-0.648595
-0.549431
-2.247160
-1.254434
-0.105599
-2.685791
-4.560332
-0.147885
-1.614583
-0.145084
-0.477814
-0.564893
-0.338303
-0.348367
-0.086179
-1.473898
-0.797416
-0.555557
-1.386136
-0.554758
-2.265206
-1.184772
-0.577864
-0.107122
-0.342747
-0.082304
-2.848403
-1.273022
-1.236676
-0.479416
-0.330280
-0.543097
-1.016127
-2.154197
-1.729399
-0.999123
-0.529182
-0.716742
-0.701473
-0.415529
-0.068425
-0.777126
-0.059890
-0.421500
-0.177538
-2.091474
-1.929972
-0.517000
-0.673355
-2.401899
-0.163114
-1.089758
-0.148860
-0.040683
-0.138333
-0.298631
-0.268877
-2.539461
-0.373500
-0.170963
-0.336065
-3.683494
-0.012579
-1.450387
-1.476382
-2.435101
-1.233346
-1.439923
-0.930856
-0.692183
-1.029078
-1.115901
-1.592118
-0.824181
-0.122718
-1.742164
-0.014008
-0.044326
-1.024439
-0.103172
-3.368096
-2.874908
-0.604017
-1.160691
-1.478676
-3.354007
-0.439509
-2.795941
-1.300917
-0.824745
-0.752517
-0.058581
-2.084274
-0.857488
-0.186230
-0.300858
-0.239692
-0.799036
-0.444460
-2.428836
-0.280654
-1.265330
-0.221081
-0.805802
-1.439717
-2.514665
-0.422138
-1.499986
-0.335536
-0.605504
-4.413679
-2.573530
-0.030042
-0.283886
-1.294185
-0.801549
-1.366435
-0.428535
-1.377672
-1.796214
-0.075512
-0.665464
-0.038412
-0.802800
-5.383152
-1.038508
-0.741887
-2.510997
-0.601111
-0.962835
-0.566872
-0.412971
-1.772007
-0.949433
-3.715883
-0.455201
-1.004772
-0.153640
-0.020704
-0.937654
-0.922431
-0.247937
-4.466186
-1.092931
-0.933949
-1.432194
-0.476495
-1.670887
-2.180241
-1.620971
-0.102586
-1.988841
-0.202446
-3.306109
-0.294625
-5.093212
-1.116983
-3.008524
-0.313718
-0.184470
-0.253733
-1.038968
-1.459782
-3.075134
-1.387606
-1.643308
-0.807943
-0.215283
-0.995689
-0.105912
-2.653177
-1.575932
-0.866818
-1.458501
-1.170417
-1.286623
-1.372548
-2.322863
-4.106923
-2.528773
-0.311235
-1.182473
-5.823942
-0.899236
-0.468853
-2.710968
-0.422578
-2.215533
-2.664565
-1.888261
-0.941820
-0.067567
-0.261723
-0.227224
-0.067160
-0.925866
-0.911856
-2.596350
-0.199956
-2.925335
-2.568666
-3.857487
-0.404139
-0.700122
-2.233171
-0.616430
-3.532588
-1.032047
-0.040663
-2.225093
-1.188835
-0.350514
-1.402085
-0.456062
-2.180131
-0.200457
-0.262785
-0.256377
-1.195902
-3.109480
-1.056116
-0.233371
-1.045967
-3.506872
-0.996893
-0.311493
-1.063556
-1.277917
-1.369096
-0.382513
-6.986422
-2.550182
-3.515229
-3.111097
-0.024029
-1.042119
-1.772951
-3.657361
-1.568809
-3.520147
-3.954341
-1.308826
-1.281730
-3.273169
-3.587269
-3.291022
-1.374797
-2.131492
-3.461915
-0.728434
-0.175314
-0.514518
-1.752240
-3.257537
-2.763938
-2.165714
-5.237885
-3.009719
-4.024329
-0.426754
-1.587118
-1.779171
-0.883256
-0.565366
-3.817202
-0.888862
-0.294558
-0.900620
-2.860539
-0.472170
-0.123910
-2.224705
-1.123025
-0.205850
-3.323617
-0.911600
-0.616842
-2.729385
-0.144227
-2.431791
-2.024537
-0.350103
-4.100362
-0.501660
-0.265446
-2.214772
-0.035604
-2.403300
-2.246749
-2.991272
-2.075558
-0.264970
-0.750420
-1.229522
-0.157030
-5.675593
-1.852679
-2.064106
-0.861846
-1.523976
-0.601535
-0.697201
-0.356704
-1.231073
-0.595952
-2.277411
-0.314402
-0.132537
-0.020714
-0.870059
-0.704607
-3.449202
-0.513211
-0.323205
-1.116034
-0.232319
-0.742868
-0.669633
-1.074107
-1.029830
-0.423309
-0.535331
-0.223848
-1.631062
-0.275727
-0.208563
-0.553617
-0.279650
-0.231633
-0.190549
-4.035449
-0.282659
-0.043528
-3.157567
-0.000458
-1.166466
-1.675167
-1.168092
-1.455630
-0.537336
-1.733772
-0.667948
-4.525238
-0.491356
-2.713023
-0.405395
-0.045184
-1.756852
-0.305509
-1.036062
-0.943979
-1.013078
-0.206061
-1.129206
-2.867024
-0.111135
-0.009447
-0.261240
-2.185582
-0.343409
-1.175496
-1.734361
-1.160913
-0.987906
-0.458089
-3.429839
-0.812110
-0.491810
-0.913153
-1.049191
-0.288917
-1.793848
-0.572359
-2.430144
-2.478997
-0.526854
-0.539575
-0.844922
-3.866498
-1.716379
-0.685146
-1.223536
-0.898411
-1.646886
-0.725379
-0.304877
-0.359184
-2.350888
-0.278529
-1.578841
-1.420935
-1.510649
-3.961357
-0.193955
-0.062402
-3.035109
-0.067607
-1.042192
-2.572221
-0.771051
-0.080120
-0.656915
-1.183860
-0.763391
-1.196656
-2.219410
-1.058335
-0.000864
-1.587100
-0.001370
-0.445849
-2.950593
-1.408849
-5.589179
-3.184739
-0.934596
-0.100672
-1.108506
-2.538735
-1.546922
-0.388088
-3.016723
-1.204556
-1.926813
-0.366020
-0.346199
-0.307695
-0.294594
-1.135686
-0.559759
-0.944822
-0.940991
-1.615869
-0.211243
-1.431288
-0.997798
-3.226645
-0.715850
-0.643059
-0.830666
-0.008488
-2.143637
-0.884536
-1.494090
-1.928862
-1.564238
-1.461512
-1.013005
-1.189300
-0.555224
-1.736949
-0.883550
-2.903193
-0.769193
-2.335159
-0.338047
-0.466565
-0.211549
-1.091221
-0.349508
-0.327115
-0.493592
-3.488321
-0.180459
-0.943800
-1.258101
-0.472901
-3.811895
-0.612084
-0.567357
-0.159681
-1.073335
-2.242276
-0.878670
-2.904133
-4.483868
-1.099094
-0.141548
-4.530342
-1.407364
-0.514591
-2.799858
-0.806239
-2.148500
-0.105840
-0.643891
-2.687454
-1.798177
-1.469346
-0.183340
-0.089358
-0.975084
-2.490271
-1.518411
-0.812145
-0.871041
-2.451231
-2.755196
-7.825531
-1.381698
-1.934254
-0.318312
-0.306524
-1.971212
-2.417705
-0.031246
-0.811712
-0.032475
-2.006683
-0.681106
-0.083864
-0.592204
-3.475836
-2.592597
-1.762214
-0.239784
-1.675903
-2.075297
-0.245632
-3.389655
-9.594800
-0.596213
-1.492342
-2.979132
-2.894909
-0.440327
-1.992090
-0.017808
-2.699844
-0.218403
-0.388722
-1.256533
-3.722561
-0.719479
-2.710589
-4.515671
-4.041977
-1.445066
-0.764199
-2.835914
-2.138644
-1.551731
-0.303346
-1.204257
-0.711511
-1.412569
-0.851100
-1.358963
-0.677342
-2.274502
-0.385772
-2.868950
-0.876603
-0.959271
-0.456160
-0.713805
-3.006738
-3.030070
-0.351993
-1.158674
-2.024256
-1.153803
-0.447484
-0.388655
-3.504893
-1.747381
-0.562306
-0.425692
-0.231050
-0.221309
-0.337043
-2.563225
-0.076885
-0.324334
-0.223511
-0.594277
-0.494045
-5.329097
-1.919995
-2.319391
-1.303870
-0.453641
-1.534456
-2.844328
-0.911541
-1.718297
-2.373195
-1.470642
-0.946278
-0.018930
-0.501232
-2.262036
-2.203962
-0.912929
-0.776802
-0.190452
-1.662276
-0.146208
-0.052042
-0.754935
-0.418399
-1.277878
-0.009959
-1.236614
-0.521856
-3.015269
-0.108963
-2.438652
-2.719849
-0.867851
-0.137163
-0.859878
-2.592268
-5.252516
-3.060159
-2.847659
-1.618130
-1.812695
-1.516624
-2.776302
-1.034826
-0.399396
-1.420737
-2.534131
-0.957711
-0.368293
-1.360073
-1.661768
-4.418406
-0.248659
-1.951343
-1.342668
-0.113992
-0.655585
-0.104887
-0.566036
-1.392787
-1.873523
-0.511063
-0.058563
-0.193359
-0.345909
-0.370764
-1.211852
-2.444606
-1.629611
-1.963730
-3.177747
-0.706014
-2.122044
-0.128978
-2.155430
-3.239097
-0.574820
-0.184938
-0.513483
-1.017634
-1.405201
-1.734441
-2.836977
-1.864150
-0.228926
-0.918565
-1.730046
-2.409919
-1.233546
-2.939881
-1.185413
-0.513032
-3.033268
-1.523789
-1.647080
-5.711509
-3.251091
-0.309347
-0.108062
-0.458055
-1.227364
-4.105874
-0.848754
-1.093014
-0.279069
-4.486684
-0.536271
-0.696350
-2.072102
-0.376381
-0.773799
-1.832850
-0.549981
-1.522544
-0.639401
-0.943793
-3.280828
-0.734724
-0.482829
-1.932733
-0.668065
-2.615055
-1.940541
-0.295823
-0.711604
-2.703187
-1.279577
-0.021327
-0.138753
-0.685784
-0.543470
-5.712805
-2.969690
-0.064450
-0.369611
-3.598366
-0.580856
-1.807866
-1.788827
-0.733666
-0.093973
-2.488598
-0.372208
-0.573657
-1.191104
-1.740071
-1.330125
-0.632358
-2.959179
-1.698920
-1.267558
-0.455246
-3.402239
-2.197617
-1.575517
-0.201556
-0.171269
-1.172929
-1.134468
-1.919457
-0.059146
-0.728337
-4.850971
-0.243193
-0.047275
-0.859829
-0.939442
-1.613316
-0.652215
-1.697259
-0.348415
-1.193642
-0.985917
-0.492313
-2.073945
-0.856292
-0.656370
-1.687937
-2.148806
-1.744213
-2.459882
-1.270406
-1.113578
-1.966899
-0.360090
-2.645767
-0.069120
-0.477974
-1.482431
-0.035144
-0.685541
-5.028456
-1.050662
-3.138841
-1.767812
-0.537192
-0.215285
-0.442624
-0.061341
-3.818352
-0.307185
-0.847379
-1.407991
-0.880614
-0.975178
-0.257541
-0.021769
-0.771922
-3.131808
-1.556144
-2.567724
-0.409197
-0.881513
-0.097550
-0.778600
-0.883143
-0.037512
-0.386575
-2.886243
-0.444773
-0.333179
-1.423293
-2.520330
-0.424809
-2.484843
-0.624065
-0.035836
-0.363737
-0.453925
-0.999177
-1.509047
-1.784075
-0.541355
-1.400621
-0.671606
-1.309406
-1.280265
-1.606381
-4.182154
-1.430287
-0.861703
-0.926327
-0.245449
-2.959435
-1.118369
-0.464659
-0.586213
-1.802891
-0.208314
-0.015094
-0.058227
-0.694916
-1.954608
-3.999500
-0.273476
-0.796585
-0.433165
-3.354410
-0.325123
-0.139652
-1.399744
-4.564653
-1.331581
-1.817033
-0.116996
-0.333568
-0.136743
-0.710559
-0.423860
-0.503094
-0.828985
-0.652929
-0.585367
-0.423755
-1.281461
-0.826891
-0.653014
-3.658975
-0.429309
-1.115063
-1.642638
-3.471676
-1.004875
-2.162145
-0.165843
-0.045379
-1.223573
-0.557463
-3.986624
-0.419844
-1.194429
-2.849861
-2.019620
-0.007116
-1.686110
-0.557726
-0.069253
-2.917894
-0.851297
-4.170777
-0.759278
-1.650899
-0.120632
-1.394202
-0.090939
-2.497423
-0.094738
-0.858269
-3.309417
-3.618700
-2.180085
-0.007919
-0.799299
-1.419217
-0.126782
-0.260050
-2.021834
-0.023706
-0.320709
-0.342348
-0.445587
-0.153882
-0.997711
-0.545539
-1.063871
-1.532094
-0.212205
-2.856124
-0.308190
-0.816174
-1.306289
-1.013528
-2.196572
-1.021370
-0.468767
-0.022418
-3.092512
-4.397233
-0.252153
-0.014139
-0.799433
-0.278136
-0.005406
-0.640737
-0.770909
-2.762052
-1.284696
-1.625887
-0.422992
-0.188938
-4.005745
-0.548859
-1.412335
-1.519340
-0.370007
-0.278754
-1.966006
-0.167306
-0.105083
-2.300720
-1.540319
-1.931925
-2.480437
-1.083890
-0.083087
-1.374298
-1.895968
-0.623720
-1.961783
-0.242242
-0.337223
-1.031423
-3.773502
-0.215269
-1.661178
-0.589498
-1.368823
-3.040095
-1.703088
-3.269289
-3.601019
-1.643093
-1.391423
-0.675467
-0.734061
-0.536881
-0.456582
-0.866544
-0.782161
-0.350248
-3.256135
-2.593488
-1.338436
-0.662220
-0.534116
-4.567678
-0.651059
-1.811881
-0.963386
-0.510932
-1.279966
-4.338247
-0.481070
-2.440261
-0.846899
-2.119718
-1.260997
-0.840696
-1.934939
-0.033144
-2.231704
-0.687881
-5.646829
-0.710340
-0.536759
-1.168265
-0.378180
-0.690944
-1.660820
-2.728167
-0.166577
-1.174516
-0.684651
-0.229251
-0.031403
-0.046533
-2.828922
-0.082973
-1.937211
-1.464242
-3.264540
-5.016637
-3.671043
-0.320321
-1.732680
-4.472247
-1.513012
-0.213659
-1.572704
-0.999578
-4.121626
-0.954388
-0.388066
-0.935581
-1.279813
-1.286989
-2.954045
-1.191054
-0.447662
-2.008041
-0.651649
-0.817216
-1.077179
-0.019117
-1.075133
-0.135274
-1.916405
-0.204392
-0.918700
-1.198582
-0.765028
-0.318438
-0.050453
-1.733759
-2.428375
-0.156972
-0.359617
-0.753168
-0.316597
-0.688280
-3.865882
-1.966427
-3.851891
-2.182435
-1.461877
-2.856993
-1.411928
-2.058970
-0.519200
-2.364899
-0.993698
-0.407978
-0.498066
-0.101109
-1.366354
-0.114733
-4.449249
-0.422003
-1.735602
-2.827579
-0.533934
-0.481528
-0.183168
-2.921338
-1.024572
-2.156512
-1.984606
-2.386005
-1.111515
-0.383535
-2.245813
-0.803181
-0.833939
-0.226208
-1.020102
-0.063501
-1.061652
-2.195517
-2.195108
-0.546389
-1.821555
-1.524215
-2.010125
-0.076876
-1.140817
-2.198607
-0.658308
-1.023137
-0.338751
-1.568115
-0.050740
-3.311530
-0.162727
-0.643613
-0.297291
-1.540233
-0.226890
-1.002921
-1.752147
-0.121132
-0.486885
-0.242889
-2.034107
-0.329053
-0.367586
-3.022840
-0.127247
-3.230256
-0.070273
-2.246427
-0.925383
-0.335392
-1.074238
-0.480196
-0.614095
-0.778488
-1.825784
-3.401827
-3.977942
-1.245804
-1.294094
-5.272405
-1.184435
-1.046742
-0.060929
-0.446194
-0.449138
-3.329697
-1.077321
-0.162979
-0.348265
-0.329343
-1.655875
-0.521270
-1.127307
-0.166692
-2.212938
-0.187899
-0.425736
-0.128882
-5.124561
-0.183825
-2.411814
-0.615452
-0.914079
-1.447800
-0.570184
-0.209852
-1.462257
-1.215919
-2.465021
-1.820485
-0.382595
-1.280192
-3.403812
-0.383782
-4.436288
-0.082797
-0.614262
-0.449230
-0.029523
-0.170756
-3.149296
-2.378466
-0.282923
-0.840121
-0.665689
-0.944505
-0.891022
-1.691460
-1.065670
-0.466769
-0.214009
-1.211660
-0.470626
-0.963932
-1.086744
-1.436794
-0.757882
-1.373392
-0.282419
-1.946334
-0.638002
-0.453981
-1.009888
-0.201024
-0.244802
-0.218990
-0.001894
-1.405268
-2.419586
-0.128304
-1.012820
-0.964334
-0.269287
-1.639435
-2.174957
-0.221948
-1.379565
-0.046587
-3.629070
-5.843569
-1.389628
-0.184313
-0.623990
-0.657722
-2.407897
-0.888125
-0.946042
-1.046275
-4.977444
-2.856982
-2.625846
-0.313022
-0.065528
-0.340849
-1.448340
-0.561580
-1.981449
-1.012750
-1.352499
-0.099614
-1.415042
-1.847444
-0.471788
-1.844967
-0.962725
-0.501293
-4.348405
-2.065999
-1.225365
-3.961577
-0.604372
-1.249350
-2.670189
-0.010271
-4.178930
-0.458238
-1.866725
-0.278700
-1.678735
-0.185848
-0.416260
-3.432660
-0.370847
-0.611406
-5.589597
-0.329910
-0.820698
-3.876631
-1.084038
-0.211209
-0.056326
-2.016059
-0.310600
-0.951602
-1.566001
-1.447251
-2.871378
-3.492940
-1.125104
-0.705463
-0.229779
-1.256072
-0.725771
-0.079702
-0.213927
-3.080902
-2.259736
-1.336206
-0.512424
-3.458785
-1.049347
-0.691913
-0.882848
-2.915986
-0.332712
-1.947522
-0.561189
-0.194512
-1.957991
-1.038168
-0.633433
-3.280704
-1.055861
-1.698364
-0.796683
-1.807710
-0.341503
-0.383710
-1.370753
-0.246338
-3.916821
-0.593400
-1.164293
-1.363837
-2.361586
