-1.566689
-0.398321
-0.235907
-1.031150
-0.144784
-0.618383
-3.647404
-0.011690
-0.520637
-0.114144
-0.237600
-0.233242
-0.465116
-1.243243
-0.767256
-1.346527
-0.344643
-0.375527
-1.108797
-0.786519
-1.066353
-0.373032
-1.078547
-0.003005
-1.649475
-0.490660
-0.092239
-0.173995
-0.725073
-0.159892
-0.662113
-0.695316
-0.147176
-0.452455
-0.689942
-0.111613
-0.160516
-0.244545
-0.878705
-1.655107
-0.896999
-0.247281
-1.476935
-0.878669
-0.175526
-1.580107
-1.236170
-1.762608
-0.288280
-0.564516
-0.306512
-0.169277
-0.399585
-0.050139
-0.062625
-0.907452
-1.536537
-1.242513
-1.353061
-0.801001
-0.216151
-0.145138
-0.116559
-0.514643
-0.124097
-0.926277
-0.971783
-0.286245
-1.102393
-0.673221
-1.322232
-0.580642
-1.747634
-0.353094
-0.988558
-0.944684
-1.021004
-1.114694
-0.949330
-0.343751
-0.046034
-0.411481
-0.712856
-0.144940
-0.434076
-0.063829
-1.550966
-1.000006
-0.146243
-0.046134
-1.287964
-0.346091
-1.026924
-0.096191
-1.234192
-1.335848
-0.004308
-0.986200
-0.180343
-2.669610
-0.228432
-0.455207
-0.717009
-0.864436
-0.465845
-2.068152
-0.438057
-0.781372
-0.948777
-0.871715
-0.112568
-0.847253
-0.654269
-2.245747
-0.075218
-0.757045
-0.360983
-0.006730
-0.051632
-0.796252
-0.166073
-0.405863
-2.325456
-0.528371
-0.010041
-0.033504
-3.535121
-1.385027
-0.568858
-0.394823
-0.420185
-0.077618
-0.601852
-0.035827
-3.666017
-0.476247
-1.565372
-0.346640
-1.004997
-0.731838
-1.815692
-0.934449
-1.038240
-1.901452
-0.595370
-0.660881
-3.063013
-0.059767
-0.004605
-0.040810
-0.912239
-1.148253
-3.153523
-0.708839
-0.832338
-0.964156
-0.227474
-0.435885
-0.854043
-0.954410
-0.803616
-1.693440
-0.252928
-0.266347
-0.009583
-2.595793
-0.891911
-0.578194
-0.060398
-0.984418
-0.411196
-0.179169
-1.218066
-2.901229
-0.961899
-0.669343
-1.126799
-0.266835
-0.136182
-0.179079
-0.789523
-1.452547
-1.483897
-0.480999
-2.072683
-0.010756
-0.152653
-0.845422
-0.341774
-0.006586
-0.323704
-1.331408
-1.362109
-0.162196
-2.546430
-0.008373
-0.040720
-2.434398
-1.896418
-0.859819
-1.226391
-1.083993
-0.071341
-0.372993
-1.175306
-0.000427
-1.319165
-2.102124
-1.827383
-1.404264
-0.878261
-0.947580
-1.211106
-0.002302
-0.024204
-1.289582
-2.182206
-0.408215
-0.048272
-0.739856
-0.508324
-0.540778
-0.060597
-1.981667
-0.523495
-1.326562
-0.414756
-0.128394
-1.304014
-1.265193
-0.373196
-0.275378
-0.342896
-1.472272
-0.736162
-1.717947
-0.292160
-1.043252
-0.793613
-0.101678
-1.494035
-2.563222
-0.035105
-0.381096
-0.246132
-1.175042
-0.115139
-0.430978
-0.140229
-0.346663
-0.407779
-1.599539
-0.127348
-0.930348
-0.009374
-0.639266
-0.525935
-0.433859
-0.487062
-0.585316
-0.740915
-0.764939
-0.268683
-0.493749
-0.652059
-0.208245
-1.375332
-0.135723
-0.498586
-0.343806
-0.663621
-0.549693
-0.217379
-0.105732
-0.211350
-0.019002
-0.087629
-0.074875
-1.423954
-0.023542
-0.066770
-1.577523
-1.689826
-0.460096
-0.668247
-0.213682
-0.090321
-0.291522
-0.029994
-0.036101
-1.206362
-0.036591
-1.237834
-2.835105
-0.084569
-0.709473
-0.891154
-0.843105
-0.281511
-0.097692
-0.816189
-0.161126
-0.005314
-0.489768
-0.980522
-2.441247
-0.001517
-0.253534
-0.681960
-0.728305
-0.424278
-1.050699
-0.543572
-0.557908
-0.051765
-1.920543
-3.515957
-2.183628
-0.624212
-0.333714
-0.820919
-0.493383
-0.309063
-0.499362
-0.237521
-1.074236
-1.382255
-0.441021
-0.672323
-2.307296
-0.577564
-0.715773
-2.511148
-1.007659
-0.221192
-0.515478
-0.090685
-0.707985
-0.872587
-0.578431
-0.013905
-0.357084
-1.417637
-0.196556
-0.341257
-0.670412
-0.122153
-1.319140
-0.659492
-0.380732
-0.112053
-1.540569
-0.490905
-0.174913
-0.052757
-1.419891
-0.082744
-0.279368
-1.314181
-1.023150
-0.966594
-0.192181
-0.383337
-1.026478
-0.518454
-0.580863
-0.320610
-0.156722
-1.329247
-0.785338
-1.068907
-0.533828
-0.101543
-1.933301
-0.648331
-1.846239
-0.141441
-1.315134
-2.063076
-1.130148
-0.404039
-0.512064
-0.100307
-0.749789
-1.479266
-0.041773
-0.109147
-0.375890
-0.675430
-0.248031
-2.405113
-0.204174
-0.618552
-1.725379
-0.835625
-0.098150
-0.396488
-0.927848
-1.515942
-0.524444
-0.898566
-0.477358
-0.330961
-0.749216
-1.126820
-0.210738
-0.072280
-0.582870
-0.864081
-0.500391
-0.021286
-0.810094
-1.879108
-0.491194
-0.385781
-1.510876
-0.027800
-0.248356
-0.714192
-1.295955
-0.109618
-1.613426
-0.315580
-0.985337
-0.010625
-0.158266
-0.613093
-1.064561
-0.923529
-0.369546
-3.802916
-0.356358
-0.275503
-0.847512
-0.525397
-0.805385
-0.531488
-0.073459
-0.864945
-0.188213
-1.868698
-0.390036
-0.099939
-0.369361
-0.312519
-0.246738
-1.036355
-0.385641
-0.215410
-0.713491
-0.313052
-1.587003
-0.885761
-0.185527
-0.395424
-0.167067
-0.114469
-2.029543
-1.114011
-1.138572
-0.250539
-0.407592
-0.880111
-0.990412
-0.100819
-0.504265
-0.743367
-1.851645
-1.123061
-0.114844
-1.044998
-2.045978
-0.588811
-0.025557
-2.241660
-0.797025
-0.483954
-0.171954
-0.284422
-0.180245
-0.622103
-0.244404
-1.960487
-0.244691
-0.791507
-0.299246
-1.546900
-1.269816
-2.259788
-0.820971
-0.159392
-1.608712
-2.565042
-0.318756
-0.923754
-0.054494
-1.040877
-0.508864
-0.313634
-0.100314
-1.612630
-3.671508
-1.856153
-0.711780
-0.597651
-0.013987
-0.584456
-0.241491
-0.497346
-1.009084
-0.559077
-0.580435
-0.078130
-0.023653
-1.179301
-0.170562
-0.041763
-0.060392
-0.751536
-1.442569
-0.010500
-0.493751
-1.466341
-0.178045
-0.045674
-0.927700
-0.567190
-1.602044
-1.191088
-2.102759
-1.012326
-1.041694
-0.069428
-0.299586
-0.108584
-0.097974
-0.469246
-0.854746
-0.205128
-0.467222
-2.585863
-1.192552
-0.991742
-0.466764
-1.780517
-0.120909
-1.383363
-0.804108
-0.149798
-0.468979
-1.366408
-1.238136
-0.429226
-0.165386
-2.075167
-0.350127
-0.010303
-0.687966
-0.739707
-1.618604
-0.429474
-0.394267
-1.745687
-0.162118
-0.009456
-1.308776
-0.475387
-0.370385
-1.157617
-0.936180
-2.878296
-1.463376
-0.280805
-0.629312
-0.028468
-0.474065
-0.142225
-0.556764
-1.091469
-0.114606
-0.065368
-0.755363
-0.060150
-0.249195
-0.091312
-0.549400
-0.342567
-2.160601
-0.273149
-0.561429
-1.874349
-0.031312
-0.090099
-0.005303
-0.590381
-0.636287
-0.374723
-0.455200
-0.172690
-1.354107
-1.954435
-0.370206
-1.298056
-0.202785
-0.719125
-2.423662
-1.902120
-0.363238
-0.185679
-0.413269
-0.399329
-0.618800
-3.078679
-0.781843
-0.963017
-1.858915
-0.705102
-2.701956
-0.071005
-1.315576
-0.228309
-0.087764
-0.199869
-2.111333
-1.981675
-0.671288
-0.035541
-0.034614
-0.357352
-0.594058
-0.091048
-1.070391
-0.783376
-0.593927
-0.949497
-0.089390
-0.105267
-0.258081
-0.198467
-0.590302
-0.046506
-0.363331
-0.859473
-1.418994
-0.050731
-3.823296
-1.936247
-0.053370
-1.104375
-2.590473
-1.246360
-0.325174
-1.431383
-0.287778
-0.350023
-1.128574
-0.542836
-0.102311
-3.205349
-1.632681
-0.594606
-0.578421
-0.187798
-0.571845
-0.115313
-0.555750
-0.423567
-0.753600
-0.333788
-0.141855
-0.085996
-0.375298
-0.383216
-0.775625
-1.203771
-0.842529
-0.538931
-1.547862
-0.100430
-0.400324
-2.278850
-2.481425
-0.295266
-1.160001
-0.108421
-1.952660
-0.246481
-0.417743
-0.714692
-0.266384
-1.953357
-1.511034
-0.190052
-1.605774
-1.596087
-0.270858
-0.586237
-0.374226
-0.288721
-0.069998
-0.554926
-0.066531
-0.055312
-0.069031
-1.135548
-0.254789
-2.266114
-0.237719
-0.034098
-2.191323
-0.124279
-0.475072
-0.047427
-1.429390
-1.898411
-0.094170
-0.248627
-0.090376
-1.804114
-2.184447
-0.761775
-1.411398
-0.104585
-0.094511
-1.132303
-0.153546
-0.955059
-0.964786
-1.324101
-3.326858
-0.468565
-0.751006
-0.087290
-0.058377
-1.005550
-0.038540
-0.307691
-0.708241
-0.093056
-1.675185
-0.277900
-0.003224
-0.502068
-2.761386
-0.936538
-0.360880
-0.010579
-0.965780
-0.512241
-0.988718
-0.452631
-2.559494
-0.876229
-3.740882
-0.280204
-0.036519
-0.063326
-0.170821
-0.377021
-0.188163
-0.062125
-0.723013
-0.600221
-2.136289
-0.237729
-1.073010
-0.387565
-0.820489
-1.957997
-0.491867
-1.888822
-0.241491
-0.293554
-1.575665
-1.337834
-0.366883
-0.214584
-0.164953
-0.454111
-0.921683
-0.650322
-1.629447
-0.123660
-0.557434
-0.231539
-0.074114
-0.519598
-0.483523
-0.320712
-0.026573
-1.449912
-0.046709
-0.716093
-2.904740
-1.308132
-0.018484
-3.685496
-1.277772
-0.875994
-0.048322
-0.894843
-0.292867
-0.572113
-1.694167
-1.023178
-0.104686
-1.778662
-0.940480
-0.662009
-1.554005
-0.422881
-1.304762
-0.747792
-1.089380
-1.343263
-0.494815
-1.232405
-0.338734
-1.272402
-0.295992
-0.079066
-0.532640
-0.009244
-1.572894
-0.048842
-0.274353
-0.554873
-0.509954
-0.178066
-0.335142
-0.111409
-0.334813
-0.848975
-0.761340
-0.287770
-0.257911
-0.353598
-0.243894
-0.424484
-3.541664
-0.632110
-0.063062
-0.279492
-1.833928
-0.055503
-1.131446
-1.476938
-1.850847
-0.407575
-0.608954
-0.657225
-0.811148
-0.277603
-0.269108
-2.009553
-1.138069
-1.570041
-0.351152
-1.103658
-1.749825
-0.766833
-0.156999
-0.139199
-1.305424
-0.198120
-1.927864
-0.443452
-0.881783
-0.439692
-1.962455
-1.227378
-0.388212
-0.345236
-0.805633
-0.070986
-1.369458
-1.839887
-0.037261
-0.477200
-0.281577
-0.644485
-2.485456
-1.240868
-0.011519
-0.424951
-0.164335
-0.059082
-0.885834
-0.558095
-0.016520
-1.762194
-0.464639
-0.222777
-0.793907
-0.885148
-0.181952
-0.373073
-0.059237
-0.128909
-1.002970
-0.520670
-0.179416
-0.629488
-0.519833
-0.123798
-1.309018
-0.445905
-0.531356
-0.503830
-0.245793
-0.428834
-0.018641
-0.202099
-0.321370
-0.119782
-0.218045
-0.472334
-0.400579
-1.349315
-0.096780
-1.467979
-1.207205
-0.284842
-0.247929
-1.110351
-0.308014
-0.827113
-0.637876
-0.013660
-0.395363
-1.015669
-2.015672
-0.554228
-0.476850
-0.668182
-1.815346
-0.171616
-0.290095
-1.755199
-0.387258
-0.257185
-0.717920
-0.772810
-0.868482
-0.017508
-2.406320
-0.023293
-0.208339
-1.115041
-1.435884
-0.650091
-0.020544
-0.062696
-2.178441
-0.383960
-0.039138
-0.514086
-0.325975
-0.705353
-1.199258
-0.748610
-2.279112
-3.633688
-0.228891
-0.046234
-0.306292
-0.749266
-0.032724
-1.100094
-0.102836
-1.246848
-0.292441
-0.783994
-0.001819
-0.253347
-0.315774
-0.115992
-0.046180
-0.023385
-0.261185
-0.375039
-0.608618
-1.618390
-0.134100
-0.594829
-0.593329
-0.562782
-1.077812
-0.502668
-0.371320
-0.562743
-1.977054
-0.087280
-1.494664
-0.682189
-1.697525
-0.269391
-0.258133
-0.119094
-1.098879
-1.679324
-0.533903
-2.209382
-0.299226
-0.212037
-0.010514
-0.060659
-0.004310
-1.820715
-1.017128
-0.304466
-0.451133
-0.370173
-0.060882
-0.735538
-0.184970
-0.531880
-1.240355
-0.389882
-1.818322
-0.275470
-0.233914
-1.619205
-0.036305
-0.430322
-0.408435
-0.466275
-0.871247
-0.188586
-0.084210
-0.344044
-1.993833
-3.231675
-0.880467
-0.445976
-0.366071
-0.166078
-1.725710
-0.710249
-0.048085
-2.672158
-0.644080
-0.002219
-0.714333
-2.543202
-1.026140
-1.737422
-0.062838
-0.193618
-0.774073
-0.326330
-1.195572
-1.063439
-0.828714
-0.606189
-0.585176
-0.361067
-0.425002
-0.039314
-0.434997
-0.177180
-0.348648
-1.362322
-2.366235
-0.002708
-0.222400
-0.291945
-0.485657
-0.268145
-0.192895
-0.093845
-1.846956
-0.128120
-0.104460
-1.032416
-1.653201
-0.238117
-1.502352
-0.225357
-1.787128
-0.463790
-0.549549
-0.177237
-0.780870
-0.431953
-1.961164
-0.886432
-0.253196
-0.425170
-0.579100
-0.253421
-0.739268
-0.033848
-0.535256
-0.347919
-0.033956
-0.145973
-0.309601
-2.135731
-0.105982
-1.029592
-1.002105
-1.196044
-1.327707
-0.860101
-0.842104
-0.503818
-0.763509
-1.115903
-0.272736
-0.055219
-1.002227
-0.747722
-0.291612
-1.944134
-1.190328
-0.138655
-2.081042
-0.851642
-1.321355
-1.869509
-0.130699
-0.080765
-0.096825
-0.301634
-0.466941
-0.485040
-0.452899
-0.081002
-0.194667
-0.893621
-0.243554
-0.741271
-0.666055
-0.536446
-1.596112
-1.987853
-1.928129
-0.591229
-1.060146
-0.309143
-0.118183
-0.173906
-2.957712
-0.450674
-0.593579
-0.130440
-0.417598
-0.029278
-0.960247
-0.101813
-0.627789
-0.205732
-1.243632
-1.783097
-0.542981
-0.738082
-2.556621
-1.647401
-0.464528
-2.925217
-0.159672
-0.525110
-0.190856
-0.819555
-0.012167
-1.153820
-2.073153
-1.299715
-1.509222
-0.802895
-0.548073
-1.078485
-0.135810
-0.150102
-0.093243
-0.100683
-0.326737
-0.093908
-1.158366
-1.148371
-0.751288
-0.643730
-0.482717
-0.542379
-1.186156
-0.011628
-0.242921
-0.533546
-0.164438
-0.200534
-0.383632
-0.923353
-0.207369
-2.695156
-0.389255
-0.116203
-0.119705
-0.164708
-0.167977
-3.232952
-1.154307
-0.255958
-0.488804
-1.681946
-1.471874
-0.508410
-1.286269
-1.307838
-0.041034
-0.456451
-1.573558
-0.207796
-0.311093
-1.123776
-0.023203
-0.047601
-1.023858
-1.521234
-0.757045
-0.518350
-1.665269
-1.495684
-0.507009
-0.038436
-0.579232
-2.583432
-0.152647
-1.992841
-0.348860
-0.175791
-3.489314
-0.398407
-0.408221
-0.175435
-0.068100
-1.568296
-0.107443
-0.197131
-2.440366
-0.520133
-3.961673
-0.390590
-0.129151
-0.577810
-0.160445
-0.172535
-0.032788
-0.294251
-0.393581
-0.182292
-0.476780
-1.151564
-0.673612
-0.012097
-1.032793
-1.220988
-2.590514
-0.248748
-0.176782
-1.169349
-0.208708
-0.215564
-0.706976
-1.289687
-0.955723
-1.641409
-0.838144
-1.813842
-2.497095
-0.065493
-1.418964
-0.207511
-1.227362
-0.689547
-0.013659
-0.175584
-0.020218
-0.409633
-0.131700
-3.069977
-0.063450
-0.653930
-0.654606
-0.817022
-0.314922
-0.337185
-1.249872
-0.449842
-0.141632
-0.274866
-0.401696
-0.513430
-0.887383
-0.830654
-0.021382
-0.482978
-1.456408
-3.138986
-1.805459
-1.533686
-0.341287
-0.178624
-1.647060
-0.440475
-0.086618
-0.199257
-0.091755
-3.292956
-0.962684
-0.825585
-0.250558
-0.073622
-0.215736
-1.297908
-1.269313
-0.194432
-0.070167
-0.474185
-1.849099
-0.804122
-0.139045
-0.298652
-0.281011
-0.061382
-0.257032
-0.064900
-2.199423
-2.374803
-0.341050
-0.767965
-0.052653
-1.538942
-0.018366
-1.571333
-0.247205
-0.478536
-0.302718
-1.711233
-0.938946
-1.145281
-1.006735
-0.897659
-0.019926
-1.036247
-0.134615
-1.928621
-1.646563
-1.271381
-0.617171
-0.662951
-3.982978
-0.463890
-0.965019
-0.137918
-0.543873
-0.239607
-0.475471
-0.107544
-2.036183
-0.767858
-0.003949
-0.366718
-1.256760
-0.765374
-0.494843
-0.413958
-1.138196
-0.794400
-1.365454
-0.034425
-0.174427
-0.051976
-1.933476
-0.223074
-0.211338
-0.122424
-1.073023
-2.246248
-0.172574
-0.167524
-1.220674
-0.831977
-2.468253
-0.047493
-0.697803
-0.406617
-0.993459
-0.068548
-0.293655
-0.229214
-0.153728
-0.396195
-0.856531
-0.040821
-0.220296
-0.071051
-0.487627
-2.300290
-2.225198
-0.253812
-0.244945
-0.666139
-2.834874
-0.088783
-1.026966
-0.333126
-1.258600
-0.003293
-1.613718
-0.255020
-0.686451
-0.579252
-0.424958
-0.375987
-0.575559
-0.586874
-0.987675
-1.578012
-1.779268
-0.526881
-1.957357
-1.599751
-0.205860
-1.146376
-0.222755
-0.898755
-0.811967
-0.203972
-1.261339
-0.682047
-0.187773
-0.886789
-2.233206
-0.006817
-0.551210
-0.020670
-0.617608
-0.073083
-0.236384
-0.259290
-1.281155
-0.483084
-0.536073
-2.190358
-1.684344
-0.365648
-1.658416
-0.093440
-0.532980
-0.111632
-0.337082
-1.668716
-0.399899
-0.109142
-0.626624
-0.104854
-0.260152
-0.577535
-0.199404
-0.598384
-0.819036
-0.234135
-0.225806
-0.019038
-0.107757
-0.081229
-0.784265
-0.026915
-1.126551
-0.872201
-0.717483
-0.095607
-0.028116
-0.304800
-1.643175
-0.627274
-0.113403
-1.162615
-0.026617
-0.492679
-0.260840
-0.603558
-0.387103
-0.675280
-1.306704
-1.278498
-0.877242
-0.621410
-1.487287
-0.949573
-1.367011
-0.115457
-1.201164
-0.348239
-1.790943
-0.434577
-0.054577
-0.701676
-0.189013
-0.732432
-0.662404
-0.816231
-1.782657
-1.047294
-0.213414
-0.584210
-0.665207
-0.175398
-0.146372
-0.073222
-1.255746
-0.451979
-0.697525
-1.678026
-0.143666
-0.668152
-0.914269
-0.075170
-1.667460
-0.063807
-0.623315
-0.225408
-1.100535
-0.025722
-0.046461
-0.004890
-0.036768
-0.406088
-0.593647
-2.168852
-0.378601
-0.045044
-0.371979
-0.161428
-1.050882
-1.130337
-0.796111
-1.852434
-0.142044
-1.266241
-0.571893
-1.132863
-0.045002
-2.659190
-1.678738
-0.156613
-0.004104
-0.800521
-0.766628
-0.513026
-0.243407
-0.996383
-1.220920
-0.770299
-0.112589
-0.122885
-0.425145
-1.453065
-0.078035
-0.266909
-0.562694
-0.280753
-0.808442
-0.266592
-2.176257
-0.449000
-0.224884
-0.778381
-0.018093
-0.431249
-0.507077
-2.120933
-0.113103
-0.840813
-0.251492
-0.370724
-0.963830
-1.476593
-2.399616
-0.049551
-0.886320
-1.059159
-1.123233
-0.722767
-0.032511
-0.059552
-0.881930
-0.243411
-1.586227
-0.142869
-0.264918
-1.357814
-0.180644
-1.501713
-0.431316
-0.029447
-1.819871
-0.005694
-0.189759
-0.098378
-0.967842
-1.730362
-0.539622
-0.650708
-0.248756
-0.937469
-1.261265
-0.261770
-0.929116
-1.294617
-0.341331
-0.099817
-1.286107
-0.160796
-0.118195
-0.540511
-0.035249
-1.456705
-0.023316
-0.034064
-1.843614
-0.848928
-0.519082
-1.089350
-1.302226
-0.772835
-0.387773
-0.053563
-0.089212
-0.047064
-0.337751
-1.043495
-0.873005
-0.236662
-1.336763
-0.177197
-0.156608
-0.078995
-0.787304
-0.429484
-1.416934
-0.278171
-0.750894
-0.149202
-0.016826
-0.353099
-0.527644
-0.063770
-0.174257
-0.996913
-0.008267
-1.468856
-0.087157
-2.381707
-0.707662
-0.934938
-0.025638
-0.344803
-0.148996
-0.102088
-0.096221
-0.642715
-0.602913
-0.135439
-2.033530
-1.187679
-0.253686
-0.372422
-1.041996
-0.385581
-0.747557
-0.237909
-0.041296
-0.569380
-0.634108
-3.202202
-0.566796
-0.006097
-1.050181
-0.091945
-0.366074
-0.832969
-0.152059
-0.066352
-0.182786
-0.955376
-0.136784
-1.660008
-0.237777
-1.751794
-0.167825
-2.511848
-0.958572
-0.001031
-0.770241
-3.275537
-0.616908
-0.611743
-0.059915
-0.644076
-0.559260
-0.472553
-0.121263
-1.230724
-1.374477
-0.786877
-0.445916
-1.414950
-0.445583
-0.868427
-0.027740
-0.013285
-0.669162
-0.684298
-0.795821
-0.901585
-0.571806
-0.031840
-0.479962
-0.003915
-0.027926
-0.649754
-0.878271
-1.530325
-0.318335
-1.040809
-0.233946
-1.338516
-0.179751
-0.373563
-0.356845
-0.904200
-0.118353
-1.464727
-0.056555
-0.259260
-0.137330
-0.971869
-0.275309
-2.176402
-0.217694
-1.612700
-0.014918
-2.062719
-0.141970
-2.115127
-0.267882
-0.130628
-0.105241
-0.153400
-0.520281
-0.090036
-0.158200
-0.204354
-0.659036
-0.144481
-0.908350
-1.697457
-0.074062
-0.000230
-0.538066
-0.143703
-0.199893
-2.165996
-0.426972
-0.024346
-0.695080
-0.065819
-0.055358
-0.068297
-1.451540
-0.454491
-0.394233
-0.625363
-2.795474
-0.504403
-0.037449
-1.281476
-0.048596
-1.206118
-1.973266
-0.431863
-0.796135
-1.209942
-0.135834
-0.665519
-0.452279
-1.805916
-0.140410
-0.178281
-1.398525
-1.436214
-0.046266
-1.315330
-0.100143
-0.278329
-0.236496
-0.977526
-0.463084
-1.565473
-0.736089
-0.197738
-2.244874
-0.410031
-0.106440
-2.317224
-1.204637
-2.157570
-0.039614
-0.030014
-1.926123
-0.924948
-0.722131
-2.635667
-0.913272
-0.245022
-0.019951
-1.457429
-2.060387
-0.125367
-0.022369
-0.017092
-0.326777
-1.116598
-0.722717
-0.069361
-0.669382
-1.150493
-1.165555
-0.477808
-1.087304
-1.389588
-0.041662
-0.353412
-0.791696
-2.164431
-1.108265
-1.045648
-0.176230
-1.102697
-1.720914
-0.704175
-1.367996
-0.436942
-0.036112
-1.339305
-1.460391
-1.545136
-0.191078
-0.172973
-0.421531
-0.551168
-0.169528
-0.638362
-0.035158
-2.889609
-0.104503
-2.648628
-1.291607
-0.430920
-0.067791
-0.411670
-1.185631
-0.038717
-0.759369
-1.919797
-1.973089
-1.190595
-0.675564
-0.485399
-0.064788
-3.119167
-0.009622
-0.448686
-1.562591
-0.441364
-0.261527
-0.609344
-0.004741
-0.692367
-0.642543
-0.149046
-0.047511
-1.178622
-0.551812
-0.677253
-0.172143
-1.208001
-1.435957
-0.285143
-0.884434
-0.155561
-1.019831
-0.605536
-0.991403
-0.336773
-0.343650
-0.848889
-1.856309
-0.159554
-0.346361
-1.069115
-0.044343
-0.094664
-2.159257
-1.199750
-0.082894
-2.485242
-0.351755
-0.223790
-3.720389
-0.674128
-1.053301
-0.438153
-0.136374
-1.370785
-1.605906
-0.266127
-0.694702
-0.584063
-1.217037
-0.306668
-0.485104
-0.603776
-1.403357
-0.131436
-0.681385
-0.870952
-0.461408
-0.565063
-1.007687
-0.593424
-2.829631
-1.636286
-0.352466
-0.432743
-1.586270
-0.077174
-0.707415
-0.000607
-0.152437
-0.439897
-0.448548
-0.854705
-2.075928
-1.200466
-1.874661
-0.789908
-1.667735
-0.083259
-0.012891
-1.924069
-0.677909
-0.241831
-3.481339
-0.217165
-2.536656
-1.004547
-0.097758
-1.248026
-0.771228
-0.670445
-0.113913
-0.109687
-1.742563
-2.231104
-0.759487
-1.574921
-0.136468
-1.727164
-1.305040
-0.238131
-0.546877
-0.092338
-0.601889
-1.083760
-0.592111
-0.032450
-0.321444
-0.456294
-0.084943
-0.264194
-0.277485
-0.502726
-1.333822
-0.018654
-2.861075
-1.335267
-2.511995
-0.075853
-0.011338
-1.089087
-1.507571
-0.445570
-0.278403
-1.056243
-0.500947
-0.620373
-0.386051
-0.405137
-0.063394
-1.253932
-1.744456
-0.187681
-0.633683
-3.215137
-0.362392
-0.219405
-0.851898
-0.051939
-0.309588
-0.061776
-0.090990
-0.222071
-0.161035
-0.077539
-1.088567
-1.285919
-0.176749
-1.100074
-0.783207
-0.018040
-0.670280
-1.350449
-1.291685
-0.178743
-1.589577
-0.087708
-1.428251
-1.087144
-0.676772
-0.001917
-0.716108
-0.767175
-0.337141
-0.584846
-0.526058
-2.408746
-1.295552
-1.297505
-0.793364
-0.232100
-1.511873
-0.895741
-0.908195
-0.287603
-0.792968
-0.390161
-2.106018
-1.643431
-0.037549
-0.439648
-0.893837
-0.594711
-0.126469
-1.009655
-0.417309
-0.246026
-0.185799
-2.472582
-0.144711
-1.890654
-0.168029
-0.607453
-0.547996
-0.273918
-0.859320
-2.304811
-0.309213
-2.146932
-1.844791
-1.680683
-0.466157
-0.616596
-1.779141
-0.110401
-1.148024
-0.649303
-0.247135
-0.380922
-0.084783
-1.139983
-0.117708
-0.057850
-0.294876
-1.263686
-2.195797
-1.116128
-0.007777
-0.858699
-0.297456
-1.613249
-0.128960
-0.744876
-1.145039
-1.007751
-1.185333
-0.753264
-1.036856
-0.607535
-0.448396
-1.525576
-0.031043
-0.444963
-0.902360
-0.834396
-0.689783
-0.357609
-0.187583
-0.248501
-0.818969
-0.114294
-0.130801
-0.280942
-0.184576
-0.470569
-0.315687
-0.015039
-0.075696
-1.212439
-0.517148
-0.345974
-0.388687
-2.591322
-0.001697
-2.757470
-0.756842
-1.268273
-1.306252
-1.154527
-0.591681
-0.798843
-0.714198
-1.351986
-0.004134
-1.703742
-0.458966
-0.060423
-1.357886
-1.156250
-0.469422
-0.052696
-0.177139
-0.059518
-1.492841
-1.594572
-0.237919
-1.534573
-1.892387
-0.212547
-0.159402
-1.014552
-0.204666
-0.239287
-0.169105
-0.750177
-0.176153
-0.891090
-0.052579
-0.168955
-0.008323
-0.174400
-1.691479
-0.047879
-0.073368
-1.448551
-0.451422
-1.401269
-0.419881
-0.016223
-1.895962
-1.486047
-0.658145
-0.067682
-0.445694
-0.366216
-0.245427
-0.225827
-0.309401
-0.704851
-0.931014
-0.048751
-0.529588
-0.047766
-0.000344
-1.149144
-1.505939
-0.093269
-2.274648
-0.358200
-1.311537
-1.306229
-0.185745
-2.275910
-0.201275
-1.120010
-3.169904
-0.405037
-0.573913
-0.171376
-0.197603
-0.274299
-1.678145
-0.034789
-0.402132
-2.562844
-0.271957
-2.506923
-2.257920
-1.637515
-0.650908
-1.910297
-0.336600
-0.263621
-0.558608
-0.370220
-0.168625
-0.004313
-0.055948
-0.112737
-0.039122
-0.287748
-0.366601
-1.145069
-2.574880
-0.607770
-0.548125
-0.228134
-0.028500
-0.530556
-0.909809
-0.560914
-0.214282
-0.131522
-0.770691
-0.495121
-0.395399
-0.163926
-0.393856
-1.641189
-0.830833
-0.910457
-0.234717
-1.104060
-0.778141
-0.185869
-0.013496
-0.053785
-0.830691
-0.091920
-0.798966
-1.140346
-3.404553
-0.148884
-0.896181
-1.538867
-0.221760
-0.658387
-1.827916
-3.235273
-0.406459
-2.571889
-1.693544
-0.107545
-1.167197
-0.411548
-0.379604
-1.514627
-0.872930
-0.144175
-1.547652
-0.390763
-0.631946
-0.905750
-0.219531
-0.484074
-0.195992
-1.670894
-1.043538
-1.706906
-0.120975
-2.102534
-0.865387
-1.285150
-1.212477
-0.367406
-0.593063
-0.638568
-0.243363
-0.474685
-1.594892
-1.309997
-1.538386
-0.083364
-0.801753
-0.016054
-0.348042
-0.314816
-0.950874
-2.388180
-0.884088
-1.699346
-0.590551
-0.973419
-1.933200
-0.568617
-1.815646
-0.665491
-1.391355
-0.198860
-0.088650
-0.072448
-0.977726
-0.965799
-0.507533
-0.473885
-0.784643
-0.692101
-1.928439
-0.293034
-4.349558
-0.783346
-1.446191
-0.050007
-0.786298
-0.062675
-0.855373
-0.021162
-1.216542
-0.118399
-0.325425
-0.159643
-2.232463
-0.559638
-1.716984
-1.750740
-0.064667
-1.865981
-0.162278
-0.017514
-1.518007
-0.100526
-0.256926
-0.036890
-0.052923
-0.145966
-1.756672
-0.531437
-0.570535
-0.082875
-0.371870
-0.354039
-2.208374
-0.783916
-0.018652
-1.250763
-0.184064
-0.068051
-1.135002
-1.673176
-0.756286
-2.820804
-0.291465
-1.401655
-0.298834
-0.157519
-1.063145
-0.051670
-0.719417
-1.595653
-3.772278
-0.792129
-0.480906
-1.083660
-0.201690
-1.630414
-0.584446
-0.148137
-0.388928
-0.532974
-2.382705
-0.065453
-0.011362
-0.193474
-0.462296
-1.753050
-0.290945
-0.967596
-0.187363
-0.341548
-0.590886
-0.148669
-2.084971
-0.428947
-0.472728
-2.104113
-0.757562
-0.414871
-0.349516
-1.530631
-0.943087
-0.692567
-0.263770
-1.453973
-0.077138
-1.943732
-0.025398
-0.186424
-0.203155
-0.718063
-0.264485
-0.168217
-0.480625
-0.174745
-0.267675
-0.067665
-0.078268
-0.129801
-0.167033
-0.483448
-0.342388
-0.571932
-0.115033
-0.812269
-0.129029
-0.198606
-2.881424
-0.657284
-0.160879
-0.289277
-0.179950
-0.966711
-1.371061
-0.688677
-1.002182
-0.211660
-0.010551
-0.376329
-2.068287
-1.112369
-2.385136
-0.070921
-0.017284
-0.883828
-1.941803
-1.482648
-0.156504
-1.420845
-0.820877
-0.630599
-0.007430
-0.590678
-1.506777
-0.031068
-3.861991
-1.143235
-1.370573
-0.272530
-0.255080
-1.017683
-0.261326
-0.164430
-0.186324
-0.351949
-0.259095
-0.094673
-0.121051
-0.263572
-0.487959
-0.373655
-0.396524
-1.336812
-0.171522
-0.610255
-0.781316
-0.161603
-0.076743
-1.328042
-0.236265
-0.049925
-1.275910
-0.198543
-0.290976
-0.491029
-2.733272
-0.228044
-0.856385
-1.233259
-1.333084
-0.934681
-0.036851
-1.169024
-0.043945
-0.024265
-1.266014
-0.221720
-0.608478
-0.056674
-0.492291
-0.388171
-0.000435
-0.040691
-0.887120
-0.377623
-0.762952
-0.943642
-1.789696
-0.495099
-0.500453
-1.713549
-1.467878
-0.016275
-0.371004
-0.829200
-0.177150
-0.333382
-0.415819
-1.518800
-0.309924
-0.031523
-0.393135
-0.103382
-0.290869
-1.018858
-0.431844
-0.517604
-0.357239
-0.042582
-0.706108
-0.263547
-1.029885
-2.136242
-1.025106
-1.756617
-1.985206
-0.322071
-1.835967
-0.098025
-0.126004
-0.211396
-0.275315
-2.008168
-0.246195
-0.843499
-0.429549
-0.528241
-0.258970
-1.687863
-1.347047
-1.633496
-0.690061
-0.773999
-0.335567
-0.230992
-0.412683
-0.224265
-2.582622
-1.222039
-0.386304
-0.441290
-0.375928
-2.114816
-1.641903
-0.358809
-0.678998
-0.333660
-0.952273
-0.443723
-0.700822
-0.855564
-0.023172
-0.801884
-0.116388
-3.462368
-0.128234
-0.141586
-0.839921
-0.395102
-2.043405
-0.808959
-0.265465
-1.740365
-0.077086
-0.897912
-0.439062
-0.691572
-0.476989
-1.766464
-0.874694
-0.394812
-1.202667
-1.928385
-0.055107
-0.295999
-0.815083
-0.597740
-2.814345
-1.061514
-1.069562
-0.895132
-0.744722
-0.460603
-0.889202
-0.355222
-1.034526
-0.502278
-0.066842
-0.902891
-0.376559
-0.289010
-1.010282
-0.014523
-1.192453
-0.027125
-0.086996
-1.266410
-0.725034
-0.092079
-0.531468
-1.425828
-0.382455
-0.708642
-0.917100
-0.749967
-0.060506
-0.118174
-0.018668
-0.853680
-3.926155
-0.867599
-0.328125
-0.339761
-0.078754
-0.114146
-0.170795
-1.302303
-0.104708
-0.190136
-0.707936
-0.694438
-1.842131
-0.952495
-0.691399
-1.398315
-0.721473
-0.081410
-0.099718
-0.265049
-0.647260
-0.426784
-0.275234
-1.266976
-0.296552
-0.804747
-0.456525
-1.535677
-1.905755
-1.843638
-0.778908
-0.619431
-0.004223
-0.344472
-1.204777
-1.281050
-0.211107
-0.054137
-1.463660
-0.672055
-0.057083
-2.964360
-1.101721
-0.300931
-0.149058
-0.391658
-0.065052
-0.043797
-0.157344
-2.646764
-1.124087
-0.612952
-0.492540
-0.707154
-0.473341
-0.525549
-0.763022
-0.231185
-0.060990
-0.047473
-1.078668
-0.021944
-1.635605
-0.761733
-0.814527
-0.948480
-0.540385
-2.178464
-0.057074
-1.236162
-1.438497
-0.441432
-0.412094
-0.351947
-0.257750
-0.105884
-0.348883
-0.266378
-1.053750
-3.060585
-2.541374
-0.394633
-0.025362
-2.707631
-0.690845
-1.045453
-0.978952
-0.592949
-0.848383
-0.756514
-2.021343
-0.426996
-0.393070
-1.561383
-0.644131
-0.664783
-0.414724
-0.326366
-0.794758
-0.352727
-1.094805
-2.001344
-0.074713
-0.057189
-0.052380
-0.703946
-1.378432
-0.848965
-0.512846
-0.254288
-0.335409
-0.539033
-1.866161
-2.055321
-0.686670
-1.998846
-0.941421
-1.700268
-0.972860
-2.804756
-0.185921
-0.559023
-0.060604
-0.746931
-0.135165
-0.469260
-1.472492
-0.683683
-0.057073
-0.896977
-0.614840
-0.147564
-1.146688
-0.840767
-0.409369
-2.115683
-0.442213
-0.289338
-0.239043
-2.579336
-0.451951
-0.159606
-0.903907
-0.436446
-0.033769
-0.810389
-0.458332
-0.518417
-0.033549
-1.824388
-2.308483
-1.128101
-0.260246
-0.645429
-0.031325
-0.217695
-0.412512
-1.137031
-0.375108
-0.334149
-1.294231
-1.025418
-0.283867
-0.028675
-0.664432
-0.226319
-1.377490
-0.496898
-0.690335
-0.838238
-0.076551
-1.917044
-3.389037
-0.305356
-0.417002
-1.793731
-1.525972
-0.750609
-0.090014
-2.704719
-0.623394
-2.381952
-0.956298
-1.339048
-0.421560
-2.773654
-0.411928
-1.475302
-1.565491
-0.913784
-2.196831
-1.490325
-0.355218
-0.764500
-0.088069
-0.588214
-0.121644
-0.073590
-0.180960
-0.191151
-1.287691
-2.144359
-0.197747
-0.230137
-0.371162
-1.316826
-1.604770
-0.019915
-1.151434
-0.381167
-2.033910
-1.145902
-0.617819
-0.422373
-0.672296
-1.333733
-0.122573
-0.415290
-0.936799
-0.030065
-1.277262
-2.359505
-0.828585
-0.045670
-0.307886
-2.060076
-2.484556
-0.019330
-0.434267
-0.351143
-0.985686
-0.323709
-0.011707
-0.278828
-0.176528
-1.081662
-0.024497
-0.177322
-1.841380
-0.841602
-0.098822
-1.290276
-0.777205
-1.370780
-0.045920
-2.972534
-0.164138
-1.316259
-1.101490
-0.099840
-0.550305
-1.111018
-0.458071
-0.673064
-0.989421
-2.712961
-0.546186
-1.513148
-0.419443
-0.918057
-0.028479
-1.126127
-2.577762
-1.985384
-1.019696
-0.350459
-0.770254
-2.583303
-0.127432
-1.069648
-0.400431
-0.996900
-0.674689
-0.764436
-0.479244
-0.659178
-0.931147
-2.976514
-0.141696
-0.192889
-0.209972
-1.407378
-0.235554
-0.019334
-1.309269
-0.830727
-0.941031
-0.454077
-0.414200
-1.047219
-0.893082
-0.385059
-0.395811
-0.682006
-1.286795
-0.865834
-0.328884
-0.481030
-1.254416
-0.375353
-2.052228
-0.624082
-0.056198
-0.402538
-0.021091
-0.372848
-0.003602
-0.008210
-0.434056
-0.453345
-0.155448
-0.570443
-0.599034
-0.693270
-0.834331
-2.173658
-1.248786
-0.856986
-1.455171
-0.907041
-0.224886
-0.145044
-0.284443
-0.116864
-1.297625
-1.065681
-1.041517
-0.290062
-0.808952
-0.479235
-0.789666
-0.116652
-0.421017
-1.043701
-0.252913
-0.508515
-0.458404
-0.649872
-1.013187
-0.576255
-2.635018
-2.398692
-0.493923
-0.061023
-1.036612
-0.544390
-0.079370
-1.175487
-1.247840
-0.528860
-0.001580
-0.816170
-0.869018
-0.494125
-0.005312
-0.164669
-0.013049
-0.762631
-0.975592
-0.550707
-0.199294
-0.331841
-0.087241
-0.347162
-0.939630
-0.797625
-0.558655
-0.126797
-0.335415
-0.274085
-0.035208
-0.938942
-1.623947
-0.273185
-0.734804
-0.178856
-0.027244
-0.215697
-0.144577
-0.373910
-0.330865
-0.130637
-0.779121
-0.678609
-1.662672
-0.630182
-0.094220
-0.284617
-0.297579
-1.361014
-2.995123
-0.213282
-1.397929
-0.528252
-1.203028
-1.217399
-0.931527
-0.865432
-2.185312
-0.876462
-1.310761
-1.277706
-0.077098
-0.936201
-0.197820
-2.518155
-0.979907
-0.665038
-1.625267
-2.338933
-0.066412
-0.078880
-0.141809
-0.978903
-0.666779
-0.406864
-0.534957
-1.899407
-1.169822
-1.223205
-0.575530
-0.345582
-0.075617
-0.513960
-1.799636
-0.317670
-0.222141
-0.859266
-0.246231
-0.592656
-0.002105
-2.069113
-0.708668
-0.031635
-1.387869
-0.203380
-0.394070
-0.049878
-0.150147
-0.202098
-0.530424
-0.105625
-0.002190
-0.758740
-1.151245
-0.388360
-0.218232
-2.214966
-1.000892
-1.624103
-1.195033
-1.194670
-0.546251
-0.080443
-0.314236
-0.467527
-0.488951
-0.759542
-0.066904
-1.336141
-0.071329
-0.022206
-0.251584
-0.027842
-0.053783
-0.311831
-1.770488
-0.797246
-0.199899
-1.150611
-0.017190
-0.242541
-0.427476
-1.759202
-1.009119
-0.906355
-1.670395
-0.261388
-0.282912
-3.554224
-0.005148
-1.169377
-0.321980
-1.049917
-0.091635
-1.410301
-0.392864
-0.213952
-0.124725
-0.268881
-0.115526
-0.971221
-0.744814
-0.051122
-0.006099
-0.001767
-0.660309
-1.046097
-0.508252
-1.764817
-1.824650
-0.539854
-0.404909
-1.322038
-2.044316
-0.017828
-1.265377
-0.423528
-2.293231
-0.042021
-0.045453
-1.265769
-0.762270
-0.590256
-1.592774
-0.035598
-0.968538
-0.864102
-0.027322
-0.181995
-2.684756
-1.139972
-0.596596
-0.339094
-0.172787
-1.971445
-0.104205
-0.172025
-0.361099
-0.328614
-1.686737
-0.038829
-0.699771
-0.253191
-0.608863
-0.613191
-0.037368
-0.318084
-0.117851
-0.217369
-0.370379
-2.920208
-0.229014
-0.759435
-1.603408
-0.848254
-1.096119
-0.213165
-0.149149
-0.176113
-1.840473
-0.424062
-0.067613
-0.378113
-0.753191
-0.604983
-0.931522
-0.913692
-0.565058
-1.749691
-1.034165
-0.256171
-1.050775
-1.936341
-0.493000
-0.210671
-0.007195
-0.635888
-0.048602
-0.285890
-0.017423
-0.545457
-0.803944
-0.649955
-0.751223
-2.336344
-0.034356
-0.874697
-0.678635
-0.296713
-0.118665
-0.482887
-0.099529
-0.543649
-2.438078
-1.806765
-1.623055
-1.711071
-0.554835
-0.070848
-0.380768
-1.427680
-2.207055
-0.122376
-1.840329
-1.639644
-0.306938
-0.387710
-0.047836
-0.094621
-0.703831
-2.620393
-0.611132
-2.399064
-1.211204
-2.679440
-1.449316
-2.409545
-0.013955
-0.537662
-1.778010
-0.536359
-0.594302
-0.004857
-0.358361
-0.894482
-2.243746
-0.635374
-0.019121
-1.217926
-1.452443
-0.607952
-1.221326
-0.417473
-0.984917
-1.578495
-0.568993
-0.265111
-0.908190
-2.832713
-0.183409
-0.973919
-0.978939
-1.708936
-0.166058
-0.725016
-0.069497
-0.336604
-0.595969
-0.772214
-0.519825
-0.085340
-0.541746
-1.041011
-1.752038
-1.370021
-0.105779
-0.537294
-0.359396
-0.188987
-0.524461
-1.155558
-0.331607
-0.756508
-1.083407
-0.411255
-0.131695
-0.987340
-0.075288
-0.047540
-0.007279
-0.096622
-0.315678
-0.487057
-0.853476
-0.461394
-0.614983
-0.365274
-0.520167
-1.145267
-0.111031
-0.313909
-1.237229
-0.707617
-0.728681
-0.660592
-0.055023
-0.694404
-0.488010
-2.758550
-0.772460
-0.492711
-0.404873
-0.155796
-0.064629
-0.049407
-0.351590
-0.679229
-0.565620
-1.612680
-0.076355
-0.111546
-0.868957
-0.303488
-0.561771
-0.233825
-0.830738
-0.034734
-0.052829
-2.071465
-2.023648
-0.474901
-1.362707
-0.787490
-0.730573
-0.102695
-0.546467
-0.557920
-0.079115
-0.821094
-1.746384
-0.768220
-0.910524
-0.090576
-0.831943
-0.466905
-0.532054
-1.585517
-0.108541
-0.962329
-0.046585
-1.370515
-0.651110
-0.002836
-0.616837
-0.053386
-0.087437
-0.129351
-0.340299
-0.713782
-0.509922
-0.279238
-0.218307
-0.091644
-0.066445
-0.522441
-1.443648
-0.044402
-0.926688
-0.561045
-0.189745
-0.340739
-0.607313
-0.182385
-1.391140
-0.070949
-0.661480
-0.083605
-0.354506
-0.594568
-0.194693
-0.272135
-0.489229
-0.791732
-0.021857
-0.716798
-0.375631
-0.879195
-0.060960
-0.548206
-1.098920
-1.082175
-0.951246
-0.045189
-0.800058
-1.198717
-0.651434
-0.350758
-2.444035
-0.610897
-0.111524
-0.565930
-0.079020
-0.934006
-0.405141
-3.233404
-1.116130
-1.270482
-0.463020
-1.376015
-0.685702
-0.074830
-2.539249
-0.542746
-0.544023
-0.839611
-0.313376
-1.440876
-0.071480
-1.997028
-0.300601
-0.446228
-2.367133
-0.690049
-1.814503
-1.124779
-0.226438
-2.891194
-0.561032
-0.169607
-0.685571
-1.027542
-0.361942
-1.273941
-0.056624
-0.819165
-1.133779
-0.534082
-0.820737
-0.642733
-0.052179
-0.394255
-0.229187
-1.306969
-2.289133
-0.477612
-0.870869
-0.925062
-1.304948
-0.296213
-0.113904
-0.404237
-0.031973
-0.105458
-0.287951
-0.572999
-1.101600
-1.969538
-0.237359
-0.708608
-1.329832
-0.631998
-0.496104
-0.612659
-1.502060
-0.097477
-0.044358
-0.172014
-0.614569
-1.239475
-0.020413
-1.298751
-0.055863
-0.222603
-0.687405
-0.399736
-0.778933
-0.652299
-0.056040
-0.222738
-0.053892
-1.015231
-0.272968
-1.416611
-1.546925
-0.039446
-0.233447
-0.944260
-0.305493
-0.292440
-0.438744
-1.661311
-0.475156
-1.095650
-0.884579
-0.319441
-1.997361
-0.091321
-0.182226
-0.008791
-1.184380
-0.338204
-0.458647
-1.549758
-0.398376
-0.570387
-0.164862
-2.968840
-0.422341
-0.147326
-1.087893
-1.320976
-0.184355
-0.302457
-0.212128
-0.008732
-0.481794
-1.674565
-0.019916
-2.063191
-0.013193
-0.511844
-0.086294
-1.283021
-0.002820
-2.840666
-1.756351
-0.351860
-0.834072
-1.271322
-0.328393
-0.351861
-0.644908
-1.098911
-0.667830
-0.664105
-0.147949
-1.760263
-0.049785
-0.278926
-1.681937
-1.018328
-1.572821
-0.793806
-0.109258
-3.070297
-0.051757
-0.618283
-0.050226
-0.056528
-0.375185
-0.003291
-0.248771
-1.398237
-0.170307
-0.811050
-0.202317
-2.079815
-0.899961
-1.435266
-0.125654
-1.127252
-0.120343
-0.107236
-1.939948
-0.394654
-1.018837
-0.343487
-0.318290
-0.089813
-0.365149
-1.323246
-0.560616
-0.254876
-0.185500
-1.383023
-0.313369
-0.167443
-0.220665
-0.628345
-0.753072
-0.184395
-0.461022
-0.735566
-1.390296
-1.856095
-0.933833
-1.074587
-0.562657
-1.627681
-1.282923
-0.369214
-0.485543
-0.622612
-0.325012
-0.151077
-0.066715
-0.930725
-0.072977
-1.178454
-0.039022
-0.103632
-0.556593
-1.123647
-2.463654
-0.536388
-0.219310
-1.051924
-0.713984
-0.375243
-0.665379
-0.644803
-0.129695
-0.194361
-0.299700
-0.027827
-0.423968
-0.389640
-0.422064
-0.359044
-2.336209
-0.241691
-0.038523
-0.455472
-0.617216
-0.649723
-0.408425
-0.594375
-0.152059
-0.025899
-0.291667
-0.116770
-0.292086
-1.391545
-0.480673
-0.932981
-1.410119
-1.081765
-0.322221
-0.054313
-0.132650
-0.892618
-0.988498
-0.232773
-1.676135
-0.092017
-0.624144
-0.244070
-0.154890
-0.357669
-0.641254
-0.465933
-0.173194
-0.127069
-0.672592
-0.522471
-0.557308
-0.076076
-0.098101
-0.028670
-1.780168
-0.144950
-2.629714
-0.436972
-0.137513
-0.892320
-0.162355
-0.487882
-2.022112
-0.695048
-1.981478
-0.182259
-0.029643
-2.661249
-1.095398
-1.704461
-0.612820
-0.145914
-0.057239
-0.346767
-0.354010
-2.522040
-1.224365
-0.943919
-1.960267
-0.365867
-0.565938
-0.055231
-1.377256
-1.022820
-0.713118
-0.287430
-3.349146
-2.318485
-0.248279
-2.355651
-0.623285
-3.213850
-0.622161
-1.499767
-0.320154
-0.408196
-1.571273
-0.005561
-0.613201
-0.731567
-0.281848
-0.254624
-0.709010
-1.715208
-0.915079
-0.014016
-0.478233
-0.983885
-0.617299
-0.670487
-1.317172
-1.107602
-0.531092
-0.146428
-0.779376
-1.224745
-0.842409
-2.664588
-0.502240
-0.883465
-0.384439
-0.027514
-0.009536
-0.190380
-2.956436
-0.225964
-1.770889
-1.529309
-0.372989
-0.823773
-1.361727
-0.867820
-0.177587
-0.070193
-0.594562
-1.096860
-0.558421
-0.045686
-1.208529
-1.089737
-0.391551
-0.454588
-0.675996
-1.233843
-0.271472
-1.668927
-0.396656
-1.487910
-0.016282
-2.074034
-0.434990
-0.065040
-2.949554
-1.143272
-0.803638
-2.167043
-0.153020
-0.173365
-1.057934
-0.068182
-0.511198
-0.395309
-3.439790
-2.203901
-0.997365
-0.136441
-0.714795
-0.577043
-0.480902
-1.973031
-1.785291
-0.240212
-0.601987
-0.366832
-0.668874
-0.082509
-0.417407
-1.332792
-1.457836
-0.635753
-0.965499
-0.059102
-2.039416
-1.769271
-0.507379
-0.011089
-0.001416
-0.545771
-0.599270
-1.188531
-0.298865
-0.508756
-0.108968
-0.475664
-0.505347
-3.763041
-0.905268
-0.103402
-0.243253
-0.975839
-2.377951
-1.270990
-0.470985
-0.762073
-0.074576
-0.175188
-0.347804
-2.161392
-0.452447
-0.180676
-0.063939
-0.486918
-3.764416
-0.696849
-0.634960
-1.290923
-2.346032
-0.178816
-0.414526
-0.661827
-3.337865
-0.157779
-1.556061
-0.785519
-0.681320
-0.993580
-0.479426
-0.557684
-3.063386
-1.347717
-0.872170
-1.116106
-0.792496
-3.394316
-0.939119
-1.059023
-0.232657
-1.090846
-0.574522
-0.189772
-0.146349
-0.176362
-0.492823
-0.239942
-0.117803
-0.484033
-0.106609
-1.181934
-0.058647
-0.424014
-2.088005
-0.111899
-0.254340
-0.575371
-0.978233
-1.511989
-0.133885
-1.017965
-1.701598
-0.893583
-0.395156
-1.267207
-0.387593
-0.054663
-0.070791
-1.007128
-0.313847
-0.381199
-0.005398
-0.095265
-0.176886
-1.327675
-1.053587
-0.557124
-0.189836
-0.024020
-0.636412
-0.029309
-1.550053
-0.403666
-0.126922
-0.474946
-0.350640
-0.008723
-2.434855
-0.562452
-0.543890
-1.459433
-0.275243
-0.430815
-0.407760
-0.156428
-0.286280
-0.505673
-1.717602
-0.333633
-0.064113
-0.503171
-0.038318
-0.702781
-1.895704
-0.842357
-0.110515
-0.685904
-0.647132
-0.429070
-0.495006
-1.428700
-0.287489
-1.309217
-0.024543
-0.103224
-1.119524
-1.218818
-0.001940
-0.383231
-1.090736
-0.201871
-0.293765
-0.002293
-1.375119
-0.205857
-2.191486
-0.143777
-1.902078
-3.322608
-0.060945
-1.122285
-0.543423
-0.163244
-1.255912
-1.318902
-0.988794
-0.651315
-0.839798
-0.610091
-1.090375
-1.099110
-0.108479
-0.322497
-0.769962
-0.302193
-1.020522
-3.754440
-0.155407
-0.511226
-0.498256
-0.564516
-2.183980
-1.193354
-0.139831
-0.000126
-0.061231
-0.289122
-0.903227
-1.525845
-0.602609
-0.396101
-2.368006
-0.935935
-0.148161
-0.117904
-3.870905
-0.032813
-0.094132
-0.462550
-0.216647
-0.146887
-0.941895
-0.442556
-2.995244
-1.524734
-0.003218
-0.092937
-0.621498
-1.316604
-2.537525
-1.335961
-0.310632
-0.339838
-0.006494
-0.057971
-0.894005
-0.588653
-0.229699
-0.049938
-0.475685
-0.765111
-0.644770
-1.393163
-0.673010
-2.531635
-0.143517
-0.023857
-0.056496
-2.082717
-0.999186
-0.950254
-1.164748
-0.193908
-1.462552
-1.205022
-0.098562
-2.244020
-0.545444
-0.187839
-1.327219
-1.739755
-0.087874
-0.066138
-0.301612
-0.300525
-0.073930
-0.193524
-0.532691
-1.106410
-1.396805
-0.415213
-2.276786
-0.074306
-1.671174
-0.042443
-0.233555
-0.905439
-0.335388
-0.619925
-0.643886
-1.389955
-0.557311
-0.450914
-1.003115
-1.958886
-0.190146
-0.509641
-0.317010
-0.358756
-1.244520
-0.711791
-0.375587
-1.003841
-1.086045
-0.100344
-0.016465
-0.163684
-0.269457
-2.752604
-1.334061
-0.753445
-0.416412
-0.189224
-0.606542
-0.668648
-0.084977
-1.375541
-0.578814
-0.028986
-0.091185
-0.817268
-0.697684
-0.288432
-1.383876
-0.216171
-0.185973
-1.009398
-3.197058
-0.006019
-0.587404
-1.482897
-0.334818
-0.743435
-0.070841
-0.056165
-1.081485
-1.338838
-1.994567
-2.170927
-0.599654
-0.785581
-0.794008
-1.203498
-2.910052
-1.269278
-0.447736
-0.067543
-0.361791
-1.217623
-1.482938
-0.120436
-0.001098
-2.865335
-0.151117
-1.686752
-1.180983
-0.308004
-0.054914
-1.675646
-0.801493
-0.159526
-1.005052
-0.198247
-0.045737
-0.804630
-0.095878
-0.084463
-1.561248
-0.492548
-0.724836
-0.879548
-0.013274
-0.149996
-0.913442
-0.088319
-0.411280
-0.057044
-2.556274
-0.211096
-0.315435
-0.269247
-0.418673
-0.166514
-0.118495
-0.197249
-0.636103
-0.673817
-1.020495
-0.862051
-1.367314
-0.574167
-0.040362
-0.111409
-0.309265
-0.602145
-0.536137
-0.709474
-0.063964
-0.004892
-0.038173
-0.651439
-1.223247
-1.121254
-0.325048
-2.595525
-1.026315
-0.066922
-0.050210
-0.023103
-0.783217
-0.543004
-0.020460
-0.373030
-0.812441
-0.298544
-2.310955
-0.157750
-0.177079
-1.825605
-1.259499
-0.398715
-0.658100
-3.465370
-2.233527
-0.160952
-0.703644
-0.128920
-0.019619
-1.173128
-1.549247
-0.175700
-1.624653
-0.263909
-0.234855
-0.568262
-0.578688
-0.120840
-0.763238
-0.889262
-0.512055
-1.632257
-0.354795
-1.373200
-0.155498
-0.479834
-0.794943
-1.486870
-0.182490
-0.546640
-0.667162
-0.164054
-0.103843
-1.540104
-1.204100
-1.736028
-0.878621
-0.246136
-1.691710
-0.196277
-0.058578
-0.365607
-0.097687
-2.254775
-1.451975
-0.160638
-1.553466
-0.749397
-0.731983
-1.706451
-0.141046
-0.641540
-0.150216
-0.074301
-1.660507
-0.164243
-2.527960
-0.621964
-0.273895
-0.638757
-1.067300
-0.147558
-0.492932
-0.129900
-0.323623
-3.267113
-0.126672
-1.277986
-0.733969
-0.353655
-0.027977
-2.163325
-0.262987
-0.292965
-0.136763
-0.455079
-0.015946
-1.079134
-0.265340
-0.057918
-1.731438
-0.003227
-0.835357
-0.559919
-0.185276
-0.643700
-0.595538
-1.185703
-0.648978
-0.494698
-0.457250
-0.682064
-0.191238
-0.129676
-0.077709
-0.230940
-0.477030
-2.470217
-1.117275
-0.890919
-1.548960
-0.372866
-0.114932
-0.016699
-0.158897
-2.421145
-0.249291
-1.616374
-0.321313
-3.519842
-0.054132
-1.074481
-0.216053
-1.025907
-0.554451
-0.897312
-3.001183
-0.749868
-0.053681
-1.616195
-0.975356
-1.043221
-1.004307
-0.458969
-0.465874
-0.780901
-0.394533
-0.640789
-0.084025
-1.517071
-1.622946
-0.105272
-1.836085
-0.151257
-0.563287
-0.204683
-2.724928
-0.968210
-0.140247
-1.339115
-0.121228
-0.731879
-0.656459
-0.887045
-0.264893
-1.107776
-0.629925
-0.971874
-0.575849
-0.112048
-1.787896
-0.343623
-2.676951
-1.213178
-0.859566
-0.542343
-2.356286
-0.303204
-1.692961
-0.461512
-0.568617
-0.988571
-0.229693
-1.018074
-1.102033
-0.648977
-0.777821
-0.330293
-0.239220
-0.265294
-1.384905
-0.001412
-1.332384
-0.122789
-0.029931
-0.583079
-1.582332
-0.039479
-0.212237
-0.939942
-0.753690
-2.924395
-0.041456
-2.296451
-0.936051
-0.559299
-1.105645
-1.809752
-1.106459
-0.760506
-0.133548
-0.881958
-0.257039
-0.101285
-1.869964
-2.438810
-1.566325
-0.282604
-0.065799
-0.794938
-1.877793
-0.343621
-1.797494
-0.172812
-2.703025
-0.962920
-0.839018
-0.004744
-1.057251
-0.105122
-1.361280
-0.230983
-0.808504
-0.876367
-0.119878
-0.419206
-0.140685
-0.073909
-0.596944
-0.461477
-0.282989
-1.208283
-0.792331
-0.254443
-0.069337
-1.048476
-0.226168
-0.330464
-1.888605
-1.862407
-1.434568
-0.232532
-0.790403
-0.408414
-0.499450
-0.182482
-0.013924
-0.627219
-1.453664
-0.859617
-0.071856
-0.035269
-0.260890
-0.882258
-0.702140
-0.605830
-0.158990
-0.520235
-0.177638
-0.174623
-2.182420
-0.522193
-1.377156
-1.615435
-0.200485
-0.518696
-2.543217
-0.108290
-1.116973
-0.242955
-0.123568
-0.646532
-1.585459
-1.546549
-1.381067
-2.093387
-0.151433
-0.862080
-0.511965
-0.025258
-0.679656
-0.569096
-0.215480
-0.445071
-0.867147
-0.883652
-1.521055
-0.025033
-0.877991
-1.685577
-2.373022
-2.435647
-0.347682
-2.243699
-0.799372
-0.088855
-1.018309
-1.854939
-0.097549
-1.579635
-0.361667
-0.022222
-0.977956
-0.699536
-0.198352
-2.126699
-0.647423
-0.189034
-1.897525
-1.233190
-0.685394
-1.462768
-0.868656
-1.279086
-0.227800
-1.670453
-0.421502
-1.011531
-3.710882
-0.039648
-0.691558
-0.121964
-0.738875
-0.567032
-2.293779
-0.150919
-0.179870
-0.204715
-0.112884
-1.262664
-1.671771
-0.804143
-0.892277
-0.390755
-0.686998
-0.143148
-0.808793
-0.165929
-0.251744
-0.163733
-3.614765
-1.461065
-0.720466
-0.851472
-0.607951
-0.731180
-0.042421
-0.106153
-0.896274
-0.122384
-1.942281
-0.043160
-0.036710
-0.190917
-1.890538
-0.614236
-1.937502
-0.994601
-1.535992
-1.771524
-1.547607
-0.407875
-0.618896
-2.226851
-1.847218
-1.271752
-0.443166
-0.379331
-0.123231
-0.084739
-2.982669
-0.216654
-0.108375
-1.594581
-0.071675
-1.036287
-1.298820
-0.122933
-0.264491
-0.259508
-1.611377
-0.044958
-0.494001
-0.429044
-0.850471
-0.246005
-0.943748
-0.288015
-0.282929
-0.387649
-0.313304
-0.149399
-0.081977
-0.154109
-0.291022
-0.493747
-0.663288
-0.325998
-0.179461
-0.719263
-1.099041
-0.446950
-0.067465
-0.788948
-1.338490
-0.219985
-1.316999
-0.939649
-2.054963
-1.802831
-0.054663
-0.185140
-1.758010
-1.977134
-0.158314
-0.568768
-0.981034
-0.494059
-0.175058
-0.305042
-0.815841
-0.300557
-1.443903
-0.320921
-0.271545
-0.157944
-2.460503
-2.468289
-1.343297
-0.398718
-0.817339
-1.376078
-0.751890
-1.952838
-0.144746
-0.908273
-0.566958
-0.256082
-2.577059
-1.551204
-1.038650
-0.613194
-0.196872
-2.303096
-0.013895
-1.412118
-1.453378
-0.961966
-1.319603
-1.494440
-1.338667
-0.255074
-1.144151
-0.303842
-0.232602
-1.417476
-0.092949
-0.088443
-0.650538
-0.871152
-0.197484
-0.263848
-1.463265
-0.187941
-1.372018
-0.498913
-0.866290
-0.175366
-1.891081
-0.285563
-1.496923
-0.652589
-0.403282
-0.177107
-0.048017
-1.793399
-1.156155
-0.203062
-1.174685
-0.621360
-1.264772
-0.692041
-0.032013
-0.066192
-1.160926
-0.233111
-0.764134
-0.317528
-0.341719
-1.072906
-0.274160
-0.945247
-0.100415
-0.006368
-2.322234
-0.053868
-0.313059
-0.446941
-0.372230
-0.483049
-0.527950
-0.002150
-0.023560
-0.339375
-4.078384
-0.137392
-0.513252
-0.311719
-1.592096
-0.644684
-0.464837
-0.702106
-0.247171
-1.288821
-0.053406
-1.252127
-0.596192
-0.457772
-0.185139
-0.178945
-0.459131
-0.123738
-0.169925
-0.098668
-0.663739
-0.755178
-0.496312
-0.188355
-0.902080
-3.008286
-0.004530
-0.903195
-0.107790
-0.846618
-0.068891
-0.060045
-0.504191
-0.356532
-1.675940
-0.213280
-1.649118
-1.149476
-0.000645
-0.545476
-0.426745
-0.416617
-0.388163
-0.007187
-0.784225
-0.551558
-0.619974
-0.458853
-0.592712
-1.588560
-0.075887
-0.279422
-0.060605
-0.047987
-0.020380
-1.546985
-0.425688
-1.607793
-0.969734
-0.352892
-1.979482
-0.337018
-0.446111
-0.881621
-1.755567
-1.287928
-0.682178
-0.159516
-2.068506
-0.311927
-1.978189
-1.001367
-0.166166
-1.076519
-1.961716
-0.037726
-0.093010
-0.398132
-2.137828
-0.440229
-1.943168
-0.517560
-1.750973
-1.611321
-1.219768
-0.277003
-0.372112
-1.791988
-0.788563
-0.149482
-0.556705
-0.008681
-0.540047
-0.662639
-0.391870
-1.593711
-0.171075
-0.198801
-3.627892
-1.440024
-1.036218
-1.956078
-0.061072
-0.291361
-0.818190
-0.053095
-0.193394
-0.220419
-0.842252
-1.738026
-0.436253
-0.308904
-5.542977
-1.492121
-0.427857
-0.012619
-0.184822
-2.116712
-1.203263
-0.114058
-0.341104
-0.661773
-0.087816
-0.273343
-0.930747
-0.564509
-0.831341
-0.014847
-0.937063
-2.242864
-0.907910
-1.158187
-1.697330
-0.574778
-1.634473
-0.106886
-1.192886
-0.198149
-0.184841
-1.306834
-0.233814
-0.000278
-1.347699
-0.919031
-2.378146
-0.457072
-0.324896
-2.118206
-0.023067
-0.133120
-0.331696
-1.936004
-0.017640
-0.413772
-0.281487
-2.207958
-1.076876
-0.079986
-1.507980
-1.360757
-1.099353
-0.410613
-0.437844
-0.184567
-1.077823
-0.448873
-0.503166
-0.859967
-0.048108
-1.141308
-1.223890
-0.872674
-0.700855
-1.009221
-0.868620
-0.743610
-0.395978
-1.668575
-0.096298
-0.234584
-1.119875
-0.528304
-0.443926
-0.224530
-0.463541
-0.191976
-1.192177
-0.039052
-1.293082
-0.275707
-3.227006
-2.974437
-0.762442
-1.270721
-1.374522
-0.377777
-0.442858
-0.799599
-0.813724
-1.117141
-0.007161
-0.147149
-0.883881
-0.151165
-0.031304
-0.805765
-0.315254
-3.343274
-0.012867
-0.010444
-0.961783
-0.106361
-1.291778
-0.241472
-0.083660
-1.718964
-0.078570
-0.947628
-0.745768
-0.940356
-1.643895
-0.550335
-0.919909
-0.377731
-0.102191
-0.732691
-1.602683
-1.287698
-1.287962
-0.451787
-1.679564
-0.015177
-0.200302
-0.576151
-0.272676
-0.865582
-0.122012
-0.195516
-0.008222
-1.780429
-0.212561
-0.519214
-0.810046
-0.538013
-1.206734
-0.156022
-1.786183
-0.050291
-0.010732
-1.807299
-0.019352
-3.165908
-0.318525
-0.485509
-0.913725
-1.147842
-0.163377
-0.262636
-2.200356
-0.825877
-0.599720
-0.013238
-0.373195
-0.308131
-0.420575
-0.169194
-0.151163
-1.654289
-0.815249
-0.403950
-0.113253
-0.012219
-0.296063
-0.094973
-0.659333
-0.993192
-0.443994
-0.382430
-0.109864
-1.771866
-1.972033
-0.025647
-2.074235
-1.782039
-2.378631
-0.143284
-0.594173
-0.308776
-0.482757
-1.845014
-0.128439
-0.455224
-0.448824
-0.525527
-1.657063
-2.183282
-0.571415
-1.100776
-0.944284
-0.492243
-0.617345
-0.640346
-2.191930
-0.337934
-0.097271
-0.083702
-1.475277
-1.003599
-1.531097
-0.349412
-0.883436
-0.882424
-0.302237
-0.031838
-0.130153
-1.307239
-0.369035
-0.076783
-0.918281
-1.346144
-0.048025
-0.427670
-0.553799
-2.139732
-0.484752
-0.414771
-0.574602
-0.184085
-0.464484
-0.142587
-0.262205
-2.372450
-0.482723
-0.175526
-1.972932
-1.040741
-0.295179
-0.525383
-0.110726
-1.252765
-0.299368
-0.773122
-0.368029
-0.270567
-1.372405
-0.139792
-0.490186
-2.071133
-0.567018
-0.965507
-1.251611
-1.337151
-0.197944
-1.272702
-0.847967
-0.751409
-1.203067
-0.142723
-0.383006
-0.050815
-0.002351
-0.059629
-0.018161
-0.391538
-0.654086
-0.374658
-1.146441
-0.176223
-0.735389
-1.145703
-0.694252
-1.131088
-0.024101
-0.000342
-0.150400
-1.141878
-0.606189
-0.105050
-0.184941
-0.489955
-1.287668
-0.270656
-1.916766
-0.129674
-2.796360
-0.427931
-0.138036
-2.053291
-0.242421
-2.371266
-0.079079
-0.134402
-0.615430
-0.586133
-0.525139
-1.049998
-0.011239
-0.121375
-0.172358
-0.450360
-0.708168
-0.335812
-1.235589
-0.240872
-0.131805
-0.161516
-0.544642
-1.310663
-0.015756
-0.068908
-2.254191
-0.380406
-0.449372
-0.301061
-0.951583
-0.592841
-1.408407
-0.063407
-1.162648
-0.543771
-1.567559
-1.298755
-1.544010
-0.111469
-0.630603
-0.711497
-0.236773
-1.182133
-0.320419
-0.522586
-0.453526
-0.928193
-0.024225
-0.830761
-0.266984
-0.151931
-0.163674
-1.672070
-0.049422
-0.625179
-0.205180
-0.645820
-0.281847
-0.970861
-0.000049
-0.017863
-0.454570
-2.582460
-0.969483
-0.624850
-0.353487
-0.000075
-1.115994
-0.065770
-0.014168
-0.158453
-0.672404
-1.443065
-1.333657
-3.646589
-0.604888
-0.549823
-0.030331
-0.875647
-0.005999
-0.705966
-1.412143
-1.452405
-0.006142
-0.938347
-0.297657
-0.038139
-0.272751
-0.902859
-0.126708
-0.653344
-0.022565
-0.594525
-0.323901
-1.098156
-1.796497
-0.653304
-0.278140
-0.664378
-0.273218
-0.044078
-0.358377
-2.114626
-1.970368
-0.589418
-2.092637
-0.040210
-1.034793
-0.129807
-1.829965
-0.462314
-1.315255
-0.797159
-0.170799
-0.093055
-0.127852
-2.561763
-0.213871
-1.039385
-0.851000
-1.911041
-0.022595
-0.303312
-0.023864
-0.263879
-0.462167
-0.747282
-0.173247
-0.337956
-0.011096
-0.152898
-0.036598
-0.771746
-0.186890
-1.343681
-2.817016
-1.425080
-0.063132
-1.255057
-0.383047
-2.223938
-0.256416
-1.400683
-0.718231
-0.190026
-0.589049
-1.734888
-1.878972
-2.106394
-0.069476
-1.136779
-0.651180
-0.165945
-0.411808
-0.362621
-2.777330
-0.592623
-0.569713
-0.389735
-1.418262
-0.236927
-0.009454
-0.213905
-0.219295
-1.644823
-3.035206
-0.285001
-1.053034
-0.138527
-0.191242
-0.255042
-0.209078
-0.159420
-0.659153
-1.225727
-0.436083
-0.235355
-0.749891
-0.013602
-0.278975
-1.610920
-0.480323
-1.338120
-0.302871
-1.711994
-0.186567
-0.021629
-0.364450
-1.096478
-1.297243
-1.285829
-2.892257
-2.010344
-0.759742
-0.791848
-0.133568
-0.347940
-0.064972
-0.188803
-0.807230
-0.028170
-0.038732
-0.511950
-1.667550
-0.845003
-0.198788
-0.036043
-0.014611
-1.023820
-1.392825
-1.416740
-0.309083
-0.400360
-1.284826
-0.452170
-0.148146
-0.415252
-0.619861
-0.496979
-0.068228
-0.056301
-0.206871
-3.065687
-0.582988
-0.152066
-1.078846
-1.262199
-0.318832
-1.017384
-0.767165
-0.015938
-1.397822
-0.826273
-0.336943
-0.979690
-1.467462
-1.410846
-0.494407
-0.520406
-0.398337
-0.157928
-2.807405
-0.004358
-1.950662
-1.586697
-0.223444
-0.267062
-0.491478
-0.127360
-0.106268
-0.945729
-1.426087
-0.378073
-2.606492
-0.045808
-0.023430
-0.226922
-0.301374
-0.052071
-0.820231
-1.031588
-0.136847
-1.476666
-0.529978
-1.790150
-0.003767
-0.035887
-2.720690
-1.218972
-0.242008
-0.280490
-0.421981
-0.083501
-0.010253
-0.696163
-0.626151
-1.953384
-1.881008
-0.182813
-0.337833
-0.410927
-0.088621
-1.083096
-0.765416
-0.833654
-0.883669
-0.602034
-0.940986
-0.028708
-1.434241
-0.048884
-0.554601
-0.020852
-0.146692
-0.341951
-0.160236
-0.417255
-2.125111
-0.960593
-0.138829
-0.341484
-0.045000
-1.012766
-1.209143
-1.794243
-2.573545
-1.068974
-0.216315
-0.225627
-0.557396
-1.244663
-0.567058
-0.109460
-0.227317
-0.244690
-0.222379
-1.814951
-0.421849
-0.243558
-3.062701
-0.174982
-0.389851
-0.420347
-0.733824
-0.863081
-1.128410
-1.006917
-0.958187
-0.375659
-1.060640
-0.741642
-0.330026
-0.272623
-0.897723
-0.491540
-0.159276
-0.416900
-0.344944
-0.007694
-0.276284
-0.200334
-1.058800
-2.459477
-0.007086
-0.143124
-0.558765
-0.071309
-0.450191
-0.110158
-0.317815
-1.499507
-0.276071
-0.487596
-0.258694
-0.322762
-0.175355
-0.712406
-2.888238
-0.709639
-0.721321
-0.039059
-1.148284
-2.406665
-0.126607
-1.395865
-1.370664
-0.048324
-0.329731
-0.044554
-0.175214
-0.832038
-0.169300
-1.837353
-0.200888
-0.308576
-0.861645
-0.480674
-0.098583
-0.021366
-1.202581
-1.778417
-0.547211
-2.195696
-0.189644
-0.176788
-0.082979
-0.222887
-0.136088
-1.047129
-1.292289
-1.185762
-0.521733
-0.095566
-0.076142
-0.509848
-1.597793
-0.221290
-0.866607
-0.821038
-0.609279
-1.050887
-0.548331
-0.775799
-1.105436
-0.372441
-1.672516
-0.747867
-0.006267
-1.067372
-1.430956
-0.586404
-0.030708
-1.181057
-1.769959
-0.359117
-0.780325
-0.560125
-0.384517
-0.163453
-0.206968
-0.585279
-1.097362
-0.073426
-0.164039
-2.095014
-0.997815
-0.749494
-0.418376
-0.490783
-0.442755
-2.076941
-1.667958
-1.465085
-0.487621
-0.863117
-0.124563
-1.178984
-0.053297
-0.916871
-0.037339
-0.017083
-0.959305
-0.129099
-0.915572
-0.232631
-0.562107
-0.040610
-0.165645
-0.130967
-0.984786
-0.136154
-0.521242
-0.144810
-0.268967
-0.923816
-0.420947
-0.402948
-1.148963
-1.956917
-2.618444
-0.685529
-0.372579
-2.093771
-3.688188
-0.522771
-0.003973
-0.422953
-0.372398
-0.463234
-3.350834
-2.223851
-0.492847
-1.253048
-0.713993
-0.298592
-1.982300
-0.090786
-0.149155
-0.123456
-0.718125
-0.348723
-1.072357
-2.671788
-0.533667
-0.405262
-0.178044
-0.368215
-1.017527
-0.319329
-1.093389
-0.542356
-0.431964
-0.360362
-0.155593
-0.248923
-1.924392
-0.170561
-0.468482
-0.303493
-0.992849
-0.461424
-0.123394
-1.375622
-0.191649
-0.226039
-1.805474
-0.770222
-0.199185
-2.277435
-2.113121
-0.392737
-1.805674
-2.382318
-0.642960
-1.545218
-0.170082
-0.494282
-0.477697
-0.021946
-0.316967
-0.977326
-0.424409
-0.939131
-1.155404
-0.032058
-0.898717
-0.534609
-0.232452
-0.980508
-0.299921
-1.267176
-0.444059
-3.034494
-2.040787
-0.059308
-1.123994
-0.224360
-1.177095
-2.018116
-0.908660
-0.619198
-0.484615
-0.619394
-0.056489
-0.078021
-0.354411
-1.483704
-0.538527
-0.220535
-0.606456
-1.418127
-0.151366
-0.662179
-1.108122
-0.168874
-0.225098
-0.190762
-0.909786
-2.203876
-0.641484
-3.403413
-0.161649
-0.320101
-0.436032
-1.040728
-0.698583
-0.319989
-0.157841
-0.407366
-0.004537
-1.248092
-0.312687
-2.187314
-0.319640
-0.241781
-0.085786
-0.386832
-0.309984
-0.379518
-1.270888
-0.519503
-0.425460
-0.210384
-0.492406
-0.013470
-1.209803
-0.854146
-0.939488
-0.218791
-0.599031
-0.504991
-1.789408
-1.292869
-1.391955
-0.222708
-0.848654
-0.828017
-2.389812
-0.207654
-0.644130
-1.515599
-0.165467
-0.309395
-0.166728
-1.499535
-1.249181
-0.070968
-0.622326
-2.268869
-1.792694
-0.482803
-0.056121
-0.076998
-0.000054
-0.981581
-1.364022
-0.186999
-1.364171
-0.168243
-2.053215
-0.821661
-1.813906
-1.195468
-1.392867
-1.515581
-0.586753
-0.184494
-0.199930
-0.783329
-0.393660
-0.012900
-0.493744
-2.213288
-0.113541
-0.258718
-0.493806
-0.144763
-0.761851
-1.163255
-2.517145
-1.284775
-0.785306
-0.167032
-1.728593
-1.514721
-1.856267
-0.394847
-0.083719
-0.889927
-1.385951
-1.277928
-0.834231
-0.277583
-1.328948
-0.038749
-0.016072
-0.155752
-1.174187
-1.374628
-0.359583
-0.832949
-1.154194
-2.518903
-0.019997
-2.693927
-0.131165
-0.660597
-1.327058
-0.195834
-0.321831
-0.124412
-0.752982
-0.518633
-0.122984
-0.696360
-1.367622
-1.282973
-0.867653
-0.754190
-0.572829
-0.096431
-1.736376
-0.141668
-0.816991
-0.580107
-0.113707
-0.496353
-0.167514
-0.904883
-0.088377
-1.211793
-0.823366
-0.859224
-1.202272
-0.058584
-0.214199
-0.161789
-0.575818
-0.440598
-0.122156
-0.879211
-1.121553
-0.788363
-0.992371
-2.054572
-0.217324
-0.227985
-0.340341
-0.380144
-0.952237
-1.666615
-1.669833
-0.186787
-1.085216
-0.226939
-0.264777
-0.271121
-0.592504
-0.687763
-0.281467
-0.779887
-0.301645
-0.391774
-0.022170
-0.927662
-1.173227
-0.165756
-1.823942
-1.434957
-0.031791
-0.498376
-1.235984
-0.025070
-0.156250
-0.007698
-1.723220
-0.345056
-0.343699
-0.317543
-2.836619
-0.313321
-0.356332
-0.333070
-0.042520
-1.248566
-0.932442
-0.593226
-0.237796
-0.403001
-0.924307
-0.104242
-0.072107
-0.175824
-1.835546
-0.477478
-0.511666
-0.293385
-0.039211
-0.129205
-0.002165
-0.044393
-0.138378
-1.244629
-0.215552
-1.696872
-0.894323
-1.218828
-0.072933
-0.764875
-0.550900
-1.069362
-1.178487
-0.269328
-0.483775
-0.673923
-0.558395
-0.579361
-0.778102
-0.096750
-0.329715
-1.524816
-0.225520
-0.308980
-0.602303
-0.649781
-0.930431
-0.002065
-0.378502
-1.550821
-0.116850
-0.897644
-1.288874
-1.428959
-1.294144
-0.508386
-0.869118
-0.033426
-1.362764
-0.992868
-0.830338
-0.011233
-0.601327
-2.031648
-0.363207
-0.496807
-0.304586
-0.204722
-0.053924
-0.136925
-2.333796
-0.430841
-1.349741
-1.816679
-0.318733
-1.298246
-1.088383
-0.795063
-0.529575
-0.017476
-1.243243
-1.208694
-0.184551
-0.270365
-1.020905
-1.336490
-0.861416
-0.112372
-0.615034
-0.055185
-1.639031
-0.032017
-0.952391
-0.050166
-1.015594
-0.393417
-1.528936
-0.886407
-0.118021
-1.427515
-0.623982
-0.353478
-0.234319
-0.862732
-0.465184
-2.075461
-0.148994
-1.907326
-0.185456
-0.467887
-0.532084
-0.067287
-0.396519
-0.816948
-0.581043
-0.771901
-1.747911
-1.246893
-0.015397
-0.301024
-0.429559
-1.935348
-1.284422
-0.537817
-1.733700
-0.300377
-0.158436
-0.194274
-1.006764
-0.112979
-0.437097
-0.492075
-1.006258
-0.966300
-0.396523
-0.630365
-0.273146
-0.588904
-0.815943
-0.240169
-0.686726
-2.517868
-0.081455
-0.993299
-0.720732
-0.457954
-1.286819
-1.375682
-3.442171
-0.396002
-0.224804
-0.164394
-0.572528
-0.345101
-0.129827
-0.428157
-0.588667
-0.261141
-1.124866
-1.143863
-0.784081
-0.479541
-0.757794
-3.040566
-0.030327
-0.196104
-0.123194
-0.524558
-2.843123
-0.482052
-1.841783
-0.167940
-1.160969
-0.095992
-1.190708
-0.405650
-0.159399
-0.199054
-0.383824
-0.067911
-0.073334
-0.350983
-0.593259
-1.489348
-0.158577
-0.144797
-0.551338
-1.687296
-0.458943
-0.057859
-0.225656
-0.000609
-0.421784
-1.017506
-0.590143
-0.427497
-0.495958
-0.016462
-2.546595
-0.275770
-0.092354
-0.221174
-0.425284
-0.411877
-0.488843
-0.250926
-0.714986
-0.938630
-1.717726
-0.001271
-0.258601
-1.466780
-0.369190
-1.457903
-0.092333
-0.264629
-0.183929
-3.002166
-2.302761
-0.153303
-0.163758
-0.487128
-0.044651
-0.231538
-0.303364
-0.964467
-0.661233
-0.797008
-0.283185
-1.221970
-0.175933
-1.079486
-0.338544
-0.330871
-1.361934
-1.134797
-1.702105
-1.154391
-1.721984
-0.339257
-0.564840
-0.715850
-0.279329
-0.142513
-0.057033
-0.331799
-1.363503
-0.996427
-2.552314
-2.690247
-0.436617
-3.113619
-0.071907
-2.204486
-1.309019
-3.398130
-0.164089
-0.209303
-0.026918
-0.622862
-0.543245
-1.493930
-0.423646
-0.063884
-0.025075
-1.008591
-1.355998
-1.053866
-0.019736
-0.014185
-0.829906
-1.032865
-0.220791
-1.906999
-0.136665
-0.691284
-0.860981
-1.176551
-0.809123
-0.090191
-2.268983
-0.997120
-0.093483
-3.132158
-0.729620
-0.925907
-0.084984
-3.610564
-0.842465
-0.106837
-0.865962
-2.073376
-1.714229
-0.106440
-1.463186
-0.772268
-1.933457
-2.451454
-0.130952
-0.881865
-0.565367
-2.651708
-0.408761
-0.357607
-0.260289
-1.090215
-3.416158
-0.796041
-0.384797
-0.204845
-0.976446
-0.004806
-1.019661
-0.894157
-0.760732
-1.543421
-0.374379
-0.106389
-0.019697
-0.143657
-0.815036
-0.173181
-0.609671
-1.421040
-0.253889
-1.675593
-0.792344
-0.386039
-2.857346
-0.226483
-0.798158
-0.127525
-1.918763
-0.303482
-0.103719
-1.630734
-0.159798
-1.332804
-0.649385
-0.623215
-1.108533
-0.805890
-1.001329
-0.169760
-2.202472
-0.079234
-1.155887
-0.589941
-0.406159
-0.393022
-2.055449
-0.884578
-0.573081
-0.000708
-2.207431
-0.098824
-1.224288
-0.243611
-0.413428
-1.399177
-1.537638
-0.964726
-0.364425
-0.048056
-1.764659
-0.029053
-0.749559
-0.018120
-0.094794
-1.735412
-1.099271
-0.712722
-0.480362
-2.036799
-0.265237
-0.015937
-0.257068
-0.125126
-0.743532
-0.218824
-0.234191
-1.040348
-0.080630
-2.194928
-0.071042
-0.629663
-0.369077
-0.315875
-0.285354
-0.038563
-0.209684
-0.506671
-1.200155
-2.157227
-0.138267
-0.074353
-0.297726
-0.273589
-0.014202
-1.000415
-1.215203
-0.709998
-0.728948
-0.431938
-0.552486
-1.092420
-0.444236
-0.007270
-0.225963
-2.299314
-2.449056
-0.308905
-0.686208
-0.366940
-1.803480
-0.603127
-0.300237
-2.528220
-0.768993
-2.330953
-0.228640
-0.792118
-0.285344
-2.188444
-0.027927
-4.403694
-0.392604
-0.254482
-0.067703
-3.033496
-0.968209
-1.871379
-0.646637
-0.679696
-1.083496
-0.027979
-0.159492
-0.321598
-0.432681
-0.814608
-1.631282
-1.727977
-0.862667
-0.024476
-0.816632
-0.891367
-0.133616
-1.224418
-0.176333
-0.819696
-0.699319
-0.139046
-0.412601
-0.065395
-0.504753
-1.319480
-1.226711
-0.211874
-0.042632
-0.441011
-0.739366
-1.327227
-0.047411
-1.354485
-0.148883
-0.341362
-1.164519
-2.561138
-0.628789
-0.670057
-1.256841
-0.457385
-0.847130
-1.846227
-1.250912
-0.597752
-0.104050
-0.637110
-1.167788
-0.601454
-0.447119
-0.044558
-0.111608
-4.452132
-0.628293
-2.068673
-1.833801
-0.141680
-0.638441
-0.063421
-0.723987
-1.012341
-1.545819
-0.601175
-1.079204
-0.639612
-0.899174
-0.016166
-0.425337
-0.165963
-0.988840
-0.302666
-0.884640
-1.021297
-1.261164
-0.538568
-0.188785
-0.591891
-0.331467
-0.705972
-0.352302
-0.839079
-0.216330
-0.465082
-1.285722
-0.691526
-1.545752
-1.099193
-0.250510
-1.657288
-0.164379
-0.200935
-0.170476
-0.501177
-1.141339
-0.241699
-1.547206
-1.091596
-0.613747
-0.355829
-1.526901
-1.312594
-0.837754
-0.127400
-1.015398
-0.030020
-0.186359
-0.076077
-0.323940
-0.499560
-0.849709
-0.548728
-0.781642
-0.232777
-0.209454
-0.963012
-0.490258
-1.079138
-0.293543
-0.315421
-0.395679
-0.023630
-1.053134
-0.188514
-2.626483
-0.526399
-1.996127
-0.517726
-3.854091
-0.725618
-0.676207
-1.476691
-0.072498
-0.458922
-0.095980
-1.468599
-0.048971
-0.598331
-0.160689
-1.689816
-1.780277
-0.456486
-0.034719
-0.913340
-1.508183
-0.016766
-1.630962
-0.731198
-0.416912
-0.292562
-1.041345
-0.382891
-0.266511
-0.041683
-0.093061
-1.700562
-0.633045
-0.008654
-0.982997
-1.051914
-0.166410
-0.130392
-1.022704
-1.425674
-1.116355
-0.562126
-1.347009
-2.252255
-1.357109
-1.912337
-1.386434
-1.928422
-0.084118
-0.233690
-0.638267
-1.734053
-0.775358
-0.044734
-0.378539
-0.969663
-0.369861
-0.787663
-0.698880
-0.129382
-0.030841
-0.389167
-1.327809
-0.098013
-0.337280
-0.357164
-0.063143
-0.018923
-1.188267
-0.144471
-0.774131
-0.500422
-0.611394
-0.526284
-0.917738
-0.162106
-0.807722
-0.111012
-0.104500
-3.098273
-2.701885
-1.101063
-0.750743
-1.557521
-0.314835
-0.224274
-0.257017
-0.357592
-0.945170
-0.054851
-0.534775
-1.198097
-0.291870
-0.131633
-0.504476
-0.250839
-0.910799
-1.138235
-0.286772
-1.435209
-1.197807
-0.221428
-1.995841
-0.265271
-2.323728
-0.594235
-1.193510
-1.848563
-0.112047
-0.240569
-0.027685
-0.088606
-0.139975
-1.246323
-0.141956
-0.385604
-1.792471
-0.974739
-1.084069
-0.639302
-0.138249
-0.030393
-0.508111
-1.062186
-1.566815
-0.374564
-1.099422
-0.084278
-0.622988
-0.968692
-1.634086
-0.256391
-1.556292
-0.446997
-0.492377
-0.067465
-0.426399
-0.232433
-0.047160
-0.560753
-0.323886
-0.376614
-0.111922
-0.831744
-0.972403
-0.002376
-0.077228
-0.603271
-1.790911
-0.690399
-1.375924
-0.415393
-0.246234
-1.477245
-0.770223
-1.026655
-0.197168
-0.077052
-0.553381
-0.606892
-0.316385
-1.016320
-1.278389
-0.205589
-0.093958
-0.804607
-0.702858
-0.647450
-0.317193
-0.068914
-0.004463
-0.294875
-0.120102
-0.001655
-0.263471
-0.042978
-0.397433
-1.658664
-0.122804
-0.004037
-1.622795
-0.217304
-0.167638
-0.225253
-1.353072
-0.895078
-0.243918
-1.935484
-2.008937
-1.112025
-0.859227
-0.438535
-0.072963
-0.346379
-0.350619
-0.654315
-0.417326
-0.059744
-0.685670
-0.534516
-0.987887
-0.929866
-2.367437
-0.174352
-0.934348
-0.937816
-0.987569
-1.478102
-1.021204
-0.663805
-0.101603
-1.159250
-0.622446
-0.214034
-0.883782
-2.289412
-0.206203
-0.855118
-2.825902
-0.481473
-1.182666
-1.032563
-1.583904
-0.146674
-0.435280
-0.524974
-0.220405
-1.442601
-0.139164
-0.053850
-0.825938
-1.501149
-0.877073
-0.244053
-0.732032
-1.440777
-1.566146
-0.629427
-0.173963
-1.371700
-0.770754
-0.541742
-1.680807
-0.176283
-1.937926
-0.421170
-1.579047
-0.091286
-0.677612
-0.006374
-1.021210
-2.936691
-1.625426
-0.011204
-1.777016
-0.903445
-0.241576
-0.444379
-0.300853
-0.543848
-0.824360
-0.523984
-0.889316
-0.039703
-0.684441
-0.289960
-1.809157
-0.188501
-0.321551
-0.231703
-1.225689
-1.372174
-0.512136
-1.795594
-1.190523
-2.139662
-0.385912
-1.274169
-0.014310
-0.631395
-0.056837
-1.023849
-0.026823
-0.168441
-0.146651
-0.734544
-1.232856
-1.511494
-0.502201
-0.847599
-0.582974
-0.978038
-0.544219
-0.674839
-0.046242
-0.213272
-1.716471
-1.725386
-3.885187
-1.457093
-0.451560
-0.292579
-0.234478
-0.334069
-0.400892
-2.109595
-0.396802
-1.903071
-2.159550
-0.164122
-0.119320
-0.513052
-1.350529
-0.525605
-0.037438
-0.554288
-1.288463
-0.099315
-0.284248
-0.258778
-1.930840
-0.734119
-0.321550
-1.716813
-0.250901
-4.296637
-0.484191
-0.577522
-0.861573
-0.225963
-0.411168
-0.274457
-0.082728
-0.771261
-0.101148
-1.048290
-0.962956
-0.554919
-0.440423
-0.543931
-0.639525
-2.706785
-1.119640
-0.115336
-2.264964
-0.220899
-0.479902
-1.224018
-0.306959
-0.370166
-0.413329
-0.899704
-0.594092
-0.591992
-0.391516
-1.064233
-0.216877
-0.796935
-0.094181
-0.476935
-2.004760
-1.234886
-0.095528
-0.198869
-2.440760
-0.041875
-1.099446
-0.978534
-0.560758
-1.153357
-1.029285
-0.937150
-0.513018
-0.276797
-2.127714
-0.242103
-2.638782
-0.724984
-0.633500
-0.113546
-0.320242
-2.035813
-1.798797
-0.325841
-0.359621
-0.996616
-0.480107
-0.326140
-0.760558
-0.649602
-0.991999
-1.042654
-0.133137
-0.234125
-0.942515
-0.722385
-0.131488
-0.733269
-1.420866
-1.098221
-0.021023
-1.468553
-0.228315
-0.014680
-0.239413
-0.491555
-0.372304
-1.312253
-0.198766
-0.556484
-0.174010
-0.796581
-0.334696
-0.035083
-1.657230
-0.279714
-0.011357
-0.704830
-0.023342
-1.554402
-0.153436
-0.298988
-0.866057
-0.607789
-2.108700
-0.954314
-0.893785
-0.368348
-1.229846
-0.194331
-0.888010
-0.627776
-0.002348
-0.903076
-2.898892
-1.020369
-0.934770
-0.070213
-0.918277
-0.381712
-2.292354
-0.035897
-0.383270
-0.353295
-2.330799
-0.349653
-0.024269
-1.426070
-2.788358
-0.875942
-1.521914
-1.306279
-1.469126
-0.263403
-2.159463
-0.998458
-0.071201
-0.193268
-1.580588
-0.561092
-0.828042
-0.199323
-0.184239
-1.791185
-1.972504
-1.264815
-0.583535
-1.296170
-0.776730
-1.868005
-0.990791
-0.086057
-0.027497
-0.089437
-1.982313
-0.268996
-0.045401
-0.221167
-0.079341
-0.010114
-0.538568
-1.442437
-0.016526
-1.458265
-0.797187
-0.043452
-0.336932
-1.763644
-0.991990
-0.313354
-0.071801
-0.061203
-1.010362
-1.478353
-0.823738
-1.434887
-0.004947
-3.440816
-0.505293
-2.024129
-0.382865
-0.568114
-1.080542
-0.150133
-1.360059
-1.545637
-0.904193
-0.441425
-0.492435
-1.018864
-1.180844
-0.422088
-1.840510
-0.276980
-0.661142
-0.121214
-1.368965
-0.639418
-0.402528
-0.618482
-0.851111
-0.708020
-1.763911
-0.215573
-1.916123
-0.573106
-1.173178
-0.317533
-0.168702
-0.728957
-2.381175
-0.380222
-0.956121
-0.231267
-0.111405
-0.294518
-0.068667
-0.677263
-0.409110
-0.131496
-1.545409
-1.213614
-3.208321
-0.883417
-0.270414
-0.034305
-2.266411
-0.313316
-0.903373
-0.767124
-0.628206
-2.013889
-1.537885
-0.003614
-0.694173
-0.380995
-1.881932
-0.931688
-1.244891
-0.143607
-0.210212
-2.144750
-0.750154
-0.088503
-0.542220
-0.148693
-0.318594
-0.371476
-1.918523
-1.718698
-0.162943
-0.032790
-0.682272
-0.102440
-1.660364
-0.514047
-0.829534
-0.637059
-0.234412
-0.643567
-0.213546
-0.698777
-0.392378
-0.005659
-2.336848
-2.406594
-1.072189
-0.293275
-0.729154
-1.638361
-0.335534
-0.196694
-1.229438
-0.401490
-2.810460
-1.343049
-0.571539
-1.958684
-1.676940
-4.931188
-0.936366
-0.785084
-0.077631
-0.013307
-0.775952
-2.497569
-0.046277
-0.322640
-0.263776
-0.591717
-0.092054
-0.086249
-2.285476
-2.715183
-0.344370
-0.956495
-0.350990
-0.012610
-0.272693
-0.498651
-0.923055
-0.054558
-0.517319
-0.351541
-0.722393
-0.501543
-1.514215
-0.269552
-0.876652
-0.371818
-0.936109
-1.523633
-0.524420
-0.849055
-0.081288
-1.397403
-1.369664
-1.500322
-2.525475
-1.367484
-1.126759
-0.044820
-0.380351
-1.588805
-0.437922
-0.307789
-0.117046
-0.986817
-1.849256
-0.282090
-0.837659
-0.148347
-0.041329
-1.597106
-0.854586
-0.527590
-0.740270
-1.465667
-0.030268
-0.820800
-0.059624
-1.118610
-0.334483
-2.182897
-0.175896
-0.034983
-0.760801
-0.873178
-1.468987
-0.759859
-2.567699
-2.086632
-1.809522
-0.311337
-1.213255
-2.448191
-0.246917
-0.172291
-0.165661
-0.208000
-0.282738
-1.288803
-0.153721
-1.181468
-1.167327
-1.176247
-0.747879
-0.208810
-2.240279
-0.491482
-0.345101
-0.026486
-0.112295
-0.513251
-0.209361
-0.227208
-1.044126
-0.196852
-0.133433
-0.173317
-0.706133
-0.414747
-0.448749
-1.634375
-1.116886
-0.986770
-1.119732
-1.947067
-0.648670
-0.340187
-0.764260
-1.990370
-1.305264
-0.189596
-0.066205
-0.627195
-2.130280
-1.330963
-0.069196
-0.632708
-0.257889
-0.638509
