-4.339338
-0.723858
-0.002738
-4.430113
-1.462641
-0.625565
-5.078861
-2.985808
-0.642002
-0.112002
-2.087575
-2.253714
-0.305260
-0.171450
-0.162667
-1.456072
-2.000992
-0.712847
-0.360793
-2.903555
-1.619562
-0.192938
-0.862690
-0.027556
-5.472187
-1.064562
-1.831160
-3.539109
-0.325374
-0.771874
-1.890178
-1.814329
-0.332997
-1.426329
-4.033160
-1.563079
-0.020689
-4.566570
-0.260556
-0.674754
-0.974344
-0.764714
-2.853425
-1.743332
-0.001539
-0.222899
-4.309951
-1.461441
-2.275181
-1.083548
-0.405031
