-0.888890
-2.101127
-1.664088
-0.499048
-3.776354
-3.177362
-1.046423
-1.412151
-0.863053
-1.253550
-2.044200
-0.101578
-0.102588
-1.355811
-1.977043
-0.251961
-0.342954
-0.197354
-0.217172
-0.747655
-0.458542
-1.559945
-1.865519
-0.648698
-0.080451
-3.238442
-2.128527
-0.355897
-1.980212
-0.655715
-5.052099
-1.400992
-2.389558
-0.220056
-2.094172
-1.208810
-2.695064
-1.315027
-0.528424
-1.867053
-0.154467
-0.725552
-1.146436
-2.610582
-2.622014
-1.429844
-3.039044
-1.537838
-0.630447
-2.476773
-2.501805
-0.983434
-0.749538
-1.259056
-0.505949
-1.883054
-1.711872
-0.103194
-0.157448
-0.650181
-0.783971
-1.028120
-0.345283
-0.844544
-3.716756
-0.043165
-2.761109
-0.717124
-0.057140
-0.774471
-0.936308
-0.526770
-0.093542
-1.788538
-0.400496
-1.789218
-1.736869
-0.464431
-0.009156
-0.633067
-0.348821
-0.268106
-1.023948
-3.513914
-0.230072
-1.790505
-0.029232
-1.890281
-1.222189
-0.319076
-1.705433
-0.448599
-1.036521
-0.514337
-0.985673
-4.560391
-0.224287
-0.716010
-1.022759
-0.178184
-2.450949
-2.269831
-1.957564
-0.669854
-3.045558
-2.629029
-1.606232
-1.295838
-1.355732
-0.777941
-2.656093
-1.161595
-0.564945
-2.909434
-0.064250
-0.136426
-0.843182
-3.709919
-1.529573
-2.254869
-3.851949
-1.010412
-0.744149
-0.107165
-0.145177
-0.776235
-2.257553
-0.541822
-2.273873
-0.726734
-0.373733
-2.095144
-0.281390
-0.669955
-0.543625
-0.542928
-0.064574
-0.585073
-1.905985
-0.553281
-0.500521
-2.750950
-0.116807
-0.650882
-0.176948
-1.398902
-1.306854
-5.152788
-2.931359
-0.328513
-0.320921
-1.928217
-1.763661
-0.920686
-1.921167
-1.159044
-1.584658
-1.586468
-0.546983
-1.926164
-1.018959
-0.002813
-0.456878
-0.330215
-1.436430
-1.192890
-0.335227
-0.053919
-0.764381
-2.289079
-1.016435
-0.970903
-0.827695
-0.217373
-0.689699
-0.125036
-1.061275
-0.654687
-1.413364
-0.606937
-0.001434
-0.199905
-0.810685
-1.352466
-2.031019
-0.219296
-2.182293
-1.020196
-0.460075
-3.220184
-0.382413
-2.047229
-0.435520
-0.695820
-1.890754
-0.860595
-1.758873
-2.982628
-0.047412
-0.106362
-3.098108
-1.380612
-2.197209
-0.287243
-0.789901
-0.167693
-0.993946
-1.326519
-0.188238
-0.753828
-0.635705
-0.293208
-2.046445
-2.715849
-1.312760
-0.753357
-1.175290
-2.917742
-0.272824
-1.967504
-0.976477
-0.610810
-1.728020
-0.710546
-1.700905
-0.439192
-0.196323
-0.056027
-1.087854
-2.340948
-2.040258
-1.569353
-0.246869
-0.202861
-0.461270
-1.381362
-0.846547
-0.213618
-1.391793
-1.844395
-0.707346
-0.251741
-0.097633
-0.920325
-0.396371
-2.176342
-3.315280
-1.833520
-0.276818
-0.739383
-0.509999
-1.042570
-0.102993
-0.213688
-0.674657
-0.979558
-0.639507
-3.151449
-0.695911
-3.003331
-0.918702
-4.641777
-1.623418
-0.963749
-0.958989
-0.313119
-0.218515
-0.206485
-1.059745
-0.054315
-0.189614
-4.350191
-2.516515
-0.874540
-1.809067
-1.997301
-2.985616
-1.506069
-0.949188
-0.422887
-2.384413
-0.572458
-0.783765
-3.618787
-0.736592
-1.731432
-0.275842
-0.842755
-0.552631
-0.097711
-1.250470
-0.415304
-0.730841
-1.186426
-1.250685
-1.072856
-0.756251
-3.193667
-0.027215
-2.119324
-3.584450
-2.307915
-1.616318
-1.563952
-1.510343
-1.143478
-1.053143
-1.728615
-3.605349
-0.240402
-2.125836
-1.733572
-1.434846
-1.742106
-0.123287
-0.336466
-0.090191
-0.151621
-4.439617
-0.617527
-1.008346
-0.890399
-1.088841
-1.554608
-0.581639
-4.151893
-0.486237
-0.713563
-0.668789
-0.322159
-0.439582
-2.994402
-3.260484
-0.122726
-1.078584
-0.549766
-0.017175
-1.756291
-0.110514
-1.763550
-0.474172
-1.345132
-1.897589
-0.705272
-3.696245
-2.098150
-0.633487
-0.881162
-0.341244
-0.214438
-2.193054
-0.632822
-1.341859
-1.645469
-0.383856
-3.533766
-0.874747
-0.433757
-1.683089
-1.812948
-0.139980
-0.202362
-0.136654
-0.016976
-0.894608
-0.830411
-0.753743
-2.148967
-0.848275
-0.703979
-3.450851
-2.142718
-0.933523
-0.079194
-0.519665
-2.110221
-1.746878
-2.230800
-1.053403
-0.502983
-1.298022
-0.145220
-0.649369
-1.958551
-1.806106
-0.062014
-1.297268
-1.528553
-0.069376
-3.118456
-0.650599
-0.118314
-0.632540
-0.114137
-4.895547
-0.593211
-4.131781
-0.477054
-0.071484
-0.619778
-1.038453
-3.239518
-0.203214
-0.161118
-1.856623
-0.408067
-1.286079
-0.179878
-1.382246
-2.437157
-0.341520
-1.386050
-2.676145
-1.673002
-2.408358
-1.175050
-3.844348
-0.364251
-0.178477
-4.026343
-0.040325
-2.722266
-2.728013
-1.431824
-2.752136
-0.969999
-1.772724
-0.930482
-0.274466
-0.030665
-2.296378
-1.648246
-2.373792
-1.647554
-0.285954
-2.947194
-0.129156
-0.349225
-0.975239
-0.065027
-1.302330
-0.837123
-0.319702
-0.439424
-0.729421
-0.487034
-2.668325
-1.392284
-0.637193
-0.885857
-0.277382
-1.040571
-0.962656
-0.881193
-1.324902
-0.384629
-0.140629
-1.005763
-0.016662
-1.133558
-2.372842
-0.041073
-6.602617
-2.777601
-0.308822
-2.392434
-0.296371
-1.713286
-0.315668
-0.873431
-1.220026
-1.562652
-3.231354
-0.911790
-0.330946
-1.042190
-0.270337
-0.360743
-0.163764
-0.044156
-0.128178
-0.003978
-0.534864
-1.700080
-0.242407
-1.685746
-1.139355
-0.086012
-0.115275
-0.967540
-1.611808
-0.495632
-0.308784
-0.469993
-0.521188
-1.823516
-1.671613
-0.762780
-0.225858
-2.923117
-2.638156
-0.160991
-0.379526
-1.577404
-1.676446
-1.161662
-3.231258
-4.690257
-0.165976
-1.940115
-1.286203
-1.057276
-0.179662
-1.018885
-3.084876
-1.803094
-1.639971
-3.164121
-0.364114
-1.133512
-2.586373
-1.295193
-0.961486
-1.633699
-1.209960
-0.858913
-0.432044
-1.621725
-0.550708
-0.061943
-4.309046
-1.252620
-0.869994
-1.032568
-0.580750
-1.084834
-0.441795
-2.032708
-0.533004
-0.076942
-1.046742
-0.087765
-1.288579
-4.395777
-0.748992
-0.160394
-2.102979
-1.867703
-0.364539
-3.645480
-2.905258
-1.924672
-0.204376
-0.413730
-0.548693
-0.253908
-0.234305
-0.417039
-0.399774
-0.170109
-1.535686
-2.021760
-0.256494
-1.346205
-0.965282
-0.862186
-1.775967
-2.049561
-0.727841
-0.596022
-0.329430
-0.004629
-0.857309
-0.753466
-0.669681
-2.535654
-1.136685
-1.071779
-2.832130
-2.317564
-0.664777
-0.287794
-0.993841
-0.474624
-1.386852
-1.050437
-2.300101
-0.732035
-1.455486
-1.224632
-0.906610
-0.663019
-0.157826
-1.347011
-0.989934
-0.360417
-1.845104
-0.054524
-0.141653
-1.425968
-1.194861
-0.474661
-2.246888
-0.269424
-0.062889
-3.126634
-1.585899
-1.111916
-0.221470
-1.903899
-0.577338
-0.981979
-0.633891
-0.333934
-0.334052
-0.420191
-2.397228
-1.148324
-4.012074
-2.135052
-1.653110
-3.896914
-0.016808
-0.954079
-0.491924
-3.017239
-0.916043
-0.358756
-1.008568
-1.054110
-2.294318
-1.567894
-0.996497
-0.520234
-0.549095
-1.635777
-0.218587
-0.507886
-1.035967
-1.150350
-0.873073
-0.914043
-1.892840
-1.123940
-0.207997
-0.488817
-0.853938
-0.991971
-1.943169
-1.481475
-0.413588
-0.105071
-0.940252
-0.955000
-2.168952
-0.396628
-0.637099
-2.063727
-0.666874
-0.009431
-0.570582
-0.958500
-1.719596
-1.212018
-0.496105
-0.992392
-4.030030
-1.467598
-0.181179
-0.793702
-0.242871
-0.372203
-1.867067
-2.784026
-0.603346
-1.812362
-1.115669
-1.680541
-1.336803
-0.538147
-2.692997
-0.338453
-1.557195
-0.112967
-1.015995
-0.143428
-1.851549
-0.000680
-1.063430
-0.282434
-0.043152
-0.067726
-0.981099
-3.448350
-0.164051
-0.484633
-0.795549
-1.100474
-1.900791
-0.685064
-0.868793
-4.680591
-4.517780
-1.142753
-4.098854
-2.966319
-0.008544
-2.040027
-0.772744
-0.920177
-4.075841
-0.091464
-0.163830
-1.728814
-0.475491
-2.838396
-2.380101
-2.688099
-1.083781
-2.202709
-0.054977
-0.405916
-0.721272
-1.669284
-0.483729
-0.247548
-3.961903
-1.262113
-0.460774
-0.332796
-0.461721
-4.834562
-1.041392
-4.513021
-0.050685
-0.476105
-1.011288
-1.026965
-0.806284
-4.992336
-0.541470
-4.673753
-0.587706
-0.051993
-0.742608
-2.920557
-3.861983
-1.505134
-3.049590
-0.039678
-0.956154
-1.017159
-0.926854
-0.978224
-0.155535
-0.763489
-2.867781
-3.052943
-1.202592
-0.457369
-0.481217
-4.435149
-0.377969
-1.005348
-0.489929
-0.000480
-3.056703
-2.142927
-0.830965
-0.259174
-0.140676
-1.170069
-3.388231
-1.254235
-2.149738
-0.127433
-0.482852
-1.266314
-0.152361
-2.649877
-2.769283
-4.477683
-0.026741
-0.446341
-1.500018
-0.968728
-1.734720
-0.653584
-0.025109
-1.535156
-0.222725
-1.131489
-0.985026
-1.557200
-0.165852
-0.947872
-0.036166
-0.119668
-2.670678
-0.751194
-0.257468
-0.589458
-1.419527
-2.060901
-2.910774
-0.682135
-1.152473
-0.879197
-3.646504
-2.683494
-0.299239
-0.026229
-0.867758
-0.402542
-0.476021
-0.599799
-0.758972
-0.451246
-0.657811
-3.500848
-2.213412
-5.874868
-1.149984
-3.363420
-0.641895
-0.477585
-0.636863
-3.391909
-0.072717
-0.285673
-0.029995
-1.698409
-1.286965
-0.644666
-1.804383
-0.949698
-0.374400
-0.240354
-2.823188
-1.840430
-1.306819
-0.882695
-2.898328
-1.516272
-0.883511
-2.580032
-1.044739
-3.901787
-1.216698
-0.588964
-0.229422
-0.675420
-0.368310
-0.365671
-1.630510
-1.915975
-0.121045
-0.541785
-1.743880
-1.060347
-0.268218
-0.234153
-0.097304
-0.201850
-0.072295
-0.916239
-1.888514
-0.056149
-1.293987
-0.612130
-1.210116
-1.143832
-1.626593
-1.865805
-2.024105
-0.035198
-0.503164
-0.733004
-0.076876
-0.769448
-1.143194
-0.428001
-0.478090
-0.955323
-3.195506
-0.003311
-1.623981
-0.427831
-0.608271
-0.586117
-0.818843
-0.252223
-2.246402
-0.395310
-1.820777
-2.439135
-0.360567
-1.620640
-1.932301
-0.483100
-2.088242
-1.611730
-2.945988
-0.632640
-1.786235
-0.838123
-0.890600
-0.014447
-0.677169
-0.613777
-0.351224
-0.391812
-0.290925
-2.932045
-0.535170
-0.035038
-0.234413
-1.519107
-1.907560
-0.444829
-0.002252
-0.471929
-1.182084
-1.214710
-0.894260
-2.841749
-0.073599
-0.654719
-1.177597
-1.935594
-0.280265
-2.030049
-0.398680
-0.604230
-0.052512
-2.178317
-0.039223
-1.379029
-0.616498
-0.541425
-5.048815
-1.056550
-1.102025
-0.703711
-0.388204
-2.220771
-0.036611
-0.507827
-0.580738
-1.250785
-0.026095
-0.200251
-0.657417
-0.601793
-0.688405
-0.874856
-0.410814
-0.258870
-0.402501
-1.291726
-0.711479
-1.384785
-1.511051
-0.781355
-0.279711
-0.571484
-2.132726
-1.287616
-0.348464
-1.750873
-4.039069
-0.345007
-1.830112
-1.271213
-0.783680
-0.134683
-1.445812
-1.417814
-0.698417
-0.004239
-0.285874
-0.019462
-1.112905
-1.571829
-0.827990
-0.853477
-0.367417
-0.167030
-0.385696
-0.134508
-0.947768
-1.417180
-0.387883
-1.438982
-1.000065
-1.367517
-0.894102
-0.170845
-0.840642
-0.039357
-0.228751
-0.121843
-3.549754
-1.009765
-0.752782
-3.986769
-2.839823
-0.218340
-0.679440
-0.414663
-0.874500
-1.475427
-0.887384
-1.228405
-1.703291
-1.584153
-0.014875
-0.017438
-0.936106
-2.437914
-0.861639
-0.678431
-0.766552
-3.968120
-1.181437
-1.507871
-2.524568
-0.536344
-0.027060
-1.855800
-0.450283
-1.076449
-2.359634
-0.379104
-0.093928
-0.006210
-1.773068
-1.996929
-0.474579
-2.361289
-0.855049
-1.922927
-0.575980
-2.960674
-1.841712
-0.151282
-1.143514
-2.633735
-0.119102
-0.956694
-0.905698
-1.692022
-0.325822
-1.242200
-1.157699
-0.888640
-0.335008
-0.395776
-1.917579
-2.299496
-0.663832
-0.405515
-0.213240
-2.197224
-0.622438
-0.564478
-0.891400
-1.230812
-1.014006
-0.510364
-0.642332
-0.749990
-0.362740
-1.718909
-0.959829
-0.055458
-2.023217
-0.497544
-1.344927
-0.021368
-0.627811
-0.660462
-1.084227
-0.328312
-0.616063
-0.184984
-1.514291
-1.016078
-1.978975
-1.173249
-0.030471
-0.005112
-0.102959
-0.538843
-1.102895
-2.581449
-0.530895
-0.951779
-0.235368
-1.419791
-0.258114
-0.768780
-5.418195
-0.316413
-1.667400
-1.510433
-0.778659
-1.318191
-1.532649
-2.670683
-2.122347
-1.207821
-2.152705
-2.413706
-2.392260
-2.866163
-0.333742
-1.471162
-1.278582
-0.569183
-0.565333
-0.903685
-2.061838
-0.076381
-0.752604
-4.255155
-2.867232
-2.841908
-0.136360
-0.833137
-2.322952
-1.431673
-1.492203
-0.917436
-1.936659
-1.447820
-0.037364
-0.388223
-0.334153
-3.855744
-1.103086
-1.237092
-0.219091
-0.102356
-0.787503
-2.341986
-0.845596
-0.954801
-0.951682
-0.218767
-0.596277
-0.033857
-0.988770
-0.316373
-1.673399
-1.053185
-0.532252
-1.817727
-0.445681
-0.788087
-0.395004
-1.391924
-0.547305
-0.464392
-0.029960
-0.192563
-3.121824
-1.068931
-2.719057
-0.505813
-0.307951
-0.446648
-0.464287
-1.177344
-1.073983
-0.053010
-1.273988
-2.288578
-3.411848
-0.957818
-1.866127
-0.771301
-0.211807
-0.668718
-0.068536
-0.778391
-1.482162
-0.473183
-1.961970
-0.388525
-2.013287
-1.041041
-0.553851
-0.458624
-2.321629
-1.824622
-0.239766
-1.918696
-0.270535
-1.060232
-0.887812
-1.239965
-0.231807
-1.819437
-2.728185
-0.583058
-1.372747
-2.319915
-2.089125
-0.332515
-1.008112
-0.375082
-1.220617
-0.086688
-0.241551
-4.489608
-0.412293
-2.593389
-1.177105
-1.312883
-0.005706
-0.593709
-0.383609
-0.244611
-1.431192
-1.551337
-3.080391
-0.513260
-0.635007
-4.522545
-4.605153
-3.130619
-1.343120
-1.278303
-0.139209
-0.107849
-0.492946
-2.838974
-1.444876
-1.174190
-0.006650
-0.245805
-0.797525
-2.700393
-1.937681
-3.547566
-1.132334
-0.183043
-0.526180
-3.074534
-3.075573
-2.060209
-1.585993
-0.117494
-1.740968
-0.026049
-0.730019
-0.205546
-1.260470
-0.333369
-0.414481
-2.850796
-0.672892
-2.193722
-1.644162
-2.912180
-2.512203
-0.884554
-1.188442
-1.324539
-1.707020
-2.976595
-2.357967
-0.368474
-0.762813
-2.575792
-0.441382
-2.262204
-0.227654
-0.562552
-0.300725
-1.847600
-0.927273
-1.813700
-1.328487
-0.136892
-1.903131
-0.627601
-4.046125
-0.369442
-0.104097
-0.639039
-0.361079
-0.921783
-0.610643
-0.326801
-0.317269
-0.597752
-0.097618
-4.411598
-1.578743
-0.789155
-0.268546
-0.041960
-1.214350
-0.745560
-0.295179
-0.512180
-1.169540
-1.023534
-0.384144
-0.449793
-0.910147
-1.244561
-1.571536
-0.803543
-0.446245
-0.739298
-0.122927
-1.082339
-0.464996
-2.390456
-0.307334
-0.014234
-2.842878
-0.742074
-0.772564
-1.297119
-2.376154
-0.594262
-1.503564
-0.551914
-2.260916
-1.159673
-2.234448
-0.610486
-1.863784
-0.287726
-1.280283
-0.851514
-0.353844
-2.650321
-1.423327
-0.848414
-0.857457
-0.617683
-0.893588
-0.714350
-3.738820
-3.097051
-0.620875
-1.530548
-0.276445
-0.551677
-2.486372
-1.017286
-0.919911
-1.448056
-0.090346
-0.113349
-3.189986
-1.621385
-0.722850
-1.409558
-2.817440
-1.616505
-1.450334
-0.133708
-0.578247
-1.054248
-1.117338
-2.957683
-0.251257
-0.303826
-2.160481
-0.860187
-0.086729
-3.170460
-0.530500
-0.944114
-1.543987
-0.637937
-0.113267
-0.599532
-0.214239
-1.096418
-1.308455
-0.810226
-1.485624
-0.666729
-0.643114
-0.034747
-3.540234
-0.919652
-5.472153
-1.803879
-2.834608
-0.270218
-0.378046
-3.019206
-0.826138
-0.661661
-3.458491
-0.107279
-5.535850
-1.454070
-0.573860
-0.339740
-0.782739
-5.371761
-1.524709
-1.150030
-0.774332
-0.422155
-1.362723
-0.872277
-0.813586
-4.204373
-1.350152
-0.010458
-2.368421
-0.614929
-0.627954
-5.651824
-0.541201
-0.099704
-1.828239
-0.726894
-0.057633
-0.975710
-0.940824
-0.156416
-2.186229
-0.436291
-0.773038
-3.261209
-0.118833
-1.063233
-0.484787
-0.162883
-0.373452
-1.065142
-2.692225
-1.106326
-0.811384
-0.300728
-0.993396
-2.769917
-0.933831
-0.587380
-1.429286
-2.390124
-0.654691
-4.523184
-0.312766
-0.177906
-0.201329
-0.079675
-0.673503
-0.530437
-2.085503
-0.662163
-0.245056
-0.674100
-1.955582
-0.583679
-1.438209
-1.792038
-0.003484
-0.224571
-0.882245
-0.886588
-1.235639
-0.190052
-0.000333
-0.622809
-0.077986
-3.382937
-1.019156
-1.676494
-0.834736
-2.067669
-1.264554
-0.115412
-2.524132
-1.659260
-1.671858
-1.448518
-0.709626
-0.345192
-3.004176
-1.493570
-0.506507
-2.891890
-0.568760
-2.123795
-1.177601
-0.018205
-0.096786
-0.874386
-1.861094
-1.759480
-0.040551
-1.357122
-0.745685
-0.090037
-0.123086
-2.924102
-0.545063
-0.166481
-3.818323
-1.709157
-6.510467
-1.544289
-0.043475
-0.030370
-0.533422
-2.015453
-2.034481
-2.860902
-0.809899
-0.210420
-1.601072
-0.770352
-0.449854
-0.104209
-2.147421
-1.449490
-0.491929
-0.420424
-1.565330
-2.814935
-0.701371
-0.420307
-0.845235
-0.555557
-0.115476
-1.795089
-1.645413
-0.408073
-1.245669
-1.342435
-1.527021
-1.800391
-0.094353
-0.151940
-1.187537
-0.493750
-0.721679
-0.041355
-2.637279
-1.128564
-2.204424
-0.426039
-0.167075
-0.246236
-0.167643
-0.776164
-0.910173
-0.231547
-0.697469
-4.608437
-1.407966
-0.507313
-1.954266
-2.732865
-0.725013
-1.842125
-0.287278
-3.156739
-0.179957
-0.331047
-0.069049
-0.302071
-0.866081
-2.505410
-1.138886
-1.126629
-0.979266
-0.123808
-0.487540
-1.985031
-0.487298
-1.142031
-1.582535
-4.908680
-1.169402
-0.316462
-0.643129
-0.795623
-3.033435
-1.235972
-2.457877
-0.781763
-2.762909
-0.439497
-0.095855
-0.800629
-1.289412
-2.435783
-0.527946
-2.094244
-0.392262
-0.151401
-0.180446
-5.224233
-0.657444
-3.959544
-0.043549
-0.360306
-1.959266
-1.958398
-0.840212
-2.003722
-0.855510
-1.717067
-3.659285
-0.556419
-0.192155
-1.818700
-1.225394
-2.635862
-0.414721
-1.470265
-2.099613
-1.855690
-1.084150
-1.196407
-1.087488
-0.673312
-2.889599
-0.407197
-1.091004
-5.714439
-0.078381
-2.152745
-0.863956
-1.614476
-1.116521
-1.078412
-0.782129
-0.937663
-0.247742
-1.246839
-1.092141
-2.188473
-2.741704
-0.781287
-1.575099
-1.625028
-3.021670
-0.760621
-0.511965
-0.694382
-0.082884
-3.233368
-1.250379
-1.930090
-2.376592
-0.985002
-1.509433
-0.421849
-1.076509
-1.111235
-1.501195
-1.044110
-2.834309
-2.087325
-2.153244
-0.940188
-2.002631
-2.573901
-1.156808
-6.125873
-0.322323
-1.387974
-0.412311
-0.918480
-1.120167
-0.156057
-1.135290
-3.749917
-0.423473
-0.533892
-0.710155
-1.705858
-2.833283
-0.530043
-1.630910
-1.565963
-1.236507
-5.196315
-0.802754
-0.204005
-3.549907
-1.613318
-1.773110
-0.532421
-3.103252
-2.193756
-0.368315
-0.869673
-0.643508
-1.895756
-0.754014
-4.655479
-1.282842
-3.515555
-0.082326
-0.062581
-0.498586
-0.114985
-2.860347
-0.167818
-0.868771
-1.830133
-0.281600
-1.507716
-0.339764
-0.370165
-0.338363
-1.122050
-0.876117
-0.926834
-0.486349
-0.095241
-1.973635
-1.951708
-1.951067
-0.603897
-0.306595
-1.713389
-2.801627
-0.803134
-0.026517
-1.337040
-0.465631
-1.170528
-2.361158
-2.897731
-3.078422
-0.973770
-1.172240
-0.992380
-1.788197
-2.082152
-3.012514
-6.576835
-1.582064
-0.277335
-0.257107
-0.304923
-0.810988
-3.683108
-1.324521
-0.671725
-0.974808
-0.635774
-1.533577
-1.395011
-2.855730
-0.288765
-0.879165
-1.681484
-0.109588
-0.838569
-1.683066
-1.130295
-0.576914
-0.010703
-1.781353
-0.018350
-0.454682
-0.015168
-0.098151
-1.723733
-0.201833
-2.501975
-0.092817
-0.225392
-5.376669
-0.651649
-1.002982
-0.216303
-3.733390
-1.267551
-1.146881
-0.139922
-1.703214
-1.731131
-0.642910
-3.955696
-1.284971
-1.030122
-0.277961
-1.504337
-0.894790
-0.457091
-0.077145
-1.527615
-0.589113
-3.688505
-0.039375
-0.724948
-0.883524
-1.205583
-2.099745
-2.087198
-2.766119
-1.958664
-2.073163
-0.867316
-1.943817
-0.976643
-0.462495
-2.214843
-1.384888
-1.723582
-0.214322
-0.079960
-0.782286
-0.580184
-0.580219
-0.492534
-0.569889
-0.448503
-3.755901
-2.704094
-0.917497
-1.261570
-0.123301
-0.027536
-0.616277
-1.506663
-2.645306
-0.331897
-0.741258
-0.015048
-1.096774
-4.727927
-0.552649
-2.729826
-2.114095
-0.283133
-1.089261
-1.105409
-0.721707
-1.105055
-2.418485
-0.088483
-1.070862
-1.851727
-1.626559
-0.925430
-0.021264
-0.191094
-2.623179
-2.243658
-1.081469
-0.665724
-0.463625
-0.103883
-1.639907
-0.414504
-0.114304
-0.502736
-1.032438
-0.503568
-1.027258
-0.045719
-0.455258
-1.469320
-2.736483
-0.043784
-2.787409
-0.863462
-0.454814
-0.442491
-1.050117
-1.121561
-0.855760
-0.619228
-1.112486
-1.793836
-1.534049
-2.202108
-0.903519
-0.446447
-1.636318
-1.171458
-0.118055
-2.138729
-0.767881
-3.816464
-0.347856
-0.211825
-2.194767
-1.006854
-2.148641
-1.695404
-1.361432
-0.196681
-1.014196
-0.707604
-0.519364
-2.117276
-0.121118
-3.895902
-1.261211
-1.253351
-2.200910
-2.439912
-1.410997
-0.095138
-0.728391
-1.606724
-0.470096
-1.085704
-0.167492
-0.178629
-1.276429
-0.622486
-2.261553
-0.120246
-1.530961
-0.671756
-1.527293
-0.321910
-1.158570
-0.936415
-0.085757
-0.779084
-1.112275
-0.295765
-5.432426
-0.446016
-1.392580
-0.982678
-0.726263
-2.501878
-1.665288
-0.331120
-1.268059
-1.774169
-0.136938
-1.368936
-0.966996
-0.385009
-2.366288
-1.513001
-0.028004
-1.053460
-2.992563
-0.343711
-1.273396
-0.734178
-0.977587
-4.052712
-0.508520
-2.015122
-1.982038
-1.158208
-1.474591
-0.414726
-0.166599
-0.371047
-0.554094
-0.046756
-0.034667
-1.417026
-0.692865
-1.095930
-0.752333
-0.187612
-0.947068
-4.077257
-0.654756
-0.224873
-0.524945
-0.521637
-0.251026
-2.270678
-1.759751
-0.389377
-0.447398
-0.122261
-1.551439
-1.593251
-0.197300
-2.283543
-0.358579
-0.176287
-1.171642
-0.450274
-0.068288
-0.254822
-0.741426
-0.422594
-0.476112
-2.012499
-0.220653
-1.326890
-0.128543
-1.774701
-0.053015
-1.556146
-0.716275
-0.113716
-2.856957
-0.035950
-1.002567
-2.498508
-2.327510
-0.462134
-1.439287
-0.388847
-3.227317
-0.785867
-1.666040
-0.826553
-0.622028
-1.962535
-1.818026
-0.041348
-0.951256
-1.350628
-0.679316
-0.225849
-1.109658
-0.450485
-1.793039
-0.613836
-0.409704
-0.427353
-1.565206
-0.153778
-0.093959
-1.037481
-3.680164
-3.413587
-0.607112
-2.842324
-2.637951
-1.291282
-0.322138
-0.399566
-0.821898
-0.196233
-0.189930
-0.230560
-0.954845
-0.374118
-2.244524
-1.308183
-2.468482
-2.479006
-1.212119
-0.075926
-1.074072
-0.343109
-1.333080
-1.123736
-0.433803
-1.759391
-1.024592
-0.561884
-0.729698
-0.228798
-1.602240
-1.983247
-1.717328
-3.211670
-2.044733
-0.861404
-0.355592
-0.625105
-3.571178
-0.600480
-0.519335
-0.967912
-4.493695
-2.108679
-0.261260
-0.346532
-0.440355
-0.231244
-1.512762
-0.807052
-0.110607
-1.103042
-3.238101
-0.576833
-0.208494
-1.077402
-0.312154
-0.520822
-0.980453
-1.852961
-2.405133
-0.279203
-0.947266
-0.020458
-0.468513
-2.566681
-1.249212
-0.276552
-3.256921
-0.674073
-0.310460
-1.125707
-0.075055
-0.189779
-0.136802
-0.615804
-3.074097
-2.713990
-2.018686
-1.373350
-2.935917
-2.512157
-0.260708
-0.620488
-1.423625
-1.237501
-0.690849
-1.610186
-2.645535
-0.480661
-0.092763
-1.248391
-2.918736
-1.264855
-1.729420
-0.021933
-0.783876
-2.549284
-1.442219
-2.953818
-3.429969
-5.213789
-0.492446
-1.651570
-0.789124
-1.813043
-0.168318
-0.681065
-0.498268
-0.530002
-0.229831
-3.974197
-2.607041
-0.772065
-0.262727
-0.612312
-2.301601
-0.083028
-0.185911
-1.668425
-2.196838
-1.875681
-2.067968
-0.383937
-0.679461
-0.149297
-2.063782
-0.088165
-0.347452
-0.290193
-0.656329
-0.051813
-2.126945
-0.365870
-1.468498
-1.020237
-1.026955
-0.225277
-0.659987
-0.073481
-0.850697
-1.005358
-0.815583
-0.204530
-1.909244
-0.160082
-0.221447
-0.647695
-1.610330
-1.599632
-0.289940
-1.583855
-1.857783
-0.072574
-0.957683
-0.450042
-1.776505
-1.750237
-0.351840
-1.200745
-0.006699
-0.862345
-0.292053
-0.148751
-0.711241
-0.924861
-0.145011
-0.231313
-3.692031
-2.038177
-0.161786
-3.865687
-2.513598
-0.860472
-0.751216
-0.786720
-0.082599
-0.323440
-2.260093
-0.952738
-0.084506
-2.517205
-0.112472
-0.742185
-0.734196
-1.290797
-0.654640
-0.499357
-0.692185
-0.613243
-0.525972
-0.702926
-1.866591
-0.212508
-0.595024
-0.380225
-0.483930
-2.236900
-0.404180
-1.454245
-2.208290
-1.901997
-0.816095
-0.118640
-0.231902
-1.454022
-1.335944
-0.019187
-0.846263
-1.747818
-0.060146
-1.426170
-1.538971
-1.250462
-0.074936
-1.244002
-0.571764
-1.109366
-0.114843
-0.641334
-1.168268
-0.495670
-0.440440
-1.231665
-0.846200
-0.523404
-0.835272
-0.243189
-0.711134
-0.641240
-0.251720
-1.857104
-0.230218
-1.655208
-1.007358
-0.336323
-2.312368
-1.967243
-0.616276
-0.288143
-1.393378
-3.790702
-0.846404
-1.490686
-2.018035
-1.553061
-0.029254
-1.159615
-1.008868
-0.947084
-0.567470
-3.673974
-0.720769
-1.037274
-1.457497
-0.564937
-0.596434
-1.703417
-0.731990
-2.848890
-0.252437
-0.758121
-0.343137
-0.302862
-0.145074
-0.720036
-1.432926
-0.388900
-2.262678
-1.845243
-0.930454
-0.220267
-1.583965
-0.625926
-0.072819
-0.068536
-0.509591
-1.229944
-0.982237
-3.492080
-1.118759
-1.332128
-1.480610
-1.969158
-1.229781
-0.211976
-0.669424
-3.779777
-1.358504
-0.621035
-0.155922
-0.688353
-0.294268
-0.774546
-1.035989
-0.906569
-0.834899
-0.102709
-1.190027
-1.425633
-0.821000
-0.052280
-0.178878
-3.494473
-2.378901
-0.508446
-0.214835
-0.164064
-2.517386
-0.797962
-0.955079
-1.386315
-0.619357
-1.508530
-0.143534
-0.098205
-0.956745
-0.444590
-2.712121
-2.194778
-0.485978
-2.475019
-1.193885
-1.124160
-1.292904
-0.106358
-5.433163
-0.761954
-0.637512
-2.658150
-0.298994
-0.079342
-1.123957
-0.076573
-2.524182
-1.041697
-1.348385
-1.203420
-0.193123
-1.321441
-0.085243
-0.228297
-0.930830
-0.849144
-1.488201
-1.054516
-2.590889
-0.359742
-3.221949
-2.130072
-0.789452
-0.124384
-0.403834
-0.043140
-6.029206
-1.148287
-2.308218
-1.102273
-0.538280
-1.763833
-2.353769
-1.642082
-2.337969
-1.404176
-0.818697
-1.545356
-1.650717
-2.279850
-1.138285
-0.304532
-0.007495
-0.066885
-0.043870
-1.022435
-0.420213
-0.414071
-0.148853
-3.260198
-0.227159
-3.524109
-0.326947
-0.391882
-0.164175
-0.430274
-0.361930
-3.912758
-2.324097
-0.093708
-0.608559
-1.537081
-0.086545
-4.714291
-0.385290
-0.692659
-2.461738
-2.032960
-1.248103
-0.474178
-0.559680
-1.979929
-2.131906
-0.338089
-0.212438
-0.503855
-1.904315
-1.900979
-1.726478
-1.298897
-0.917601
-0.141152
-1.082247
-0.953508
-1.008808
-0.179917
-2.046225
-0.041641
-1.502544
-0.007936
-1.125815
-0.049924
-0.099585
-0.178158
-2.187955
-1.609694
-2.535871
-3.925034
-0.632470
-0.262882
-0.596835
-2.227046
-1.440610
-1.825286
-0.103615
-2.389566
-0.388223
-1.213315
-0.834704
-0.919592
-0.513182
-1.958685
-2.682835
-0.758882
-1.018754
-1.983270
-3.781926
-1.860666
-1.031751
-2.784668
-2.822138
-1.836416
-1.782715
-0.693647
-2.897216
-0.197568
-1.035951
-2.289684
-3.257913
-0.235220
-3.026185
-1.742659
-0.284794
-1.057998
-0.232271
-0.154467
-0.651915
-0.352696
-0.257646
-0.349850
-0.664002
-0.151569
-2.358531
-1.504584
-2.075274
-0.033455
-4.563794
-0.965905
-0.575060
-0.471643
-0.248657
-1.052409
-1.669740
-0.732984
-2.709605
-0.751294
-0.738437
-0.422573
-1.344883
-0.076813
-1.137913
-0.716905
-0.093038
-0.551354
-1.577402
-0.773902
-2.233006
-5.312901
-0.263468
-2.348820
-0.007030
-0.332515
-3.161678
-1.817494
-0.154078
-0.507410
-0.897509
-0.784125
-2.587751
-0.842716
-0.869824
-1.435495
-0.782887
-1.476868
-3.032088
-0.141683
-0.708845
-0.263249
-1.614486
-0.256216
-1.272616
-2.196999
-0.546481
-0.337921
-0.443096
-1.061140
-1.035924
-0.548481
-2.731782
-1.884184
-0.015127
-0.557886
-0.148858
-0.178017
-0.346160
-0.675748
-0.466981
-2.396549
-0.435425
-0.874698
-0.442208
-2.199976
-0.644183
-0.647723
-1.941310
-2.897694
-0.109181
-1.264844
-0.678708
-0.429676
-0.287432
-0.041967
-0.012516
-0.599637
-0.017403
-4.534865
-0.571161
-2.136837
-1.777780
-1.079339
-1.285760
-0.246532
-0.669346
-2.075689
-0.519585
-2.292283
-0.035009
-0.216786
-1.389260
-0.509443
-2.537868
-0.127912
-0.509573
-0.434516
-0.854199
-2.748817
-0.639576
-1.646481
-0.429115
-0.854841
-1.897319
-0.427616
-0.290460
-1.708239
-0.194782
-0.615661
-1.158801
-0.239102
-0.332960
-0.874398
-0.632247
-3.316435
-2.989287
-0.286200
-0.394286
-0.130334
-1.682805
-0.755893
-1.236080
-1.183768
-0.252726
-2.169806
-1.663042
-0.360978
-0.272032
-1.140448
-0.356386
-0.213848
-0.607378
-0.509559
-0.590194
-1.067116
-4.468177
-0.648859
-1.157303
-2.181855
-1.533271
-0.150457
-1.363761
