-0.402797
-1.268133
-0.662116
-0.157388
-2.170941
-0.264053
-3.421107
-2.471200
-1.138247
-4.806313
-5.045273
-0.237358
-0.358248
-4.139557
-0.672949
-0.867351
-0.078936
-1.328316
-0.267061
-8.629303
-3.092113
-0.964055
-0.382373
-2.658821
-1.227949
-0.861411
-1.746210
-0.209367
-2.427959
-4.025212
-0.042310
-6.173558
-2.890931
-0.145168
-0.825071
-2.024194
-4.166042
-4.082602
-2.420100
-0.141488
-3.567641
-0.502180
-4.491512
-3.110232
-0.681177
-1.763529
-0.206565
-0.601647
-0.407043
-0.305473
-0.616044
-0.639864
-0.770852
-0.984963
-2.468659
-0.135837
-0.489036
-0.267642
