-2.876741
-0.020575
-0.875013
-0.971099
-0.097501
-5.045614
-3.513590
-0.293880
-0.097551
-1.522025
-1.614869
-0.039966
-0.268211
-0.220260
-1.003341
-0.954842
-0.287702
-1.664051
-0.310802
-0.205586
-0.542295
-3.298280
-0.708591
-0.139789
-0.416810
-1.038019
-1.511345
-1.023168
-0.076644
-1.140962
-0.043377
-0.055457
-1.064460
-0.327409
-0.917606
-0.205394
-0.111033
-2.756098
-0.771508
-2.002627
-1.057698
-0.170929
-0.174509
-1.634194
-0.932280
-0.362857
-4.391435
-1.365698
-0.649647
-0.383062
-0.297533
-1.344010
-0.311632
-0.200903
-0.213234
-0.041562
-0.389338
-0.739465
-1.802607
-0.681535
-0.194000
-0.078447
-2.696583
-0.250649
-2.267701
-0.219622
-1.197035
-0.057685
-0.678428
-1.205524
-1.832131
-4.566505
-0.193786
-1.527595
-0.406984
-0.511937
-0.588046
-0.907824
-3.409083
-0.116891
-1.000036
-0.153929
-0.215294
-1.467345
-0.677164
-0.491753
-2.259233
-1.346816
-1.981628
-0.239251
-0.368605
-1.824674
-1.053860
-0.573719
-0.486681
-0.529949
-2.453472
-0.002631
-0.229252
-3.073785
-0.699748
-1.522447
-0.606704
-0.606160
-0.950021
-1.555923
-1.214455
-1.451299
-0.117972
-0.098925
-0.286149
-1.631245
-1.671851
-2.165323
-0.337819
-1.338911
-1.488522
-0.598767
-1.223919
-0.845375
-1.564438
-0.918226
-0.263359
-1.549052
-1.265983
-0.100135
-0.441324
-1.543006
-0.970819
-0.115367
-1.356670
-1.514253
-0.848978
-0.099994
-0.175345
-0.999921
-1.013581
-1.327643
-1.636231
-4.852445
-1.725013
-0.403104
-1.473469
-0.540006
-2.573411
-2.043857
-1.126398
-3.176768
-0.114853
-3.207581
-0.451272
-0.504739
-0.480126
-1.310946
-0.040141
-1.432800
-0.102862
-1.499366
-0.952677
-0.147668
-0.380105
-0.340796
-0.720341
-0.898111
-2.048795
-0.035269
-1.496916
-1.197927
-0.418853
-0.854743
-0.942987
-0.160484
-1.578144
-5.487066
-0.229150
-1.379688
-0.173329
-0.721585
-0.754945
-0.977268
-0.683180
-0.027862
-1.043140
-0.003585
-2.016328
-2.291394
-0.749455
-0.934178
-0.090507
-0.325362
-0.322300
-0.672002
-1.147353
-1.467425
-2.189006
-0.493378
-0.566187
-0.256737
-0.245926
-0.742605
-2.348235
-2.488955
-0.168537
-1.970947
-0.047646
-0.442264
-0.470995
-0.552850
-0.032344
-0.107327
-0.890037
-2.127277
-0.413914
-0.128746
-0.657705
-0.385298
-1.723974
-0.681360
-0.042070
-1.658090
-0.714564
-0.237748
-2.289668
-1.945305
-1.339673
-0.379718
-0.510785
-2.131211
-1.524479
-0.262038
-2.835769
-0.635699
-0.426382
-1.536627
-0.749028
-1.736634
-0.104558
-1.475180
-1.794971
-0.370947
-0.569092
-0.020894
-1.595564
-0.132115
-2.068527
-0.517229
-0.138748
-0.111704
-0.384871
-1.058953
-1.198786
-1.424282
-1.397627
-2.280828
-0.713920
-0.922474
-0.045410
-1.238142
-1.030080
-0.757729
-1.808185
-1.176967
-1.268378
-1.769502
-1.686481
-0.149207
-0.461322
-0.536369
-0.210868
-0.861085
-1.104243
-0.931838
-0.158828
-0.165863
-4.163431
-0.607660
-1.250456
-1.499163
-0.069628
-0.450933
-0.635001
-0.284576
-0.532117
-0.372195
-0.484258
-0.248555
-0.347463
-0.023954
-1.318873
-0.505458
-1.214998
-0.696219
-1.583767
-1.885319
-0.657622
-0.897406
-3.600469
-1.179327
-0.297409
-0.519431
-0.657440
-0.576039
-0.155296
-0.090992
-0.391102
-0.275131
-0.412847
-0.915913
-1.446218
-2.974550
-1.452918
-0.022472
-1.768537
-3.097311
-1.217122
-0.785682
-2.546791
-1.261887
-2.136416
-0.225873
-1.201386
-1.314042
-3.770197
-0.432029
-0.597122
-0.996813
-1.871497
-0.483376
-1.975273
-0.307032
-1.505111
-0.117486
-3.036623
-1.659998
-1.934769
-1.521382
-0.821780
-0.813218
-0.582526
-0.278456
-2.287685
-0.215412
-0.119906
-0.738291
-1.615837
-0.427879
-0.452441
-0.457295
-0.878572
-0.078117
-0.179730
-1.300877
-2.744865
-0.845242
-1.027129
-1.111342
-0.714174
-1.371019
-0.205481
-0.991684
-2.167241
-0.418583
-0.371924
-0.429790
-0.563167
-0.789287
-1.263051
-0.675790
-0.479350
-0.648720
-0.175470
-0.668949
-0.487607
-0.563464
-0.242767
-0.431983
-2.751253
-0.064452
-0.628835
-0.098575
-0.731020
-1.950414
-1.285064
-0.237112
-0.028629
-1.822783
-0.932272
-0.306963
-0.275663
-1.005995
-1.202192
-0.699123
-1.668670
-2.227731
-0.021122
-0.274543
-0.992890
-0.196739
-0.040597
-0.358580
-0.022462
-0.229927
-1.521562
-1.402940
-0.280219
-2.491124
-0.586388
-0.738993
-1.637765
-0.259308
-0.014727
-3.944902
-0.283908
-0.384874
-1.459812
-0.365718
-1.007575
-0.583847
-1.582773
-0.332436
-1.533309
-1.979774
-0.194582
-1.477888
-0.250832
-2.540387
-0.741049
-0.995897
-1.937202
-0.026734
-0.476774
-2.246806
-0.829955
-0.671097
-0.515447
-0.198385
-0.036526
-1.831747
-0.728984
-0.329752
-0.302068
-2.885644
-0.626432
-0.397376
-0.003370
-0.212775
-1.818848
-0.830451
-1.684318
-2.244181
-2.749354
-1.776530
-0.366004
-1.132174
-1.678853
-0.436039
-0.971157
-0.409161
-0.534252
-0.101642
-2.445546
-2.365016
-1.933329
-0.746780
-0.687559
-0.617986
-0.268030
-0.468179
-2.636961
-0.814799
-0.027826
-0.277193
-1.188292
-1.405594
-0.077685
-0.279444
-0.352564
-0.523102
-0.533784
-0.742298
-1.032188
-0.322073
-0.194035
-1.154863
-1.294822
-0.355775
-0.138976
-1.175867
-0.874839
-1.262136
-0.414363
-2.686052
-0.185557
-0.639009
-0.462182
-0.567740
-0.068832
-5.326904
-2.240481
-0.185651
-0.582630
-0.157690
-0.181768
-0.891994
-0.195522
-1.222476
-0.542945
-0.617044
-1.572107
-0.167985
-1.526354
-0.734623
-2.349597
-1.209256
-0.377497
-1.501646
-0.145935
-0.203506
-4.816174
-0.094392
-0.288284
-0.671035
-0.390504
-2.369661
-0.954022
-0.068069
-2.813011
-0.664287
-1.291271
-1.742552
-1.211133
-0.090755
-0.669274
-0.418344
-0.522041
-0.218499
-0.661039
-0.825579
-0.982595
-1.238635
-0.418946
-0.915079
-1.370429
-0.231082
-0.516226
-0.609875
-0.608269
-0.955824
-1.306670
-0.530965
-2.061206
-0.277167
-1.466725
-0.293812
-3.307194
-0.257704
-2.965240
-0.744095
-1.018672
-1.202419
-1.115894
-1.257415
-2.324583
-1.570349
-2.705040
-0.334275
-1.906211
-0.277802
-0.605094
-0.344119
-0.925325
-0.045362
-0.233711
-0.774801
-0.147031
-0.154835
-1.028043
-0.372887
-0.730746
-1.854852
-1.890078
-1.230846
-0.101079
-0.814578
-0.118125
-0.643233
-1.240537
-0.339763
-0.629447
-0.287404
-1.370473
-1.955762
-0.589328
-0.866732
-1.896464
-0.372775
-2.026407
-1.622814
-0.401891
-0.738285
-0.630992
-2.308591
-3.990049
-0.013323
-2.362808
-0.223075
-1.429467
-0.516009
-0.832349
-0.408210
-0.138535
-0.096907
-3.884766
-0.631435
-0.513521
-1.730810
-3.033484
-0.900048
-2.216058
-0.271569
-1.215350
-2.363813
-2.842981
-0.492464
-0.957796
-0.217693
-0.341844
-2.775917
-0.091800
-0.805952
-0.751120
-3.275576
-1.234013
-0.411893
-1.613446
-1.628390
-0.043266
-2.757173
-0.914434
-0.009252
-4.185557
-3.304168
-1.897511
-0.354133
-1.014802
-1.984381
-0.202266
-1.494674
-3.549715
-1.169654
-1.291341
-0.709835
-2.229664
-1.018137
-0.459010
-0.317644
-1.524330
-0.102482
-1.526163
-0.670852
-0.003700
-0.177803
-0.518895
-1.240340
-0.015715
-1.094247
-0.780062
-0.053300
-2.280314
-0.242259
-1.162328
-1.149451
-0.678239
-0.914485
-3.818632
-0.577003
-0.799991
-0.943063
-0.931603
-1.079458
-2.191285
-0.548438
-1.662690
-0.584796
-1.545410
-0.242097
-0.275621
-1.527343
-0.566331
-0.791986
-0.390734
-1.260911
-1.136521
-1.778721
-1.758596
-1.012874
-1.775739
-0.140068
-0.205139
-0.020981
-0.649784
-0.463853
-0.477782
-0.879613
-1.337891
-1.451962
-0.349779
-0.580443
-0.860497
-0.006954
-0.611258
-0.765555
-1.844020
-0.545895
-0.322111
-0.007187
-0.438835
-0.367745
-0.491038
-0.034065
-1.254228
-1.404141
-2.219757
-0.859630
-0.807328
-0.227475
-1.511993
-1.242660
-0.001566
-1.003964
-0.663910
-1.229327
-0.264821
-1.345743
-2.666884
-1.041580
-1.258832
-0.699776
-0.000266
-0.515890
-0.787955
-0.526771
-0.522526
-0.440200
-3.090161
-1.392494
-0.686435
-1.917561
-1.380397
-2.446964
-1.319173
-2.025784
-0.783126
-0.403425
-0.072576
-1.017600
-0.450131
-1.357701
-2.927622
-0.084004
-0.158241
-0.754120
-0.043930
-0.796402
-0.682595
-0.500716
-0.104207
-0.562662
-1.390140
-0.279518
-1.174201
-0.041149
-1.580550
-1.002100
-1.359189
-3.426074
-0.131895
-1.212706
-1.628242
-1.132936
-0.167439
-0.704121
-0.512282
-1.527775
-0.131905
-0.124612
-1.003436
-1.154591
-2.016195
-0.325435
-0.855417
-1.037373
-0.853239
-2.841966
-0.674970
-0.665232
-0.175376
-0.663030
-3.801658
-0.048506
-1.962207
-0.380882
-3.248214
-0.194014
-0.908523
-1.535912
-2.491512
-0.834745
-0.027987
-0.211358
-0.857475
-2.037883
-0.488705
-0.503422
-1.035966
-0.549588
-0.103202
-1.583033
-0.452075
-1.683321
-1.801136
-2.262374
-0.049149
-0.510011
-0.277743
-1.510201
-0.165571
-0.060297
-0.045754
-0.714682
-0.184900
-0.304659
-0.484795
-0.334728
-0.179070
-0.176062
-0.458365
-1.139028
-0.567854
-0.863457
-0.801949
-0.535287
-0.109047
-1.056423
-0.080890
-1.517113
-2.476068
-0.375755
-0.420063
-1.124679
-0.908541
-0.498079
-1.209424
-1.187341
-1.822807
-3.213265
-0.480898
-1.237630
-2.550991
-0.329541
-1.297790
-1.344606
-2.782230
-0.271439
-1.929883
-0.303277
-1.075446
-0.785128
-1.284552
-0.164740
-0.196657
-0.788421
-1.215519
-1.845930
-0.788213
-0.944898
-0.632235
-0.374202
-0.165347
-3.007062
-1.408541
-0.537745
-1.501689
-0.119223
-0.050427
-0.578735
-1.855717
-3.254264
-0.896714
-2.182020
-0.038683
-3.705238
-0.135562
-0.461374
-0.404714
-0.554742
-3.832836
-1.492407
-0.235293
-1.353119
-1.138503
-1.048128
-0.465389
-0.074363
-3.219948
-0.391837
-0.322348
-0.676913
-0.008682
-2.343911
-0.436967
-0.455155
-0.012798
-1.722798
-0.274547
-0.317205
-1.314419
-0.908734
-0.366071
-1.372459
-0.535249
-2.833188
-0.329392
-0.430900
-0.083303
-0.661014
-1.191535
-1.677543
-0.542586
-0.003592
-0.402716
-1.748270
-1.011880
-0.470543
-0.956079
-1.409637
-0.135331
-1.134028
-1.502198
-0.167309
-0.468940
-3.473502
-1.060903
-0.050561
-2.008305
-1.420204
-0.218428
-1.680580
-0.777589
-0.903121
-2.823362
-0.863454
-2.192924
-0.647729
-0.728241
-2.636821
-0.483393
-3.822767
-0.297808
-0.167340
-1.404509
-1.048070
-0.088351
-1.407268
-1.622041
-0.948950
-3.044866
-0.593048
-0.288627
-0.785616
-0.621940
-2.677762
-2.418130
-2.161520
-0.682239
-0.424738
-0.459874
-1.084079
-0.662223
-0.981948
-0.560078
-0.931427
-1.153752
-0.067454
-1.775650
-0.597604
-0.794738
-1.310126
-0.885572
-1.222301
-4.315851
-1.493107
-0.768580
-0.980383
-0.351301
-2.502554
-0.576248
-0.128089
-3.064939
-1.067671
-0.400339
-0.468669
-0.206644
-2.307848
-0.045066
-0.331396
-0.334191
-4.016083
-0.064438
-1.657085
-0.269546
-0.074706
-0.107348
-1.343785
-1.023408
-0.386348
-0.802939
-1.332137
-0.372811
-2.690247
-0.576577
-0.162248
-0.047725
-0.703364
-1.551262
-1.122557
-1.296062
-0.136470
-0.521447
-1.282793
-2.323876
-0.206007
-0.693535
-1.502384
-0.186482
-0.388487
-0.388366
-0.419077
-0.712045
-0.088663
-2.137994
-0.302990
-2.188841
-0.631714
-1.859897
-0.830907
-1.864018
-0.829846
-0.553236
-1.439978
-4.934330
-0.411650
-1.126334
-1.401787
-0.047086
-0.590401
-3.178499
-1.335666
-0.160999
-1.242861
-0.616943
-0.299329
-0.918280
-0.462585
-0.296668
-1.143912
-0.880030
-0.446495
-1.063649
-0.600537
-1.127024
-0.466919
-1.227569
-0.043418
-1.001045
-1.558454
-0.718935
-1.256567
-2.095670
-1.809338
-0.586406
-1.343333
-0.432251
-0.353781
-0.237127
-0.122657
-0.806800
-0.028411
-0.846527
-1.061964
-1.206134
-3.274522
-0.312128
-0.602859
-0.095908
-0.577484
-0.192488
-0.719712
-0.754514
-0.975665
-1.864176
-1.127612
-1.040982
-0.227403
-0.558515
-2.942550
-0.225148
-1.041512
-0.033768
-0.315469
-0.441827
-0.034726
-0.786404
-1.331869
-0.083997
-1.289765
-0.001514
-0.270891
-1.348895
-1.564082
-0.514648
-0.759232
-0.857280
-0.375524
-0.235909
-0.625042
-2.641696
-0.011288
-1.601328
-0.321447
-0.147943
-0.020403
-0.102234
-0.104992
-0.270606
-0.670882
-0.159243
-0.737326
-1.479803
-0.497902
-1.761735
-1.989241
-3.075885
-1.073127
-0.929053
-0.499490
-0.000733
-3.069739
-0.401933
-1.435643
-1.112107
-0.010351
-0.281684
-0.685939
-0.505259
-0.499155
-0.542949
-0.744731
-2.328532
-0.201437
-1.179220
-0.314693
-0.333962
-0.721670
-1.087825
-0.027705
-0.616330
-0.994943
-0.141093
-1.347460
-1.210000
-0.492925
-1.567630
-0.881786
-1.720488
-0.516992
-0.678725
-0.404229
-0.201313
-1.899844
-0.411272
-1.679833
-1.410492
-2.285450
-0.324001
-1.412817
-0.044933
-2.285249
-3.126712
-1.214857
-0.518440
-0.346054
-0.359583
-0.420393
-1.168614
-0.293767
-0.308544
-0.313063
-1.781541
-0.039137
-1.443050
-0.007318
-0.539764
-2.016608
-1.847810
-1.029681
-0.311884
-1.010743
-0.292050
-6.226753
-1.943470
-1.501102
-0.708742
-0.034031
-0.352928
-0.276016
-0.190481
-0.015474
-1.320995
-1.551258
-0.009166
-0.502009
-0.345748
-0.078588
-1.290451
-0.389242
-0.759241
-0.596367
-0.976813
-0.123477
-0.863944
-0.646278
-1.154378
-0.660593
-0.384452
-0.283159
-0.780128
-1.688253
-0.568533
-3.153971
-1.166226
-0.732338
-0.171381
-0.701689
-1.562744
-1.432261
-0.028676
-0.078388
-1.648485
-2.125963
-2.685722
-0.319081
-0.276570
-0.083349
-1.795102
-0.918611
-0.866967
-1.334347
-0.652426
-0.044780
-0.332887
-1.591090
-0.151241
-0.064660
-0.139192
-0.315791
-0.416942
-0.474259
-0.006613
-0.265551
-0.572523
-0.011552
-0.278719
-0.340000
-0.305090
-3.005911
-0.096174
-1.879224
-0.607898
-0.360888
-0.550201
-0.698899
-0.783255
-0.762343
-1.034095
-1.259623
-0.718329
-0.708441
-0.898448
-1.012873
-1.767149
-0.011625
-0.104241
-0.618879
-0.184691
-0.821683
-0.803432
-0.120468
-2.348517
-0.537245
-0.358682
-0.338827
-0.414836
-0.114672
-0.873621
-0.016590
-1.508160
-0.950054
-1.527179
-2.075211
-0.401163
-0.421793
-1.084525
-0.718276
-0.308339
-0.899054
-0.499747
-0.252145
-1.947743
-0.447198
-2.479366
-0.090646
-3.570156
-0.198092
-1.498078
-1.168993
-0.811542
-1.280936
-0.601916
-0.818138
-1.837908
-0.591910
-0.685157
-0.454706
-0.707521
-0.226996
-0.057101
-1.099061
-1.820615
-1.367937
-1.134767
-0.279152
-1.023337
-1.220879
-0.503499
-0.926285
-0.176871
-1.763111
-1.949040
-1.614743
-3.402715
-1.028613
-1.520339
-0.887468
-1.510789
-3.624778
-1.246456
-0.211103
-1.000837
-2.030790
-0.658230
-1.344397
-0.148034
-0.696713
-0.319812
-0.623857
-0.529115
-1.721799
-0.363716
-1.098271
-1.630228
-0.181887
-0.625572
-3.320074
-0.111542
-0.276925
-0.322783
-0.185672
-0.862213
-1.726477
-2.844265
-0.158712
-1.482640
-0.293643
-1.324086
-0.422433
-0.806511
-1.240650
-0.425970
-1.292020
-1.049564
-2.163834
-0.058740
-0.047262
-1.762651
-0.373975
-2.980608
-0.141129
-0.601241
-0.506161
-0.365802
-1.931978
-0.028481
-0.550524
-2.032094
-0.515393
-1.202239
-0.253912
-0.004152
-0.000185
-1.291690
-0.629907
-0.181013
-1.469480
-0.065536
-0.643732
-1.036349
-0.245903
-1.171701
-0.182400
-0.551974
-0.063427
-0.118946
-0.786429
-1.357086
-2.357421
-1.596214
-0.050588
-2.074811
-1.845136
-1.337139
-3.090047
-0.113934
-2.622276
-0.374137
-1.313472
-1.039193
-0.484127
-2.416179
-4.153351
-3.295886
-0.329405
-0.595103
-1.267271
-0.967433
-0.857557
-0.220608
-0.571034
-0.244079
-0.876536
-1.017914
-0.042428
-1.699938
-0.021640
-1.208347
-0.130020
-0.476044
-0.214788
-1.233511
-0.884717
-1.052304
-2.092815
-3.490815
-2.236409
-1.831737
-1.579262
-0.209524
-0.553837
-1.367468
-0.194748
-0.099773
-1.302824
-1.342785
-0.870596
-1.492359
-1.347117
-0.968787
-3.518605
-2.121385
-0.044439
-0.076704
-1.037093
-0.517024
-1.366452
-2.071523
-0.206023
-0.226298
-0.695077
-1.158725
-0.108922
-0.771695
-0.223098
-1.683491
-0.410229
-0.996012
-0.964207
-0.927858
-0.719352
-1.054660
-0.400030
-0.460449
-1.425872
-1.371948
-0.860341
-0.148883
-0.600354
-1.105361
-0.577216
-0.620640
-0.131661
-0.703628
-0.701888
-0.755680
-0.994777
-1.020664
-0.314989
-0.245718
-1.240910
-1.017113
-1.250208
-0.708967
-0.742922
-0.580303
-0.683908
-0.871000
-0.450258
-0.228841
-1.489866
-0.364585
-0.340420
-0.017301
-2.490658
-2.151158
-0.705664
-0.274301
-0.220044
-0.462217
-1.369012
-1.484964
-1.408667
-0.801644
-0.098896
-0.517180
-0.493132
-1.284437
-0.084842
-0.947279
-3.159200
-0.128413
-0.432936
-0.858754
-0.650916
-1.987088
-0.524246
-0.775662
-0.203829
-1.578854
-0.724879
-0.656600
-3.433224
-0.346079
-0.625233
-0.254010
-0.467408
-1.154115
-0.837651
-0.288855
-0.613323
-1.515331
-0.439541
-0.186091
-0.745084
-1.649775
-1.289655
-0.112671
-0.076676
-1.001288
-0.415355
-1.035317
-0.800744
-1.136312
-0.223883
-2.319942
-0.294603
-0.252330
-2.063852
-0.904589
-0.533996
-0.014303
-0.629143
-1.174222
-0.819100
-1.029399
-0.727424
-2.065966
-0.085216
-0.871668
-2.176214
-4.042248
-1.003184
-1.731770
-1.975697
-0.095961
-0.913296
-0.096242
-2.636661
-3.213511
-0.395860
-0.787386
-0.965389
-0.395643
-1.999826
-0.702251
-0.528044
-1.948305
-0.203759
-2.138907
-1.342297
-0.054513
-0.184499
-0.532106
-0.683277
-0.099162
-2.947982
-2.142512
-0.731776
-0.262900
-0.551940
-2.341721
-2.473921
-0.394118
-2.219926
-0.109363
-4.021817
-0.624486
-0.388003
-0.214390
-1.557898
-1.334841
-0.389506
-1.401091
-0.230893
-0.874031
-0.161590
-0.038801
-0.275064
-2.172795
-0.349475
-0.193483
-1.359299
-1.486156
-1.276989
-1.658370
-0.786561
-1.794149
-1.299524
-0.437992
-0.131995
-0.903311
-0.150583
-0.015499
-0.824695
-1.039879
-0.760169
-0.251841
-0.152617
-0.955999
-1.320364
-1.423614
-2.240475
-0.725702
-2.713597
-0.724762
-2.280013
-1.107874
-1.097548
-1.066909
-0.026291
-0.058646
-1.010009
-1.853121
-1.626135
-0.339498
-0.664850
-1.190870
-0.850756
-0.273395
-2.787166
-0.950220
-0.941960
-0.506083
-0.274501
-2.341556
-0.364481
-0.171560
-0.220832
-0.960504
-1.716109
-0.613183
-0.826704
-0.258094
-1.838876
-3.668170
-1.544332
-0.636519
-0.001389
-1.765198
-0.597125
-1.678416
-0.626684
-1.142317
-0.453091
-0.931902
-1.059984
-0.136006
-0.115660
-0.424112
-1.229532
-0.277929
-0.055187
-0.330532
-0.272413
-0.934978
-1.107803
-1.921787
-0.762446
-1.689709
-0.548627
-0.281255
-1.932969
-1.721357
-1.260998
-0.365313
-0.415727
-1.642815
-0.330664
-0.199100
-1.400918
-0.130765
-1.540589
-0.412572
-1.631969
-0.870259
-0.265882
-0.323260
-0.832591
-0.347337
-0.663053
-0.845286
-0.208577
-0.621376
-2.059641
-1.235920
-0.109873
-0.583662
-1.437096
-3.030612
-0.686063
-0.918335
-1.763337
-0.830172
-0.546266
-0.609995
-1.534792
-0.913067
-0.408787
-0.545441
-1.326077
-1.409366
-0.889902
-0.380618
-1.465786
-0.927222
-0.933776
-0.678730
-1.020952
-1.513564
-0.356134
-0.709044
-1.399552
-1.955174
-0.144812
-1.655389
-0.210637
-2.143168
-0.578403
-0.796056
-1.819668
-2.465011
-0.165289
-0.783634
-1.952886
-0.031372
-0.476996
-0.962316
-1.924645
-1.354196
-0.478445
-1.292786
-0.111038
-1.815123
-1.158489
-1.844889
-0.958702
-0.403741
-1.384399
-0.285360
-1.685799
-3.056787
-1.211420
-0.281255
-0.005713
-0.611792
-0.730122
-0.152243
-0.878116
-1.273445
-1.075820
-1.590457
-1.504843
-0.156718
-0.491429
-0.335103
-0.577746
-1.400626
-1.167389
-1.339159
-1.665959
-1.095327
-0.425200
-0.724488
-1.380647
-0.128050
-1.232864
-0.440361
-1.508668
-0.174414
-0.412544
-0.525523
-0.807263
-0.528183
-1.469253
-0.776303
-0.062942
-1.564340
-0.722660
-0.520312
-1.429201
-0.413131
-1.379996
-1.331206
-0.221722
-0.671890
-0.547595
-1.015891
-0.353984
-0.481551
-0.005070
-1.337466
-0.687524
-0.861943
-0.280108
-0.156990
-0.525750
-3.377553
-2.270855
-2.693114
-0.123842
-0.854018
-1.358471
-2.558960
-0.360679
-0.249619
-0.415887
-0.791466
-3.102250
-0.659561
-0.378498
-0.134342
-1.293689
-0.164497
-0.044151
-0.809778
-1.286708
-0.181950
-0.466816
-1.262555
-1.266889
-1.041147
-0.008612
-0.199838
-0.187147
-1.527090
-0.497939
-0.095538
-0.828569
-0.254291
-2.505223
-0.013528
-0.149844
-1.089047
-0.229562
-0.715858
-0.943796
-0.723514
-3.362411
-0.083373
-0.302792
-0.782763
-0.966901
-0.957419
-0.513284
-2.138225
-0.470769
-2.499613
-0.602551
-3.031270
-0.013465
-1.468044
-0.124498
-0.345357
-0.021742
-0.046288
-0.436916
-1.369379
-0.788984
-2.366103
-1.720058
-0.500088
-0.068978
-0.251228
-1.033616
-0.568323
-2.052326
-0.510187
-1.190768
-0.286498
-0.349724
-2.620448
-0.262734
-0.230968
-0.662089
-1.891148
-0.855619
-0.784638
-1.869035
-0.389651
-0.514844
-0.700187
-0.159466
-0.040600
-0.504716
-0.560279
-0.744707
-0.258178
-0.033236
-2.323482
-0.774078
-0.013043
-1.461654
-0.510327
-1.459828
-0.192833
-2.845879
-0.842465
-0.513546
-0.319583
-0.258756
-0.999202
-0.636186
-0.103315
-1.662480
-0.111108
-2.457763
-1.475857
-1.889880
-2.118027
-2.967548
-0.580464
-0.240842
-0.204147
-2.271279
-0.414535
-3.865232
-0.190177
-2.763412
-0.687876
-2.833797
-0.290714
-0.169836
-1.453322
-0.078951
-1.652585
-1.171539
-1.136569
-1.578463
-0.458692
-0.279856
-0.782947
-2.071593
-1.126466
-3.391662
-0.085877
-0.721333
-1.630761
-0.919887
-2.649276
-0.478855
-0.756717
-0.010009
-1.512131
-0.061194
-0.890620
-0.326545
-2.929159
-0.633482
-2.792979
-0.086509
-0.690053
-1.351519
-1.242577
-0.032064
-0.626516
-2.269931
-0.085479
-1.661253
-0.214845
-0.037993
-1.124645
-0.454782
-0.179700
-0.602266
-3.979750
-0.702355
-1.797265
-1.304395
-2.169245
-1.574368
-1.563733
-0.267476
-0.285441
-0.177329
-0.799768
-1.201997
-2.334927
-0.040858
-0.530456
-0.248350
-1.171488
-0.087004
-0.692668
-0.047312
-0.417448
-0.749153
-0.402231
-0.636827
-0.807391
-2.082645
-0.578665
-0.516649
-2.012522
-1.671324
-0.260675
-1.356090
-0.076867
-0.663902
-1.005830
-0.361517
-3.629002
-0.652477
-1.231812
-0.203923
-0.145094
-0.515772
-1.610542
-0.065478
-4.003796
-1.855971
-1.130148
-0.534782
-2.960540
-1.583172
-1.212692
-1.366276
-0.416833
-0.354260
-1.421313
-2.668059
-1.728506
-1.273782
-1.017101
-0.507082
-0.196684
-0.354110
-0.386224
-0.538011
-2.246829
-0.989848
-2.109411
-0.804174
-0.685041
-0.172190
-2.125636
-0.184521
-0.105145
-1.584101
-1.923500
-0.840435
-1.905676
-1.763605
-0.149570
-1.032048
-0.359455
-0.751225
-0.957684
-1.657698
-0.047505
-2.664997
-1.343749
-0.122062
-1.005712
-2.221904
-0.365187
-3.143539
-0.097305
-1.858922
-0.501213
-0.013462
-1.136249
-0.149639
-2.156296
-4.775867
-0.038339
-5.268606
-0.107451
-0.385184
-2.343174
-0.713427
-0.373003
-0.252268
-0.253985
-0.336848
-0.626664
-1.639208
-0.147122
-0.038766
-0.423982
-0.139832
-0.540615
-0.110733
-1.539236
-1.788193
-2.222674
-1.594516
-0.644442
-1.345476
-1.562711
-0.096747
-2.341240
-0.434393
-0.120192
-0.020214
-2.180840
-1.487228
-1.303535
-0.056424
-0.497870
-0.112889
-2.785697
-1.672889
-1.836914
-0.991661
-0.344285
-0.275132
-0.088550
-1.027233
-0.191583
-0.255102
-0.264625
-0.661983
-0.603936
-0.640572
-0.920207
-2.122782
-0.216288
-3.223143
-0.435182
-0.079570
-1.336168
-0.021955
-1.008779
-1.110013
-0.548757
-0.724386
-0.600641
-0.854803
-0.823340
-0.039135
-3.967756
-0.016354
-0.641710
-0.864026
-0.947141
-1.219083
-0.082314
-0.419442
-0.002539
-0.221472
-0.439808
-1.483908
-0.540528
-1.822523
-0.999804
-0.742392
-1.383826
-0.474232
-0.115747
-0.903208
-1.225443
-0.800122
-1.876871
-0.371954
-0.675406
-1.785406
-0.892729
-2.240649
-1.301354
-1.740377
-0.679899
-1.821898
-2.977617
-0.112402
-0.173533
-0.073534
-0.644012
-0.192186
-0.435864
-0.112598
-1.051213
-0.802517
-0.502491
-0.193812
-0.050269
-0.296835
-0.670463
-0.049099
-0.451421
-1.921248
-0.586690
-0.084004
-0.582291
-0.425596
-0.492716
-1.061876
-0.809177
-0.444690
-1.032410
-0.242428
-0.025567
-0.895405
-1.523167
-0.329467
-0.408916
-0.887182
-2.588440
-1.413915
-0.064998
-0.066208
-0.228840
-0.115998
-1.031727
-1.830111
-0.678949
-1.823218
-0.783408
-0.389740
-0.783511
-0.178878
-1.549021
-0.545620
-0.803352
-0.005843
-0.097647
-2.351954
-0.805748
-3.918547
-0.157710
-0.227331
-1.373520
-1.450577
-1.318538
-1.607114
-3.704902
-0.545102
-0.401225
-1.151866
-1.273271
-1.726611
-0.859147
-0.556136
-2.558962
-3.224848
-1.033368
-0.668802
-0.943864
-0.232535
-0.293559
-1.622526
-2.285317
-1.494875
-0.206714
-2.870477
-0.249892
-2.204204
-0.328568
-1.266975
-0.444901
-1.531295
-0.299361
-0.630127
-1.214781
-1.688911
-1.590173
-0.612453
-0.842035
-0.266203
-2.038110
-2.455310
-2.152633
-3.076096
-1.395111
-0.002960
-1.246244
-0.443118
-0.192412
-0.188031
-0.245992
-1.744072
-0.730922
-0.297031
-0.387706
-1.701414
-0.495355
-1.361750
-0.165066
-0.157159
-1.049754
-0.159677
-0.505691
-0.214154
-0.966502
-2.013677
-1.550446
-0.729681
-0.119324
-1.108137
-0.473461
-2.303116
-0.875454
-1.070627
-2.655445
-0.384786
-0.655455
-0.672725
-2.785145
-0.242290
-0.412542
-0.005720
-0.113974
-1.821348
-2.269110
-0.887769
-0.236941
-0.195928
-2.104874
-0.185973
-0.104899
-0.909499
-0.545214
-0.249917
-3.037259
-1.480533
-1.086648
-0.234070
-1.959625
-0.288126
-0.164724
-1.514069
-5.950099
-0.528745
-0.456432
-0.018398
-0.881191
-1.839527
-2.071172
-0.318674
-1.433242
-0.259627
-0.540215
-1.583271
-0.154936
-0.640770
-1.102438
-0.372715
-2.229719
-2.824948
-0.492520
-0.530368
-1.083715
-0.170073
-0.886159
-1.229136
-0.377376
-0.887165
-0.121798
-0.212936
-2.929395
-1.188000
-1.196235
-0.001659
-1.760565
-1.302889
-0.303467
-0.437332
-0.141990
-0.736924
-3.651174
-1.394908
-0.053252
-1.232051
-3.332567
-0.485662
-0.697391
-3.039145
-1.184329
-0.936376
-0.739702
-0.529113
-1.637409
-0.322798
-0.013283
-0.445766
-0.085687
-1.082795
-0.214970
-1.184938
-0.461383
-0.628711
-0.215428
-0.699137
-0.694408
-2.000108
-0.495715
-0.174488
-0.249096
-0.338309
-1.565644
-1.014505
-0.087009
-3.488919
-0.803588
-0.002788
-2.482312
-0.676249
-1.578556
-0.606854
-0.428484
-0.633214
-0.351107
-1.541873
-0.252299
-0.997495
-1.276590
-0.923816
-0.347278
-0.934918
-0.783317
-2.700972
-1.183034
-0.779501
-0.502295
-1.199780
-2.840913
-0.263329
-0.789389
-1.084245
-0.313557
-0.936075
-0.426207
-0.161328
-0.724890
-0.003040
-0.044192
-0.745666
-0.108413
-0.351951
-0.001017
-0.973892
-0.248676
-0.288226
-1.133362
-0.622127
-1.523181
-1.323652
-2.050521
-1.417463
-0.809230
-0.228339
-0.906763
-3.700629
-0.169693
-1.221750
-0.695192
-0.284705
-2.125849
-3.613055
-2.557534
-0.700051
-1.872891
-0.781471
-0.143892
-0.913336
-0.473609
-0.075039
-0.080762
-0.525126
-0.631423
-0.628067
-0.512539
-0.601154
-2.110060
-0.739258
-0.802776
-2.372237
-0.869056
-0.075441
-0.020336
-0.020559
-0.286712
-0.607727
-0.585298
-0.095672
-0.199708
-0.466786
-1.324395
-1.730422
-0.226974
-0.454690
-3.325815
-0.644487
-0.694022
-1.230756
-2.904978
-0.233965
-1.264249
-0.540268
-0.015352
-0.082189
-0.908445
-0.100272
-1.388786
-0.907517
-1.382491
-2.089979
-0.391583
-0.177532
-0.099023
-0.801043
-0.109151
-0.278922
-0.562313
-0.719406
-0.071866
-0.541333
-0.188677
-0.618580
-0.004734
-0.055700
-0.846192
-0.666360
-0.388886
-0.976351
-0.046781
-2.193331
-0.138480
-1.177586
-0.126271
-0.497318
-1.286765
-2.532288
-2.278461
-2.547604
-0.046832
-1.100562
-0.854884
-1.058647
-0.032775
-0.311369
-0.637226
-0.656295
-0.312767
-2.371035
-0.021026
-0.487918
-2.139599
-1.893042
-0.620766
-1.113588
-0.841805
-0.936489
-1.288977
-0.126839
-0.769923
-0.162401
-0.276241
-0.405677
-1.220354
-0.213217
-0.888625
-0.526472
-0.086812
-1.276808
-1.261818
-1.295369
-2.260655
-1.326465
-0.528340
-0.628781
-2.619027
-2.172224
-0.252512
-2.659139
-0.868577
-2.160765
-0.596808
-0.737557
-2.217191
-1.263055
-1.424299
-0.324133
-0.856940
-0.016703
-1.952124
-0.723402
-0.975684
-0.460866
-2.513548
-0.410548
-0.930007
-1.864047
-0.502313
-1.049735
-1.536860
-0.183836
-0.936888
-0.898079
-0.660683
-0.577224
-0.713916
-1.780977
-1.162002
-0.403706
-0.047500
-1.345544
-0.034199
-2.259480
-0.799054
-0.127141
-0.161406
-0.685245
-0.525420
-0.646904
-0.923531
-1.133444
-1.184971
-1.262317
-0.022518
-0.110937
-0.447246
-0.638575
-0.518884
-0.748976
-1.271856
-2.778529
-0.009243
-1.302357
-1.279480
-1.291746
-0.007961
-0.735515
-1.207810
-0.206895
-0.468533
-0.234897
-0.365300
-0.313707
-0.678764
-1.084126
-3.066572
-0.250821
-0.045681
-1.854413
-1.001921
-0.283405
-0.733950
-0.730321
-0.016226
-0.576790
-0.408754
-0.099980
-1.403406
-0.382086
-1.168812
-0.253866
-1.161991
-2.898593
-0.592300
-0.267585
-2.397204
-0.688309
-0.957449
-0.812430
-0.457156
-1.987985
-0.587233
-0.151922
-1.345209
-2.025006
-0.576936
-0.377748
-0.062887
-2.618639
-1.439390
-1.346005
-2.080834
-1.477426
-0.462934
-1.487287
-0.901130
-0.341963
-2.980627
-2.213293
-1.193323
-0.154546
-0.987796
-0.329892
-0.298230
-1.586579
-0.755061
-0.958280
-0.107645
-0.470602
-1.258561
-2.577716
-0.797272
-2.419237
-0.748524
-0.953484
-2.611862
-0.459561
-1.161792
-1.303268
-0.042244
-0.280607
-1.116740
-1.543933
-0.300883
-1.110803
-0.936517
-2.125619
-0.264979
-0.520572
-1.452473
-0.362801
-0.041908
-0.453515
-0.285420
-0.401619
-2.279573
-1.061707
-0.018054
-1.638323
-1.019911
-0.838293
-1.044091
-0.444445
-0.430795
-1.715950
-1.299781
-1.257906
-2.666587
-0.525139
-0.491707
-1.652876
-0.552704
-0.582699
-0.506124
-1.667449
-1.400659
-0.073050
-0.078144
-0.693773
-2.631356
-0.772866
-0.128898
-0.980572
-2.373409
-1.049189
-1.607159
-0.579970
-1.190654
-0.884072
-0.752259
-0.295300
-3.438895
-1.365570
-0.253554
-0.061282
-0.582289
-0.241404
-1.803804
-1.775740
-0.011540
-0.918265
-0.378866
-1.665736
-3.079319
-1.698588
-0.970062
-0.058464
-0.691189
-1.039200
-0.681333
-0.491452
-0.522723
-0.726154
-0.071938
-0.332852
-0.569553
-1.586721
-0.084181
-0.310662
-0.831962
-2.870900
-0.134062
-2.166744
-1.613827
-1.801548
-0.854139
-0.330596
-1.912664
-0.509178
-2.507825
-0.761097
-0.516911
-1.303059
-0.149872
-0.989239
-1.020440
-1.230257
-0.340785
-4.481171
-0.717644
-0.418820
-0.723486
-0.143299
-0.163249
-0.364034
-1.585093
-0.850247
-0.261814
-0.936456
-0.869894
-0.970703
-0.969786
-1.253948
-0.372537
-1.677460
-2.078018
-0.332002
-2.173240
-1.521957
-2.300970
-0.562494
-0.151875
-0.525209
-0.072591
-1.641643
-0.651200
-0.207892
-0.205354
-0.532584
-1.557808
-0.730496
-0.005814
-2.579307
-0.993845
-1.094847
-1.124765
-0.838631
-0.531972
-1.124320
-0.409746
-0.134518
-0.041111
-0.346052
-0.423214
-0.721369
-0.996763
-1.058278
-0.720978
-1.458660
-0.704499
-0.374758
-2.148138
-0.602242
-2.120880
-1.168467
-0.857759
-4.161504
-0.573432
-0.573499
-0.249219
-1.709318
-2.893460
-2.546383
-0.462916
-0.184235
-0.919095
-0.502085
-0.037596
-0.984698
-0.272494
-2.501766
-1.588705
-3.230834
-0.899140
-1.211267
-0.969935
-1.565249
-0.293947
-0.018024
-1.705815
-2.404932
-1.522336
-0.857516
-0.957369
-0.167555
-1.352403
-0.552591
-0.648760
-0.320424
-0.139224
-1.231773
-1.192293
-0.351172
-0.529560
-0.777464
-0.120777
-2.370448
-1.005277
-1.668987
-0.258161
-0.146321
-0.888957
-0.301132
-1.093208
-0.887436
-1.405835
-1.275835
-0.950290
-0.992496
-3.426366
-0.234230
-0.857889
-1.446251
-2.255324
-0.911257
-0.180541
-0.670787
-0.568757
-0.148687
-0.989195
-0.582897
-3.142458
-1.086089
-0.214703
-0.710480
-1.011459
-0.841727
-0.110107
-1.257060
-0.155997
-0.081979
-0.789598
-1.435105
-0.792634
-0.196686
-1.353619
-0.029082
-0.659193
-1.288938
-0.397426
-1.396723
-1.394188
-0.119041
-0.100820
-0.050403
-0.965463
-0.299796
-2.009455
-0.649616
-0.270623
-0.409850
-0.916550
-0.025252
-0.758862
-0.983994
-0.589864
-2.397605
-0.236168
-0.657220
-1.251974
-3.061817
-3.436990
-1.553041
-0.369126
-1.157761
-1.043020
-4.147816
-0.315597
-1.661604
-0.772270
-0.498255
-0.549183
-1.017792
-0.320443
-0.013214
-1.033519
-0.858888
-1.231322
-0.577026
-0.289367
-0.733927
-0.125699
-0.961791
-0.373866
-0.545993
-0.493801
-1.506272
-0.001133
-0.313247
-1.606754
-0.476399
-0.834249
-1.102380
-0.015727
-2.240571
-0.047489
-1.075198
-0.514191
-1.415249
-1.493244
-0.756009
-2.650710
-0.987823
-0.476047
-0.608829
-0.140177
-2.122469
-0.130685
-0.103281
-0.312871
-0.763468
-1.784501
-0.197337
-0.735229
-1.399333
-2.660859
-4.011256
-1.166807
-2.138159
-0.563652
-1.321433
-0.825755
-0.870502
-0.086858
-0.037639
-0.430580
-1.726986
-1.494876
-1.260514
-2.372782
-0.908440
-1.072892
-1.021510
-0.026202
-1.770596
-0.248223
-1.952234
-1.371432
-1.470408
-0.039816
-0.140341
-0.496894
-1.185201
-0.601774
-0.949841
-0.544587
-2.322723
-1.035582
-0.508416
-0.174937
-0.090897
-0.119259
-2.627031
-1.463852
-1.139341
-0.180728
-0.216518
-0.363136
-0.768240
-0.022854
-0.368534
-0.114140
-0.359415
-0.493282
-0.152566
-0.266002
-2.501482
-0.820232
-2.478580
-0.182650
-1.043469
-2.591844
-1.673307
-0.960392
-0.975341
-1.442400
-1.736910
-0.961612
-0.392949
-0.414356
-0.411206
-1.317866
-0.796929
-0.011467
-0.396221
-1.604610
-1.425101
-0.457621
-0.137405
-0.009933
-0.530354
-1.370347
-1.103112
-0.057375
-2.265516
-0.815915
-1.015980
-0.778729
-0.555760
-1.476995
-0.524712
-1.064424
-0.428551
-0.803110
-0.961114
-1.981158
-0.795389
-0.862316
-0.557648
-0.745475
-0.534329
-0.104176
-0.514632
-3.108390
-0.281849
-1.793623
-0.206582
-1.060458
-0.030800
-0.875961
-1.780414
-0.333524
-0.524889
-0.549219
-0.463823
-0.031558
-2.051080
-1.272900
-0.651888
-0.708468
-3.485443
-0.083816
-0.182277
-0.333459
-0.544366
-0.856821
-2.624965
-1.041978
-2.213223
-0.116330
-1.293361
-0.463749
-0.305257
-0.791575
-1.268507
-1.449189
-3.991222
-3.575325
-0.834218
-1.663626
-3.157950
-0.389619
-0.054347
-0.661968
-0.981241
-0.373805
-1.956814
-0.041181
-2.549901
-0.146133
-5.235132
-2.059983
-0.515544
-0.159335
-0.380507
-1.346250
-0.755510
-1.881432
-0.902251
-2.536349
-0.648712
-1.278798
-0.824243
-0.230301
-0.397481
-0.592431
-0.658814
-1.846029
-0.288509
-0.304713
-2.578380
-1.711962
-2.158246
-1.081233
-2.259741
-1.632741
-0.496026
-0.628057
-0.300116
-0.398925
-2.221238
-2.596825
-0.800795
-0.495115
-1.003439
-2.089305
-0.526505
-0.581092
-0.236928
-0.181341
-0.413336
-0.908922
-0.693123
-0.833261
-1.479061
-1.545128
-0.322618
-0.542540
-2.135620
-1.107848
-1.066756
-1.597122
-0.228716
-0.690278
-1.321213
-1.407661
-0.462684
-1.067092
-1.531814
-0.288222
-1.423078
-0.494417
-0.020038
-0.889997
-0.681787
-1.697078
-4.421931
-1.303711
-3.278689
-0.947864
-0.554063
-1.571308
-1.271938
-1.607354
-0.951336
-1.375220
-1.391288
-2.428259
-0.585599
-1.676926
-0.065105
-0.174582
-0.620552
-0.060324
-0.008240
-0.403434
-2.308253
-1.505324
-1.462559
-0.443523
-1.715870
-1.884251
-1.699116
-0.095333
-0.950936
-0.768704
-2.276861
-2.997112
-0.126378
-1.810279
-0.987977
-0.205846
-0.895214
-0.921823
-2.319482
-0.679127
-2.514864
-0.652128
-2.087010
-0.746009
-0.702153
-0.225018
-2.552241
-1.905293
-0.771231
-1.357074
-0.263232
-0.265951
-1.132733
-2.046816
-1.073497
-0.716846
-0.005257
-1.807712
-0.991447
-0.512124
-0.567726
-0.394147
-0.836872
-1.750579
-0.534994
-1.271307
-1.311885
-2.598501
-0.416472
-3.040893
-0.242130
-0.447803
-0.952245
-0.150218
-0.347678
-3.890114
-0.449315
-0.734371
-0.578026
-1.965624
-0.477561
-0.236755
-0.369767
-0.948457
-2.490869
-0.221002
-2.636557
-1.053308
-1.891297
-0.245431
-0.041244
-0.550573
-1.047274
-1.566423
-0.175151
-2.440427
-2.733423
-0.905961
-0.797209
-0.945752
-0.116744
-0.356958
-0.120335
-1.315559
-0.065816
-1.905605
-1.310125
-0.103514
-0.727475
-1.458576
-0.819578
-1.030223
-0.244139
-1.237833
-0.656617
-0.675356
-0.075624
-0.436835
-1.050914
-0.248500
-2.289399
-0.209802
-0.074823
-0.834587
-2.051848
-0.694463
-0.656530
-0.544254
-0.643252
-0.817436
-0.708681
-0.702079
-1.043095
-1.257495
-0.811517
-2.834560
-0.785572
-1.098108
-0.343078
-1.850041
-0.137213
-0.904386
-0.214966
-0.287456
-0.491419
-1.655069
-0.404613
-1.690510
-0.146236
-0.291992
-2.722708
-0.335932
-0.185542
-0.070794
-0.468941
-0.324941
-0.276877
-0.092271
-0.892764
-0.109499
-0.015132
-2.944682
-0.304689
-0.415916
-0.838001
-2.829346
-0.552350
-0.056671
-1.177596
-0.914276
-2.144839
-1.188814
-0.071689
-1.615785
-1.198801
-0.745246
-0.753078
-1.103352
-0.547998
-0.326306
-0.765311
-1.140480
-1.118265
-0.853046
-1.101637
-0.666809
-3.340992
-1.916883
-0.924786
-2.683597
-0.343305
-0.867865
-0.301126
-1.584747
-2.075898
-0.050138
-0.806507
-0.567784
-0.763353
-1.684041
-0.509450
-0.893816
-0.379150
-0.822532
-1.552311
-1.360498
-0.506411
-0.586873
-1.059533
-0.753678
-0.256731
-0.318696
-1.560163
-0.231314
-0.006822
-1.467407
-0.929051
-1.220955
-0.237724
-1.514881
-1.877242
-1.574060
-0.867300
-1.522208
-0.096269
-0.381808
-0.798966
-0.097180
-0.210829
-0.169019
-0.137416
-0.674976
-1.760783
-0.092585
-0.028318
-0.208005
-0.189463
-1.682088
-0.166525
-0.207815
-1.582047
-0.768803
-0.414252
-1.361247
-2.411478
-0.948753
-0.279953
-0.498769
-0.981921
-0.930136
-2.536455
-0.472474
-0.585435
-0.584802
-0.154200
-1.970821
-0.696146
-0.132713
-0.851324
-0.272042
-0.003190
-0.535475
-1.769640
-0.004355
-0.291031
-0.601614
-1.452128
-0.389738
-0.014763
-0.073916
-1.135801
-1.852508
-1.025202
-0.509559
-0.623716
-0.024006
-0.160675
-0.812460
-0.193493
-0.231356
-1.917481
-2.186226
-0.440115
-0.562084
-1.133405
-2.307162
-0.338180
-0.831700
-1.632488
-0.378878
-0.585671
-1.399270
-0.129979
-0.744294
-0.687000
-0.621584
-0.469886
-0.350044
-2.460020
-1.429823
-0.743348
-0.421050
-0.829263
-1.944820
-0.186895
-3.874172
-0.104255
-2.321957
-1.130994
-0.187306
-0.568079
-0.592237
-0.421583
-0.215390
-0.016587
-0.187372
-1.226443
-2.404060
-1.307595
-1.926323
-0.869460
-0.230231
-0.666405
-0.382865
-2.863838
-0.792098
-1.689718
-1.850466
-0.883119
-0.552244
-0.211598
-0.300495
-1.292972
-0.894884
-0.387708
-2.513787
-0.873446
-0.158044
-1.818845
-1.808702
-1.848492
-2.922920
-1.095804
-0.375368
-0.969234
-0.034898
-0.330540
-3.207954
-2.168806
-1.232284
-0.578674
-2.116033
-1.531214
-1.419811
-0.075064
-1.752025
-0.944174
-0.579109
-0.651740
-0.920596
-0.075905
-1.847569
-0.659934
-0.130928
-0.830966
-0.204525
-2.091859
-2.106690
-1.566174
-1.703837
-1.548106
-0.252756
-0.143262
-1.307906
-1.619692
-1.663295
-0.223636
-1.180886
-1.577787
-2.070235
-0.251185
-0.531371
-1.005970
-0.655626
-0.828220
-0.234285
-0.539670
-2.378813
-0.459928
-0.063313
-1.123815
-2.816558
-0.681632
-1.285428
-0.157306
-1.398401
-0.033185
-0.887529
-1.108175
-1.193386
-1.665578
-0.901299
-0.430591
-4.497741
-1.488597
-0.513240
-0.089618
-0.830380
-2.463303
-1.098622
-1.874417
-0.464604
-0.062427
-1.166105
-3.279232
-4.069886
-2.946902
-0.668198
-0.935697
-0.260129
-2.541295
-0.428999
-1.051118
-1.771090
-1.676818
-0.309879
-0.180488
-0.563222
-2.076941
-0.680641
-0.065478
-0.189173
-1.232047
-0.490119
-0.130665
-0.030433
-0.563701
-0.361771
-0.272679
-0.269104
-0.140382
-0.254459
-0.882706
-0.662610
-0.018181
-0.712219
-0.507181
-0.608316
-1.662571
-0.466263
-0.138304
-0.940649
-1.869599
-0.077953
-0.891903
-0.556616
-4.355553
-1.472778
-2.000539
-1.529123
-0.314880
-1.876781
-0.824446
-0.230555
-1.385073
-0.804399
-0.660766
-0.768731
-1.531458
-0.198909
-0.313682
-0.279687
-1.057697
-0.067740
-0.068995
-0.515134
-0.318231
-0.796728
-0.851118
-0.477770
-0.154870
-0.619980
-2.770856
-0.198000
-0.364539
-1.429592
-0.373183
-1.810974
-0.505338
-0.725560
-0.059697
-0.207835
-0.283275
-0.105453
-0.326118
-0.385806
-0.182705
-1.353818
-0.655807
-0.194280
-0.782010
-2.604082
-0.167789
-0.148791
-0.290036
-0.474449
-0.677063
-2.655540
-0.278311
-0.067946
-0.252642
-1.067377
-1.579380
-0.312985
-0.614902
-0.177482
-0.489256
-0.109333
-0.060591
-0.399738
-1.310461
-0.205875
-1.351068
-0.376394
-1.494130
-1.332665
-1.121442
-3.420389
-1.126289
-0.005440
-3.524973
-2.989200
-0.733873
-0.540260
-0.853812
-2.723179
-0.160370
-0.639747
-0.036458
-1.183776
-0.346699
-0.448669
-0.082449
-1.314360
-0.754646
-1.950943
-1.300504
-0.451341
-0.608983
-0.039414
-0.021139
-1.419420
-0.993491
-0.434472
-3.223250
-1.806823
-0.070555
-2.288946
-1.195888
-2.515043
-2.511701
-1.880181
-0.573900
-1.775823
-0.303274
-0.985760
-0.139383
-1.463393
-0.667556
-0.001119
-0.149107
-0.759245
-0.721507
-0.736902
-0.109065
-0.034506
-1.186765
-1.257353
-0.188299
-1.167487
-0.321797
-0.802023
-1.259937
-0.052630
-1.256340
-1.874874
-0.582798
-0.133188
-1.089474
-0.331514
-0.226102
-1.052532
-0.211337
-1.308208
-2.542716
-1.935653
-0.397299
-0.154911
-0.045926
-0.469478
-0.280487
-0.706437
-0.261898
-0.528616
-1.536454
-0.123700
-1.076373
-1.256931
-0.797894
-0.496624
-0.328837
-0.931809
-0.148441
-0.113222
-2.877365
-0.867352
-0.705468
-0.445394
-0.624637
-1.571142
-0.041909
-1.987720
-0.172864
-2.343227
-1.180254
-0.827509
-2.408011
-0.851966
-1.255233
-0.151721
-0.365903
-0.669893
-0.820775
-2.474987
-0.944025
-1.155355
-1.982937
-3.260407
-0.232588
-0.941532
-0.052878
-0.604295
-0.123007
-1.801144
-0.441239
-0.477899
-1.036996
-0.905381
-0.053904
-0.593348
-0.605215
-0.432805
-1.493869
-0.145333
-1.800398
-0.828403
-0.722988
-2.152946
-0.071312
-1.611738
-0.968521
-0.762674
-1.152376
-2.743723
-0.539988
-0.000948
-1.699259
-0.051823
-1.332739
-0.369545
-1.029135
-0.439576
-0.901984
-1.051495
-0.621659
-0.378626
-0.165752
-0.055641
-0.403876
-0.538307
-0.942474
-1.239963
-1.167481
-0.746995
-0.889689
-1.988026
-0.224379
-0.519201
-0.912357
-0.619708
-0.151163
-0.359235
-0.913733
-0.982266
-0.831666
-1.478281
-1.046480
-1.535726
-0.035925
-1.783279
-2.143344
-1.574375
-0.906363
-1.341956
-0.927056
-0.811061
-0.079298
-0.146800
-1.624778
-0.529440
-0.438748
-0.220515
-1.185836
-1.430111
-0.471697
-0.650233
-1.162409
-0.939688
-1.510134
-0.084258
-0.206501
-1.369276
-0.542594
-2.710537
-0.067141
-0.907231
-0.039184
-1.224373
-0.381647
-0.534623
-0.447188
-1.999866
-1.956524
-0.066806
-0.410694
-2.251280
-0.033365
-0.805689
-0.790987
-1.047652
-0.539092
-0.787633
-3.230498
-0.217179
-0.131605
-0.322805
-0.075517
-2.707780
-0.815524
-1.771319
-1.215647
-2.765697
-0.605308
-0.311551
-3.840468
-0.350361
-0.054660
-1.311893
-0.161102
-0.436443
-3.499719
-1.253413
-0.615610
-2.038961
-2.758794
-1.166544
-2.397851
-1.493017
-1.521234
-0.985490
-2.256579
-1.020001
-0.733375
-1.133146
-0.501294
-0.560485
-0.068412
-1.276233
-1.483050
-1.605008
-0.271081
-0.769829
-0.001732
-0.816397
-1.099024
-0.783990
-0.610024
-1.030056
-0.632311
-2.401482
-0.250763
-1.417263
-0.580367
-0.541509
-1.159866
-0.508267
-0.850544
-0.044936
-1.333927
-0.668096
-0.840966
-0.637286
-0.245894
-1.033315
-1.109767
-0.053083
-0.033987
-0.111640
-2.060067
-1.493732
-1.498675
-0.454383
-0.398489
-0.214538
-0.158872
-0.750226
-0.673741
-0.835903
-1.482670
-1.996438
-0.001289
-0.798209
-0.218637
-0.161555
-0.971312
-0.193634
-2.756784
-0.042415
-0.580752
-0.568046
-1.500024
-2.236059
-1.035934
-0.845888
-2.820503
-0.839641
-0.421304
-1.044676
-0.650962
-1.037289
-0.550854
-0.546661
-1.467847
-1.559733
-1.072386
-0.254727
-0.780509
-0.631513
-0.714080
-0.892513
-1.195582
-0.410586
-1.033141
-0.733528
-0.954463
-0.299704
-0.273717
-1.286396
-2.876402
-0.168823
-1.020304
-0.127296
-0.218545
-0.851981
-1.707582
-1.148326
-0.549739
-0.105227
-1.447991
-1.042739
-1.363960
-0.311859
-0.968048
-0.487892
-1.076935
-1.251073
-1.318912
-1.692636
-1.520063
-0.572848
-1.156163
-0.647823
-0.607274
-1.784029
-2.818575
-0.283154
-0.996498
-0.471644
-2.294450
-0.417617
-0.755302
-0.250178
-0.751778
-0.379645
-1.049678
-0.166159
-0.589895
-1.632470
-0.133935
-0.447157
-0.609893
-1.150645
-0.068413
-3.562345
-0.876016
-1.754618
-1.793439
-0.633639
-4.819502
-0.286914
-0.206052
-0.441912
-1.047878
-0.369835
-0.034684
-0.162929
-0.185548
-0.194420
-1.548506
-1.698814
-0.183322
-0.277910
-0.676739
-0.172317
-1.028983
-0.812190
-0.443788
-0.566783
-0.973715
-0.608747
-0.641895
-0.160135
-1.266051
-0.545789
-2.232272
-1.169384
-0.681060
-0.717169
-0.102606
-0.079829
-2.296678
-0.222648
-2.613778
-3.055958
-0.218415
-0.403282
-2.260701
-0.652484
-0.340888
-1.615887
-0.278382
-0.263413
-1.329971
-0.283581
-2.172688
-0.912963
-0.285939
-2.008892
-0.185388
-1.081964
-0.592701
-0.046162
-1.110883
-0.205366
-1.964632
-0.074357
-0.940316
-0.602842
-0.226654
-1.512374
-0.063703
-0.080305
-0.328209
-0.115923
-0.943182
-2.037529
-1.262808
-1.859564
-0.009943
-2.085451
-0.172489
-1.451515
-1.598624
-1.672612
-0.370019
-0.053215
-0.522392
-0.232087
-0.176639
-0.216066
-1.757878
-1.165952
-1.306096
-1.962959
-0.905798
-0.108310
-0.039225
-1.586194
-2.004149
-3.073912
-0.970516
-0.482885
-0.007640
-0.199643
-0.825339
-1.264468
-0.648026
-1.021808
-0.772355
-1.871377
-2.270353
-0.180727
-0.537119
-0.578634
-0.490807
-1.421026
-4.777778
-0.178096
-1.884740
-2.495681
-0.938540
-0.414834
-0.816023
-0.154953
-0.009914
-0.613953
-1.958652
-0.184614
-0.029249
-0.413076
-1.513164
-0.100307
-1.564064
-2.301446
-0.856089
-1.851906
-1.370010
-1.506615
-0.833393
-0.851518
-0.042961
-1.431142
-1.728258
-0.061594
-0.171106
-0.574874
-0.419707
-0.726053
-3.520671
-1.786632
-1.500602
-0.433679
-0.082068
-0.024266
-0.385099
-0.371687
-1.181851
-0.284120
-1.043519
-2.421712
-1.662682
-0.669645
-1.332419
-1.040530
-0.079705
-0.487507
-1.193096
-0.339925
-0.613467
-1.467910
-1.023652
-0.630440
-0.391857
-0.360725
-0.437411
-1.286697
-0.468472
-0.355190
-0.189084
-3.076192
-1.820687
-0.462061
-0.055525
-0.479126
-1.310498
-0.304319
-1.016849
-0.025421
-0.712170
-0.755871
-0.074872
-0.918075
-1.051048
-2.281328
-2.684882
-0.698267
-1.262106
-0.591120
-0.338016
-0.281194
-1.243479
-0.050198
-0.009284
-1.854300
-0.014640
-0.479894
-5.869182
-0.095595
-0.114746
-1.580235
-1.131139
-0.941817
-1.836695
-0.750315
-0.108063
-1.142229
-0.434523
-1.682646
-1.038163
-0.172104
-0.863329
-0.567458
-2.691499
-0.025874
-0.621539
-1.263555
-0.593320
-1.714133
-0.352951
-0.386944
-1.026552
-1.124146
-0.523840
-1.154459
-1.291788
-1.941679
-0.025653
-0.220158
-0.183167
-3.505964
-0.773699
-0.469330
-0.566023
-1.212112
-1.802449
-1.828533
-0.374333
-0.253185
-1.071807
-0.990814
-2.247138
-0.611219
-0.398035
-1.084780
-1.045100
-0.214487
-1.006206
-0.811520
-1.670744
-0.060719
-1.478082
-0.921512
-0.019330
-1.063240
-1.185496
-1.923460
-0.229872
-0.597554
-1.152065
-1.114106
-0.032889
-0.347857
-1.177634
-1.059710
-0.913604
-0.578911
-0.218320
-0.492227
-0.639880
-2.851359
-0.839009
-0.187308
-0.082832
-0.095319
-0.480528
-0.274717
-0.536515
-2.462509
-0.794843
-3.132799
-1.234401
-0.501859
-0.836074
-1.051277
-0.137375
-0.680644
-0.609194
-1.557793
-1.657800
-0.348936
-0.222622
-0.782030
-1.682939
-0.712602
-0.913733
-1.276283
-0.986741
-1.110225
-0.139007
-0.055501
-1.274955
-0.893752
-0.504090
-1.551055
-0.585034
-1.239520
-0.003803
-0.355889
-0.770591
-0.260279
-0.151817
-0.251290
-1.518016
-1.091511
-0.083612
-0.572570
-0.180703
-0.169629
-1.100051
-0.256304
-3.126236
-0.919595
-0.741137
-0.128047
-0.023838
-1.485475
-0.321393
-1.428731
-0.101170
-0.594407
-1.054619
-3.515406
-0.591845
-3.279849
-0.218758
-0.623869
-1.154275
-1.726790
-0.314470
-0.473674
-0.605057
-0.007578
-1.757327
-1.999164
-0.045023
-0.225519
-0.498303
-0.835726
-1.067084
-0.588268
-2.749615
-0.440942
-1.381698
-0.362463
-0.634941
-1.632792
-0.005741
-0.611633
-0.925365
-0.803818
-0.046891
-1.123337
-0.139793
-1.801215
-0.023464
-1.457874
-4.243862
-0.830378
-1.224965
-2.258123
-0.598344
-3.032508
-0.385053
-0.804316
-2.164391
-1.442221
-2.721230
-1.428083
-0.152778
-1.426666
-0.883871
-0.774744
-0.246792
-1.098450
-0.680015
-1.129330
-0.409859
-2.223506
-6.127243
-0.650547
-1.456427
-0.203768
-0.044997
-1.128081
-1.450085
-1.797597
-0.383458
-0.519943
-0.355074
-0.210420
-0.807736
-0.062377
-1.994287
-0.054288
-1.520047
-5.425717
-0.076377
-1.455541
-0.198813
-1.224512
-0.954480
-0.203248
-0.878127
-0.007519
-0.216668
-0.375029
-0.988217
-0.143570
-0.416365
-0.645107
-0.230046
-0.006866
-0.725493
-0.869280
-0.201496
-0.295216
-0.761562
-0.416001
-2.470926
-0.804971
-0.196354
-0.177678
-0.404805
-0.486045
-0.886501
-1.308337
-0.364171
-1.907382
-0.403048
-0.514854
-0.510646
-0.680666
-0.241486
-1.754902
-1.766546
-0.239733
-1.252316
-0.412967
-0.440703
-1.037168
-0.176608
-0.999812
-0.225175
-3.874948
-0.174992
-0.867596
-0.415240
-1.077777
-0.405331
-0.332665
-1.169137
-0.916040
-0.145911
-0.255063
-0.577142
-0.447539
-0.395521
-0.192547
-0.399391
-0.778880
-0.812363
-0.787605
-1.686206
-2.194249
-1.006294
-0.534261
-0.633133
-2.119801
-0.338172
-0.260820
-1.640916
-0.724211
-0.087196
-0.126672
-1.478633
-0.487371
-1.691743
-1.040445
-1.185724
-0.211556
-1.788974
-1.344603
-0.132869
-1.527909
-0.730805
-2.565273
-1.737877
-0.131991
-2.963760
-2.134816
-0.401620
-0.883849
-1.196935
-0.548275
-1.709674
-0.827348
-0.308310
-0.537212
-0.334676
-0.438189
-0.018208
-0.071436
-0.263983
-0.892640
-0.440064
-1.040464
-0.026054
-0.237114
-0.620087
-1.090690
-0.874923
-1.593958
-0.868953
-1.544921
-0.389719
-1.671902
-0.376842
-0.177323
-0.520641
-1.009551
-0.545274
-0.773549
-1.123382
-0.225148
-0.764207
-0.672062
-1.764478
-0.221110
-0.564827
-0.070467
-0.410765
-1.308794
-0.854499
-1.244639
-1.606753
-0.160703
-1.581840
-0.618156
-0.127101
-0.629636
-1.606397
-0.082114
-0.512635
-0.176243
-1.119800
-3.483297
-0.139988
-1.593978
-2.924404
-0.424721
-1.685761
-0.813188
-0.600444
-1.256546
-0.772995
-1.177955
-1.228275
-0.792289
-0.999994
-0.050994
-0.602652
-0.030078
-1.351655
-0.283567
-0.262498
-0.258647
-0.293463
-2.700375
-0.739251
-0.973953
-1.222778
-0.023913
-1.438498
-1.702091
-1.029338
-0.950596
-1.694592
-0.182408
-0.816576
-0.844943
-0.357565
-0.277116
-0.013223
-0.735124
-1.237590
-0.514196
-1.755711
-0.193362
-0.622610
-1.803556
-1.226423
-0.396735
-1.591529
-0.710561
-0.977187
-0.122682
-1.726007
-1.273654
-0.892056
-1.882412
-1.753332
-0.526109
-0.833330
-0.675017
-0.544045
-1.322977
-0.935965
-0.189196
-0.826356
-1.245179
-1.012409
-0.153052
-0.382590
-4.703628
-0.288737
-0.457909
-1.055912
-2.063512
-0.092394
-1.255581
-0.218986
-0.932934
-0.543240
-0.761520
-0.945332
-0.565311
-2.417992
-3.151671
-2.598178
-2.163277
-0.059823
-0.208990
-0.059913
-2.115977
-0.677986
-0.899008
-1.215038
-2.284843
-1.908393
-2.497237
-0.185676
-1.735195
-0.481824
-0.422359
-0.015670
-1.106022
-0.952464
-1.558527
-0.689540
-0.042517
-1.696117
-0.321074
-0.499804
-0.034996
-1.438626
-1.256856
-0.189987
-1.495361
-0.030906
-0.112138
-1.150679
-2.113825
-0.765203
-0.643526
-1.911289
-0.116895
-0.629174
-0.610825
-2.022179
-0.468168
-0.695885
-2.526980
-0.920454
-0.451005
-0.202840
-0.219610
-0.509142
-0.452999
-0.446581
-0.451883
-1.591171
-0.026797
-0.478475
-0.298892
-0.004536
-1.696015
-0.788797
-0.451952
-0.164273
-0.209887
-1.662698
-0.054207
-0.003520
-0.471064
-0.365183
-0.585675
-0.048640
-0.305489
-2.309259
-1.334026
-0.023306
-0.193724
-1.774516
-0.378126
-0.425670
-1.345808
-0.876395
-0.070158
-0.155100
-0.057680
-0.739686
-0.861880
-2.066743
-0.966712
-1.228536
-0.062588
-0.306150
-2.391799
-3.191087
-2.006516
-1.475401
-3.779896
-0.562180
-0.011295
-0.413316
-1.304771
-0.285741
-1.658253
-0.750390
-1.442069
-0.889072
-2.484943
-0.152957
-4.612256
-2.304958
-0.931256
-0.550565
-2.012087
-0.159577
-0.243519
-1.109428
-0.125226
-1.522163
-0.489093
-0.402403
-0.970352
-0.540092
-0.024755
-1.773356
-1.267464
-0.361159
-0.629468
-0.855542
-1.132888
-1.263283
-1.739117
-1.055896
-2.972752
-0.652039
-0.283918
-0.249425
-2.344374
-2.750158
-0.906792
-0.471669
-2.244055
-0.838667
-2.190452
-0.966874
-1.431086
-1.436325
-0.318239
-0.220664
-0.011185
-0.734453
-1.193960
-0.882743
-2.027903
-0.986358
-2.415604
-0.802898
-1.122703
-0.311783
-1.166503
-1.198424
-2.188640
-1.816821
-1.368255
-2.500025
-0.453367
-0.192135
-0.047685
-0.057478
-0.941503
-2.345235
-2.149267
-1.669578
-0.996779
-0.251019
-1.655384
-1.344447
-2.069918
-0.310058
-1.638019
-0.945681
-0.367544
-1.402990
-0.300572
-1.436251
-1.032846
-1.878137
-2.104728
-0.689600
-1.247447
-0.551788
-1.768308
-0.577213
-1.488416
-2.912386
-1.140242
-0.464127
-0.043227
-1.383381
-0.780359
-1.422710
-1.909274
-1.266014
-1.825223
-0.430455
-0.282821
-0.463381
-0.772395
-0.211906
-1.619017
-0.955869
-0.587340
-0.590790
-0.129236
-1.847169
-0.047518
-0.194290
-2.985066
-1.025970
-0.380775
-0.971168
-0.868452
-0.048644
-3.778451
-0.046161
-2.456956
-0.369522
-1.285364
-0.231628
-0.161363
-0.495233
-0.064804
-0.332975
-1.018775
-1.554035
-0.298757
-0.010190
-0.207839
-0.111568
-0.100558
-1.264699
-0.411820
-0.127251
-0.517481
-0.005520
-0.655871
-1.408610
-1.959192
-1.588112
-0.621286
-0.943683
-1.221924
-0.203576
-0.659893
-1.374411
-0.557778
-1.759392
-0.926247
-0.495916
-0.242872
-0.524699
-0.799766
-1.645487
-2.263536
-0.109217
-3.227520
-2.406032
-0.147573
-0.526247
-1.386607
-1.057850
-2.481368
-0.695444
-0.225025
-1.294737
-0.261686
-0.750281
-0.392473
-2.001654
-0.536364
-1.125894
-0.898109
-2.196840
-1.729182
-0.040127
-0.766589
-0.389062
-0.350859
-0.903783
-0.763505
-0.344401
-2.320029
-0.197234
-0.086449
-1.593637
-1.037335
-0.069556
-0.154973
-1.374506
-0.328493
-0.239718
-0.698472
-0.774496
-0.104210
-3.067348
-2.713241
-0.120234
-0.865025
-1.941292
-0.451202
-0.222771
-0.882306
-0.813391
-2.738930
-0.933767
-1.752403
-1.256269
-2.627324
-0.251974
-0.401824
-1.311215
-0.462516
-0.039464
-2.929295
-0.479942
-2.048039
-1.052895
-0.950335
-0.532921
-1.982953
-0.409371
-0.778554
-0.823925
-1.951558
-2.314643
-0.269928
-0.347567
-1.473194
-2.146881
-1.149781
-0.258808
-1.276328
-0.240506
-1.283060
-0.712172
-2.133826
-0.253329
-0.735005
-0.637451
-0.696706
