-2.587353
-0.372062
-0.034246
-3.972007
-0.314167
-1.347891
-0.250663
-1.444298
-0.444140
-0.078490
-3.009896
-1.849833
-0.245135
-5.015460
-3.176176
-8.750554
-0.044028
-0.522286
-1.602187
-1.228774
-1.250752
-0.052566
-0.930365
-0.183598
-1.417031
-1.227232
-6.485329
-0.833325
-2.291846
-2.739979
-0.848011
-0.362927
-1.041084
-2.744664
-0.808840
-0.778100
-2.856898
-0.471468
-3.047029
-2.696507
-2.124780
-0.116450
-5.654540
-0.494975
-0.600413
-4.942448
-1.000472
-1.172787
-0.376639
-6.788048
-0.816239
-1.014286
-3.436766
-1.442020
-0.182544
-0.421108
-3.968798
-2.845323
-7.332329
-0.259462
-0.257535
-1.931620
-0.834664
-0.960637
-2.094410
-3.333787
-1.618384
-1.128749
-2.624138
-3.063260
-2.695379
-1.866742
-1.734303
-0.170638
-4.539679
-3.454914
-3.647815
-1.800492
-2.663880
-0.165781
-0.640142
-0.527408
-0.378376
-1.676012
-0.118477
-0.257914
-0.595137
-0.451408
-2.256365
-1.011670
-0.583848
-3.248548
-0.872597
-1.300182
-1.426420
-2.687118
-2.474291
-2.615340
-1.536579
-7.442054
-5.399554
-1.267511
-0.802947
-0.773083
-0.158598
-0.205161
-1.850503
-0.399932
-0.106034
-0.001230
-0.241363
-2.027156
-1.247222
-0.136079
-2.033222
-0.517056
-0.304249
-0.706682
-1.946289
-1.578593
-1.804571
-0.871109
-0.539796
-0.244309
-6.628696
-2.534278
-6.582482
-3.038902
-0.410218
-1.535493
-2.906892
-1.086056
-1.926212
-0.282014
-0.465234
-0.364077
-2.462339
-2.074146
-1.603382
-0.775599
-0.806384
-2.886179
-0.663733
-0.066497
-0.273542
-0.433147
-4.794966
-0.446818
-0.948592
-2.428359
-1.923743
-1.734468
-1.858310
-0.321709
-1.077264
-1.655356
-3.043680
-3.205944
-3.093367
-0.724024
-1.092829
-1.369772
-1.348967
-3.413191
-0.548541
-0.170148
-0.342227
-1.360420
-8.244913
-2.007220
-0.275710
-2.712814
-1.687545
-0.362931
-1.737103
-0.104435
-0.683796
-1.652803
-1.370915
-1.909305
-3.547668
-1.546451
-2.915021
-0.651949
-1.290803
-2.666777
-0.097770
-2.796693
-1.218604
-0.195278
-0.046543
-0.677932
