-2.172822
-0.673563
-0.255018
-0.525407
-4.406879
-0.408132
-1.297053
-1.248843
-0.652210
-0.219866
-2.714195
-1.436952
-0.095192
-1.567884
-2.519401
-3.606069
-2.427163
-0.032838
-0.414252
-0.048770
-4.219946
-0.466358
-0.293758
-1.253196
-2.131191
-2.581976
-1.137705
-0.809535
-2.334956
-0.259131
-1.022945
-0.499127
-0.365081
-5.577740
-0.937985
-1.894709
-0.364703
-2.057592
-0.523487
-2.210998
-2.888772
-3.442857
-0.069508
-0.786023
-2.550985
-0.185642
-1.585750
-2.035791
-1.191900
-0.395909
-2.441352
-2.542844
-1.255015
-0.746285
-3.736326
-0.802751
-0.019226
-0.316763
-3.085325
-0.426209
-2.114102
-2.641119
-2.621449
-0.951733
-1.904592
-1.236120
-1.714891
-0.351804
-0.117990
-2.073876
-0.367768
-4.133572
-1.808178
-4.720625
-2.516865
-2.420199
-0.580768
-2.365042
-2.529174
-0.817105
-0.675758
-2.615921
-2.203811
-1.415649
-0.144560
-1.319310
-0.797803
-0.345734
-0.665056
-2.578672
-1.950679
-0.868439
-1.132028
-2.492814
-0.224700
-0.791026
-0.831756
-1.585733
-3.303185
-1.365315
-0.921296
-1.673069
-0.398204
-0.079656
-1.452351
-0.413498
-3.293360
-0.433889
-2.452722
-3.806545
-1.211693
-0.074156
-0.927521
-1.722899
-1.772522
-0.378056
-0.868256
-0.597354
-1.373292
-0.211274
-1.911270
-0.031160
-1.425803
-0.964339
-2.285780
-0.879696
-1.546529
-0.176885
-1.076052
-4.617941
-0.177675
-0.295674
-0.557467
-1.635314
-1.429007
-1.191969
-0.214290
-0.864404
-0.563540
-0.214017
-1.196913
-1.639628
-0.470628
-0.269713
-2.494494
-0.310726
-0.003498
-1.079924
-0.422408
-0.439347
-1.627128
-4.765271
-2.734214
-2.474646
-1.732294
-0.080611
-1.556945
-1.169502
-0.620465
-1.883076
-2.895618
-1.639161
-2.488032
-2.294443
-5.159592
-1.226854
-1.575608
-0.028310
-1.946190
-1.184796
-0.849097
-0.851489
-2.101729
-0.651985
-3.310831
-0.031246
-0.739541
-3.913168
-0.023625
-1.392739
-1.571633
-1.389344
-0.774027
-0.895360
-1.392884
-0.892549
-3.610851
-0.419508
-1.529407
-0.068620
-0.243046
-0.452656
-0.103533
-3.281241
-1.629948
-0.347011
-2.644886
-0.355648
-0.036941
-4.504822
-0.198073
-1.336901
-1.109174
-1.932577
-3.211531
-1.021468
-0.126352
-3.128149
-0.154006
-4.168246
-1.278488
-1.803056
-2.011143
-0.113334
-1.575017
-1.310551
-1.048331
-0.522987
-0.717865
-4.684432
-0.807113
-1.141412
-2.939168
-0.039008
-3.582636
-4.627004
-0.340151
-2.056044
-3.339888
-0.466920
-0.100010
-3.377503
-0.930373
-1.562645
-3.043501
-0.450587
-6.855690
-2.616050
-1.448279
-5.345408
-0.295030
-0.104641
-0.326050
-0.177228
-2.325616
-3.180259
-0.934630
-0.406666
-2.007026
-0.392565
-1.681687
-2.449826
-1.057298
-2.445229
-1.210335
-0.172368
-0.313883
-1.357640
-2.399327
-1.154169
-1.784794
-1.340298
-4.650702
-3.290821
-1.381022
-0.681091
-0.232096
-1.786954
-0.361701
-0.425964
-1.302551
-0.092231
-3.391508
-1.561563
-0.818909
-1.748854
-7.090444
-3.114492
-0.586073
-0.006303
-0.731050
-1.991771
-3.482229
-2.266200
-0.236350
-3.250687
-0.109767
-2.244629
-0.316765
-0.755323
-1.019007
-0.649757
-1.122287
-1.612948
-1.887134
-0.860418
-1.038722
-0.405705
-0.792700
-0.656985
-2.812133
-0.685456
-1.074942
-0.185960
-0.264669
-3.286549
-2.045838
-0.250617
-0.367781
-1.155886
-0.520130
-0.441330
-1.193265
-1.021142
-2.239483
-0.594783
-1.127649
-0.978545
-1.036225
-0.642078
-0.480400
-0.093366
-0.373368
-0.494585
-1.479535
-3.518892
-0.183393
-1.076725
-0.784164
-2.578517
-0.900036
-0.100476
-4.284716
-2.390936
-1.580183
-1.024282
-0.896232
-2.713170
-0.816433
-0.054697
-0.410762
-1.392554
-0.015993
-0.832852
-0.304120
-4.464928
-1.582720
-0.506288
-0.717606
-0.162816
-0.764347
-0.865574
-1.529553
-4.867480
-4.654112
-0.230833
-0.024175
-5.199897
-1.694453
-3.567374
-0.817348
-1.010165
-0.237221
-0.728454
-1.121196
-0.269928
-0.463383
-0.114320
-1.081832
-0.772102
-0.047011
-1.590702
-0.451865
-0.001043
-0.841027
-1.040766
-0.001437
-0.503438
-1.294306
-0.530457
-0.923774
-0.416288
-0.046534
-0.291025
-0.257552
-0.451600
-4.315863
-0.707166
-4.331255
-1.810866
-6.322439
-0.666708
-0.114139
-2.722343
-1.429088
-1.289689
-1.207158
-1.064992
-3.988461
-1.277737
-2.039430
-1.962631
-1.910347
-1.782442
-0.681786
-2.270580
-3.195581
-0.147344
-3.613797
-1.070355
-3.131010
-0.835586
-1.602321
-2.490759
-0.803503
-1.942286
-2.373461
-5.023707
-0.949962
-2.006793
-0.911929
-0.669558
-0.264472
-0.776282
-0.965691
-1.823885
-0.739149
-2.351525
-0.373823
-0.036585
-0.053363
-1.115431
-6.532905
-2.860725
-3.075480
-1.032112
-0.713099
-0.868847
-2.502419
-1.249606
-0.141486
-0.499303
-1.979516
-0.095280
-2.311498
-0.284322
-0.352420
-1.482734
-0.700811
-4.542015
-1.514889
-0.632989
-1.001326
-4.751415
-1.522165
-1.388480
-0.416999
-7.119304
-4.646782
-0.890012
-0.810007
-0.268982
-1.470334
-3.896176
-1.718442
-0.602178
-2.419555
-1.068270
-2.500058
-2.940806
-1.746457
-5.272657
-0.521199
-1.901073
-3.844664
-0.070882
-1.336156
-0.722410
-1.245764
-3.056812
-1.772270
-2.759148
-0.149045
-0.172371
-0.175201
-0.695306
-0.178753
-2.737443
-2.334871
-0.454840
-3.110315
-1.225410
-1.218370
-4.573235
-2.876808
-0.926215
-0.244245
-2.944646
-0.525625
-1.358270
-1.005121
-2.319654
-1.482522
-0.265128
-4.948204
-0.553117
-0.845477
-2.859348
-0.000069
-0.067937
-0.691571
-1.514761
-2.100528
-0.185944
-2.616131
-0.727673
-1.538512
-0.641641
-3.174716
-0.099741
-0.038146
-3.134472
-3.599940
-0.466259
-0.653658
-3.295343
-4.282240
-0.587647
-0.017432
-1.701455
-2.534393
-1.347093
-1.919861
-0.564133
-3.851530
-0.780361
-3.220582
-1.948841
-1.378627
-4.663774
-0.360966
-1.042829
-1.089066
-1.074990
-1.697539
-0.195156
-2.619513
-1.333045
-0.475906
-1.052350
-0.299084
-3.396645
-0.777330
-0.244583
-4.035310
-0.123605
-0.888053
-0.077614
-2.562200
-1.522575
-1.691821
-0.672871
-2.671252
-5.237022
-2.249102
-1.247958
-0.363130
-0.523921
-1.568721
-2.047149
-0.539782
-3.408816
-1.639876
-1.729953
-0.545329
-1.178186
-5.247003
-0.199030
-0.156647
-0.778433
-3.215598
-2.892968
-1.058035
-1.823911
-1.450941
-3.956118
-1.559572
-0.444590
-0.880109
-4.748124
-3.384334
-0.176818
-1.464605
-0.041731
-0.290058
-0.413700
-0.783941
-2.165753
-1.175873
-5.008626
-0.768524
-0.559805
-0.607879
-2.770961
-0.526113
-0.781032
-0.068947
-1.794893
-0.665067
-1.273200
-0.221932
-0.021994
-3.777023
-1.527023
-0.860168
-0.570143
-0.166747
-0.605867
-2.045684
-0.018099
-4.377544
-2.355459
-2.479891
-1.745282
-0.237687
-0.436209
-0.994579
-0.052337
-0.441286
-0.588510
-0.656431
-3.659287
-4.848753
-0.032509
-4.244612
-3.011437
-6.689090
-0.326566
-5.101764
-4.330540
-0.042025
-2.018503
-0.232180
-0.318926
-1.503643
-2.999894
-2.748144
-4.737877
-0.089933
-0.168560
-0.378872
-0.020945
-0.604895
-2.803078
-0.252929
-0.671746
-0.338773
-0.311908
-1.017454
-0.172040
-1.160644
-1.402466
-0.250354
-1.393401
-1.540020
-0.307283
-0.831435
-0.185477
-1.949012
-2.847498
-1.447192
-0.095281
-0.023966
-0.920576
-2.330470
-2.194027
-3.583456
-2.094753
-4.050036
-3.291835
-2.922680
-0.278564
-1.089275
-0.131891
-0.932324
-1.775684
-0.733971
-0.585163
-2.653462
-1.192073
-0.984829
-2.271095
-1.080396
-1.270275
-0.216885
-1.140302
-0.491294
-0.242638
-1.734824
-1.073594
-1.486974
-4.355209
-1.648986
-0.222794
-0.444077
-0.614001
-1.027684
-3.378945
-1.524055
-0.512458
-5.969753
-0.236409
-0.303216
-1.404591
-1.726588
-0.292458
-2.683590
-3.466079
-0.070546
-2.797693
-0.227987
-0.530203
-2.011217
-1.502989
-0.638570
-0.592968
-1.757217
-0.725518
-0.486614
-2.028076
-0.227404
-0.381232
-0.747853
-1.059702
-0.010285
-0.493012
-1.527927
-1.596596
-1.057397
-6.056733
-0.786610
-0.001617
-0.191265
-2.268541
-0.127025
-0.583454
-2.095021
-1.856975
-0.106334
-0.448460
-0.438856
-1.972025
-0.793222
-5.328940
-2.817663
-0.380336
-2.037169
-1.088987
-1.445638
-2.640775
-0.444268
-3.115578
-9.944889
-4.301380
-2.188852
-3.143120
-0.686354
-3.560108
-0.414928
-2.636131
-0.681032
-0.952095
-2.289912
-4.328529
-0.452043
-1.211717
-0.520158
-0.578111
-1.079974
-0.448318
-1.119666
-0.987193
-3.409105
-5.316545
-1.357777
-3.121361
-1.652792
-0.159306
-0.795523
-1.945817
-2.422363
-0.535799
-0.321262
-3.738619
-1.869555
-0.688064
-0.171044
-2.024598
-2.444258
-2.159302
-0.151166
-0.676857
-1.711526
-2.898827
-0.746309
-0.321090
-5.333424
-2.095978
-1.609550
-2.196049
-3.231279
-7.163830
-0.564544
-1.117606
-2.399442
-1.643246
-0.177742
-1.240877
-0.611972
-2.728534
-1.196626
-3.236715
-0.433692
-0.870964
-3.570133
-1.470242
-1.798864
-0.084010
-1.000205
-0.151681
-0.164082
-6.818731
-4.145387
-0.873590
-0.844032
-1.092097
-7.039135
-4.024902
-1.074893
-0.239708
-0.534341
-1.798071
-1.457613
-0.004564
-1.279956
-0.471406
-0.196393
-2.007154
-4.071989
-0.044906
-4.190675
-2.590015
-0.045478
-1.104624
-0.296531
-2.778769
-0.258948
-4.810369
-0.755318
-2.142158
-2.318949
-0.071165
-8.402328
-1.319193
-0.842985
-3.978397
-0.432873
-3.405568
-0.128015
-0.869001
-0.445418
-1.367395
-0.484839
-1.134408
-1.293045
-1.023984
-0.956442
-3.627804
-0.926715
-0.926733
-4.959126
-1.225433
-2.989485
-1.245482
-0.308878
-1.445978
-1.120555
-1.172105
-1.948223
-1.334788
-1.632141
-1.330511
-2.330900
-1.041447
-1.325686
-1.759679
-2.625083
-0.072178
-2.886009
-1.929562
-0.933175
-0.639019
-1.379662
-0.314122
-2.259149
-0.636148
-1.889087
-0.805166
-0.483990
-2.215664
-0.391703
-0.917397
-0.126005
-3.372088
-0.517950
-1.307265
-3.522572
-2.802202
-3.194101
-1.069656
-1.046719
-0.435330
-2.105875
-0.542831
-0.324475
-2.161075
-0.459684
-2.343446
-0.584246
-6.334914
-5.085270
-4.634295
-2.822079
-0.349690
-0.359698
-0.411542
-0.110306
-1.379150
-2.426872
-2.176767
-4.354377
-0.006440
-4.304576
-2.866232
-2.799326
-0.025844
-0.651944
-1.311643
-1.360730
-1.746231
-2.603443
-4.437261
-2.142219
-0.900016
-1.146460
-1.066044
-0.655074
-1.342632
-0.079192
-2.333499
-0.083873
-2.591112
-1.390357
-1.531943
-1.980305
-2.076888
-2.387462
-1.234393
-1.210871
-4.581848
-0.188695
-0.370111
-3.567431
-2.022941
-1.559861
-0.813775
-1.706449
-3.654422
-2.890718
-0.158380
-1.170840
-1.132205
-3.000106
-5.257988
-1.505281
-0.610864
-2.642588
-1.968428
-0.326350
-2.317328
-0.163690
-2.340496
-0.222426
-0.306160
-0.909768
-2.792920
-0.398813
-3.838136
-6.961247
-0.544752
-3.285371
-4.392611
-1.569914
-0.505363
-2.357403
-2.397254
-1.292885
-1.759302
-1.195265
-5.673334
-2.211916
-7.243601
-2.619110
-0.842487
-3.234268
-1.679747
-0.316727
-0.016749
-2.385491
-1.531638
-2.848816
-0.678326
-3.791714
-3.049299
-0.821548
-0.967645
-0.969031
-1.351816
-0.604431
-1.689863
-5.122026
-4.946144
-1.427346
-0.319616
-3.365830
-0.276554
-1.676276
-0.095966
-1.315775
-0.911700
-2.483365
-2.566597
-0.086764
-0.424129
-2.078373
-3.060337
-2.395579
-0.779602
-0.722344
-0.935735
-0.069037
-2.982115
-0.048202
-2.982212
-0.410429
-6.103028
-2.106610
-1.055539
-1.503168
-0.115575
-0.585719
-2.187171
-4.084116
-0.549721
-0.081775
-2.557414
-3.829277
-2.407850
-0.278266
-1.898344
-0.377997
-1.458539
-2.174525
-1.046059
-0.368681
-0.546302
-0.176304
-0.512110
-1.224948
-4.108956
-3.227675
-0.554367
-0.038378
-0.736961
-0.439460
-0.246580
-1.603339
-0.777687
-1.825138
-0.609607
-7.227198
-1.574582
-3.539948
-0.016864
-0.510426
-0.240526
-0.250571
-0.346762
-1.565670
-0.699212
-1.033717
-2.150384
