-0.617994
-2.650671
-4.781674
-0.102898
-2.013609
-1.854145
-3.731107
-0.394082
-2.410449
-3.183769
-0.761395
-0.124643
-2.667492
-3.599763
-5.070579
-1.485822
-0.056515
-0.505182
-1.873794
-0.102271
-1.438430
-0.124193
-2.216848
-1.884185
-1.128908
-0.798612
-1.843754
-2.247501
-2.312972
-1.386415
-3.846939
-1.095011
-0.715522
-1.924061
-1.880878
-1.262565
-0.283029
-1.146303
-0.285971
-1.121948
-1.424051
-1.027726
-3.028090
-1.147917
-2.361141
-1.067840
-0.385606
-0.041904
-0.958602
-0.008749
-3.132126
-0.528315
-1.220087
-1.069561
-0.453177
-2.352419
-0.366228
-3.232973
-0.631524
-2.376704
-4.649355
-2.956468
-2.715183
-0.506473
-2.329797
-1.564173
-3.118363
-1.048124
-0.167558
-0.510919
-0.328426
-0.014930
-0.614552
-3.436042
-1.179517
-1.295012
-1.561207
-1.368548
-1.856860
-1.465846
-2.194160
-5.001862
-5.381086
-0.293187
-2.339197
-2.479967
-0.794732
-0.732325
-0.736538
-0.659841
-0.356449
-0.507344
-1.221679
-0.750802
-0.351286
-3.743122
-1.058156
-1.147668
-0.310821
-0.116538
-0.225574
-0.963537
-1.149228
-0.618043
-0.381757
-1.794984
-0.308070
-0.868525
-0.180622
-0.264332
-1.476408
-2.806394
-1.679873
-1.245025
-2.418426
-0.447391
-1.494466
-5.816108
-0.695686
-1.269643
-0.423160
-0.279161
-0.360074
-2.272386
-1.582784
-0.206257
-0.473102
-4.317438
-0.005859
-0.060175
-1.498819
-2.282614
-5.093409
-0.901945
-0.132284
-3.113456
-1.441139
-0.158304
-2.210611
-2.007826
-0.965865
-0.752070
-0.302085
-2.362372
-0.816772
-1.224349
-0.182584
-1.384659
-1.342078
-1.638214
-1.777672
-0.392342
-0.583821
-0.178221
-1.430919
-3.964257
-1.151252
-0.048596
-1.263206
-0.491555
-2.252350
-1.191090
-0.010652
-0.883525
-1.301818
-1.507416
-3.200853
-3.196623
-0.808071
-4.662529
-1.344123
-0.074276
-0.815406
-0.996695
-3.432457
-2.109299
-0.090838
-0.184140
-1.570090
-0.353012
-0.830378
-0.270249
-0.914833
-1.062306
-0.674316
-0.180633
-1.374649
-0.207737
-0.599720
-0.032430
-7.828843
-1.432071
-2.412980
-0.350113
-0.492346
-1.203945
-1.725951
-1.482113
-2.010806
-1.259094
-2.517011
-0.297005
-1.238846
-2.464970
-1.416623
-4.274532
-2.664433
-5.996969
-0.969538
-0.876515
-0.876842
-0.284998
-1.243909
-0.200910
-1.446648
-1.630318
-0.441312
-1.902362
-1.428271
-0.879829
-0.324135
-1.269673
-1.015768
-2.690295
-2.561951
-1.098333
-1.367749
-0.501701
-1.776995
-0.082036
-0.721512
-2.927900
-1.246933
-0.539292
-1.101940
-1.838723
-2.861279
-0.257949
-0.403424
-1.529945
-0.091460
-1.791704
-0.267838
-0.505780
-0.342441
-1.920320
-1.052166
-0.108688
-1.147288
-0.141045
-3.654330
-0.634950
-1.841660
-0.974288
-0.703591
-1.295488
-1.421160
-1.316911
-0.175450
-0.154976
-1.397735
-2.083786
-1.648996
-0.510838
-1.070262
-2.999786
-0.553541
-1.042136
-0.768994
-1.239970
-0.199579
-0.351840
-0.422927
-4.074775
-0.630233
-0.620075
-3.928622
-1.456902
-0.519888
-2.551920
-0.949880
-1.663446
-0.695909
-0.325392
-0.751313
-1.796572
-2.810493
-2.813774
-2.705491
-0.690710
-1.317844
-0.687415
-2.800708
-0.717634
-2.771816
-0.638599
-0.364324
-0.604638
-1.591557
-2.269564
-0.468461
-3.862672
-0.244892
-1.066140
-0.081058
-2.665211
-4.970164
-0.897802
-1.404628
-1.079180
-6.378170
-2.433567
-1.073374
-0.650753
-2.360034
-2.509468
-3.201689
-0.533698
-0.643128
-0.202966
-0.583584
-4.163733
-2.995558
-1.122353
-0.898050
-0.430847
-1.642007
-0.168425
-3.306285
-3.387962
-1.369446
-0.945070
-1.300327
-1.292200
-1.604251
-0.307237
-1.744181
-2.801051
-0.110015
-0.742586
-5.142890
-1.875272
-1.066082
-0.565856
-1.256402
-0.839164
-0.377827
-2.900075
-0.667562
-0.877640
-0.394816
-0.820445
-4.099438
-0.042199
-2.525996
-0.734833
-4.107802
-1.499999
-1.712711
-0.749559
-0.501058
-0.089435
-1.478520
-0.096342
-0.304769
-0.127388
-1.548248
-1.403738
-5.252096
-0.670594
-1.785858
-0.874141
-2.225644
-4.283005
-3.241512
-2.863111
-2.724794
-1.080251
-2.066678
-0.695602
-1.948541
-0.407056
-4.217783
-1.154462
-0.571814
-0.564366
-2.369988
-2.357394
-1.068641
-0.253695
-2.322536
-1.183439
-0.214416
-0.242560
-0.956114
-0.568992
-1.473155
-3.023576
-0.437840
-0.801284
-2.466367
-3.840299
-3.894523
-0.685104
-2.850369
-0.563666
-0.422747
-0.591304
-0.177878
-0.264204
-0.601321
-0.560197
-0.277617
-0.881414
-0.435498
-0.680039
-1.577448
-2.752253
-0.125727
-3.184902
-2.021086
-0.500759
-0.333687
-2.424570
-2.565042
-1.992945
-0.974786
-0.505887
-0.286784
-1.648328
-1.679402
-1.833984
-2.258249
-1.344288
-2.194157
-4.725638
-1.890970
-0.562582
-3.338995
-0.463512
-0.643327
-0.097441
-2.894129
-0.485643
-0.011724
-0.355357
-2.882606
-0.738041
-2.906608
-0.014305
-0.161656
-2.414998
-0.889117
-0.091903
-1.784247
-1.217599
-0.496500
-3.050257
-0.424953
-4.830399
-0.054011
-0.677686
-0.852403
-3.731319
-2.614500
-1.235003
-0.628090
-3.239313
-0.166566
-0.043809
-1.998009
-0.139104
-0.284988
-2.509024
-0.395002
-0.500840
-1.438566
-1.291900
-3.325507
-0.174032
-0.908779
-2.071778
-0.855004
-1.884877
-2.433584
-1.741453
-1.082315
-0.982338
-1.051031
-0.006806
-1.279603
-1.594837
-0.707416
-2.553089
-2.455453
-0.407658
-1.699675
-0.594297
-1.572001
-1.347507
-1.796460
-0.699310
-1.986905
-1.516399
-1.353293
-0.227636
-0.045589
-0.904715
-2.388913
-0.357636
-1.520965
-0.641095
-0.655212
-0.097943
-2.518409
-2.568075
-0.648250
-0.766715
-0.748371
-0.479833
-4.727448
-4.086112
-0.316961
-0.667673
-0.489569
-1.064325
-2.775071
-0.139079
-0.863564
-1.267008
-2.220573
-0.570222
-0.870499
-1.657593
-1.439141
-2.013130
-3.418169
-2.201096
-1.227342
-0.196893
-0.180242
-0.672974
-0.709658
-1.553046
-0.633721
-1.715913
-0.124817
-1.149094
-3.158437
-0.711409
-0.607388
-0.829372
-0.474513
-3.046268
-0.861801
-0.773217
-0.081903
-1.249819
-3.051766
-1.810384
-0.559959
-2.859875
-2.994778
-0.589693
-1.140209
-2.109013
-0.532560
-2.787360
-0.425839
-3.307324
-2.063023
-0.241343
-1.430410
-0.766808
-0.187326
-0.313452
-2.314262
-2.559745
-8.165145
-0.401559
-1.645857
-3.331148
-1.415429
-0.454499
-0.604585
-0.298974
-0.343768
-1.675710
-2.406113
-0.537407
-0.068633
-0.111308
-0.583683
-0.883498
-0.764121
-0.061085
-0.460617
-0.782533
-0.368752
-0.907130
-2.265623
-0.184880
-1.957777
-4.948888
-0.245817
-3.900152
-0.999636
-0.049275
-0.019028
-1.558644
-1.488454
-0.115767
-1.405054
-2.281215
-1.682416
-1.746008
-2.403108
-0.983141
-0.153027
-1.079393
-1.313097
-1.365629
-0.953214
-2.475306
-0.542890
-0.582274
-0.828033
-0.363433
-0.289921
-2.645060
-0.961447
-1.140830
-0.477220
-0.116746
-0.568384
-0.049591
-0.486236
-0.894448
-0.467858
-4.664864
-0.514159
-0.535726
-2.109512
-0.158729
-2.561450
-2.535119
-2.558590
-0.640474
-0.100276
-1.060544
-0.009453
-3.881571
-5.075034
-1.583689
-1.685491
-1.467944
-0.148519
-2.135337
-2.577223
-0.010891
-1.003353
-1.361939
-1.755299
-0.320924
-1.040823
-2.831798
-0.590098
-0.213923
-0.716138
-2.942857
-0.277298
-1.578960
-1.299915
-0.345687
-0.401623
-2.051948
-0.860366
