-1.723974
-0.732670
-0.092620
-0.016093
-1.598948
-2.398900
-2.753751
-0.100732
-0.378858
-0.443003
-0.499511
-4.027379
-2.479394
-2.916366
-0.199446
-1.445892
-3.756870
-0.730469
-2.518176
-0.708936
-1.522353
-4.727007
-1.870555
-5.329401
-1.437605
-1.120436
-2.069539
-4.022347
-1.621870
-0.693386
-1.067675
-0.766106
-0.211648
-3.100139
-0.315616
-0.006407
-3.012779
-1.489003
-0.446913
-0.822650
-0.396422
-7.191414
-0.702957
-1.169169
-0.781546
-0.402524
-3.814519
-0.172053
-1.649570
-1.112065
-0.053181
-0.982870
-9.084225
-0.524363
-0.634293
-0.559660
-0.099630
-2.516492
-0.804043
-0.688493
-0.739937
-0.335834
-0.165338
-1.630456
-2.919196
-1.227633
-7.637007
-3.067895
-2.073202
-1.396309
-0.005897
-1.299798
-0.086558
-2.926942
-0.189047
-2.415776
-0.062073
-0.170851
-2.768143
-0.601219
-1.905680
-2.629446
-0.155363
-3.379877
-1.045203
-1.045050
-0.532244
-0.223420
-1.383816
-4.780320
-3.595998
-0.137532
-0.352515
-0.543543
-1.656214
-0.071561
-0.211228
-0.412923
-2.579009
-0.070352
-3.336788
-2.693385
-0.953912
-0.129588
-1.322480
-0.978187
-0.364058
-1.850366
-0.420832
-2.661867
-2.333490
-1.082266
-0.407032
-0.139872
-0.033533
-1.636329
-1.284439
-2.488317
-1.270023
-1.876494
-2.468746
-1.978102
-2.080400
-1.794850
-2.855154
-0.131628
-1.117831
-0.552042
-0.204720
-2.622509
-1.209112
-1.588016
-0.995309
-1.117647
-0.155985
-4.122333
-0.403063
-6.917538
-0.764588
-1.221697
-0.153087
-0.439715
-0.280451
-0.929298
-1.685100
-0.356026
-1.188405
-1.439180
-0.007544
-0.233419
-3.290350
-0.570153
-1.215544
-0.628771
-0.250862
-0.314723
-1.039316
-0.650462
-1.021706
-0.230077
-0.689142
-1.293900
-1.645353
-1.806840
-0.301966
-2.122445
-2.027739
-0.423260
-2.549664
-1.532453
-0.354296
-2.592672
-4.355338
-0.239647
-0.122581
-3.785213
-1.644650
-0.707907
-0.320268
-0.257512
-2.280450
-0.930185
-1.979223
-3.122977
-0.088635
-0.385331
-1.438427
-0.861853
-2.896305
-0.597517
-0.918149
-0.017140
-2.588866
-0.943055
-0.298659
-2.622889
-0.780634
-0.061116
-1.965006
-1.396602
-0.536931
-1.039519
-1.522937
-0.004510
-3.295218
-5.356066
-1.471114
-3.109485
-0.565109
-1.729519
-1.345025
-1.854022
-1.268696
-0.231521
-1.075421
-3.738148
-2.179312
-1.163277
-2.898669
-3.718672
-1.834577
-1.696459
-2.969342
-0.269266
-1.463657
-2.062194
-2.962909
-0.988140
-0.859685
-0.737208
-2.338324
-4.823789
-0.443242
-0.264518
-1.241715
-1.008556
-3.964721
-6.171401
-5.341070
-1.244719
-5.531730
-0.936328
-1.227955
-0.297973
-1.266267
-1.741000
-3.422670
-0.166164
-4.548654
-2.169047
-1.817463
-0.726276
-1.098678
-0.229235
-0.379414
-4.541966
-1.082651
-1.622761
-5.382418
-3.529753
-0.214589
-0.939705
-0.685944
-3.500740
-2.583203
-0.398121
-4.596652
-0.309625
-0.728785
-2.107415
-0.150117
-1.332376
-0.679166
-1.642787
-1.059470
-1.762534
-5.442153
-0.014117
-4.019066
-0.547070
-1.119442
-4.702068
-1.887943
-0.195013
-2.183107
-0.072508
-1.690396
-1.394021
-0.789477
-4.933354
-2.139748
-0.731549
-0.482003
-0.940482
-1.023249
-2.624074
-3.376443
-2.461684
-0.996164
-2.272338
-0.286573
-1.268288
-5.008489
-2.541765
-0.368740
-0.262490
-1.275470
-0.582451
-1.357585
-0.122647
-0.821444
-2.225877
-1.636244
-1.030671
-0.564503
-0.201244
-4.060203
-6.366492
-0.887204
-2.632347
-0.047486
