-0.529836
-0.840010
-0.203676
-2.280495
-0.507037
-0.450994
-1.773486
-0.185019
-3.004422
-0.274036
-1.345859
-0.317314
-0.238367
-2.606948
-0.664308
-1.339379
-1.701197
-2.293146
-0.444188
-2.971945
-8.229059
-1.136697
-1.076385
-1.246662
-3.389553
-1.495324
-2.990013
-1.525946
-0.825944
-1.414945
-0.742104
-0.845319
-0.382674
-0.315374
-0.585390
-1.575886
-0.050203
-0.709386
-1.446090
-0.688058
-4.257330
-0.863879
-0.676510
-1.602715
-3.976414
-0.885841
-0.907326
-0.170116
-0.556746
-0.342190
-2.196148
-0.920873
-0.047393
-0.999086
-1.121212
-1.073643
-2.510615
-2.054178
-4.367071
-2.269074
-0.108811
-0.130332
-0.450613
-1.115940
-1.105030
-2.546076
-2.799477
-0.928595
-4.962230
-4.116301
-0.315333
-2.328003
-0.367806
-2.128900
-1.321390
-1.085005
-2.061878
-0.700934
-0.921980
-2.518770
-1.089949
-0.293507
-1.397581
-2.399855
-0.103441
-4.986891
-0.124449
-0.116768
-0.150525
-0.980666
-0.968570
-9.092253
-0.909769
-4.060128
-2.594480
-2.436067
-2.188070
-4.899616
-1.026556
-2.704920
-1.091407
-0.978202
-0.767387
-0.476316
-2.104804
-3.859673
-1.329886
-0.879223
-0.986981
-0.184451
-0.316693
-0.088051
-2.109597
-0.805435
-3.986281
-2.067999
-2.944707
-4.541830
-0.153707
-1.268140
-0.117886
-1.562280
-5.373743
-0.966827
-9.595233
-5.025706
-2.925269
-3.472754
-1.721934
-0.798389
-2.776026
-4.734902
-0.145063
-4.228618
-0.860444
-1.633859
-0.094849
-0.286611
-1.797934
-0.333249
-1.884619
-0.106028
-2.579632
-1.325816
-0.492563
-0.919328
-2.142268
-0.676985
-5.600973
-2.434046
-1.304094
-1.498291
-2.522003
-0.556306
-1.819458
-0.795938
-0.593355
-1.408403
-1.204210
-1.614272
-1.145413
-0.346367
-1.469707
-2.848777
-0.137969
-1.030786
-1.599016
-0.602325
-0.128473
-4.067006
-0.997054
-6.217923
-0.781902
-3.407551
-0.418647
-0.303821
-0.675791
-3.508960
-5.653136
-1.381907
-3.606163
-3.643543
-0.699493
-0.796538
-3.057291
-0.008873
-0.167618
-0.548703
-0.190685
-1.266247
-3.296708
-0.220896
-0.877045
-2.393718
