-0.667946
-0.965352
-0.257393
-3.419569
-1.358682
-0.022969
-2.062096
-0.048454
-0.420370
-1.751075
-0.033137
-1.318179
-2.822188
-0.914134
-0.710207
-1.244110
-0.253325
-2.673822
-0.174813
-0.302669
-0.431571
-1.518329
-0.184730
-1.692750
-1.068479
-0.981136
-1.539520
-1.151316
-2.278575
-0.770961
-1.355748
-3.317715
-0.358533
-1.013936
-0.130548
-0.622782
-1.415498
-0.489731
-1.312060
-0.245100
-1.158863
-1.413276
-0.580008
-1.672438
-0.677406
-4.260751
-0.655003
-0.744348
-0.965957
-1.556937
-0.740352
-1.863427
-0.425797
-0.018684
-0.873993
-2.042507
-0.407193
-0.953719
-1.223294
-0.197866
-0.279433
-0.060144
-1.516596
-0.466544
-0.265558
-2.343309
-0.183225
-0.556819
-0.329248
-0.286564
-0.407823
-0.992098
-0.685934
-0.870357
-0.626626
-0.584572
-1.124642
-0.329223
-2.067649
-1.339514
-1.213243
-2.303820
-2.842612
-0.048457
-2.356309
-0.329293
-0.574069
-0.134570
-0.793443
-0.079906
-1.630220
-0.363646
-1.309647
-1.220058
-0.765140
-1.944137
-1.735478
-0.684333
-0.292496
-1.130700
-1.068837
-0.046637
-0.965124
-0.490724
-0.013204
-2.266236
-1.554230
-1.894086
-1.056977
-2.215754
-0.472601
-0.181940
-0.016897
-0.527854
-1.459716
-0.033117
-1.163648
-1.214132
-0.294994
-1.076563
-2.044360
-0.580871
-1.760883
-0.211491
-0.943724
-0.385002
-1.611093
-0.968448
-1.780969
-0.835795
-0.122685
-1.138223
-1.618644
-0.208137
-1.984910
-0.501966
-1.106855
-0.261803
-0.449120
-0.429711
-0.037336
-0.321412
-2.020954
-0.488516
-1.238852
-3.016324
-1.029344
-0.485993
-1.486819
-0.412260
-0.095629
-1.181800
-1.938241
-0.592399
-0.889146
-0.223881
-0.200599
-0.988391
-0.079545
-0.517769
-0.315245
-0.029723
-0.703952
-0.277268
-0.973453
-1.644114
-1.289308
-0.939585
-2.724924
-0.221642
-0.451542
-0.057592
-0.666413
-1.192595
-1.197109
-0.196668
-1.859398
-0.964022
-0.404151
-0.406961
-2.145019
-0.010017
-0.144014
-1.696163
-0.834008
-0.576330
-4.402220
-0.823154
-0.157808
-0.156048
-1.923536
-0.899529
-2.201800
-1.484937
-2.995306
-3.265327
-0.357870
-1.127573
-0.603210
-0.990439
-1.102066
-0.825769
-2.153230
-0.453926
-0.017456
-0.231214
-0.446401
-2.057012
-1.487824
-1.157830
-0.228064
-0.302294
-0.714024
-1.178255
-0.415842
-1.703468
-1.310979
-0.477084
-0.349695
-0.360623
-0.548365
-0.615493
-0.502214
-0.665561
-0.112764
-0.327173
-0.128038
-0.883058
-0.095371
-0.270358
-0.279600
-0.118880
-0.127952
-0.323921
-1.378915
-0.833968
-1.103023
-1.216368
-1.231615
-0.922169
-0.236443
-1.154342
-2.803787
-0.143988
-2.480473
-1.016485
-0.419532
-0.620986
-1.654208
-4.431603
-1.096187
-1.016362
-0.026364
-2.766010
-0.253847
-0.977561
-0.759351
-0.800426
-0.086322
-0.907618
-0.490879
-0.147387
-0.291155
-0.615525
-0.007046
-1.738388
-0.011181
-0.851713
-0.043595
-0.310712
-0.001538
-0.110845
-0.728674
-2.257866
-1.167414
-0.759290
-0.008546
-0.187724
-1.679565
-0.527432
-0.178308
-0.110645
-1.556452
-1.186745
-0.424646
-4.566549
-0.114629
-0.400283
-3.207858
-0.803869
-1.232810
-1.268316
-0.124701
-0.793872
-0.761132
-1.306517
-0.846532
-0.626573
-0.236754
-0.286295
-2.478289
-1.561327
-0.910827
-0.660385
-0.259414
-0.008678
-1.342596
-0.183019
-1.356664
-1.112808
-1.003185
-0.049350
-1.259693
-0.849036
-2.841863
-0.410562
-0.699402
-1.533494
-0.398169
-1.878299
-1.940452
-0.476712
-0.026641
-1.344166
-0.154680
-0.005065
-0.424664
-0.103018
-2.702819
-1.431385
-2.944492
-2.000939
-1.113669
-0.968955
-1.410269
-1.263790
-1.043151
-1.295387
-0.362926
-1.582978
-0.747488
-1.778196
-0.536743
-0.646285
-0.384538
-0.006996
-0.588747
-0.520736
-0.136777
-0.148481
-0.265646
-1.637933
-0.482247
-0.422519
-1.156636
-0.365847
-0.335928
-0.671344
-0.301962
-0.035926
-1.625658
-0.642103
-0.014949
-0.432506
-0.418560
-0.504116
-0.964857
-0.342889
-0.015941
-0.151876
-1.156809
-2.910026
-0.349291
-0.292951
-1.157904
-0.158645
-1.459726
-0.868570
-1.096411
-0.186897
-0.293271
-0.120921
-0.004944
-0.232906
-0.188050
-1.342629
-0.029263
-1.518979
-1.483229
-0.087663
-0.075099
-0.565696
-1.780687
-0.156689
-0.189291
-0.032991
-2.705186
-2.871033
-0.403422
-0.237210
-1.552920
-1.902264
-1.885366
-1.080700
-1.093490
-1.993014
-2.793703
-1.633311
-2.088048
-0.175712
-0.231956
-1.332954
-1.893488
-0.110896
-2.034467
-0.958823
-0.198005
-0.325672
-0.485521
-0.098517
-0.206633
-0.274817
-0.339944
-0.126694
-2.733835
-1.986930
-0.875100
-0.243618
-1.289951
-0.934659
-0.747546
-1.161954
-0.166794
-1.573150
-1.588583
-0.392748
-1.424194
-0.731585
-0.221651
-0.062160
-0.128377
-0.164642
-1.326990
-0.507097
-0.983004
-0.090643
-1.076671
-0.024779
-0.615168
-0.799747
-0.068053
-0.058050
-0.311144
-0.004546
-2.234839
-1.438709
-0.375879
-0.086923
-0.558921
-1.035491
-1.375081
-1.743305
-3.171976
-2.065609
-0.110302
-1.524028
-1.255910
-0.204525
-0.552703
-0.361103
-0.343003
-0.176874
-1.125440
-1.091746
-0.221381
-0.673130
-1.347260
-0.289772
-2.366821
-0.127747
-1.204124
-1.919592
-0.425166
-0.101280
-1.807931
-1.121587
-0.421241
-1.103011
-0.569234
-0.873346
-0.549566
-0.405993
-0.129624
-2.374380
-0.640603
-0.049010
-0.821021
-0.977636
-1.299252
-0.185157
-0.064205
-0.205477
-0.384270
-0.542686
-0.143395
-1.641725
-1.354008
-0.570212
-0.073185
-0.786111
-0.400529
-0.056449
-0.344465
-0.003476
-0.114391
-0.705189
-0.966824
-0.338406
-0.488859
-0.364114
-0.641515
-0.338384
-0.860411
-1.318598
-0.239952
-0.016486
-0.904406
-0.139868
-0.121900
-2.239926
-0.210325
-0.349003
-0.915380
-1.617727
-0.026710
-0.301558
-0.990493
-0.246486
-1.315762
-2.579556
-0.763474
-0.133617
-0.068911
-0.811049
-3.092747
-1.360401
-0.389316
-0.198591
-0.042306
-2.446207
-1.180227
-1.376060
-3.838179
-1.172513
-0.102480
-0.862713
-1.301140
-0.404274
-0.536041
-1.580076
-2.829521
-2.314242
-1.131298
-0.385151
-1.708301
-0.088720
-0.284796
-1.070610
-1.331368
-2.219969
-0.084805
-3.867775
-1.080261
-1.178356
-0.345337
-0.636400
-1.787945
-0.841355
-1.315175
-2.203013
-0.492823
-0.114461
-0.545744
-0.498380
-2.040819
-0.464606
-1.705506
-1.491259
-1.544153
-1.331137
-1.143412
-1.251948
-1.202459
-0.243422
-0.417680
-0.267296
-1.894652
-1.720464
-0.475367
-1.335877
-1.614466
-0.277914
-0.593395
-0.585343
-0.985744
-1.039912
-0.786807
-0.269924
-2.283203
-1.443690
-0.355752
-0.053581
-0.094075
-3.120906
-0.000747
-0.687279
-0.425658
-0.752622
-0.604647
-0.581839
-2.065518
-0.227678
-0.354511
-3.515191
-0.959931
-0.327595
-1.864669
-1.063947
-0.370819
-0.975310
-1.292532
-3.961542
-0.351366
-0.454002
-0.659991
-0.069184
-0.870975
-0.709690
-1.212165
-0.348031
-2.193326
-0.454103
-2.934524
-0.446409
-0.505133
-0.015881
-1.916673
-1.112402
-0.357942
-1.562197
-0.108941
-0.177102
-3.570157
-1.123965
-0.331946
-0.437282
-0.939063
-2.973801
-2.123993
-1.997511
-0.296495
-0.414086
-0.153269
-2.068962
-1.939778
-0.668438
-1.813134
-0.177366
-1.399554
-0.181215
-0.053777
-0.365719
-0.987525
-2.923825
-1.277603
-0.340776
-0.850418
-0.801422
-0.186747
-1.405113
-0.630210
-1.641074
-0.955232
-0.033260
-0.073910
-0.999398
-1.036024
-0.132786
-0.315233
-0.079944
-0.211620
-1.151209
-0.522368
-0.184310
-1.722936
-0.165064
-1.250984
-0.868219
-0.321458
-0.119720
-0.801292
-0.955213
-0.400835
-1.696577
-0.161882
-0.055407
-2.561018
-1.432231
-4.735124
-0.458651
-1.611160
-1.437849
-0.853021
-0.021818
-0.248273
-0.485882
-0.250774
-2.651154
-0.176469
-0.027310
-0.562078
-1.386002
-1.121326
-0.097028
-0.203412
-3.350423
-0.114507
-0.768141
-0.343919
-0.297804
-2.023245
-0.112542
-1.378629
-1.034771
-0.142653
-0.212104
-0.301281
-0.169590
-1.078835
-0.334656
-0.095390
-0.493675
-1.218007
-3.807307
-1.565711
-0.247944
-1.852404
-1.249062
-0.037980
-0.924593
-0.070141
-0.550163
-0.246962
-0.509564
-0.921977
-1.122307
-2.343055
-0.612456
-0.070116
-0.371270
-1.406149
-0.387773
-0.017083
-0.422835
-1.186695
-0.715418
-1.564145
-0.916892
-0.557096
-0.908476
-0.566416
-1.287482
-2.232476
-0.061819
-2.851312
-1.494767
-0.594032
-1.112995
-1.239797
-0.321152
-0.478350
-0.928975
-0.389829
-3.290146
-0.577006
-0.525838
-1.060355
-0.021606
-0.661625
-0.033869
-1.153566
-0.591643
-3.027490
-0.676825
-0.172880
-1.426873
-0.105099
-1.768654
-0.371126
-1.134945
-0.599866
-1.630764
-1.089353
-0.388511
-0.885678
-1.957279
-0.089417
-2.595766
-0.679482
-0.753352
-0.228161
-0.071461
-0.520900
-1.679883
-0.564971
-0.601356
-0.444543
-0.004720
-1.207558
-0.475899
-0.292282
-0.209970
-0.632457
-0.696378
-0.257176
-0.993841
-0.695689
-0.624314
-0.378477
-0.213071
-0.728594
-3.472312
-0.890460
-0.099943
-0.139773
-0.963453
-0.631259
-0.809947
-1.742419
-0.853528
-0.386163
-0.063165
-0.551878
-2.117619
-0.310252
-0.913678
-0.380546
-1.000042
-0.088925
-0.096097
-0.576859
-0.889953
-0.257840
-2.414038
-1.104926
-0.239507
-2.843397
-0.170506
-2.117866
-0.572319
-0.686765
-0.783955
-0.976970
-0.135700
-0.852924
-0.539196
-0.375995
-0.783341
-1.458951
-0.275091
-0.392622
-1.236882
-0.154897
-1.878898
-0.452535
-2.030948
-1.377913
-0.709510
-0.181191
-0.297954
-0.138179
-0.910230
-1.445108
-1.768324
-2.276606
-0.148450
-0.493461
-0.212117
-0.673394
-1.991653
-0.234540
-1.297324
-0.286508
-1.056203
-0.615384
-0.287281
-0.259507
-0.278594
-1.182621
-0.307987
-2.119184
-0.483060
-0.872412
-0.311806
-0.392842
-2.011815
-0.714419
-0.464000
-2.273695
-2.660575
-0.224939
-0.117423
-1.275079
-0.432336
-0.066142
-0.628427
-0.298202
-0.338354
-0.175610
-1.753207
-0.767007
-2.216508
-1.141919
-1.374271
-0.149186
-0.967926
-1.022842
-1.905156
-0.844364
-3.086890
-0.071594
-2.179859
-0.746993
-1.394016
-0.404631
-0.783603
-1.203049
-0.177431
-0.114348
-1.325019
-0.866332
-0.171638
-0.614786
-1.178158
-0.105216
-1.442443
-0.478026
-1.310254
-0.857209
-1.648946
-1.936041
-0.114128
-1.444386
-0.119055
-0.092506
-0.493500
-0.318332
-0.036089
-0.344481
-3.018675
-1.508462
-0.204935
-2.246807
-0.510716
-1.784862
-0.651839
-0.600578
-0.247786
-0.051391
-0.523609
-0.764824
-0.975654
-0.093450
-0.967824
-1.931934
-0.638897
-0.747380
-1.692245
-0.617640
-0.287838
-1.356371
-0.076781
-2.823203
-3.003876
-1.200923
-0.503410
-1.395017
-0.740877
-0.026078
-0.028884
-1.187060
-0.979919
-0.104064
-1.354495
-1.173463
-0.496700
-1.300677
-0.244815
-0.687689
-0.041575
-0.271351
-0.902588
-0.014271
-0.546614
-0.463526
-1.119967
-0.313619
-0.927088
-0.361997
-0.552581
-0.796498
-3.168151
-0.267433
-0.777919
-2.718272
-1.578329
-0.196844
-2.728478
-0.609254
-0.250081
-0.575769
-0.453828
-0.690316
-0.989404
-0.223599
-0.487520
-0.610359
-0.110868
-0.854880
-1.738131
-0.108156
-0.518688
-1.124414
-0.629035
-2.889373
-0.554915
-0.345904
-1.023291
-0.206296
-0.617825
-0.222736
-0.399423
-1.115868
-0.695752
-2.138994
-0.892426
-1.225421
-0.223772
-0.090941
-0.305399
-1.575040
-0.201173
-0.693521
-0.237582
-0.919254
-0.051953
-0.391777
-0.114894
-1.343114
-0.220624
-0.068138
-1.722564
-1.162873
-0.178627
-0.122426
-1.375138
-0.121773
-0.346107
-0.110996
-2.093680
-0.393910
-1.649785
-1.073315
-0.409215
-0.167706
-1.259510
-0.055192
-1.716719
-2.012842
-0.976529
-1.009059
-0.454799
-0.473995
-1.675113
-1.360594
-0.046883
-1.893383
-0.786257
-1.242766
-0.123100
-0.293659
-1.348588
-0.863748
-0.632733
-0.844812
-0.010554
-1.967466
-0.963927
-0.319547
-0.721961
-1.020667
-0.506140
-0.797436
-0.084488
-1.388445
-1.126282
-0.922942
-0.324438
-1.402853
-0.489330
-0.455803
-0.088128
-0.437542
-0.532699
-0.522271
-2.001377
-0.188355
-1.262258
-2.375929
-0.057707
-0.186733
-1.402115
-0.240402
-0.182528
-0.116932
-4.452132
-1.205383
-0.527875
-0.731799
-1.728274
-0.065828
-0.732088
-0.183120
-1.966196
-0.196243
-1.263840
-0.625185
-0.874191
-0.124047
-0.217458
-0.891905
-2.256426
-4.506310
-0.754370
-0.154732
-0.008947
-1.416487
-0.081902
-0.952119
-0.433794
-0.516476
-0.661133
-0.594542
-0.017243
-1.050913
-0.886531
-0.290846
-0.138765
-0.430400
-0.513443
-3.336028
-0.404547
-2.257952
-1.535970
-0.436046
-1.431199
-0.081155
-0.053281
-0.731640
-0.361174
-0.497556
-1.380078
-3.185922
-0.610942
-0.549428
-0.658134
-0.095382
-0.560009
-1.143202
-0.402426
-0.187429
-1.085873
-1.594798
-0.719054
-0.724028
-0.200924
-1.519044
-0.917076
-0.191925
-0.371427
-0.102715
-2.566808
-3.477666
-3.475133
-0.855375
-0.381132
-0.349153
-2.051560
-0.601331
-0.636986
-2.779250
-0.919969
-0.384356
-1.856626
-0.443067
-0.960817
-1.678796
-1.890756
-0.205890
-0.800771
-1.087107
-1.505805
-1.722050
-0.835029
-2.546348
-0.571377
-0.608148
-0.716023
-0.463334
-0.618759
-0.811163
-0.479837
-1.242013
-0.041274
-0.130864
-0.941052
-0.477480
-0.765608
-0.763513
-0.613350
-0.549828
-0.613979
-0.886950
-0.660710
-0.646413
-0.251157
-0.714916
-1.273736
-0.019560
-0.114131
-0.883444
-0.435054
-0.483856
-0.068596
-0.035452
-0.191336
-0.618419
-1.116048
-0.431835
-0.885446
-0.428733
-0.166245
-1.035717
-1.042559
-1.327570
-0.042573
-1.206317
-0.477146
-1.949245
-0.171833
-0.264030
-0.337913
-1.505121
-0.316198
-0.357681
-0.540486
-0.328587
-0.139963
-0.716283
-0.098461
-1.494880
-2.819839
-0.398906
-0.317732
-0.509363
-0.377863
-3.474229
-2.133564
-1.845923
-0.228977
-2.136642
-0.212090
-1.039994
-1.370199
-0.282692
-1.372142
-0.340496
-2.692755
-1.695324
-0.444564
-1.272030
-0.125405
-1.015090
-1.875961
-1.667996
-1.433052
-1.491968
-0.179959
-0.695765
-2.489062
-0.922039
-0.725483
-0.544556
-0.046376
-0.924222
-0.212638
-0.422972
-2.585114
-1.694839
-1.142345
-0.252226
-0.071437
-0.228850
-0.188347
-0.141709
-0.978859
-3.599857
-0.096360
-2.038743
-0.816628
-0.047009
-1.466322
-0.254810
-2.420871
-2.455206
-3.300947
-0.163838
-1.938206
-0.173357
-0.211662
-0.643852
-0.595005
-0.172181
-0.445505
-1.357731
-0.222404
-2.856350
-1.290870
-2.258634
-0.084182
-0.269577
-0.159647
-1.602485
-0.286780
-2.195045
-0.735710
-1.654794
-2.801363
-2.437720
-1.161605
-4.095527
-0.422378
-0.817876
-1.129810
-0.895644
-0.189500
-0.021799
-0.385013
-1.190392
-2.046012
-3.802442
-1.159293
-0.750818
-0.407351
-1.679524
-0.670304
-1.975394
-0.654898
-1.042440
-0.805548
-1.113822
-0.598344
-1.564794
-1.037293
-1.104517
-0.751384
-0.319233
-0.791476
-1.631988
-0.273156
-1.658202
-0.154225
-0.400266
-0.190489
-0.093000
-0.764348
-0.527676
-0.136371
-0.532569
-0.577965
-1.013007
-1.140860
-0.447705
-0.825639
-1.309025
-0.082530
-0.372442
-0.216539
-0.313997
-0.900558
-0.573614
-0.244274
-0.834271
-2.564442
-0.493073
-1.440038
-0.641240
-0.023481
-0.655559
-0.065231
-0.261405
-0.864832
-1.409638
-1.035424
-0.314359
-1.145052
-1.060723
-1.526535
-0.282903
-0.932118
-0.842583
-0.500897
-0.461950
-2.998688
-0.050521
-0.400748
-0.035734
-0.665522
-0.956904
-0.001607
-0.648705
-2.679458
-0.116822
-0.421495
-1.152715
-0.432636
-1.315685
-1.129687
-1.029092
-2.821835
-0.202843
-0.296760
-1.045328
-0.554602
-2.888015
-0.555984
-0.104879
-0.930500
-1.584681
-1.427382
-0.677600
-1.389430
-1.654233
-2.087436
-0.000248
-1.429834
-0.512783
-0.777737
-1.605995
-0.353973
-2.003934
-0.879760
-2.768689
-2.671630
-0.762186
-1.255545
-0.193687
-1.093226
-1.348720
-0.055298
-0.796247
-0.518859
-0.019273
-0.036106
-0.533442
-0.280314
-1.232000
-0.956829
-0.359394
-0.322677
-0.243252
-0.081112
-1.203488
-0.484151
-0.459248
-0.384071
-0.466610
-0.369421
-0.004480
-0.740307
-1.284307
-2.516638
-0.130166
-1.174821
-0.203175
-0.412013
-1.053069
-0.260209
-1.178786
-0.153255
-0.082656
-0.033077
-0.279149
-0.757142
-2.318391
-1.115843
-0.034823
-0.749175
-0.427078
-0.532240
-0.941917
-1.592192
-0.014408
-1.139896
-1.643035
-0.799828
-1.422410
-0.193829
-3.186021
-0.173240
-0.670071
-0.126373
-1.331150
-0.091507
-1.624770
-0.719254
-0.147527
-1.558114
-2.587554
-1.284309
-0.334219
-0.711882
-0.672917
-2.865167
-0.353491
-0.710872
-0.030815
-1.016341
-0.227806
-0.074037
-0.155201
-0.197554
-0.704478
-0.626536
-2.314825
-0.903001
-1.427726
-1.377842
-1.963211
-1.289662
-0.884518
-0.444910
-0.814706
-0.017686
-0.571172
-0.699891
-0.503342
-0.439932
-0.345598
-0.011731
-0.452611
-0.560416
-2.945929
-0.424626
-0.806714
-0.431781
-0.479812
-0.768249
-0.033529
-0.039114
-0.238435
-0.403997
-1.038028
-0.320063
-1.730177
-1.629727
-0.037323
-1.741325
-0.138221
-0.047659
-0.002679
-0.740772
-1.960131
-0.978487
-1.254733
-0.912201
-0.492930
-0.570936
-0.336833
-0.297058
-1.589259
-1.462558
-1.092634
-0.116609
-0.143250
-0.492884
-1.199365
-1.476188
-1.360637
-0.789512
-1.495388
-0.165894
-1.225706
-0.554376
-1.288840
-1.768988
-1.249057
-0.024110
-1.509767
-0.705917
-0.486313
-1.850860
-0.752634
-0.219267
-0.088290
-0.260123
-2.706471
-0.638300
-1.934181
-0.189512
-0.753567
-0.924706
-0.778012
-0.768906
-0.546135
-0.363592
-0.168825
-0.555787
-1.471401
-0.367937
-0.049926
-0.088897
-0.619929
-2.041381
-2.205382
-1.686692
-0.015180
-1.819417
-2.353467
-1.614250
-2.567874
-0.166442
-3.003979
-1.248714
-1.302560
-1.292502
-2.137035
-3.440134
-1.009908
-0.476211
-0.061764
-0.834513
-1.012671
-0.969300
-0.988944
-0.554218
-1.616566
-0.066439
-0.207092
-0.879606
-0.624959
-2.288853
-0.020394
-1.067249
-0.007433
-2.715115
-2.290870
-0.703937
-1.763101
-3.370058
-0.626956
-0.623050
-1.417821
-2.560010
-0.794589
-3.355407
-3.135424
-0.333432
-1.045120
-3.203439
-1.505815
-0.029533
-1.933479
-0.255039
-0.516434
-0.225011
-0.852264
-0.524605
-0.214949
-0.606181
-2.660885
-1.146108
-1.331662
-0.639595
-1.027826
-1.293213
-2.698366
-0.027671
-1.502045
-0.495267
-0.332796
-0.834247
-0.855687
-1.730415
-0.231161
-0.737367
-0.398922
-0.415462
-0.193616
-0.146050
-0.466535
-0.281868
-0.839514
-0.452500
-1.005782
-0.277081
-0.074880
-0.460465
-3.074984
-1.512485
-0.426304
-1.108111
-0.777937
-0.962082
-1.657680
-1.177041
-0.616568
-3.397971
-0.826572
-0.619491
-0.564522
-0.146394
-0.107697
-0.041734
-0.366411
-0.165229
-2.184418
-2.489360
-0.556196
-1.530264
-1.337198
-0.145170
-0.077826
-0.451800
-0.042078
-2.004667
-0.730829
-0.077592
-1.084661
-0.891294
-0.099490
-1.050280
-0.283109
-2.196477
-0.693868
-0.782664
-1.851988
-0.663126
-0.941252
-0.291436
-0.655421
-0.463359
-0.062623
-1.406534
-0.262692
-0.393372
-0.803562
-0.724239
-0.869071
-0.862682
-3.728707
-1.494863
-1.691712
-1.058059
-0.528679
-0.404849
-3.478602
-0.674918
-1.068779
-0.663392
-1.149512
-0.540072
-1.273775
-2.479196
-0.281797
-0.087917
-2.437922
-1.870910
-0.445162
-1.578694
-0.628171
-0.502082
-0.478244
-1.246441
-0.429124
-0.808912
-0.803924
-1.157038
-0.025479
-0.942029
-2.204527
-0.587089
-0.704828
-0.462499
-0.121869
-2.756350
-0.975118
-0.315656
-1.101594
-0.256023
-1.470040
-0.891484
-0.847248
-2.055751
-0.073217
-0.102697
-0.596673
-0.120853
-1.141238
-0.844569
-0.640822
-0.113850
-0.165223
-0.205692
-4.036224
-1.044490
-0.673337
-0.820584
-0.092365
-0.723783
-1.410934
-0.497268
-0.700518
-0.133563
-1.368911
-0.991659
-0.168908
-0.361703
-0.503437
-1.271938
-1.216025
-0.696304
-1.480454
-0.105919
-1.014408
-2.069049
-0.934213
-0.099793
-0.472314
-0.961468
-0.554750
-0.318420
-0.622297
-1.173732
-0.146999
-0.054198
-0.949761
-0.532310
-0.227727
-0.466948
-0.319209
-1.687837
-0.254137
-0.515148
-0.127060
-0.783906
-0.131825
-0.829734
-0.215134
-0.083314
-0.233853
-2.203442
-0.125260
-1.074390
-0.797108
-1.280104
-0.297223
-1.004836
-3.055151
-0.154480
-1.716410
-0.173119
-0.204850
-0.481802
-2.040349
-0.524526
-3.812481
-1.956869
-0.514600
-0.383528
-0.630839
-0.099453
-0.406865
-0.046371
-1.982796
-0.388357
-0.345364
-0.929692
-0.919791
-0.392281
-0.066594
-0.435284
-2.486568
-0.609055
-0.340525
-0.423658
-0.031236
-0.928020
-0.823348
-0.885590
-0.276470
-0.653000
-0.005756
-2.245993
-0.011515
-2.345703
-1.336318
-0.862038
-1.562609
-0.933560
-0.625913
-1.926979
-0.516073
-0.599491
-0.556245
-0.539695
-0.154536
-1.363886
-0.198986
-1.409799
-0.339159
-0.053372
-1.811514
-0.198299
-1.204115
-1.411865
-0.497381
-0.054882
-0.057483
-0.729017
-1.285788
-1.381436
-0.513134
-0.498601
-1.620439
-1.234413
-0.942674
-0.947612
-0.697791
-0.215409
-1.218607
-0.384379
-0.218051
-0.383939
-0.784312
-0.121584
-0.226036
-0.341068
-2.559443
-0.310035
-1.288428
-0.715671
-0.033951
-0.746395
-0.058188
-0.178384
-0.493658
-2.189361
-3.948396
-1.442429
-0.512026
-2.455927
-0.346358
-1.607028
-0.605928
-1.524978
-0.214210
-0.521264
-1.032646
-0.086963
-0.185754
-0.014577
-1.463328
-0.596891
-0.189346
-0.326348
-0.001385
-1.682433
-1.002311
-0.173316
-0.066687
-0.454202
-0.318795
-0.299637
-2.644007
-0.586425
-0.385250
-0.129390
-0.687124
-1.510420
-0.305106
-0.412583
-0.171670
-0.795393
-1.513372
-1.641162
-3.005170
-0.177649
-1.652205
-0.444488
-0.490686
-0.390981
-0.654730
-0.243924
-0.590015
-1.209573
-0.339890
-0.773711
-0.817879
-2.422247
-1.690557
-0.678174
-0.166907
-1.689323
-0.765156
-2.064699
-0.573439
-1.405740
-0.393559
-1.886066
-0.677847
-1.225854
-0.353232
-2.969785
-0.777353
-1.434705
-0.922604
-1.424725
-1.782165
-1.626954
-0.648601
-0.254892
-0.673750
-0.090750
-2.476934
-3.440853
-1.142401
-0.120011
-0.207827
-2.947419
-0.592971
-0.103668
-0.884298
-1.388397
-1.113903
-0.058423
-0.886291
-1.327006
-0.022382
-1.174408
-0.019075
-2.174304
-0.375226
-0.454217
-1.209607
-1.843801
-1.997890
-0.140990
-0.690652
-0.955061
-0.416343
-0.182480
-0.121210
-0.395682
-0.574922
-0.347599
-0.256587
-1.654461
-1.872913
-0.602882
-0.201383
-1.189594
-0.228988
-1.812983
-1.240930
-0.228366
-0.453874
-0.675763
-0.184716
-0.932988
-0.243962
-1.530873
-0.478681
-0.394972
-0.331802
-0.490590
-2.040824
-0.239591
-0.872791
-1.418226
-2.155159
-0.880278
-0.031252
-1.121405
-1.350912
-0.322620
-3.953978
-0.761334
-1.071533
-0.183847
-1.935897
-0.789497
-0.650455
-0.556261
-0.290439
-0.981172
-0.544050
-0.330081
-2.369898
-3.185998
-0.572613
-0.025225
-0.670850
-0.150153
-0.284520
-0.992948
-1.236313
-0.574430
-0.323084
-0.751980
-0.613530
-1.205845
-0.027646
-0.787780
-1.001404
-0.914277
-0.006711
-0.803679
-1.706099
-0.318292
-1.243040
-1.030275
-0.248126
-0.615601
-1.001189
-1.175321
-0.778558
-1.714472
-0.203185
-0.015724
-0.377113
-1.494100
-0.998597
-0.000668
-0.013049
-1.645057
-0.292001
-2.344289
-0.591400
-0.243224
-0.717288
-0.018734
-1.369083
-0.033850
-0.508381
-1.069817
-1.741175
-0.931878
-0.228748
-0.204940
-0.858681
-0.314623
-0.460378
-0.829269
-4.487558
-3.011072
-1.697261
-1.416247
-0.259686
-0.134655
-0.261544
-1.284099
-1.017385
-0.301131
-0.390174
-0.576983
-0.491775
-0.146340
-0.631237
-1.674500
-1.642765
-0.026761
-0.976258
-2.116294
-0.029945
-0.357913
-0.419348
-1.831512
-0.295075
-0.513857
-0.968650
-0.272094
-1.071677
-0.597464
-0.404028
-1.004982
-0.347680
-1.490483
-0.144458
-0.963339
-1.077452
-0.898089
-1.062808
-1.645632
-0.030580
-0.285926
-0.036077
-1.139631
-1.244776
-0.070770
-0.214665
-0.236421
-0.652805
-0.191577
-0.905584
-1.754980
-0.082079
-1.614262
-0.723771
-1.493442
-0.111968
-0.741296
-0.728898
-1.639508
-0.217327
-0.361864
-0.018919
-0.425357
-0.659716
-0.133776
-0.880360
-0.261946
-0.519025
-2.867062
-0.202349
-0.310394
-1.137638
-0.616485
-1.227802
-0.019803
-0.031704
-1.189564
-3.280527
-0.155495
-0.367297
-0.933014
-2.563560
-0.558608
-0.430971
-3.049128
-0.917748
-1.173885
-0.220335
-0.469677
-0.174698
-0.428509
-0.032953
-0.401220
-0.059800
-0.950448
-1.326250
-0.097464
-0.096872
-0.589751
-0.338291
-0.234713
-1.187967
-1.714986
-0.906026
-1.896113
-0.439941
-1.832318
-1.363853
-0.191082
-2.051235
-0.322363
-0.186969
-1.430590
-2.826991
-1.472989
-0.933847
-0.701392
-1.240946
-0.084335
-0.809522
-0.547469
-1.277113
-1.117167
-0.620575
-2.763002
-0.889770
-1.034300
-0.317490
-0.301789
-1.564155
-0.074367
-0.075675
-0.163673
-1.673637
-1.487671
-0.540147
-0.544846
-1.161319
-0.642151
-2.451467
-1.000876
-0.159511
-0.891855
-0.681744
-0.476961
-0.636455
-2.719302
-1.687261
-0.458130
-0.688620
-0.303242
-1.825068
-1.173587
-0.141259
-0.020907
-0.783164
-0.654857
-0.476434
-2.725931
-0.129305
-0.263484
-0.535701
-1.012840
-0.121655
-0.868415
-0.008153
-0.751251
-0.055016
-1.002799
-0.247549
-0.086806
-1.253364
-0.258091
-2.406129
-0.398214
-0.580700
-0.816586
-1.599164
-0.286138
-0.207582
-0.091467
-0.297088
-0.750466
-2.717836
-0.896283
-0.867874
-0.629378
-0.233202
-0.065672
-0.241384
-0.103740
-0.411696
-2.816288
-0.295601
-0.326942
-0.250629
-1.701755
-2.011550
-1.328868
-0.473987
-0.352594
-0.637051
-0.706534
-0.376334
-0.620046
-0.156471
-2.249626
-0.217081
-0.995601
-0.703013
-1.641109
-2.122776
-1.453331
-0.364964
-1.818833
-1.806961
-1.410083
-0.273435
-1.506938
-0.114494
-1.374194
-1.619171
-0.054827
-1.811250
-0.976962
-0.104579
-3.223912
-0.949222
-0.388014
-0.038229
-0.172741
-1.839873
-1.141922
-0.320779
-0.273821
-0.770148
-0.068029
-2.382274
-0.353453
-0.112494
-0.736454
-0.215127
-0.897390
-0.736954
-0.176842
-0.043887
-2.927427
-0.084190
-1.322566
-0.122647
-1.087714
-1.461321
-0.436859
-0.258518
-0.083534
-0.311533
-0.555260
-0.862537
-1.597134
-1.684634
-0.063979
-1.148730
-0.133596
-0.932839
-0.173758
-0.572463
-0.373723
-0.677226
-1.075357
-2.667852
-0.084587
-0.964428
-1.015037
-0.895253
-3.961896
-0.668573
-0.788047
-0.607103
-2.180340
-1.504601
-0.295811
-0.606093
-0.735945
-0.361962
-0.425552
-0.022038
-0.643670
-0.808554
-2.424555
-0.614421
-0.713239
-1.049164
-0.484800
-0.775020
-0.441706
-1.457252
-0.450232
-0.073373
-0.415905
-1.135569
-1.991335
-2.331266
-1.366127
-1.903036
-2.214563
-0.292029
-0.459418
-0.224518
-0.056150
-1.697080
-1.652357
-1.110546
-0.483541
-0.121100
-0.756383
-1.801133
-0.900682
-0.336379
-1.447123
-2.057592
-1.599225
-0.440284
-1.474077
-0.693775
-0.587660
-0.346033
-0.926784
-0.397449
-1.347661
-0.924057
-0.898169
-0.425970
-1.109093
-0.845493
-0.098185
-0.818374
-0.347735
-0.197049
-0.267155
-2.386673
-0.670947
-0.644287
-2.619954
-0.376844
-0.464441
-2.738150
-0.139197
-0.289635
-0.214458
-0.292778
-1.877450
-0.151152
-1.292535
-1.052897
-1.819008
-0.610471
-0.897248
-1.100095
-1.175278
-0.173868
-0.020831
-0.445020
-0.399711
-1.308931
-0.272951
-1.996884
-0.160867
-0.117864
-0.130245
-0.006968
-3.327684
-2.459874
-0.601984
-0.739164
-0.000591
-0.336897
-2.104282
-1.211207
-0.040080
-0.051834
-1.212266
-0.294548
-0.298127
-0.404039
-2.552002
-0.246337
-0.904484
-0.726283
-1.359142
-0.076366
-2.448096
-0.214099
-0.987777
-0.547024
-0.471417
-0.193550
-2.094216
-0.067490
-0.147362
-0.140828
-1.151867
-0.565989
-0.413075
-0.137870
-0.815680
-0.478121
-0.805740
-0.152337
-0.479060
-0.808017
-0.723632
-2.033726
-0.895876
-1.188405
-1.662284
-0.859701
-0.821299
-1.759709
-0.894632
-1.467806
-0.273847
-0.348728
-1.150472
-1.229402
-0.640552
-1.669784
-3.141716
-0.140866
-1.682174
-0.165624
-0.045232
-0.287046
-1.231437
-0.221635
-0.161664
-1.076339
-0.481491
-0.171317
-0.700092
-0.039934
-0.133496
-0.205023
-0.009633
-0.189413
-0.249773
-0.359707
-0.241421
-0.373648
-1.214001
-1.112971
-0.312854
-0.925487
-2.486924
-1.607788
-0.135183
-1.515518
-0.234748
-0.074968
-0.054231
-0.682043
-0.258431
-0.210666
-1.131286
-2.618249
-0.121053
-0.793360
-0.579006
-1.559588
-0.399285
-1.569039
-0.542053
-0.222344
-3.749289
-0.111450
-1.316147
-1.413515
-0.511015
-0.818554
-0.332382
-0.838142
-0.497266
-0.484848
-1.210557
-2.775468
-2.223939
-0.599050
-1.109334
-0.390629
-0.580257
-0.527812
-1.930735
-0.407696
-2.283597
-1.219680
-0.173228
-0.854336
-1.318576
-1.216970
-0.267251
-1.256932
-0.150174
-1.110735
-0.023725
-0.737964
-0.276941
-1.907766
-0.727775
-0.345283
-0.384969
-1.131142
-0.309809
-0.713192
-0.623827
-0.168152
-0.459500
-0.684517
-1.660081
-0.551858
-1.458062
-0.123997
-1.751357
-0.828246
-0.853004
-0.101018
-2.612221
-2.496338
-0.042076
-2.651347
-1.155136
-1.292947
-0.014484
-1.617508
-0.637746
-0.538729
-0.815624
-0.728423
-0.072403
-1.218434
-0.390407
-0.102232
-0.420770
-0.567306
-0.348794
-0.516514
-0.141462
-0.981947
-0.021126
-0.802614
-0.257899
-1.494732
-0.367742
-0.891356
-0.664436
-0.006005
-1.235534
-0.116899
-0.582851
-1.277235
-0.173986
-0.307877
-1.384630
-0.480660
-2.187121
-1.138381
-0.800698
-0.337904
-2.383686
-0.641207
-0.590165
-0.036798
-0.779719
-0.060498
-0.055433
-0.346270
-0.148971
-0.381998
-1.127321
-0.476851
-0.548411
-0.658412
-0.736629
-1.129252
-0.300642
-0.786877
-1.087816
-0.601670
-0.033946
-1.035460
-0.534212
-1.392490
-0.630500
-0.458276
-1.753626
-1.616757
-0.827516
-0.282210
-1.546228
-1.065920
-0.766378
-0.577645
-2.303762
-0.894837
-0.267611
-1.222969
-0.723181
-0.172378
-0.577020
-1.494167
-1.918831
-0.606617
-1.953690
-0.006664
-0.962514
-1.523302
-0.576686
-0.421057
-1.912900
-0.593241
-0.002321
-0.336947
-1.394300
-0.143633
-0.886996
-1.022500
-0.123271
-0.303238
-0.379023
-0.939206
-0.620745
-1.490268
-0.478163
-0.719627
-0.457912
-1.254441
-1.377339
-0.160967
-3.218449
-0.003993
-1.582302
-0.827864
-0.020488
-0.812651
-0.968248
-0.295903
-2.873756
-0.417963
-0.093731
-1.772504
-1.792219
-0.241222
-2.460543
-0.589389
-1.047664
-0.755397
-2.155812
-0.344850
-3.115849
-0.387774
-0.966135
-0.167589
-0.683538
-1.952126
-0.145968
-3.212689
-0.113049
-0.361347
-0.176885
-0.021077
-1.090264
-0.215961
-0.311826
-1.743478
-0.376425
-1.776689
-0.973413
-0.176760
-0.933760
-0.153198
-1.877970
-0.395347
-0.917973
-0.122796
-0.770842
-0.684074
-0.809363
-0.343252
-2.903362
-0.567705
-0.441681
-2.869507
-0.555658
-0.627442
-0.391782
-0.057126
-0.010450
-0.687766
-3.499737
-0.399384
-0.291274
-1.964537
-0.242490
-0.158346
-0.090714
-0.377784
-0.123547
-1.223309
-1.913598
-1.300063
-1.233591
-0.545955
-0.371396
-0.257354
-0.076175
-0.207894
-3.120106
-1.597953
-1.112743
-0.167831
-0.888284
-0.001838
-0.709615
-0.863290
-0.109528
-1.107069
-1.051471
-2.267564
-0.374399
-0.305552
-0.515659
-0.219499
-1.834347
-0.598861
-1.283623
-2.310561
-1.958239
-1.207728
-0.288220
-0.493939
-2.436582
-0.251223
-1.237081
-0.384832
-0.116469
-2.166384
-0.229208
-2.028552
-0.616680
-0.904441
-0.029577
-0.920440
-0.175917
-0.587065
-1.886981
-0.427592
-0.991997
-0.726399
-0.872099
-0.714750
-0.220125
-0.088101
-0.628207
-0.243221
-1.291315
-0.438462
-0.183179
-0.945531
-0.209972
-1.229720
-1.959739
-0.834768
-0.385472
-0.024188
-0.522097
-1.210755
-0.596217
-2.789487
-1.955088
-0.770927
-1.506721
-0.556621
-0.163676
-0.479246
-0.378075
-2.051347
-0.854888
-0.093248
-0.103476
-0.793989
-0.016285
-0.259043
-1.554269
-3.043255
-1.901240
-1.097383
-0.904665
-1.019923
-0.260967
-0.096577
-1.140028
-3.342830
-2.756596
-1.487733
-0.267454
-0.322304
-1.269229
-3.330485
-0.893877
-0.240846
-0.269868
-1.076831
-1.050585
-0.298062
-0.107818
-0.973273
-2.553474
-0.371048
-0.415355
-1.199130
-0.624081
-0.591358
-0.071411
-1.717782
-1.199930
-1.122596
-1.679838
-0.825069
-0.956662
-0.656089
-1.117687
-0.389425
-1.822093
-1.520919
-2.847715
-0.768938
-1.068779
-0.712518
-0.633331
-0.151582
-0.407950
-0.025384
-0.045886
-0.244568
-0.444573
-3.634101
-1.925660
-1.176409
-0.449989
-3.518665
-0.412803
-0.300779
-0.459702
-0.179583
-0.746386
-0.250824
-2.504154
-0.449492
-0.016167
-1.151645
-1.284608
-0.160341
-1.709161
-2.266255
-0.291759
-0.116928
-0.395136
-0.169881
-1.873469
-0.521672
-0.130962
-1.921701
-0.437060
-0.177016
-0.092607
-0.226500
-0.161470
-1.038988
-0.658039
-1.822042
-2.078624
-2.656149
-0.378509
-0.826196
-2.875011
-1.607126
-0.148686
-0.013789
-0.098821
-0.538434
-0.607653
-1.346652
-0.261021
-0.072155
-0.148238
-1.516245
-0.568677
-1.774574
-2.569344
-0.176038
-0.691267
-0.003774
-0.797191
-0.086764
-0.774681
-0.256585
-0.340098
-0.264954
-2.566792
-0.000164
-0.620962
-0.104657
-0.647703
-0.746927
-0.089369
-1.249518
-1.790812
-0.913287
-0.310385
-1.723363
-1.166078
-0.183667
-1.819980
-0.610584
-0.056399
-0.122509
-0.773770
-0.066699
-0.022066
-0.307605
-1.786819
-0.381599
-0.584891
-0.996119
-0.986027
-1.898621
-0.649381
-0.289962
-1.092683
-0.716836
-0.305676
-1.755182
-1.241899
-1.289865
-1.308562
-0.628813
-0.666376
-2.480877
-0.021738
-0.241827
-0.576887
-1.107669
-0.270267
-0.975374
-0.051978
-0.248202
-1.695191
-0.260388
-0.378309
-0.382419
-0.038944
-0.906016
-0.564591
-0.302845
-0.329632
-0.111161
-0.712489
-0.238726
-0.587572
-1.140253
-1.702660
-4.159430
-0.006208
-3.434756
-0.999602
-0.009346
-3.208121
-0.952084
-1.124742
-1.166974
-0.021669
-0.955081
-0.345053
-2.432959
-2.946150
-0.173142
-1.232673
-0.386210
-1.175380
-0.895022
-0.313713
-1.309548
-1.920860
-0.939663
-0.278331
-2.029273
-0.499788
-0.106856
-0.280605
-0.219571
-1.279395
-1.479974
-0.214247
-0.701161
-1.123738
-0.194772
-1.345281
-0.456120
-0.272762
-0.817629
-0.903082
-0.691711
-0.689480
-1.920830
-0.895351
-0.206950
-0.122203
-1.115061
-1.309154
-0.087210
-0.255450
-2.300685
-0.159636
-0.424614
-0.633315
-0.962339
-0.604983
-0.934113
-0.264101
-1.250814
-0.936459
-0.861201
-0.021284
-2.060312
-1.059617
-0.339236
-0.495736
-0.720569
-0.347107
-0.272519
-1.057403
-0.503602
-0.762255
-0.347704
-2.391507
-0.216607
-1.035094
-0.647781
-0.363523
-0.168638
-0.071068
-0.219516
-0.859242
-0.227095
-0.657059
-0.261269
-0.091423
-0.342681
-0.281632
-0.067055
-0.939256
-0.024534
-1.552765
-0.216170
-1.013368
-0.169225
-0.619514
-0.109649
-0.332745
-0.221851
-0.403256
-3.754687
-1.776167
-1.266425
-0.182154
-0.976260
-1.194591
-0.571612
-0.276235
-2.698643
-3.653215
-0.226013
-0.065202
-0.287953
-0.053733
-1.646872
-1.194375
-0.265046
-1.306040
-1.235548
-0.039194
-2.935349
-0.983596
-1.425989
-0.922030
-0.296611
-0.638261
-1.160536
-0.228677
-2.274254
-1.088260
-1.430576
-0.636850
-2.760424
-1.353370
-0.189499
-2.934241
-0.915299
-0.649999
-2.037199
-2.072439
-0.337778
-1.088841
-1.787977
-0.839168
-0.333249
-0.405215
-0.997428
-0.012767
-1.045367
-0.376362
-0.518952
-0.080959
-2.945654
-0.074302
-1.620011
-2.377195
-0.115275
-1.084555
-0.531667
-1.546987
-1.024793
-0.509324
-0.099527
-0.315009
-0.097891
-0.227849
-0.070716
-1.506725
-0.059960
-0.157619
-0.230130
-0.061938
-0.512175
-2.321821
-0.135388
-1.434603
-0.769764
-1.159240
-0.973245
-0.785696
-0.754130
-0.297501
-0.200458
-0.886857
-0.314747
-0.848117
-1.991089
-1.127312
-0.099972
-1.782162
-0.566397
-0.194548
-1.157718
-0.869827
-0.462856
-0.236695
-2.269308
-0.855615
-0.789512
-1.155287
-0.687084
-0.114765
-2.334331
-1.050750
-1.674472
-0.036491
-0.883822
-1.639336
-0.039340
-0.299992
-2.388127
-0.843998
-0.811172
-1.211785
-0.942904
-1.499347
-1.291653
-1.888510
-0.420244
-0.275178
-0.380574
-0.074559
-2.803057
-1.026355
-0.574668
-0.453838
-0.590599
-0.484964
-0.496345
-0.617024
-1.019474
-1.081569
-0.034608
-1.382787
-0.314717
-0.730541
-2.757518
-1.411733
-0.387658
-1.387372
-0.310542
-0.130258
-0.565438
-1.158926
-0.792281
-1.274988
-0.287973
-1.905899
-1.266213
-0.240307
-2.203910
-0.011992
-0.342523
-0.144052
-0.809605
-0.485374
-0.322914
-0.152957
-0.884024
-1.231152
-0.131952
-0.789309
-1.256333
-3.050963
-0.076541
-0.249710
-1.611508
-2.451993
-0.080390
-0.624342
-1.010020
-0.185698
-0.170813
-0.655482
-0.698172
-0.840899
-0.850382
-0.076830
-1.628020
-0.354531
-3.928227
-0.799801
-0.502107
-1.502919
-0.152224
-2.780324
-0.010627
-0.733906
-2.745028
-0.846110
-0.394062
-0.420444
-0.018194
-1.842177
-0.833558
-0.149292
-0.060327
-0.528611
-0.017937
-1.720371
-0.562855
-0.239785
-0.644124
-1.673864
-2.458018
-0.569383
-0.260486
-0.457687
-0.674297
-0.414569
-0.534146
-0.299790
-0.284383
-0.850895
-0.393913
-0.428444
-1.432304
-0.065527
-0.974431
-1.831078
-0.508278
-0.680419
-0.069992
-0.173180
-0.169274
-0.659771
-0.194524
-0.551795
-1.677969
-0.064036
-0.197284
-0.234787
-0.274188
-0.219544
-0.565769
-0.469046
-0.159681
-0.149962
-1.875372
-0.589690
-0.423283
-1.435149
-2.733493
-1.612917
-1.895021
-0.129604
-1.521042
-0.029011
-0.463574
-0.661328
-0.260467
-1.555061
-0.606559
-1.826921
-0.443774
-1.768219
-0.974917
-4.528550
-1.479268
-1.209966
-0.627019
-0.705317
-0.218096
-0.844600
-1.980264
-0.345494
-0.423493
-0.551562
-1.800524
-3.372139
-2.538891
-0.883467
-1.203995
-0.703519
-0.802536
-0.151534
-0.388141
-0.331094
-1.261042
-0.827033
-0.163222
-1.184570
-1.503392
-1.129866
-0.349260
-3.167813
-1.479829
-0.498214
-1.309040
-0.649030
-0.017235
-0.520783
-0.548846
-2.137763
-0.395912
-0.656433
-0.693649
-0.799428
-1.652795
-0.583944
-0.488413
-0.717475
-0.044682
-0.585184
-0.517588
-0.492239
-0.363956
-0.457355
-0.487790
-0.151220
-0.183001
-0.073009
-0.492452
-0.554755
-0.578316
-2.185052
-0.837057
-2.806019
-0.485379
-0.321616
-0.950208
-0.373535
-0.217145
-0.899256
-0.103092
-2.494051
-0.815069
-0.013759
-0.263073
-1.231542
-0.930672
-0.412226
-0.710833
-0.178202
-0.298027
-1.452768
-1.200359
-1.121675
-0.907419
-1.925730
-2.949591
-1.064054
-0.993083
-0.318447
-2.161758
-0.229643
-0.078952
-2.032221
-1.698216
-0.494932
-1.483128
-0.850454
-1.237767
-2.614253
-0.724282
-0.592146
-0.133413
-0.781899
-0.079145
-0.068051
-0.058152
-0.660758
-3.411795
-0.096504
-0.885187
-0.363137
-0.933088
-0.946034
-0.069539
-2.721873
-0.563232
-2.766226
-0.020532
-1.155587
-0.828991
-0.222092
-0.309689
-1.730850
-0.395797
-2.488097
-0.929055
-0.548794
-2.299283
-0.497381
-1.108320
-1.623156
-0.455671
-0.067760
-0.375950
-0.000764
-1.421712
-0.580856
-0.948951
-0.261301
-0.485899
-0.721282
-0.602388
-0.184113
-0.674377
-2.820845
-0.759529
-0.025741
-0.768783
-2.876532
-0.528813
-0.977009
-0.175720
-0.613675
-0.206162
-0.973649
-2.499802
-0.394707
-0.165161
-0.031049
-0.783418
-0.557056
-0.228872
-0.410299
-1.526409
-0.177724
-1.466490
-0.306903
-1.371717
-0.087601
-2.092703
-2.357935
-0.102941
-0.321045
-1.584987
-0.050302
-0.107189
-0.208319
-1.343474
-0.988232
-1.040979
-0.971000
-0.534206
-0.113906
-0.550824
-2.814538
-0.551317
-1.814241
-0.845968
-1.091294
-0.216437
-0.446673
-1.507567
-0.301039
-0.548179
-0.298675
-1.995813
-0.547836
-0.894784
-0.660098
-0.198158
-0.699455
-1.194355
-0.300241
-1.001673
-0.335952
-0.235620
-0.267314
-0.269074
-0.357753
-2.170586
-0.231292
-0.050275
-0.058473
-0.156553
-1.100758
-1.651198
-1.727900
-1.348656
-2.393720
-0.838616
-0.377782
-0.705059
-1.187070
-0.791024
-0.657367
-0.016834
-1.055905
-0.973704
-0.566254
-0.258481
-0.055215
-2.310194
-2.441590
-0.533845
-0.852429
-3.105523
-1.035858
-1.314600
-0.209707
-0.172645
-0.318268
-1.464294
-0.474100
-0.253525
-2.507151
-0.242450
-0.222030
-0.092386
-1.852773
-0.236129
-4.610437
-0.163823
-0.089395
-0.009038
-0.024305
-0.167137
-0.805244
-0.234540
-0.825330
-0.521173
-1.818818
-1.526009
-1.068661
-0.701505
-0.743706
-0.081619
-0.471693
-0.606625
-0.015057
-0.648804
-2.070447
-0.405423
-0.866321
-0.003909
-1.145674
-0.014960
-0.402642
-0.926090
-0.263664
-0.933887
-2.434197
-1.134468
-1.094584
-2.712122
-0.769717
-1.131986
-0.472066
-0.539656
-0.290415
-0.517746
-0.604181
-0.118017
-1.200046
-1.301854
-1.289561
-1.027173
-0.995645
-0.056381
-0.674007
-1.217332
-2.567061
-0.744495
-0.159408
-0.686192
-0.570789
-0.901512
-1.339622
-0.366813
-0.501257
-1.716534
-0.281125
-0.045532
-0.218312
-0.041632
-0.420452
-0.119470
-0.900703
-0.103232
-2.396884
-0.263695
-0.519350
-0.261642
-1.090734
-1.351567
-2.966962
-1.046597
-0.729487
-0.007819
-0.475535
-0.923123
-1.387161
-0.518736
-0.016908
-2.273712
-0.471922
-1.601964
-2.759393
-0.850610
-0.195644
-2.030935
-0.520041
-0.996182
-0.248332
-0.753127
-0.682603
-1.411414
-0.985589
-0.653100
-2.705366
-2.839676
-0.080345
-1.339225
-1.569720
-0.253899
-0.885070
-0.765664
-0.548551
-0.715764
-1.641713
-0.516357
-2.463542
-0.673331
-0.910108
-0.079911
-0.048817
-0.763397
-0.248465
-0.373026
-0.355291
-0.172460
-0.570315
-1.748268
-0.264962
-2.369718
-0.688617
-0.603254
-1.474742
-1.676772
-0.434025
-2.402968
-0.105626
-0.024228
-0.027725
-0.317804
-2.715263
-0.854815
-1.667268
-1.916589
-0.577814
-0.594768
-2.431464
-1.022397
-0.570568
-0.470355
-0.207586
-0.852285
-0.224705
-1.159722
-0.184345
-3.151584
-0.554702
-1.395445
-0.827678
-3.361464
-1.984311
-3.096513
-0.187180
-2.398697
-1.532356
-0.116828
-0.062217
-0.172748
-2.576930
-0.893740
-2.227963
-1.051347
-0.270083
-0.632074
-0.112024
-0.160558
-1.248704
-1.681083
-1.252475
-0.130080
-0.816813
-0.266486
-0.413379
-0.031434
-0.608931
-1.540369
-2.351901
-0.544510
-0.571499
-0.761967
-0.132775
-0.396300
-0.253825
-0.395273
-0.301581
-0.039123
-1.354964
-0.505871
-1.482525
-0.023689
-1.860036
-1.689149
-0.396504
-1.116955
-0.484608
-0.012380
-1.451590
-1.897811
-0.117745
-1.714841
-0.245150
-1.731047
-0.531430
-0.293469
-0.632984
-0.834051
-0.296593
-0.284143
-1.330874
-0.143686
-0.139637
-0.826389
-1.942177
-1.506054
-0.405150
-0.680007
-0.205416
-0.701187
-0.314131
-0.233006
-0.211959
-0.016684
-1.100548
-2.341482
-0.237705
-0.402752
-0.253663
-2.773199
-0.807942
-0.383127
-0.957126
-0.075321
-0.424823
-0.052346
-2.223100
-2.318309
-1.711928
-0.241811
-0.578324
-0.007324
-3.954657
-0.598648
-2.781402
-0.850485
-1.232146
-0.801617
-2.591686
-0.310094
-0.405561
-0.178980
-1.536118
-2.552013
-2.062617
-1.018994
-1.406459
-0.146772
-3.282960
-0.633726
-1.673658
-0.037972
-0.746694
-1.369014
-0.302533
-0.329695
-0.103632
-1.651582
-1.240363
-1.084999
-0.915664
-0.304609
-1.149803
-0.459762
-0.110279
-2.105183
-0.909838
-0.036173
-0.362599
-0.571276
-3.039792
-0.679895
-0.145135
-0.318211
-0.045259
-0.352864
-1.752496
-1.723609
-0.276542
-1.184953
-2.012866
-0.106837
-0.176010
-0.032746
-0.464681
-0.198898
-0.159177
-0.571983
-0.683270
-1.014758
-0.170914
-2.468389
-0.751952
-0.045463
-0.438182
-0.102419
-0.505017
-1.205381
-1.027809
-0.210179
-0.206992
-1.525330
-0.142648
-2.018655
-0.934110
-0.580426
-0.707303
-2.860187
-1.326586
-1.694932
-1.761947
-0.118783
-1.265491
-1.832304
-2.457831
-0.739354
-0.323378
-0.558546
-0.445891
-0.077767
-1.491027
-2.673718
-0.330671
-0.251493
-0.953929
-0.874977
-1.578540
-0.049107
-0.417613
-1.636347
-0.434663
-2.299017
-0.444552
-1.266500
-0.472835
-0.306814
-1.806737
-0.036491
-0.852590
-1.229184
-0.072649
-0.010582
-1.895864
-0.030467
-1.102617
-1.283800
-3.788178
-0.422498
-0.032340
-0.140537
-0.420555
-0.293165
-0.334903
-0.942367
-0.456907
-0.486260
-0.519832
-0.847542
-0.410785
-0.416643
-0.502244
-0.785000
-0.156865
-1.175864
-0.287980
-0.038537
-0.398444
-0.552052
-0.657105
-0.449743
-1.049151
-0.761431
-1.657886
-0.114664
-1.158862
-0.042808
-0.353894
-0.799778
-0.809831
-0.136585
-0.205362
-0.575925
-0.963072
-0.651302
-1.698722
-0.452320
-0.482721
-0.142035
-1.042340
-1.337364
-0.645517
-0.151727
-0.173516
-0.500316
-0.244096
-0.081403
-0.311397
-0.605085
-0.256614
-1.002329
-0.645129
-0.089831
-0.478751
-0.004595
-2.803347
-0.356983
-0.002222
-0.876491
-0.058609
-1.864219
-0.580893
-2.095387
-0.428050
-1.179145
-0.403377
-1.040664
-0.412277
-1.439534
-1.982683
-0.515460
-1.201723
-0.067506
-1.393052
-0.705798
-0.340003
-0.738421
-0.683157
-0.747475
-4.144606
-0.118049
-2.177012
-0.287374
-0.275683
-1.002836
-2.248461
-0.331083
-0.855406
-0.576955
-0.233701
-1.047739
-0.424935
-1.594018
-1.766580
-0.479108
-0.083630
-0.379582
-0.689662
-0.169640
-0.082964
-2.283582
-0.113154
-0.042203
-1.021398
-0.770417
-2.414142
-1.103960
-0.398847
-0.895367
-0.508932
-1.059506
-2.199681
-0.013703
-2.064629
-0.417507
-0.291771
-1.098882
-0.624731
-0.724292
-1.125783
-0.883978
-0.798028
-0.280184
-1.029680
-0.607980
-0.061739
-2.163136
-0.646577
-0.547311
-1.514800
-1.393220
-1.268498
-1.097329
-1.090350
-1.207902
-0.389953
-0.778369
-0.489044
-0.792534
-1.445734
-1.348369
-0.868211
-0.695466
-0.292459
-0.099383
-0.948638
-2.174890
-2.152663
-0.713820
-0.234648
-0.768252
-1.475825
-0.012555
-0.088859
-0.010880
-0.082512
-0.350339
-0.463939
-0.622104
-0.349435
-0.923199
-0.691919
-0.408430
-0.957422
-0.501306
-1.158551
-0.334756
-1.277591
-0.813861
-0.215246
-1.373320
-1.482497
-1.116007
-1.528805
-0.873115
-1.393122
-0.065938
-0.425486
-0.596348
-0.344365
-1.051935
-1.924888
-0.653376
-0.186158
-0.232784
-0.722000
-0.286860
-1.461167
-0.274717
-0.850497
-2.837985
-0.025823
-2.950519
-1.475329
-1.211602
-1.273936
-0.465678
-0.313656
-0.307890
-0.873301
-0.151807
-0.428033
-0.107112
-0.321614
-0.010838
-0.268367
-0.222320
-0.407476
-0.545114
-0.895596
-2.821254
-0.735392
-0.508158
-0.081272
-1.314896
-0.392811
-2.084093
-1.047759
-1.088247
-2.555908
-0.732378
-0.674951
-1.249322
-0.278936
-3.586514
-1.163872
-0.568087
-0.346117
-1.141183
-0.382997
-0.434348
-0.621933
-0.303937
-2.096493
-0.924232
-0.307364
-0.177968
-1.517673
-0.210640
-0.143924
-1.880752
-0.154649
-0.183484
-0.190482
-1.836874
-2.447058
-2.098960
-1.077123
-0.061048
-0.181908
-0.144968
-0.060239
-0.343294
-0.248338
-0.662166
-1.701352
-0.508754
-0.548713
-0.274301
-0.056218
-0.136705
-1.039192
-0.103132
-1.402708
-0.197204
-2.102470
-0.519051
-0.464922
-0.160409
-0.891378
-0.758314
-0.470835
-1.765636
-0.780660
-1.139254
-1.814842
-0.873197
-0.149590
-0.725287
-0.173900
-1.176046
-2.337739
-0.881561
-0.411350
-1.008457
-0.577543
-0.112863
-1.450708
-0.464044
-0.371474
-1.401180
-0.363773
-0.365134
-0.592915
-1.092654
-2.556355
-0.648043
-0.011039
-0.045338
-0.250397
-0.329376
-0.469898
-0.915435
-0.656386
-0.485091
-0.914267
-0.350308
-0.705297
-0.397103
-0.509439
-1.246768
-3.670494
-0.357226
-2.394168
-0.395614
-0.815712
-0.073174
-0.314065
-0.517029
-1.117700
-1.416779
-1.111948
-0.024173
-0.319422
-2.607538
-0.559542
-0.755749
-0.338098
-0.162784
-1.116699
-1.442633
-0.917686
-0.864453
-0.128287
-2.561577
-0.690694
-1.097008
-1.543782
-0.991680
-0.181479
-1.602636
-0.820064
-0.656966
-1.348949
-0.074141
-0.312236
-1.408957
-2.657809
-0.340688
-0.306924
-0.122643
-0.373465
-0.266997
-1.203575
-1.042217
-1.291540
-0.355895
-0.688890
-3.853682
-1.655759
-1.062449
-1.086812
-0.998227
-0.507538
-0.439150
-0.425035
-0.149695
-0.655715
-0.036956
-1.953491
-0.172653
-1.153683
-2.776703
-0.424586
-0.626741
-0.904629
-0.033693
-1.737517
-1.203438
-1.454475
-0.545212
-0.415918
-0.284877
-0.174204
-0.254734
-0.511949
-3.871240
-1.712118
-0.390637
-0.192948
-2.168842
-0.467311
-0.157617
-0.797673
-3.941239
-1.251443
-1.939140
-0.577797
-0.706996
-0.625827
-0.288681
-3.174612
-0.184345
-1.504986
-1.588495
-0.080591
-0.424359
-0.115932
-0.444585
-1.213468
-1.286556
-0.064887
-0.337347
-1.086103
-1.695386
-2.452941
-0.035975
-0.195012
-1.769378
-0.394972
-0.146615
-0.211680
-0.705071
-1.280194
-0.803215
-0.039128
-1.597996
-0.088327
-0.895666
-1.475292
-0.400390
-0.448486
-0.312503
-1.603708
-1.652824
-0.350530
-0.190769
-4.648775
-0.186198
-0.260676
-1.020230
-0.861983
-0.359190
-1.502106
-0.965634
-0.555775
-0.128584
-2.495914
-2.275417
-2.506349
-0.422188
-0.003472
-0.580480
-3.109613
-2.255680
-0.149030
-0.889275
-1.493797
-1.297533
-0.926128
-1.256274
-0.978935
-0.501007
-1.477431
-1.662287
-0.426303
-0.453213
-0.897040
-2.465421
-0.673558
-0.465654
-2.828136
-0.033717
-0.126588
-0.485826
-0.068573
-0.351961
-0.866678
-0.493464
-0.424875
-0.105908
-1.051823
-1.097386
-0.669271
-0.211826
-0.555507
-1.280628
-1.051516
-0.312497
-0.141634
-0.958249
-1.249504
-1.222896
-0.642495
-3.454619
-0.347368
-1.088471
-0.066978
-0.538116
-1.507253
-0.016415
-1.663352
-3.136110
-1.342218
-0.716997
-0.395478
-0.580424
-1.300801
-0.696174
-0.455050
-0.064048
-1.694866
-0.540769
-1.264333
-0.409139
-0.244381
-1.618053
-0.473761
-0.511209
-0.079655
-0.622130
-0.057645
-0.484951
-0.229123
-0.193715
-2.870772
-1.318308
-1.111422
-0.033461
-2.267927
-0.182445
-0.201221
-0.136268
-1.188111
-1.067278
-0.205462
-0.659457
-1.084901
-0.028820
-3.326102
-0.800627
-1.733397
-1.102839
-0.520069
-0.091350
-0.320237
-0.111476
-0.017642
-0.749246
-0.228125
-0.986387
-1.197841
-1.024335
-0.105999
-0.420384
-0.567220
-0.789929
-0.307529
-0.669331
-1.739000
-2.008216
-1.718846
-0.290831
-0.252561
-0.454573
-0.382003
-0.008153
-0.036825
-0.403680
-0.143188
-2.093090
-1.170756
-0.179989
-0.268658
-1.076694
-2.578882
-1.185590
-0.227520
-1.110229
-0.879732
-0.352127
-1.505906
-0.408416
-0.055658
-0.664979
-0.440264
-0.092381
-1.387240
-0.710536
-1.307882
-0.799403
-0.591030
-0.888817
-0.360571
-0.893830
-0.065783
-0.006983
-0.008734
-0.876217
-1.110536
-0.604396
-0.919165
-0.743178
-3.051299
-0.027242
-0.224336
-1.355509
-0.871389
-0.238718
-0.492416
-0.190908
-0.692949
-1.211031
-0.349256
-0.577474
-0.085653
-1.285605
-3.711837
-0.605154
-2.115895
-1.799689
-0.400673
-1.660518
-0.494300
-0.482413
-2.166079
-0.089948
-0.271278
-1.756906
-0.689569
-0.304303
-0.103823
-0.197509
-0.434726
-1.944518
-0.505199
-1.075026
-1.569924
-1.481814
-0.513833
-0.202959
-0.041163
-0.136188
-3.341030
-0.499729
-2.271511
-0.945322
-0.172174
-0.234775
-0.097276
-0.837361
-0.313968
-0.552286
-0.191009
-1.945328
-0.491905
-1.972207
-0.900417
-3.072838
-0.823155
-0.054014
-3.629479
-1.383363
-0.525756
-0.199185
-0.679284
-0.181908
-0.729269
-0.307093
-0.385002
-0.360334
-1.780530
-1.575021
-0.881703
-0.858836
-1.260144
-0.102934
-0.317312
-0.682423
-0.121961
-0.876721
-1.215240
-0.066414
-0.370400
-3.122934
-1.869589
-0.151734
-0.230452
-0.869360
-0.049103
-0.004243
-0.798236
-0.270443
-1.014703
-0.207152
-0.501269
-0.979314
-0.726970
-0.115329
-0.218982
-2.074300
-0.052786
-2.169101
-0.504431
-0.597886
-0.483037
-0.551741
-3.258992
-0.078737
-0.804183
-0.545114
-0.351646
-0.349910
-0.011086
-1.092059
-2.408603
-0.103788
-1.145366
-0.104244
-1.329151
-0.529601
-1.754204
-0.626766
-0.663920
-0.924797
-0.226038
-0.057106
-0.178460
-1.346841
-1.792066
-2.343319
-0.517282
-1.892394
-1.274192
-0.149446
-1.782578
-0.231827
-1.051301
-1.475658
-1.184993
-1.341961
-0.422729
-0.331906
-1.882191
-0.039844
-2.315512
-1.389594
-0.470343
-0.274557
-0.855212
-1.229918
-1.048114
-0.025678
-0.421886
-0.240986
-0.649850
-1.982071
-1.253138
-0.440102
-0.915204
-0.252923
-0.071121
-0.145205
-0.232450
-0.677726
-2.173966
-0.360537
-0.756852
-0.142680
-1.186170
-0.204123
-1.020605
-0.388462
-0.918087
-0.012350
-1.288661
-1.634079
-1.043260
-0.374905
-0.358961
-1.560357
-0.281352
-0.491121
-2.813817
-0.264487
-0.051472
-0.653223
-1.849305
-0.033670
-0.164314
-0.423908
-1.179023
-1.536462
-1.929421
-1.144175
-0.012682
-1.929943
-1.035389
-0.509993
-0.586844
-0.002178
-1.492778
-0.179339
-2.394191
-0.060467
-1.330888
-1.081851
-0.262522
-1.539592
-1.192691
-0.497813
-0.242549
-1.152949
-0.021207
-1.040316
-0.034586
-0.271734
-0.130820
-0.233844
-0.647308
-0.141235
-0.664481
-0.145483
-0.012856
-0.082415
-0.067587
-1.062257
-1.439177
-1.232149
-1.348369
-0.055791
-0.464313
-1.741462
-0.010715
-1.745730
-1.208621
-0.470450
-1.518960
-1.114293
-0.093357
-0.882565
-1.826055
-1.031663
-1.369099
-0.800915
-1.446782
-0.385709
-0.723374
-0.277569
-0.583107
-1.591169
-0.751974
-0.037724
-0.011028
-1.712777
-0.823385
-0.810898
-1.522419
-0.262435
-3.385231
-1.126308
-0.223085
-0.189986
-0.228357
-1.500430
-0.574522
-2.726107
-3.264633
-1.168019
-0.356221
-0.741122
-5.201738
-1.870837
-0.930364
-0.404094
-0.197320
-0.019157
-1.030242
-0.711375
-1.039492
-2.649746
-2.580652
-2.290221
-0.093304
-1.045498
-1.687670
-0.458314
-2.076797
-0.159557
-2.366021
-0.022229
-0.572740
-2.227636
-2.324299
-0.958344
-0.788647
-0.704341
-0.264292
-0.086472
-1.211127
-0.892927
-0.851470
-0.016177
-0.329754
-1.279777
-0.072193
-1.854240
-0.036031
-4.349473
-1.938481
-0.354323
-3.371587
-4.178860
-1.290817
-1.834634
-0.161222
-1.020959
-0.524753
-1.199544
-1.813027
-0.547679
-0.502179
-1.080609
-0.768397
-0.384488
-0.064010
-0.706215
-0.673018
-2.025697
-0.274360
-0.399376
-1.375186
-0.575085
-0.819855
-1.192494
-1.062789
-1.214116
-0.969331
-1.706330
-0.192968
-0.312026
-0.457735
-1.092316
-0.021326
-1.252956
-0.646903
-0.049028
-1.039924
-0.295260
-0.507235
-0.841411
-1.385740
-0.645126
-0.091831
-1.930787
-0.083426
-0.219443
-0.637674
-0.961246
-0.015255
-0.913703
-0.401425
-1.029659
-0.715539
-1.805424
-0.242510
-0.526728
-2.115841
-0.237942
-1.087619
-0.253384
-0.074254
-0.518538
-1.448967
-2.010733
-0.215623
-0.480837
-1.255547
-0.632445
-0.936906
-0.512881
-0.150582
-0.643698
-2.318675
-0.187109
-0.172362
-1.047684
-0.132509
-0.349162
-0.400795
-0.335410
-0.072735
-0.929160
-1.263801
-1.999951
-0.177864
-2.105964
-0.428553
-0.029280
-1.165415
-0.901862
-0.544039
-1.204257
-0.373863
-2.100294
-0.961692
-0.636692
-0.961928
-0.146417
-0.940287
-2.953543
-0.820877
-0.196146
-0.401550
-1.075502
-1.674339
-1.492276
-0.907068
-0.098066
-5.403371
-0.096736
-0.550191
-0.932842
-0.707296
-0.066727
-1.898244
-2.606560
-0.483523
-0.044796
-0.163251
-0.486764
-0.931827
-0.257486
-0.088260
-0.250861
-0.502284
-4.341779
-1.187503
-0.605977
-1.012462
-0.132245
-0.571783
-0.262716
-0.211615
-0.403923
-2.027078
-0.301145
-1.800688
-0.867458
-0.846731
-1.343903
-0.292477
-0.243281
-0.090990
-0.050451
-0.275376
-0.670878
-1.822737
-0.781826
-1.344924
-0.467901
-0.386334
-0.127850
-0.509790
-0.667597
-0.152264
-1.644192
-0.306729
-0.052911
-0.433145
-0.605859
-1.819806
-2.322657
-0.029652
-1.117916
-1.332820
-0.692271
-0.228289
-1.304618
-1.414393
-0.301663
-0.329581
-1.370849
-1.265563
-1.956677
-2.444815
-0.166831
-0.386172
-0.677613
-0.817451
-0.448565
-0.044168
-0.387366
-0.446403
-1.728546
-1.208675
-0.172204
-1.531764
-1.591608
-0.024401
-1.128239
-0.324857
-0.341363
-0.562822
-0.981179
-0.248785
-0.297205
-0.092959
-1.369053
-0.148945
-0.561374
-0.117570
-0.757744
-0.999088
-1.639363
-0.711869
-1.286235
-0.714613
-0.028183
-0.382453
-0.445596
-0.639256
-2.792090
-1.059585
-1.115483
-1.581105
-0.843889
-0.826654
-1.169925
-0.608100
-0.356741
-0.104589
-1.342309
-1.247161
-0.320881
-0.897130
-1.615696
-0.791423
-0.975389
-0.320433
-0.948736
-1.676537
-0.848159
-1.554794
-0.183623
-1.298136
-0.031107
-1.116281
-2.583839
-0.460509
-0.575747
-1.099622
-0.760269
-0.799381
-1.239901
-1.618779
-1.679593
-0.298116
-0.118506
-1.857132
-0.682859
-1.094689
-1.002425
-0.829339
-0.523163
-1.223793
-0.111273
-1.603437
-1.145116
-0.046823
-0.221950
-0.049163
-0.514306
-0.882059
-1.558910
-0.565029
-0.433876
-1.971895
-1.829776
-0.808951
-0.586501
-0.589005
-0.697746
-1.983865
-1.618799
-0.871781
-1.666791
-0.031229
-0.119110
-1.958902
-0.033536
-2.095954
-1.072981
-0.162457
-0.489825
-0.803131
-0.093810
-1.061202
-0.115195
-0.558110
-0.917396
-0.352293
-1.208873
-0.004201
-0.748645
-0.510548
-1.917492
-0.393934
-1.998993
-1.019312
-0.788613
-0.630526
-0.823446
-2.008562
-0.635074
-0.025303
-1.066904
-0.775284
-1.526925
-1.813997
-0.504535
-1.140341
-0.773681
-0.231838
-0.841548
-1.902504
-1.043909
-1.119806
-0.517433
-0.282020
-0.924055
-1.180332
-1.392263
-0.143003
-2.573956
-1.848430
-1.672311
-0.497990
-0.514556
-1.006476
-1.260901
-0.491758
-1.308956
-0.672167
-2.978698
-1.939020
-1.559062
-0.070276
-0.430580
-0.338679
-0.732970
-2.735287
-2.120271
-0.222142
-0.551367
-2.289167
-0.313694
-0.011431
-1.851059
-0.527651
-0.019058
-0.393363
-1.313098
-2.806379
-0.045160
-0.903324
-0.969942
-2.102390
-1.683772
-2.782253
-1.240882
-0.222191
-0.985737
-0.968165
-1.768901
-0.061719
-0.871831
-0.230981
-0.926605
-0.349173
-0.186802
-0.578195
-2.145303
-1.179399
-0.010721
-0.368959
-0.889162
-1.518051
-0.221263
-0.102744
-0.091805
-0.398426
-1.569732
-0.322641
-0.080515
-0.457754
-0.638528
-0.548410
-1.853244
-1.574380
-0.640663
-3.984342
-2.226136
-0.104239
-0.019214
-1.665951
-0.557576
-0.337520
-0.165708
-2.776588
-1.642250
-0.579819
-2.172841
-1.181883
-1.082605
-0.054988
-0.067807
-0.082960
-0.034801
-0.034116
-1.135799
-0.478783
-0.202100
-0.696071
-0.905612
-0.084400
-0.892633
-0.425121
-1.696079
-2.447146
-1.253170
-0.316931
-0.033641
-2.604503
-1.113225
-2.393583
-1.048063
-0.081519
-0.006420
-0.930986
-2.805191
-0.092029
-3.515419
-0.526367
-0.325514
-1.167951
-0.853721
-0.210412
-1.207189
-0.503915
-3.605938
-0.247920
-0.957566
-0.292204
-1.536235
-0.754972
-2.696867
-3.586579
-0.654396
-0.055578
-0.244533
-0.824096
-1.045274
-0.392211
-0.014843
-0.012590
-1.184829
-0.798442
-1.040584
-1.400214
-1.369986
-0.315380
-0.578915
-0.069952
-0.724191
-0.819529
-0.341151
-0.171866
-0.866655
-0.823133
-0.104582
-0.659689
-0.848568
-0.986008
-1.324930
-1.762590
-0.438353
-0.134778
-1.108911
-2.223950
-0.464476
-0.232725
-0.234103
-0.287692
-0.433112
-0.780230
-1.471573
-0.198220
-1.237186
-1.262878
-0.203685
-0.284192
-3.292653
-0.240130
-0.520807
-0.011164
-2.386237
-1.745593
-1.186726
-0.888693
-0.449277
-0.513022
-0.427922
-0.329882
-0.544765
-1.020041
-1.256889
-0.615747
-0.191569
-0.387096
-1.357349
-1.390584
-0.016517
-0.652698
-3.177280
-0.480305
-1.549863
-0.626846
-0.189999
-0.346649
-0.234415
-0.592220
-1.810271
-1.255807
-0.907483
-0.031749
-0.564749
-2.208187
-1.295971
-0.483681
-0.645620
-0.249178
-0.734631
-0.038611
-2.037121
-0.994532
-2.255897
-0.016943
-0.596511
-0.067734
-1.228374
-1.100171
-2.519463
-0.982461
-1.800747
-2.888552
-1.698105
-1.115683
-2.656604
-1.549013
-0.423938
-0.713431
-1.756409
-0.589608
-0.388973
-1.516324
-1.030599
-0.203069
-0.464191
-1.457021
-0.208994
-0.146961
-0.221437
-0.072196
-0.189563
-0.868429
-1.858043
-0.259373
-2.032935
-2.109554
-1.349101
-0.504292
-0.440229
-1.463666
-0.673501
-1.656849
-0.349565
-2.722778
-1.581086
-1.122461
-1.694665
-0.450492
-0.326137
-1.445432
