-1.945369
-2.387652
-0.095528
-2.862234
-0.995420
-3.636702
-5.712539
-0.926487
-0.598363
-0.926527
-2.915547
-0.084553
-0.096087
-1.360914
-0.388311
-0.746689
-0.200596
-1.232213
-0.598655
-3.114164
-1.147193
-0.317782
-3.603224
-5.457341
-2.722894
-1.431313
-1.626943
-1.389556
-1.579719
-0.168506
-0.684603
-0.640998
-0.177454
-2.073000
-1.150577
-0.642711
-3.503423
-0.638057
-0.940312
-0.907603
-1.736234
-0.729941
-0.147299
-0.067396
-0.503590
-0.000769
-0.943076
-3.606950
-1.926788
-0.046189
-3.068595
-1.421136
-0.504782
-0.558596
-2.179559
-0.958718
-0.431952
-0.455542
-0.687944
-1.210131
-0.244025
-1.102640
-1.540537
-0.225891
-0.220152
-0.789209
-2.957519
-1.587925
-0.578121
-1.841951
-0.883185
-9.859834
-0.111389
-0.409835
-3.295155
-1.299497
-0.372004
-2.362081
-0.497295
-1.068826
-3.085359
-0.007430
-1.603589
-0.775750
-0.714719
-1.087130
-4.550641
-0.057557
-0.777218
-0.726175
-2.123884
-3.374099
-1.530874
-1.667941
-0.744184
-0.251804
-0.501864
-1.547799
-0.564135
-1.095912
-0.246174
-0.828098
-0.056495
-1.542092
-1.897355
-2.917235
-2.267728
-1.636193
-1.586655
-0.719168
-0.893789
-4.391379
-0.654545
-1.946545
-0.657257
-1.107530
-0.502277
-0.393776
-3.065860
-0.526415
-1.106809
-2.726492
-1.435219
-1.742612
-1.398259
-0.891903
-0.877064
-0.105587
-0.219099
-1.196371
-3.482466
-1.462140
-2.311966
-3.775691
-0.682083
-1.968747
-2.417804
-0.561246
-1.056422
-4.743751
-0.494316
-0.458956
-0.193428
-0.501125
-0.637165
-2.375888
-2.271385
-1.942665
-2.532498
-8.856239
-0.063732
-0.119666
-0.819534
-4.295685
-1.315212
-0.048664
-1.068122
-0.548249
-4.392677
-0.223286
-0.412986
-2.404021
-1.793012
-3.417294
-3.129507
-1.793931
-2.248125
-0.651173
-1.712229
-1.874071
-0.132642
-2.356431
-0.189192
-0.180031
-1.279490
-1.941725
-0.231078
-0.915571
-0.197694
-2.312335
-0.476570
-1.267511
-1.796217
-1.284442
-0.218106
-0.760695
-2.038306
-2.508662
-0.299872
-2.301335
-0.597991
-3.436200
-5.633048
-0.153381
-0.020377
-5.084241
-0.572214
-2.352832
-3.137201
-7.455090
-3.131095
-0.516904
-2.015363
-4.176764
-4.677537
-1.035871
-1.932492
-0.063546
-1.590842
-0.612676
-0.895520
-0.551613
-1.365622
-2.825406
-1.428953
-3.838022
-1.946192
-0.183995
-1.522986
-1.245540
-1.040754
-0.121745
-1.786238
-0.853065
-0.344379
-1.639465
-1.267436
-1.614623
-3.566203
-0.745657
-0.291104
-1.237858
-1.141346
-1.081058
-5.303259
-3.382583
-0.564631
-0.016353
-0.698475
-1.933125
-1.389871
-0.806738
-0.699632
-0.105041
-0.510629
-1.145915
-0.958656
-3.009262
-1.042766
-0.121578
-1.874685
-3.708898
-1.686289
-0.109075
-0.506972
-3.217410
-0.623915
-2.494358
-2.362469
-0.386156
-0.040443
-1.597099
-6.597718
-0.406888
-0.598540
-0.073919
-2.225901
-0.068789
-0.369217
-1.316009
-0.601623
-0.878926
-0.854532
-0.586620
-1.462364
-6.336435
-1.326049
-0.060409
-0.077179
-0.578030
-1.944771
-3.453576
-2.458923
-2.245260
-1.456964
-0.487208
-0.842750
-2.039315
-5.809846
-0.664802
-0.423820
-2.940623
-0.674509
-1.413537
-3.369011
-1.124255
-2.548779
-1.707262
-0.691153
-0.334300
-1.361599
-0.404665
-1.346836
-1.544499
-4.508143
-1.278755
-3.694022
-0.266831
-5.456351
-4.104840
-1.551182
-3.304580
-5.165489
-0.021930
-5.492081
-0.547388
-1.921893
-0.316739
-0.582004
-0.641432
-0.945429
-0.380800
-0.826729
-1.041563
-1.187025
-0.238651
-0.721294
-4.208678
-4.253551
-2.969039
-2.599872
-0.298139
-1.124122
-3.359953
-1.799371
-0.253015
-0.421139
-4.229842
-3.352394
-5.424302
-1.247631
-3.063905
-2.373457
-0.540647
-3.832256
-1.157799
-0.338884
-0.419570
-0.754587
-0.606837
-0.942701
-0.883374
-0.953168
-3.009930
-0.521679
-5.344523
-5.786949
-0.071854
-0.470097
-1.009024
-0.172468
-1.338694
-0.020184
-0.914675
-0.690962
-1.587220
-2.031735
-2.396638
-1.992739
-0.030932
-0.186211
-1.357495
-0.136127
-1.914998
-2.185434
-2.115364
-0.437206
-0.948300
-3.803323
-0.999912
-0.856296
-4.252105
-1.256522
-2.327722
-2.289969
-0.338291
-1.871866
-0.331326
-0.308824
-2.683613
-3.536484
-0.993522
-0.834888
-1.093502
-3.363124
-0.688902
-1.730195
-0.757582
-1.866640
-0.797560
-4.514788
-0.200387
-0.882551
-3.710829
-1.453301
-0.052055
-0.723544
-1.153833
-0.416516
-3.536199
-2.086409
-0.394496
-2.669596
-1.307265
-1.961555
-0.109649
-1.633664
