-1.534431
-0.383557
-0.875989
-0.253894
-0.148842
-0.335817
-1.321665
-0.961203
-1.026455
-1.648050
-2.874055
-0.291339
-0.042339
-7.808366
-0.369568
-1.495653
-0.593935
-2.212646
-1.764207
-0.887949
-0.320112
-3.358399
-0.235546
-4.602569
-2.152676
-0.843906
-1.130866
-0.754671
-0.752469
-6.194526
-6.156262
-4.641033
-5.831856
-7.189441
-1.844942
-2.088621
-0.220514
-0.154731
-1.334187
-1.141367
-1.407508
-2.518180
-2.192650
-0.013641
-2.477385
-3.475551
-0.001497
-1.220968
-1.762719
-1.544343
-1.065777
-0.196738
-7.305546
-0.955102
-2.497713
-0.732872
-2.833239
-0.708262
-0.936261
-0.317759
-1.955799
-0.184849
-0.087833
-1.242635
-1.069642
-1.881710
-2.470365
-1.664802
-2.744252
-0.905499
-3.586859
-1.828299
-0.153246
-0.671185
-1.166919
-0.134495
-4.312379
-4.047059
-10.646124
-1.045613
-0.418130
-0.998406
-0.344787
-0.653982
-2.236721
-2.137253
-3.058440
-0.062689
-2.880226
-4.293050
-0.646910
-4.313497
-4.122511
-2.291334
-1.084061
-1.664398
-1.868137
-1.018149
-0.524844
-1.418121
-0.926366
-2.612309
-0.147699
-0.111203
-0.241731
-0.446349
-1.012776
-1.600679
-0.496835
-2.586425
-0.348849
-1.650466
-0.485054
-1.582246
-1.192718
-1.785342
-4.186470
-1.633260
-0.201278
-0.734925
-0.316642
-0.434654
-0.740546
-0.679589
-0.118065
-1.846062
-0.936879
-6.013103
-3.695704
-1.077229
-2.661429
-1.713305
-0.002683
-2.847883
-2.622220
-1.504507
-1.611682
-5.210392
-0.618460
-1.711048
-0.747504
-0.047593
-2.049721
-0.702872
-2.613803
-5.024901
-0.790817
-0.488359
-0.900359
-6.383881
-0.214732
-1.040945
-2.410939
-2.028857
-4.839116
-0.019431
-0.541115
