-0.897622
-2.774225
-0.974657
-2.770499
-2.885657
-1.089798
-3.383928
-1.570939
-0.500587
-0.739704
-1.049020
-0.348240
-0.696804
-0.821500
-3.446053
-0.827193
-2.408766
-0.368528
-0.166129
-1.792357
-0.785126
-0.152029
-0.085062
-0.498106
-1.741404
-0.535444
-1.505338
-2.377610
-1.251676
-0.166823
-0.010629
-2.022086
-0.996409
-1.604966
-0.076444
-2.594962
-1.358976
-0.916928
-0.223675
-2.073658
-1.825194
-1.565388
-0.364631
-1.389231
-2.076454
-1.088859
-4.129714
-3.572637
-0.424015
-0.156224
-0.086845
-1.530137
-0.802378
-0.705937
-2.322938
-0.721047
-0.338847
-0.247325
-2.422508
-2.025075
-3.059622
-1.842447
-6.234491
-0.622714
-0.478855
-0.238716
-1.241837
-0.484349
-1.384578
-0.302022
-1.582638
-0.535155
-0.265200
-0.179321
-0.713740
-0.949950
-0.338043
-0.160810
-0.540807
-0.463011
-0.311744
-2.374240
-5.686659
-0.984350
-1.633858
-0.954621
-0.190952
-0.978356
-2.713835
-1.050447
-2.076157
-1.228416
-0.504821
-0.796982
-1.133673
-0.656727
-2.018734
-1.545143
-1.056846
-1.259328
-0.305949
-1.822111
-2.358309
-0.967674
-0.080453
-1.479646
-0.021254
-0.015084
-0.394926
-0.056656
-1.919878
-0.490377
-0.235913
-1.257654
-0.100716
-0.343201
-2.360558
-0.866083
-0.150601
-0.163404
-0.640512
-3.848006
-1.792737
-1.076093
-0.344895
-1.426348
-2.457562
-0.267878
-3.436826
-0.739612
-1.192957
-1.284405
-1.294957
-0.820925
-1.907110
-2.366735
-1.902821
-0.009037
-1.850826
-1.653140
-0.919829
-0.305762
-1.644141
-0.956340
-1.985584
-2.094747
-0.710618
-4.185166
-0.480458
-0.548280
-0.755372
-0.291346
-0.804102
-2.928040
-1.650604
-1.102906
-1.270202
-0.030118
-0.693124
-1.063805
-0.333617
-0.943979
-2.002696
-3.313258
-0.923936
-0.332836
-3.164647
-0.021294
-1.190993
-1.054005
-1.604064
-0.660430
-0.070061
-0.326005
-1.134314
-1.505884
-1.024656
-0.277414
-0.873794
-2.608299
-3.541253
-1.096060
-1.887415
-1.328966
-2.186378
-0.563442
-2.156070
-5.303457
-2.533585
-0.637263
-0.068657
-3.713882
-3.487517
-1.076073
-1.991857
-2.071286
-1.583599
-3.487840
-4.551329
-0.941537
-5.517492
-1.005892
-1.877358
-3.407624
-0.067213
-0.573444
-1.268330
-0.400857
-0.576703
-0.366722
-4.095244
-0.370943
-0.499282
-1.216225
-0.480825
-0.565277
-0.243753
-3.177852
-1.347484
-0.326475
-1.910610
-0.242726
-0.864265
-2.146978
-1.001829
-4.201922
-0.845570
-0.022170
-0.099642
-0.329596
-0.155279
-1.880635
-1.466001
-0.074357
-0.064703
-0.711624
-0.846695
-0.247636
-1.928645
-0.072238
-0.623958
-1.027173
-3.846995
-1.890879
-0.614267
-0.264976
-0.393909
-2.001689
-0.668228
-1.436308
-0.175278
-0.772159
-0.557834
-0.582001
-1.733833
-1.768340
-1.375863
-0.636556
-4.181291
-1.769054
-0.952615
-0.203949
-1.954062
-0.545253
-2.817811
-0.193060
-0.157369
-0.375198
-1.558996
-0.090942
-1.922981
-0.709503
-4.778609
-3.902562
-0.852382
-0.007087
-0.816918
-0.358519
-0.582744
-0.692622
-0.947389
-1.103201
-1.829362
-1.865236
-2.840092
-1.103877
-1.911903
-2.282599
-0.091923
-1.209203
-0.933725
-1.305664
-1.896112
-0.650291
-0.634002
-1.514928
-0.721358
-1.339418
-0.692524
-2.371253
-1.437190
-1.252154
-0.785504
-1.279985
-0.302273
-0.195824
-0.394561
-0.656594
-2.308574
-0.166248
-0.375128
-0.206914
-2.715887
-1.040636
-0.523141
-3.577679
-0.407469
-1.118219
-0.944017
-1.266923
-1.753247
-3.457766
-0.020053
-2.186277
-2.161186
-3.599439
-0.746108
-0.614763
-0.177704
-0.806125
-0.235056
-2.642289
-0.250695
-2.217871
-1.172667
-0.761192
-1.180503
-0.201945
-0.781817
-1.015582
-0.127890
-0.677382
-1.973619
-0.250547
-2.181575
-0.545601
-4.421995
-4.749007
-2.297903
-0.847905
-3.949163
-0.951672
-1.134139
-0.033832
-0.615361
-0.580785
-1.504797
-1.177313
-1.041968
-0.183934
-0.424727
-0.241294
-3.101396
-0.442068
-3.502268
-1.812366
-3.007069
-0.057602
-2.014328
-0.614608
-0.240696
-3.086862
-0.301505
-0.651023
-1.573763
-4.504419
-0.659585
-0.805901
-0.852175
-0.914962
-1.169127
-1.917895
-0.177133
-0.889009
-0.659229
-2.312925
-1.150588
-1.290893
-0.577772
-0.865983
-0.082676
-0.179106
-0.616120
-0.546461
-0.168542
-2.459705
-0.236428
-2.327766
-0.066714
-0.620715
-1.353706
-2.801394
-1.571769
-0.246314
-0.613261
-0.991117
-3.463109
-3.475959
-0.003565
-0.333263
-4.301568
-0.514699
-1.913431
-0.013302
-0.194064
-1.311495
-3.212620
-0.988326
-3.467276
-2.624583
-3.311820
-1.246718
-0.958911
-2.493479
-1.026545
-0.201116
-0.671720
-0.309817
-2.315637
-0.114047
-0.954429
-2.043514
-0.541167
-1.197508
-0.509089
-0.178505
-0.223613
-5.463133
-2.148740
-1.623909
-3.182797
-2.035205
-1.463592
-0.120404
-4.055898
-0.148487
-0.421539
-0.933605
-0.835345
-0.737055
-0.129706
-0.834580
-2.106300
-0.976025
-0.119830
-2.108300
-0.819849
-1.707444
-0.038284
-0.549695
-0.625981
-1.074062
-1.354593
-1.277872
-0.388600
-2.185917
-4.285994
-1.341534
-0.507263
-1.046887
-2.104716
-0.793514
-1.011494
-1.932988
-0.176912
-4.180924
-2.247801
-0.308882
-1.716690
-1.065056
-1.925327
-3.492551
-1.096738
-1.977319
-0.762309
-0.547942
-0.100234
-0.966501
-1.815941
-0.523251
-1.116566
-1.332388
-1.435132
-1.785850
-0.170144
-1.878147
-3.648886
-0.570347
-0.620455
-0.783012
-0.689712
-2.121651
-2.683961
-0.351783
-2.305253
-1.998654
-1.717799
-0.591823
-3.037446
-0.647189
-0.378212
-1.555106
-1.693026
-0.107776
-0.479470
-1.118771
-2.434934
-1.768895
-1.482664
-0.157760
-0.782522
-1.244205
-4.395880
-1.716244
-0.818753
-1.400746
-0.384731
-1.934474
-1.643380
-1.576376
-1.629509
-0.315213
-0.244507
-1.091326
-3.386764
-0.785094
-0.238258
-0.583182
-0.562331
-0.635025
-0.030179
-1.251714
-1.284992
-0.629278
-2.307806
-2.238495
-2.194456
-1.036839
-2.167439
-0.688790
-0.543138
-2.432509
-0.399308
-2.333433
-0.344115
-1.057338
-0.612420
-3.153218
-0.616747
-3.605907
-0.891240
-1.011957
-0.180261
-0.867562
-0.540948
-0.039752
-2.188154
-1.926658
-2.024276
-1.152807
-1.137908
-3.678905
-1.994796
-6.058850
-6.149801
-2.342127
-2.175151
-0.283961
-3.004826
-1.012664
-1.113236
-1.425981
-1.412617
-2.190935
-0.825495
-0.655123
-0.673387
-4.108924
-3.713871
-0.415011
-1.701244
-0.270649
-0.192221
-0.265759
-0.834750
-0.557468
-0.747584
-1.836063
-0.173410
-0.567044
-1.327990
-0.880594
-0.903950
-0.386617
-0.080415
-1.664728
-0.009640
-0.119442
-1.328397
-0.404304
-2.414607
-0.198492
-0.660933
-4.139153
-0.413542
-2.329579
-1.497400
-1.666276
-0.585747
-0.388764
-0.882227
-3.132473
-0.640871
-1.722914
-1.050844
-2.667958
-0.165573
-2.047700
-1.963639
-4.212127
-0.871767
-2.692133
-2.239897
-0.642160
-1.214833
-0.109337
-1.372338
-1.219351
-0.649311
-0.215087
-2.228980
-0.154017
-0.406348
-0.711835
-0.914948
-2.886190
-0.700682
-0.225206
-0.205588
-1.221109
-1.192290
-2.698632
-0.043664
-2.302209
-1.918643
-0.249155
-0.723924
-0.400617
-2.457267
-0.098136
-1.161666
-0.208864
-0.212115
-0.303856
-0.286981
-0.099044
-0.649593
-0.874129
-1.102627
-3.457204
-2.666727
-0.006390
-0.073554
-0.168264
-1.736761
-0.503822
-2.099465
-2.108876
-0.452590
-0.221995
-3.440617
-0.308573
-0.043244
-1.341775
-0.366525
-0.301832
-1.941462
-1.759333
-0.212272
-0.039398
-0.524329
-1.974479
-1.267387
-1.368154
-0.234065
-1.592021
-2.186488
-0.336425
-0.866748
-2.859681
-0.047463
-2.674436
-0.225419
-1.001070
-0.695965
-0.190655
-1.206751
-0.981434
-0.030717
-7.381780
-1.755783
-0.947464
-1.127742
-0.176097
-0.447681
-0.274373
-0.706840
-0.756285
-1.220221
-0.976644
-1.121220
-1.644944
-0.720187
-0.564998
-0.184260
-0.288073
-1.215560
-1.438264
-0.942714
-0.070357
-0.574390
-1.464389
-0.899863
-0.406641
-3.815301
-1.527286
-1.199921
-0.578016
-0.086600
-2.541103
-2.169239
-1.564513
-0.763878
-1.297613
-0.130915
-0.202414
-4.287143
-0.532905
-0.139277
-2.329402
-0.996796
-0.211004
-0.597493
-0.105470
-0.363217
-0.636592
-1.773370
-0.316085
-0.185120
-1.526775
-0.139921
-3.173957
-1.110129
-0.981170
-0.273969
-0.712334
-1.238726
-0.301906
-0.503769
-1.017472
-0.286257
-1.126602
-0.652972
-1.521118
-0.827809
-1.031061
-0.027704
-0.963926
-1.693885
-1.972224
-0.450644
-2.093902
-1.058603
-0.850125
-1.994837
-0.613279
-0.930310
-0.287879
-0.291523
-0.237869
-1.455417
-0.718886
-0.817467
-0.150496
-2.681435
-0.194381
-2.446884
-2.368311
-0.479695
-1.426121
-0.201097
-0.207511
-1.286016
-0.169638
-0.583301
-0.414204
-0.827881
-1.779314
-0.652163
-0.406226
-0.627732
-0.063833
-4.522054
-3.123541
-3.707594
-0.559012
-1.778675
-0.113881
-0.462387
-2.013056
-2.960796
-2.135298
-1.370130
-1.395786
-1.319405
-1.512231
-0.540437
-0.117861
-0.291413
-0.285187
-0.764733
-2.201801
-3.142311
-0.853137
-1.458276
-0.725710
-0.474834
-2.572536
-0.165879
-0.131903
-2.669072
-0.747824
-0.433091
-1.180078
-0.599150
-2.012064
-0.387867
-0.142656
-2.522663
-0.244202
-2.282977
-1.489658
-1.591028
-0.339061
-1.990435
-1.208919
-0.017310
-1.285134
-5.443108
-1.178108
-1.555601
-2.397432
-0.723261
-0.465467
-2.422566
-0.190841
-1.498589
-0.700846
-0.282118
-0.928687
-1.241844
-2.316215
-1.734724
-0.852908
-0.701726
-0.839355
-1.444020
-2.533895
-0.684809
-2.412895
-0.429040
-2.531333
-2.138586
-0.344496
-1.730859
-1.323176
-1.321266
-0.904248
-1.851078
-3.458079
-1.658582
-1.202508
-0.396875
-1.780862
-4.181031
-0.916935
-0.686320
-1.282654
-2.189420
-0.981973
-0.075071
-0.800385
-3.694075
-0.080857
-1.059544
-1.264370
-0.135325
-2.181504
-2.368145
-0.460722
-1.444659
-0.171643
-4.578658
-0.214478
-0.778798
-0.277265
-0.895075
-2.972610
-1.573723
-0.498780
-2.540443
-1.516822
-2.570097
-1.656852
-4.087072
-0.256424
-0.282647
-4.510329
-0.380231
-0.830866
-1.975079
-0.514595
-0.621135
-2.206329
-2.075336
-2.792875
-3.841510
-1.974300
-1.437112
-0.381631
-0.175183
-0.117111
-0.720566
-3.246197
-0.241687
-1.533681
-1.283971
-0.968342
-2.849511
-0.055912
-0.512953
-1.187931
-4.202483
-1.821519
-0.010943
-0.077882
-3.158394
-0.429109
-1.299351
-2.312671
-6.922253
-2.552231
-0.715887
-3.647076
-2.602063
-1.576739
-2.146181
-4.225628
-0.568397
-0.274198
-1.651563
-1.441177
-0.484737
-0.157128
-2.065400
-0.634581
-0.006960
-0.057750
-0.333867
-1.163407
-2.642919
-0.523238
-0.396209
-0.801420
-0.265352
-1.957540
-2.367076
-0.131328
-5.024224
-0.004986
-1.980006
-5.209584
-0.596460
-0.342578
-1.657643
-0.073327
-0.783590
-1.504463
-0.559714
-0.981779
-0.070855
-0.235830
-0.343124
-0.078914
-0.091892
-0.513133
-0.234610
-0.489472
-0.503260
-3.452162
-1.283635
-0.918726
-1.021288
-2.121145
-1.304253
-3.421174
-0.696472
-0.752682
-1.007882
-3.390492
-3.553074
-0.638700
-0.574050
-1.186244
-1.093707
-1.078789
-1.972138
-2.835891
-0.149079
-2.206977
-0.519707
-0.887661
-0.315672
-1.029445
-2.378594
-1.025561
-2.468941
-0.701770
-0.632859
-2.134655
-4.149107
-0.364358
-1.575136
-0.873786
-0.102501
-1.002848
-0.496035
-0.556405
-0.282734
-2.810998
-0.137317
-0.369218
-2.642944
-2.326335
-0.958637
-0.670046
-2.871379
-1.015198
-2.835527
-0.706395
-2.255264
-0.001023
-1.726748
-0.233294
-2.757817
-1.271602
-3.041905
-0.383719
-0.362849
-0.481959
-0.519334
-3.775754
-0.966859
-1.739314
-0.394125
-0.274287
-5.625641
-0.236923
-4.624471
-2.391876
-0.489799
-0.948573
-1.113954
-3.879193
-0.129612
-1.621479
-0.982474
-0.192943
-2.208814
-0.385119
-0.339190
-0.220841
-0.998491
-0.131366
-2.364751
-0.455633
-0.449895
-1.255244
-1.846671
-1.667686
-5.541132
-0.739517
-2.289677
-0.950463
-5.652711
-0.457912
-1.213245
-1.223507
-1.864241
-0.798963
-2.443766
-0.221052
-3.377784
-1.185065
-1.219862
-2.094557
-0.424415
-2.578355
-0.211410
-0.343087
-0.569173
-0.898084
-0.447851
-0.263141
-1.173136
-2.757805
-4.439879
-0.159741
-4.102670
-1.394693
-2.705563
-1.128578
-0.392239
-4.020074
-2.546739
-0.617864
-1.201605
-1.657029
-0.004914
-0.261365
-0.693021
-2.505911
-0.375574
-0.026176
-0.482523
-1.342221
-2.329266
-0.074619
-1.444334
-0.332088
-1.834392
-0.158098
-0.668958
-2.792505
-0.495536
-0.657644
-1.881691
-2.882860
-2.222322
-0.200122
-0.953171
-1.641425
-0.265797
-0.091139
-0.860134
-0.392616
-0.518722
-1.046271
-0.114655
-0.354309
-1.576335
-1.722783
-0.048567
-0.348912
-0.476533
-0.204665
-0.142320
-0.146148
-1.019212
-3.631430
-2.751513
-1.588904
-4.165802
-1.134980
-2.783484
-1.297100
-1.546594
-0.961658
-0.157963
-0.402556
-1.246858
-0.014135
-2.415114
-5.450499
-0.773424
-1.144143
-0.245928
-2.403128
-7.528201
-2.366811
-1.382561
-0.489169
-1.525283
-1.033902
-1.382639
-0.527375
-0.125094
-0.399983
-1.259860
-0.524614
-2.923540
-0.470913
-0.339352
-0.921189
-0.232555
-3.112478
-0.915192
-1.469627
-1.376723
-1.051935
-0.041071
-0.280723
-0.756747
-0.785511
-2.514313
-0.960464
-0.617509
-2.332428
-5.692695
-0.209877
-0.689773
-1.171515
-0.680423
-1.104701
-0.071042
-1.009179
-2.442054
-1.266599
-0.545545
-2.890527
-1.270780
-0.237870
-0.458136
-0.019114
-0.066484
-0.307212
-0.730611
-1.108077
-0.152543
-1.781277
-0.356412
-1.459842
-4.476415
-2.032532
-2.512598
-0.609781
-0.964873
-0.229968
-0.892825
-3.680330
-0.360810
-0.227531
-1.725330
-2.371616
-0.640004
-3.175003
-0.756551
-0.714347
-1.024152
-1.334485
-0.040168
-1.900652
-0.035679
-2.764118
-1.717792
-0.048335
-2.165113
-2.297667
-0.847620
-3.823076
-3.578098
-0.336674
-0.421276
-1.905673
-0.759111
-1.157944
-1.288414
-2.613863
-1.851351
-0.407731
-1.601419
-0.386888
-0.402995
-0.692775
-0.093310
-0.509463
-0.834049
-0.328501
-3.431181
-0.251023
-1.641163
-4.499989
-1.031875
-0.866322
-0.406491
-2.775547
-1.042538
-0.043340
-1.486398
-0.262931
-0.207666
-0.632899
-0.851639
-1.507412
-0.360681
-0.055870
-1.326874
-2.351921
-3.896385
-3.096393
-0.647833
-2.440758
-0.845826
-2.173904
-0.163913
-1.720254
-0.350024
-1.858030
-0.752365
-0.852488
-0.716707
-1.279824
-2.018701
-2.352873
-1.641101
-2.126162
-0.344499
-1.917896
-2.401270
-1.079807
-0.186186
-0.569839
-0.067882
-0.934234
-1.090524
-2.179236
-0.763331
-0.572007
-0.068112
-0.601788
-1.359461
-0.567921
-3.167894
-0.218213
-5.567337
-1.376941
-1.127722
-0.096633
-1.039293
-1.479634
-0.497730
-0.391600
-1.541087
-0.603332
-1.382796
-1.057364
-3.350427
-3.164485
-0.145330
-0.845205
-0.081572
-1.151772
-0.503376
-0.884978
-3.735995
-0.063018
-0.565145
-0.685833
-2.369520
-0.444681
-0.019238
-0.142532
-2.652852
-0.228673
-3.155424
-4.373082
-0.321485
-6.838402
-1.173968
-1.323986
-0.806093
-0.672233
-2.168464
-3.210339
-1.849911
-5.653168
-1.033305
-0.101510
-1.570589
-0.323704
-2.096285
-0.004836
-0.391023
-2.496317
-5.007177
-0.988868
-3.829773
-0.584971
-2.815923
-0.164911
-5.448876
-1.198718
-0.013558
-1.411155
-2.557157
-0.664546
-2.898717
-3.682722
-2.110999
-1.037813
-2.851083
-0.313068
-2.275940
-0.178025
-2.237838
-3.412985
-1.509741
-1.434537
-3.111095
-3.056699
-0.169658
-0.183280
-1.676410
-0.352515
-0.192965
-0.408524
-0.322570
-0.741234
-0.564522
-2.754360
-0.554868
-2.226757
-0.574275
-0.866449
-2.332793
-3.299273
-0.179888
-2.534773
-1.354977
-2.639466
-0.154868
-0.103967
-2.849015
-0.030534
-0.100360
-0.137111
-0.197349
-0.181189
-0.383447
-0.898303
-1.294979
-4.098851
-0.016203
-0.626805
-3.195584
-0.504177
-2.101573
-0.993418
-3.852605
-1.499178
-1.666636
-1.072454
-1.812731
-0.747219
-2.640397
-0.005749
-1.642293
-1.679735
-1.125340
-1.404016
-2.177661
-0.308311
-0.966703
-0.142176
-1.285158
-0.430734
-0.317896
-2.088014
-1.979819
-0.295201
-1.738670
-3.908617
-2.229236
-2.358850
-2.527710
-0.948167
-0.508506
-1.369055
-1.541404
-2.046547
-0.882102
-0.338587
-0.309266
-0.927953
-2.205728
-0.627257
-0.168839
-1.189863
-0.579926
-2.170753
-0.952784
-1.232392
-0.161613
-2.032083
-0.788959
-1.762102
-0.905378
-1.004551
-3.507132
-0.128273
-0.820819
-0.453900
-0.865819
-2.250917
-1.040034
-1.708879
-0.107760
-0.116980
-0.911257
-0.182961
-0.608281
-0.110395
-0.416439
-0.790234
-1.229487
-1.718460
-2.182279
-2.701563
-0.381839
-0.952711
-0.540144
-0.568686
-0.345058
-0.016302
-0.018696
-1.049372
-0.991809
-1.598576
-3.610627
-0.045691
-1.353070
-0.205505
-0.555997
-0.493096
-0.445397
-0.706406
-0.835847
-0.251329
-0.374030
-0.818424
-1.153786
-0.076654
-1.147278
-0.517883
-1.706805
-2.408810
-0.674461
-1.603567
-2.028940
-2.082588
-1.062571
-0.251074
-0.786166
-0.535308
-0.378799
-2.037511
-1.524384
-0.465589
-0.273599
-2.057621
-0.126306
-0.219832
-4.863370
-0.030532
-3.431633
-0.616098
-0.972496
-1.515719
-0.401978
-0.523138
-0.278985
-1.395291
-0.897483
-0.975254
-1.498446
-0.508671
-1.247489
-0.898801
-0.308114
-0.674987
-0.701772
-2.668173
-0.620521
-1.944713
-1.612285
-1.199105
-0.212190
-0.232007
-1.015299
-1.311076
-0.050425
-0.090267
-0.172110
-4.340470
-2.116743
-0.568512
-3.162108
-0.317723
-2.852295
-0.644186
-0.818684
-0.665078
-0.810507
-0.524407
-1.570413
-1.791228
-1.380809
-1.246316
-1.552831
-0.890508
-0.362707
-0.065214
-2.687516
-3.747702
-0.112940
-1.886900
-0.509788
-0.798490
-3.340779
-0.742214
-1.632753
-0.041345
-0.202022
-0.013027
-1.466422
-1.008552
-0.034086
-1.921037
-0.000555
-3.106767
-3.545015
-1.344924
-0.824420
-2.179557
-1.988671
-0.746189
-1.184820
-0.105564
-0.196125
-0.834821
-1.947820
-2.449195
-1.674600
-0.098478
-1.230304
-1.277901
-0.963333
-1.362328
-1.364528
-0.889296
-2.000036
-0.731092
-0.653871
-0.507802
-1.260709
-2.153246
-0.196540
-0.017620
-0.269042
-1.048342
-0.351709
-4.673329
-1.981188
-0.847822
-0.104034
-1.542878
-0.368740
-0.124272
-0.201814
-3.448894
-0.332190
-3.313957
-0.972875
-1.361279
-1.965783
-1.466656
-0.450050
-2.453160
-1.376116
-1.868093
-2.391326
-0.110629
-0.186978
-1.735718
-3.509618
-1.824955
-0.279641
-1.100583
-2.331946
-0.495333
-0.915313
-3.068452
-1.542951
-3.547896
-0.718382
-0.255771
-0.010572
-0.934212
-0.302810
-0.310674
-0.443261
-0.189803
-0.065141
-2.931402
-0.395688
-0.151407
-3.078309
-2.387983
-1.560801
-3.750897
-0.196425
-0.198117
-0.356926
-1.065577
-1.011397
-1.095214
-0.980582
-2.629341
-0.400635
-0.429192
-0.187367
-0.055796
-0.561415
-0.294366
-0.346436
-1.162643
-1.368456
-1.663774
-1.728903
-0.258048
-1.004499
-1.711114
-1.883649
-0.001552
-1.728093
-1.600017
-0.161315
-0.096680
-0.151407
-1.973100
-3.290131
-0.258274
-2.325020
-1.134258
-1.017085
-0.756377
-1.470270
-0.549390
-0.056547
-2.255682
-0.588189
-1.029593
-2.519824
-0.161153
-0.079013
-0.286899
-0.060955
-1.204172
-3.051916
-0.165128
-0.546003
-0.194203
-0.518575
-0.033192
-1.794511
-0.883491
-2.461905
-0.214131
-0.583240
-1.690001
-4.337215
-0.197112
-0.020322
-0.475474
-3.429407
-0.473709
-1.513096
-4.506713
-3.391693
-1.254454
-0.051491
-0.684230
-0.014281
-2.481779
-2.345947
-0.111590
-0.054385
-2.309346
-0.597478
-2.507007
-0.524389
-0.667296
-2.107461
-3.459064
-4.389742
-2.542318
-4.102108
-3.561268
-0.674294
-0.564249
-0.188483
-0.163861
-1.201612
-1.402069
-4.331963
-1.839609
-0.130359
-2.732011
-1.247845
-0.939972
-1.695276
-1.630317
-1.397998
-2.953898
-0.482931
-1.092510
-2.860739
-0.036438
-1.677441
-0.190337
-0.595434
-0.865143
-0.220494
-0.147290
-0.917245
-1.055724
-2.331157
-2.882721
-0.086084
-2.030712
-1.544587
-0.339928
-0.487464
-1.553730
-2.915529
-0.203345
-2.935936
-0.078884
-0.618004
-2.460978
-1.314151
-1.567645
-0.352547
-0.024486
-2.603726
-2.093515
-1.079914
-1.270274
-0.310895
-0.552837
-1.108390
-0.313767
-0.037304
-0.313342
-2.970266
-0.149088
-0.863678
-5.021548
-0.311633
-0.741765
-0.140236
-1.926868
-0.907389
-0.490859
-4.754200
-2.108841
-1.393208
-0.906592
-1.249973
