-3.015676
-1.656035
-0.038632
-0.207251
-0.488915
-5.070600
-0.891428
-0.036487
-2.084855
-1.617558
-1.574836
-2.151524
-0.460406
-2.671441
-0.766310
-0.147273
-0.486265
-2.793146
-0.700144
-1.247436
-0.182266
-0.644243
-0.239193
-1.261417
-0.717095
-0.445505
-0.043665
-0.351686
-2.928147
-0.435693
-0.203272
-0.161464
-0.795335
-0.146400
-1.177644
-0.700066
-0.095978
-0.773329
-1.530194
-0.762838
-1.545703
-0.310876
-0.367386
-0.161408
-0.498120
-0.426773
-0.276863
-0.240669
-1.735317
-0.542796
-2.837546
-1.055783
-0.671558
-0.231447
-1.433976
-1.197618
-0.132229
-1.870122
-0.423205
-1.581966
-0.436033
-0.793211
-1.519068
-0.330402
-1.531333
-0.518791
-0.415497
-0.622414
-2.098910
-2.571759
-1.006899
-0.093502
-1.359791
-1.726412
-1.265283
-0.043415
-0.119789
-1.845289
-0.058587
-1.403084
-0.337867
-0.171284
-2.677890
-1.780077
-0.672826
-0.580761
-0.288328
-0.617443
-0.914560
-1.429266
-1.183651
-1.934914
-0.144663
-3.784336
-2.416382
-0.975443
-0.558703
-0.802535
-0.891513
-2.552302
-0.786997
-0.528559
-0.004573
-0.282995
-1.577604
-1.553979
-0.408371
-2.313856
-0.028199
-0.263610
-1.491752
-1.657027
-1.878412
-2.775165
-0.379253
-2.073032
-0.225667
-2.270840
-0.460728
-0.391022
-4.718787
-1.842851
-2.318322
-1.532991
-0.646442
-2.504412
-0.232298
-3.557959
-0.445270
-2.857908
-0.836452
-0.398328
-5.089613
-1.105596
-1.710144
-1.509367
-1.509534
-0.049719
-0.806915
-1.413754
-0.977760
-1.467050
-0.039104
-1.339659
-2.146010
-0.013749
-0.639342
-0.031956
-2.380559
-0.551728
-0.808241
-0.084397
-1.165070
-0.510554
-1.218040
-0.774401
-3.187861
-3.361336
-0.155456
-1.099998
-0.129032
-3.698087
-0.414973
-2.981263
-5.270406
-0.502087
-0.871603
-0.234074
-2.132410
-0.339871
-1.338423
-1.875819
-2.507926
-0.641153
-1.101079
-0.548728
-1.894960
-2.783544
-0.761904
-0.822313
-2.216269
-1.186626
-1.043031
-0.673070
-0.371123
-0.412425
-0.624759
-2.496993
-0.184564
-2.665857
-0.673341
-0.889437
-0.994800
-0.721552
-2.136979
-0.036594
-1.353188
-0.000269
-1.962978
-1.608187
-0.636762
-0.383769
-2.759079
-1.075860
-0.389799
-0.511619
-1.026571
-0.331317
-0.241702
-0.502565
-0.998147
-0.012700
-1.338963
-0.113666
-1.316626
-2.735129
-1.186277
-1.383986
-0.205644
-3.333803
-0.450642
-5.054309
-4.227078
-0.714959
-0.776557
-1.475307
-1.376197
-0.473714
-0.301922
-0.060291
-2.488064
-3.392705
-0.586691
-1.431161
-0.103419
-2.629557
-1.081235
-0.413473
-0.908317
-0.814825
-2.903935
-0.177675
-1.219686
-2.065744
-1.107192
-0.111250
-1.132903
-0.065421
-3.069827
-0.162205
-3.432492
-1.778037
-0.941939
-0.635443
-1.218679
-2.007696
-3.165818
-0.005586
-2.657982
-0.593169
-1.213659
-0.015537
-3.761022
-1.044841
-1.429661
-1.327154
-2.679977
-0.619350
-1.042285
-0.166288
-1.146450
-0.805240
-0.389331
-0.028070
-5.908469
-0.188441
-0.980529
-2.863200
-0.259610
-1.006069
-2.465295
-1.122223
-0.319854
-4.310403
-2.127281
-0.620956
-2.704425
-0.596565
-5.673214
-1.172119
-5.427525
-0.790335
-0.199042
-1.208597
-0.323312
-0.043820
-4.621532
-2.237023
-2.706269
-0.130370
-2.272088
-4.705459
-1.059720
-0.572701
-0.485741
-0.474673
-2.376725
-2.468742
-1.059240
-0.135876
-1.732713
-1.580174
-1.101161
-0.230285
-1.185792
-0.939540
-0.067712
-3.943631
-2.750882
-1.335766
-1.358542
-2.235595
-0.154877
-0.947523
-0.564826
-0.788678
-0.890707
-2.483931
-0.011572
-0.556697
-0.554324
-2.097595
-1.422077
-0.105127
-0.098379
-2.951053
-1.610664
-0.039128
-1.857427
-1.924996
-0.425238
-0.702399
-1.725573
-0.292473
-0.855961
-0.193068
-3.027995
-1.503019
-1.787189
-0.564057
-0.267577
-0.060689
-0.065393
-0.694522
-0.655898
-0.403285
-0.651655
-2.308397
-0.016751
-0.585712
-0.609825
-2.449316
-0.480656
-0.889582
-0.371826
-0.427212
-1.508411
-0.626896
-1.130646
-2.394737
-0.479763
-1.500272
-0.002303
-3.299476
-0.136881
-0.897483
-2.108560
-1.496776
-0.691181
-0.463729
-1.789928
-0.754442
-2.318752
-0.792341
-0.678681
-3.459978
-2.565694
-0.136744
-0.389316
-0.178533
-2.963748
-0.495022
-0.083551
-0.807156
-0.081944
-0.731327
-1.424612
-0.315055
-1.283067
-0.325748
-0.990532
-0.074453
-0.261942
-1.393333
-2.110918
-0.638349
-0.750055
-1.202406
-0.542287
-0.334863
-2.863387
-0.806214
-0.141798
-2.660324
-0.754856
-1.446210
-4.824055
-0.512506
-0.056813
-0.116214
-0.103501
-0.293729
-2.558763
-0.692649
-0.629604
-0.338899
-0.109178
-3.116865
-1.559230
-1.210964
-1.350291
-2.140698
-1.530313
-3.040586
-1.375409
-0.290147
-4.423691
-0.238773
-1.409386
-0.111430
-1.700245
-0.864011
-2.939303
-0.189240
-0.264396
-2.982106
-0.439961
-1.004913
-1.566710
-0.900897
-0.478253
-0.529221
-1.661058
-3.886823
-0.546564
-1.119539
-0.992950
-0.106894
-0.031809
-1.173536
-0.246312
-1.029160
-0.665942
-0.162733
-0.487515
-0.996489
-0.598371
-1.730343
-1.841461
-2.469438
-1.440533
-1.126257
-1.423556
-1.633258
-1.247462
-0.129975
-2.211937
-0.238817
-1.200190
-4.692620
-2.232392
-2.734640
-4.850523
-1.032537
-0.636515
-0.301297
-0.031107
-2.579775
-0.078364
-0.157773
-0.646006
-1.014354
-0.629154
-0.415570
-0.762964
-1.919166
-1.723872
-0.023608
-1.298295
-0.227762
-0.011488
-1.776822
-0.552644
-0.197604
-0.435842
-1.727793
-0.204844
-0.319902
-3.282057
-0.003713
-0.557437
-0.007271
-1.452206
-0.327212
-1.280924
-1.157333
-1.036998
-0.039952
-2.101153
-0.571594
-0.995506
-0.359064
-0.853690
-0.646494
-2.545075
-2.773456
-0.356820
-3.408658
-2.341883
-0.893443
-0.374690
-3.809334
-1.449702
-0.242079
-1.866258
-3.096017
-0.568453
-0.022621
-0.020766
-1.329798
-1.186976
-0.693900
-0.065839
-0.390808
-3.389002
-6.220348
-3.597146
-0.113728
-4.095963
-0.343746
-1.966418
-5.010422
-0.031280
-3.313087
-1.018480
-0.341444
-0.008356
-0.141552
-0.019983
-0.351668
-0.300483
-1.039347
-0.788609
-1.126302
-0.597125
-2.191743
-1.222077
-3.424169
-0.190601
-0.106821
-0.531686
-0.350735
-3.938275
-2.326827
-4.263271
-1.411899
-1.408014
-0.048825
-0.179434
-0.006983
-2.973171
-1.350265
-0.380611
-0.936264
-0.072670
-1.893029
-0.166110
-0.466407
-1.377539
-3.691225
-2.017236
-0.951676
-1.982837
-2.350304
-1.133872
-1.057545
-2.969945
-1.240239
-3.714073
-0.937058
-1.147146
-3.456716
-1.875549
-0.489505
-0.838083
-0.149212
-1.931166
-0.741944
-0.483772
-2.250556
-0.131613
-2.833202
-0.478458
-3.059804
-0.363396
-3.419173
-0.872968
-1.864252
-0.429058
-0.161798
-0.696713
-0.089589
-0.346260
-0.632415
-1.677416
-1.772381
-0.106566
-1.018568
-0.586700
-0.526772
-2.972408
-1.561271
-1.693725
-0.093995
-1.937067
-1.330395
-1.679066
-1.419783
-3.281473
-2.140027
-1.203460
-3.338072
-0.219966
-0.574637
-3.013572
-2.954012
-1.044868
-0.188867
-0.259383
-3.865479
-0.704917
-4.116432
-2.486429
-0.183783
-2.783394
-0.586530
-0.050451
-1.037410
-2.094618
-2.844927
-1.481037
-0.825305
-3.178548
-4.652578
-1.451043
-2.108985
-1.960955
-2.373833
-0.094169
-0.891773
-0.651111
-0.002710
-0.910192
-0.612433
-1.054891
-0.731845
-0.741592
-0.923647
-0.225386
-0.605428
-2.517591
-0.246396
-0.284101
-0.613911
-0.959217
-1.000437
-2.455123
-4.150944
-1.073597
-0.107663
-1.779324
-1.026024
-1.145868
-0.268072
-0.085437
-2.173104
-0.042995
-0.711728
-0.953549
-1.976153
-0.710911
-1.833139
-0.917893
-1.375548
-0.234553
-1.055789
-2.613014
-0.672482
-2.742354
-2.005581
-0.146192
-0.652279
-0.732222
-1.484948
-0.084112
-1.662738
-2.643583
-0.965833
-0.894916
-0.640066
-0.526369
-2.003755
-0.529320
-3.133664
-3.001730
-0.934843
-1.511469
-2.213808
-1.441813
-0.950518
-2.628101
-0.525186
-1.727788
-0.293269
-0.723962
-1.318018
-0.585432
-0.846555
-1.828499
-0.485611
-0.034465
-0.632596
-0.198490
-0.957237
-1.473758
-0.019959
-0.881125
-2.010385
-3.141067
-1.573944
-1.682797
-2.480603
-0.546690
-1.600477
-0.080658
-5.173607
-0.154614
-0.677879
-0.481251
-0.610907
-0.535517
-0.373087
-0.784216
-1.480433
-0.327988
-2.351620
-0.438815
-1.597105
-1.246267
-1.928027
-2.225166
-2.202515
-0.153452
-0.133276
-0.276248
-0.249039
-0.116823
-4.539584
-0.437135
-0.005843
-3.311435
-2.361147
-3.829449
-0.822202
-2.806436
-0.705482
-1.404861
-1.891870
-1.341894
-0.523997
-1.888087
-2.277661
-0.502823
-0.890701
-0.696012
-3.390661
-0.000028
-0.013034
-2.649436
-0.125619
-0.515420
-2.099347
-0.149523
-0.033271
-0.363345
-1.655522
-0.053283
-0.396223
-1.773121
-0.257550
-0.093358
-2.580336
-0.147103
-1.066250
-1.514023
-1.718924
-2.564767
-0.061612
-0.718439
-1.611938
-1.824288
-2.818337
-1.199287
-0.349590
-1.892363
-1.226828
-0.666115
-0.044550
-2.278986
-0.811934
-0.846642
-0.545113
-0.993551
-0.222331
-0.398424
-0.045615
-0.127022
-1.792388
-0.988389
-0.944456
-0.130230
-0.057666
-0.454327
-0.001546
-0.802600
-0.013418
-0.948689
-3.874644
-1.530193
-0.080253
-2.205881
-2.177013
-2.896534
-2.509160
-0.362375
-0.207357
-0.247201
-0.606630
-5.836867
-0.437215
-2.615201
-0.725510
-1.099809
-0.099725
-0.087514
-0.528460
-0.608152
-2.171612
-0.591721
-1.783593
-0.299343
-0.430009
-0.711445
-0.511042
-0.488556
-0.017055
-0.845074
-4.112256
-0.284209
-3.100000
-2.598425
-0.356169
-3.101855
-0.381226
-0.770918
-0.278884
-1.139409
-2.234616
-0.999529
-0.121953
-0.416046
-0.145647
-1.490154
-2.875666
-1.115826
-2.933055
-0.248020
-0.194419
-0.038120
-0.968059
-2.653480
-2.874902
-0.035375
-2.612343
-4.156706
-1.131582
-0.103620
-0.217157
-2.301134
-0.159293
-0.163543
-0.418344
-0.227043
-0.540920
-0.522155
-0.152442
-3.241431
-0.333327
-0.639950
-0.176412
-0.157261
-0.568458
-3.853891
-2.532625
-0.822953
-1.224625
-2.806771
-2.683618
-1.435678
-1.082831
-1.571101
-0.190643
-1.092847
-0.570553
-0.219170
-1.210970
-1.605847
-1.287850
-0.321609
-2.341620
-0.977283
-0.354320
-0.917224
-1.400628
-0.299852
-0.912430
-1.324820
-0.603250
-2.028795
-0.411604
-0.960208
-0.350634
-0.294223
-0.055643
-1.297729
-0.141067
-0.265323
-0.441359
-0.135165
-1.172566
-0.231051
-4.440619
-0.220010
-0.828970
-0.037902
-1.222456
-2.442805
-0.185061
-2.241474
-3.999769
-1.685718
-0.268731
-2.593849
-0.188094
-1.446273
-0.793206
-1.054080
-0.007372
-1.147127
-0.007472
-0.308880
-0.964332
-0.061749
-5.662353
-0.046616
-0.515883
-0.827553
-0.449984
-1.348161
-1.259711
-1.685030
-1.013382
-1.372019
-0.568779
-1.114738
-0.959089
-0.081364
-0.221528
-3.705651
-0.978669
-2.447022
-1.266626
-1.923289
-2.546636
-0.211478
-1.020882
-2.053598
-1.767979
-0.517670
-1.482639
-0.282533
-0.800934
-0.242144
-1.014352
-1.380617
-1.138711
-0.489169
-0.308134
-1.574748
-0.269102
-2.388897
-1.229003
-2.368259
-1.382196
-2.151827
-0.743706
-0.052878
-0.074474
-0.044218
-0.529062
-1.866884
-2.008837
-2.349461
-1.453446
-2.199122
-0.039435
-0.130286
-0.274012
-2.678898
-0.484215
-3.645002
-0.642650
-0.259855
-1.745350
-0.720616
-1.058928
-0.089648
-0.224672
-2.320203
-0.502122
-1.617296
-0.008340
-0.290926
-2.401455
-1.141112
-0.385728
-1.484374
-0.298425
-0.007036
-2.484036
-1.262838
-1.682833
-1.088928
-0.140739
-0.263977
-0.449125
-1.744856
-0.247598
-0.611572
-2.633812
-1.363706
-1.985761
-0.213845
-0.320696
-1.956208
-0.552527
-0.494871
-2.002760
-0.227603
-1.871569
-1.991605
-0.878818
-0.532669
-0.513139
-0.786210
-1.039006
-1.125450
-0.469699
-0.012699
-1.241758
-1.187697
-1.612846
-0.184158
-1.960396
-0.643548
-0.302841
-2.734419
-3.466566
-2.257489
-0.200807
-1.929953
-1.655663
-0.095631
-2.008079
-1.035718
-0.149761
-2.902305
-0.206801
-1.637917
-2.008617
-0.719710
-1.268539
-0.083612
-0.500639
-1.457062
-0.106706
-0.996607
-3.081806
-2.006653
-1.963419
-0.179700
-0.031143
-0.039726
-0.406225
-0.367557
-2.824993
-1.641238
-0.333068
-0.173599
-1.254952
-0.139708
-0.532130
-0.414035
-0.136215
-1.230143
-0.123918
-0.072922
-1.354744
-2.781368
-0.297355
-0.201889
-3.105449
-0.472442
-1.295310
-0.335803
-1.140558
-2.207426
-1.191658
-0.813528
-0.874249
-1.105349
-1.869301
-0.015923
-3.308116
-3.437507
-0.199571
-0.554182
-0.207712
-3.696678
-1.347332
-5.466756
-0.536529
-1.689111
-0.905874
-1.504098
-0.162730
-1.418197
-3.235200
-0.670031
-2.137177
-0.694345
-0.541201
-1.671376
-0.127137
-0.399766
-0.078752
-1.910815
-1.823584
-1.495922
-0.238714
-4.092756
-0.911294
-0.645854
-1.973869
-0.134900
-1.736307
-2.302369
-0.423712
-0.079258
-0.272911
-1.512600
-1.102612
-0.289174
-0.947865
-0.426311
-0.514005
-1.719431
-2.902303
-1.254665
-4.001445
-1.894302
-1.921455
-1.029534
-1.397726
-0.986030
-2.964729
-1.111100
-3.544047
-3.229837
-0.244390
-1.012032
-3.675898
-0.036596
-1.670667
-1.053128
-0.223927
-0.694000
-0.549248
-1.997871
-0.686333
-0.127574
-0.645971
-0.307414
-0.039215
-8.187384
-2.652964
-2.482938
-2.195423
-0.226158
-1.667307
-1.022029
-2.081929
-0.977559
-0.969196
-2.569565
-0.863618
-2.820360
-1.490851
-2.456998
-0.825648
-0.736584
-1.506038
-1.290954
-1.747734
-1.723768
-3.148850
-2.334058
-1.596380
-1.344356
-0.200771
-0.174655
-0.201272
-0.367825
-0.849359
-0.467379
-0.677001
-0.484493
-2.031454
-0.818821
-0.493448
-0.016823
-0.232353
-0.516291
-4.789191
-2.069008
-2.635362
-0.117829
-0.493592
-0.004414
-0.666791
-0.268336
-0.624422
-0.338242
-0.808198
-1.508653
-3.673053
-1.378268
-1.148140
-1.354283
-0.969792
-0.297312
-0.697458
-1.181244
-0.435111
-0.217605
-0.228332
-0.479230
-3.033181
-0.331733
-1.373616
-0.033356
-2.172142
-4.032862
-2.481972
-0.090964
-0.339955
-0.905016
-0.205034
-1.381839
-2.732920
-0.301481
-0.171875
-1.850554
-0.684403
-3.161484
-1.257138
-0.799345
-0.098526
-1.170640
-3.857631
-1.946721
-0.642926
-2.255581
-3.476446
-5.028028
-0.163818
-1.042112
-0.457439
-1.254942
-1.973449
-2.032557
-0.644838
-0.736038
-6.416142
-1.024882
-0.663920
-0.483452
-2.375898
-0.117050
-0.755553
-2.259891
-0.067680
-4.199265
-1.539606
-0.106856
-1.214050
-0.611314
-0.542510
-3.090752
-0.770476
-1.270614
-0.142821
-1.201685
-2.719077
-0.997069
-0.968061
-2.290680
-0.489448
-0.255528
-1.545047
-5.019773
-0.360336
-3.139529
-0.048523
-1.172294
-0.750182
-0.261873
-1.549001
-1.187677
-0.630733
-1.142440
-2.228037
-0.255147
-0.221302
-0.945957
-0.626111
-0.341068
-0.105130
-1.038979
-0.269500
-1.757128
-0.100674
-0.009527
-1.112888
-0.696469
-1.303920
-1.205757
-2.603547
-1.707857
-0.295651
-1.185928
-0.199719
-1.490630
-1.609747
-1.763212
-0.351414
-2.240281
-0.391515
-0.216609
-0.552980
-1.812762
-0.826685
-3.064006
-0.436768
-1.864714
-4.183287
-1.863064
-2.368502
-0.537543
-4.071981
-2.777188
-3.390210
-2.210095
-1.539005
-0.951285
-0.138299
-1.549202
-0.409232
-0.763959
-2.181257
-2.021508
-0.408556
-1.087143
-2.566496
-2.654446
-0.893275
-0.426914
-0.280070
-0.984285
-4.111397
-1.044218
-0.777082
-0.025707
-2.245750
-2.501824
-5.280394
-0.072349
-2.252289
-0.661603
-2.369294
-0.153759
-0.943381
-0.625388
-0.295962
-0.183428
-0.520892
-4.687785
-1.072152
-1.367123
-0.628166
-0.643899
-2.110256
-1.269279
-0.344111
-0.346155
-0.665205
-1.116419
-0.133776
-0.659741
-3.383794
-2.537013
-0.331743
-0.144323
-3.201076
-1.473090
-0.654741
-1.443489
-3.746425
-0.833467
-0.080912
-2.816164
-2.580083
-2.798682
-0.773535
-1.345696
-2.008196
-0.160475
-1.855156
-1.651935
-0.010161
-1.517596
-2.083077
-3.840116
-0.442402
-0.361095
-0.484862
-0.380217
-2.227757
-2.390772
-0.189339
-1.286463
-0.655007
-0.012054
-2.924604
-3.186070
-1.092416
-0.356715
-1.121869
-0.046331
-2.357823
-1.377647
-0.865100
-1.146142
-0.004052
-0.887468
-1.582077
-0.654234
-2.907257
-0.369743
-0.757506
-3.183339
-0.142279
-1.293970
-0.072776
-0.813028
-0.256241
-0.236344
-0.879731
-0.078234
-0.141482
-0.019781
-1.238942
-2.674806
-1.132693
-0.069578
-2.352630
-0.375500
-2.033048
-3.766677
-0.772872
-2.663436
-0.043066
-0.381539
-0.215088
-0.145090
-2.449422
-0.018896
-0.222438
-0.076838
-1.003030
-0.120810
-0.228827
-0.000361
-2.962975
-0.359734
-0.829613
-1.400150
-3.597477
-1.630477
-1.845780
-0.584543
-0.064298
-1.253280
-2.663841
-1.274017
-0.158434
-0.635371
-2.088112
-0.782777
-0.193901
-0.622234
-0.104285
-0.135919
-1.610890
-1.399475
-3.610978
-0.131626
-0.766563
-2.347221
-3.053641
-1.934060
-1.599721
-0.202404
-1.392983
-0.605231
-0.271779
-0.887482
-0.630152
-1.555937
-0.434290
-5.184097
-0.560439
-0.900244
-0.428955
-1.263592
-0.781724
-1.367091
-0.183488
-0.002382
-0.040416
-2.451069
-1.550047
-0.975251
-0.177153
-1.026887
-0.034137
-1.777220
-1.114931
-0.221347
-0.815954
-5.905231
-0.577496
-0.240328
-2.964452
-0.894569
-0.096906
-2.115469
-1.303446
-1.675782
-2.078764
-0.057537
-0.943182
-1.382290
-0.675515
-0.104440
-0.273618
-0.000075
-0.932155
-0.123088
-0.438772
-0.263627
-3.447040
-2.026165
-1.630085
-1.233771
-1.537182
-0.056917
-0.360909
-1.499203
-0.695769
-0.261792
-1.089547
-0.041122
-0.607551
-1.222679
-1.167767
-1.827645
-1.589713
-1.709889
-0.411500
-0.909216
-1.128067
-1.777524
-0.920330
-0.377399
-1.724476
-0.807502
-1.009396
-1.610453
-0.230252
-0.795632
-2.088302
-1.011873
-0.815967
-1.485448
-0.481824
-1.620178
-1.285606
-1.093313
-0.095025
-0.994880
-0.427424
-1.883194
-0.343502
-1.610928
-1.761384
-2.917303
-0.449467
-1.167863
-0.601539
-0.664335
-1.835365
-0.189652
-0.609668
-0.070270
-1.721533
-0.122643
-1.866176
-1.278444
-0.275211
-1.148183
-1.469979
-3.073385
-0.320793
-0.152776
-1.821768
-0.665807
-0.143542
-2.709609
-0.392875
-0.141252
-1.131845
-2.208383
-0.689411
-0.708676
-0.629223
-2.567117
-0.351438
-2.490703
-0.849525
-0.360319
-2.018803
-1.291127
-1.900612
-2.277954
-0.090113
-0.528476
-0.560731
-1.837298
-0.569973
-0.230591
-4.853281
-0.270103
-3.203234
-1.789955
-0.303573
-0.023832
-0.203529
-1.347047
-0.231041
-0.232360
-1.858855
-4.523381
-2.392299
-4.333928
-2.663975
-0.350423
-2.445805
-1.783395
-0.010707
-2.248625
-0.643254
-0.004089
-1.076538
-0.119150
-1.286830
-1.176984
-1.272192
-0.038974
-0.836341
-1.449817
-3.814677
-1.638167
-0.775466
-0.997603
-0.699807
-0.475558
-0.252326
-0.846888
-3.682855
-0.890601
-0.779626
-0.569146
-0.850304
-1.043434
-0.041782
-0.023909
-0.938344
-2.007595
-4.724701
-1.561108
-3.807218
-3.241621
-1.291063
-1.676447
-0.435091
-2.400897
-1.755090
-0.065255
-1.439274
-1.549709
-0.750987
-2.514802
-0.367428
-0.513218
-2.536415
-0.613554
-2.122607
-1.419742
-0.506282
-0.256139
-0.458250
-0.110742
-0.204152
-0.628369
-1.354547
-2.156077
-1.167868
-1.672050
-4.120119
-3.148712
-1.546104
-0.920681
-2.760155
-2.194718
-0.007566
-0.491045
-3.501466
-0.001112
-0.223727
-0.593010
-0.845476
-0.470066
-0.196189
-2.247078
-0.227410
-0.961119
-0.209067
-0.753271
-1.469129
-0.120409
-1.446681
-0.502575
-0.584822
-1.809733
-0.480238
-1.982058
-0.522667
-0.158696
-1.697224
-0.014651
-1.506131
-0.876286
-0.239710
-1.101493
-0.812143
-0.897277
-1.456777
-0.351970
-0.351661
-0.213956
-0.908626
-0.359002
-0.838240
-0.020782
-0.943422
-0.345613
-1.356798
-3.571735
-0.437424
-2.171381
-1.539486
-0.094221
-0.110250
-1.122630
-1.783056
-1.064446
-5.893814
-0.708130
-1.498057
-1.209887
-0.129455
-2.117112
-2.477858
-1.077623
-0.818751
-0.000895
-0.557459
-0.086825
-0.644827
-0.105197
-1.344712
-1.680847
-1.076494
-0.373423
-0.765832
-3.083046
-0.565124
-2.219745
-0.175285
-0.333866
-0.203874
-1.522386
-0.894389
-2.168056
-0.231357
-0.732244
-2.749900
-3.153716
-1.654057
-1.596288
-2.734817
-2.132197
-0.891380
-0.414928
-1.283321
-0.230522
-0.865223
-0.221167
-2.023765
-0.272975
-1.354204
-2.664163
-3.029869
-0.014988
-0.403978
-1.670538
-0.192979
-1.433630
-3.017441
-0.346878
-1.497624
-1.027679
-0.804535
-1.626631
-0.220942
-0.166607
-1.721018
-0.035845
-0.366817
-1.808184
-0.081563
-1.399315
-1.943495
-0.345410
-0.079316
-2.197545
-0.355696
-1.319978
-0.739273
-0.697434
-0.295142
-0.310376
-0.767279
-1.218092
-1.177095
-2.820761
-1.342934
-1.051026
-0.024963
-0.726202
-1.243638
-0.752500
-0.140724
-0.315299
-2.093531
-1.910504
-0.874099
-1.265325
-0.812695
-3.007458
-2.044780
-0.620426
-1.440962
-1.992072
-0.009493
-1.524575
-0.651530
-0.546453
-1.100325
-0.168149
-1.523364
-0.908032
-0.417797
-2.269725
-0.116364
-1.404395
-1.474947
-0.232314
-0.145276
-2.733856
-2.848861
-0.087849
-1.419298
-1.365563
-1.893821
-0.501476
-1.432064
-0.284491
-1.340525
-0.004008
-0.039703
-0.863658
-2.031788
-1.195359
-1.590003
-0.594667
-2.454324
-5.675417
-0.518476
-0.313140
-0.027384
-1.136200
-1.758934
-0.315539
-1.078078
-1.138047
-0.594406
-1.342693
-2.125408
-0.332399
-2.227221
-1.174173
-0.179574
-0.238293
-0.503841
-1.697513
-4.050356
-1.275474
-1.825483
-0.435416
-0.077747
-0.069217
-4.749574
-1.237092
-0.314881
-0.201366
-0.263679
-2.358499
-0.441423
-4.023356
-0.017759
-0.404440
-0.193571
-1.470565
-0.659240
-0.208637
-0.512871
-0.131637
-0.061839
-0.381280
-0.195181
-1.045499
-0.053354
-1.091347
-0.638817
-0.733367
-2.121406
-1.681744
-0.974750
-1.111950
-2.185990
-0.455091
-2.802957
-0.796749
-4.062395
-1.358447
-0.610323
-0.539929
-0.271542
-1.398209
-1.746352
-0.503655
-4.912543
-6.363034
-1.260001
-0.813592
-0.146741
-1.947577
-2.692606
-0.811417
-1.832273
-1.204756
-1.772833
-0.559076
-2.447240
-0.650625
-1.249308
-0.595085
-1.159427
-1.388242
-0.918616
-1.135197
-0.237504
-1.107870
-3.704136
-0.572449
-1.095760
-0.840871
-0.290821
-0.257807
-1.243432
-3.949462
-0.011731
-0.375940
-0.016048
-0.992678
-0.465961
-0.229308
-2.131136
-1.545022
-1.271921
-0.391118
-3.882983
-0.094411
-0.036318
-1.815901
-0.177483
-2.588698
-0.345800
-0.261390
-2.388908
-0.723833
-0.221368
-1.146900
-0.619767
-0.031429
-0.834410
-1.340359
-1.573164
-1.271873
-1.549253
-0.929920
-0.270313
-0.305740
-1.064565
-2.373959
-1.753863
-1.479552
-0.566725
-1.144282
-0.055954
-0.106106
-1.908797
-1.464212
-0.502802
-0.979451
-0.975211
-0.075233
-2.398064
-1.232342
-1.339489
-0.702067
-1.709314
-0.870527
-0.759270
-0.435214
-0.750595
-1.066063
-1.432824
-0.424938
-0.459460
-0.470090
-1.576751
-1.897956
-0.263899
-1.475194
-0.188174
-0.509209
-0.521897
-4.080437
-0.009886
-2.584438
-0.602130
-0.083395
-0.551314
-1.395659
-4.023463
-0.019741
-1.761049
-2.371720
-2.475540
-2.768808
-1.162569
-0.198046
-0.833333
-0.003423
-0.172696
-0.650718
-1.564707
-3.019371
-1.229823
-3.090733
-1.645092
-0.157989
-0.804515
-1.841311
-1.343098
-2.196631
-1.966109
-0.225782
-1.841517
-0.344158
-1.285960
-0.148215
-1.710512
-0.842899
-3.710840
-0.178591
-2.015849
-2.363396
-0.087714
-1.108915
-0.590149
-0.015717
-0.600500
-0.851352
-0.093961
-0.481434
-0.466084
-2.708264
-2.118900
-0.773001
-0.797011
-0.562716
-0.561404
-1.699735
-0.536536
-0.548686
-0.281326
-0.236699
-1.124716
-1.547059
-0.041796
-0.100637
-1.013470
-0.288998
-0.218938
-0.049143
-1.877657
-0.450794
-6.898947
-1.877968
-4.683572
-1.247566
-0.672408
-0.061683
-0.985469
-2.026810
-2.325968
-0.575261
-1.611847
-1.472967
-3.798293
-1.769893
-1.055103
-0.388797
-1.512996
-1.451226
-1.629894
-0.872134
-0.622178
-1.682225
-0.095384
-1.706717
-1.155848
-1.157260
-0.822466
-1.199141
-0.633689
-0.438922
-0.249890
-0.118023
-0.608196
-0.025024
-5.563805
-2.610847
-5.898719
-0.239560
-0.280358
-0.649473
-0.637445
-0.657685
-0.016573
-2.331189
-0.271553
-0.526277
-2.272359
-2.561018
-1.749578
-1.305494
-4.270305
-2.024672
-1.119294
-0.219647
-2.563238
-0.445579
-0.676818
-1.686966
-0.809372
-0.997430
-1.094078
-0.061268
-0.064307
-0.781015
-2.326527
-2.502369
-0.467784
-0.037919
-0.024699
-1.393032
-1.630867
-0.443426
-0.793140
-1.026035
-1.232952
-0.388173
-1.491221
-0.727904
-0.171752
-2.247765
-0.363194
-0.315049
-3.138987
-0.449278
-0.144644
-0.273795
-1.284225
-1.230440
-0.697745
-0.707946
-0.472137
-0.532758
-0.982207
-0.565224
-0.042098
-2.022431
-1.646003
-0.805395
-0.132481
-2.383349
-0.689273
-0.095668
-2.126010
-3.425250
-0.091779
-0.801125
-1.573695
-1.210042
-1.196941
-0.124207
-0.117255
-1.997269
-0.655900
-3.053930
-0.516727
-2.983564
-1.744536
-2.203614
-0.193399
-0.239174
-0.966141
-2.938576
-0.570231
-1.935585
-4.370903
-1.440928
-0.965898
-3.919463
-2.069402
-1.873677
-1.109905
-0.163728
-4.653819
-2.152382
-2.690705
-0.055138
-0.455706
-4.583288
-2.245539
-0.678081
-5.135247
-0.455585
-0.966011
-1.822721
-3.387224
-1.142835
-1.012642
-0.083950
-0.912424
-3.997546
-2.803812
-1.924580
-1.215435
-0.087439
-1.422528
-0.978389
-1.477964
-2.081668
-2.329148
-1.700771
-0.267965
-1.790898
-0.575308
-0.858353
-1.747382
-0.358603
-0.999311
-0.124746
-1.100047
-0.073671
-4.168022
-0.761410
-0.092112
-0.720773
-1.226709
-1.728425
-0.414481
-0.551551
-0.528896
-0.336231
-1.654646
-3.379282
-0.116304
-1.334958
-0.344901
-1.185081
-0.202705
-0.124464
-2.114856
-1.471774
-1.823355
-1.380283
-0.015500
-1.347141
-0.352919
-3.445193
-0.617136
-0.253596
-2.828768
-0.618408
-0.501575
-1.577985
-0.645922
-1.765247
-1.187438
-1.022474
-0.172261
-2.329505
-3.795805
-2.167779
-0.707706
-3.958035
-1.952367
-1.881779
-0.121359
-0.731452
-1.879898
-0.852528
-0.342253
-1.136878
-1.470592
-0.515090
-2.390821
-0.501907
-2.139371
-3.288553
-5.150224
-1.134369
-2.915581
-2.031353
-1.898792
-2.221443
-0.242889
-0.827521
-0.080876
-1.075732
-1.286742
-2.568129
-2.313540
-0.994972
-1.224044
-0.447841
-0.228924
-0.810321
-0.111347
-1.537748
-0.947238
-0.242645
-2.368140
-1.636572
-0.764760
-0.537409
-4.087823
-3.184144
-0.292827
-0.006446
-1.665372
-0.027622
-1.727871
-2.196912
-1.360375
-0.192163
-1.290491
-0.669524
-0.317783
-2.338817
-0.858645
-1.042841
-1.668395
-0.193251
-0.723083
-0.986164
-1.989990
-0.012503
-0.167577
-0.317724
-0.031607
-0.308304
-1.077816
-0.951138
-2.350265
-1.505162
-1.291283
-1.029594
-1.757731
-4.321593
-1.767381
-0.852108
-0.686255
-1.183443
-1.985897
-0.594519
-0.343260
-0.299476
-2.178847
-0.172653
-3.083747
-0.667735
-3.166835
-0.729089
-2.290380
-0.015433
-3.391805
-0.101414
-0.787614
-1.383491
-0.023083
-2.898168
-0.142502
-0.413918
-0.853384
-0.406591
-0.991098
-0.580794
-1.146401
-3.625803
-0.942315
-3.073553
-0.305387
-1.152206
-0.208443
-0.119980
-1.550378
-0.857005
-1.495477
-0.377008
-1.225274
-2.998924
-1.466694
-0.100490
-2.326194
-1.620650
-0.286152
-0.125428
-0.525952
-2.309111
-0.512148
-1.082461
-0.153784
-0.257315
-2.610907
-0.085873
-0.236540
-0.366316
-0.106236
-1.466023
-0.349067
-0.504608
-0.286914
-2.626007
-1.006341
-0.519264
-3.219793
-0.737029
-2.469701
-0.401885
-1.670406
-1.142963
-0.542425
-3.727738
-2.978969
-0.391513
-0.401845
-1.275191
-1.664437
-2.023246
-0.508302
-2.041753
-0.823859
-0.187529
-1.104985
-0.222168
-1.359427
-0.268783
-1.031065
-0.354332
-1.167691
-1.935096
-0.628925
-0.036349
-0.666169
-0.972578
-1.501216
-2.918145
-0.613197
-0.199368
-0.251145
-0.613245
-1.189670
-0.778175
-0.052140
-1.816347
-0.066572
-0.823973
-2.077186
-0.922492
-2.288600
-5.313982
-1.400513
-0.041008
-1.869483
-1.406708
-1.508271
-1.420395
-0.081991
-2.519627
-1.956724
-1.312719
-2.014696
-1.516003
-1.318870
-1.046233
-0.736404
-0.085295
-0.148507
-3.382173
-4.486964
-4.094470
-0.611950
-0.620488
-1.681458
-2.325689
-4.657866
-0.979084
-0.688268
-1.154250
-0.456293
-2.472343
-1.475538
-0.731418
-0.380522
-0.137985
-0.178965
-1.879707
-1.274921
-1.471950
-0.154103
-0.547296
-1.112338
-0.997348
-0.263447
-0.690283
-1.325961
-1.962004
-4.379417
-0.148874
-1.448922
-0.436828
-0.485485
-0.382198
-2.369537
-0.237492
-1.368005
-0.124047
-0.783751
-1.029588
-0.470176
-3.724245
-1.235017
-0.275529
-1.853115
-1.669146
-1.985022
-0.122979
-1.856572
-1.023990
-0.471273
-0.270545
-1.773850
-0.780132
-0.813067
-3.172579
-0.136105
-0.031208
-2.275324
-1.543757
-3.363075
-0.131332
-1.325228
-0.819877
-0.805643
-0.853222
-1.176732
-2.390938
-0.945206
-0.142132
-0.240833
-0.789799
-3.026258
-0.808672
-2.836530
-2.760057
-0.671746
-4.144031
-1.642734
-0.577988
-0.243849
-1.428736
-0.074535
-0.564212
-1.083538
-1.426568
-0.342129
-1.099318
-0.191996
-0.110289
-0.177351
-2.024193
-1.265600
-0.140480
-1.453059
-0.841243
-0.455469
-1.718627
-0.646604
-2.816401
-0.754777
-0.129988
-0.318704
-0.861644
-0.060418
-2.000651
-0.844949
-0.491537
-1.512878
-2.367704
-0.371773
-0.773388
-0.044133
-0.842960
-0.849409
-0.752013
-0.361641
-2.996588
-3.176946
-3.915518
-0.461815
-1.250148
-0.579704
-0.183674
-0.102497
-0.350942
-0.377700
-0.331666
-0.216740
-1.824258
-1.278548
-1.188880
-1.657000
-0.519259
-0.098635
-1.105040
-3.031109
-0.891864
-2.051372
-1.232610
-0.231187
-2.982032
-0.145715
-5.376396
-0.580851
-0.021560
-1.433851
-0.872589
-1.549295
-0.195923
-0.342853
-0.133128
-2.623928
-1.576891
-0.651766
-0.848325
-0.423060
-1.231287
-0.132001
-1.695288
-0.698730
-1.407395
-0.005475
-0.513285
-2.106598
-0.227459
-3.396501
-0.376539
-0.848098
-1.042798
-0.710967
-0.024900
-2.319469
-0.280837
-1.091281
-1.057619
-0.378525
-0.432472
-0.406384
-0.758124
-2.149230
-1.472622
-0.360635
-0.912115
-1.202669
-0.090905
-1.739347
-1.376092
-1.643445
-1.725584
-1.122351
-0.033420
-2.306726
-0.109351
-0.426787
-2.520643
-0.534142
-0.360037
-2.060203
-0.148961
-0.389438
-0.567745
-0.319170
-1.878319
-0.212133
-0.270336
-1.212247
-0.043574
-1.726712
-0.757908
-2.096927
-1.170894
-1.105815
-0.439999
-5.814530
-1.304393
-1.903888
-0.220756
-0.350126
-2.130109
-0.820527
-0.025233
-0.395025
-0.387717
-4.424923
-0.234200
-0.051862
-1.443937
-0.044945
-0.718941
-1.495804
-1.261749
-1.044440
-0.403747
-0.048237
-0.564838
-0.000731
-3.162658
-0.160203
-0.018687
-3.707063
-0.541785
-0.287944
-0.427979
-0.442550
-0.609588
-1.233416
-1.745148
-0.866419
-0.817947
-0.343549
-2.725666
-1.260138
-0.202414
-1.463454
-1.100410
-1.220694
-0.258294
