-1.055194
-3.095746
-0.723300
-0.463392
-1.331368
-2.463422
-0.343048
-0.306215
-1.539826
-0.964255
-2.083602
-2.000407
-0.206978
-3.769766
-0.356356
-2.627963
-0.180863
-0.787498
-0.283285
-0.053292
-1.014162
-0.680605
-4.072841
-0.966526
-0.385746
-1.873857
-4.452517
-1.635333
-0.591352
-0.412483
-1.090709
-1.717871
-0.992428
-0.715677
-3.050156
-2.018143
-0.217083
-0.414399
-0.577657
-1.413434
-0.029694
-0.381565
-0.545231
-1.637791
-1.764758
-1.845226
-1.647201
-2.528292
-2.602762
-4.495857
-3.252427
-2.568187
-1.125000
-2.863210
-1.999606
-2.524588
-0.930937
-0.994548
-0.711952
-0.962939
-1.007535
-1.170164
-1.312955
-0.211285
-0.399199
-1.390567
-1.341400
-1.528228
-1.901689
-0.217529
-6.896048
-2.571139
-0.620577
-0.837700
-0.506955
-1.446103
-2.083039
-1.875631
-0.700243
-7.236881
-0.525484
-2.816327
-1.162553
-0.979360
-0.055153
-1.750639
-1.192358
-1.143877
-1.170235
-0.101744
-0.236326
-0.398276
-0.267555
-1.584967
-0.309387
-0.828551
-2.014041
-0.236091
-9.048150
-3.010628
-1.078511
-1.637330
-0.707317
-0.940329
-0.171865
-3.349675
-3.495762
-2.081247
-3.404847
-2.604494
-0.972242
-0.713836
-0.778457
-0.764579
-1.279089
-0.744817
