-1.322682
-0.835660
-1.722319
-1.196203
-1.034630
-1.910643
-0.817445
-3.058663
-1.515445
-1.024248
-0.977113
-1.535549
-1.469404
-4.996410
-3.048205
-3.311110
-2.086382
-3.455190
-0.726573
-0.187203
-1.534634
-0.013991
-1.134572
-1.219548
-1.047082
-1.205757
-0.254864
-1.688218
-2.089827
-2.454788
-0.804165
-1.632045
-1.551563
-2.261029
-2.068430
-0.037038
-1.661100
-2.246440
-1.331778
-1.246943
-2.138197
-1.243522
-0.862949
-5.190997
-0.140141
-0.636722
-4.029195
-3.575027
-3.502339
-0.788510
-3.403990
-1.578416
-1.147108
-1.016081
-4.593526
-0.199755
-0.417397
-1.928217
-0.086224
-0.228166
-0.134249
-0.043143
-0.153261
-0.558734
-1.302531
-0.143214
-4.690176
-0.424316
-0.711430
-4.051982
-2.066415
-0.220613
-1.663386
-0.023352
-0.821581
-0.400322
-1.152138
-0.813360
-1.179069
-1.318239
-0.067955
-3.281939
-1.620369
-1.687779
-0.030678
-0.647702
-1.429120
-2.346498
-2.978030
-1.393972
-3.306683
-3.891358
-0.991703
-2.441516
-1.168746
-2.034446
-1.710417
-0.816045
-4.239198
-3.250070
-0.685787
-0.715766
-0.281226
-0.050162
-1.075072
-0.038078
-0.811004
-0.001156
-1.929669
-0.969434
-3.602941
-1.284620
-0.499148
-1.593877
-1.140448
-0.719273
-1.039069
-1.585636
-1.762062
-3.597127
-0.257354
-0.516987
-0.781397
-1.884102
-2.712707
-3.170107
-0.789445
-0.705320
-3.271696
-3.442771
-1.664992
-0.275268
-0.150057
-0.519788
-1.263743
-0.722839
-4.426101
-0.263984
-0.900485
-1.135244
-2.401090
-1.691541
-0.190379
-1.155566
-0.349084
-0.777339
-2.937020
-0.626552
-0.894406
-0.209593
-0.870995
-1.073081
-1.884896
-0.966676
-0.464880
-3.985260
-0.788407
-1.852955
-0.596158
-0.913548
-1.592038
-1.598652
-0.177032
-0.266710
-2.082657
-0.015740
-2.250524
-0.209048
-0.760616
-1.032930
-0.183810
-0.812461
-0.305409
-2.684789
-1.980852
-0.097572
-1.460928
-0.216226
-0.304500
-5.141311
-0.669307
-1.157703
-0.808340
-0.233800
-0.063922
-3.512538
-0.781184
-2.756100
-3.366700
-2.992476
-0.296407
-1.843941
-0.271032
-1.324647
-0.598993
-2.470535
-0.339392
-0.451185
-0.050374
-0.103750
-1.778753
-0.146710
-0.383632
-3.033501
-0.156504
-0.457990
-2.000960
-0.829418
-1.283538
-1.804842
-0.275553
-0.109094
-0.137447
-1.985981
-0.229640
-2.066969
-0.344057
-0.034209
-0.587839
-3.240757
-2.313852
-2.300089
-1.220645
-3.114348
-1.419251
-1.126297
-0.665297
-3.002419
-0.227127
-0.139450
-0.714794
-0.030282
-3.381594
-3.981416
-0.747792
-1.667343
-3.118936
-0.071553
-0.532993
-3.620470
-1.268523
-8.774866
-0.129313
-1.252638
-1.103025
-0.086970
-0.405814
-0.865590
-1.950212
-2.376297
-1.114905
-4.856924
-2.784753
-1.846478
-0.595681
-4.223403
-0.028657
-1.096929
-0.277114
-1.307646
-0.824160
-2.008041
-0.026085
-0.374686
-0.209489
-0.879800
-0.004863
-1.443111
-0.984572
-0.791445
-0.275112
-1.076108
-0.678467
-0.011580
-0.574367
-2.140778
-0.045522
-1.217635
-2.054852
-1.554570
-0.202007
-2.799373
-3.408080
-1.899100
-1.371550
-1.517391
-0.841944
-0.006947
-0.027426
-0.276314
-0.072864
-2.066967
-0.546726
-2.636663
-3.006807
-0.954509
-0.322862
-0.978168
-1.178310
-0.197112
-1.474160
-2.610899
-0.055828
-1.076033
-1.368382
-1.765050
-1.350001
-0.408691
-1.001305
-2.047417
-1.393227
-0.389151
-0.018579
-1.073937
-2.804395
-0.952281
-2.417066
-2.031628
-0.346420
-0.184244
-0.393625
-1.905120
-1.283025
-4.686198
-1.406086
-1.041024
-2.671368
-0.769845
-2.593281
-0.349530
-0.657649
-0.181401
-1.022275
-0.664187
-2.008969
-0.843722
-1.677368
-1.908042
-2.405048
-4.108977
-1.557921
-0.583757
-1.232728
-0.169358
-0.828048
-1.250904
-1.224046
-0.080084
-0.421146
-0.060542
-0.547979
-2.696614
-1.032506
-0.773991
-3.432402
-0.236047
-0.269553
-2.202198
-1.873789
-1.137122
-0.409681
-1.263719
-0.958705
-0.454701
-0.306212
-0.045350
-2.204907
-3.532490
-1.271337
-0.905895
-1.982240
-0.683652
-2.499715
-0.514979
-2.618231
-2.209977
-4.866324
-1.919804
-1.695270
-0.488858
-4.787753
-0.145714
-0.525173
-2.506974
-0.090900
-0.615025
-5.103302
-4.020261
-0.820094
-3.621055
-0.484648
-0.117687
-2.322873
-0.158297
-1.634412
-1.463775
-1.409726
-0.930532
-1.740913
-0.202645
-4.822116
-0.313491
-0.008736
-3.433448
-1.501454
-1.719614
-0.941303
-0.600611
-0.420720
-0.167289
-1.292851
-2.177433
-1.799247
-0.238017
-5.704574
-1.962278
-0.598458
-1.461619
-0.888615
-2.775471
-0.775732
-1.198794
-3.735790
-0.836037
-0.691682
-1.637835
-0.264671
-3.777571
-2.161802
-0.663166
-2.021743
-0.003959
-1.751966
-0.121319
-1.749318
-1.202933
-0.234025
-1.296730
-0.395865
-0.801803
-1.229364
-2.859167
-2.144750
-0.124907
-3.425460
-2.806218
-1.220753
-0.448879
-0.244171
-0.185092
-0.381717
-3.398264
-1.952222
-1.266907
-1.777643
-0.302382
-5.089540
-2.382707
-3.793538
-3.245749
-2.068390
-2.396892
-0.773850
-0.150457
-0.606950
-1.567055
-1.215698
-0.213385
-0.644381
-3.574775
-0.897127
-2.843046
-1.464371
-1.143911
-1.286935
-0.996306
-0.403547
-1.680558
-1.559791
-0.179469
-2.210452
-3.673546
-0.070769
-1.520057
-2.652633
-0.079864
-1.713348
-1.015388
-1.033750
-3.592461
-6.145870
-0.646041
-1.358292
-0.727372
-0.309164
-0.026675
-5.079379
-0.491008
-0.282038
-0.558397
-1.345553
-0.257504
-0.107032
-0.216933
-1.942890
-2.402809
-3.891287
-1.172948
-2.493337
-3.527069
-0.864814
-0.911045
-1.459874
-1.947214
-0.786187
-1.841536
-1.288097
-2.908223
-3.117331
-0.485713
-0.514804
-0.444934
-1.038232
-2.672121
-0.583524
-0.385066
-1.111713
-0.273603
-0.194216
-1.499878
-1.253095
-0.333827
-0.061535
-4.155884
-1.735378
-4.932794
-0.224870
-0.465201
-0.032274
-2.709880
-3.097060
-2.888807
-2.726552
-2.228078
-0.930333
-1.135322
-0.186778
-1.149454
-2.859271
-0.365972
-1.702213
-3.105565
-0.268275
-0.338956
-0.709394
-1.631181
-1.303945
-0.478305
-2.000140
-0.892525
-2.058309
-0.170498
-0.223335
-0.163093
-0.580403
-1.289692
-0.376274
-0.812059
-4.448675
-2.222653
-0.978463
-3.990338
-0.772724
-0.217805
-2.805994
-2.525947
-0.359199
-0.028656
-0.288218
-3.625982
-0.417842
-1.383872
-0.052202
-1.650356
-0.255715
-0.039665
-0.852367
-0.048807
-4.766985
-0.028371
-2.122045
-0.861268
-1.288947
-2.730410
-2.189964
-0.032589
-1.588657
-4.234683
-5.319460
-5.552220
-1.708602
-1.666920
-1.440383
-2.137380
-0.549217
-0.275498
-0.649799
-2.051816
-1.722670
-0.622142
-0.724909
-0.581118
-3.899281
-1.335642
-1.236723
-0.241353
-2.548908
-1.258622
-1.872636
-3.015307
-1.268784
-6.779368
-2.077577
-0.061872
-0.333888
-3.064120
-1.309437
-0.954279
-3.784172
-0.033532
-2.156053
-1.080028
-1.324734
-2.516962
-0.460090
-0.682605
-0.299427
-3.089005
-0.243995
-1.301731
-3.384474
-0.334979
-1.877254
-1.516897
-0.729314
-3.134260
-0.571793
-2.595114
-0.826739
-0.989168
-1.084615
-1.325780
-1.155293
-2.230291
-2.561421
-0.462266
-1.019569
-1.018043
-0.167253
-0.159915
-0.955981
-3.703276
-1.131149
-2.003314
-1.456549
-2.316363
-1.705250
-1.400554
-2.413617
-2.150053
-4.264863
-3.325755
-4.136399
-2.651989
-0.804664
-0.179259
-2.686061
-0.041412
-3.643371
-1.692311
-0.558677
-3.586722
-1.244001
-0.842908
-1.495030
-0.130960
-1.274160
-0.227489
-0.316705
-0.778579
-0.798595
-0.830139
-1.686055
-1.951512
-0.483284
-0.622964
-3.537960
-0.419918
-0.025789
-1.354401
-0.691354
-1.556550
-0.012780
-2.225999
-2.457178
-0.024426
-1.770810
-3.423860
-5.355204
-1.558929
-0.418510
-1.194674
-1.795201
-0.011477
-1.422482
-1.278086
-1.257389
-0.113028
-2.223446
-0.319672
-0.748951
-2.607390
-0.662214
-0.407791
-3.594012
-0.823437
-0.299778
-1.213612
-0.800378
-0.417013
-2.822680
-0.113506
-0.971649
-1.477663
-0.749400
-0.990017
-0.457242
-0.326438
-3.760383
-0.260067
-0.586211
-0.384243
-0.239202
-0.073415
-0.344127
-1.827073
-0.242762
-0.389168
-0.344303
-3.099995
-0.237431
-2.325919
-1.946084
-1.839386
-1.791245
-1.084504
-0.946046
-0.457603
-1.494144
-1.031305
-0.043806
-0.268097
-1.069286
-0.273046
-0.351618
-2.120441
-1.857113
-1.942165
-3.714868
-1.413588
-3.510037
-1.780835
-1.625671
-0.565162
-1.236318
-4.198982
-2.133049
-1.755932
-1.594736
-2.050421
-3.332110
-0.874606
-1.593384
-3.296468
-3.997887
-1.592979
-0.886814
-0.306394
-1.325484
-1.112027
-0.203697
-0.151121
-0.377676
-2.722359
-1.969198
-1.282477
-1.209041
-0.880110
-1.479807
-0.783350
-1.539907
-0.539398
-0.057058
-2.138810
-1.865889
-1.327979
-0.618888
-2.672736
-2.051924
-0.800454
-2.731857
-3.915410
-1.125650
-0.915048
-1.427034
-0.337318
-0.682409
-2.734199
-1.230880
-0.141075
-0.375524
-0.452170
-0.442624
-2.110351
-1.124170
-0.374215
-0.081703
-1.854479
-0.218770
-1.996920
-1.859911
-1.769982
-0.372851
-0.051201
-2.689349
-1.586974
-0.225805
-4.890762
-0.412153
-0.453934
-0.014484
-2.693070
-0.015793
-1.755279
-0.284620
-0.647350
-0.468423
-1.541061
-4.653106
-2.230515
-0.132495
-0.969261
-1.960028
-2.613190
-0.623506
-1.230944
-0.097374
-0.835567
-1.502704
-0.696293
-0.895996
-0.690459
-1.265282
-1.822960
-0.125388
-2.392168
-2.166687
-3.098272
-1.533385
-0.649045
-2.122957
-0.248877
-0.958664
-0.153159
-0.617372
-2.142675
-0.380229
-3.578613
-1.279997
-2.203199
-4.224305
-3.405248
-6.391626
-1.669412
-0.721316
-1.136029
-3.679607
-1.012156
-1.373803
-4.099970
-0.996182
-1.630235
-0.672397
-5.031151
-7.100344
-0.752077
-0.542432
-0.658029
-0.519613
-0.782341
-1.044758
-1.706417
-2.624857
-0.256709
-1.206732
-0.534617
-2.150155
-0.107917
-0.080983
-2.188035
-2.550650
-3.315334
-5.059429
-2.570039
-3.349505
-0.866259
-0.904524
-0.703170
-1.797728
-0.016191
-1.761179
-1.222936
-3.564072
-3.244580
-0.287098
-1.964492
-0.111770
-2.089297
-0.053922
-0.997856
-1.222034
-1.405027
-0.453760
-2.360788
-0.222023
-2.118339
-0.503876
-4.299411
-0.916495
-1.909867
-0.296952
-1.455639
-1.404750
-1.132524
-0.532593
-1.429484
-0.632326
-2.064499
-0.380652
-0.899512
-5.796515
-0.254032
-0.132740
-1.183086
-0.845877
-2.930944
-0.058601
-1.289046
-2.826147
-0.534396
-0.471212
-1.359510
-4.204501
-2.055427
-0.185472
-3.092472
-0.115781
-2.687250
-0.002967
-0.567956
-0.571309
-0.503672
-0.195386
-2.385137
-2.044665
-1.320770
-0.973846
-1.187827
-1.885472
-0.040300
-1.834565
-0.200397
-0.727753
-3.635620
-1.410774
-0.118020
-0.815067
-3.756313
-0.024777
-1.110459
-3.200625
-0.566367
-1.256765
-2.775832
-0.313636
-1.030885
-1.687927
-1.676048
-0.913134
-3.118790
-0.857986
-1.440821
-1.420407
-3.236227
-0.881073
-0.460860
-0.497548
-3.005422
-0.514725
-1.306457
-0.674750
-0.675531
-3.320395
-0.602426
-2.017610
-2.289182
