-0.182821
-1.069348
-0.053941
-0.735550
-0.802015
-0.230850
-1.614100
-0.962384
-1.000697
-0.489378
-0.777544
-0.444985
-0.103121
-0.022337
-0.022525
-2.208928
-1.300326
-2.244174
-0.256542
-0.856488
-0.177932
-0.503890
-1.750975
-0.267079
-0.784922
-0.208784
-1.960822
-1.465497
-0.251840
-3.006391
-1.619165
-0.412767
-0.171192
-0.375747
-0.015194
-0.730919
-0.625736
-0.340044
-0.140149
-2.040200
-1.139423
-0.118766
-1.784347
-0.037274
-0.196775
-0.456690
-1.475622
-0.762375
-0.527004
-2.388786
-0.213588
-2.311012
-1.054587
-0.005342
-1.825442
-0.066604
-0.879987
-1.167686
-1.081644
-0.338583
-0.730898
-2.109153
-0.120717
-0.621935
-0.348310
-0.261938
-0.320339
-0.187574
-0.299522
-0.264411
-0.335878
-2.357310
-4.006757
-0.015340
-1.093768
-2.629845
-0.827506
-1.393926
-0.105989
-0.534574
-1.486449
-0.037019
-2.164051
-0.168247
-0.436959
-1.926300
-0.374907
-0.012428
-0.585185
-0.340934
-0.290964
-0.829603
-4.071496
-0.799983
-0.532287
-0.044588
-2.075240
-1.055908
-0.438271
-0.056447
-0.209086
-0.643416
-0.781576
-0.275133
-1.114821
-0.194733
-0.241096
-1.466060
-1.128257
-0.127947
-1.522280
-1.746642
-0.613383
-0.215260
-0.906037
-0.327611
-0.954938
-1.427383
-0.471109
-0.740548
-0.356728
-0.165773
-0.145703
-0.124038
-1.853945
-0.284411
-0.536437
-3.913091
-1.572433
-2.162597
-2.277461
-0.231422
-1.164611
-0.393229
-1.198249
-0.163156
-0.800818
-0.567467
-1.002389
-3.046643
-0.568712
-0.118625
-0.223051
-0.405922
-3.638454
-1.251856
-0.405257
-0.322906
-0.046036
-0.416744
-0.700211
-0.792149
-0.754324
-0.185391
-2.048489
-0.794223
-0.649366
-0.036721
-0.491497
-0.343155
-1.215402
-0.294495
-1.238653
-1.004751
-1.382739
-0.144054
-0.335114
-0.856300
-0.455697
-0.461066
-0.199764
-0.815758
-0.067673
-0.284679
-1.214736
-1.548327
-2.988668
-4.648168
-0.221421
-1.476523
-0.134424
-0.669255
-1.164874
-0.153451
-0.693552
-1.778597
-0.069706
-0.579466
-1.464276
-2.372030
-0.979118
-0.010882
-0.304350
-0.197241
-0.338139
-0.665247
-0.513076
-0.134818
-0.123019
-0.817336
-0.150491
-0.330578
-2.831395
-0.003183
-0.560787
-1.793231
-2.792686
-1.200724
-0.247727
-0.465576
-0.032905
-0.250901
-1.200434
-0.433844
-0.635080
-0.896568
-0.152121
-0.042612
-0.570924
-2.700191
-2.325327
-0.311906
-1.284887
-0.814474
-0.461567
-3.511489
-1.128006
-1.030009
-0.266323
-0.015685
-1.759772
-0.145583
-1.197323
-0.623161
-1.215996
-0.587150
-0.158200
-0.352880
-0.044365
-1.360896
-0.330367
-0.408295
-0.046635
-0.372375
-0.000091
-2.290505
-0.244195
-0.696951
-0.886168
-0.036192
-1.053204
-1.079813
-0.098138
-0.242615
-0.492001
-1.256680
-0.635301
-0.862989
-0.029596
-0.940074
-0.226840
-0.822489
-0.026647
-0.002936
-0.001170
-1.221496
-0.506314
-1.031878
-0.150012
-0.032928
-0.396695
-1.955326
-0.064557
-0.521762
-0.144044
-1.693619
-1.626074
-0.093493
-1.173163
-0.281358
-1.041136
-0.115783
-0.281428
-2.000925
-0.263923
-0.327839
-0.614211
-1.591377
-1.920752
-2.715048
-1.778743
-0.044116
-1.353505
-0.010792
-2.962693
-0.700378
-2.285866
-0.094145
-0.003170
-3.766098
-0.737935
-2.191055
-0.333291
-1.787267
-0.790606
-0.869194
-2.526782
-0.200714
-1.128535
-0.473232
-1.731064
-0.220713
-0.098808
-0.687740
-1.509234
-0.386281
-0.745523
-0.166648
-0.145899
-2.303632
-1.264178
-2.738248
-2.370075
-0.479276
-0.833988
-0.716909
-0.475279
-0.786166
-0.169848
-0.051928
-0.462128
-2.255733
-0.045063
-1.809877
-2.354857
-0.751536
-1.578212
-0.652380
-0.475390
-0.039809
-2.396802
-1.920983
-1.284504
-0.271517
-0.678185
-0.889757
-1.196471
-0.503919
-0.268171
-1.176881
-0.101173
-0.154234
-2.169856
-0.453492
-0.188118
-0.877127
-0.382580
-1.650326
-0.090404
-1.513187
-0.059415
-0.936085
-2.442329
-0.087550
-0.406666
-0.648184
-0.173957
-0.639055
-0.692430
-2.438029
-0.386938
-1.317353
-0.855994
-0.724449
-2.848382
-0.819232
-0.359426
-0.454127
-2.663560
-0.823303
-0.271522
-0.145228
-0.046092
-0.384395
-0.104677
-0.336883
-0.159801
-0.192072
-0.738444
-1.856278
-0.266650
-1.231259
-1.954633
-1.720456
-0.031655
-1.186738
-0.532834
-0.119960
-0.364107
-2.819631
-0.187445
-0.325839
-0.516946
-0.724496
-0.564363
-0.606536
-0.512529
-0.222561
-0.611518
-3.157147
-0.675084
-1.878498
-0.104986
-0.543511
-1.531410
-1.738839
-0.741166
-0.980379
-0.868423
-0.059566
-2.876821
-0.271770
-0.098954
-0.042885
-0.014054
-1.035990
-1.493823
-0.300170
-2.419817
-0.908228
-0.119350
-0.502772
-0.092683
-0.060995
-0.054351
-0.902184
-1.072770
-0.148666
-0.109618
-0.890526
-0.655189
-2.006246
-4.182958
-1.003440
-0.262430
-0.721319
-1.508699
-0.534718
-0.786510
-0.819266
-0.231725
-1.901192
-0.988073
-1.961755
-3.334189
-0.047468
-0.871962
-0.355043
-0.930940
-0.086330
-1.083498
-1.175729
-0.950577
-1.446301
-0.564901
-0.770415
-0.869913
-0.122580
-1.398424
-1.110071
-1.158905
-1.085513
-0.159923
-2.072376
-1.994816
-0.956555
-1.533566
-2.128539
-1.286848
-2.053478
-0.878556
-2.109393
-2.916295
-0.059021
-1.788500
-0.129165
-0.047008
-0.159517
-1.168102
-1.489304
-2.331138
-1.311835
-0.120370
-1.148707
-0.178522
-1.444625
-1.051502
-0.036478
-1.294898
-1.152256
-0.617812
-0.054222
-1.060860
-0.280067
-0.351151
-1.372313
-0.525541
-0.981384
-1.026629
-0.269182
-1.376874
-0.453175
-0.132446
-0.713429
-1.283848
-0.219610
-1.495898
-1.021305
-1.919182
-3.876109
-0.018700
-1.336688
-0.662165
-0.072354
-0.252003
-0.595350
-0.828131
-1.744673
-0.506635
-0.136188
-0.656081
-0.208707
-0.353600
-1.472172
-0.220907
-2.725137
-0.042878
-0.224709
-0.498463
-0.060118
-1.430297
-0.161237
-1.868957
-4.448980
-0.608881
-0.062799
-1.000554
-0.335955
-1.588293
-1.112422
-3.001475
-2.345145
-0.749743
-0.834245
-0.092071
-1.119599
-0.953703
-0.843399
-0.718320
-1.117286
-0.203220
-0.396409
-0.678779
-0.544740
-0.207714
-0.763550
-1.691509
-2.954538
-0.239446
-2.120121
-0.086726
-0.277148
-1.008821
-1.284516
-0.589589
-0.882983
-0.907182
-1.129132
-2.248189
-2.840380
-1.418063
-0.423638
-1.809230
-0.348790
-0.692290
-0.992634
-0.140393
-0.171435
-1.064654
-0.170841
-0.156046
-1.221236
-3.540050
-0.911057
-0.326517
-2.437429
-0.198136
-1.615437
-2.207664
-0.951527
-0.018681
-2.997178
-0.364612
-0.086213
-1.588075
-0.178640
-0.180449
-0.487265
-2.836695
-2.175875
-0.405135
-0.322054
-0.313787
-0.017401
-0.002168
-0.850162
-1.907211
-0.824077
-0.976208
-0.860284
-0.266283
-0.135155
-0.761265
-0.197951
-0.062623
-0.956946
-0.115744
-0.402542
-0.056727
-0.065261
-1.064648
-0.113345
-1.264992
-0.446318
-0.080162
-4.155063
-1.248224
-0.731054
-0.550089
-0.734112
-0.270682
-0.444277
-4.121814
-0.714956
-0.922061
-0.670075
-0.618933
-0.240907
-1.079827
-0.102610
-0.642444
-0.424979
-0.709967
-0.281204
-0.218635
-1.493118
-2.719502
-1.324697
-0.051577
-1.056532
-0.281579
-0.512170
-0.982446
-0.539943
-0.755293
-0.945355
-0.465724
-0.370587
-0.648850
-0.019373
-0.811226
-2.197235
-0.815518
-0.831974
-0.069626
-0.241294
-1.775776
-0.467803
-1.163269
-1.009551
-0.452436
-0.159188
-0.083294
-0.114726
-0.310237
-0.662688
-1.406520
-0.550977
-1.189740
-1.106851
-1.640626
-0.800828
-0.273885
-1.211878
-0.185148
-0.730234
-0.106413
-0.081908
-1.103381
-3.193544
-0.817990
-0.405840
-0.410877
-0.517835
-0.504908
-2.849916
-1.300430
-0.033992
-2.409283
-1.245342
-1.936003
-2.243625
-1.260989
-0.862816
-0.456562
-0.720288
-0.878495
-1.878072
-0.865571
-0.000064
-0.857832
-0.840188
-1.526801
-0.233838
-0.098670
-1.019912
-0.117239
-0.009411
-0.527381
-1.605171
-2.281088
-1.228117
-0.523538
-0.146022
-0.222729
-2.076197
-0.868538
-0.279399
-0.548780
-1.765189
-1.553208
-0.034140
-1.180860
-0.533427
-3.248044
-0.277866
-1.818812
-0.327830
-2.169847
-0.806427
-0.846448
-0.665670
-1.064378
-1.362230
-2.582448
-0.543737
-0.009001
-0.759683
-0.910829
-0.711338
-1.432185
-0.108500
-0.543640
-0.692880
-0.812667
-0.428688
-0.461133
-0.472805
-1.920704
-0.491707
-0.846419
-2.295874
-1.216213
-1.625274
-2.749802
-1.940127
-3.728451
-0.625752
-0.847282
-0.603854
-1.394707
-2.253926
-1.036368
-0.665802
-1.322133
-0.273130
-1.623882
-1.335045
-0.174143
-1.026806
-2.188146
-0.857492
-0.495996
-0.175358
-1.017930
-0.943198
-2.775212
-0.745727
-1.366576
-0.097829
-0.542614
-0.578309
-1.582957
-0.926500
-0.353033
-0.024584
-2.095540
-0.668276
-0.981350
-0.880303
-3.037660
-0.136469
-0.750827
-0.451316
-0.051088
-0.075314
-1.476865
-2.212492
-0.191197
-1.253699
-0.576383
-0.245767
-0.015917
-0.387492
-0.061869
-1.956396
-0.161991
-2.237127
-0.256071
-1.191112
-0.524341
-1.532136
-0.693275
-0.109701
-0.203237
-1.520776
-1.284255
-0.159326
-0.495706
-0.489518
-0.191797
-1.224590
-0.069161
-0.595008
-0.603916
-0.043178
-1.208138
-3.805168
-0.105371
-0.606101
-0.581106
-3.277848
-0.228770
-0.435289
-0.098742
-0.740935
-0.755392
-0.537664
-1.199293
-0.808967
-1.974498
-1.142915
-0.630127
-1.766139
-2.317635
-0.282899
-0.563373
-0.026193
-0.861682
-1.190492
-1.519977
-2.084562
-0.931141
-1.197338
-0.377167
-0.995040
-0.634025
-3.115234
-0.255314
-3.066214
-0.029971
-0.584468
-0.127889
-1.056316
-0.000584
-1.268801
-0.935005
-0.635985
-0.041368
-0.053418
-1.477989
-0.376162
-1.391781
-1.910740
-0.138272
-1.781576
-2.665485
-0.587155
-2.468944
-0.011259
-0.517315
-0.592732
-1.471803
-0.429492
-0.500778
-0.228661
-0.462283
-0.938999
-0.324633
-1.456761
-1.993505
-0.080103
-0.779943
-0.352128
-0.411951
-2.114848
-0.613494
-0.199882
-1.184083
-0.366182
-0.725155
-0.407522
-1.925903
-0.187446
-0.701444
-1.208756
-0.152510
-1.325214
-1.437914
-0.007578
-0.655603
-1.524646
-0.213223
-0.692122
-0.107675
-0.748700
-0.549811
-0.568180
-0.963964
-0.306228
-1.310107
-1.581194
-1.281542
-2.475682
-0.504242
-0.905967
-0.463787
-0.314935
-0.790401
-0.186571
-0.302742
-0.716265
-0.567419
-0.000049
-1.191355
-2.470684
-0.306533
-0.249269
-1.054621
-0.292076
-0.124671
-0.051141
-1.049520
-3.054058
-0.396600
-0.885250
-1.406104
-1.094708
-1.016251
-2.085934
-0.026448
-1.152012
-0.440451
-0.996200
-0.628513
-1.771222
-0.972163
-0.496413
-1.786167
-3.468310
-2.719781
-0.588556
-1.034336
-0.458977
-1.464874
-1.483010
-1.408768
-0.824560
-1.346128
-1.221932
-1.783672
-0.615811
-0.528983
-0.978612
-0.005987
-0.204315
-0.066728
-0.121292
-0.890155
-0.163667
-1.933394
-0.990161
-1.628865
-0.246191
-1.697788
-0.887336
-1.013155
-0.872882
-0.080612
-2.857627
-0.568495
-0.347787
-2.070924
-1.235470
-1.589714
-0.420150
-0.667831
-1.446709
-2.097397
-1.311281
-0.697134
-0.575536
-0.012955
-0.819015
-1.205841
-1.635647
-2.243316
-0.963718
-2.005555
-1.003450
-2.515579
-0.815998
-2.105333
-1.626288
-0.053532
-0.812145
-0.106059
-1.581130
-0.891888
-1.104163
-0.079053
-0.854248
-0.141389
-0.588882
-3.432205
-0.616879
-2.661447
-1.221718
-0.593383
-0.767822
-0.238209
-0.409281
-0.220308
-0.782779
-0.951298
-0.289000
-0.469586
-0.540389
-2.281344
-0.931954
-0.069744
-0.861089
-0.823319
-0.140868
-0.511606
-0.900612
-0.498152
-0.540879
-0.401244
-0.434961
-0.446772
-2.359345
-0.308411
-1.536639
-1.421946
-0.078209
-0.110065
-0.613640
-1.920332
-0.010823
-0.308910
-2.373656
-1.112650
-0.007070
-0.224229
-1.502274
-0.084752
-0.003202
-0.201817
-0.106154
-1.996812
-1.398006
-0.104491
-0.700316
-0.117597
-1.664126
-2.464347
-1.169969
-0.161976
-0.426072
-0.061039
-0.301610
-0.049948
-0.010203
-0.508048
-5.315878
-0.766802
-0.931083
-0.822507
-0.027186
-1.899471
-0.236544
-0.291407
-0.916581
-0.781192
-1.791411
-1.754118
-1.916053
-2.239238
-0.989516
-4.276019
-1.645170
-3.489210
-0.009444
-1.160839
-2.460130
-0.274685
-0.197645
-0.275119
-0.581581
-0.033884
-0.238221
-0.479423
-2.631612
-0.271063
-0.148207
-0.001628
-0.068259
-1.196251
-0.987885
-0.790190
-2.200923
-0.801677
-2.199529
-1.673030
-0.049661
-0.491135
-0.014291
-0.242010
-3.297536
-1.159605
-0.379836
-0.203877
-0.626757
-0.324664
-1.513778
-0.689960
-0.358647
-1.146401
-0.176616
-0.017816
-0.000464
-0.179169
-1.732629
-0.779594
-0.315130
-0.120508
-0.703228
-0.387026
-0.908608
-0.031697
-0.322498
-0.143529
-0.819223
-1.409104
-0.542710
-1.408693
-1.852625
-3.231566
-0.241838
-2.702378
-1.214803
-0.576048
-1.272196
-0.954399
-1.500962
-0.215447
-0.042351
-0.143955
-0.143696
-0.902934
-0.251275
-2.544924
-0.169776
-0.970938
-0.202103
-0.638485
-0.725200
-3.254478
-1.551972
-0.019677
-0.694900
-0.120517
-0.004431
-0.718208
-0.217990
-2.282130
-2.226025
-0.445466
-0.466962
-0.466344
-1.248759
-0.129536
-2.672761
-0.252708
-2.008062
-2.879418
-0.124122
-0.151617
-0.499952
-0.842828
-0.433036
-0.083846
-1.793767
-0.138849
-3.249325
-0.039227
-1.522601
-0.914343
-3.150513
-2.393678
-0.640532
-0.253031
-0.083388
-0.801795
-1.240016
-0.917892
-0.447387
-1.037777
-1.419305
-2.698493
-1.593308
-1.325196
-0.062005
-1.011364
-0.636213
-0.776773
-0.023882
-0.362714
-1.552002
-0.049392
-0.627859
-0.375167
-0.888479
-0.139180
-2.583091
-1.169394
-0.567895
-0.358705
-1.321468
-1.037226
-0.265437
-0.678215
-0.049404
-0.282490
-0.541733
-2.973108
-2.898423
-0.963918
-1.031613
-0.096636
-3.227040
-2.200689
-1.808322
-0.253493
-2.688831
-0.753180
-0.048770
-0.408796
-2.455749
-0.402369
-1.843061
-0.183158
-1.377948
-1.232741
-0.753779
-0.176994
-0.144138
-0.235329
-0.289590
-0.081883
-0.711544
-0.426260
-1.073689
-1.970149
-1.379390
-0.029469
-0.511456
-0.333719
-1.270697
-2.163559
-1.627523
-1.296352
-0.049534
-0.445177
-0.566571
-0.086589
-1.338920
-0.038462
-0.164072
-1.766691
-1.762001
-0.408871
-0.341464
-2.833096
-0.694469
-1.101643
-1.705164
-0.268560
-3.105608
-0.034366
-0.046812
-4.244006
-0.016758
-0.832288
-0.336729
-0.930344
-0.802396
-0.084187
-1.625237
-1.614920
-1.498901
-0.525983
-4.534737
-2.509707
-2.134061
-1.532482
-0.188189
-1.213418
-0.227974
-0.152397
-4.394549
-1.004153
-3.251155
-0.112596
-0.472241
-0.160904
-0.364236
-0.048508
-2.618106
-0.023509
-2.134693
-0.258879
-2.622593
-0.667744
-2.733400
-0.990597
-3.481691
-0.561558
-0.373549
-0.532977
-0.069912
-0.425715
-1.220912
-1.842358
-0.079724
-0.408532
-1.691452
-0.351154
-0.585915
-0.318799
-0.296054
-0.730396
-2.410142
-1.528447
-0.339271
-0.022351
-1.184834
-0.807510
-1.719390
-0.034243
-0.912764
-1.643853
-0.522373
-0.562098
-0.014819
-1.462010
-0.902291
-3.283350
-0.165096
-0.457014
-1.975191
-0.088925
-0.300104
-0.486787
-1.655725
-0.909491
-0.312598
-2.827415
-1.020129
-0.856201
-1.351067
-0.229612
-0.732944
-0.161009
-0.990620
-3.278358
-1.251775
-1.756181
-0.574955
-0.437093
-0.094022
-2.511670
-2.155832
-0.822188
-0.237887
-5.689880
-0.124436
-0.310690
-0.067712
-0.468647
-1.998330
-0.330686
-0.335419
-0.848851
-0.871899
-0.344269
-1.302315
-2.302047
-1.514887
-2.278633
-1.134360
-0.543845
-0.815466
-1.601529
-0.246297
-0.594696
-0.097056
-1.164031
-3.324463
-0.413607
-0.522368
-2.617283
-0.172447
-0.402577
-1.357825
-0.117983
-1.824369
-1.538846
-1.417513
-0.020687
-3.268687
-1.939303
-1.939081
-0.895653
-2.463037
-1.282041
-0.967884
-1.400930
-1.822759
-1.453635
-0.001848
-0.705581
-0.964651
-0.457198
-1.975114
-0.450722
-0.293205
-0.317590
-1.946919
-0.455754
-0.795139
-0.659333
-2.481202
-0.491496
-3.776620
-0.280721
-0.356128
-0.185832
-0.537959
-1.028317
-0.882186
-0.608002
-1.883730
-2.472413
-0.512782
-0.337357
-2.030969
-0.115742
-0.000532
-0.116008
-0.180050
-0.590429
-2.963438
-0.100763
-2.032797
-0.489364
-1.218611
-1.070680
-2.619233
-1.047322
-0.475823
-0.671278
-0.501354
-0.026224
-0.259932
-0.080121
-0.850388
-2.116402
-0.570985
-0.352428
-0.703020
-0.105333
-0.584762
-0.136834
-0.113298
-0.394876
-0.221572
-0.948344
-1.718431
-0.214619
-0.783429
-0.084782
-0.104959
-0.874780
-1.125948
-0.782710
-2.502287
-0.073536
-0.104858
-2.748407
-2.293929
-2.187152
-0.605130
-0.020392
-2.455772
-0.008642
-0.606113
-1.054152
-0.129719
-0.281449
-1.030575
-0.494414
-0.954157
-1.161823
-1.670834
-0.308385
-0.304263
-0.686259
-1.640053
-1.414049
-0.048320
-0.039566
-0.536100
-0.632780
-0.881731
-0.106104
-1.294513
-0.520478
-0.195642
-0.582889
-2.068939
-0.985367
-0.666360
-0.559941
-1.856675
-0.827871
-2.305354
-0.040925
-2.952291
-1.035352
-1.372150
-1.956077
-2.041062
-0.488590
-0.021141
-0.164178
-1.070875
-0.624549
-2.478945
-0.891312
-0.427774
-0.737323
-0.016404
-1.098849
-0.517989
-1.113623
-1.010648
-0.716563
-1.359157
-1.402232
-0.191655
-0.361402
-1.565915
-1.718660
-0.713337
-0.024149
-1.089056
-0.070816
-0.165953
-1.142815
-0.297927
-0.972760
-0.617564
-2.054616
-1.500721
-0.312465
-1.195592
-1.741265
-1.447445
-0.292995
-1.933062
-0.408688
-0.406008
-2.079719
-0.813956
-0.253802
-0.918659
-1.682669
-1.530057
-0.008849
-0.000982
-2.116130
-0.316811
-0.928038
-0.101652
-0.288128
-2.282774
-0.080464
-1.396007
-0.224690
-0.364206
-0.471418
-0.083720
-0.152791
-2.225719
-0.295161
-0.092640
-1.779628
-0.473047
-0.463776
-1.704076
-0.099958
-1.348450
-1.264493
-1.289024
-0.875909
-0.038720
-0.397966
-0.032316
-0.396116
-1.103576
-1.373750
-0.156381
-1.539381
-1.630039
-0.112641
-0.588435
-2.466691
-0.360735
-0.259197
-1.105134
-2.868565
-2.362958
-0.234279
-0.236433
-0.703884
-0.815830
-0.015778
-2.185714
-0.479906
-0.363292
-0.638819
-1.875441
-0.328816
-1.337511
-2.411870
-0.465383
-1.060378
-1.605443
-0.594225
-0.013726
-1.429527
-1.089131
-1.190306
-0.636651
-0.986688
-0.065076
-1.112673
-0.303519
-0.047335
-0.066007
-0.998389
-0.082858
-0.976183
-0.825761
-3.078358
-0.234700
-0.578070
-0.202249
-0.601617
-2.573670
-1.016929
-0.424396
-0.543926
-2.731339
-2.125933
-1.620817
-3.722579
-1.568761
-0.215004
-0.878088
-2.802436
-0.048600
-0.044081
-0.517872
-0.697398
-0.269359
-0.113653
-0.123483
-0.889317
-1.298974
-0.332858
-1.217590
-2.564560
-0.735964
-0.584010
-0.139101
-2.179460
-0.406701
-1.020533
-0.361707
-2.337090
-1.342435
-1.611207
-1.726947
-0.074533
-2.270304
-0.848804
-0.206526
-0.720135
-1.654930
-1.713869
-0.699726
-0.336447
-0.573773
-0.463589
-1.157913
-0.032376
-2.808658
-1.340174
-0.653714
-2.130828
-0.323075
-1.777143
-0.179779
-0.859657
-0.580219
-0.852339
-1.203373
-1.245056
-0.239896
-0.016829
-0.453847
-0.834304
-1.042713
-0.817076
-0.709499
-0.576024
-2.327225
-0.321894
-1.152980
-0.375070
-0.220174
-0.920605
-0.362880
-0.899342
-0.797110
-1.045377
-0.982159
-1.063602
-1.396211
-0.310505
-1.949911
-0.653442
-0.035126
-0.562761
-1.207670
-0.960301
-0.182827
-0.178845
-2.623155
-0.618551
-0.061340
-0.788812
-1.291284
-0.124013
-1.441658
-0.666772
-0.219655
-0.629821
-1.315132
-0.399691
-0.202278
-0.483077
-2.257042
-0.398129
-0.540538
-0.885290
-0.565766
-0.287842
-1.114236
-1.159275
-0.203437
-2.388414
-1.594507
-0.751376
-0.305150
-1.360270
-0.719860
-1.003648
-2.138995
-0.019218
-0.937495
-0.259732
-0.834592
-1.201010
-0.320203
-1.011357
-0.843522
-0.482269
-2.930244
-0.005381
-0.644638
-0.079819
-0.783256
-0.589668
-1.816076
-0.415280
-2.005380
-0.489098
-1.583783
-0.432082
-0.049819
-2.179783
-0.067863
-1.895272
-1.530459
-0.076066
-0.934501
-0.836705
-1.575850
-0.349558
-2.765631
-1.144852
-0.979731
-1.287456
-0.229234
-0.043376
-0.218105
-1.236846
-1.391688
-3.278308
-0.330596
-0.018737
-1.227728
-0.195371
-0.157245
-0.012975
-0.275150
-1.009358
-0.553721
-0.052003
-0.414979
-1.610446
-0.944553
-0.051280
-1.535540
-0.120775
-0.205959
-5.198128
-2.353640
-0.290440
-0.115137
-0.268197
-0.536969
-0.018995
-0.163876
-1.678317
-0.512504
-2.967229
-0.520094
-0.064641
-0.480599
-0.982414
-3.233311
-2.306560
-0.019722
-1.592508
-0.456051
-0.349765
-1.272232
-0.506019
-0.667190
-0.397870
-0.204827
-0.947201
-1.104012
-0.380396
-1.654266
-0.023906
-1.511806
-4.220911
-0.896163
-0.852342
-0.707522
-0.802830
-0.322833
-0.946727
-0.676839
-1.512080
-1.454277
-0.778598
-0.591066
-0.025238
-0.267446
-0.189194
-0.756079
-2.031791
-2.563519
-0.479677
-0.470750
-0.787161
-0.607762
-0.861664
-0.285464
-0.060199
-0.454601
-0.618189
-0.286233
-0.498539
-0.265130
-0.026781
-1.296816
-0.040807
-0.111151
-1.343013
-1.508552
-0.156423
-0.496322
-1.690361
-0.177293
-0.061966
-0.091625
-0.534137
-0.601773
-0.941205
-1.664265
-1.278004
-0.551781
-0.083113
-0.798519
-0.052182
-0.931105
-1.210998
-0.004183
-1.079993
-1.782649
-0.889295
-0.153907
-1.239305
-0.570768
-2.281675
-0.039211
-0.476197
-1.008159
-1.315929
-0.665895
-0.597561
-0.080933
-2.277494
-0.269652
-0.185746
-0.531961
-0.207339
-0.774303
-1.700615
-1.479161
-0.313323
-0.553572
-0.166570
-1.666988
-0.188521
-1.341028
-1.298906
-2.496616
-0.282179
-1.156319
-0.806043
-0.699555
-0.387186
-0.341390
-3.453278
-2.621089
-0.008707
-1.343765
-3.364370
-1.698149
-2.893974
-0.309507
-0.267410
-0.357305
-1.606088
-0.016090
-2.868702
-0.007265
-0.099580
-2.190758
-1.507351
-2.226524
-1.676855
-0.171215
-2.095082
-0.169308
-1.030013
-0.181508
-2.649040
-2.550701
-0.733434
-1.203574
-0.708547
-0.051669
-0.010716
-0.118195
-0.041551
-3.932931
-1.346418
-0.111967
-0.159013
-0.276393
-0.874146
-0.992442
-0.596508
-1.109934
-0.210767
-1.806777
-0.045586
-0.119430
-0.716820
-0.687404
-0.433610
-3.229204
-0.190747
-0.624412
-0.361917
-1.958215
-0.102641
-0.038028
-0.327542
-0.871089
-1.519471
-0.480410
-0.910068
-0.819668
-0.290040
-1.227829
-0.792865
-0.252236
-0.715854
-0.888458
-1.582484
-1.625841
-1.190916
-0.445478
-0.240785
-3.805415
-0.732604
-1.755658
-1.791625
-0.859440
-0.580234
-0.251848
-3.138758
-0.035536
-0.882879
-2.291754
-0.013899
-0.413912
-1.009033
-0.645329
-0.700241
-1.984199
-0.004901
-1.990634
-0.361504
-1.865825
-2.030176
-0.319376
-0.689206
-1.150244
-1.799609
-0.354367
-1.772180
-0.234715
-0.379221
-0.796627
-0.561054
-0.145693
-0.309793
-0.996063
-0.806860
-0.540283
-1.154409
-1.568391
-0.354612
-2.478022
-1.555037
-0.163004
-0.326793
-1.190904
-0.423161
-1.648822
-0.301736
-0.757152
-0.568093
-0.659433
-0.393242
-0.396336
-2.656227
-0.302317
-0.973230
-0.803654
-0.341887
-0.401626
-1.421345
-1.492618
-1.237631
-1.152567
-1.846199
-0.007170
-0.876817
-1.735199
-0.041019
-0.010546
-0.217623
-0.797241
-1.001121
-1.364622
-2.069327
-0.510092
-0.740801
-2.608436
-0.761627
-1.450791
-0.501439
-3.530578
-0.070104
-0.885514
-1.888941
-0.854129
-0.279817
-0.925120
-2.023064
-2.474939
-0.389720
-0.062950
-2.328684
-0.083183
-0.036953
-0.109936
-0.169264
-1.294349
-1.239575
-0.488331
-0.170517
-0.003262
-0.298334
-0.365164
-0.976294
-0.319315
-2.065785
-1.775242
-2.343701
-0.350360
-2.226664
-0.446775
-0.980209
-2.353626
-2.603515
-0.009699
-0.417783
-2.969537
-0.250793
-0.842741
-1.350476
-0.924082
-1.930563
-1.601810
-0.059646
-1.170123
-2.157479
-0.848754
-1.165810
-0.136637
-0.094196
-0.248726
-0.459193
-0.045863
-2.298056
-0.860687
-1.420340
-0.177732
-2.382591
-0.371461
-0.672020
-1.254931
-1.374024
-0.113239
-1.600078
-0.615019
-0.712000
-0.323052
-0.909925
-0.084899
-0.362486
-1.017898
-0.829900
-0.357869
-1.938913
-1.577698
-2.481923
-1.182507
-0.040915
-0.827953
-1.426174
-0.035361
-0.136087
-1.256868
-0.230430
-2.592147
-0.211222
-2.773487
-0.493035
-0.898450
-1.725551
-0.304438
-1.195518
-0.541207
-0.734538
-0.795418
-0.060976
-0.155667
-0.430988
-2.223620
-0.720320
-2.616743
-0.036058
-0.445917
-0.331810
-1.234601
-1.018676
-0.106945
-0.715040
-0.104325
-0.880268
-0.394420
-0.659737
-4.648190
-0.081499
-0.784684
-1.663963
-0.655145
-0.146899
-2.269999
-2.298867
-0.198537
-0.445186
-0.852601
-2.378034
-0.902627
-0.483326
-3.061032
-0.229675
-2.252656
-1.165650
-0.222424
-0.161693
-2.134493
-0.728635
-0.314569
-0.144364
-0.885830
-1.412786
-0.222126
-0.229246
-0.924944
-1.632405
-0.204711
-1.074076
-0.598160
-0.744391
-0.563849
-0.813732
-0.430322
-0.260179
-1.515459
-0.446849
-1.030793
-1.228134
-2.727332
-0.079813
-0.210167
-0.055278
-1.335445
-1.292258
-4.361718
-0.690187
-0.957942
-1.558631
-0.453058
-2.004320
-2.355169
-0.661231
-0.248688
-0.401337
-0.790021
-0.761936
-0.201654
-0.143123
-0.392997
-0.127023
-0.388297
-0.042909
-0.831483
-0.936285
-0.554306
-0.384063
-0.094501
-1.728978
-0.343280
-1.145624
-0.875037
-0.736445
-2.546927
-0.135881
-2.532687
-0.598676
-0.336973
-0.052236
-0.772699
-0.432361
-0.973721
-0.348704
-0.911632
-1.523323
-1.131664
-0.481014
-0.712514
-1.072281
-1.473257
-0.037440
-1.324437
-0.744416
-0.008515
-0.098240
-1.286505
-0.143465
-0.089951
-0.311837
-1.389871
-0.166951
-0.010270
-1.586329
-2.420693
-3.629967
-0.608926
-1.056682
-1.252548
-0.535864
-0.231885
-0.023783
-1.486258
-1.187905
-1.383790
-0.040740
-0.002991
-0.558655
-0.493804
-0.007869
-1.556445
-0.879255
-1.926635
-0.313774
-0.608745
-0.879512
-0.807129
-1.154653
-0.855172
-0.531303
-0.222558
-3.440546
-2.699183
-2.977759
-0.453970
-0.346958
-0.473771
-0.717539
-0.803408
-0.702927
-0.014946
-1.969455
-1.727317
-0.024644
-0.133062
-2.136605
-0.508621
-0.120432
-1.638390
-0.690983
-0.498563
-2.353018
-0.743358
-0.127416
-0.616278
-0.815991
-0.905682
-2.095984
-2.568368
-0.320711
-0.502719
-0.312846
-3.361206
-1.547564
-1.870027
-3.814563
-0.131995
-1.264268
-0.721532
-1.749299
-1.549627
-1.474989
-0.195583
-1.621314
-0.854921
-0.633664
-0.480599
-0.007253
-2.269992
-0.146528
-0.326111
-0.933786
-2.904487
-0.496381
-0.308774
-0.630020
-0.547504
-0.051250
-0.809425
-0.685377
-1.745445
-0.062312
-1.015660
-1.382362
-0.375660
-0.287050
-0.821549
-0.082279
-0.070240
-0.804815
-0.348688
-0.368356
-0.629302
-0.045991
-0.898318
-0.497759
-1.000036
-0.131753
-0.351929
-0.341622
-0.030804
-0.995525
-0.237325
-0.555311
-0.244723
-0.253889
-0.196593
-0.209831
-1.546568
-2.632135
-1.627675
-0.924660
-0.949576
-0.359996
-1.222603
-0.085168
-0.520023
-1.067097
-1.222896
-0.034912
-2.014354
-1.194494
-1.329835
-1.958957
-1.387107
-1.017395
-0.732763
-1.103658
-0.553173
-0.056685
-1.121814
-0.188711
-1.736785
-0.146634
-2.281148
-1.714525
-0.063086
-0.029267
-0.997936
-0.842294
-0.422165
-0.895971
-0.896611
-0.389156
-0.382010
-1.944960
-0.564011
-0.760097
-2.480120
-0.435929
-1.019841
-0.642294
-0.206303
-1.410952
-1.774269
-0.075915
-0.484823
-2.042664
-0.082892
-0.887451
-0.079987
-0.067151
-1.342670
-0.429094
-0.978428
-0.461927
-1.528054
-0.733792
-0.398620
-0.513591
-1.713177
-0.068236
-0.397275
-0.729544
-0.403596
-0.379313
-0.030968
-2.581049
-1.053273
-1.519947
-1.038789
-0.246351
-1.415881
-0.283564
-0.445871
-1.562606
-0.265045
-0.060643
-2.948381
-1.033717
-2.381517
-2.089413
-0.233694
-0.150569
-0.575425
-0.792223
-3.656661
-0.535569
-1.679531
-0.058860
-2.179534
-0.444709
-1.161317
-0.081801
-1.192337
-2.678777
-0.131223
-1.550020
-2.425998
-0.753441
-0.737147
-0.311092
-0.311202
-0.284391
-0.477943
-0.848175
-2.312424
-0.960541
-0.138751
-0.774782
-2.327168
-0.022775
-0.805855
-2.150749
-0.390618
-0.409319
-3.054078
-1.320272
-0.081879
-0.581627
-0.052021
-1.077265
-0.318622
-0.111654
-0.058312
-1.233776
-0.749854
-0.390508
-0.342183
-0.106448
-0.004081
-0.117877
-1.727057
-0.836865
-0.235870
-0.706301
-0.527031
-0.134972
-0.579603
-0.831567
-0.155269
-0.356560
-0.390390
-0.735969
-0.463763
-0.666695
-1.777159
-2.047794
-0.831808
-0.232338
-0.128704
-1.720532
-1.145367
-1.423423
-1.513453
-0.285021
-0.187755
-0.030476
-0.158345
-0.546852
-0.018554
-0.427646
-1.010409
-0.639430
-0.042295
-3.037878
-1.358145
-2.229956
-0.028303
-1.859002
-0.416235
-0.671354
-0.078703
-0.107149
-0.168042
-0.525390
-1.177342
-2.527995
-2.536263
-0.164495
-0.952286
-0.578696
-0.255059
-0.236175
-2.178536
-0.450062
-0.751684
-1.242915
-1.174412
-0.484316
-1.153950
-2.275899
-4.128297
-1.151718
-0.309909
-0.223700
-1.007065
-0.741106
-0.859965
-0.005562
-0.591682
-0.059852
-0.434019
-1.376330
-0.444890
-1.268790
-1.301692
-0.438051
-1.112271
-0.754620
-0.713052
-1.029483
-0.849729
-0.795875
-0.750820
-1.173356
-1.493311
-0.305250
-1.926150
-0.052753
-0.801068
-0.644732
-0.461698
-0.110213
-0.604149
-0.175288
-0.034898
-1.450734
-2.207823
-2.408523
-0.277265
-1.865858
-0.148291
-0.172032
-0.096028
-1.512192
-0.664925
-0.414483
-0.768923
-0.621612
-0.811191
-1.420010
-0.455292
-0.687455
-2.113140
-0.562455
-0.158450
-0.058638
-0.351862
-0.057644
-2.193566
-0.485537
-1.597183
-1.593365
-0.164097
-1.622694
-1.200561
-0.591309
-0.257808
-0.504661
-1.540738
-1.471881
-0.165136
-0.936081
-1.384205
-0.086662
-2.918411
-0.456428
-0.534738
-0.935637
-0.281995
-3.186527
-0.278742
-0.245696
-0.706491
-0.099007
-0.869822
-0.436563
-1.026560
-0.888630
-0.150089
-0.035544
-1.399830
-0.510300
-1.789936
-0.046946
-0.786879
-0.653924
-0.979772
-0.373489
-0.265266
-0.778563
-0.942605
-0.340591
-0.357680
-0.673016
-0.849370
-0.542759
-0.046452
-0.166997
-1.453613
-0.206686
-2.078442
-2.183242
-0.089764
-2.611005
-0.026027
-0.417968
-1.423179
-0.270027
-0.014836
-0.223444
-0.635803
-0.743603
-1.832445
-4.807688
-1.902272
-0.359203
-0.305374
-0.252583
-0.552196
-0.821281
-0.909888
-0.529457
-2.371465
-1.141544
-0.366278
-0.180413
-0.428873
-0.008825
-1.290779
-0.570561
-0.135813
-0.874608
-3.040176
-1.351857
-0.506727
-0.069632
-0.165613
-0.266376
-0.116921
-1.264501
-0.084928
-1.721816
-1.197044
-0.232692
-0.858100
-1.183521
-1.674253
-3.355693
-0.299209
-0.336424
-0.241082
-2.528970
-3.099451
-0.362333
-0.027173
-0.453647
-0.444446
-1.444590
-1.203247
-0.987779
-0.195982
-0.154874
-1.155802
-0.588175
-0.003208
-0.055195
-0.104841
-0.322210
-0.207927
-1.339759
-1.008318
-0.236105
-1.430890
-0.916506
-0.179215
-3.823857
-1.147025
-0.295082
-2.198659
-0.125437
-1.162941
-1.139766
-0.032561
-1.866574
-0.174035
-0.730407
-0.455341
-0.380716
-0.059962
-0.811777
-1.088424
-0.027505
-1.872037
-1.089524
-1.262974
-1.234664
-1.453536
-1.579970
-1.005861
-0.109511
-1.254962
-0.032488
-1.064843
-0.533133
-2.346296
-1.479713
-0.294115
-1.762133
-1.906423
-0.145068
-0.507594
-0.111331
-0.119067
-0.227012
-1.892469
-0.350560
-1.779733
-0.263150
-0.732426
-1.061940
-1.893430
-0.468454
-0.181026
-0.240200
-1.359231
-0.537581
-0.956121
-0.085895
-0.317133
-0.897803
-1.059269
-1.367616
-1.670325
-0.408476
-1.461230
-0.593012
-2.301880
-1.258530
-0.478404
-0.221190
-1.585279
-0.411755
-0.363306
-0.358264
-0.910089
-3.711915
-0.672421
-0.926040
-0.011138
-1.192340
-0.467946
-1.034326
-0.361662
-0.565258
-1.780629
-2.887902
-0.020186
-0.152511
-0.462313
-1.521370
-0.013759
-1.910926
-1.156406
-0.655894
-0.535432
-0.717285
-0.363700
-2.873505
-0.318386
-1.523190
-0.779739
-1.816444
-0.462361
-1.944935
-0.083928
-0.189099
-0.551125
-0.130366
-1.515729
-2.373995
-0.132431
-0.210739
-1.065931
-0.332893
-0.344342
-0.303339
-0.419832
-1.118984
-1.926023
-0.815526
-0.063800
-0.160097
-0.119771
-0.777949
-2.010511
-1.179972
-1.070950
-0.098453
-0.020955
-0.091837
-0.706229
-2.312052
-0.952922
-1.085115
-0.830980
-2.357052
-1.024875
-0.831082
-2.801351
-1.239377
-0.165109
-1.114335
-2.684909
-2.473199
-0.120264
-0.281485
-0.248717
-1.042009
-0.900790
-0.203684
-0.014958
-2.245842
-0.154636
-0.040720
-0.196810
-0.100214
-0.681896
-0.068248
-1.543218
-0.858746
-0.009082
-2.458084
-0.554222
-0.437776
-1.343533
-0.412516
-1.295607
-1.434286
-1.752350
-1.285319
-1.605231
-0.026706
-2.162389
-1.135547
-0.949057
-0.503489
-0.600926
-0.237358
-0.267673
-0.178295
-0.721593
-1.567806
-0.002275
-0.177664
-1.307409
-0.152497
-2.590069
-0.120378
-0.416491
-0.046286
-0.583167
-0.447714
-0.365090
-0.241384
-0.994836
-0.023512
-0.106095
-0.273582
-1.350841
-0.034618
-0.522551
-0.322266
-0.224078
-0.082311
-0.004445
-0.199904
-0.941340
-1.275938
-0.596590
-0.949423
-1.080584
-2.568896
-0.067434
-0.040284
-0.367169
-0.097935
-0.804438
-0.685676
-1.125568
-1.631930
-0.349985
-0.400884
-0.122013
-1.952919
-1.719106
-1.465574
-1.708990
-0.834322
-1.419314
-0.398840
-0.819155
-2.650452
-0.043423
-2.193515
-0.705249
-0.517269
-2.213644
-0.352846
-0.635639
-0.579716
-0.411708
-0.544251
-0.424444
-0.060806
-0.440789
-1.358840
-0.429928
-1.054576
-0.494004
-0.691047
-0.160367
-1.363500
-0.944741
-1.681198
-1.117719
-0.552843
-0.857894
-1.261060
-0.605707
-2.510850
-0.999962
-0.041681
-0.263225
-1.432597
-0.454961
-1.662215
-1.184764
-0.035755
-0.507059
-1.093792
-0.310705
-0.351685
-1.138939
-1.023068
-0.360598
-1.326456
-1.202470
-0.597012
-0.638679
-1.845430
-2.077517
-0.943666
-0.672922
-0.562138
-0.474994
-1.060240
-1.084232
-0.023211
-1.042334
-0.133963
-0.203054
-0.175833
-0.214160
-1.539176
-0.516508
-0.215541
-0.345696
-0.516411
-0.458053
-0.508077
-2.326651
-0.318259
-0.195045
-0.070391
-0.779635
-1.354661
-0.832442
-0.210153
-0.417922
-0.137174
-0.101826
-0.164276
-1.246590
-0.023683
-0.066876
-0.083504
-0.678616
-0.222339
-1.045732
-0.488848
-0.830476
-1.118365
-0.834212
-0.589760
-0.335953
-1.009711
-3.421193
-0.991678
-1.384596
-0.049771
-2.393462
-2.899469
-0.167716
-2.779245
-2.998978
-0.877465
-1.263842
-0.169596
-1.641413
-0.309413
-0.869031
-1.023379
-0.801001
-0.200444
-1.507491
-1.805940
-0.505397
-0.972287
-0.599149
-0.121292
-1.373195
-0.234792
-0.164977
-2.256359
-1.882764
-0.514924
-0.172334
-0.926716
-0.279621
-1.394565
-2.694407
-0.406694
-0.445006
-0.933174
-1.225476
-0.156196
-2.191553
-2.019437
-0.497063
-1.043034
-1.933155
-2.566464
-2.809302
-0.323852
-1.664061
-0.299291
-1.776208
-1.145131
-1.663211
-0.011325
-1.759430
-2.125067
-1.228117
-0.799398
-0.328890
-0.162672
-1.650263
-0.081962
-0.634470
-0.399234
-0.102754
-0.283280
-1.581373
-0.621043
-0.288228
-1.206131
-0.157506
-1.708386
-1.266403
-0.530812
-0.917432
-0.313158
-0.069621
-0.103849
-0.054383
-0.195581
-0.309687
-0.948341
-0.629057
-0.707585
-0.727021
-0.826671
-0.995178
-0.014314
-0.066323
-0.093369
-0.078747
-0.414141
-2.011771
-0.654225
-1.250777
-1.133175
-0.770948
-0.398968
-0.051074
-1.709832
-0.045038
-2.342686
-0.248099
-2.520237
-0.205836
-0.540005
-1.967096
-0.425787
-1.686540
-0.016795
-0.158045
-0.693445
-0.331751
-0.500270
-0.950426
-0.424768
-0.037407
-2.030852
-0.419516
-0.822173
-0.631205
-0.513255
-0.761828
-0.796384
-0.252233
-0.159839
-0.354641
-1.837183
-0.408782
-0.750626
-1.128597
-0.774857
-1.021276
-0.389661
-2.290311
-2.012424
-1.552323
-2.987057
-0.291658
-0.109324
-1.555030
-4.046982
-0.188157
-2.119898
-0.508025
-0.641338
-1.033074
-0.810993
-1.927881
-0.570802
-5.339208
-0.950625
-1.040355
-1.331670
-0.667452
-1.439392
-0.556413
-1.091109
-2.363684
-1.114853
-0.265581
-1.540416
-3.030584
-1.381791
-3.033892
-0.783333
-0.552199
-1.700753
-0.695217
-0.602169
-0.391327
-0.808638
-2.246521
-0.710007
-0.508457
-0.071779
-1.829415
-0.193500
-1.627396
-1.857141
-1.936878
-0.464043
-2.750348
-0.803481
-0.019821
-2.155485
-1.094193
-0.035435
-2.610729
-0.345637
-1.037122
-0.150467
-1.921452
-0.856394
-4.108023
-0.660375
-0.262025
-1.779139
-0.085680
-0.841469
-0.029499
-3.236360
-0.159727
-0.929103
-2.299565
-0.244981
-0.343963
-1.164834
-2.148892
-0.862621
-0.397586
-0.252813
-0.627834
-1.620594
-0.247283
-1.939368
-0.199339
-1.204931
-3.561682
-0.963193
-1.570860
-0.493725
-1.313793
-1.289738
-0.300234
-1.683200
-0.956189
-0.612501
-0.189334
-1.281053
-1.346786
-2.022746
-0.302997
-1.198554
-0.020589
-0.806774
-1.847933
-1.188915
-0.499942
-1.085872
-2.951793
-2.765294
-1.464975
-1.533007
-0.112951
-1.065540
-0.068681
-1.198621
-0.038450
-0.355309
-0.038386
-1.004023
-1.099848
-1.793216
-3.223618
-1.403644
-0.377304
-0.040475
-2.772201
-0.683333
-1.562435
-0.046180
-3.128909
-0.939210
-0.267904
-0.749095
-0.413573
-0.927618
-0.677827
-0.517432
-0.994358
-0.384023
-0.161831
-1.473640
-0.278080
-0.199029
-0.073713
-0.039002
-1.885632
-0.062598
-1.013115
-1.213147
-1.602692
-0.952241
-0.092942
-0.697640
-0.042057
-0.354417
-0.250423
-0.362449
-0.069225
-0.941255
-0.655525
-2.578493
-0.122662
-0.059816
-1.401215
-0.497520
-0.012283
-0.462027
-3.161924
-0.248477
-2.481866
-0.600036
-1.075442
-0.458407
-0.081020
-1.034561
-0.076360
-0.027467
-0.940783
-0.326955
-1.403216
-0.580570
-1.115130
-1.296528
-0.132049
-0.207636
-0.578236
-1.488900
-0.668025
-0.694668
-1.324147
-2.286239
-0.937060
-0.130525
-0.175973
-0.376199
-0.336293
-0.611226
-0.346695
-0.291152
-1.477514
-0.522309
-0.244685
-0.965321
-0.673078
-1.978088
-0.224696
-0.446160
-0.078180
-0.615075
-2.736929
-0.531602
-0.192126
-0.718320
-0.129340
-0.594488
-1.808703
-1.248286
-0.603515
-2.245636
-0.291137
-0.935130
-1.117338
-1.138398
-3.073597
-0.654941
-0.333395
-0.930829
-1.023144
-3.511530
-1.526672
-0.267372
-0.830002
-0.805997
-2.009903
-0.240849
-0.610159
-3.371371
-0.141047
-1.043612
-0.106537
-0.292006
-0.350505
-1.285683
-0.644343
-0.360181
-0.031496
-0.567138
-0.258591
-0.214107
-0.204445
-0.361242
-1.030633
-1.976252
-0.237966
-2.000705
-1.242260
-1.042888
-1.064075
-0.040034
-3.442055
-0.334905
-0.720284
-0.330075
-2.289122
-2.056255
-0.187747
-0.304601
-0.815341
-0.315557
-0.584795
-1.625069
-0.476380
-0.001171
-2.019279
-4.757209
-1.434909
-0.282467
-3.386287
-0.966038
-0.120510
-1.289347
-0.320706
-0.359177
-1.298116
-1.250116
-0.289058
-0.038747
-0.677065
-0.648871
-0.312255
-1.798729
-2.305328
-0.288124
-0.482677
-1.771412
-2.872095
-0.553277
-1.598429
-0.063638
-0.238234
-0.086478
-0.220920
-0.069724
-0.250381
-1.212565
-0.184663
-0.981474
-0.354951
-0.373426
-0.957308
-1.070228
-0.051082
-0.298052
-0.272289
-3.898741
-0.657214
-1.227579
-1.189766
-3.786315
-0.476481
-1.585605
-0.132504
-1.509799
-0.209079
-1.238569
-0.347603
-1.829367
-3.146475
-0.249806
-0.076896
-0.387305
-0.244627
-0.610410
-0.764863
-0.098880
-1.142618
-0.144842
-2.402511
-0.165147
-1.299730
-0.271149
-1.475190
-0.284917
-0.321243
-0.926678
-0.092613
-0.762110
-0.378059
-0.814143
-2.800045
-2.474664
-0.721355
-0.266377
-0.396672
-0.190793
-0.036122
-0.057359
-1.902420
-0.802120
-0.208424
-0.142519
-0.626423
-0.442448
-0.693137
-1.576210
-0.126716
-0.621032
-0.491603
-0.408445
-1.470216
-0.153323
-2.278142
-0.798705
-0.426918
-0.923617
-1.498808
-0.861078
-0.403799
-1.234571
-1.605757
-0.232342
-0.085017
-1.329092
-0.297286
-1.562698
-1.775382
-3.691942
-0.512295
-1.834430
-1.653923
-0.819651
-3.389927
-1.271064
-0.013217
-0.062709
-0.300594
-0.048486
-0.065834
-0.676714
-2.098825
-1.503556
-0.668862
-0.054480
-0.097192
-0.736439
-1.624910
-3.762723
-2.403353
-0.398517
-1.054061
-1.222303
-0.122527
-2.573908
-0.709487
-1.639863
-0.008487
-1.756722
-2.345011
-0.418112
-0.251624
-3.557649
-0.880426
-1.090506
-0.606785
-0.004115
-0.693993
-0.040822
-0.299894
-1.112382
-2.005793
-2.118715
-2.143466
-0.704364
-0.199536
-0.088045
-0.490967
-0.044894
-0.306176
-0.138782
-0.944042
-1.779175
-0.392654
-1.000350
-0.584273
-1.489337
-0.115930
-1.960172
-1.364521
-1.207439
-0.000537
-3.480093
-0.176910
-0.756682
-0.421671
-1.124406
-2.599033
-0.972747
-0.267481
-0.151269
-0.448046
-0.140370
-1.147783
-0.310956
-1.523538
-0.721238
-0.056089
-0.144426
-2.359295
-0.011267
-0.843895
-0.986205
-0.177755
-0.425789
-0.076751
-2.645375
-0.698737
-0.009388
-0.058312
-2.325675
-0.102892
-1.012101
-0.069248
-1.601873
-0.044227
-0.161281
-0.059991
-1.512820
-2.557110
-2.378764
-0.160734
-2.296047
-0.161881
-1.111833
-1.186070
-1.081937
-0.105092
-1.761462
-0.726218
-1.654170
-0.215251
-0.131332
-3.540744
-0.284633
-0.055774
-0.063875
-1.792662
-0.724577
-0.094660
-0.733940
-0.161204
-0.860476
-0.449007
-0.212263
-0.643187
-0.264426
-0.440967
-0.649131
-0.700092
-3.931875
-0.109548
-0.299865
-0.816842
-2.427517
-0.846265
-1.084493
-0.811701
-0.554831
-0.681210
-1.215149
-2.480546
-0.888739
-0.899413
-0.385916
-0.365417
-0.181558
-0.564873
-0.176053
-0.279258
-0.266408
-0.688982
-1.089968
-0.485681
-0.643073
-0.086189
-0.145476
-2.110378
-0.427293
-0.338800
-2.578688
-1.064520
-0.649491
-0.606226
-0.175224
-0.048730
-0.341043
-1.770375
-0.414352
-0.018806
-0.604100
-0.604566
-0.095176
-2.251489
-0.662490
-0.797412
-0.110928
-0.134430
-1.065355
-0.610628
-0.520036
-0.677243
-0.998430
-1.389890
-1.003436
-0.008807
-2.095985
-2.278956
-0.302804
-2.676851
-0.935946
-0.112264
-0.832165
-1.838668
-1.853710
-0.968263
-1.738574
-0.102255
-0.443811
-1.015989
-0.340379
-0.098180
-0.879457
-0.978534
-1.646428
-2.629828
-2.154405
-0.286677
-1.333801
-3.130408
-0.009919
-1.011644
-0.445666
-1.696543
-0.177329
-0.033905
-0.172636
-1.434857
-0.288789
-0.223102
-0.806765
-0.375959
-1.352254
-0.255824
-2.366371
-2.788399
-1.102014
-2.164076
-0.718174
-0.611179
-1.472791
-1.394063
-0.197188
-0.985897
-0.657841
-0.003532
-0.639292
-0.287371
-0.677392
-0.042056
-1.397401
-1.888811
-0.273088
-1.291111
-0.196641
-0.487922
-1.202817
-1.377996
-1.396686
-0.000690
-0.220633
-0.638428
-1.052477
-0.133679
-0.840725
-1.157050
-0.007769
-0.147466
-0.439601
-0.334339
-0.858984
-1.001296
-0.104503
-1.536540
-4.099685
-1.682536
-1.322921
-3.113460
-1.202385
-2.608767
-1.111261
-0.851520
-2.084702
-1.107185
-1.725086
-0.424653
-1.032942
-0.367082
-0.711266
-0.895110
-0.369465
-0.897016
-0.088885
-1.062113
-0.090752
-1.428871
-0.545483
-1.483980
-1.091003
-0.004034
-1.196391
-1.767030
-0.797769
-1.021317
-2.072710
-0.230728
-1.352684
-0.396429
-0.050681
-0.356812
-0.496892
-1.843863
-1.018533
-0.152026
-0.338308
-2.374410
-2.373370
-0.357493
-0.533051
-1.328005
-0.938095
-0.022038
-0.664469
-0.013559
-2.857581
-2.671796
-1.061908
-0.848057
-1.034477
-1.085204
-0.356930
-1.411394
-0.520373
-2.267987
-1.193895
-0.400275
-1.188383
-2.308366
-0.762555
-0.710140
-0.405536
-1.013630
-1.706613
-2.353185
-0.204203
-0.486473
-0.429754
-0.764806
-0.499204
-0.770157
-0.774159
-0.190790
-0.466084
-0.086186
-0.137619
-0.157561
-0.462685
-0.816376
-0.511832
-0.524723
-0.044194
-0.181546
-0.533157
-3.589213
-0.307519
-0.596488
-0.137951
-0.206508
-0.756414
-0.677821
-2.016332
-0.312304
-3.118198
-0.318501
-2.092266
-1.590147
-1.397512
-0.498786
-1.039659
-0.156952
-1.475971
-0.150280
-0.667075
-0.711126
-1.773189
-1.987260
-0.454142
-1.958780
-1.030033
-0.604527
-1.357167
-0.707686
-0.473270
-0.148202
-0.574970
-0.707913
-1.281514
-0.054744
-0.099767
-0.539424
-1.619268
-1.052513
-0.747005
-0.560546
-2.562863
-0.135364
-0.139450
-2.323021
-2.229740
-0.902995
-1.121230
-0.332055
-1.236357
-0.454837
-0.070236
-2.204086
-0.177629
-1.094730
-0.557253
-0.189288
-1.260115
-3.962253
-1.475293
-1.367312
-1.304872
-0.027152
-4.496156
-0.195332
-0.346760
-0.267933
-0.138984
-0.661649
-1.748582
-0.220168
-0.777856
-1.099775
-0.319432
-0.788684
-0.472506
-0.136943
-0.204753
-0.205384
-1.607476
-0.040463
-1.074601
-0.176132
-0.743379
-2.061487
-0.839319
-0.346676
-0.786939
-0.674182
-0.989028
-0.238588
-0.954149
-1.112408
-1.487320
-0.322608
-1.551757
-0.001223
-2.644040
-0.052090
-0.076241
-0.979641
-0.158631
-0.777033
-0.947823
-0.385144
-1.129870
-1.808452
-2.816639
-0.219276
-1.056232
-2.937060
-0.277843
-0.213357
-1.602396
-1.918107
-1.766473
-1.074683
-0.845966
-0.252768
-0.800899
-0.370804
-0.918893
-0.881747
-0.724313
-0.814910
-0.671812
-0.382746
-0.577413
-0.163476
-1.050692
-1.414322
-0.365823
-0.284662
-0.031601
-2.061650
-1.269970
-0.368178
-0.486300
-0.946189
-1.681385
-0.289748
-0.821244
-0.093981
-0.244364
-0.774945
-0.129888
-0.953938
-0.096574
-0.242590
-0.851640
-1.044884
-0.492350
-0.778938
-2.012434
-2.652130
-2.202956
-0.109721
-0.552926
-0.809318
-1.238488
-0.419330
-0.362264
-1.705600
-0.312175
-2.263169
-0.668250
-0.121388
-0.114339
-0.983003
-1.392732
-0.293338
-2.618907
-0.161115
-2.669146
-0.817199
-0.189218
-2.780913
-0.051033
-0.565097
-0.350693
-0.563382
-0.096312
-0.343994
-0.033227
-2.870800
-2.503782
-2.073840
-1.316345
-0.768682
-1.890320
-2.866029
-0.296190
-2.645626
-1.204440
-1.513631
-2.441697
-0.231295
-2.102157
-2.574746
-0.576421
-1.918630
-1.141106
-0.222142
-2.479944
-0.066525
-0.338018
-0.002907
-1.207122
-0.951567
-1.579802
-0.323189
-1.236207
-0.637585
-0.083531
-1.412844
-1.881099
-0.249886
-0.907772
-0.988661
-0.203157
-2.287546
-1.149134
-0.019875
-2.250288
-0.915036
-2.399586
-1.367908
-1.659947
-0.759851
-1.373400
-1.364609
-0.586832
-1.232710
-0.108084
-0.170389
-0.542557
-1.461666
-0.655525
-1.111896
-1.706886
-0.839730
-1.559376
-0.950911
-0.318652
-2.021326
-1.816327
-1.413352
-0.726223
-0.385598
-0.579453
-1.179684
-1.964935
-0.027993
-1.615741
-0.087116
-1.712041
-2.620723
-0.010598
-0.582111
-0.087921
-0.849198
-0.090425
-0.056878
-0.315396
-1.948826
-0.384346
-1.361935
-0.368818
-0.028912
-1.068664
-0.397743
-0.243181
-0.943556
-2.200663
-0.477269
-0.299744
-0.082709
-1.065513
-2.685573
-0.086333
-0.028942
-4.013535
-0.282972
-0.123441
-0.514175
-0.630624
-1.374358
-1.070402
-0.838886
-1.683672
-1.291957
-1.268807
-0.212570
-2.493284
-0.630444
-1.564219
-1.876654
-3.054464
-1.471492
-1.309329
-0.331686
-0.154326
-0.067587
-0.529841
-0.185831
-0.966732
-0.011370
-0.063527
-0.572849
-0.305116
-2.778117
-1.822607
-1.145335
-0.929886
-3.360731
-1.555345
-0.703740
-1.117641
-2.284763
-0.238003
-0.102414
-1.510983
-0.583186
-0.525699
-0.056643
-3.310064
-0.206595
-0.203860
-0.135249
-1.031306
-0.162889
-0.400141
-2.571914
-2.665590
-0.760444
-0.009001
-0.797065
-1.671959
-0.826326
-0.185328
-1.278077
-1.193794
-0.250887
-0.772886
-1.166448
-1.514551
-0.635988
-1.113278
-1.814794
-1.343011
-1.272745
-2.134332
-0.856158
-1.168299
-0.324694
-0.381724
-2.876510
-2.287708
-0.142279
-1.406644
-0.151644
-0.164931
-0.603589
-0.199945
-1.106686
-1.003655
-0.059536
-0.019104
-2.011889
-0.973125
-0.615767
-0.132124
-0.594645
-0.016059
-0.252844
-1.438593
-0.117133
-1.055305
-0.847448
-3.398254
-1.479105
-0.662774
-0.824945
-0.352763
-3.525187
-2.704477
-1.916175
-1.111473
-0.300526
-3.038715
-0.964334
-1.190899
-1.034175
-0.348107
-1.762630
-0.298376
-0.248347
-2.929862
-0.348604
-1.202876
-0.100521
-0.356919
-0.792482
-1.160268
-0.068768
-1.430095
-0.626374
-0.050115
-0.392171
-2.683007
-0.247120
-1.281733
-4.241177
-0.038641
-0.211366
-0.849985
-0.895579
-0.069016
-0.194712
-0.431660
-0.760750
-0.899596
-0.125637
-1.410583
-1.899828
-2.449814
-2.149695
-0.013069
-0.466610
-1.444880
-2.419704
-0.620499
-2.875952
-2.619887
-1.447142
-3.895724
-0.833593
-0.805469
-0.106261
-0.634134
-0.704820
-0.228295
-0.326099
-0.426756
-2.097197
-0.868527
-0.314037
-0.765294
-1.234925
-0.365837
-0.795908
-0.186056
-0.129887
-0.960027
-0.270351
-2.146958
-0.943245
-0.736301
-1.223419
-0.307685
-0.549786
-1.301086
-0.087588
-0.116545
-1.564631
-0.121640
-0.593230
-1.121710
-0.508417
-0.112204
-0.710725
-2.093311
-1.381931
-1.189125
-0.704876
-0.607222
-0.260010
-0.210591
-0.376634
-0.273995
-2.119862
-0.112208
-1.206476
-1.592273
-1.153211
-0.018457
-0.200090
-0.747116
-1.420660
-0.046758
-2.281425
-0.356030
-0.619853
-0.971936
-1.963367
-0.526759
-1.501535
-0.358644
-0.144819
-0.730600
-0.490922
-0.005309
-0.667314
-0.225291
-0.207876
-0.127148
-2.940596
-0.680151
-1.120853
-1.301664
-1.417473
-0.002970
-0.349465
-0.954467
-0.732239
-0.402509
-0.947150
-0.019268
-1.709333
-0.005793
-0.496773
-0.706286
-1.181590
-0.035020
-0.487471
-0.212125
-1.038404
-0.368295
-0.653947
-2.311549
-0.152929
-0.924992
-0.794789
-0.367739
-0.979455
-0.117455
-1.389799
-1.914016
-0.947774
-0.489456
-3.575399
-1.192913
-1.800654
-1.368364
-2.576413
-0.777175
-2.145513
-0.219158
-0.535112
-3.068290
-1.056355
-0.849988
-0.021838
-0.615717
-2.694496
-1.480388
-0.782126
-0.143682
-0.082561
-3.440884
-0.740650
-0.338785
-2.449607
-1.993942
-0.375700
-1.475660
-1.426117
-0.152866
-0.847427
-0.776404
-0.751112
-0.030223
-0.166699
-1.625969
-0.314067
-1.085168
-1.700037
-2.270294
-0.160206
-0.897347
-2.175283
-0.052909
-1.801100
-0.043207
-2.145212
-1.053439
-1.084137
-0.291722
-0.498399
-0.595008
-0.027341
-0.111716
-0.591099
-1.861555
-1.553784
-1.424466
-1.860096
-0.089333
-0.568447
-0.791891
-0.081629
-0.864772
-0.869766
-0.248908
-2.703074
-1.661835
-3.026220
-0.077671
-0.399579
-0.028522
-1.347324
-0.529887
-0.187598
-1.009041
-1.117559
-0.075299
-0.328186
-0.306612
-0.712736
-0.827699
-0.050688
-1.731877
-0.951341
-0.131867
-0.449999
-1.138362
-0.334444
-0.188615
-0.226615
-2.549906
-1.236478
-0.444632
-0.830178
-0.113082
-0.928589
-1.362077
-0.121253
-0.623072
-1.836280
-0.794128
-0.081957
-0.904575
-0.145405
-1.231557
-0.418819
-1.935943
-0.827019
-0.189266
-0.227105
-2.037026
-1.581389
-0.080042
-0.318873
-0.201154
-1.693800
-0.813507
-3.534503
-1.534122
-0.541112
-0.472379
-2.449348
-0.552338
-0.256678
-1.546966
-0.989621
-0.195775
-0.494262
-2.890360
-0.330135
-1.986775
-0.828491
-2.811739
-0.558272
-0.424239
-0.228910
-0.919530
-0.393494
-2.123110
-1.879457
-0.054049
-0.917487
-0.174668
-0.138515
-1.304603
-0.308833
-1.097427
-1.134278
-0.332316
-1.902816
-0.574100
-1.280992
-0.600169
-1.938028
-1.237816
-0.512308
-2.008827
-0.433422
-1.079588
-0.115982
-0.939725
-0.832166
-0.085267
-2.884003
-1.517446
-0.513797
-0.071010
-0.446521
-1.349424
-0.978747
-0.980734
-0.129002
-0.638503
-0.120131
-0.192554
-0.218090
-0.754566
-1.020313
-1.367606
-0.486133
-0.386983
-0.212379
-1.899796
-0.070545
-1.575478
-0.816542
-0.575093
-0.347721
-1.129523
-0.413904
-0.555199
-0.625903
-0.921921
-0.205177
-0.039563
-0.339212
-1.161894
-0.752267
-1.590354
-2.039105
-0.108063
-0.428294
-0.792689
-1.691064
-0.530051
-1.439774
-0.373053
-1.430376
-1.162578
-0.660616
-0.278579
-0.670336
-3.075806
-0.294499
-0.112607
-0.501025
-0.930116
-0.513833
-0.166579
-0.313391
-0.844599
-1.416124
-0.099629
-0.088316
-0.053792
-1.418220
-2.961747
-0.751067
-0.111580
-2.993505
-0.735209
-1.011222
-0.129141
-2.330916
-2.785998
-2.084749
-0.570644
-1.647272
-0.511316
-2.409538
-0.037198
-2.085155
-0.787659
-0.225546
-0.701493
-0.617847
-0.028044
-0.869096
-2.077995
-1.203622
-0.808655
-0.451068
-0.767893
-2.152090
-0.928368
-1.638716
-0.764555
-1.020997
-0.837444
-1.764643
-0.154986
-0.084130
-0.513050
-0.720623
-0.055979
-0.763696
-0.687643
-1.516679
-0.891720
-0.361735
-0.125957
-0.100923
-0.578902
-0.265509
-3.387570
-0.540614
-1.160279
-0.337598
-0.817008
-0.108947
-1.110451
-0.061068
-0.231488
-0.400438
-1.248837
-0.247050
-1.191856
-1.300346
-0.020680
-0.345741
-0.758938
-2.291281
-1.514759
-0.598943
-0.212763
-1.308104
-2.267974
-0.857674
-0.278421
-0.664375
-0.316643
-0.197485
-1.542570
-2.505632
-0.250210
-0.196930
-0.235193
-0.765886
-2.377622
-0.039889
-1.521800
-1.092731
-0.334744
-0.901843
-1.693694
-1.315561
-0.274251
-0.267446
-0.415741
-0.507743
-0.294158
-0.074176
-0.803253
-0.109539
-0.231073
-0.083096
-1.232938
-0.038169
-1.044374
-0.383188
-0.656677
-0.755223
-0.304853
-1.156767
-0.965438
-1.807355
-0.191597
-2.567302
-1.073806
-0.472461
-0.725812
-0.417724
-0.128058
-2.831967
-2.214623
-0.026287
-0.576173
-0.528931
-1.052324
-0.276254
-1.159091
-0.221517
-1.063194
-2.641773
-1.447233
-0.680334
-2.910465
-0.849920
-0.457825
-1.218510
-0.341115
-1.559130
-0.086905
-1.096397
-1.020205
-0.018582
-1.186000
-0.471369
-0.368078
-0.121456
-0.740548
-0.732563
-2.128235
-3.431311
-0.026677
-2.098654
-0.006790
-0.092292
-0.702196
-1.680729
-1.349220
-0.805931
-0.167126
-0.209799
-0.922549
-1.208180
-0.259641
-0.237014
-1.145558
-0.998891
-0.127790
-0.983323
-0.036203
-0.115148
-0.214583
-2.003957
-1.320209
-0.148865
-0.824178
-0.996709
-0.410219
-0.091908
-0.135558
-2.224460
-0.850707
-1.567476
-1.076602
-0.171018
-0.177397
-1.053407
-1.351533
-1.218958
-3.243298
-0.689902
-0.993250
-1.628580
-3.272450
-0.522509
-1.667315
-1.277600
-1.513306
-0.784748
-0.959040
-2.537739
-0.354258
-0.509838
-0.004448
-1.755254
-1.594370
-0.355226
-3.507604
-0.419367
-0.338975
-0.287317
-1.043988
-2.436667
-0.105022
-1.615733
-0.482414
-0.155945
-0.415496
-0.259825
-1.054474
-0.678988
-0.803258
-0.138932
-0.306492
-1.072201
-0.103303
-1.721888
-0.032792
-1.437789
-1.136928
-0.480967
-0.813791
-0.630708
-3.027377
-0.076383
-0.573586
-0.361757
-1.434568
-0.583296
-0.956857
-0.071982
-0.509192
-0.929339
-1.755886
-3.316581
-0.437063
-1.077126
-2.977895
-0.978692
-0.002028
-0.502792
-0.042156
-2.356965
-0.901590
-0.334154
-0.807820
-0.681375
-0.572548
-5.294559
-1.419812
-1.318815
-1.646622
-0.335602
-0.122533
-1.407379
-0.393263
-0.936091
-0.511887
-0.117063
-1.526075
-0.116299
-0.034793
-1.699633
-2.739707
-1.701659
-0.299325
-1.299115
-1.000708
-0.835121
-1.128562
-0.961847
-0.104890
-0.138155
-0.713723
-0.264684
-0.076317
-0.568552
-3.372825
-0.008551
-0.805912
-0.920120
-0.345043
-2.384245
-0.173067
-1.017232
-0.285833
-2.334465
-0.167629
-0.906399
-0.107561
-0.006648
-0.507846
-1.131011
-0.310353
-1.532624
-2.822161
-1.981050
-1.166299
-0.053422
-0.452791
-2.261387
-1.058621
-0.613965
-1.769668
-1.500427
-0.038390
-0.404963
-0.554877
-1.549280
-0.127577
-0.274083
-0.081828
-1.017857
-0.136503
-0.055734
-0.858216
-0.593866
-1.111268
-0.390126
-0.279653
-0.344048
-0.410787
-2.145811
-1.251498
-0.529298
-1.508060
-0.500027
-0.652359
-0.015558
-1.680550
-0.248568
-0.112931
-0.000361
-0.417186
-0.528907
-2.788113
-0.065403
-0.731517
-0.971347
-0.545229
-0.906843
-0.799619
-0.856506
-1.680947
-0.013458
-1.704386
-0.637113
-0.392780
-0.467548
-0.047794
-0.073775
-0.905182
-0.111599
-2.050595
-0.488713
-1.380450
-1.873089
-1.094662
-1.061142
-2.590392
-0.117389
-0.700719
-0.141009
-0.011941
-1.813078
-1.217814
-1.586221
-0.434275
-0.014418
-1.340721
-0.981696
-2.254033
-0.876382
-0.905725
-1.619930
-0.443943
-0.115374
-2.619087
-1.769673
-0.054506
-2.449724
-0.402712
-2.028387
-0.327537
-0.235276
-0.516650
-2.123650
-0.810452
-1.582695
-3.687721
-0.061089
-2.231579
-0.203044
-1.362922
-0.377365
-0.346951
-0.167219
-0.214024
-0.127525
-0.092431
-2.527191
-2.136170
-0.839258
-0.713204
-1.880980
-0.649535
-0.581853
-0.497225
-0.199590
-0.348509
-0.764563
-0.268365
-0.555938
-2.079633
-0.046582
-2.208522
-1.050346
-0.315456
-0.899156
-0.676253
-0.003729
-1.505572
-1.017419
-0.147835
-1.224335
-0.411025
-0.498507
-0.437931
-0.060991
-5.034699
-0.249105
-0.970206
-1.382784
-0.897467
-0.501578
-1.093290
-0.828421
-0.132941
-0.195137
-0.888991
-0.371148
-1.707186
-2.451648
-0.055521
-0.054187
-1.642323
-0.488873
-0.302391
-0.477914
-0.164952
-3.280173
-0.121134
-1.958251
-0.329691
-0.529450
-2.841878
-0.003554
-1.900517
-0.995815
-0.416347
-0.100277
-0.567699
-0.687895
-0.126622
-0.516297
-2.229877
-0.057302
-0.387998
-1.785236
-0.016212
-0.392444
-1.120352
-0.531224
-0.026388
-1.592160
-0.148227
-0.155604
-3.493293
-1.256683
-1.109361
-1.660591
-1.761585
-0.989182
-0.440495
-2.565719
-0.046425
-0.605962
-2.311366
-0.869014
-0.216338
-0.132474
-0.695207
-0.325057
-0.251504
-1.303001
-1.650915
-0.337765
-0.392078
-0.497485
-0.615895
-0.112655
-0.669048
-0.202452
-0.118925
-0.148604
-0.569491
-0.144388
-0.356075
-0.385236
-0.459082
-1.032236
-1.053331
-0.885552
-0.057329
-1.214903
-1.250884
-0.816615
-0.926362
-0.146144
-0.427473
-1.023770
-0.676497
-0.013365
-0.078319
-1.648620
-0.293406
-1.215600
-0.075283
-1.704065
-0.065066
-2.541994
-0.411070
-0.262094
-0.449350
-1.984053
-0.318627
-0.456641
-0.220479
-0.752374
-0.161726
-0.169402
-2.600958
-1.168964
-2.918359
-0.848651
-3.644844
-1.887715
-0.933616
-0.625593
-1.104712
-0.663134
-0.020661
-0.142645
-0.499603
-0.611915
-0.895948
-0.107372
-0.001442
-0.137557
-0.189188
-0.941671
-1.055532
-0.967209
-0.405292
-0.226235
-0.509345
-0.628247
-0.182103
-1.463312
-0.158884
-0.144818
-0.137011
-0.520101
-2.580760
-0.634703
-1.796918
-0.763157
-0.234524
-1.032576
-0.538450
-0.330610
-2.014379
-1.088066
-0.717388
-0.086738
-0.610423
-2.668589
-3.648313
-0.775425
-3.989966
-2.080524
-0.712544
-1.147687
-0.551097
-0.220950
-0.412836
-0.537858
-0.585554
-1.340883
-0.221799
-0.482398
-2.430370
-2.806921
-0.499898
-1.111777
-1.218521
-2.815174
-0.883434
-2.994543
-2.635307
-0.813265
-0.565037
-0.620717
-0.736923
-1.250654
-2.292824
-2.318141
-0.510311
-0.889324
