-1.841581
-1.434801
-0.995875
-0.103285
-0.159826
-1.250366
-3.287085
-0.038614
-0.182674
-0.210451
-0.525432
-0.104311
-1.063635
-1.784752
-2.944135
-1.988165
-0.285290
-3.464863
-2.270663
-1.620823
-0.444523
-3.649697
-1.402874
-0.531148
-0.177693
-0.810724
-2.396024
-1.197294
-0.124036
-0.892660
-0.891375
-0.405131
-1.673192
-1.549780
-1.780817
-1.658696
-1.842146
-2.367139
-0.665450
-0.071459
-0.228557
-1.689861
-8.175814
-0.800075
-2.888493
-0.120158
-0.286790
-2.763454
-1.223610
-0.662452
-1.531835
-2.574067
-2.476329
-0.825581
-0.097182
-0.160959
-1.168123
-3.624026
-1.381478
-0.234484
-2.651210
-0.040622
-0.267359
-0.536888
-0.235020
-0.611601
-0.721930
-0.900478
-2.152441
-0.208227
-0.357121
-0.227049
-1.267759
-0.486837
-0.211617
-1.986803
-2.042429
-0.061461
-2.570657
-0.385810
-0.235149
-2.766303
-0.109360
-0.527102
-5.382663
-4.227389
-0.001490
-1.179113
-0.171435
-3.915819
-0.067812
-0.271606
-0.100605
-0.453588
-0.780272
-1.580727
-2.799570
-2.592232
-1.708404
-0.974074
-2.450057
-0.142166
-2.639245
-0.847055
-0.949179
-1.553076
-1.897995
-3.088581
-0.002838
-0.544237
-0.262467
-2.914150
-2.909320
-1.184933
-0.801769
-1.497548
-1.411787
-1.541775
-1.044319
-1.073306
-1.271065
-0.062128
-0.640982
-0.186695
-2.041886
-4.519555
-0.923897
-0.836319
-1.046418
-1.298871
-1.688839
-0.318761
-0.449103
-3.949169
-1.862792
-0.665351
-2.048875
-0.607722
-0.737841
-0.810374
-2.744061
-0.010782
-1.491525
-1.731939
-0.376478
-0.912615
-0.881491
-0.038544
-0.091955
-0.561689
-0.424725
-1.312190
-0.956682
-0.368541
-2.491378
-2.120118
-0.678424
-0.441351
-1.327694
-0.736771
-1.293812
-2.454471
-0.380546
-2.594232
-0.741281
-0.001794
-4.285335
-3.114378
-1.403882
-0.706651
-0.314900
-1.675413
-0.783908
-0.063316
-0.220793
-2.370911
-0.007943
-1.375438
-0.023753
-0.771120
-0.310202
-0.971785
-0.766946
-0.275276
-1.189182
-1.718705
-0.143441
-0.038797
-1.338152
-0.954155
-0.960843
-0.334470
-0.284372
-0.265052
-1.362356
-0.958555
-2.991594
-0.159520
-1.159442
-1.077696
-0.209008
-2.046512
-0.026152
-0.883097
-0.122328
-1.873473
-2.138704
-0.353469
-2.431387
-1.791199
-2.272396
-1.428789
-1.326678
-1.027119
-1.607432
-1.804736
-0.457692
-0.776543
-1.120193
-0.406468
-0.668213
-0.889374
-3.030540
-0.416594
-0.211439
-0.003903
-1.357941
-0.724397
-0.849726
-0.495852
-0.304576
-0.851136
-0.201571
-1.332506
-1.666203
-0.353527
-2.876649
-0.720145
-0.151866
-2.184010
-0.208559
-0.838947
-2.771463
-1.126843
-0.181102
-1.472266
-0.144516
-1.344506
-0.940506
-0.163419
-2.703520
-0.359286
-2.587470
-0.622092
-0.772655
-0.497549
-0.026712
-2.104945
-1.377980
-0.744086
-0.339709
-0.189205
-1.556933
-2.204572
-0.042255
-2.843153
-0.494540
-1.073795
-2.689269
-0.562339
-3.291457
-0.906258
-0.383651
-0.488557
-0.612946
-0.020825
-0.715600
-1.727918
-2.001885
-0.335791
-1.773147
-0.860388
-1.902752
-1.617029
-0.080496
-2.002490
-0.280404
-1.849697
-0.614177
-1.673134
-0.995786
-0.184506
-3.472939
-1.333194
-0.100128
-0.512257
-1.060965
-2.731866
-1.043568
-0.376704
-1.410618
-0.626116
-1.172679
-0.034591
-1.013291
-0.799037
-0.725803
-0.639472
-0.795230
-0.554817
-0.930874
-0.779181
-1.443386
-1.096184
-2.744863
-2.273628
-2.323137
-2.771310
-0.279709
-0.097496
-0.783042
-0.058048
-0.931096
-1.179324
-2.116822
-1.438732
-2.764858
-0.145875
-1.543912
-0.456483
-1.727939
-0.470241
-0.023560
-0.800954
-0.699729
-0.840528
-0.749554
-0.763217
-0.771043
-1.052503
-5.223267
-1.369464
-1.173500
-1.594469
-0.687206
-1.384540
-0.037079
-1.804235
-1.240843
-3.196641
-3.016325
-0.371908
-1.186956
-0.637010
-0.150770
-1.214775
-0.798272
-0.842506
-0.479916
-0.530726
-0.062441
-0.233946
-2.330316
-0.654350
-0.235340
-2.389013
-2.367601
-1.805239
-0.489620
-0.363596
-2.977952
-0.365370
-0.242480
-2.954667
-1.985095
-1.807993
-2.954860
-0.627641
-0.636687
-1.943575
-2.194949
-0.305397
-1.645672
-0.244106
-2.130605
-0.998678
-1.244157
-0.603666
-0.519856
-1.010884
-0.269153
-0.376198
-1.091774
-0.822609
-0.925359
-1.424722
-1.651211
-1.494398
-1.182695
-1.239596
-0.578379
-0.397196
-1.505317
-0.127517
-0.935714
-0.709484
-1.142686
-1.038151
-0.477443
-0.283490
-0.818556
-0.052416
-0.084396
-2.434600
-1.507452
-3.247660
-1.431425
-1.060639
-1.004839
-1.324857
-1.698397
-0.464447
-1.367264
-0.209158
-0.774753
-1.055262
-1.072566
-0.361053
-0.594783
-1.836598
-0.187270
-3.242452
-0.502559
-1.028409
-1.074781
-0.116544
-0.595310
-0.212619
-0.149405
-1.821323
-0.092395
-1.057082
-0.160092
-1.928523
-2.168208
-1.859003
-0.318210
-3.126241
-0.069165
-1.933665
-1.585891
-0.188179
-2.526016
-3.246085
-0.245324
-0.056741
-0.291163
-1.868178
-0.480456
-1.544144
-1.941319
-0.597369
-0.477507
-0.161183
-1.327511
-0.190065
-0.495753
-1.535331
-0.754776
-4.168442
-0.494228
-0.490316
-0.831977
-3.425448
-1.405754
-0.639819
-0.631901
-2.122059
-2.445622
-1.044141
-1.847979
-0.156044
-3.546924
-1.488116
-0.236816
-2.453626
-0.267386
-2.324376
-3.179762
-0.719571
-2.541854
-1.371442
-0.313264
-1.934024
-1.000983
-0.636830
-2.056926
-1.419641
-2.990018
-0.331240
-1.254076
-0.493845
-2.242361
-1.547492
-0.011840
-0.378009
-2.582190
-1.023738
-7.234698
-0.022914
-1.732473
-2.358434
-1.205541
-0.553262
-0.041770
-3.485648
-0.542918
-0.147885
-5.543148
-1.743772
-2.810946
-3.855587
-0.367587
-0.678253
-0.059915
-0.180431
-0.431546
-1.004608
-0.031231
-0.972691
-1.735386
-0.051862
-2.192642
-3.880027
-0.444430
-0.040302
-0.763419
-0.748063
-3.400358
-1.510330
-0.124177
-0.070924
-2.940623
-0.908494
-1.747910
-0.278204
-0.532131
-0.909768
-1.546435
-1.706850
-1.334272
-0.269569
-2.216221
-0.950123
-0.063392
-1.672423
-0.909726
-2.084961
-0.084927
-1.553155
-3.334144
-0.617933
-1.712211
-0.723135
-0.291811
-0.002479
-2.163134
-2.263068
-1.693292
-0.035175
-0.162483
-4.074425
-1.001668
-0.310356
-0.929767
-2.730611
-2.009358
-1.379686
-0.868112
-2.296855
-0.974543
-0.667644
-0.760715
-1.346232
-0.014016
-0.079763
-1.061928
-0.270239
-0.200367
-0.900954
-0.601530
-0.429100
-0.028469
-2.011085
-0.095533
-0.391518
-3.850377
-1.307287
-3.802250
-0.558653
-2.376386
-1.591363
-1.415813
-0.946774
-0.761101
-0.459684
-0.673587
-0.191999
-2.656118
-0.514141
-0.420400
-1.050079
-0.894609
-0.673064
-0.376907
-0.557436
-0.017407
-1.452844
-0.650166
-0.173276
-0.268502
-0.904706
-0.438757
-1.390265
-2.821052
-0.569615
-1.427250
-0.299726
-0.629081
-2.426376
-0.093523
-3.787019
-1.134470
-1.719773
-0.376306
-3.697174
-0.794143
-0.547961
-1.481234
-0.727900
-0.019621
-1.895575
-0.890010
-2.997076
-0.703040
-0.325039
-0.097069
-1.139962
-0.319385
-0.026413
-0.517115
-2.287270
-1.062042
-0.899260
-1.776711
-0.178696
-1.631058
-3.273670
-1.946554
-1.240647
-0.176422
-0.236630
-3.191920
-1.404058
-1.467760
-2.195362
-0.521705
-1.361695
-0.583329
-1.000976
-0.438105
-0.146286
-0.076923
-1.643491
-2.655586
-0.398740
-0.238136
-0.184008
-1.217789
-0.389222
-0.663632
-1.880784
-0.493961
-0.611539
-0.665940
-1.056020
-0.535613
-0.257691
-0.818729
-0.895955
-0.515792
-0.873146
-0.521849
-2.400876
-2.232146
-1.655480
-3.556261
-0.426558
-0.568204
-1.302331
-0.541707
-0.085606
-2.883827
-0.440897
-3.965843
-1.866308
-0.653582
-0.231585
-0.154686
-2.120789
-0.608767
-0.167897
-1.671362
-0.378483
-1.749976
-0.937813
-0.779134
-0.647993
-2.140845
-0.256501
-0.554073
-3.050874
-0.333381
-0.236271
-6.995188
-2.325358
-0.757556
-0.451282
-0.795549
-0.594285
-4.641767
-1.078043
-0.465369
-0.687955
-1.802193
-0.186881
-1.260734
-0.126227
-3.088122
-0.824831
-1.618533
-1.818423
-0.507239
-0.093791
-1.410444
-0.977979
-1.119091
-2.369843
-0.560395
-1.364002
-1.210149
-0.723576
-1.388691
-0.462011
-0.445550
-3.544434
-0.534140
-0.385525
-0.538475
-2.577231
-0.055041
-0.178360
-1.406074
-1.397982
-3.058712
-0.319234
-1.798622
-1.537642
-0.197286
-2.190572
-2.362525
-0.228036
-0.416024
-0.004594
-1.433678
-0.781172
-3.261480
-0.706196
-0.178043
-1.744248
-1.536550
-1.622141
-0.232447
-2.019635
-1.745281
-0.071228
-0.668764
-3.458426
-0.164209
-0.449926
-0.190171
-0.385413
-2.464601
-0.122610
-0.408413
-0.721143
-0.285091
-1.390634
-0.250678
-2.343526
-0.201371
-1.333948
-0.246763
-0.958656
-1.859155
-1.914249
-1.887124
-2.078669
-0.708244
-1.200922
-0.473291
-1.952127
-0.370157
-0.248065
-0.529839
-0.016832
-0.347484
-1.702176
-1.399848
-3.754379
-0.200169
-1.499169
-1.861927
-0.990615
-0.665261
-2.008358
-0.106105
-3.313799
-1.210989
-3.980057
-0.085524
-0.338093
-0.709488
-1.875438
-0.346598
-0.798446
-0.101498
-2.202301
-0.413762
-0.012902
-1.364556
-1.195707
-1.219369
-0.043404
-2.084259
-3.760881
-4.130323
-1.775333
-0.845829
-0.444511
-1.197602
-0.097164
-6.151098
-0.621355
-1.246007
-2.593296
-0.707889
-4.221919
-1.734535
-0.668983
-2.768379
-1.702824
-1.853913
-0.530749
-0.886954
-0.938630
-0.413624
-2.868267
-0.631970
-1.061509
-1.153345
-0.136911
-0.702917
-0.915135
-0.366817
-1.120589
-2.118788
-1.170459
-2.553787
-0.668904
-4.752071
-0.551370
-0.243317
-1.171995
-1.972073
-0.783837
-0.590566
-0.659198
-0.433876
-0.429438
-0.643035
-1.066739
-0.823624
-1.220548
-1.136984
-0.150242
-1.088720
-2.332489
-0.804129
-0.819495
-0.071362
-1.393268
-1.566650
-2.485557
-0.970207
-1.189716
-0.508981
-1.797115
-1.725969
-0.242938
-0.812013
-1.851549
-0.567683
-1.399862
-0.525858
-0.243063
-0.431599
-1.295755
-1.107236
-0.630707
-0.253986
-0.628825
-1.562953
-4.296862
-1.795103
-0.092046
-1.528001
-0.770282
-1.141735
-0.506864
-1.421375
-0.517078
-0.339295
-0.163043
-4.694783
-2.383496
-1.439265
-0.961497
-1.292773
-1.356935
-1.060346
-1.841430
-1.823536
-0.840619
-2.146295
-0.247134
-0.228085
-0.263207
-0.233020
-0.014265
-3.359291
-2.556643
-0.400182
-2.244796
-0.571586
-0.604698
-0.563824
-1.069932
-1.441912
-1.000904
-0.994646
-0.399593
-0.700825
-0.620599
-0.188523
-0.663488
-4.765296
-1.017614
-3.721909
-0.926849
-0.355909
-0.690627
-2.572293
-1.625024
-0.233943
-0.048531
-2.135809
-1.051892
-0.888958
-0.089808
-2.795722
-0.507329
-3.498324
-0.021147
-0.399105
-0.500931
-0.039827
-1.345439
-0.809583
-0.530745
-0.759056
-0.740023
-0.405589
-3.315823
-2.630507
-1.360437
-0.611403
-0.230436
-0.253945
-0.701927
-0.915458
-0.178608
-0.818909
-3.198896
-0.075006
-0.567146
-1.532231
-1.357117
-1.623628
-1.985990
-1.028755
-0.258555
-2.414676
-2.553199
-0.977599
-1.489305
-2.217719
-0.500750
-1.821932
-3.518839
-0.430471
-1.761115
-2.430332
-4.437932
-0.791689
-1.603810
-0.304374
-0.409559
-1.868653
-2.230033
-0.343424
-1.727789
-1.547790
-1.275269
-1.536803
-0.377395
-0.423344
-5.356607
-0.065324
-1.517456
-0.020039
-0.497970
-1.273377
-0.146786
-0.336234
-0.759791
-2.121813
-0.111670
-1.382609
-1.093193
-3.825508
-4.003493
-2.017186
-3.406738
-1.805953
-0.000875
-1.144479
-0.107796
-0.207845
-0.119437
-1.067303
-2.883966
-2.469436
-1.218003
-0.854087
-1.880816
-0.954824
-0.866621
-1.220001
-2.430351
-1.014674
-0.672258
-1.942569
-0.076326
-0.923147
-4.239160
-1.344563
-0.853478
-1.802143
-1.079359
-0.115291
-0.134434
-1.325456
-0.687787
-0.823043
-3.574569
-0.696260
-1.040942
-1.483056
-2.224540
-4.209915
-1.888123
-0.184421
-0.930497
-1.083711
-6.257907
-2.915916
-0.041550
-0.581856
-2.730599
-1.266064
-0.908051
-2.106688
-1.578139
-0.874187
-1.040514
-0.417353
-2.812591
-0.014603
-0.210503
-2.965852
-0.653029
-0.033440
-2.800833
-1.849753
-1.196735
-0.148514
-0.893972
-2.722464
-1.421351
-1.707160
-0.879792
-5.138379
-1.744123
-0.201390
-0.026934
-0.123905
-1.081282
-1.842074
-1.340905
-0.032484
-1.158431
-0.936663
-0.139549
-0.685919
-0.020616
-0.091941
-0.691858
-0.873219
-3.682161
-0.471705
-1.213994
-3.778654
-1.536289
-3.216371
-2.314330
-0.176148
-0.781349
-0.047758
-3.645358
-0.088124
-0.388185
-0.127203
-0.143084
-0.588567
-2.283681
-3.743428
-0.529757
-1.672607
-0.024835
-0.195028
-0.729649
-0.167502
-0.651383
-0.983724
-0.204545
-1.094374
-0.376583
-2.074247
-0.362055
-1.944361
-0.270105
-3.314592
-0.134199
-2.338272
-0.093282
-1.011144
-1.716610
-0.327791
-0.931190
-1.452568
-5.597473
-1.132517
-1.325462
-0.135217
-2.891646
-0.380612
-2.374443
-1.792835
-0.891103
-0.513909
-0.135358
-1.631188
-0.991831
-0.803990
-0.864567
-2.627877
-0.756566
-2.205378
-0.144853
-1.390267
-0.219301
-1.351579
-0.503220
-0.028945
-1.093232
-1.166099
-1.721684
-1.680786
-0.442342
-0.048289
-0.589150
-1.393620
-3.726150
-0.324206
-0.033416
-0.227327
-3.541780
-3.530285
-1.400892
-0.683445
-3.023384
-0.997803
-1.486991
-0.104831
-0.395810
-1.132421
-2.028362
-0.776227
-1.566551
-0.058781
-0.468512
-2.038529
-2.517001
-1.689698
-0.591390
-0.737328
-1.658628
-1.372871
-1.665151
-0.576164
-2.686163
-0.465898
-0.809387
-1.304204
-1.996165
-1.315722
-4.241671
-0.365525
-0.099983
-0.500135
-0.036177
-1.016800
-0.662951
-1.581018
-1.526348
-0.092249
-0.296346
-2.013406
-1.427765
-2.388323
-1.240628
-0.341560
-3.021486
-2.913154
-0.725553
-2.130501
-0.802242
-0.687038
-0.512552
-1.566649
-2.528140
-0.078795
-0.934826
-1.480885
-3.574300
-0.464239
-0.578475
-2.697524
-0.279120
-1.165616
-0.164401
-3.133308
-0.449162
-0.799200
-1.312276
-1.726532
-0.164512
-0.895544
-3.109254
-1.201815
-1.181567
-0.909417
-1.779805
-0.324287
-0.859251
-1.288636
-0.074929
-0.866569
-1.132763
-2.153819
-0.578512
-0.398204
-1.468065
-2.012244
-0.343950
-1.267711
-1.804150
-0.531313
-0.358062
-0.147704
-0.998900
-0.019545
-0.804946
-0.535391
-0.653493
-3.135563
-0.158020
-2.904283
-0.197623
-1.495740
-2.214238
-0.124467
-1.081681
-0.325473
-0.174938
-0.440710
-0.231369
-0.266542
-0.845113
-0.755751
-0.527259
-0.367017
-0.732375
-1.706023
-0.469414
-1.450236
-0.405701
-1.732838
-0.293650
-2.390685
-3.527189
-0.715341
-0.743867
-0.322649
-0.835500
-2.409614
-0.880287
-0.326659
-2.174993
-0.919096
-3.563263
-1.916236
-0.135510
-5.181767
-2.609622
-2.382785
-0.059968
-0.405231
-1.341866
-0.161791
-0.413945
-2.625477
-0.843324
-1.286796
-1.090839
-0.829526
-3.142639
-0.271759
-2.774709
-0.230606
-6.189901
-0.487734
-0.532446
-1.671952
-1.844106
-0.266943
-0.072216
-0.211265
-0.572536
-2.257100
-1.881745
-0.353327
-0.295114
-0.153548
-0.820880
-1.858068
-0.138318
-2.160001
-1.126514
-3.142630
-4.726502
-1.222890
-0.510338
-3.602400
-1.245229
-3.802090
-1.768108
-3.856704
-0.793004
-0.726469
-0.359585
-1.300234
-2.299143
-1.713644
-0.133456
-1.773333
-0.830099
-0.561039
-1.178000
-0.181947
-2.921465
-1.318685
-0.593423
-1.068296
-0.107808
-3.076443
-2.469562
-1.896970
-0.038914
-0.285417
-0.044176
-0.196580
-0.231127
-2.333866
-1.338698
-0.139324
-0.421999
-0.589105
-4.066812
-0.833926
-0.685138
-2.118043
-0.228879
-2.699212
-0.996896
-2.408773
-1.619184
-0.287449
-1.022808
-0.699122
-1.016802
-0.415807
-0.231699
-0.986123
-0.806826
-4.207365
-0.470395
-0.927271
-2.160953
-0.232281
-0.859415
-0.450170
-0.206840
-0.600010
-0.325294
-0.023902
-1.979733
-1.307864
-0.440225
-0.500793
-3.968266
-0.974213
-4.674273
-0.485601
-2.643412
-0.105369
-0.262127
-1.325674
-0.562555
-1.624677
-1.543471
-0.090461
-1.015310
-0.383901
-1.572553
-1.297702
-0.841007
-1.467250
-1.881211
-0.337546
-2.355253
-2.077982
-1.320412
-0.935154
-1.052917
-1.048236
-1.084322
-0.720881
-2.655188
-0.538300
-1.023166
-1.395318
-0.308268
-0.314320
-2.842268
-1.287339
-0.587613
-0.619909
-3.810634
-1.910632
-1.548125
-1.710095
-0.286475
-1.894509
-0.364227
-0.323777
-0.568333
-1.964484
-1.086132
-1.323527
-0.625493
-0.453446
-2.120207
-1.034876
-0.334159
-0.087826
-1.081847
-0.456409
-2.587576
-0.759210
-0.089195
-0.959072
-0.844909
-1.025919
-1.011156
-0.037339
-1.835059
-0.503947
-0.568318
-1.751984
-2.557638
-2.269287
-1.026195
-0.840303
-0.259934
-0.278948
-2.934338
-1.465112
-0.807429
-4.176287
-1.872455
-2.137188
-0.113146
-1.096964
-1.951036
-2.194283
-0.808672
-0.154930
-2.810365
-1.899425
-1.466746
-0.080385
-0.719840
-0.489655
-0.424486
-0.559743
-0.252285
-3.525093
-1.210599
-0.946465
-1.518715
-0.214572
-0.816740
-0.661063
-0.785659
-1.573035
-2.960309
-0.110718
-0.005253
-2.694030
-2.894131
-1.729699
-0.459377
-0.173916
-0.963616
-2.859285
-1.795978
-0.700833
-0.422302
-0.488454
-0.404019
-0.311173
-1.452870
-0.016053
-4.618614
-1.418979
-3.061654
-0.193162
-0.233817
-3.197005
-4.342287
-0.545531
-0.328639
-0.009431
-0.106332
-1.799473
-0.855938
-0.822887
-2.544564
-3.401617
-0.451917
-0.441208
-1.020393
-1.042167
-2.143852
-1.689430
-0.215927
-0.087350
-0.851933
-3.762936
-0.893257
-0.049255
-2.196758
-2.097488
-3.196537
-2.010677
-0.667282
-0.372017
-0.152997
-3.869427
-2.041120
-2.078588
-0.231943
-3.407668
-0.031606
-1.861369
-1.217922
-0.659178
-0.477212
-0.398419
-0.311175
-0.077871
-4.728508
-4.019744
-1.607432
-1.573344
-2.243110
-1.534121
-1.872802
-2.079243
-0.337325
-1.456536
-1.904887
-0.730015
-1.540585
-1.366293
-1.358368
-3.976556
-0.095522
-2.849937
-1.445828
-1.308923
-3.629172
-0.101955
-4.045128
-0.696850
-1.998326
-0.587966
-0.328378
-6.617203
-1.643037
-2.730461
-0.989573
-2.584234
-0.555553
-2.329656
-0.424837
-1.402575
-1.329130
-0.533383
-0.221715
-1.383293
-0.626118
-2.558011
-1.718033
-0.187075
-1.732268
-1.518813
-0.212977
-2.305473
-3.248245
-0.054117
-0.340239
-0.247321
-0.301499
-1.463424
-0.003728
-0.453356
-0.255431
-1.201330
-1.016439
-1.403172
-0.901472
-2.684018
-0.061303
-0.797120
-1.392123
-0.947476
-1.594187
-0.854210
-1.889085
-0.685767
-2.315219
-2.963938
-1.204488
-0.578552
-0.140837
-1.242455
-1.167873
-0.628528
-0.687109
-0.006460
-0.718106
-1.500101
-0.375234
-0.579280
-5.076368
-0.628350
-1.864506
-2.941819
-0.974031
-1.951082
-0.285569
-1.956512
-2.518356
-0.727715
-1.215818
-2.720710
-0.276165
-0.745094
-1.941484
-0.866564
-1.597860
-0.733781
-0.127186
-0.615938
-0.456920
-2.166088
-1.376482
-2.010240
-0.892095
-0.406945
-1.533139
-0.178633
-1.354907
-0.603116
-1.888529
-0.617139
-1.056944
-1.948024
-4.686497
-0.323888
-3.449004
-0.040512
-2.099919
-1.403055
-0.360198
-1.155349
-1.312575
-0.218208
-2.492307
-1.347071
-2.345234
-0.246159
-1.203670
-5.068106
-0.356517
-1.428191
-0.098393
-0.418929
-2.027791
-0.094190
-2.063227
-1.616860
-0.972249
-0.793333
-0.899612
-3.514867
-0.386842
-1.076772
-2.583539
-1.330767
-0.187927
-1.757721
-0.159422
-2.534121
-0.440852
-5.576392
-2.009280
-0.063519
-2.575846
-2.771841
-3.028436
-0.882624
-2.302299
-0.145897
-0.898887
-0.210271
-0.873535
-0.482517
-0.256859
-1.073489
-1.028173
-0.919682
-1.858050
-0.460729
-0.669440
-0.068160
-3.015013
-0.138798
-1.619723
-0.141194
-0.858652
-5.738311
-3.809513
-2.089845
-0.607153
-2.463381
-1.666552
-0.196625
-0.146907
-0.843813
-0.837290
-0.583352
-1.129447
-0.754377
-3.275685
-0.048103
-0.408824
-2.523544
-1.868209
-0.759078
-0.237334
-1.342305
-0.229164
-1.060934
-0.902621
-2.032267
-0.647469
-0.295343
-0.933558
-2.590018
-0.393621
-1.871946
-0.436625
-1.419279
-5.634348
-1.296087
-0.287584
-0.800334
-0.355021
-2.561581
-0.897370
-0.200646
-1.321827
-0.532293
-3.504482
-0.690716
-2.309648
-3.044677
-4.603797
-1.710072
-0.588785
-1.472008
-1.701487
-0.407367
-1.609892
-0.679557
-0.347178
-0.400868
-0.553640
-2.090294
-0.545818
-1.028619
-0.762000
-0.928929
-0.311352
-1.692794
-1.010501
-4.758523
-0.799553
-0.720649
-1.586086
-0.077024
-1.507505
-0.857925
-0.576607
-1.220819
-0.013868
-0.201856
-0.633179
-2.488902
-4.172139
-0.197373
-0.621816
-0.700954
-0.972090
-0.282262
-1.493792
-0.155912
-0.917464
-1.925128
-4.078029
-2.112185
-2.684945
-1.464382
-0.012457
-2.229573
-0.817184
-0.910079
-1.082300
-0.212101
-0.646829
-0.520793
-1.423188
-0.378415
-2.285241
-0.179460
-0.805426
-0.091399
-0.320369
-1.675330
-1.187919
-0.093453
-1.048726
-0.525708
-1.303504
-1.856924
-2.941846
-0.011133
-0.272499
-1.518085
-1.391462
-2.811320
-1.938785
-1.103523
-0.064559
-0.055090
-0.162997
-0.663469
-0.461977
-0.732830
-1.940650
-3.320233
-2.041149
-0.565722
-1.244984
-1.026643
-1.434936
-0.194622
-1.203644
-0.890900
-0.429366
-0.205578
-0.798818
-0.076403
-0.569867
-0.812112
-1.680143
-2.453450
-2.292155
-0.649132
-2.447461
-2.048417
-3.806155
-0.429727
-0.567341
-2.690001
-0.834009
-0.158244
-0.045851
-1.071089
-0.242628
-1.121628
-1.995137
-0.403133
-2.535486
-1.971543
-2.389355
-1.301982
-2.322387
-0.021502
-0.121086
-3.041612
-1.321626
-0.720129
-2.258279
-0.636323
-0.279807
-0.701601
-0.718446
-0.382871
-4.219094
-4.407697
-1.350396
-0.089054
-2.605128
-3.528879
-2.705102
-1.261208
-0.659489
-0.368915
-5.155154
-0.008550
-1.834098
-0.026996
-1.010014
-1.622011
-1.372787
-0.283582
-3.138200
-2.470858
-1.264915
-3.184415
-0.668233
-0.080648
-3.083738
-0.379963
-1.498810
-0.916320
-0.773724
-3.274509
-0.258784
-0.954142
-1.952393
-0.167720
-0.354508
-2.601311
-5.890375
-0.215387
-0.654527
-0.119717
-1.302864
-1.448127
-1.723249
-0.423972
-1.702844
-0.497117
-0.503983
-0.739707
-0.173887
-3.699496
-0.197532
-0.946072
-3.297860
-2.000335
-0.501989
-1.086345
-2.123240
-2.799894
-0.065104
-0.941498
-0.161880
-0.494820
-1.683640
-0.094177
-2.090204
-0.872069
-0.411511
-0.718607
-0.065869
-0.248343
-0.492820
-0.654809
-2.824863
-0.387653
-0.194014
-0.358755
-2.190251
-0.000647
-0.339588
-0.688503
-0.618492
-0.406379
-4.508636
-0.113655
-1.203228
-2.089826
-1.655990
-1.435766
-3.945960
-0.095792
-0.936240
-0.936361
-1.191258
-1.764169
-2.173811
-0.366931
-1.854153
-3.715369
-0.138238
-1.843075
-0.246237
-0.035745
-4.955478
-0.997809
-0.265759
-0.188982
-0.349358
-1.095745
-1.020790
-0.366963
-0.429307
-5.271639
-1.988566
-2.150147
-0.425556
-2.101966
-0.704978
-2.160861
-0.139787
-0.424977
-0.924324
-0.115132
-1.858747
-2.040659
-0.140230
-0.017146
-0.243465
-1.844220
-0.721104
-0.500725
-1.723495
-0.009418
-1.936205
-1.343695
-1.308881
-2.545387
-4.417077
-1.034741
-2.119585
-4.896189
-0.425157
-0.406329
-3.091041
-2.601747
-1.456307
-2.440836
-1.864143
-3.204525
-1.692944
-0.831651
-1.132681
-3.565495
-1.095827
-5.612414
-0.096568
-0.210339
-1.838410
-1.635826
-0.069771
-1.799623
-0.961641
-2.004017
-0.567668
-0.404376
-0.097424
-0.828517
-0.863932
-0.137597
-0.834468
-0.392782
-1.871737
-2.263602
-0.622777
-0.609656
-1.381883
-1.579254
-0.909745
-0.155266
-0.454248
-1.202529
-0.948695
-0.100768
-1.331471
-0.941650
-1.985771
-0.548025
-0.071256
-0.060131
-0.396799
-0.445589
-1.018473
-0.043163
-0.996039
-0.321430
-0.141147
-2.779602
-0.988668
-1.279298
-0.597958
-0.291091
-1.196099
-0.598192
-0.988061
-1.706879
-0.139561
-0.335852
-0.013602
-1.030050
-0.412051
-2.272256
-0.242919
-1.509724
-0.235631
-2.884152
-0.075494
-0.852836
-0.828280
-1.292864
-1.548816
-1.000379
-0.760624
-0.984829
-1.119221
-1.666970
-0.467003
-1.138736
-0.442511
-0.218420
-0.377093
-0.306777
-3.237892
-0.379536
-0.182739
-0.202546
-1.167778
-2.122169
-0.463875
-2.774332
-2.116880
-2.230840
-1.647257
-0.667236
-0.068895
-0.023695
-1.779980
-0.125089
-1.641144
-0.782422
-1.295163
-0.010580
-0.036600
-1.408894
-0.332153
-2.161130
-2.785746
-0.807599
-0.839195
-0.573353
-1.772419
-2.713341
-1.053012
-1.899023
-0.638460
-3.987634
-0.447702
-0.316909
-0.368733
-0.917570
-0.343820
-0.987631
-0.652532
-3.915193
-0.130350
-0.915120
-1.617835
-0.134351
-0.543085
-0.068564
-1.859942
-0.880218
-0.622756
-0.000160
-2.123933
-0.640832
-0.804532
-0.568028
-3.098736
-0.499189
-0.359238
-2.542357
-0.599734
-0.415586
-0.215643
-0.257843
-2.014961
-5.649659
-1.249140
-0.293284
-0.000007
-1.161309
-1.357371
-1.420009
-5.252174
-0.257678
-3.546365
-0.862766
-1.970650
-2.191345
-0.872383
-1.060289
-0.153030
-1.661553
-2.007295
-0.078413
-1.601817
-0.214664
-0.164439
-0.697998
-1.219135
-0.051694
-0.939966
-3.379743
-0.029749
-0.980534
-3.143460
-0.966500
-0.245560
-1.079036
-0.015557
-1.487573
-1.131665
-0.672291
-1.198897
-0.734367
-0.226849
-0.164576
-1.590489
-0.261477
-0.004933
-6.467235
-2.132446
-0.063312
-1.091913
-1.333361
-0.336129
-0.096897
-0.950278
-0.583689
-0.268653
-0.985461
-0.291840
-0.584509
-1.888991
-1.005658
-3.047948
-2.224475
-0.572307
-2.236727
-0.939138
-3.854344
-3.790892
-0.776206
-0.077707
-1.577211
-0.038309
-0.774996
-1.769903
-1.372449
-0.462184
-0.833419
-0.519764
-0.535084
-0.158970
-0.414901
-2.739161
-1.494144
-0.136459
-0.024723
-0.272897
-0.711541
-0.913288
-2.484186
-0.593575
-0.385758
-1.003592
-0.140548
-3.189325
-1.889630
-1.346065
-0.258549
-2.891256
-0.836889
-2.322334
-0.102440
-1.438381
-2.602815
-0.113095
-2.805489
-1.231911
-1.460765
-1.660253
-1.258607
-2.321644
-1.235541
-0.098097
-4.184701
-1.157971
-2.156619
-0.030594
-1.666241
-0.409003
-2.907518
-1.711955
-2.583622
-0.576177
-0.834575
-1.422249
-2.630613
-0.086671
-1.357381
-0.281076
-0.606259
-0.237679
-0.274204
-2.134238
-0.850658
-0.387276
-1.065475
-0.357653
-0.038784
-1.610845
-2.401860
-0.134806
-0.779167
-0.760240
-0.432271
-1.108894
-1.713993
-1.396659
-1.563292
-0.590693
-0.732086
-1.302774
-0.768528
-0.635079
-0.384110
-2.287638
-0.586597
-4.411649
-0.179018
-4.011812
-2.658126
-0.866434
-0.296178
-0.756484
-1.354757
-0.618448
-1.859980
-2.436024
-1.971379
-1.025402
-2.649027
-0.672317
-0.365077
-1.440779
-1.624560
-2.151113
-2.174027
-1.934680
-2.875307
-0.003687
-0.565201
-0.155427
-0.319111
-2.180175
-0.237106
-1.994250
-0.949737
-1.637852
-3.386080
-3.681282
-1.230666
-0.005428
-3.043338
-0.616973
-2.479343
-0.894046
-0.760206
-1.303625
-0.443342
-1.971909
-0.747341
-3.692788
-0.657376
-0.857861
-0.718685
-0.311989
-1.903619
-0.957746
-0.940045
-2.098270
-1.790577
-3.468326
-0.715898
-2.719763
