-0.026549
-0.213849
-1.488292
-0.175828
-0.815343
-0.159652
-0.653437
-0.934044
-0.925033
-0.486417
-0.042304
-1.042084
-0.417010
-2.411454
-0.392117
-0.266971
-0.228293
-0.295404
-0.254724
-0.005116
-0.390159
-0.952654
-0.333604
-1.475822
-0.449955
-0.176272
-0.331388
-0.582358
-0.329746
-0.697783
-0.139565
-0.657883
-1.329612
-0.828208
-0.000584
-0.133496
-1.095940
-0.045945
-1.558221
-0.097513
-0.040007
-1.121100
-0.476180
-0.273499
-0.705629
-0.077688
-1.663534
-0.083990
-0.137948
-0.202713
-1.453529
-0.522729
-1.176969
-1.164609
-0.124450
-0.909684
-0.253955
-0.040556
-1.836826
-0.429456
-0.118037
-0.504064
-0.286423
-0.873364
-0.204040
-0.658527
-1.079439
-0.313235
-1.242926
-0.190233
-1.169692
-0.198615
-1.634655
-0.332514
-0.238050
-0.469440
-0.358292
-0.372687
-0.173024
-0.855609
-0.981967
-0.406696
-0.323874
-0.772618
-0.836312
-0.112866
-0.279587
-1.805218
-0.228308
-0.719993
-0.871864
-0.914397
-1.205572
-0.209837
-1.025281
-0.047714
-0.658679
-0.174454
-1.170607
-0.162003
-0.305863
-0.342960
-0.914468
-0.702099
-2.352636
-0.530659
-0.174217
-0.388589
-1.100547
-1.199252
-0.314483
-0.530705
-0.185975
-0.194605
-0.675013
-0.521098
-1.267468
-0.434562
-0.577429
-0.249861
-0.478180
-1.308315
-0.917374
-0.523710
-0.654128
-0.630181
-1.758965
-0.283405
-1.106702
-0.180936
-0.313634
-0.913790
-0.735868
-0.697337
-0.182245
-1.244001
-0.114764
-1.215715
-0.025524
-0.156459
-1.142724
-1.262338
-0.638435
-0.899820
-0.057259
-0.107404
-0.695993
-1.059853
-0.605624
-0.562513
-0.214620
-0.885468
-0.761602
-0.003313
-0.148596
-0.988737
-1.139470
-0.690652
-0.800925
-0.656467
-0.623312
-1.000499
-1.179446
-0.304480
-2.101276
-1.179444
-1.200459
-1.538431
-0.346084
-0.268485
-0.348167
-0.056608
-0.035836
-1.042115
-0.162617
-0.047639
-0.024752
-1.078419
-0.956983
-0.285877
-1.148591
-0.002364
-0.762546
-0.713855
-1.050898
-0.803449
-0.846791
-0.999091
-0.436794
-1.488735
-0.644233
-2.851359
-0.049215
-0.276634
-0.081530
-0.196979
-0.082354
-0.302385
-1.272783
-0.797456
-0.627546
-0.248936
-0.352950
-0.951506
-2.627044
-0.139388
-0.976148
-0.220493
-0.207813
-0.475340
-1.534147
-0.000801
-0.911189
-0.875144
-0.372873
-1.696047
-0.270033
-0.374912
-0.271556
-0.390988
-1.044420
-0.002078
-0.319712
-0.767910
-0.538997
-0.410153
-0.302533
-0.154990
-0.201776
-1.959064
-1.256653
-1.479787
-0.316290
-0.070665
-1.363846
-0.313084
-0.349510
-0.188015
-0.227766
-0.027536
-0.660299
-0.339245
-0.587854
-0.445030
-0.339759
-0.467319
-0.476179
-0.483333
-0.434291
-0.355055
-0.514546
-2.262144
-0.669601
-1.300823
-0.499537
-1.673228
-0.235459
-1.493077
-0.049272
-0.202786
-0.155142
-0.320630
-0.707615
-1.234322
-2.222838
-1.005870
-0.213101
-0.048268
-1.038058
-0.341673
-0.842809
-0.068365
-0.657298
-0.572793
-2.143336
-0.416155
-0.016840
-0.008186
-0.062166
-0.571116
-0.853736
-1.065830
-1.139896
-0.192066
-1.461412
-0.641357
-0.430296
-0.100970
-0.097725
-1.405877
-0.375324
-1.170027
-0.868362
-0.543072
-1.313647
-0.556137
-0.298814
-1.228453
-0.308240
-0.611642
-0.925305
-2.056765
-0.861754
-0.255987
-0.317448
-0.022470
-2.972372
-0.591680
-0.587458
-0.004240
-0.027277
-1.714680
-1.708629
-0.251612
-0.637165
-1.867449
-0.316959
-1.012404
-1.350083
-0.068951
-0.445921
-0.662049
-2.048851
-0.130991
-0.110026
-0.380307
-0.102866
-0.694411
-0.089269
-0.172530
-0.152695
-0.135786
-0.776663
-0.462408
-0.421953
-0.083555
-0.281967
-0.593971
-0.144158
-0.342983
-0.490988
-0.153708
-0.124676
-0.369500
-1.536546
-0.184697
-0.058256
-1.280412
-1.020257
-0.586376
-0.593160
-0.227890
-0.050815
-0.563745
-0.601089
-0.373766
-1.074551
-0.178725
-0.011200
-0.189570
-0.364369
-0.156199
-0.440433
-0.549523
-0.060562
-3.278105
-1.067481
-0.069110
-0.388207
-0.061764
-0.100813
-0.416707
-0.106748
-0.330955
-0.035510
-2.151586
-0.392339
-0.512653
-0.255371
-0.021549
-0.087246
-0.063709
-0.403660
-0.173160
-1.407904
-0.071970
-0.340627
-0.343199
-0.220192
-0.291195
-0.130973
-1.827814
-0.636097
-1.903674
-0.094810
-0.177623
-1.706425
-0.407363
-0.102116
-0.265052
-0.313908
-0.186722
-0.005747
-2.132721
-0.108980
-1.143266
-0.076056
-0.001025
-1.964784
-0.814774
-0.622967
-0.951829
-0.315348
-0.529556
-0.150234
-0.082257
-1.253917
-0.244796
-1.015233
-0.003495
-1.314177
-1.486058
-0.632761
-1.723691
-0.133801
-0.561211
-1.317934
-0.505387
-0.066767
-0.609351
-0.070243
-0.665863
-0.372576
-0.803335
-1.601580
-0.108121
-0.060355
-0.285295
-0.188106
-1.223799
-0.241553
-1.784776
-0.133087
-0.359714
-0.707316
-0.238090
-0.012191
-0.293594
-1.545743
-0.188184
-0.112408
-0.085710
-0.222673
-0.909059
-1.422523
-0.481749
-0.445937
-1.542744
-0.788873
-1.111219
-0.316491
-0.175227
-0.603639
-0.694255
-0.042677
-0.761633
-0.446261
-0.191698
-1.708281
-1.698875
-1.973456
-0.002838
-0.121939
-2.179122
-0.506390
-0.686919
-0.286050
-0.172982
-1.469971
-2.849026
-0.343286
-0.598333
-0.643729
-0.080755
-1.162329
-0.735481
-1.181846
-0.635567
-0.914513
-0.704486
-1.351060
-0.616868
-1.380710
-0.619106
-0.469851
-0.308170
-1.311793
-0.023542
-0.355995
-1.603552
-0.969951
-1.022462
-1.301649
-0.693056
-1.439785
-0.443263
-0.711171
-1.666947
-0.194471
-0.097729
-0.425126
-0.226540
-0.008806
-0.507645
-0.009541
-0.655880
-0.163975
-0.799680
-0.547650
-0.352447
-1.897689
-0.204116
-1.096497
-0.630883
-0.682774
-2.193996
-0.506037
-0.473836
-0.607371
-0.134246
-0.902822
-1.503380
-0.150333
-0.479046
-0.218958
-0.359870
-0.545259
-0.436262
-0.178386
-0.015583
-1.154906
-1.997589
-0.004254
-0.517137
-0.176128
-1.797733
-0.267842
-0.047382
-0.165671
-0.193928
-2.923811
-0.582244
-0.059643
-1.249861
-0.705139
-1.107622
-0.212535
-0.098333
-0.160074
-0.529358
-1.936732
-0.999010
-0.090493
-0.061818
-0.769355
-1.330075
-0.568118
-0.070565
-0.556501
-0.131502
-0.849812
-0.779399
-0.231295
-0.951322
-0.542461
-2.016117
-0.020772
-0.258054
-0.423020
-0.358891
-0.736860
-0.264665
-0.632243
-0.189004
-0.890315
-0.408670
-0.355534
-0.337038
-0.263264
-1.478682
-0.910855
-1.378619
-0.298012
-0.410539
-1.148203
-0.503430
-0.319799
-0.167286
-0.947894
-0.696154
-0.002711
-0.505685
-0.051528
-0.861394
-0.406022
-0.024254
-0.465662
-0.717910
-0.572751
-0.132613
-0.639635
-3.164761
-2.220762
-0.555738
-0.720939
-0.765629
-0.099950
-1.177550
-0.171714
-0.524955
-0.317470
-0.646521
-0.260537
-0.079420
-0.065599
-0.255380
-0.260114
-1.562774
-0.391456
-0.364061
-1.446898
-0.761605
-0.388141
-0.220554
-0.122166
-1.095572
-0.100543
-0.067925
-0.534207
-0.372344
-0.097675
-0.047008
-0.360253
-1.263783
-1.686250
-0.032464
-0.477845
-0.284249
-0.297697
-0.264701
-0.900601
-0.454295
-0.087147
-0.466503
-1.254767
-0.428548
-0.092138
-2.827389
-1.025712
-0.267585
-1.211622
-0.496318
-0.328842
-0.725572
-1.508060
-0.558122
-0.665710
-1.047968
-0.567285
-0.779435
-0.023858
-0.936255
-0.360630
-0.602111
-0.285362
-0.017595
-0.649798
-1.584906
-0.131997
-0.089130
-1.899995
-0.496494
-0.149139
-1.825692
-0.437973
-0.747388
-0.966745
-0.174185
-1.612008
-0.161408
-0.181384
-0.241645
-1.461640
-0.038472
-0.741125
-1.309202
-0.119222
-0.039255
-0.191048
-0.794996
-1.094189
-0.222754
-0.191205
-0.234060
-0.274261
-1.611146
-0.394212
-0.080818
-0.687673
-1.807476
-1.408229
-1.971990
-0.520768
-0.683678
-0.952696
-0.211706
-1.816865
-0.873312
-0.087981
-0.773307
-2.115869
-0.622441
-0.082411
-1.114710
-0.262381
-0.443182
-0.104355
-0.359944
-1.177883
-0.406624
-0.163317
-0.400130
-0.162788
-0.114218
-1.540983
-1.723285
-0.468498
-1.399747
-0.616055
-0.057886
-1.270306
-0.604389
-0.879328
-1.355849
-0.205918
-0.208387
-0.886820
-0.095204
-0.694215
-0.707954
-1.401500
-0.055933
-0.685240
-0.156987
-0.403032
-1.721329
-0.935428
-1.149435
-0.140733
-0.925720
-0.340329
-0.229396
-0.189484
-1.058635
-0.951102
-0.677714
-0.609079
-0.061546
-0.628381
-1.081991
-0.642016
-0.422097
-0.867269
-1.330704
-0.516147
-0.120897
-0.980577
-0.157698
-0.117860
-0.128910
-0.771343
-0.063923
-1.354919
-0.378526
-0.266661
-0.205373
-0.595329
-0.394718
-0.186611
-1.034026
-0.252190
-0.059445
-0.086575
-0.208449
-0.687248
-0.184471
-0.467519
-0.554563
-0.103019
-0.471738
-0.017067
-0.210379
-0.716373
-0.399245
-0.509646
-0.792033
-0.205603
-0.566508
-1.039480
-0.341358
-2.042493
-0.173926
-1.243656
-0.704522
-1.582502
-0.001326
-0.722589
-0.017191
-0.557217
-0.627754
-0.369713
-0.660313
-0.531233
-0.171345
-0.548325
-1.545402
-0.071099
-0.067468
-0.606775
-0.658542
-1.332660
-0.889455
-1.063168
-0.604922
-0.481943
-0.435370
-0.124470
-1.050562
-0.051430
-0.447168
-0.242488
-0.353376
-1.159511
-0.501164
-0.496584
-0.188955
-0.485637
-0.187398
-0.228233
-0.814138
-0.495388
-0.316220
-0.829953
-0.047624
-2.308391
-0.587290
-0.533600
-0.095578
-0.131217
-0.113995
-0.239220
-0.442681
-0.252273
-0.431242
-0.046731
-0.912710
-1.923850
-1.288512
-0.351527
-0.196032
-0.559811
-1.067198
-0.181004
-1.252205
-1.028376
-0.661011
-0.456192
-1.230302
-1.136521
-0.403230
-0.786947
-1.702888
-1.490736
-1.206540
-0.220901
-0.208002
-1.332040
-0.116286
-0.603471
-0.451225
-0.164278
-0.334851
-0.070023
-0.549292
-1.290077
-0.326316
-0.004900
-2.885755
-1.047427
-0.130832
-0.560677
-0.159819
-0.119126
-0.238552
-0.217757
-1.307841
-0.671754
-0.107342
-0.563752
-0.268700
-0.486223
-0.041913
-0.588048
-1.042755
-0.043781
-0.816456
-0.598986
-1.270517
-1.640078
-0.159273
-0.071183
-0.533076
-0.622289
-1.418863
-0.770201
-0.750447
-0.028116
-0.163171
-1.017103
-0.127282
-0.429513
-0.581147
-1.137797
-1.377349
-1.810155
-0.401982
-1.077186
-0.685545
-0.625418
-0.735335
-0.203812
-0.195960
-0.329406
-0.097739
-0.143149
-0.198567
-0.196136
-0.213170
-0.794823
-0.145053
-1.077137
-1.605035
-1.096637
-2.128735
-0.487405
-1.151109
-0.610181
-0.462458
-1.077914
-0.903852
-0.298427
-1.034813
-0.082950
-0.557506
-0.282234
-1.051780
-0.294613
-0.092406
-0.054144
-0.205594
-0.582694
-0.353617
-0.813393
-0.384194
-0.734678
-0.737367
-0.112609
-0.797450
-0.627061
-0.058074
-0.614548
-0.394352
-0.853810
-0.787417
-0.796525
-1.641122
-0.020101
-0.018396
-0.908985
-1.866081
-0.705476
-0.424363
-0.033343
-0.364604
-0.133201
-0.228158
-0.983721
-1.044614
-0.258871
-0.256482
-0.351877
-1.442506
-0.048231
-0.734392
-0.012714
-0.442083
-0.465425
-0.388955
-1.054395
-0.081131
-1.664183
-1.162315
-1.344017
-0.912548
-1.424181
-1.737506
-0.232190
-1.909533
-0.292845
-0.583992
-2.664794
-0.283472
-0.053771
-0.681039
-0.034644
-1.157939
-0.366226
-0.127252
-0.421177
-0.712585
-0.572097
-0.618497
-0.282531
-0.205882
-0.679933
-0.370825
-0.279939
-0.289620
-0.351374
-0.360554
-0.391341
-0.099241
-1.998529
-0.003298
-0.117998
-0.086555
-1.518252
-0.384603
-0.843505
-0.932919
-0.337277
-0.222222
-0.174651
-1.070280
-1.023601
-0.119549
-1.169228
-0.209050
-0.379814
-0.216273
-0.841111
-0.763918
-0.764306
-0.828831
-1.052510
-0.551800
-0.013399
-1.312377
-1.753927
-0.496457
-0.043632
-0.699981
-0.256468
-1.148896
-0.897070
-0.157429
-1.044088
-0.205270
-2.063646
-1.416686
-0.798034
-0.082500
-1.358986
-1.303720
-0.664876
-0.260607
-0.009651
-0.736321
-0.625850
-1.037218
-0.108036
-0.479373
-0.218511
-0.205440
-1.449503
-1.094315
-2.472190
-0.229457
-0.546139
-0.047163
-0.202844
-0.241770
-0.134440
-0.090682
-0.064634
-0.599443
-1.077634
-1.541736
-0.267134
-1.067576
-0.487523
-0.008875
-0.084641
-0.384519
-0.097835
-0.071535
-1.788994
-0.185048
-0.490027
-0.965007
-0.495722
-0.298433
-0.644227
-0.242323
-0.139916
-0.055602
-0.471645
-0.704828
-0.663314
-0.332428
-0.558358
-0.244930
-0.341505
-1.501217
-0.618769
-0.561063
-0.466957
-0.410162
-0.746161
-0.272046
-0.177805
-0.478520
-0.463706
-0.066926
-0.422539
-0.489380
-0.514677
-0.694064
-1.279919
-0.221253
-0.425109
-1.217693
-0.098435
-0.463308
-0.099051
-0.268718
-0.101413
-0.465409
-0.987032
-2.243518
-0.177182
-0.680530
-0.041745
-1.446899
-1.030347
-0.765542
-1.307835
-0.040107
-0.804986
-0.273169
-0.274690
-0.067483
-0.644414
-0.464997
-0.347291
-0.223387
-0.656118
-0.509040
-3.054884
-0.749129
-0.295039
-0.104870
-0.681913
-0.070240
-0.279834
-0.619878
-0.600827
-0.351586
-0.240395
-0.467802
-1.080301
-0.178263
-0.669999
-0.503132
-0.459503
-0.526313
-0.391064
-0.107003
-0.000528
-1.267300
-0.398946
-0.147624
-0.348035
-0.588843
-1.086329
-0.935804
-0.087476
-0.577822
-0.259994
-1.988243
-0.411183
-0.718961
-0.546492
-0.157456
-0.141052
-1.061041
-1.182462
-0.648853
-0.623153
-0.847406
-0.271749
-0.558602
-1.439637
-0.513874
-0.175204
-0.950059
-0.453596
-0.895723
-0.254169
-0.171473
-0.673707
-0.132412
-0.140674
-0.685521
-0.005787
-0.311480
-2.377041
-0.332152
-0.011583
-0.341795
-0.880879
-0.146277
-1.174385
-0.834550
-0.043831
-0.294247
-0.530582
-0.700844
-0.012836
-0.340046
-0.795661
-1.022643
-0.676095
-0.788383
-1.150377
-1.218847
-0.037194
-0.469903
-1.231860
-0.328725
-0.809189
-0.200891
-0.773896
-1.479045
-1.614829
-0.116999
-0.061908
-0.648293
-0.174497
-1.097376
-0.628377
-0.062834
-0.500004
-0.726246
-0.875744
-1.168275
-0.137179
-0.305790
-0.249914
-0.098146
-1.104761
-0.512474
-0.051990
-0.624676
-1.336054
-1.145030
-1.343290
-0.165911
-0.635622
-0.287258
-1.665103
-0.423622
-0.870402
-0.397607
-1.089252
-0.496782
-0.097903
-0.921106
-0.419963
-0.233565
-1.825139
-0.135806
-0.488729
-1.427145
-0.252072
-0.225792
-0.247720
-0.313666
-0.376505
-0.145510
-0.950772
-0.359203
-0.447647
-0.316626
-0.679921
-0.031402
-0.146432
-1.347117
-0.451665
-0.595332
-0.708334
-0.564443
-0.739607
-0.078161
-0.373797
-0.651930
-1.542203
-1.190782
-0.585346
-0.034455
-0.783951
-0.260152
-0.543656
-0.666553
-0.271873
-1.298567
-0.170394
-0.055459
-0.196162
-0.490825
-0.181648
-0.453502
-0.072305
-0.749428
-0.105320
-0.757792
-0.158530
-0.679535
-0.016942
-1.156675
-5.547073
-1.728176
-0.337813
-0.039822
-0.280586
-0.607131
-0.574714
-0.100832
-1.079809
-0.821843
-0.695285
-1.503415
-0.383908
-0.056701
-0.175759
-0.342659
-0.752977
-0.980430
-0.936084
-0.781033
-0.308998
-0.036272
-0.842853
-0.603763
-0.229384
-1.561220
-1.339773
-0.119180
-0.165646
-2.725475
-3.032905
-2.079742
-1.057505
-0.982614
-0.371484
-0.356212
-0.899348
-0.323577
-0.106146
-0.155141
-0.914357
-0.128423
-0.237149
-0.155841
-1.126482
-0.038641
-0.637120
-0.843597
-0.175490
-0.169014
-0.306490
-0.345337
-1.156677
-0.225079
-0.491787
-0.160741
-0.021746
-0.301807
-0.185249
-1.009156
-0.272260
-0.224991
-0.081246
-0.116497
-0.267967
-2.160523
-2.225009
-0.406131
-1.533150
-0.097595
-0.543639
-2.330396
-0.211139
-1.377290
-1.517596
-0.537409
-0.398597
-1.563452
-0.067177
-0.189807
-1.534713
-0.901011
-0.951368
-0.230074
-0.036152
-0.605654
-0.421078
-0.180986
-2.148134
-1.898614
-0.860496
-1.174697
-1.797177
-0.240950
-2.419536
-1.495282
-1.064599
-0.139414
-0.661286
-1.056445
-0.888261
-0.189306
-0.215519
-0.498771
-0.398789
-0.427078
-0.931418
-0.058535
-1.439664
-0.843612
-0.342320
-0.614324
-0.361168
-1.175391
-0.380158
-0.184360
-0.602932
-0.094818
-0.214316
-0.200400
-1.589315
-1.073573
-0.080259
-0.005592
-0.238602
-0.687191
-0.415096
-0.021002
-0.025919
-0.069527
-0.177257
-1.034286
-0.214092
-1.207279
-1.353426
-0.650156
-1.266578
-0.021877
-0.250152
-0.518230
-0.052529
-0.276598
-0.562011
-0.683354
-0.868459
-0.534609
-0.627038
-0.957243
-0.803786
-0.321791
-0.598020
-0.464853
-0.081483
-0.117378
-0.454250
-0.151057
-0.736865
-2.435659
-0.103595
-0.047924
-0.218684
-0.769893
-0.536323
-1.413448
-2.303099
-0.686628
-1.399340
-1.040712
-0.208127
-0.755029
-1.054406
-0.903416
-0.774576
-0.232784
-0.628049
-0.520712
-0.455342
-0.107841
-0.107836
-0.164186
-0.060397
-0.173184
-0.411043
-1.962754
-0.989079
-0.663452
-0.333829
-0.555179
-0.180259
-0.119295
-0.428767
-0.169241
-0.335707
-0.248897
-0.180344
-0.253543
-0.800326
-0.828330
-2.590734
-0.470973
-0.655059
-0.409230
-0.282751
-1.027797
-2.423386
-0.196540
-1.984438
-0.319514
-1.265576
-0.924478
-0.018755
-1.168514
-1.687140
-0.147055
-1.403910
-0.535447
-0.030919
-0.572333
-0.411947
-0.833001
-1.532183
-0.418611
-0.317716
-0.704502
-0.003305
-0.093847
-0.124210
-0.107956
-0.180210
-0.647551
-0.326270
-0.436218
-0.997795
-2.945569
-1.800948
-0.222061
-1.914897
-0.651155
-0.269492
-0.129079
-0.305800
-2.333291
-0.500383
-0.973651
-1.148473
-0.126529
-0.243652
-0.156933
-1.290723
-0.975270
-0.612703
-0.568907
-0.561188
-2.271321
-0.992392
-0.617837
-0.706685
-1.046907
-0.168964
-0.418884
-0.082067
-0.860869
-1.135465
-0.120883
-0.723962
-0.126508
-1.562054
-0.257507
-0.716405
-0.819330
-2.229270
-1.009476
-0.327620
-0.445241
-0.672880
-0.024841
-1.071775
-0.567248
-0.964078
-0.509637
-0.391437
-1.609468
-0.098932
-0.252412
-0.830419
-0.176920
-1.218460
-1.279325
-0.669685
-0.134426
-0.261470
-0.053563
-0.010919
-0.067307
-0.845895
-1.579296
-0.338173
-0.783717
-0.860250
-0.409033
-1.091979
-0.359145
-1.134435
-0.165614
-0.068079
-0.501848
-0.265011
-0.124196
-0.671106
-0.501019
-0.723616
-0.735029
-0.577969
-0.032926
-0.017989
-0.053668
-0.358400
-0.549367
-2.286134
-1.387263
-0.292662
-0.243351
-1.159657
-0.548308
-0.407220
-0.412139
-0.871147
-0.227563
-0.182130
-0.191178
-0.111788
-0.104217
-0.089793
-0.514789
-0.157644
-0.363935
-0.104945
-0.464762
-1.248641
-1.400795
-0.167985
-0.048428
-0.811512
-0.071377
-0.352923
-0.059546
-1.803168
-0.253738
-0.134540
-0.490896
-1.488197
-0.871716
-0.327157
-0.532263
-0.866079
-1.267958
-1.316445
-0.277001
-0.345974
-0.106821
-1.949227
-0.278394
-0.129912
-0.408721
-0.514974
-0.359554
-0.513517
-0.300037
-0.520513
-0.467772
-0.345502
-0.559130
-0.535118
-0.656600
-0.772273
-2.086470
-1.325131
-0.756443
-0.796121
-0.461780
-0.535581
-0.574783
-0.172619
-0.040063
-0.347166
-1.595116
-0.347746
-0.670096
-0.952247
-0.366797
-0.000283
-0.419332
-0.201877
-0.624837
-0.200347
-0.342836
-0.787178
-0.098112
-0.312408
-0.603344
-0.032650
-1.114946
-0.468403
-0.686769
-0.389869
-1.020313
-0.634543
-0.297435
-0.630466
-1.235108
-0.292729
-0.110635
-0.081771
-0.825137
-0.541243
-0.600685
-1.096766
-0.077419
-1.429474
-0.287917
-0.179910
-0.046475
-1.264612
-0.000518
-0.023156
-0.165723
-0.068978
-1.091761
-1.049621
-0.469095
-0.738323
-0.131467
-0.368582
-0.078611
-0.565658
-1.508340
-0.088359
-0.151033
-0.197896
-0.459237
-0.304631
-0.579257
-1.575534
-0.203826
-0.085704
-0.028768
-0.496201
-0.167967
-0.368287
-0.899644
-0.792888
-0.012510
-0.719301
-0.365365
-0.453330
-0.051380
-0.764494
-0.692292
-0.112875
-0.186530
-0.608747
-0.330449
-0.217439
-1.325235
-1.187414
-0.307837
-0.046550
-0.612761
-0.619683
-0.010611
-0.676024
-0.159657
-1.101699
-0.100684
-0.192971
-0.977857
-0.411116
-0.773110
-0.231774
-0.491231
-0.225881
-0.124855
-0.726435
-0.165835
-2.038195
-0.139718
-0.371377
-0.310215
-1.418175
-1.228836
-0.284370
-0.069684
-0.378314
-0.374806
-1.393183
-0.152041
-1.193866
-0.973423
-0.486231
-0.756444
-0.143440
-1.307428
-0.958231
-0.629197
-0.024495
-1.373142
-0.515145
-1.689639
-1.303401
-0.415200
-0.114298
-1.214970
-0.061679
-0.381104
-0.254284
-0.166589
-0.190091
-0.198325
-1.488243
-0.144454
-0.168731
-0.930785
-0.361142
-0.710029
-0.199978
-0.242570
-0.382889
-0.266121
-1.002053
-0.950151
-0.116522
-0.591796
-1.558008
-0.620139
-0.441285
-0.440725
-0.000649
-0.384685
-0.857411
-0.251250
-0.713355
-0.139259
-2.774137
-0.811327
-0.341387
-1.298652
-1.083393
-2.459706
-0.379958
-2.787244
-0.360298
-0.395689
-2.005763
-0.735987
-0.592128
-1.159432
-0.239622
-0.800883
-0.292199
-0.070317
-0.568151
-0.087828
-0.306218
-0.074562
-0.135236
-0.697431
-0.115636
-0.328865
-2.740039
-0.706606
-0.498624
-0.772439
-0.836973
-0.512651
-0.019187
-0.520179
-0.270414
-0.195585
-0.004166
-0.906722
-0.117017
-0.280045
-0.243828
-0.183386
-0.135401
-0.042133
-0.427415
-0.465740
-0.007732
-0.501375
-0.725761
-0.660570
-1.080957
-1.238572
-0.684554
-0.846021
-0.215430
-0.696187
-1.250426
-0.169414
-0.197457
-0.062517
-0.592061
-2.467499
-0.068539
-0.048583
-0.354882
-0.318909
-1.236835
-0.643609
-0.075151
-0.424695
-0.875815
-0.878516
-0.408908
-1.167856
-0.252158
-2.082448
-0.551319
-0.753516
-0.511076
-0.496044
-0.139411
-1.564945
-0.072429
-0.389347
-1.130981
-0.326779
-0.186544
-0.896205
-0.280486
-0.697324
-0.159901
-0.724829
-0.156101
-0.711912
-0.324529
-2.071177
-1.604825
-0.198864
-0.234286
-0.349387
-0.146762
-0.230663
-0.511768
-1.716195
-0.701334
-0.511790
-0.874226
-0.888749
-1.847472
-0.063524
-1.201778
-1.232250
-0.479000
-0.868783
-0.629902
-1.229773
-0.190214
-0.169022
-1.113288
-0.662870
-0.069405
-1.108252
-0.464538
-0.236979
-2.012115
-1.984194
-0.163710
-0.167861
-0.392819
-0.510622
-0.021894
-0.466043
-0.603465
-0.174357
-0.446994
-0.180966
-1.026640
-0.114353
-0.653853
-0.243412
-0.374457
-0.373911
-0.385667
-0.723552
-0.358059
-0.750517
-0.816943
-0.080767
-1.049955
-1.330082
-0.636650
-0.816382
-1.099629
-0.866133
-0.466801
-0.021540
-0.649211
-0.364019
-0.345474
-0.001701
-0.185287
-0.523856
-0.046787
-0.602014
-3.375086
-0.009555
-0.820813
-0.638279
-0.463724
-1.317165
-0.732097
-1.200033
-1.418781
-0.775782
-1.678665
-0.403409
-0.978293
-0.173451
-1.530814
-0.149076
-1.558275
-2.130515
-0.872091
-1.456679
-0.595342
-0.208668
-0.865262
-0.698290
-0.227434
-0.339771
-0.128426
-0.335038
-0.984001
-2.265159
-1.258421
-0.219705
-0.137344
-0.565136
-1.214610
-0.551151
-1.002511
-0.958529
-0.421715
-0.829555
-0.535893
-0.118978
-0.058743
-0.482990
-0.608012
-1.451113
-0.167949
-0.520321
-0.704801
-0.540351
-0.207522
-0.045427
-2.013459
-0.814907
-0.704706
-0.021356
-0.654061
-0.103436
-0.600980
-0.183242
-1.438297
-0.366397
-0.837885
-0.523753
-0.319414
-0.045632
-0.132039
-0.114024
-0.292537
-0.075533
-0.717832
-0.023394
-0.499215
-0.487481
-2.017560
-0.365582
-1.563642
-1.027321
-0.006138
-1.651139
-0.681600
-1.558935
-0.700420
-0.661564
-0.505528
-0.258373
-0.295753
-1.388562
-2.070382
-1.726867
-0.209024
-0.977211
-0.703355
-0.486371
-0.783509
-0.116609
-0.532355
-0.143574
-0.066245
-1.854123
-2.038917
-0.319735
-0.242449
-1.613928
-0.490952
-2.203282
-1.306025
-1.750226
-0.340707
-1.045624
-0.522051
-0.363657
-0.615600
-1.150057
-0.235871
-0.155902
-0.633508
-0.280946
-0.464473
-0.498035
-0.328851
-0.009576
-0.168219
-1.355760
-0.902056
-1.208811
-1.769597
-0.773242
-0.508734
-0.199143
-1.926265
-0.451177
-0.131195
-2.421632
-0.562240
-1.664828
-1.679962
-0.172179
-0.392764
-0.104138
-0.706335
-0.389386
-0.103160
-0.875205
-0.448476
-0.239715
-0.084023
-0.728696
-0.418186
-0.316865
-1.001157
-0.327347
-0.581190
-0.130168
-0.399481
-1.243606
-0.057458
-0.435488
-0.868862
-0.117079
-1.179145
-0.406732
-0.927164
-0.464237
-1.001232
-0.270741
-0.120030
-0.121374
-2.292704
-0.392832
-0.386796
-0.294102
-0.015529
-0.807319
-0.786541
-0.128831
-2.140171
-0.155706
-0.286733
-0.324223
-1.052378
-0.718402
-1.583597
-0.878283
-1.550049
-0.281403
-0.663329
-0.349876
-0.362850
-1.222541
-0.232205
-0.063637
-2.489057
-2.320199
-0.844049
-0.420115
-0.383769
-1.157449
-1.017542
-1.001866
-0.205682
-0.896715
-1.071163
-0.178029
-0.504041
-0.063395
-0.009259
-0.274754
-1.085622
-0.289096
-0.434521
-0.749856
-1.377655
-1.291425
-0.834597
-0.336060
-1.164450
-1.016373
-0.224841
-0.754997
-0.121925
-0.151621
-0.162076
-0.384077
-2.216482
-0.643431
-0.388343
-0.000627
-1.492358
-0.459674
-0.319492
-0.142853
-0.619122
-0.912138
-0.049387
-0.073733
-0.023233
-1.120729
-0.220779
-0.728330
-0.024076
-0.181365
-0.388969
-0.707383
-0.066256
-1.238891
-0.399286
-1.217733
-0.222509
-0.096009
-0.013230
-0.879758
-0.059124
-1.212433
-0.094801
-0.458710
-0.728990
-0.326375
-1.720326
-0.178104
-1.474208
-1.245656
-0.281653
-0.257293
-0.605482
-0.010463
-1.437004
-1.154094
-1.006306
-0.302647
-0.721617
-0.693283
-0.414461
-0.732499
-0.266436
-0.729813
-0.127804
-0.528462
-0.307682
-1.483034
-0.783231
-1.184850
-1.826924
-0.441718
-0.843859
-1.186485
-1.071134
-0.114103
-0.252553
-0.027216
-0.501598
-0.916648
-0.398837
-0.501382
-0.417309
-1.000409
-0.295345
-1.202564
-0.170683
-0.812448
-0.075488
-0.719329
-0.261630
-0.542874
-0.845692
-0.336950
-0.020855
-1.729095
-1.833958
-0.351172
-0.067895
-1.233690
-0.229595
-1.101309
-0.589178
-0.454467
-0.176145
-0.232812
-1.676489
-0.157658
-0.702198
-0.666670
-2.400352
-0.232976
-0.302122
-1.088506
-0.986392
-0.132970
-0.178218
-0.832442
-0.192633
-0.488930
-0.104986
-1.286805
-0.683807
-0.220820
-0.112726
-0.481937
-0.950289
-1.485490
-0.204172
-0.302433
-1.262277
-0.382215
-0.034290
-0.233643
-0.281159
-0.111540
-0.584758
-0.678453
-0.788156
-0.010367
-0.333380
-0.785565
-0.357734
-1.517668
-1.314035
-0.657418
-0.204233
-1.865517
-0.237438
-0.553538
-0.586070
-1.314320
-0.204893
-0.533218
-0.347024
-1.547686
-0.959260
-1.947454
-0.871793
-1.164812
-1.326322
-0.702992
-0.610742
-0.389377
-0.420387
-0.273774
-0.694831
-0.196060
-0.792017
-0.077287
-0.614295
-1.130500
-0.375432
-0.686637
-1.204479
-0.080018
-0.544099
-0.694106
-1.203583
-1.408867
-0.625655
-0.733026
-0.265777
-0.117885
-0.516336
-1.294101
-0.219689
-0.623519
-0.496261
-0.274243
-1.277817
-0.604784
-0.632244
-0.918740
-0.071129
-0.099488
-0.301622
-0.163384
-0.465213
-0.532183
-0.120278
-0.464215
-1.096079
-0.152637
-0.446045
-1.989858
-1.174217
-0.205019
-0.308969
-3.406279
-0.741088
-0.441311
-0.538256
-0.217102
-0.113880
-0.838913
-0.291902
-0.418567
-0.164810
-0.101432
-0.002418
-0.344167
-2.278933
-0.052468
-0.124177
-1.017272
-0.137619
-1.024646
-0.595863
-0.059716
-0.536319
-0.129073
-0.353520
-0.265152
-0.533363
-1.117731
-0.429924
-0.496892
-0.092189
-0.433503
-0.065408
-0.481464
-0.113485
-0.080805
-0.652357
-0.028409
-0.733766
-1.243587
-0.119009
-0.157846
-0.279074
-0.314162
-0.636717
-0.847739
-0.333327
-0.961106
-0.071462
-0.435657
-0.273900
-0.532365
-1.156714
-0.104525
-0.051959
-0.797205
-0.727880
-0.700435
-1.632893
-0.642516
-0.711181
-0.273353
-0.435771
-0.381527
-0.435706
-0.845567
-0.212815
-0.519111
-0.803179
-0.986771
-1.028077
-0.533297
-0.023706
-0.323913
-0.393624
-0.728180
-1.053676
-0.415240
-0.136104
-0.415707
-0.467999
-0.177521
-0.826543
-1.007019
-1.606769
-0.598858
-0.923853
-0.228874
-0.466647
-0.740662
-0.306511
-0.658060
-0.083156
-0.332944
-0.608789
-0.123115
-0.449674
-0.162567
-0.138236
-0.161686
-0.239549
-0.589224
-0.007358
-0.198756
-1.157287
-1.248045
-0.242161
-0.285890
-1.458110
-0.713875
-0.002598
-0.120031
-0.391100
-0.465337
-0.289344
-0.201572
-0.252942
-1.524706
-0.243386
-0.574959
-0.831086
-0.233611
-0.363211
-0.489198
-1.480371
-0.456921
-1.861716
-0.993158
-0.005829
-0.823898
-1.034763
-0.130663
-0.936129
-0.011137
-1.020236
-0.348630
-0.190201
-0.445822
-0.085394
-0.373812
-1.072587
-0.586941
-1.234928
-0.376560
-0.131309
-0.223980
-0.781157
-0.452040
-0.601506
-0.063480
-1.623594
-0.868149
-1.231824
-0.718410
-0.585385
-0.002532
-0.889185
-0.149828
-0.605262
-0.086384
-0.654865
-0.811408
-0.508037
-0.231032
-0.115949
-1.822234
-0.950230
-0.104953
-1.226719
-0.115196
-0.764615
-0.448564
-0.886362
-2.083737
-0.964745
-0.049619
-0.879063
-0.469639
-1.066791
-0.045177
-0.583924
-0.744457
-0.594505
-0.469170
-0.193870
-0.392462
-0.922149
-0.570006
-0.763286
-0.618165
-0.055417
-0.344128
-0.103198
-0.171494
-0.829809
-0.358598
-0.327131
-1.726864
-0.231848
-0.840726
-0.263597
-1.990696
-1.415896
-0.982372
-0.973544
-0.831660
-0.718830
-0.549553
-1.681831
-0.557384
-0.301779
-0.194484
-1.599677
-0.540084
-0.655801
-0.963977
-1.269383
-0.201120
-0.374247
-0.564271
-0.050116
-0.146336
-0.205467
-0.006466
-0.435230
-0.589069
-1.452076
-0.001809
-0.331020
-1.111877
-0.776173
-0.504358
-0.429206
-0.266885
-0.526665
-0.110541
-0.801793
-1.615895
-0.900992
-0.007409
-0.506062
-0.722577
-0.562125
-0.151040
-0.974520
-0.293753
-0.291734
-0.618675
-2.711888
-1.278432
-0.046213
-0.020637
-0.159877
-0.062748
-0.934978
-0.279074
-0.441019
-0.047673
-0.147166
-2.299530
-0.527385
-0.635446
-0.282064
-0.560379
-0.240843
-0.368350
-0.315167
-0.336692
-0.778498
-0.370038
-0.220231
-1.680009
-1.393793
-0.764811
-1.560603
-0.164885
-0.622653
-0.815751
-0.195029
-0.302318
-0.702430
-0.620752
-1.344552
-0.370689
-0.121285
-0.644651
-0.559003
-0.138829
-0.075462
-1.417610
-0.079449
-0.181556
-0.087858
-0.010237
-2.060300
-0.386708
-0.254763
-0.157471
-0.299417
-2.724933
-0.841171
-0.185612
-2.249034
-1.704948
-0.187300
-0.001467
-0.727584
-1.244002
-0.326590
-0.140778
-0.310593
-1.410085
-0.320314
-0.345420
-0.004258
-0.446812
-0.008733
-0.126325
-0.628604
-0.570748
-0.910502
-0.266196
-0.317601
-0.599921
-0.470883
-1.448502
-1.368687
-1.012308
-1.929318
-0.082690
-0.343614
-0.191402
-0.456431
-0.169220
-0.306271
-0.148291
-0.184403
-0.037777
-0.593994
-1.313042
-0.540061
-0.207385
-0.828670
-1.659893
-0.933163
-1.611607
-0.078012
-0.050578
-1.837984
-1.798793
-3.585845
-0.898528
-0.230738
-0.389199
-1.002112
-0.298713
-1.195723
-0.063840
-0.025442
-0.671473
-0.643809
-0.246073
-0.045267
-0.206458
-2.494987
-1.047432
-0.033609
-0.160896
-0.554498
-0.012538
-0.129764
-1.558234
-0.332485
-0.880645
-0.398998
-0.591979
-0.042810
-0.316391
-1.255815
-0.148390
-0.588595
-0.766994
-1.072744
-0.427391
-0.883644
-0.453297
-0.177560
-0.364989
-1.406013
-0.566313
-0.450991
-0.206201
-1.534406
-0.489486
-0.087669
-0.184729
-0.328992
-0.687544
-0.655661
-0.179121
-0.139402
-0.273881
-1.937794
-0.019384
-0.420175
-0.664166
-0.782760
-1.052367
-0.988420
-0.487175
-0.175276
-0.101530
-1.506252
-0.471239
-1.683884
-0.298805
-0.347097
-0.277639
-0.710512
-0.678840
-0.075894
-0.292450
-2.291871
-0.011858
-0.141308
-0.576319
-0.007853
-1.302114
-1.362039
-0.059934
-1.356319
-0.801855
-0.436072
-0.202630
-0.395666
-0.259263
-0.260527
-0.301673
-0.943306
-0.003395
-0.055197
-0.171884
-1.978757
-0.888348
-0.075828
-0.666752
-0.254515
-0.965678
-1.009324
-0.334095
-0.129528
-1.022493
-0.872237
-0.029106
-0.635588
-0.726255
-0.212438
-2.035550
-0.030589
-0.078421
-1.355104
-0.385380
-0.218182
-0.518964
-0.613569
-0.546311
-0.303645
-0.870549
-0.094302
-2.026931
-1.287236
-0.356838
-0.014392
-0.595222
-0.047386
-0.668793
-1.002437
-0.320753
-0.515841
-0.132055
-0.463292
-0.139974
-0.241605
-0.271476
-1.301385
-0.433828
-0.054777
-1.139936
-0.470251
-0.964987
-1.005930
-0.062193
-0.061764
-0.158608
-1.310996
-1.557667
-1.147692
-0.035770
-1.525378
-0.264734
-0.751987
-1.957255
-0.671591
-0.662715
-1.177287
-0.212844
-0.516409
-1.154605
-1.130404
-0.707946
-0.690475
-2.051997
-0.925385
-0.326837
-0.354187
-1.999151
-0.365224
-0.528258
-0.289297
-0.149389
-0.423180
-0.458470
-0.284795
-0.743064
-0.108732
-0.852810
-0.878195
-0.069451
-1.336195
-0.264383
-0.031344
-1.557252
-0.796000
-0.098152
-0.095436
-0.803999
-1.060917
-0.161386
-0.119057
-0.054374
-0.475694
-1.138666
-0.870279
-0.567782
-0.487008
-0.607662
-0.159247
-0.002811
-0.372737
-1.056610
-0.338409
-0.400240
-0.697197
-0.594139
-0.587298
-0.751935
-0.411886
-0.082402
-0.167770
-0.641166
-0.275560
-0.526883
-1.840501
-0.148516
-0.283228
-0.562700
-0.193817
-0.098598
-0.445249
-0.010694
-0.197905
-0.727133
-0.031299
-0.407821
-0.320379
-0.349262
-0.072393
-0.160944
-1.002729
-1.227281
-0.599279
-1.516929
-0.118578
-0.110641
-0.346722
-0.864652
-1.462885
-0.192260
-0.265687
-1.397430
-0.117600
-1.103676
-0.002370
-1.250060
-0.813673
-0.371754
-1.219926
-0.331274
-0.666116
-0.236829
-0.033255
-0.444301
-1.393521
-0.031773
-0.150377
-0.073204
-0.455696
-0.133144
-1.116567
-0.616411
-1.471825
-0.847705
-0.486497
-0.316957
-0.859269
-1.065282
-0.497635
-4.020299
-0.048457
-0.184144
-1.074701
-0.978368
-1.683252
-0.197273
-0.426684
-0.493632
-0.252571
-0.071129
-0.618453
-0.052615
-0.095798
-0.565129
-0.064908
-0.023829
-0.016912
-1.025550
-1.862359
-3.152057
-0.359220
-0.904937
-1.360796
-0.937866
-1.124208
-0.163614
-0.565863
-0.209138
-0.223450
-0.119003
-0.340482
-0.274661
-0.594221
-0.450643
-0.401920
-0.204977
-0.300791
-0.292363
-0.440976
-1.259939
-0.273613
-0.074727
-0.819172
-0.933194
-1.906009
-0.088004
-0.281042
-0.070622
-0.812697
-0.269629
-0.002015
-0.861122
-0.285850
-0.491000
-0.008552
-0.427683
-2.676196
-0.104834
-0.487874
-0.189136
-0.087218
-0.510903
-0.980631
-0.151010
-0.207905
-0.413874
-0.397417
-0.986876
-0.378116
-0.016615
-0.075433
-1.427353
-0.061566
-0.564020
-0.092555
-0.135089
-0.526551
-0.809363
-1.857905
-0.430884
-0.188457
-0.941815
-0.279689
-0.061348
-0.472114
-0.196220
-1.347340
-0.005781
-0.404406
-0.624053
-0.155801
-0.525287
-0.395913
-1.488793
-0.321274
-0.189908
-0.354235
-0.021816
-1.122747
-2.897166
-0.089171
-0.534643
-0.015861
-0.888747
-0.564857
-0.638983
-1.892218
-0.125411
-0.871626
-0.639709
-1.097505
-0.317585
-0.811802
-0.000494
-0.440674
-0.208626
-0.228601
-0.155700
-0.325991
-0.515276
-0.854876
-0.701658
-0.339506
-0.139029
-1.450828
-0.719358
-1.150075
-0.591502
-0.749870
-0.190015
-0.479371
-0.160744
-0.285422
-0.261141
-0.163248
-1.180952
-0.884541
-0.150164
-0.225354
-0.018620
-0.620322
-0.100712
-0.027204
-0.441302
-0.134355
-0.833012
-0.994145
-0.118179
-0.289095
-0.497198
-0.154618
-0.047231
-1.028794
-0.537692
-1.916113
-0.857738
-0.101481
-1.288485
-0.656749
-0.113053
-0.134775
-0.485648
-0.182995
-0.172131
-2.273306
-0.128208
-0.343870
-1.431411
-0.015930
-0.722960
-0.803267
-1.254493
-0.484304
-1.018713
-1.124028
-0.246623
-0.851772
-1.043265
-0.220810
-0.644547
-0.306985
-0.745355
-0.540660
-0.442724
-0.677637
-0.267153
-0.688668
-0.460898
-0.630750
-0.439255
-0.952863
-1.153643
-0.687565
-0.423166
-1.388721
-0.122950
-0.656418
-0.964257
-0.001097
-0.382382
-0.276109
-0.769531
-0.996222
-0.049846
-0.161985
-0.289336
-1.527921
-0.690008
-0.250437
-0.204552
-0.455366
-0.392506
-1.757187
-1.244072
-0.460664
-1.282290
-0.154933
-0.507345
-1.005680
-0.634929
-0.165414
-0.520940
-0.102923
-0.634562
-0.582016
-0.048811
-0.749862
-1.319851
-0.057386
-0.378077
-0.468694
-1.828238
-0.721557
-0.251355
-0.380873
-0.503925
-0.113230
-0.106371
-0.615617
-1.198175
-0.143982
-0.029407
-0.379242
-0.377778
-0.620702
-0.013748
-0.109934
-0.130761
-0.322671
-1.103553
-1.792639
-0.284415
-0.868817
-1.248510
-1.498450
-1.767739
-0.723877
-0.156480
-0.784200
-1.508262
-0.702052
-0.186069
-0.033823
-1.129384
-1.087658
-1.139574
-0.171492
-1.288388
-0.022905
-0.742998
-0.382538
-0.303365
-0.923685
-0.151421
-0.482979
-0.054334
-0.912951
-0.682048
-2.134200
-0.406163
-0.187871
-0.908555
-0.013941
-0.003479
-0.428348
-0.474301
-0.062538
-0.485940
-1.743796
-0.619324
-0.205703
-1.797690
-1.189350
-0.039933
-0.043414
-1.693286
-0.685412
-0.486674
-0.655582
-0.488847
-0.415995
-1.764297
-0.473705
-0.938015
-0.415155
-0.057319
-1.020975
-0.205887
-0.169043
-0.332011
-0.257886
-0.051528
-0.024030
-1.062017
-0.287897
-0.189570
-0.134132
-0.524043
-0.191491
-0.254572
-0.510888
-1.399534
-0.631932
-0.143972
-0.646099
-0.873634
-1.362740
-0.405736
-1.221418
-0.827514
-0.536341
-0.327163
-0.102231
-0.714404
-0.237390
-0.951651
-0.083238
-1.177238
-0.010017
-1.116242
-0.736603
-0.439075
-1.335412
-0.000727
-0.564237
-0.831825
-2.123808
-0.141477
-0.886126
-0.273223
-0.427401
-0.233736
-0.692971
-0.012673
-1.389600
-1.322341
-0.537418
-0.602400
-0.238390
-1.086057
-0.184649
-0.300100
-0.338603
-1.343793
-1.739991
-1.043149
-0.035408
-0.018251
-0.747037
-1.911361
-0.643829
-0.052620
-0.345310
-0.626244
-0.090302
-0.259443
-1.045593
-0.873581
-0.543691
-0.762757
-0.886937
-0.057860
-0.104768
-0.357708
-0.962643
-0.004610
-1.532196
-0.741247
-0.966877
-0.011770
-1.311633
-1.405366
-0.945674
-0.574244
-0.773816
-0.236474
-0.407468
-0.798775
-0.139084
-0.301205
-1.688873
-0.201056
-0.623257
-0.132257
-0.171971
-0.544731
-0.246036
-1.063704
-0.680413
-0.771368
-0.315529
-1.670790
-0.071826
-0.924108
-2.252292
-0.908127
-2.500841
-0.146180
-0.034492
-0.061461
-0.521821
-0.244378
-0.316137
-0.386889
-0.442448
-0.316434
-1.270906
-1.145572
-0.975249
-0.185451
-1.763206
-1.264397
-0.696700
-1.324969
-0.531799
-1.731737
-1.429088
-0.065850
-0.156910
-0.098113
-0.336294
-2.759782
-0.242537
-0.256176
-0.235925
-0.236484
-0.397441
-0.099983
-0.097041
-0.667114
-0.364371
-0.250535
-0.012418
-0.981509
-0.134840
-0.281558
-1.727433
-0.134804
-0.847542
-0.443365
-0.362666
-0.159693
-0.269053
-0.189105
-0.023796
-0.679230
-0.751926
-0.271135
-0.468110
-0.504443
-1.213050
-0.271700
-0.678812
-0.848701
-0.104852
-0.193891
-1.029835
-0.733229
-0.732366
-0.301655
-0.457475
-1.344487
-0.312816
-0.330655
-0.313069
-0.031882
-0.192363
-0.778814
-1.868432
-0.085031
-1.540294
-0.156360
-0.831901
-0.060199
-1.154725
-0.576063
-0.627202
-2.890141
-1.557961
-0.130962
-0.347828
-0.484684
-0.363233
-0.927972
-0.367175
-0.081718
-0.260776
-3.064687
-0.312931
-0.820566
-0.855395
-0.073542
-0.743052
-0.500795
-0.109487
-0.414715
-1.393802
-0.617085
-0.119200
-0.218607
-0.603854
-0.481078
-1.353249
-0.036109
-1.455211
-0.339195
-0.155074
-0.510026
-0.525075
-0.859663
-0.199318
-0.359652
-1.690680
-1.383033
-1.142234
-2.086025
-1.728824
-0.451927
-0.157510
-0.138001
-1.494055
-0.838859
-0.472735
-0.372161
-0.114077
-0.061195
-0.586029
-0.000626
-0.246376
-0.875783
-0.321643
-0.082247
-0.161295
-0.709565
-0.414513
-0.000209
-0.098431
-0.397441
-0.087736
-0.097532
-1.076870
-1.147627
-0.498810
-0.171770
-0.910723
-0.010221
-1.202029
-0.563882
-0.229576
-0.579414
-0.127690
-0.303882
-0.626388
-0.319888
-0.301186
-0.070082
-0.880446
-1.402043
-0.156026
-0.264035
-0.003134
-0.907831
-0.836809
-0.005364
-3.124922
-0.077428
-1.263466
-0.092350
-1.263161
-0.570807
-1.538984
-0.982932
-0.178373
-1.323555
-0.700346
-0.637244
-0.364784
-0.883648
-1.351974
-0.580733
-1.783402
-0.206119
-0.457421
-0.561070
-1.126314
-1.528524
-1.413637
-1.073444
-0.191304
-0.296369
-0.508290
-1.458341
-2.042074
-2.503536
-0.085991
-1.328226
-0.005905
-1.267724
-0.491576
-0.159811
-2.100440
-0.302841
-0.094945
-0.469755
-0.844124
-0.360750
-0.032128
-0.833985
-1.357872
-0.063506
-0.188959
-0.621734
-1.106507
-0.808295
-1.002965
-0.645957
-0.005155
-0.562080
-0.354339
-0.142929
-0.560785
-0.309153
-0.015962
-0.896821
-0.735378
-1.653310
-0.591891
-1.622481
-2.774353
-0.386520
-0.168847
-0.050138
-0.107160
-0.933114
-0.043350
-0.651999
-0.428144
-0.438056
-0.328777
-0.351831
-0.334305
-1.406518
-0.058760
-0.159891
-1.066846
-0.189599
-1.198834
-1.028504
-1.142648
-0.632718
-0.839149
-0.404705
-0.006979
-0.396162
-0.570286
-0.058410
-0.795389
-1.081882
-0.283403
-0.911131
-0.186014
-1.775641
-2.618168
-2.834942
-0.451437
-0.532332
-0.109192
-0.811112
-0.299562
-0.893182
-0.298265
-1.382885
-0.793938
-0.240729
-0.813458
-1.119547
-1.600422
-0.114908
-0.048602
-0.067695
-0.136007
-1.007943
-0.240979
-0.833653
-0.032391
-0.482879
-0.264517
-0.420089
-1.235355
-0.780916
-0.542957
-0.794358
-1.765413
-0.940295
-0.539906
-0.403665
-0.898817
-1.806334
-1.061797
-0.056780
-1.156217
-1.844182
-0.538789
-1.322894
-0.031914
-1.106193
-0.616673
-0.220474
-0.325205
-0.216012
-2.429061
-0.092530
-0.421834
-0.503057
-0.436593
-0.989372
-0.059690
-1.194330
-1.392568
-1.563991
-0.176494
-0.260070
-0.514505
-0.007844
-1.020551
-1.255055
-0.352041
-1.423029
-0.136796
-0.299585
-0.113292
-0.507437
-0.833240
-0.074835
-0.798272
-0.258294
-0.438660
-0.570414
-0.072964
-0.290292
-0.808373
-0.238644
-0.152756
-1.393847
-0.351850
-0.174453
-0.289939
-0.143358
-0.194975
-1.056576
-0.357948
-0.284146
-0.008595
-0.466061
-1.387614
-0.616687
-0.633147
-0.408370
-0.736228
-0.525356
-0.274023
-0.371538
-0.323560
-0.280443
-0.633743
-1.684033
-0.339854
-0.374829
-1.796703
-0.257053
-0.474074
-0.011020
-0.627535
-0.992918
-0.178245
-0.096531
-0.074199
-0.373677
-0.823135
-0.006412
-0.361847
-1.134827
-0.161149
-0.320612
-0.578760
-1.195327
-0.721099
-1.133105
-0.387981
-2.074409
-0.630084
-0.189180
-0.603624
-0.808306
-0.799369
-0.807524
-0.400231
-1.104631
-0.301656
-0.616841
-0.427091
-0.168137
-0.605928
-2.344923
-0.025235
-2.163743
-1.691668
-0.786334
-1.139655
-0.496583
-0.784610
-0.432851
-0.011049
-1.795292
-0.340418
-0.658374
-0.710697
-0.419793
-0.268643
-0.593980
-0.938458
-0.042222
-0.099621
-0.572357
-0.629418
-0.352872
-0.624284
-1.534636
-1.112329
-2.662225
-0.774778
-1.420488
-0.316192
-1.602672
-0.680768
-0.159342
-0.450024
-0.030914
-0.165387
-0.878689
-1.486990
-0.650746
-0.301611
-0.512062
-0.680411
-1.764959
-0.182909
-0.508517
-0.564987
-0.067037
-0.044069
-0.462984
-0.363891
-0.380019
-0.895018
-0.617586
-0.074471
-1.020482
-0.489985
-0.096470
-0.250277
-0.413037
-0.214637
-1.012091
-0.539455
-0.122022
-0.835144
-1.360835
-0.445103
-0.215980
-0.057307
-0.296098
-0.755932
-1.022011
-1.486924
-1.375148
-0.133990
-0.496607
-0.909284
-0.363097
-0.038486
-0.317042
-0.744871
-0.004796
-0.326721
-0.486119
-0.699299
-2.646463
-0.306497
-0.077746
-0.208714
-0.156126
-0.040932
-0.218071
-0.015674
-0.831171
-0.161700
-1.374010
-0.095087
-0.017278
-0.799062
-0.281521
-1.990964
-1.372760
-0.545817
-0.025675
-0.288998
-0.083315
-1.069867
-0.247141
-0.765235
-0.218155
-1.197554
-0.582377
-2.001732
-0.555402
-0.495524
-1.662783
-0.129094
-0.511350
-1.253426
-0.595104
-0.884907
-0.783265
-0.630852
-0.482840
-1.222020
-0.220854
-1.359698
-0.035255
-0.685700
-0.253476
-0.064685
-0.140132
-1.550465
-0.872918
-0.058093
-0.838900
-1.475356
-1.509599
-2.964863
-0.085346
-0.385643
-0.086002
-0.409932
-0.317096
-0.547106
-0.305468
-0.217145
-0.377618
-0.726797
-0.351890
-1.128487
-0.015575
-0.693182
-0.799263
-0.895354
-0.308055
-0.382397
-0.382779
-0.626595
-0.919848
-0.730169
-0.462725
-0.623657
-0.559731
-0.201422
-0.351246
-0.938395
-0.415363
-0.389631
-0.252676
-0.396159
-1.278003
-0.081770
-0.511028
-0.183060
-1.641964
-0.705963
-0.526947
-0.909236
-0.082892
-2.501139
-1.178553
-1.605786
-0.107313
-1.011617
-0.013269
-1.328885
-1.545365
-2.296235
-1.296395
-0.358014
-0.107302
-0.240912
-0.566376
-0.517523
-0.448483
-1.899227
-0.567866
-0.614940
-0.101718
-0.284436
-0.320935
-1.185231
-1.280821
-0.382772
-2.258197
-0.553933
-0.114744
-1.091730
-0.723966
-0.005596
-0.325910
-0.586553
-0.344987
-1.048469
-0.175441
-0.248044
-0.007753
-0.628113
-0.096840
-0.020926
-1.627072
-0.168587
-0.158704
-0.104220
-0.087065
-0.339458
-0.261912
-1.403613
-0.242002
-0.420826
-0.418607
-0.520075
-0.910430
-1.566788
-0.900326
-0.417556
-0.778925
-0.079418
-0.668818
-0.350494
-1.474114
-0.950849
-1.394748
-0.450801
-0.177370
-0.906369
-0.437036
-0.742029
-0.821376
-0.043311
-1.199582
-0.775211
-0.588337
-0.182993
-0.222669
-1.724023
-1.496264
-1.338789
-0.079101
-0.563804
-0.499383
-0.550888
-1.176312
-0.096524
-0.676950
-0.150110
-0.977586
-0.085205
-1.549721
-0.320572
-1.497148
-1.304167
-0.480819
-0.395970
-1.288614
-1.111141
-0.604416
-0.428128
-1.247050
-0.230532
-0.730877
-1.247563
-1.143463
-0.599168
-0.247250
-0.089287
-0.147623
-1.876161
-0.390051
-0.280604
-0.276599
-0.806334
-0.078089
-1.438643
-1.030049
-1.280707
-0.121547
-0.213140
-0.111320
-1.068737
-1.276800
-0.109619
-0.515186
-0.334207
-0.034723
-0.994172
-1.352763
-0.052687
-0.343101
-0.135730
-0.140964
-0.472796
-1.962721
-0.363604
-1.337421
-0.058145
-0.113019
-0.315390
-0.564622
-0.298544
-0.702064
-0.053336
-0.715206
-1.431937
-0.486099
-0.077079
-0.463734
-0.132252
-0.094727
-0.687664
-0.971112
-0.122979
-2.044033
-0.015478
-0.794979
-0.363555
-1.327024
-0.333239
-0.313750
-1.088531
-0.100009
-0.137863
-0.577108
-0.600441
-0.306612
-0.205586
-0.308149
-0.179338
-0.187065
-1.347960
-0.026883
-0.777306
-1.496289
-0.827369
-1.459289
-0.980919
-0.588912
-0.397893
-0.021096
-0.772732
-0.239235
-1.153571
-0.931448
-0.159433
-0.324626
-0.541649
-0.120682
-1.064586
-0.965633
-1.278348
-0.075983
-0.579816
-0.219252
-0.539932
-0.555996
-0.181460
-2.281491
-0.768365
-0.332876
-0.724014
-1.438121
-0.042627
-0.418236
-0.852184
-0.213954
-1.488958
-0.898536
-1.010702
-0.380831
-0.776191
-0.557172
-1.603415
-0.181204
-0.985847
-0.120440
-0.157894
-1.289420
-0.060493
-0.391576
-0.232437
-0.347870
-0.781052
-0.006336
-0.023074
-0.501616
-0.586127
-0.389758
-0.157061
-0.455847
-0.184525
-0.459665
-0.274801
-0.311016
-0.410255
-0.141090
-1.130566
-0.406186
-0.252403
-0.830421
-0.622108
-2.180815
-0.210681
-0.341727
-0.005891
-1.174237
-0.646543
-1.048550
-0.838016
-0.119190
-0.594864
-0.132024
-0.347380
-1.202387
-0.523382
-0.081735
-0.912728
-0.565010
-0.642776
-0.336999
-0.076461
-0.518543
-0.879503
-0.006626
-1.162425
-0.959247
-1.493704
-0.128555
-1.090111
-0.125700
-1.633575
-1.190479
-0.081847
-1.021036
-0.463779
-0.501546
-1.298934
-0.820222
-0.036236
-0.561550
-1.754366
-0.503659
-1.625045
-1.072111
-0.232566
-0.503359
-0.900814
-0.267072
-1.540691
-1.285295
-0.677082
-0.295132
-0.109933
-0.425412
-0.343464
-0.263764
-0.340262
-0.010093
-1.948383
-1.209633
-0.236680
-0.505066
-0.327701
-1.053668
-0.358582
-1.132966
-0.565081
-0.520313
-0.493593
-2.453435
-0.167839
-0.473904
-0.180085
-0.383299
-0.214839
-0.597473
-1.162181
-0.884748
-0.810881
-0.018377
-0.102998
-1.535848
-0.254397
-0.237798
-0.887965
-1.224803
-0.042086
-0.099408
-0.666972
-1.631525
-0.224659
-0.208558
-0.992027
-0.339849
-1.405296
-1.073048
-0.697958
-0.154996
-1.366901
-0.080461
-0.466805
-0.206694
-1.156496
-0.162735
-0.343418
-0.261322
-0.105583
-0.818900
-0.980924
-1.335007
-0.151288
-0.157996
-0.782295
-0.137962
-1.210685
-0.494957
-1.448369
-0.145892
-3.138804
-0.282041
-1.150487
-0.354993
-0.542426
-1.712559
-0.033038
-0.164673
-0.200453
-1.041638
-0.202506
-0.499448
-0.436814
-0.665331
-0.436057
-0.529471
-0.856029
-0.649027
-0.981693
-0.146882
-0.663516
-0.092728
-0.180857
-0.547314
-0.650895
-0.177307
-0.147304
-0.332173
-0.167184
-0.238469
-0.204568
-0.761422
-0.732926
-1.167940
-0.014638
-0.468308
-0.491576
-0.369367
-0.106449
-0.566360
-0.154709
-1.899313
-1.535048
-2.108125
-0.855056
-1.559785
-0.066768
-0.867424
-2.129580
-1.713658
-0.515550
-1.563445
-0.219361
-0.227772
-0.691869
-1.308209
-0.005831
-1.552124
-0.757798
-0.230002
-0.017241
-0.010073
-0.241988
-0.959164
-1.560169
-0.870955
-1.478611
-0.277599
-0.585033
-0.339044
-0.633356
-0.168654
-0.325580
-2.250117
-0.212583
-0.553383
-1.205658
-0.599527
-1.238021
-1.474932
-1.795718
-0.556291
-1.403582
-1.242508
-1.946748
-1.397869
-0.297500
-0.834858
-0.094589
-0.147072
-2.100922
-1.262581
-0.332294
-0.217969
-0.150961
-0.307711
-1.288871
-0.459126
-0.145750
-0.325746
-0.729377
-1.540759
-1.399897
-1.256769
-0.415038
-0.837498
-0.889231
-0.055471
-0.507601
-0.308176
-0.422894
-1.262291
-0.015169
-0.800664
-0.728887
-0.266653
-0.740629
-0.376727
-1.166540
-0.709150
-0.626223
-0.625237
-0.110290
-0.092767
-2.292833
-0.869754
-0.405240
-0.789117
-1.029694
-1.883248
-0.697123
-0.191567
-0.893196
-0.137028
-0.787589
-0.132707
-0.273695
-1.059459
-0.095085
-0.457937
-0.013675
-0.124618
-0.568658
-0.764199
-0.213424
-0.740091
-0.124635
-1.367792
-0.923774
-0.117686
-0.989609
-1.232971
-0.701537
-0.213848
-0.488926
-1.942435
-0.445300
-0.596004
-0.458608
-1.106408
-0.223680
-0.591179
-0.160177
-0.759449
-0.716629
-0.853576
-0.332081
-0.594005
-0.490751
-1.050984
-0.289130
-0.234344
-0.608482
-0.285498
-0.745442
-0.028072
-0.262233
-0.724897
-0.114240
-0.574802
-1.156697
-0.078698
-0.167827
-0.308029
-1.466350
-0.539399
-0.277990
-0.556708
-0.828862
-0.034240
-0.617747
-0.149409
-0.465967
-0.248252
-0.812711
-0.417754
-1.825489
-0.707145
-0.527322
-1.015945
-0.336482
-1.113723
-0.854649
-0.010511
-0.069829
-2.809485
-1.261620
-0.417898
-0.783122
-1.870684
-0.570011
-0.755205
-1.741816
-1.684128
-1.768561
-0.927284
-0.644386
-0.047744
-0.479491
-0.583435
-1.208955
-0.364250
-0.337801
-0.261413
-0.456372
-2.101479
-0.458386
-0.355417
-0.255096
-0.360330
-0.475130
-1.683057
-1.856433
-0.259798
-0.675764
-0.214334
-0.541173
-0.045776
-0.119092
-0.792097
-0.846842
-0.076483
-0.090635
-0.104083
-1.159692
-0.758968
-0.075114
-0.266063
-0.123933
-0.093805
-0.235296
-0.045727
-0.097182
-0.793227
-0.582789
-0.889473
-1.407667
-0.303390
-0.578228
-0.354694
-0.032341
-0.369901
-1.516206
-3.357257
-0.030494
-1.564677
-0.299188
-0.693793
-0.474337
-0.199818
-1.301720
-0.572718
-0.446060
-0.106194
-0.146944
-0.751049
-0.251340
-1.271042
-2.503424
-0.234744
-1.367096
-0.844689
-2.186872
-1.184527
-1.440522
-1.342588
-1.065563
-0.485205
-1.108685
-0.090295
-0.898640
-0.036522
-0.363798
-0.727683
-0.011737
-0.368514
-0.592596
-0.265434
-0.880802
-0.125196
-1.682677
-0.894384
-0.496447
-0.852376
-1.538556
-0.154955
-2.083476
-0.745419
-0.835485
-0.827068
-0.129206
-0.312191
-1.316778
-0.458693
-0.735845
-1.502827
-0.880989
-0.472132
-0.048984
-1.363368
-0.572005
-1.118075
-0.985415
-0.185200
-0.579635
-0.583107
-0.183210
-0.247569
-0.446046
-0.347505
-0.580628
-0.452384
-0.423907
-0.765464
-0.125724
-0.780103
-0.474809
-0.714129
-0.201613
-0.694212
-0.619484
-0.169134
-0.381420
-0.845392
-2.129870
-0.660776
-0.205289
-0.755104
-0.491650
-0.073902
-0.954587
-0.340156
-1.633214
-0.039321
-0.065056
-0.053963
-0.963592
-1.160372
-0.871282
-0.231615
-0.614645
-1.082111
-0.539002
-0.102371
-1.482803
-0.177375
-0.377187
-0.725272
-1.401638
-0.964556
-0.074683
-0.196351
-0.145358
-0.187823
-0.601329
-1.127980
-0.051521
-0.104442
-0.074387
-0.095051
-0.019138
-0.144168
-0.753578
-0.295919
-0.251090
-0.572382
-0.359982
-1.300514
-0.596984
-1.021875
-1.307826
-1.041845
-0.264869
-0.206061
-1.157416
-0.561241
-0.313364
-0.168621
-0.458108
-0.624975
-1.663423
-0.874505
-2.108064
-2.274204
-0.407151
-0.245317
-1.095413
-0.734688
-0.177164
-0.336682
-0.093373
-0.438957
-0.794272
-0.715093
-0.476464
-0.300360
-0.400792
-2.304331
-0.367913
-0.451914
-0.076319
-0.261461
-0.033128
-0.522606
-0.790740
-0.556119
-0.264536
-1.597041
-0.771670
-0.338905
-0.125234
-0.212779
-0.335595
-0.240660
-0.187403
-0.894353
-0.005974
-1.335089
-0.603540
-0.514975
-0.733664
-0.145298
-0.793475
-0.564216
-0.031912
-0.053513
-1.500525
-1.389621
-0.497302
-0.450078
-1.022872
-0.267581
-0.809171
-0.883776
-0.055003
-0.868194
-1.112707
-0.331338
-0.582448
-0.847449
-0.175098
-0.666318
-0.484623
-0.837832
-0.532699
-0.017650
-0.444595
-0.219950
-0.691670
-1.265418
-0.277706
-0.036417
-0.909551
-0.890778
-0.498703
-0.666522
-1.269802
-0.223723
-0.502680
-0.260459
-0.512397
-0.150530
-0.017380
-0.146985
-1.161201
-0.672132
-1.027843
-1.168937
-1.021760
-1.635847
-0.689743
-0.206974
-0.610554
-0.641778
-0.537290
-0.422659
-0.145550
-0.908500
-0.084278
-0.038268
-0.072197
-0.223161
-0.117469
-0.030996
-0.469741
-0.149474
-0.588368
-1.044909
-1.129442
-1.431389
-0.694043
-0.096257
-1.172384
-0.473272
-0.032633
-1.374005
-0.533660
-0.058247
-1.155286
-0.688610
-0.230622
-0.147774
-0.104769
-0.301083
-0.227694
-0.813783
-0.411495
-0.886115
-0.349296
-0.397714
-0.182712
-0.030734
-1.049339
-0.145922
-0.601587
-0.631884
-0.523606
-0.095645
-0.592024
-0.171553
-0.660866
-0.299165
-0.337122
-1.370964
-1.206129
-0.367247
-0.475810
-0.931979
-0.755205
-0.171743
-0.724364
-0.587352
-0.495531
-0.585297
-0.209739
-0.534551
-0.136501
-0.363791
-0.180932
-0.030403
-1.777917
-0.418478
-0.306051
-0.228772
-2.582765
-0.221546
-0.697330
-0.517644
-0.323980
-0.132397
-1.201750
-2.266228
-1.816214
-0.719594
-1.672260
-0.342201
-0.202542
-0.353519
-0.214611
-0.689307
-0.284080
-0.212217
-0.456242
-0.287442
-2.093055
-0.934669
-0.173031
-0.327563
-0.223919
-0.480206
-0.413138
-0.285496
-2.177826
-0.207261
-1.797640
-0.349803
-1.030093
-0.137799
-0.430777
-0.402962
-0.411075
-0.573565
-0.239763
-0.616272
-1.074590
-0.312883
-0.433128
-0.892610
-1.021331
-0.017141
-0.404321
-1.267230
-0.387896
-1.026730
-0.231908
-0.021132
-1.471220
-0.056010
-0.477368
-0.469071
-0.576774
-1.698670
-0.321526
-0.835159
-0.443940
-1.147186
-0.456119
-0.321441
-0.452477
-0.048589
-0.028478
-0.552271
-0.750207
-0.180478
-0.815663
-0.069499
-0.160360
-0.252185
-1.228192
-0.164012
-0.124524
-0.102886
-0.497841
-1.265434
-0.544485
-0.275120
-0.641862
-0.010092
-1.011581
-1.821875
-0.695578
-0.684406
-0.009327
-1.886495
-1.438943
-0.178192
-0.405806
-0.247774
-1.538566
-0.686187
-0.266101
-0.536865
-0.011022
-0.738196
-0.010448
-1.256085
-0.731800
-2.031311
-0.199027
-0.202118
-0.516954
-0.715988
-0.019283
-1.148976
-1.480919
-0.074217
-0.192642
-1.066001
-1.260536
-0.663020
-0.358600
-0.957234
-0.199103
-0.822399
-0.631882
-0.537435
-0.204162
-0.902969
-0.180688
-1.872158
-0.079078
-0.552705
-0.493882
-0.046697
-0.442620
-0.839524
-0.952314
-0.349029
-0.182686
-0.199830
-0.440198
-0.116206
-0.197617
-0.641882
-1.673327
-0.805170
-1.050434
-0.490772
-0.748135
-1.192614
-0.145356
-0.900796
-0.049571
-0.195828
-0.332747
-0.628556
-0.898991
-1.697066
-0.777674
-0.367200
-0.254466
-1.096620
-0.578712
-1.079337
-0.192518
-0.052650
-0.760618
-0.672109
-2.415048
-0.124953
-0.508262
-0.630615
-1.302745
-0.364109
-0.183092
-1.640286
-0.192008
-0.122554
-1.013929
-0.488834
-0.123312
-1.876595
-0.441643
-0.545864
-0.826103
-0.233372
-0.066810
-0.075742
-0.847337
-0.266695
-1.371425
-0.085696
-1.186112
-0.205545
-0.772023
-3.103019
-0.224617
-1.085235
-0.391590
-0.891975
-0.367141
-0.703571
-0.030269
-0.911746
-0.291398
-1.903315
-0.094805
-0.292019
-0.177608
-0.511567
-0.729588
-1.862749
-0.035716
-2.007004
-2.493493
-0.609042
-0.181385
-0.158574
-0.315859
-1.616169
-0.171248
-1.092310
-0.107563
-0.458927
-0.445542
-0.903849
-0.888173
-1.853160
-2.086060
-0.090354
-0.055415
-0.098231
-0.094018
-1.095788
-0.146645
-0.031068
-0.550537
-0.195861
-0.600923
-0.947958
-0.987574
-0.224745
-0.236248
-0.662061
-0.487546
-0.040699
-0.343019
-0.199459
-0.998279
-0.274142
-0.234950
-1.219222
-0.292842
-0.189881
-0.633463
-0.345448
-0.162522
-1.254669
-1.313192
-0.666596
-2.310526
-0.561329
-1.687352
-0.516156
-0.099361
-0.316888
-0.498957
-0.377461
-0.089883
-1.300797
-0.485280
-0.589582
-0.630078
-1.232706
-0.021685
-0.502210
-0.581216
-0.691428
-0.362771
-0.018044
-0.983193
-0.099095
-0.928855
-1.003866
-0.227256
-0.475328
-0.956511
-0.755867
-0.132204
-1.554571
-0.128229
-0.102399
-1.713374
-0.407658
-1.445484
-0.250795
-0.865548
-2.617626
-0.505932
-0.278784
-0.949793
-0.407452
-1.718893
-0.327007
-0.064153
-1.379332
-0.166334
-0.352721
-0.296494
-0.919657
-1.671530
-0.145729
-0.798136
-1.215042
-0.873060
-0.263812
-0.653883
-1.418286
-0.548371
-0.968187
-0.549823
-0.114893
-0.444760
-0.296544
-0.371414
-0.478571
-0.788212
-0.609718
-1.510163
-0.583440
-0.530637
-0.634540
-0.049446
-0.397207
-0.212352
-0.125514
-0.556124
-0.650904
-2.364667
-0.329971
-2.072146
-0.369377
-1.867968
-0.971877
-0.704771
-0.127508
-0.308103
-0.675042
-0.270488
-1.486428
-0.492153
-0.907824
-0.388123
-0.813050
-0.057422
-0.419799
-0.224847
-0.480356
-0.096838
-0.686790
-0.216893
-0.023303
-0.292498
-0.586938
-0.291098
-0.288814
-1.037537
-1.252217
-0.570006
-0.419850
-1.155415
-0.259289
-0.046932
-0.913763
-0.098110
-1.276318
-0.035912
-2.289740
-0.315785
-0.097267
-2.432531
-1.692025
-0.038011
-0.624301
-0.634412
-1.319374
-0.510267
-0.066285
-0.183352
-0.075114
-1.341317
-1.626073
-1.045430
-1.205201
-0.079569
-0.576385
-0.229441
-0.476620
-0.404407
-0.416452
-0.918843
-0.481942
-1.643558
-0.732598
-1.581758
-0.525577
-0.964709
-0.522465
-0.655798
-0.302665
-0.495666
-0.068442
-0.680191
-0.508017
-3.391971
-1.904094
-0.034055
-0.187329
-1.355692
-1.003110
-0.580304
-0.531383
-0.021073
-0.591321
-0.510048
-0.232429
-0.322197
-0.246327
-0.672961
-0.643724
-0.546934
-0.144317
-1.744350
-2.137874
-0.228780
-0.638598
-0.916786
-0.378692
-0.422119
-0.021749
-0.572311
-0.105270
-0.936978
-1.359659
-1.054688
-0.070122
-0.073259
-0.115380
-0.234955
-0.913620
-1.373519
-1.771732
-0.427481
-1.733850
-2.500366
-1.361327
-0.718337
-0.482010
-0.307811
-0.226764
-1.717015
-0.351273
-0.554430
-0.348308
-0.196300
-0.405953
-0.638785
-1.057475
-0.639074
-0.899778
-0.732942
-0.609210
-0.801951
-0.348452
-0.790548
-0.580281
-1.611516
-0.022420
-0.254341
-0.792533
-0.229855
-1.386416
-0.318741
-0.582022
-0.080479
-0.860880
-0.103210
-0.458390
-1.419940
-0.623930
-2.206682
-1.256547
-0.244010
-0.331423
-0.369918
-0.359981
-0.394849
-0.818373
-0.382189
-0.116947
-0.326318
-0.276831
-0.569981
-0.253844
-0.636618
-0.758717
-0.700230
-0.087992
-0.582883
-0.625835
-2.103116
-0.000209
-0.177728
-0.802465
-1.355382
-0.019743
-1.537591
-1.313901
-0.383938
-0.426677
-0.866026
-0.979568
-0.127430
-0.596349
-0.051178
-0.386473
-0.180992
-0.511125
-0.495897
-0.991698
-0.562629
-0.675385
-0.113892
-0.443838
-0.008766
-0.588442
-0.198701
-0.150605
-0.066914
-1.173493
-2.057197
-0.265770
-0.346825
-0.961771
-0.381540
-0.067217
-0.633019
-0.402313
-1.321850
-0.336474
-0.079332
-0.651856
-1.283599
-0.062592
-0.790292
-0.215728
-0.138964
-1.702466
-0.331192
-0.447639
-0.152869
-1.365465
-0.192932
-1.267502
-1.638390
-1.469157
-1.057058
-1.544013
-0.322435
-0.695279
-0.063844
-0.250989
-0.089351
-0.142910
-0.299814
-0.613182
-0.052196
-1.616622
-0.104934
-0.019575
-1.991537
-0.828656
-0.331190
-0.277273
-0.050742
-0.578557
-0.005681
-0.335249
-0.449524
-1.068700
-0.079372
-0.147308
-1.488655
-0.292339
-0.129407
-1.901107
-0.079058
-0.157739
-1.866256
-0.080957
-0.773033
-0.322430
-0.335768
-0.355772
-0.150552
-1.158437
-0.908014
-0.002177
-0.665204
-0.517167
-0.409810
-0.211784
-1.383978
-0.188842
-0.154802
-0.219683
-0.605127
-0.092286
-0.243467
-0.944826
-2.761885
-0.537179
-0.219596
-0.143861
-1.016413
-0.493609
-0.383603
-0.456702
-2.954311
-0.199579
-2.231507
-0.259607
-0.544302
-0.033905
-1.027593
-0.830349
-0.039299
-1.150922
-0.212793
-0.330477
-0.075286
-0.483976
-0.055005
-0.169378
-0.127264
-2.026919
-1.182501
-1.220863
-0.095818
-0.329706
-2.295218
-0.489356
-0.117245
-0.022105
-0.529370
-1.492413
-0.458530
-0.578808
-2.124969
-0.089317
-0.405631
-1.310782
-0.259104
-0.512484
-0.096104
-0.164225
-0.438583
-0.744996
-0.404485
-1.164247
-0.997911
-0.287706
-0.586715
-1.388248
-0.078280
-0.573262
-0.477704
-0.351414
-0.267157
-0.583580
-0.048284
-0.707182
-0.973379
-0.659873
-0.248517
-0.414284
-0.026388
-0.552281
-1.213375
-0.646798
-0.473961
-0.406122
-0.521230
-1.186202
-0.432734
-0.395419
-0.804070
-0.877605
-1.687130
-0.001319
-0.656896
-0.123831
-1.360373
-2.171466
-0.291826
-1.160379
-0.612996
-1.356794
-1.226604
-0.071448
-0.480986
-0.637273
-1.773413
-0.370639
-1.703244
-0.348688
-0.140227
-0.292927
-0.386356
-0.615453
-0.192547
-2.719913
-1.857561
-0.765263
-0.353734
-0.222181
-0.921841
-1.350539
-0.770480
-1.652975
-1.485984
-1.186150
-1.072641
-0.175416
-1.160460
-0.721384
-1.164305
-2.394332
-0.152546
-0.226556
-0.482589
-0.905266
-0.504882
-0.298989
-0.244901
-0.277588
-0.600448
-1.100150
-0.260017
-0.240425
-0.530912
-0.687846
-0.487568
-0.575344
-0.222752
-0.329808
-1.381394
-2.262459
-0.563967
-1.081308
-0.299159
-0.118291
-0.846039
-0.049909
-0.014680
-0.274961
-1.267383
-0.256410
-0.061495
-0.692977
-1.563758
-0.182199
-0.859580
-0.910375
-0.515331
-2.010485
-1.371857
-0.236455
-0.522977
-0.029348
-0.011480
-0.102469
-0.071132
-0.452299
-0.385133
-0.290149
-0.352236
-1.072749
-0.731033
-0.493021
-0.826734
-1.089594
-0.074240
-0.277116
-1.306439
-0.481197
-2.804291
-1.099421
-0.506439
-0.113115
-0.634860
-0.079634
-0.055105
-0.565789
-0.858946
-0.102846
-0.519061
-0.513089
-1.151086
-0.073136
-1.319554
-2.896977
-0.402345
-0.270187
-1.383215
-0.018340
-0.904488
-1.579083
-1.226119
-0.103140
-0.874749
-0.034383
-2.424850
-0.286466
-0.510121
-1.024697
-0.759752
-0.096564
-0.042964
-1.091687
-0.159894
-0.653819
-0.890814
-0.160108
-1.436818
-0.134157
-0.062075
-0.569322
-0.826533
-0.068783
-0.880627
-0.631567
-1.017162
-0.211280
-0.326365
-0.297118
-0.290268
-1.461921
-0.105346
-0.095309
-0.850192
-0.097329
-0.629069
-0.201045
-0.400909
-1.412020
-0.206200
-1.121648
-0.496614
-0.192808
-1.961415
-0.030878
-2.023515
-0.679219
-1.833602
-0.943924
-0.005894
-1.164533
-0.548355
-1.563896
-0.652223
-0.199780
-0.225617
-0.383781
-0.522355
-2.248934
-0.066938
-0.221001
-0.922794
-0.431137
-0.304696
-2.233018
-0.014974
-0.272599
-0.064126
-0.361856
-0.072342
-0.060059
-0.917479
-0.311193
-0.954932
-0.146517
-0.784394
-0.491804
-0.369598
-0.476772
-1.453354
-1.000319
-2.169990
-0.166542
-0.055611
-1.128864
-2.583026
-0.691412
-0.539141
-0.967744
-0.658861
-0.494484
-0.349003
-0.783925
-0.186194
-0.861211
-0.868027
-1.247562
-0.108008
-1.772890
-0.752848
-0.638236
-0.990083
-0.211219
-0.236965
-0.458050
-0.345439
-0.066551
-0.062139
-0.345008
-1.938295
-0.977337
-0.136808
-0.356687
-1.899410
-1.963534
-0.811636
-0.860135
-0.829457
-1.330053
-1.077123
-0.210428
-0.862852
-0.185552
-0.184708
-0.187426
-0.422453
-0.883577
-0.525269
-0.392462
-0.395578
-4.015472
-0.876934
-0.522574
-0.859604
-0.509971
-1.096339
-0.645055
-0.574088
-0.084293
-1.222043
-1.572073
-0.099278
-0.201839
-0.881042
-0.244354
-0.523972
-3.119794
-0.205366
-0.173261
-2.050415
-0.800278
-0.393245
-0.488162
-0.791778
-0.305592
-1.263054
-0.978249
-0.344166
-0.605060
-1.103010
-0.103230
-0.322259
-0.066150
-0.286128
-0.109831
-0.610725
-1.289270
-1.030466
-1.387177
-0.004118
-1.298305
-0.504084
-0.038107
-0.620548
-0.570197
-0.556138
-0.083231
-0.126437
-0.118713
-0.603687
-0.360609
-1.530904
-1.460270
-0.584265
-0.011317
-0.352843
-0.354081
-0.303088
-0.127011
-0.427335
-1.073608
-0.242480
-0.139127
-0.168581
-0.677395
-0.963891
-0.391410
-0.070851
-1.015057
-0.705332
-0.177342
-0.635764
-0.752273
-0.301053
-0.898052
-1.263802
-0.259940
-0.602251
-0.286509
-0.113405
-0.162936
-0.051822
-0.548808
-1.269232
-0.986522
-0.222257
-0.226780
-0.369309
-0.647758
-0.012092
-0.073729
-0.555665
-0.696768
-1.296860
-0.437488
-1.563632
-0.350439
-0.615629
-2.169923
-1.312123
-1.765302
-0.696490
-0.340118
-0.015063
-1.385767
-1.120907
-0.304443
-0.873234
-1.258487
-0.035266
-0.279444
-0.456723
-0.498698
-0.446479
-1.320562
-0.388556
-0.141811
-0.419065
-0.709921
-0.254553
-1.690007
-0.230495
-0.442607
-0.600017
-1.086535
-0.357295
-0.286470
-0.167089
-0.073911
-1.073686
-0.024296
-0.207777
-0.972492
-2.108035
-0.036273
-0.162418
-0.930966
-0.911611
-0.554250
-1.353889
-0.371855
-0.707514
-1.288566
-0.053033
-1.053265
-0.479491
-0.250988
-1.318305
-1.002713
-0.672174
-0.206618
-0.463161
-0.739806
-0.534366
-1.003499
-1.229804
-0.188141
-0.199391
-0.036715
-0.287597
-0.955278
-0.181248
-0.707308
-0.724166
-0.234867
-0.110891
-0.457074
-0.640100
-1.520314
-0.519354
-0.042440
-0.160538
-0.253207
-0.020701
-2.180157
-0.088955
-1.881935
-0.019004
-0.636559
-0.615357
-0.351782
-0.710619
-1.130947
-0.084718
-0.886990
-0.922284
-0.301451
-0.147443
-0.336292
-0.518680
-0.255626
-1.060977
-1.068093
-2.175310
-0.109465
-1.638322
-0.506381
-0.029022
-0.315530
-1.227471
-1.522966
-1.143912
-0.726823
-1.474200
-1.633844
-0.665688
-0.319611
-0.125985
-0.322331
-0.538559
-2.463750
-1.972370
-0.692448
-0.702628
-0.069851
-0.903899
-0.272701
-1.076831
-0.017204
-0.013560
-0.217149
-0.266640
-0.388630
-0.155345
-0.573638
-0.361784
-2.541064
-1.201615
-0.012103
-1.360476
-0.578194
-0.594021
-0.122814
-0.620297
-0.825800
-1.832284
-0.469825
-1.006397
-1.442607
-0.215819
-0.612759
-0.796126
-0.523693
-0.031310
-0.433710
-2.107019
-0.619058
-0.943365
-1.572127
-0.243723
-0.530034
-0.189990
-1.531561
-1.213371
-0.993704
-0.357889
-0.949537
-0.802136
-0.491105
-0.696820
-0.237753
-1.054508
-0.286905
-1.667968
-0.123815
-0.722165
-0.755797
-1.002017
-1.916830
-1.483221
-1.879393
-0.821021
-0.627426
-0.090612
-0.676676
-1.192447
-1.172591
-0.134309
-0.748575
-0.814373
-0.859027
-0.470410
-2.512044
-1.235900
-0.337852
-0.021460
-0.073504
-1.917129
-0.432536
-0.589604
-0.428948
-0.479301
-0.601790
-0.854527
-0.117875
-0.633392
-1.027933
-0.240659
-0.044620
-0.111716
-0.300339
-0.580439
-0.099267
-0.822721
-0.205956
-0.246417
-1.010360
-0.514362
-0.435624
-0.688678
-0.203802
-0.377387
-0.676902
-0.472882
-0.001733
-0.002960
-0.534574
-0.039031
-0.561454
-0.577723
-0.085831
-0.305316
-0.681690
-0.064018
-0.063071
-0.580785
-0.264766
-0.470456
-0.578089
-0.349500
-0.417582
-0.058471
-0.046294
-0.254761
-1.250003
-1.061352
-2.953154
-0.519664
-0.974524
-0.072706
-0.129874
-0.623663
-0.148282
-0.157859
-0.463645
-1.144057
-0.152917
-0.996807
-0.782398
-0.016144
-1.480069
-0.312890
-0.816741
-0.226678
-0.988183
-0.826205
-0.893031
-0.629224
-0.579001
-1.810563
-0.296081
-0.055588
-0.395060
-0.854183
-0.505884
-0.196579
-1.441204
-0.483326
-0.264870
-0.982579
-0.013800
-0.035118
-0.227754
-1.199009
-0.528810
-1.758730
-0.814455
-1.657609
-2.154911
-0.910944
-0.268652
-0.771881
-0.209317
-0.083720
-0.510953
-0.202858
-0.115827
-0.255320
-0.404055
-2.794064
-0.717818
-1.002171
-2.186879
-0.254858
-0.499677
-0.034004
-0.382960
-1.122054
-0.031065
-0.468010
-0.072663
-0.375130
-0.224163
-0.014515
-0.171907
-0.158933
-0.892923
-1.545060
-0.320700
-0.800645
-0.055727
-0.731174
-0.068021
-1.156703
-0.096360
-0.470707
-0.047827
-0.644881
-0.511998
-1.640646
-0.835544
-0.466839
-0.526455
-0.506284
-1.921035
-0.639833
-0.062732
-0.707450
-0.083508
-1.021415
-2.170531
-1.367684
-0.049056
-1.842339
-0.431256
-0.554617
-0.801008
-1.212251
-0.372929
-1.078536
-2.900467
-0.969744
-0.211428
-0.558573
-0.306451
-0.138021
-0.120685
-0.689696
-0.265657
-0.963535
-2.120876
-0.208032
-0.277875
-0.033082
-0.252857
-1.527114
-0.249517
-0.530632
-0.094484
-0.500530
-0.202979
-0.207714
-0.131074
-1.407806
-0.021871
-0.839909
-0.074994
-0.014443
-0.955735
-0.169260
-0.838564
-0.634363
-0.191931
-0.609677
-0.889467
-0.097729
-0.377348
-0.002538
-0.834822
-0.345854
-0.308215
-0.056967
-0.029169
-0.298945
-1.170579
-0.224779
-0.805689
-0.000723
-1.690982
-0.574473
-0.937675
-0.464864
-1.204096
-0.183327
-0.523414
-0.103022
-0.274012
-0.869227
-0.141117
-0.099189
-0.843662
-1.352024
-1.413795
-0.439224
-1.624008
-0.713835
-1.305025
-1.018488
-0.120808
-0.518069
-0.431492
-1.085405
-1.849744
-0.285947
-0.271703
-1.247483
-1.590386
-2.525165
-0.463263
-0.055579
-0.853825
-2.608279
-0.672788
-0.045491
-0.364118
-1.341565
-0.344191
-0.586987
-1.424914
-0.077100
-1.033342
-0.031843
-0.572573
-1.396446
-0.801130
-0.212659
-1.388986
-0.161654
-0.545916
-0.606705
-2.030083
-0.048977
-0.709455
-0.201078
-0.521600
-0.028749
-0.196503
-0.931070
-1.016154
-0.733570
-1.926138
-0.840272
-0.477047
-0.124106
-0.673144
-1.045764
-0.809596
-2.472015
-0.431838
-1.555155
-1.696716
-0.670465
-0.349578
-0.757320
-0.024851
-0.601000
-0.545797
-0.152721
-0.717645
-1.567255
-0.167244
-0.626798
-0.455717
-0.387914
-0.287563
-0.108033
-0.619603
-0.357556
-0.223823
-0.568775
-0.363258
-0.732115
-0.086103
-0.069846
-0.220436
-1.387803
-0.288163
-1.237548
-0.270126
-0.622427
-0.829406
-0.630884
-1.321128
-0.509597
-0.160194
-0.102032
-1.198429
-0.284757
-0.383803
-0.150753
-0.363491
-0.314263
-0.709888
-1.168626
-0.251619
-0.188808
-0.320961
-1.151203
-0.035991
-0.083480
-2.279596
-0.624288
-0.177809
-0.367421
-0.032461
-0.164999
-0.690357
-0.737958
-0.020792
-1.066098
-0.888785
-0.342087
-0.013090
-0.381407
-0.010476
-1.130582
-3.083153
-0.687653
-1.000846
-1.138706
-0.497963
-0.010490
-0.343718
-0.575094
-1.185655
-0.227399
-2.092207
-0.155291
-0.914685
-0.071635
-0.001191
-0.812008
-0.126637
-0.140171
-1.392616
-0.971708
-0.535867
-0.939643
-0.891056
-1.235038
-0.427267
-0.493006
-1.227549
-0.497084
-0.209159
-0.029394
-0.063497
-0.054681
-0.133047
-0.302138
-0.011698
-0.832030
-1.302827
-1.908302
-0.802577
-1.123454
-0.108077
-0.826460
-0.056042
-0.550231
-0.601817
-0.172068
-1.728803
-0.240921
-0.046393
-0.620941
-0.632316
-0.153433
-1.967603
-0.147215
-0.343531
-0.651224
-0.251437
-0.261864
-0.150010
-0.421188
-0.152475
-3.436415
-1.852796
-0.607325
-0.665900
-1.079728
-1.023177
-0.299916
-0.604838
-0.925046
-0.293158
-0.324837
-1.152778
-0.462917
-0.657816
-0.650167
-0.466582
-0.485849
-0.023803
-0.578756
-1.038170
-1.278709
-0.878057
-0.720108
-1.372887
-1.079542
-1.244420
-2.859694
-0.514570
-0.027312
-1.816601
-0.527482
-0.036390
-0.152476
-0.807217
-0.125737
-0.287183
-0.592173
-1.444707
-0.298922
-0.071063
-1.109893
-1.037637
-0.260329
-1.404982
-0.791398
-0.296701
-0.595193
-2.669393
-0.819415
-1.328415
-0.005604
-0.722883
-1.692838
-0.803969
-0.404860
-0.256022
-0.139914
-0.234019
-0.330060
-1.871777
-0.317338
-0.635641
-1.670398
-1.775214
-1.476648
-2.265061
-0.215602
-0.388342
-1.386817
-0.810244
-0.848991
-0.242909
-0.248111
-0.080233
-0.042263
-0.213815
-0.680301
-0.336774
-0.162017
-0.139214
-0.568195
-0.395800
-2.005493
-0.684337
-0.979903
-0.925280
-0.670224
-0.522931
-0.423867
-0.577806
-0.947585
-0.262019
-0.654180
-0.744751
-0.258742
-1.057295
-0.316217
-0.056714
-1.965321
-0.563417
-0.166601
-0.471743
-0.767353
-0.583861
-0.604526
-1.189557
-0.192680
-1.409757
-0.035899
-0.544053
-0.743020
-1.770701
-1.063576
-0.657387
-0.009964
-0.453164
-0.169887
-0.479576
-0.421866
-0.069685
-0.004997
-0.123398
-0.871588
-0.309845
-0.247453
-0.158654
-1.069860
-1.948010
-0.004133
-0.745391
-0.621414
-1.316894
-0.034232
-0.952949
-0.105569
-1.217599
-0.995753
-0.309186
-0.201526
-0.930481
-0.074199
-0.356835
-0.403416
-0.446825
-1.387363
-1.188153
-0.915262
-0.354785
-0.457679
-0.873737
-0.172697
-0.061393
-0.492859
-0.295926
-0.864965
-0.296294
-0.452073
-0.154657
-0.219607
-0.820894
-0.098692
-0.635235
-2.394957
-1.322490
-1.160062
-0.611462
-0.573201
-1.912306
-0.897134
-0.924334
-0.267835
-0.594358
-0.044077
-0.525811
-0.050319
-0.493537
-0.151424
-0.512997
-0.646415
-1.119822
-1.197905
-1.383319
-1.893795
-0.857225
-0.492976
-1.717822
-0.904721
-0.070654
-0.119589
-0.251323
-0.209860
-0.775391
-0.080438
-0.048957
-0.047900
-0.181633
-0.520289
-0.308261
-1.744514
-0.624331
-0.768630
-0.198484
-0.119565
-1.658699
-0.514936
-0.881436
-0.167599
-0.407418
-0.354997
-1.357606
-0.002022
-1.116509
-0.636968
-0.325927
-1.145361
-0.647866
-0.042093
-0.979554
-0.988197
-0.453915
-0.158915
-0.114478
-0.256311
-0.210669
-0.184701
-1.457449
-0.705462
-0.522831
-2.069920
-0.262757
-0.519031
-2.279820
-0.229120
-1.657333
-0.933250
-0.004419
-0.299335
-0.270206
-0.697194
-0.724370
-0.375835
-0.966896
-0.278747
-0.238475
-0.364848
-1.056223
-0.310444
-1.459526
-1.193864
-1.051079
-0.103927
-0.066785
-0.800890
-0.046050
-0.078129
-0.702663
-0.018003
-0.454391
-0.277992
-0.448684
-0.260718
-0.387574
-0.016156
-1.085971
-0.215990
-1.832484
-0.849255
-0.016586
-0.368094
-0.115283
-0.929825
-0.904542
-0.536203
-0.417943
-0.752743
-1.931955
-0.544841
-1.230064
-1.975926
-1.314196
-0.542978
-1.190637
-0.502412
-1.682785
-0.971330
-1.245394
-0.667514
-1.051731
-0.112452
-0.133065
-0.328701
-1.085144
-2.936971
-0.909464
-0.710043
-0.107834
-1.813066
-0.365927
-0.053860
-0.288064
-0.606119
-0.245480
-1.204531
-0.319213
-1.691923
-0.005788
-0.155572
-0.499250
-0.952626
-1.481378
-0.536421
-0.761912
-0.215099
-0.077523
-1.665638
-0.196018
-1.649958
-0.492847
-0.488463
-0.193615
-0.915064
-0.254311
-0.122999
-0.047526
-0.477035
-0.966953
-1.111964
-0.793485
-0.352517
-1.510696
-1.467538
-0.274361
-0.076246
-1.077200
-0.659806
-0.841499
-0.813768
-0.521706
-0.002997
-0.229886
-1.713505
-0.819623
-0.109126
-0.893618
-0.490870
-0.257653
-0.074844
-0.265969
-0.290176
-0.353493
-0.221223
-0.939108
-1.003992
-0.427363
-0.446412
-1.964093
-0.099626
-1.287903
-0.077128
-0.692295
-0.127377
-0.119110
-1.866195
-0.981150
-0.148692
-0.580366
-0.088643
-1.244046
-1.635258
-0.095890
-1.613101
-0.381897
-1.256119
-0.384160
-0.048454
-1.783600
-0.061391
-0.370826
-0.303358
-0.807524
-0.220345
-2.224558
-0.157750
-0.146960
-0.633916
-0.566139
-0.464130
-0.715144
-0.453385
-0.667450
-0.640564
-1.205763
-1.147647
-0.028711
-0.347139
-0.743499
-0.119847
-1.328524
-0.082304
-1.373214
-1.039919
-0.049272
-0.149523
-0.154922
-0.303015
-1.615864
-0.814939
-0.086691
-0.200051
-1.580134
-0.297713
-0.439486
-0.426282
-0.229243
-2.323004
-1.077815
-0.019096
-0.587461
-0.261994
-0.465854
-1.375803
-1.373655
-0.284654
-0.903511
-0.035452
-0.497436
-0.532475
-0.971085
-0.083446
-0.140070
-0.349208
-1.084497
-0.141111
-1.031850
-0.082192
-0.599642
-0.065825
-0.916431
-0.713450
-1.362360
-1.350598
-0.530888
-0.305870
-1.750954
-0.413469
-0.064238
-1.821204
-0.368381
-0.264985
-0.718683
-0.556724
-0.243801
-0.430209
-0.000695
-0.562982
-0.833192
-0.532676
-1.457916
-0.139879
-0.782807
-0.403647
-0.002346
-0.454911
-0.628175
-0.039760
-0.512416
-0.363289
-0.354027
-0.807836
-0.326251
-1.510621
-0.024211
-3.361191
-0.209687
-0.095290
-0.598529
-2.056957
-0.223210
-0.515026
-0.186746
-0.731277
-0.030479
-0.432606
-0.495707
-1.170906
-0.499153
-0.992231
-1.101648
-0.917013
-0.040634
-0.333165
-0.202846
-0.436260
-0.948055
-0.135644
-0.153934
-0.810370
-0.923846
-2.140625
-0.421412
-0.505557
-0.926462
-0.451650
-0.415193
-0.031491
-0.128538
-0.388910
-0.107317
-0.223868
-2.756798
-1.546910
-0.282476
-1.674609
-1.394035
-0.285169
-1.181570
-0.435108
-0.069293
-1.923876
-0.921716
-0.010471
-0.791843
-0.692066
-1.343472
-0.624473
-1.290686
-0.597974
-0.975489
-2.119428
-0.640258
-0.900104
-1.344800
-0.443244
-0.780618
-0.880548
-0.348466
-0.836228
-0.279610
-0.040741
-0.795510
-0.328475
-0.281241
-0.244263
-0.482527
-0.377438
-1.200827
-0.973426
-0.316403
-1.714436
-0.181159
-0.028502
-1.973189
-0.365192
-0.290368
-0.534205
-1.925606
-0.225126
-1.494745
-0.023557
-0.198680
-0.304034
-0.356148
-0.803534
-0.826448
-0.714218
-0.507663
-0.372931
-1.117964
-0.720098
-0.096451
-0.267993
-0.328662
-0.697844
-0.883907
-0.019094
-0.449521
-0.392999
-0.323649
-1.363125
-0.597454
-1.027642
-2.806427
-0.963125
-1.345714
-0.257121
-0.298710
-0.414855
-0.454885
-0.092135
-0.316465
-1.563887
-2.442742
-1.040271
-0.063485
-0.040679
-0.138729
-3.625294
-0.465674
-0.291504
-0.563068
-0.048544
-0.526881
-0.719605
-0.655008
-0.418748
-0.502842
-1.172335
-0.238190
-0.357474
-0.242341
-1.740908
-0.407618
-1.387274
-0.837783
-0.091306
-0.137157
-0.290931
-0.119608
-0.498134
-0.342008
-0.123147
-0.572481
-0.411963
-1.316428
-0.886378
-0.551682
-0.046024
-2.961678
-0.286345
-0.310323
-0.360591
-0.234913
-0.481250
-0.848043
-0.101457
-0.085749
-0.920783
-0.974483
-1.031064
-0.401308
-0.851487
-0.264062
-1.098656
-0.970851
-0.061954
-1.255097
-0.137588
-1.462454
-1.388276
-1.087490
-1.764002
-0.996645
-0.167170
-0.608055
-0.375718
-0.898291
-0.046332
-0.592855
-0.727656
-0.480477
-1.049416
-0.172349
-0.387785
-0.731611
-0.206700
-0.290673
-0.319854
-0.080102
-1.518637
-1.486018
-0.258238
-0.202732
-0.236150
-0.326560
-0.097173
-0.393873
-0.890907
-0.457451
-0.720525
-0.316856
-0.325368
-1.684236
-1.247946
-0.700533
-0.407070
-0.525704
-0.834503
-1.161820
-0.421061
-0.631764
-0.254822
-0.650655
-0.328734
-1.420236
-1.240136
-0.006083
-0.834845
-0.345821
-1.678077
-0.509088
-0.684412
-0.391408
-1.356945
-0.320496
-1.582073
-1.390639
-0.317677
-0.290459
-0.775317
-0.991289
-0.708773
-0.602901
-1.234993
-0.786022
-1.498662
-0.249900
-1.328897
-1.418599
-0.645543
-0.139091
-0.368933
-1.685083
-0.975871
-0.096024
-0.026095
-0.173225
-0.004073
-0.727582
-0.534768
-0.470789
-0.132196
-1.092407
-0.224863
-0.141117
-1.251569
-0.788953
-0.014069
-0.265858
-1.089880
-0.373858
-0.499042
-1.939262
-0.010740
-0.145756
-0.798312
-1.544878
-0.660141
-1.227748
-0.533259
-0.405466
-0.259659
-1.909487
-0.156095
-0.167587
-2.323072
-1.813977
-0.569201
-0.876495
-0.346780
-1.893551
-0.940700
-0.506735
-0.029822
-0.350714
-0.108798
-0.436309
-0.434303
-0.205837
-1.167459
-0.857151
-1.244127
-0.268504
-0.154268
-0.335472
-0.733498
-0.341331
-0.114848
-0.453290
-0.343654
-0.685773
-1.431247
-0.819177
-0.479523
-1.273626
-1.632870
-0.245038
-0.316860
-2.151431
-2.044732
-1.521295
-0.089129
-0.876834
-0.037799
-0.318705
-0.803637
-2.004601
-0.087108
-0.022611
-0.020827
-0.446572
-0.422960
-0.662015
-0.304185
-1.111815
-1.170311
-0.439263
-0.157192
-0.911318
-1.444532
-2.424709
-0.453573
-0.035487
-0.385979
-0.017626
-0.194503
-0.140375
-0.366836
-1.254142
-0.994316
-0.112130
-0.146651
-1.206053
-0.055135
-0.315222
-0.105870
-0.828741
-0.758271
-0.204325
-1.761683
-0.005690
-0.917992
-0.013601
-0.452162
-0.834483
-0.096721
-0.309604
-1.040202
-0.227644
-0.298871
-1.649543
-1.556363
-0.739141
-0.989183
-1.026069
-1.208906
-0.529577
-0.126812
-0.126141
-1.545939
-0.212216
-0.020877
-3.073822
-0.867793
-1.362073
-0.236560
-0.383788
-0.633011
-2.882843
-0.197244
-0.134709
-0.280093
-0.627615
-0.273060
-0.144307
-1.242025
-1.420594
-1.202449
-0.708146
-0.237635
-0.461190
-0.541764
-0.945385
-0.049505
-1.323922
-0.201754
-0.776407
-0.296996
-1.031436
-0.794396
-0.070883
-0.211710
-0.141614
-0.983659
-0.706227
-0.268969
-0.300238
-0.229577
-0.445503
-0.404738
-0.158425
-0.457677
-1.355779
-0.789364
-0.238594
-0.316219
-1.316535
-0.442959
-0.397588
-0.021303
-0.104979
-1.096518
-0.053512
-1.896507
-0.078977
-1.352747
-0.505386
-0.634459
-0.475605
-0.480551
-1.144310
-0.061662
-0.989378
-0.151224
-0.165316
-0.078329
-0.078415
-1.680214
-0.289017
-0.146713
-0.669878
-1.014443
-0.066770
-0.623995
-0.084182
-0.052425
-0.038924
-0.417583
-0.386570
-0.666011
-0.109810
-0.438499
-0.037329
-1.762592
-0.948819
-0.208713
-0.383250
-1.689059
-2.107660
-0.008640
-0.513250
-0.260965
-0.222830
-0.997185
-0.058866
-0.551335
-0.148401
-2.271799
-0.576321
-2.131759
-1.579873
-0.186617
-1.220962
-0.112672
-2.331471
-0.981718
-0.846354
-0.106737
-0.842190
-0.634113
-0.836926
-0.679324
-0.433475
-0.944863
-0.302273
-0.021675
-0.103946
-0.657349
-0.485132
-2.011459
-0.171289
-0.721424
-0.374881
-0.788124
-0.184895
-0.067860
-0.086998
-1.535523
-0.021460
-0.135610
-0.361635
-0.621355
-0.182469
-0.019291
-0.349231
-0.041031
-0.328197
-1.557254
-0.265890
-0.660932
-0.075133
-0.764180
-0.117136
-0.080147
-0.967418
-0.650418
-0.035955
-1.129314
-0.404327
-0.556256
-0.897311
-0.684560
-0.179626
-0.135136
-0.710046
-1.604186
-1.583546
-0.099700
-0.046836
-0.004948
-0.008365
-0.390105
-0.194850
-0.035721
-0.572492
-0.744335
-0.277424
-1.314059
-1.298434
-1.008462
-0.417866
-0.291405
-0.156094
-0.090985
-0.253972
-0.452739
-1.636343
-2.221947
-0.562350
-0.198071
-0.628249
-0.046667
-0.200339
-0.432721
-1.202213
-0.431719
-0.796450
-0.463120
-0.448814
-0.458185
-0.001924
-0.543992
-0.315685
-0.037442
-0.524703
-1.042917
-1.122698
-0.376332
-0.091229
-1.833170
-0.909853
-0.623860
-0.725363
-0.047346
-0.063682
-0.616703
-0.747612
-0.033058
-0.245953
-0.533631
-0.004504
-0.385676
-1.115917
-0.075925
-0.936390
-1.981846
-0.929909
-0.339323
-0.088173
-0.000832
-0.558474
-0.191082
-0.268851
-0.487868
-1.509366
-0.248384
-0.442802
-1.539855
-0.853661
-0.927248
-0.123116
-0.540727
-0.451961
-1.049272
-1.033940
-1.335761
-0.611730
-0.727703
-0.160050
-0.343818
-3.341353
-0.001743
-0.782136
-0.183901
-0.304388
-0.004479
-0.457228
-0.170115
-2.494508
-0.396207
-0.942384
-0.124395
-1.010354
-0.137139
-1.036681
-0.577202
-0.302682
-0.260709
-1.302657
-0.045192
-1.690252
-0.492638
-0.055315
-1.179328
-0.223256
-0.479756
-0.009115
-0.193704
-0.568599
-0.812076
-0.633798
-0.010185
-0.959616
-0.620860
-0.095499
-1.029777
-0.705166
-0.727403
-0.525387
-0.178868
-0.385082
-0.959769
-0.076352
-1.094802
-1.292540
-0.976744
-0.128385
-0.727510
-1.000663
-1.446464
-1.440569
-1.260174
-0.464255
-0.661015
-0.348322
-0.449654
-0.165869
-0.364392
-0.522413
-0.605685
-0.642161
-2.624392
-0.375947
-0.714690
-0.590949
-0.791114
-0.078909
-0.624786
-0.304289
-0.470307
-0.540725
-0.319740
-0.266819
-0.038413
-1.169232
-1.027382
-1.831870
-0.773775
-0.200944
-1.647508
-0.622789
-1.537254
-0.797734
-0.138873
-0.141134
-1.403686
-0.883075
-0.064474
-1.387417
-0.566875
-1.940472
-1.380576
-0.029851
-0.525997
-0.449196
-0.103234
-0.206543
-0.436706
-0.912902
-1.257590
-1.229466
-0.831123
-0.128826
-0.130144
-0.268205
-0.185949
-0.593906
-0.296544
-0.216402
-0.020092
-0.318858
-1.525833
-0.486674
-0.245590
-1.282646
-0.082425
-1.307906
-0.646874
-0.621944
-0.002882
-0.062250
-0.276085
-1.206850
-0.128149
-0.581111
-0.297910
-0.920851
-1.232252
-0.221829
-0.053445
-0.015345
-0.916910
-0.035871
-2.027796
-1.882099
-2.090587
-0.943279
-0.174734
-0.409161
-0.394438
-0.452852
-0.463930
-0.228469
-0.021727
-0.698990
-0.068095
-0.088573
-0.129064
-1.169436
-0.537440
-0.334832
-1.274419
-0.083371
-0.649885
-1.409745
-0.285180
-0.945321
-0.952126
-0.473342
-0.068474
-0.790445
-1.722880
-0.346475
-0.835171
-0.184408
-0.008436
-0.356625
-0.880447
-0.170089
-1.220521
-0.549053
-0.709976
-0.036841
-0.231821
-1.742451
-0.441381
-0.056067
-0.692174
-0.641195
-1.170915
-0.136022
-0.286666
-2.049421
-0.359121
-0.172377
-0.543920
-0.328165
-0.209682
-1.316585
-0.214644
-0.277245
-0.822791
-2.389441
-0.188481
-0.551305
-0.557690
-0.210628
-0.307245
-1.063816
-1.803295
-2.963512
-0.361150
-1.097292
-0.773463
-0.430332
-0.625140
-0.277751
-0.198585
-0.229106
-0.594753
-0.562940
-0.892909
-0.713594
-0.055647
-2.079258
-0.009182
-0.739613
-1.692141
-0.143542
-0.402319
-0.996254
-1.586304
-0.219496
-0.262415
-0.722246
-1.176153
-0.779409
-0.668456
-0.430022
-0.109994
-0.125187
-0.765765
-0.803783
-1.428942
-0.889212
-0.109155
-0.522899
-0.178571
-0.358680
-0.137160
-1.492949
-0.319924
-0.631527
-0.239397
-1.247822
-0.942446
-0.192294
-0.151495
-0.451357
-1.418205
-1.508492
-0.985544
-1.039666
-0.088118
-0.849468
-0.075771
-0.219555
-0.656904
-0.607838
-0.162390
-0.302667
-1.305748
-0.582353
-3.367490
-0.288060
-1.780055
-0.515038
-0.029288
-0.303400
-0.627226
-0.111147
-0.182093
-1.146482
-1.226479
-0.023007
-0.811678
-1.287652
-0.403613
-0.002965
-0.329398
-5.152378
-1.083917
-0.157772
-0.412160
-1.707555
-0.946038
-0.343932
-0.091734
-1.351059
-0.571782
-0.247763
-0.804717
-0.789372
-0.072043
-0.078744
-0.057375
-0.229088
-0.208742
-0.176025
-1.650816
-0.032309
-1.587850
-0.237413
-2.777125
-0.649079
-0.287246
-0.710873
-1.710456
-0.733779
-0.173482
-0.837106
-1.494909
-0.640235
-0.640291
-0.575028
-0.001865
-2.357378
-0.670393
-1.550085
-0.538770
-0.243744
-0.579602
-0.967403
-1.270704
-1.095400
-0.766163
-0.575039
-0.400540
-0.266412
-0.107789
-0.489050
-0.425706
-1.355292
-0.599409
-0.947545
-0.706249
-0.682661
-1.253960
-0.474655
-1.213758
-0.057655
-0.058175
-1.294163
-1.391400
-0.117406
-0.595713
-0.984881
-0.721198
-0.079437
-0.174719
-0.180956
-0.381154
-0.309578
-1.295686
-0.027431
-0.015277
-0.573035
-0.918624
-0.124359
-0.142101
-1.671531
-0.948392
-0.644837
-0.397960
-1.168132
-0.499604
-0.428715
-0.614297
-0.308539
-0.131764
-0.036934
-0.156551
-0.092290
-1.128777
-0.075482
-0.956517
-0.674327
-0.495600
-0.114716
-2.114950
-1.532513
-1.589864
-0.025767
-0.528705
-0.602275
-0.601541
-0.566234
-0.037074
-1.969651
-2.953932
-0.345632
-0.791348
-0.104769
-0.053310
-0.131148
-0.770576
-0.145542
-1.419863
-0.884381
-0.028549
-0.534400
-1.172923
-1.042870
-0.240089
-0.428902
-0.883370
-2.155193
-1.471497
-0.440315
-0.113676
-0.667048
-0.257639
-0.339448
-1.197958
-0.592631
-0.526711
-0.976547
-0.368596
-0.176034
-0.422848
-0.849640
-1.286837
-0.755922
-0.993158
-0.897408
-3.218048
-0.412340
-0.847317
-0.775111
-0.166892
-0.156513
-0.314261
-1.348922
-1.295962
-1.292000
-0.384686
-0.262528
-0.080051
-0.254098
-0.792594
-1.970794
-0.779298
-0.498765
-0.138829
-0.103405
-0.052141
-1.425226
-0.477331
-3.121402
-1.509085
-0.795077
-0.760331
-0.286006
-1.677900
-0.564055
-0.816422
-0.477178
-0.799397
-0.316659
-0.241003
-0.399375
-1.128090
-1.059181
-0.067729
-0.908267
-0.477571
-0.190838
-0.142709
-1.183601
-0.270583
-0.106255
-0.913383
-0.060345
-0.015600
-0.370972
-0.271719
-1.853150
-0.372015
-0.502375
-1.330030
-2.422752
-0.118172
-0.416787
-0.210595
-0.155263
-0.005047
-0.452533
-0.143808
-0.447116
-0.672188
-0.970522
-0.023749
-0.459733
-0.125923
-0.078259
-1.530730
-0.766954
-0.207460
-1.299767
-0.296431
-0.959526
-0.056710
-0.175647
-0.469891
-0.265859
-0.007155
-0.929285
-0.457412
-1.732347
-1.008977
-1.058006
-0.555887
-0.110304
-0.819081
-0.344544
-1.155211
-0.831866
-0.011826
-2.963829
-0.790098
-0.262855
-0.218657
-0.844741
-0.244371
-0.043845
-1.723387
-0.429635
-0.219644
-0.458661
-0.611343
-1.104134
-0.750808
-0.010142
-0.898058
-0.282805
-0.796134
-1.599305
-1.259618
-1.958146
-0.529490
-1.169943
-0.441424
-0.788566
-0.137109
-0.254379
-0.187457
-1.523552
-0.789502
-0.990615
-0.006622
-0.346813
-0.423649
-0.869525
-0.642668
-0.548254
-1.023162
-0.761739
-0.167816
-2.091713
-0.725730
-0.187885
-0.437788
-2.501064
-0.673098
-0.356225
-0.274490
-0.428281
-0.419818
-0.773876
-0.186779
-0.272265
-0.332332
-0.026037
-1.085385
-0.859565
-0.372628
-0.746608
-0.074350
-0.120796
-0.276697
-0.727967
-0.664281
-0.395477
-1.031660
-2.559747
-1.566249
-0.471512
-0.505017
-1.488987
-0.099530
-0.929226
-0.253369
-2.070567
-1.094389
-0.157096
-0.624434
-0.893668
-0.286988
-0.629518
-0.670758
-0.171330
-0.313882
-0.025420
-0.137289
-0.403313
-0.411860
-0.099268
-0.969269
-0.396542
-1.230533
-1.287053
-0.568479
-1.001520
-0.147593
-0.312547
-0.059995
-0.314114
-0.205769
-0.672469
-1.216455
-0.128835
-0.096432
-0.336247
-0.031440
-0.850951
-0.115914
-0.096353
-0.289697
-0.406239
-1.222828
-1.041921
-2.640736
-0.957321
-0.063230
-0.113252
-0.174742
-0.600054
-1.304513
-1.390088
-0.866404
-1.258348
-1.858569
-0.028717
-1.104613
-0.172687
-0.421352
-0.699170
-0.322446
-0.747230
-0.192598
-0.500393
-0.504067
-1.640840
-0.537175
-0.081034
-0.279822
-0.199886
-2.773053
-0.624122
-1.106501
-0.910187
-0.319238
-0.860507
-0.984586
-0.175269
-0.415903
-0.349744
-1.304694
-1.032580
-0.495102
-0.419805
-0.476609
-0.657964
-0.326475
-0.601886
-1.834638
-0.748924
-0.716665
-1.411355
-0.095670
-0.282378
-0.215319
-2.731394
-0.245486
-1.449468
-1.127478
-0.528692
-0.748219
-0.528015
-0.253635
-0.568350
-0.278550
-0.730828
-0.841228
-1.053317
-0.284683
-0.236121
-0.281231
-0.450255
-0.430790
-0.418528
-0.368659
-0.459945
-0.136841
-0.100145
-0.283829
-0.680382
-0.960723
-0.113956
-0.198541
-0.207680
-0.020053
-0.404365
-0.215501
-0.644370
-0.027933
-1.566668
-0.897850
-0.473681
-0.963026
-0.142824
-0.183706
-0.012998
-0.123390
-0.398203
-0.067270
-0.854394
-0.792824
-0.201970
-0.447664
-1.159470
-0.902722
-0.499236
-0.256597
-0.516838
-1.748344
-0.375526
-1.635881
-0.156988
-1.561208
-0.813724
-0.803777
-0.611123
-0.858895
-0.555496
-1.185068
-1.048248
-0.110184
-0.168243
-0.336795
-0.609890
-0.130743
-0.289296
-0.025420
-0.180291
-0.193298
-0.879164
-0.994986
-0.233036
-1.073143
-0.198639
-1.647066
-0.264958
-0.254526
-1.748906
-0.236926
-1.298145
-0.209196
-0.731042
-0.568837
-0.061448
-0.097242
-0.597978
-0.543166
-0.525753
-0.737725
-0.803044
-2.101612
-0.286139
-0.559815
-0.123225
-0.347052
-0.103761
-0.447248
-0.023574
-0.389916
-0.130526
-1.598555
-0.436968
-0.691428
-0.176963
-1.141440
-0.451268
-1.297418
-0.732906
-1.060065
-0.861465
-0.350681
-0.611150
-0.932940
-0.157294
-0.051759
-0.554963
-1.339343
-0.189704
-0.463831
-0.434230
-1.170195
-0.597392
-0.731491
-0.369772
-0.913934
-0.132415
-1.189383
-0.101455
-0.794449
-0.159755
-0.149662
-0.575798
-0.407677
-2.076443
-0.069858
-0.124035
-0.149132
-0.689353
-0.304426
-0.019915
-1.276055
-0.894203
-0.031777
-0.110516
-1.483911
-1.068824
-0.112190
-1.030202
-0.487420
-0.033045
-2.213918
-0.716936
-0.499054
-0.660167
-0.728835
-0.721324
-0.301093
-2.691821
-1.432576
-1.016552
-0.237383
-0.329643
-0.151934
-1.660441
-0.488048
-0.054178
-0.350733
-0.362554
-0.349615
-0.569718
-0.431332
-0.073147
-0.695963
-0.126132
-0.587404
-0.022826
-1.272357
-0.426964
-0.777018
-0.572683
-1.041826
-0.356524
-0.253094
-0.507840
-0.022685
-0.612797
-0.398342
-0.066015
-0.379177
-3.662482
-0.309658
-0.108523
-0.368399
-0.082158
-0.398435
-0.273417
-0.031899
-0.423118
-0.415997
-0.573615
-0.819144
-0.258523
-0.365111
-1.882550
-0.109859
-0.263845
-0.177336
-0.293525
-0.472799
-0.680893
-0.027699
-0.070240
-0.241321
-0.412549
-0.098578
-0.968050
-0.577392
-0.319744
-0.008375
-0.581036
-0.388928
-1.205347
-0.389711
-0.209489
-0.619542
-1.862841
-0.697958
-0.682491
-0.060272
-0.017919
-1.323479
-0.463246
-1.371373
-0.932208
-0.317105
-0.931956
-0.663487
-0.289163
-1.611598
-0.384700
-0.059920
-0.416328
-0.230676
-1.118601
-0.349351
-0.521661
-0.015605
-0.370553
-0.313312
-0.983384
-0.084903
-0.938308
-1.472006
-0.826538
-0.218432
-0.136042
-0.717035
-1.005587
-0.392502
-0.155790
-0.356310
-0.841940
-0.106362
-0.147599
-1.210336
-0.053738
-0.034336
-0.075291
-1.344427
-0.197579
-0.056495
-1.266943
-0.402409
-1.107516
-0.364106
-1.590637
-0.579098
-0.402192
-1.036368
-0.018824
-2.076335
-0.649202
-0.329555
-1.174152
-0.123549
-0.675495
-0.472474
-0.114674
-1.133830
-0.742544
-1.198016
-2.047151
-0.355406
-0.304512
-0.829276
-0.282416
-0.468889
-0.337084
-0.328552
-0.669641
-0.055047
-0.250480
-0.523025
-1.245027
-0.013029
-0.938525
-0.828227
-1.122027
-0.790740
-0.825749
-0.388564
-1.674054
-0.246885
-0.700727
-0.860506
