-0.213387
-0.074017
-3.859441
-2.087992
-0.413834
-0.084102
-1.790900
-1.153401
-0.210122
-0.988804
-1.164317
-0.260923
-0.364385
-0.121616
-0.113038
-3.786549
-0.181139
-0.472530
-0.368033
-0.503865
-0.022781
-0.278488
-0.084908
-0.398337
-1.862480
-0.991050
-0.088294
-1.120708
-2.166117
-1.029761
-0.912794
-1.463507
-1.805476
-0.422693
-0.173665
-0.272758
-2.849797
-0.801640
-1.351481
-0.110217
-0.422358
-0.293348
-0.634070
-0.402193
-0.349517
-0.538541
-1.043373
-0.223826
-0.624972
-0.125605
-0.488321
-1.480369
-0.775974
-0.002210
-0.360865
-0.673861
-0.112184
-0.099717
-0.088962
-0.288298
-0.309879
-2.169794
-1.750464
-0.963457
-0.152970
-0.181081
-0.244326
-0.023742
-0.732908
-1.488800
-0.646425
-0.445183
-1.861740
-1.333050
-0.330263
-0.843745
-0.784840
-1.013746
-0.625607
-1.287726
-0.164928
-0.430878
-3.094896
-0.999278
-0.243676
-1.302674
-1.562046
-1.578326
-1.078197
-0.425603
-1.705329
-0.861173
-2.282543
-0.362583
-0.620147
-1.072303
-0.990111
-0.163758
-3.388257
-0.180416
-1.556797
-3.000125
-0.168806
-0.471064
-1.756804
-0.460247
-1.057683
-0.593781
-0.170947
-0.350719
-0.598641
-0.081328
-0.612458
-1.564534
-0.323874
-0.921060
-1.709540
-0.151194
-0.606849
-0.687763
-0.011170
-1.194575
-3.190946
-2.262860
-1.614890
-0.070107
-2.739097
-2.108808
-1.159178
-1.222787
-0.019433
-0.009200
-1.663508
-0.515112
-0.544700
-0.300845
-1.212561
-0.289499
-1.861690
-1.355806
-0.321526
-1.525350
-0.153957
-1.394004
-1.255637
-0.170574
-1.583544
-1.657184
-1.377087
-0.482724
-0.780853
-0.548549
-0.057400
-1.185910
-0.563033
-0.262141
-3.261098
-1.380223
-0.828130
-0.595103
-2.115249
-0.178780
-1.199201
-0.618365
-1.129938
-1.226645
-0.289553
-0.643483
-1.748022
-1.659444
-1.236928
-0.477401
-0.567781
-0.585396
-1.006804
-1.701282
-1.369919
-0.703935
-0.352012
-0.387561
-0.506958
-0.865115
-0.403084
-0.750950
-0.118986
-1.232873
-1.676300
-1.593668
-1.582739
-0.203921
-0.891212
-1.375608
-1.275183
-0.333186
-0.636428
-1.725471
-1.149134
-0.042452
-0.237034
-0.472286
-1.851062
-0.666114
-1.849870
-5.238226
-0.892439
-1.130291
-0.524009
-1.741302
-1.480823
-0.382689
-0.284133
-0.107247
-1.837128
-1.531397
-0.303473
-0.227869
-0.466963
-0.545382
-0.025823
-2.678385
-0.863242
-0.123283
-1.468283
-1.175181
-0.148229
-0.317165
-0.862885
-2.177025
-2.002858
-1.037469
-1.662139
-1.868853
-0.243296
-2.789031
-0.760450
-0.598048
-1.438210
-0.405722
-0.866145
-1.054225
-0.086102
-2.442031
-0.085072
-2.024864
-1.647113
-2.039939
-1.142319
-1.879114
-0.151707
-0.552570
-0.175027
-0.678359
-2.127469
-2.212925
-0.025052
-0.402502
-1.507885
-0.784166
-1.138109
-1.993192
-1.522483
-0.777485
-0.335860
-0.023102
-0.051966
-0.514085
-0.184125
-2.217051
-1.197160
-0.433017
-0.701034
-1.800574
-0.432463
-1.064946
-0.906029
-0.732052
-0.668201
-0.148873
-1.760981
-1.994433
-1.275984
-1.211346
-0.813504
-1.071431
-1.088324
-0.270023
-0.299153
-0.287958
-2.280173
-0.526032
-0.237913
-0.457547
-0.090077
-0.210395
-1.063595
-2.117853
-0.199362
-0.957372
-2.252724
-0.113982
-0.889281
-0.898328
-1.942494
-0.867631
-0.021712
-1.207254
-0.428040
-0.814954
-0.265608
-0.438717
-1.680021
-0.745381
-1.667252
-0.061553
-2.236308
-0.120204
-0.167587
-0.234398
-1.534724
-0.341919
-1.409923
-0.734822
-0.145155
-0.359466
-0.238123
-0.261508
-0.554200
-1.060708
-0.064304
-0.858314
-0.770579
-0.321821
-1.758115
-1.451914
-0.467769
-0.298137
-2.375125
-0.474980
-0.346024
-0.658499
-0.215092
-0.891452
-1.262549
-2.670032
-1.351645
-1.891937
-0.768613
-0.281223
-1.195854
-0.189946
-0.885456
-1.012383
-0.473149
-0.040802
-0.446830
-0.940182
-1.550587
-1.306972
-2.333281
-0.161600
-1.315110
-0.735306
-1.955999
-0.475939
-1.210852
-0.965653
-0.063579
-0.045529
-1.166120
-0.060313
-0.542198
-0.010146
-0.643737
-2.514719
-1.560962
-0.477136
-0.079305
-1.749379
-0.705253
-0.143382
-2.322076
-1.111023
-0.392162
-0.645377
-0.682149
-1.348416
-0.500581
-0.214209
-0.632293
-2.276162
-0.058253
-1.088636
-0.083734
-1.806861
-0.650747
-0.427596
-2.129206
-0.056641
-1.267678
-0.083367
-1.421672
-0.480880
-1.230850
-1.904752
-0.676109
-0.621640
-0.125358
-0.077785
-0.131670
-1.591548
-0.482823
-2.162158
-2.502514
-0.261032
-1.645978
-1.877493
-0.842690
-0.649800
-0.840768
-0.954307
-1.578607
-1.646758
-1.165307
-0.421629
-2.057484
-1.659249
-2.898923
-0.466412
-0.887931
-1.941417
-0.588519
-2.988328
-1.134921
-0.786546
-0.439037
-0.040530
-0.236593
-0.076191
-1.934277
-0.207935
-1.438482
-1.264158
-0.978920
-3.984690
-0.985939
-0.924231
-0.973457
-0.648482
-0.306418
-0.478432
-1.899801
-0.896873
-0.231582
-0.732069
-1.455335
-1.872829
-0.688139
-0.566393
-0.056664
-0.919854
-0.031593
-0.532466
-0.155765
-0.135195
-2.270342
-0.700400
-0.713374
-0.680469
-2.777814
-0.960820
-0.699829
-1.463313
-0.015772
-0.494324
-1.746430
-0.123875
-0.796208
-0.846674
-1.063716
-0.121726
-0.728763
-2.817872
-0.129219
-0.523031
-0.570385
-1.878778
-3.747283
-1.013665
-0.679257
-0.364860
-0.201792
-2.011312
-1.387202
-0.015397
-0.809926
-1.056840
-0.153829
-0.522101
-1.238308
-0.195337
-0.390359
-1.638714
-1.194931
-0.273289
-0.837452
-2.514610
-0.874335
-1.825151
-1.648787
-0.022649
-0.864715
-3.209427
-0.093484
-0.619949
-0.703184
-0.028355
-0.299184
-1.142315
-0.233395
-0.345104
-0.804090
-0.527900
-0.086184
-0.378998
-3.321046
-1.232046
-0.945145
-0.421365
-0.329836
-0.619286
-1.174963
-2.131328
-0.138064
-1.564793
-0.112415
-0.340618
-0.136050
-0.887902
-0.663496
-0.240859
-0.391985
-1.458168
-0.089176
-0.631636
-1.404310
-2.231680
-0.998354
-0.203955
-0.097365
-2.633061
-0.473616
-0.555033
-0.839576
-1.137052
-2.057331
-0.230207
-0.279974
-1.641653
-0.173628
-0.693644
-0.406852
-0.484366
-1.269821
-0.234030
-0.886432
-0.548065
-0.563639
-1.690213
-0.897402
-0.640446
-0.846845
-0.646669
-0.187124
-0.416190
-1.722293
-1.084675
-1.494658
-0.753276
-1.431934
-0.719675
-0.387706
-0.571708
-1.751024
-0.189281
-0.179464
-0.714985
-1.717799
-1.233354
-0.316051
-0.327185
-0.239052
-0.009118
-0.796991
-1.154476
-0.453127
-0.466585
-2.748335
-0.099035
-0.042651
-1.184554
-0.135317
-1.851440
-1.616549
-1.958535
-0.290466
-0.438087
-0.228284
-2.834770
-0.321945
-1.591257
-1.468589
-1.918268
-0.328998
-0.054667
-2.775590
-0.859239
-3.668241
-1.388479
-1.376146
-0.763536
-0.654475
-2.129053
-0.563539
-1.005082
-0.087003
-2.555722
-3.134590
-0.139383
-0.004111
-1.116232
-0.384507
-0.178387
-2.232781
-2.447675
-0.770113
-0.033412
-2.447120
-0.884520
-3.155377
-0.853542
-1.800909
-0.146088
-1.766261
-0.447611
-0.431235
-0.465393
-3.350247
-0.206273
-0.002963
-3.296606
-1.141092
-2.119583
-0.752110
-0.032994
-0.791226
-1.636740
-0.303516
-1.012767
-0.344101
-2.515209
-0.600401
-0.343840
-0.839332
-0.525420
-0.878375
-1.461555
-0.232152
-1.625464
-0.931622
-0.295074
-1.561113
-2.003535
-0.877818
-0.846545
-0.022105
-1.414646
-1.227410
-2.492220
-1.921213
-0.059526
-0.719532
-0.212326
-1.605816
-0.732828
-1.930280
-1.738156
-0.238341
-1.480272
-0.939186
-0.285337
-0.071022
-1.498667
-0.510417
-0.639443
-0.518303
-1.940671
-2.015805
-0.021189
-0.304933
-0.750629
-0.118622
-0.359972
-0.830488
-0.927184
-1.274015
-0.578736
-1.874957
-1.290074
-0.471935
-0.671339
-1.969282
-0.089858
-1.706135
-3.882677
-1.361047
-1.351539
-0.427074
-0.695827
-0.714975
-2.201999
-0.054815
-1.683717
-0.088862
-0.387467
-1.282051
-1.745268
-0.100405
-1.695724
-0.616539
-0.969554
-0.480583
-2.067785
-0.593566
-0.264324
-0.312713
-4.017558
-0.254139
-0.279427
-0.428631
-0.485101
-0.250333
-1.219418
-0.161328
-0.563900
-0.500592
-0.423106
-0.411749
-1.590470
-1.947318
-0.545555
-0.008501
-0.275694
-0.067917
-0.700887
-0.690527
-0.208213
-0.034048
-0.840009
-1.349521
-0.986296
-0.151301
-0.047112
-1.768499
-0.635620
-2.055104
-1.579368
-0.281981
-0.168781
-0.998194
-1.926050
-1.285889
-1.609349
-1.185975
-0.208856
-0.025215
-0.481536
-1.108965
-1.305691
-0.536106
-4.388357
-0.729617
-0.132115
-1.053527
-0.025389
-0.072311
-0.809814
-1.425586
-1.311008
-0.626339
-0.260358
-0.769918
-0.696699
-0.496242
-0.011189
-0.247386
-1.450197
-0.514933
-1.624339
-0.633338
-0.064131
-0.152076
-0.155010
-1.502996
-2.496176
-0.037319
-0.595345
-0.859136
-1.100010
-0.608283
-0.807890
-0.062338
-0.165283
-0.062558
-0.538982
-0.468642
-1.867666
-0.194683
-2.338031
-1.095943
-0.558567
-0.156829
-0.241273
-0.188052
-0.839753
-0.500423
-3.629668
-0.474930
-1.159497
-0.585956
-0.250190
-0.619670
-1.720592
-1.113061
-0.908267
-2.230853
-0.066913
-1.155755
-2.678553
-0.501722
-1.607651
-0.584636
-0.798011
-1.170587
-0.753005
-0.003194
-0.589998
-1.195589
-0.129712
-0.273100
-3.689637
-1.922384
-1.599128
-3.071010
-2.167013
-0.015383
-0.828744
-0.333595
-1.023250
-0.531908
-0.691384
-0.421621
-0.880014
-0.339911
-2.364538
-1.994227
-0.203960
-0.988090
-0.450503
-0.926057
-0.846333
-0.135930
-1.656803
-0.046648
-0.119550
-0.389279
-0.534142
-0.230362
-0.034653
-1.031264
-2.315116
-0.045602
-1.689745
-0.973368
-0.858273
-0.028449
-0.061820
-0.015040
-2.621246
-0.259045
-0.806818
-1.146552
-0.129306
-0.137509
-0.835402
-0.630921
-1.996031
-2.457725
-2.371103
-1.581638
-1.282345
-0.923678
-0.148425
-0.037745
-1.965032
-2.244747
-0.236869
-1.169217
-0.511840
-3.957148
-0.094134
-0.502904
-1.366482
-0.217157
-0.758824
-0.335779
-0.611455
-0.928200
-0.176765
-1.139652
-0.642669
-0.359818
-1.177019
-0.291428
-1.912974
-0.416806
-0.994086
-1.467565
-3.156446
-1.150606
-1.957549
-0.346799
-0.319260
-1.466512
-0.765424
-0.437142
-0.156572
-1.205657
-1.182122
-0.088393
-0.365048
-0.274938
-0.710503
-1.907868
-3.129696
-0.867002
-0.212270
-0.248044
-1.490429
-0.113624
-0.281213
-0.392886
-0.848423
-0.085441
-0.049785
-0.336901
-2.431961
-2.036361
-0.059631
-0.809245
-0.166315
-2.396615
-1.112233
-0.702933
-1.041880
-1.134666
-1.650286
-1.159434
-0.558522
-0.557999
-1.828998
-0.391515
-0.167817
-0.346622
-0.176444
-0.075861
-0.220922
-0.294394
-1.150292
-0.309645
-0.351397
-0.601980
-0.950301
-0.586999
-2.062697
-0.051070
-0.605321
-1.910966
-3.490363
-1.218296
-0.139577
-4.457314
-0.674946
-0.059787
-1.951158
-0.805023
-0.534121
-0.023320
-0.821272
-1.219118
-0.204966
-0.128475
-1.975622
-0.457450
-1.165730
-1.201309
-0.924518
-0.203083
-2.689248
-0.985149
-0.679661
-0.494825
-2.191291
-0.391496
-1.294623
-0.776240
-0.061846
-0.901146
-3.756808
-0.430919
-0.366344
-0.775782
-1.009179
-0.272476
-0.887802
-1.633297
-0.204535
-2.391859
-0.287206
-1.510442
-1.695976
-2.150390
-0.780956
-0.683819
-0.261716
-0.033337
-0.010366
-0.750336
-1.167941
-1.439333
-0.256293
-0.598009
-0.495751
-0.300910
-0.147910
-1.556907
-0.607813
-1.314777
-0.730936
-0.403273
-2.165462
-1.002689
-2.103946
-0.488421
-1.476983
-1.985343
-1.512501
-1.174506
-1.232123
-1.590829
-0.508842
-0.660405
-1.195665
-2.116150
-0.039356
-1.311341
-0.483263
-1.193420
-1.144842
-2.239563
-0.652999
-2.573111
-0.709073
-0.065035
-1.232061
-0.909966
-0.878646
-0.682545
-0.952128
-0.551997
-0.746610
-1.052586
-0.758063
-1.240344
-0.184374
-1.365197
-0.541103
-0.560940
-0.232486
-2.411599
-0.594553
-2.450818
-0.339256
-0.018136
-0.859054
-0.692367
-1.434747
-0.064827
-2.030720
-0.866743
-0.545769
-1.860358
-2.798525
-0.196642
-0.167390
-0.222391
-0.478721
-1.085366
-2.122520
-2.026440
-2.014898
-0.279436
-2.064432
-1.100305
-0.228993
-0.696491
-0.126246
-0.213094
-0.317736
-0.662016
-1.471786
-0.180449
-0.577527
-3.455193
-1.053804
-1.745603
-0.173959
-0.006807
-0.804036
-1.543952
-2.954795
-0.015954
-1.943751
-3.370362
-1.840448
-1.011629
-0.743554
-0.057472
-0.078640
-1.549505
-0.255244
-0.993536
-2.734259
-0.319627
-1.032307
-1.869412
-1.043813
-0.131631
-2.116269
-1.590477
-2.121014
-0.699280
-0.706790
-0.122434
-1.412499
-1.444126
-1.257211
-0.009398
-0.058568
-0.976144
-1.468695
-1.275267
-0.442804
-0.095007
-0.531976
-2.488471
-0.971399
-1.263756
-0.517538
-0.311654
-1.936293
-0.120022
-0.883989
-2.179396
-0.483205
-2.283910
-1.512854
-0.449211
-0.863810
-1.152893
-0.456205
-0.217773
-0.425487
-1.483420
-0.862489
-2.905664
-0.735830
-0.652023
-0.243769
-1.469715
-0.484024
-0.958589
-1.290846
-1.076871
-3.137658
-2.327371
-0.307058
-0.076973
-0.190434
-0.637312
-1.080093
-0.146227
-0.328631
-4.273695
-4.082373
-1.450472
-0.283218
-1.034672
-0.348625
-0.744168
-2.221438
-0.870371
-0.214468
-0.226518
-0.398069
-0.533334
-3.520845
-0.256549
-0.935779
-0.767032
-0.317785
-0.457680
-0.284529
-0.150153
-1.558136
-0.778263
-0.067394
-0.442861
-0.711518
-1.073600
-0.445338
-0.637048
-0.440854
-0.291785
-3.573823
-0.370021
-1.171721
-1.428810
-2.196172
-1.950527
-0.112899
-0.537069
-2.557167
-2.319850
-0.716005
-1.207414
-0.808637
-0.340127
-1.277879
-0.672191
-0.794120
-1.299484
-0.704551
-0.338158
-0.518202
-0.412995
-1.422298
-1.033440
-0.004595
-0.838245
-1.118365
-0.192290
-3.008649
-0.983806
-0.041206
-2.316189
-4.959731
-0.156671
-0.569082
-0.175871
-0.544832
-0.244808
-1.200351
-1.255732
-0.918074
-1.598372
-0.879108
-1.522518
-0.272432
-1.229500
-2.113010
-0.733448
-0.339852
-0.270642
-0.048703
-0.597161
-0.676977
-1.964212
-0.736740
-0.651559
-0.186381
-0.583156
-0.543730
-1.153168
-1.028676
-1.251626
-1.703168
-0.551707
-0.285259
-1.833759
-0.363686
-1.510168
-0.311640
-0.385031
-0.551108
-0.509117
-0.559966
-0.246939
-0.396156
-1.199846
-0.100824
-0.584141
-0.628296
-0.460122
-2.507404
-1.333224
-2.322993
-0.326533
-0.158220
-0.643051
-2.214417
-0.573545
-0.571791
-2.245009
-0.777472
-0.072386
-0.532513
-0.973001
-0.447801
-0.614550
-0.400561
-1.055638
-0.223159
-1.298131
-2.216479
-0.478303
-1.525453
-0.002911
-1.231245
-0.569554
-0.003643
-0.474137
-1.314208
-0.192228
-2.070073
-3.258336
-4.222045
-0.359460
-0.787128
-0.224386
-0.031057
-0.821729
-1.797244
-1.199122
-1.573464
-0.275907
-1.610115
-0.542196
-3.657367
-0.406527
-0.363160
-1.544778
-0.244033
-0.503331
-1.134168
-0.425054
-1.341623
-1.145849
-0.527843
-0.677234
-2.329279
-0.186238
-1.799743
-1.665539
-2.711114
-1.161136
-0.405229
-0.924637
-0.381677
-0.901811
-0.247930
-0.198257
-0.826612
-0.163803
-1.781878
-0.098426
-0.216319
-0.463134
-1.439876
-0.672068
-3.700025
-2.543657
-2.371206
-0.820174
-0.000757
-0.291968
-0.067551
-1.667104
-1.207744
-1.543591
-0.738515
-0.078637
-1.132509
-0.909862
-1.173462
-0.941051
-0.513553
-0.654660
-0.572278
-0.294303
-0.415719
-0.331412
-0.448051
-0.465738
-1.719386
-0.225747
-0.328700
-0.443364
-0.181785
-0.610421
-0.906743
-1.786075
-0.575579
-0.988379
-0.588781
-0.726671
-0.173378
-0.280311
-0.684143
-0.120263
-0.271092
-1.460598
-3.102425
-0.238319
-0.765143
-0.082878
-0.356056
-0.045285
-0.254831
-0.925823
-0.425314
-0.059160
-0.742670
-0.803626
-0.158758
-1.789679
-0.605398
-0.055114
-1.171234
-0.050907
-0.677716
-0.321824
-0.978572
-0.139719
-1.453865
-0.508301
-1.377000
-0.315117
-0.172599
-3.447720
-0.736795
-0.052962
-0.370676
-0.324562
-1.506541
-1.154630
-1.426369
-2.509459
-1.221488
-0.405225
-0.821565
-1.875133
-2.729765
-0.357892
-0.044943
-2.188980
-0.553722
-2.066167
-0.681951
-1.641314
-0.879138
-0.287468
-0.019675
-0.656131
-0.696702
-1.151799
-0.032432
-0.940860
-0.376601
-0.083792
-0.856235
-2.289740
-1.775135
-0.173678
-1.006704
-4.048261
-0.360406
-1.684569
-0.404418
-1.278609
-0.139663
-0.626737
-0.786468
-2.528925
-0.426521
-0.265087
-1.820007
-1.346727
-0.115056
-1.047363
-0.607813
-1.163588
-0.345477
-0.657489
-1.033873
-0.686278
-2.063284
-0.210260
-0.621374
-2.660494
-2.407169
-0.284887
-0.162825
-0.096526
-1.221912
-0.295407
-0.918225
-0.595021
-1.222449
-0.607578
-0.442689
-0.103800
-0.847492
-0.015499
-0.166470
-0.559057
-0.148727
-0.475634
-1.520766
-1.506684
-3.335239
-0.955827
-2.470029
-0.229530
-0.321322
-0.963623
-0.414712
-1.967460
-0.929656
-0.313983
-0.828459
-1.293797
-0.350802
-0.393145
-0.241877
-0.142815
-2.914826
-0.227331
-0.045339
-2.964148
-0.188590
-0.422135
-0.616507
-0.299406
-0.018358
-0.685124
-1.096643
-1.632203
-1.131347
-2.072903
-0.107678
-2.141182
-3.256552
-0.656316
-1.074879
-0.166361
-0.327443
-0.613926
-1.565922
-0.547593
-0.001844
-0.293807
-0.087338
-1.298915
-0.584417
-0.960854
-0.138754
-0.023425
-0.266896
-0.440981
-2.204940
-0.185648
-0.419675
-2.019938
-0.689314
-0.519103
-0.759490
-0.902293
-2.521884
-0.007725
-1.259931
-0.531333
-3.227650
-0.674751
-1.836366
-0.347186
-0.436558
-0.889412
-0.950606
-0.910390
-1.046361
-0.004324
-0.146369
-2.479100
-0.199174
-1.018908
-0.248990
-0.528992
-0.432876
-0.480651
-1.210664
-0.152807
-2.130607
-0.699888
-0.006291
-2.702618
-0.123174
-0.094105
-0.118951
-1.702293
-0.187894
-1.124112
-0.029888
-1.585870
-0.850465
-1.325043
-0.409980
-0.554869
-1.710064
-0.688928
-0.819674
-2.724455
-0.030255
-0.241033
-0.652991
-0.547540
-0.201824
-0.120469
-0.291218
-0.069212
-1.164182
-1.471097
-0.086404
-0.197139
-3.376812
-0.472783
-1.410091
-1.524738
-1.903629
-2.095148
-2.303008
-1.484944
-0.351367
-3.541372
-0.145017
-0.115806
-0.935518
-0.960512
-0.663747
-1.779962
-0.610074
-0.851390
-0.634081
-0.237731
-0.380710
-2.353443
-0.482954
-0.993253
-1.369057
-0.757310
-0.666351
-1.102130
-0.029331
-0.450713
-0.408255
-2.493786
-0.166102
-0.165302
-0.222507
-0.161793
-0.337229
-1.190215
-0.358364
-1.424652
-0.652464
-0.204700
-0.372200
-0.959001
-0.604798
-1.643147
-0.046950
-0.004166
-2.264714
-1.050332
-0.212481
-0.471542
-0.557632
-0.977771
-0.797433
-0.079874
-0.542789
-0.637670
-2.790559
-0.024863
-0.775744
-2.931827
-0.308638
-0.529350
-0.549580
-1.447984
-0.346684
-0.298646
-0.234632
-1.279461
-2.357971
-0.671250
-0.542107
-1.713840
-0.311571
-0.084098
-1.558386
-0.387287
-0.647593
-0.620283
-1.554580
-0.237423
-0.346586
-0.713147
-1.012693
-0.183028
-0.384985
-0.553665
-0.139585
-1.646293
-0.974671
-0.310308
-0.201408
-0.163923
-1.752056
-1.358622
-0.479555
-0.715628
-0.154542
-1.284048
-0.345562
-1.445090
-0.358176
-1.075038
-2.365089
-0.615210
-0.346031
-0.971346
-0.140449
-1.120478
-0.524863
-0.640361
-0.169981
-2.101959
-0.478029
-0.489114
-0.640773
-1.055146
-0.696336
-0.576477
-0.131422
-0.554303
-0.867201
-1.079107
-0.631852
-0.436900
-0.748241
-0.313059
-0.273069
-1.677362
-0.222484
-0.453302
-0.002166
-0.860388
-1.277462
-0.180342
-0.846245
-0.278861
-1.135245
-0.281234
-2.033651
-2.338695
-0.154231
-1.131796
-0.361537
-0.155539
-1.181784
-0.726534
-1.763953
-1.130502
-2.364677
-1.171086
-1.898975
-0.733684
-0.073605
-0.617313
-1.024554
-3.893452
-2.155289
-0.755490
-3.557467
-0.170252
-0.176131
-1.193994
-1.155154
-1.367652
-1.691868
-0.409666
-2.901071
-0.809110
-1.460618
-1.017866
-1.421984
-0.116176
-2.479076
-0.482448
-1.714513
-0.195861
-0.697728
-0.034429
-0.387041
-0.617717
-2.271192
-3.079038
-0.731661
-0.650915
-0.219428
-0.983393
-2.432700
-0.731107
-1.341831
-1.509291
-0.329087
-1.260334
-0.937122
-0.180849
-0.684174
-0.689315
-2.415360
-0.508509
-0.316083
-0.160243
-0.183373
-0.237138
-0.668236
-0.551488
-3.618365
-1.341954
-2.423421
-0.046563
-0.130093
-1.716859
-1.902178
-1.407406
-0.350952
-1.367747
-1.740154
-2.472032
-0.177309
-1.064386
-0.483460
-0.503556
-1.048160
-2.013444
-2.894008
-1.446537
-0.726021
-0.108135
-0.058559
-1.244945
-0.499897
-1.360197
-2.434234
-0.112026
-2.075055
-0.753619
-2.219620
-0.713352
-0.109315
-1.457830
-0.531597
-0.722743
-0.086881
-0.023068
-3.100605
-0.377996
-0.268044
-0.532465
-1.325076
-0.670110
-0.872722
-0.082892
-0.747955
-0.548566
-0.310656
-0.326889
-0.126301
-0.818504
-0.219592
-0.097713
-0.353659
-0.468861
-0.165321
-0.627029
-1.040732
-0.187578
-1.861834
-0.716646
-1.009909
-3.210185
-1.384850
-0.871734
-1.512523
-0.074253
-0.314235
-1.259806
-1.797946
-1.522305
-0.057396
-0.172015
-2.139909
-0.091364
-1.686191
-4.615192
-0.696275
-1.283724
-0.063150
-0.490776
-3.275732
-0.929271
-2.863150
-0.023889
-1.437913
-3.380931
-0.466114
-0.169003
-0.545326
-3.401089
-0.973909
-1.710349
-0.076991
-0.527686
-0.835782
-0.027430
-0.667190
-0.468945
-1.916957
-0.647737
-3.582407
-1.263976
-0.249378
-0.375946
-1.609978
-0.142966
-0.252376
-0.910284
-1.106596
-0.627909
-1.669428
-1.464214
-1.111824
-0.681808
-0.208508
-0.011486
-0.892247
-1.783742
-0.441851
-0.244569
-0.092698
-0.585492
-0.595733
-0.780812
-1.442655
-2.219111
-1.056432
-0.236290
-3.128937
-2.913249
-1.772716
-1.643948
-0.266206
-1.118109
-0.557642
-0.994523
-0.150841
-0.045959
-0.582786
-0.113470
-2.275610
-0.304064
-1.097788
-1.230190
-0.375811
-0.383175
-0.698738
-0.810701
-1.715890
-2.068765
-3.145527
-2.754944
-0.118058
-0.190464
-0.462058
-0.008497
-0.854519
-1.083312
-1.879564
-1.406840
-1.187036
-1.096661
-0.887353
-0.344747
-1.035410
-0.402293
-2.216704
-0.504180
-0.409036
-0.416265
-3.268891
-1.125095
-1.031284
-2.771131
-0.453402
-0.448166
-0.368379
-0.294375
-0.689390
-1.470733
-0.247542
-0.622416
-2.441552
-0.527068
-2.674152
-1.944880
-0.054758
-0.087840
-0.420851
-1.433740
-0.739235
-1.646061
-1.069806
-1.427756
-2.088054
-1.181140
-0.617629
-0.721627
-0.537529
-0.908074
-0.845704
-2.280179
-0.734228
-0.201896
-0.042650
-0.385146
-0.477837
-1.614426
-0.375864
-0.587442
-0.525804
-1.141248
-0.253582
-1.102177
-0.120709
-0.725214
-0.307175
-0.165284
-1.937639
-0.207888
-0.214355
-0.327368
-0.965040
-0.645955
-1.084834
-0.895034
-0.814694
-1.614275
-0.325809
-0.235526
-3.044821
-0.081140
-0.190986
-0.569129
-0.317408
-2.248160
-1.445219
-1.865049
-2.135541
-0.403772
-1.103292
-0.207988
-1.617976
-1.388359
-1.608729
-1.147613
-0.738609
-1.541352
-0.251361
-0.873441
-1.417327
-1.844613
-0.539276
-0.343091
-0.987061
-1.373054
-1.698826
-1.567586
-1.138043
-0.023435
-0.500162
-1.356158
-0.282253
-0.787642
-0.129248
-2.052980
-0.573879
-0.269593
-1.031536
-1.412573
-0.574445
-1.696825
-0.364542
-0.289501
-0.063609
-2.197215
-0.013781
-0.190701
-0.159418
-0.087514
-0.134545
-0.686886
-0.216914
-0.845599
-0.267776
-1.096306
-0.444692
-0.754462
-1.301140
-0.850026
-0.562916
-0.904021
-1.233957
-0.052959
-1.720837
-0.257818
-1.519150
-0.449968
-2.080975
-0.309742
-0.644168
-0.337374
-1.220813
-0.194277
-1.005963
-0.497255
-2.694094
-1.205195
-1.221123
-0.608977
-1.786430
-0.773588
-0.238215
-0.267197
-0.471672
-0.175632
-1.612336
-0.209571
-0.839508
-0.133026
-0.371169
-0.019433
-0.409374
-1.135646
-0.800051
-1.485415
-0.587396
-1.180173
-0.313829
-3.869753
-2.286031
-2.032970
-1.065108
-0.912385
-0.054692
-0.753399
-2.336649
-0.092445
-1.868323
-0.455621
-1.009207
-2.124787
-0.618955
-1.936223
-0.383184
-0.330036
-1.232458
-0.498864
-0.357724
-1.246544
-1.155129
-0.177801
-0.188919
-0.235203
-0.414615
-0.377332
-1.122257
-0.928078
-0.831929
-1.014376
-0.690232
-0.577739
-0.034500
-0.009391
-0.387521
-0.679155
-0.871924
-1.533966
-0.079562
-0.182638
-0.403209
-0.527652
-0.124691
-0.652337
-1.322477
-0.043735
-2.500998
-0.045515
-1.531561
-0.600779
-1.481232
-1.629989
-0.091511
-0.772629
-0.287948
-1.694760
-0.162569
-0.187600
-0.402219
-0.564207
-0.295161
-0.889330
-2.156334
-0.697076
-4.835066
-0.082467
-0.716175
-0.565549
-0.415417
-0.167408
-2.647498
-0.160144
-0.273171
-2.222015
-0.599366
-0.943058
-0.087757
-0.318084
-0.531932
-0.372887
-1.103993
-0.620197
-1.375204
-0.673230
-0.568255
-0.871688
-1.030240
-0.284686
-0.825942
-0.660044
-0.816255
-0.550587
-2.107172
-1.029571
-0.637163
-1.771240
-0.434616
-0.482680
-0.591795
-1.240362
-2.052137
-0.984497
-0.089541
-1.831762
-0.547613
-3.564389
-0.657887
-1.274432
-1.642542
-0.594397
-0.126639
-1.383682
-0.125856
-0.501000
-1.138778
-1.718551
-0.384424
-0.221121
-0.117506
-0.021527
-1.205723
-1.818425
-1.176319
-0.285936
-0.339059
-0.193419
-0.717368
-2.286423
-0.041919
-1.933202
-2.742304
-0.214642
-1.793751
-0.828361
-0.422802
-0.287896
-3.741382
-0.178905
-0.177708
-0.114261
-0.167950
-0.880398
-0.456276
-0.304184
-0.017127
-0.947942
-0.409005
-0.976450
-0.222002
-2.805955
-0.159142
-0.772490
-0.096687
-0.154383
-3.370912
-2.292691
-0.338901
-0.677599
-1.970376
-0.472895
-2.294744
-1.400790
-0.184326
-0.091025
-1.020371
-0.915824
-1.075203
-0.553447
-0.176971
-0.121590
-0.920541
-1.402966
-0.790958
-2.463616
-0.380410
-1.447333
-0.836794
-2.819233
-0.520529
-0.026649
-1.660876
-1.354795
-1.295726
-0.471210
-1.250197
-3.052509
-1.174718
-0.312638
-0.080933
-0.030214
-1.211375
-1.874812
-1.748782
-0.014937
-1.968066
-2.233316
-1.371773
-0.945020
-1.116063
-0.793499
-1.192997
-1.227572
-0.943224
-0.286893
-1.365739
-1.804827
-0.065346
-0.134996
-0.768616
-0.651330
-0.946361
-1.861766
-1.026231
-1.338750
-0.605310
-0.746260
-0.034100
-0.640560
-0.434328
-0.149587
-2.449059
-0.071131
-0.011652
-0.586250
-1.232076
-0.252164
-0.344452
-2.453108
-0.413583
-1.026084
-0.909616
-1.540592
-0.395773
-1.740631
-1.453582
-0.654645
-2.017190
-0.104887
-0.390303
-1.856039
-0.269268
-0.305941
-0.031955
-0.087779
-0.246837
-1.086950
-0.251840
-1.112670
-1.260103
-0.402661
-0.822257
-0.141529
-0.381242
-3.774845
-0.083949
-2.288024
-0.814400
-1.578717
-3.053688
-0.472932
-0.214550
-1.966001
-0.346297
-1.338064
-0.727077
-0.252075
-0.163176
-0.021834
-0.719750
-0.288496
-0.179221
-0.047684
-1.395861
-0.323568
-0.225282
-0.254730
-1.444496
-3.346005
-1.170783
-0.979837
-0.792076
-0.123758
-1.165837
-0.607994
-0.802665
-1.034734
-0.621536
-0.379283
-0.072883
-1.066873
-0.343926
-0.853561
-0.202450
-2.071132
-0.597063
-1.786399
-0.071991
-2.124516
-0.372650
-2.153437
-1.002182
-1.674535
-0.120298
-0.402172
-1.475595
-0.085631
-0.762229
-0.044746
-1.363966
-1.694768
-0.643903
-0.001909
-0.472223
-2.703669
-0.821338
-0.569157
-0.490522
-1.387655
-0.083800
-1.389600
-0.970241
-0.740530
-0.390223
-0.346789
-0.128001
-0.841520
-0.644478
-0.632152
-0.570736
-1.879551
-0.174853
-0.605209
-0.367114
-0.095968
-1.127240
-0.112156
-0.089455
-0.801548
-0.773570
-1.000108
-1.067470
-2.268220
-0.551669
-0.647760
-0.172415
-1.504856
-2.430233
-0.093764
-0.290554
-0.545424
-0.998602
-1.901606
-0.902712
-2.847664
-1.739784
-0.022215
-1.191778
-1.603125
-1.273428
-0.765970
-0.041433
-1.381762
-0.061837
-1.146960
-2.006546
-1.204801
-0.692153
-0.424873
-0.031588
-1.034528
-0.408634
-0.812048
-0.321482
-1.314036
-1.430322
-1.086369
-0.928033
-1.332754
-1.626689
-1.111553
-0.688153
-0.930706
-2.304249
-1.168344
-0.306195
-0.767710
-0.405894
-0.749802
-0.726893
-0.963282
-1.854867
-0.208646
-0.290336
-1.338678
-0.016768
-0.914422
-0.264194
-0.743097
-1.333469
-0.722495
-1.868487
-2.263541
-0.869772
-2.440307
-0.906578
-0.579065
-1.171691
-2.548279
-1.396776
-1.615496
-3.543415
-1.434835
-0.453300
-1.603513
-0.068081
-2.555592
-1.363122
-0.034710
-1.278350
-0.978123
-1.196549
-0.047681
-0.284840
-0.296325
-2.606739
-0.637856
-3.274802
-2.299319
-0.101031
-0.262552
-0.358262
-0.739921
-0.899449
-0.227575
-2.765053
-0.070840
-0.229215
-1.650919
-2.164311
-0.026697
-0.821042
-0.463390
-0.519264
-0.166819
-0.240725
-0.539917
-1.697544
-4.953085
-0.885575
-0.197476
-0.926151
-0.552384
-0.217896
-2.942716
-0.532216
-1.109910
-0.019817
-0.775381
-0.255970
-2.126286
-1.265237
-0.306203
-0.168394
-0.339365
-1.561173
-0.331399
-0.868994
-3.578956
-0.023756
-1.303053
-0.753232
-1.699787
-0.505047
-0.367610
-1.009460
-0.171973
-0.025547
-0.175997
-1.150895
-1.093499
-2.076393
-3.842036
-0.470665
-1.413831
-0.343930
-0.803013
-2.648375
-1.614769
-0.317517
-0.736338
-1.461065
-0.272533
-0.084016
-1.155035
-0.511664
-0.441261
-1.164294
-0.020159
-0.718428
-0.058051
-1.671432
-0.898109
-0.916425
-0.283056
-0.042929
-0.412814
-0.093954
-0.226372
-0.566404
-2.190061
-0.003238
-0.188932
-2.262926
-2.742634
-0.146517
-0.083594
-2.164768
-0.228469
-0.166976
-2.454286
-2.137344
-2.020988
-2.169957
-1.205908
-0.158231
-0.069393
-1.534510
-2.048137
-1.183825
-0.688448
-1.096452
-0.164057
-0.611161
-0.321950
-0.668386
-0.474477
-0.024614
-0.416898
-1.316530
-0.002864
-1.473032
-0.224746
-1.657269
-0.248021
-1.371862
-0.994692
-0.825521
-1.841711
-0.840295
-2.319976
-0.606106
-0.226334
-3.201497
-1.454016
-0.910610
-1.099514
-0.162799
-2.109389
-1.048299
-0.640560
-1.030454
-0.727978
-1.729202
-0.074581
-0.738338
-0.808395
-0.538159
-0.667441
-0.719157
-0.325346
-0.221183
-0.537848
-1.140008
-1.978254
-0.911853
-0.924318
-0.536569
-0.976377
-0.562601
-2.585878
-1.694994
-0.268944
-0.195626
-1.427647
-0.304751
-0.260247
-0.083865
-1.954294
-0.349678
-0.421390
-1.470450
-1.313876
-2.447126
-1.517496
-0.313034
-0.729624
-1.321539
-1.164932
-1.038845
-0.298161
-1.255665
-0.513774
-1.811537
-4.112813
-1.658929
-0.492309
-1.626106
-2.490070
-0.084706
-0.429789
-2.113237
-1.581413
-0.069634
-0.363561
-0.845606
-3.364340
-0.269402
-0.340949
-1.385854
-0.367168
-0.414677
-0.641530
-2.429182
-1.955310
-1.162264
-0.045278
-0.398613
-0.807648
-1.314610
-0.173476
-2.080116
-3.995820
-1.465483
-0.343302
-0.301863
-0.531538
-2.082936
-1.726655
-0.423035
-0.247837
-0.962320
-0.598559
-0.682806
-3.051491
-0.861983
-2.304896
-1.053385
-1.938111
-0.187501
-1.262893
-0.980844
-0.368959
-1.262875
-0.379999
-1.490881
-0.554004
-0.345333
-1.672541
-1.318193
-0.522902
-0.358200
-0.711822
-1.958013
-0.538809
-1.674069
-1.765475
-1.689544
-2.454583
-0.538443
-0.664118
-0.147003
-0.147514
-0.226661
-1.084936
-0.139441
-1.403252
-0.417160
-0.649009
-3.102906
-2.264030
-2.100721
-1.055629
-0.208351
-0.689887
-0.041170
-1.658450
-0.818566
-0.601424
-1.785186
-0.470048
-0.627453
-1.594406
-1.185997
-1.153184
-0.465733
-1.523944
-0.339619
-0.342429
-1.974142
-0.213068
-1.158742
-1.296975
-0.215134
-2.582952
-0.803944
-0.459703
-0.903630
-0.801031
-1.477579
-1.206217
-0.738995
-0.799807
-2.126200
-0.094851
-0.070354
-0.160868
-1.566744
-1.622800
-0.336754
-0.277613
-0.230570
-0.604097
-1.326476
-1.046670
-0.109567
-2.392208
-0.598590
-1.102377
-0.856826
-2.182878
-1.268420
-1.286908
-0.006562
-0.456112
-0.128052
-1.248794
-1.869991
-0.829931
-0.265588
-2.815833
-1.931153
-1.530819
-2.691965
-0.800598
-0.781492
-1.338155
-0.498525
-0.592647
-0.104225
-0.044618
-0.459383
-0.788667
-0.077855
-1.128191
-2.472734
-1.083411
-0.485434
-1.604091
-1.176513
-3.034677
-1.042468
-0.305610
-0.842625
-0.310835
-1.540592
-1.616542
-0.269522
-0.652828
-1.279590
-0.537152
-0.112973
-0.965733
-0.095499
-4.407605
-0.348617
-0.111278
-2.188844
-0.232294
-0.505966
-1.042578
-2.154458
-0.088655
-0.899565
-0.146855
-1.841603
-0.310583
-1.598714
-0.369055
-2.331471
-0.757622
-0.532672
-0.157117
-0.343008
-0.936591
-1.794811
-0.274745
-1.087542
-0.346299
-0.893875
-1.615957
-0.833543
-1.239864
-0.017934
-1.178485
-2.636518
-1.699252
-0.917445
-1.703083
-1.362840
-0.189088
-1.386646
-0.125171
-0.805964
-1.492151
-0.178051
-0.641336
-1.254367
-2.604187
-1.675065
-0.881153
-1.406606
-1.692266
-1.190472
-0.517833
-0.071430
-1.287169
-0.449535
-1.571939
-1.856956
-0.406537
-0.927378
-0.114303
-2.359743
-0.366800
-0.294985
-1.775441
-0.274804
-0.326121
-0.569637
-0.304255
-3.746015
-1.219179
-1.852981
-2.485790
-0.686596
-1.342124
-0.750430
-1.153833
-1.066843
-0.698553
-1.693516
-1.257344
-1.095063
-0.453920
-0.296995
-0.484614
-0.052198
-2.209160
-0.039961
-0.842119
-1.294945
-0.719080
-0.280339
-0.548316
-0.204526
-1.302239
-0.389120
-0.060268
-0.500749
-0.632465
-3.147329
-0.325403
-0.003275
-2.534661
-0.864480
-1.566548
-1.598869
-2.537253
-1.131810
-0.639806
-0.110614
-2.263268
-1.771482
-0.950574
-1.751444
-0.607409
-2.048201
-1.368175
-0.190802
-0.114075
-0.121828
-0.910515
-0.005469
-1.674757
-0.341529
-0.890855
-0.025172
-0.152583
-0.364807
-0.958362
-1.296888
-0.235172
-3.108881
-3.434701
-0.410167
-1.326909
-2.769270
-2.686413
-0.275178
-0.026013
-0.642098
-0.053072
-0.224285
-1.317802
-0.406952
-0.640637
-0.363666
-1.692033
-0.723983
-0.637420
-2.134842
-0.248880
-0.254850
-0.721908
-0.385712
-1.501181
-0.402480
-1.216486
-0.217595
-2.012456
-1.698948
-0.446694
-2.243487
-1.863905
-0.887018
-3.050625
-0.981400
-0.689149
-1.476977
-0.312531
-0.380062
-0.214197
-1.270011
-0.018080
-2.013316
-0.167474
-1.351310
-0.306502
-0.012046
-0.525131
-2.802357
-0.685722
-1.169115
-0.753177
-0.719277
-0.007585
-1.354155
-0.718037
-0.832017
-0.769744
-0.219715
-0.422612
-1.631009
-0.726501
-1.105122
-1.500491
-0.551557
-1.762056
-0.195757
-0.267147
-0.087400
-0.708097
-0.352085
-0.110193
-0.661069
-0.039346
-1.057570
-0.531613
-1.028442
-0.874739
-1.175685
-0.239512
-0.747068
-1.352818
-1.223363
-0.378915
-0.202736
-0.490828
-0.951838
-0.099378
-1.047978
-0.425266
-0.029933
-0.036829
-0.856426
-0.294664
-1.267145
-0.656687
-0.108023
-0.600305
-0.810737
-0.551719
-0.679501
-0.414826
-0.651164
-2.299085
-0.008241
-0.492598
-0.354516
-1.284711
-3.317184
-0.514819
-0.154594
-0.998852
-0.125970
-2.258740
-0.029219
-2.508165
-2.178764
-2.549923
-0.854865
-3.293714
-1.076086
-0.015727
-0.962140
-2.528969
-0.353512
-1.032143
-0.817789
-1.525064
-0.126377
-0.078052
-0.934749
-1.446566
-2.956963
-0.605458
-2.200988
-1.057257
-0.101812
-1.849367
-0.103535
-0.299551
-0.492626
-0.387530
-0.217749
-0.087022
-0.215753
-2.929975
-1.933135
-0.380572
-1.483850
-1.551576
-1.588165
-0.850449
-0.401472
-3.465712
-0.237182
-0.470260
-3.015997
-2.104247
-0.239710
-1.939650
-0.498984
-1.588245
-1.519166
-0.190285
-0.689849
-3.984702
-0.393640
-0.453084
-0.440942
-1.534178
-0.126251
-1.040819
-0.095502
-0.080571
-0.229604
-0.590711
-1.428335
-0.093579
-0.623107
-3.022469
-0.877628
-2.338351
-1.762574
-0.770748
-1.888750
-0.237187
-1.540979
-0.331931
-0.628123
-0.420309
-1.242654
-1.007951
-1.194637
-0.385330
-1.324659
-0.781524
-0.101616
-0.875511
-0.618358
-2.799619
-0.602204
-1.362506
-0.123988
-0.385779
-3.886561
-0.966564
-1.219423
-0.458878
-4.786717
-0.488359
-1.660932
-2.142278
-0.012639
-0.223712
-0.208288
-2.418589
-0.267594
-1.518765
-2.315467
-0.560321
-1.224878
-2.040567
-0.812927
-1.182933
-0.830035
-0.200012
-1.211238
-0.687537
-0.263478
-0.497957
-1.696620
-0.029683
-2.353163
-0.580878
-0.192659
-1.981357
-1.650926
-0.379994
-3.258825
-1.159163
-2.611615
-0.757599
-1.992181
-0.491052
-0.670665
-2.341334
-0.360310
-0.224502
-0.186342
-1.442850
-2.349212
-1.007913
-0.018266
-0.576322
-0.916203
-0.155021
-1.599557
-1.739066
-1.242369
-1.659414
-0.104400
-1.401491
-0.688527
-0.550769
-0.787825
-1.548468
-0.331793
-2.259451
-0.168834
-0.185642
-0.555354
-0.339353
-0.569904
-1.554180
-0.128949
-0.564396
-2.070853
-0.874069
-0.231460
-0.006681
-0.264144
-1.280725
-0.763540
-2.504738
-0.449971
-0.393036
-0.846267
-2.232601
-0.746786
-1.616675
-0.040814
-2.643891
-1.944136
-0.405356
-0.307215
-1.545265
-1.798171
-0.184335
-0.017009
-0.562076
-2.351130
-0.107642
-0.069043
-2.816661
-4.505176
-1.856636
-1.329090
-2.013571
-0.155274
-0.070228
-0.127972
-0.158575
-0.168797
-1.768662
-1.802345
-0.797598
-0.621952
-0.237999
-1.221519
-0.533056
-0.239733
-0.953905
-3.337412
-1.165100
-4.176965
-0.128934
-1.277366
-0.142029
-1.037897
-1.476866
-0.434287
-0.310726
-2.051251
-1.194487
-0.112854
-0.540643
-2.133520
-0.160438
-1.067838
-0.868988
-0.984849
-0.406840
-2.851498
-0.121220
-0.540933
-2.474588
-1.187218
-0.330262
-0.440681
-1.028500
-0.716577
-0.010115
-0.102784
-0.411350
-0.230257
-0.212553
-0.491604
-0.091109
-0.612936
-1.481487
-2.896202
-0.480078
-0.275153
-0.649201
-0.758329
-0.335872
-1.425197
-1.184410
-1.413834
-0.056226
-0.816134
-0.534164
-0.382299
-0.577427
-0.111479
-2.826714
-0.047395
-0.363487
-3.555482
-0.654229
-1.579542
-1.425994
-0.735348
-2.565095
-1.249274
-0.206145
-1.573352
-1.128756
-0.060467
-0.865485
-0.210625
-0.895498
-2.047522
-1.108032
-3.567926
-0.879771
-0.021205
-1.338344
-0.216024
-0.615410
-0.176184
-0.113465
-2.056558
-2.749275
-1.004369
-0.174507
-0.233367
-0.297732
-0.758957
-0.022861
-0.059121
-0.056473
-0.710036
-0.561789
-0.469664
-0.742780
-1.211014
-1.241889
-1.254905
-0.951835
-0.769811
-0.039049
-1.701129
-0.846700
-0.515789
-0.977195
-0.194640
-1.980460
-1.433599
-1.000725
-0.567536
-1.317552
-0.431846
-0.968271
-1.199755
-0.585908
-0.863707
-0.349693
-0.410942
-0.603688
-1.530120
-1.573304
-2.665472
-0.480382
-2.374201
-0.265467
-0.718374
-0.154858
-0.043013
-1.040238
-3.938728
-2.765238
-1.836076
-0.678728
-0.046985
-1.030264
-2.224143
-0.725568
-3.359573
-1.582896
-0.250367
-1.322151
-0.064000
-1.614236
-0.100170
-1.519507
-1.535400
-0.504413
-0.568306
-0.175438
-0.581302
-1.555043
-0.206992
-0.423444
-0.363682
-0.314447
-0.502203
-3.065222
-0.084131
-0.072355
-0.460564
-1.526060
-1.443076
-0.904721
-0.282378
-0.060059
-0.187532
-0.544206
-0.009835
-0.506673
-0.975753
-0.016509
-2.480765
-1.627864
-0.546345
-0.840417
-1.215530
-0.185563
-0.152157
-0.473813
-1.060858
-0.511186
-1.413145
-0.007503
-0.361114
-0.149638
-0.196541
-0.388880
-0.078320
-0.201281
-4.578830
-0.625608
-2.388760
-0.005185
-0.657700
-0.134482
-0.094722
-0.144506
-0.814461
-0.269737
-0.669939
-0.647850
-0.256961
-0.732981
-0.232289
-0.672791
-0.201788
-0.113774
-0.252835
-0.032872
-0.231639
-1.626552
-1.305214
-0.995855
-0.291460
-0.699812
-2.016502
-0.253597
-3.112317
-0.092349
-0.430598
-0.628104
-0.420728
-2.998785
-0.370247
-1.023349
-0.664015
-0.036390
-0.229589
-0.853227
-0.532476
-0.361370
-1.335070
-0.434785
-0.140082
-0.787361
-1.834863
-0.655086
-0.298583
-1.720860
-2.292060
-0.954492
-1.742908
-0.572730
-0.657769
-0.290396
-0.198062
-0.957678
-0.383442
-2.371935
-3.564102
-0.443028
-1.898104
-2.064728
-0.972480
-0.029521
-1.048835
-1.598593
-2.344094
-2.115431
-1.655804
-1.022304
-0.949388
-0.646079
-0.370317
-1.444147
-0.981129
-1.451513
-1.312227
-2.197023
-0.129648
-0.364337
-0.063107
-0.728033
-4.564157
-0.308122
-0.043083
-2.148972
-0.311091
-0.133726
-0.581118
-1.081181
-0.676085
-2.185961
-0.413628
-0.358311
-0.344439
-0.137261
-1.459629
-1.032030
-1.128323
-0.007859
-0.153937
-0.844942
-0.051512
-0.507931
-2.934316
-2.678528
-0.526441
-0.941988
-1.743523
-0.171011
-2.757442
-0.872155
-1.375206
-1.036829
-0.477687
-1.261428
-3.141690
-0.936618
-0.970222
-0.906240
-1.030920
-0.385263
-2.068480
-0.455518
-2.493654
-0.724752
-0.662562
-0.589240
-2.846624
-0.475620
-0.134136
-0.099968
-2.164879
-2.488939
-0.799972
-0.300578
-0.167185
-2.774482
-1.093359
-0.261345
-3.655431
-0.554317
-0.454493
-0.552690
-1.238668
-1.113761
-0.024099
-1.633590
-4.771454
-1.586271
-0.384086
-1.189958
-0.713527
-1.505883
-1.254756
-2.326332
-0.016227
-0.967494
-0.004866
-0.156049
-0.788472
-1.587933
-1.079219
-0.996584
-1.681143
-1.730794
-0.144641
-0.595697
-0.456886
-4.561305
-1.335193
-0.404483
-0.319992
-0.362533
-0.167664
-0.540578
-0.151940
-0.099787
-0.809354
-0.043213
-0.506346
-1.783563
-0.947847
-0.123063
-0.099615
-0.401011
-1.595698
-0.136632
-1.166971
-1.012643
-0.304388
-1.567247
-0.291838
-0.120139
-0.065463
-1.261562
-2.281018
-0.220917
-1.221087
-0.242921
-1.091976
-2.703473
-1.090909
-0.941777
-0.530680
-0.007998
-0.262494
-1.628153
-1.097270
-0.214470
-0.214451
-0.198698
-0.867274
-1.257164
-2.914883
-0.034680
-1.515414
-0.630460
-2.031849
-1.217428
-0.262718
-0.955013
-0.921661
-0.731861
-1.152239
-0.963833
-0.141070
-0.159147
-0.181302
-0.610748
-1.510617
-0.895507
-2.220499
-3.112189
-0.089882
-0.146202
-2.104077
-1.129211
-1.150836
-1.687418
-1.886979
-1.107991
-0.348302
-0.394157
-1.584053
-1.259463
-1.893883
-0.271225
-0.770309
-0.112146
-1.647341
-1.837284
-0.406120
-0.299895
-1.782200
-0.574507
-1.162779
-2.115466
-1.871922
-1.774168
-1.097061
-0.112509
-1.145442
-0.520186
-2.372533
-0.695141
-1.160314
-1.271585
-0.512489
-1.123735
-0.305538
-1.057051
-1.344390
-1.002774
-2.086341
-1.071689
-0.469550
-1.712059
-1.184273
-0.917983
-1.977674
-5.650793
-0.454840
-1.022648
-1.810573
-1.944551
-1.868715
-2.323231
-2.322690
-0.468261
-0.274008
-0.020405
-0.104047
-0.090508
-0.826074
-0.918837
-1.888235
-2.420147
-0.496582
-0.436409
-2.503442
-0.067597
-2.088445
-0.170695
-0.188902
-0.037112
-1.002211
-2.464783
-1.888102
-0.086743
-2.642402
-1.329811
-0.273582
-1.008347
-0.041420
-1.241498
-0.350519
-0.441979
-0.559606
-1.193023
-0.296733
-1.160075
-1.245305
-0.901933
-2.288582
-1.497270
-1.153560
-0.917045
-0.449873
-0.018641
-0.826614
-1.152314
-3.219578
-3.525834
-1.333421
-1.217893
-2.247666
-2.203748
-0.717657
-2.100877
-0.099343
-0.452530
-0.547878
-2.161556
-0.279693
-1.197171
-0.147516
-0.372719
-0.013925
-1.119820
-1.286266
-1.007604
-1.720747
-1.225148
-1.284028
-0.130398
-2.249029
-2.126614
-0.126632
-0.767169
-0.337363
-0.147220
-0.019950
-0.283794
-0.038461
-1.492216
-0.252617
-0.824372
-1.483235
-1.675013
-2.225529
-0.792000
-0.160178
-0.243926
-0.903325
-3.179150
-0.742936
-0.834240
-2.554412
-0.652248
-2.104754
-0.050317
-0.392094
-0.259802
-0.062340
-1.069950
-1.987665
-1.115388
-0.065439
-1.178948
-0.527291
-2.489905
-0.012692
-0.196347
-0.187085
-0.078789
-0.919994
-0.248088
-0.002664
-0.104561
-1.810599
-0.499631
-0.269547
-1.291549
-1.216405
-0.917474
-0.013673
-0.831578
-0.048243
-1.476166
-2.203131
-1.589942
-1.212244
-0.098864
-2.544302
-0.865379
-0.740202
-0.388663
-0.155774
-1.657335
-0.059365
-1.700153
-1.730126
-3.036536
-0.420513
-1.705129
-0.326429
-1.891380
-0.650204
-0.226764
-0.122975
-2.171724
-0.641188
-0.543931
-0.232837
-0.613261
-0.878882
-0.190698
-0.460137
-1.569311
-1.506829
-1.334731
-2.051900
-0.735827
-2.054967
-0.845988
-0.385033
-1.108487
-3.057556
-2.663009
-0.859138
-2.668259
-2.559130
-1.819542
-1.247197
-0.186402
-0.539133
-1.401965
-1.486412
-0.893464
-2.101914
-0.549898
-1.333399
-0.844591
-0.738806
-2.886820
-0.932929
-0.017586
-0.975515
-1.323840
-0.650204
-0.325616
-0.797355
-0.263256
-1.042198
-0.979039
-0.355758
-0.921929
-1.384160
-0.432967
-0.345069
-0.641428
-0.734961
-0.025031
-2.552928
-0.001523
-0.659012
-1.137995
-0.448177
-0.626265
-0.589485
-0.947562
-0.394154
-2.133295
-1.212117
-0.296242
-0.794123
-0.114335
-2.147527
-3.419062
-0.604298
-0.320961
-2.031674
-0.064449
-2.150626
-0.276265
-0.515039
-0.659589
-0.304488
-0.465749
-1.757437
-0.416313
-0.845055
-0.094910
-0.666678
-1.887884
-1.036967
-0.126651
-0.313174
-0.055877
-1.602315
-0.114146
-1.700954
-0.904817
-0.497884
-0.058882
-0.995764
-1.814474
-1.009264
-4.094523
-0.256547
-0.648494
-1.134226
-1.264650
-0.383568
-0.669228
-1.503765
-0.522093
-1.321435
-0.419056
-1.899207
-0.171914
-0.891849
-0.268151
-2.333435
-1.049075
-2.927655
-0.957464
-1.152737
-1.606556
-2.544368
-0.562907
-1.332004
-0.243164
-1.642271
-0.098483
-0.111376
-0.369118
-0.028270
-0.956250
-0.528357
-0.516102
-0.752791
-0.959822
-0.440473
-1.550790
-0.394310
-0.893558
-1.221104
-0.679380
-1.028014
-0.044774
-0.135303
-1.231567
-0.886565
-0.547338
-0.182403
-0.834627
-1.313278
-0.310455
-0.420100
-0.021811
-1.303283
-0.538920
-1.963606
-0.343214
-2.083906
-0.325123
-0.757963
-0.605482
-1.391268
-1.230529
-0.712709
-2.961253
-0.301478
-1.324090
-1.881151
-0.186937
-2.882519
-0.201605
-0.747954
-0.017800
-1.832278
-0.135477
-0.858234
-2.196428
-1.434911
-0.134315
-1.024301
-0.671407
-0.085531
-1.726186
-0.385400
-0.261979
-0.871021
-1.169678
-0.704894
-0.590636
-0.385839
-0.159666
-0.041696
-1.823826
-0.235493
-1.172999
-0.045883
-0.242519
-0.724335
-1.824769
-0.537333
-0.932308
-0.463065
-0.854652
-0.350630
-1.146782
-2.370843
-0.529566
-1.764206
-2.327416
-0.119521
-3.763416
-1.950564
-0.151265
-0.455641
-0.470224
-3.590218
-1.344553
-0.645878
-0.612623
-0.212240
-0.403589
-2.396991
-2.555988
-0.989477
-0.044842
-0.364291
-0.421611
-0.999589
-2.356282
-0.632409
-0.795492
-2.522258
-0.870873
-0.429485
-0.494054
-1.248602
-0.481095
-0.433439
-2.066831
-0.717630
-3.014734
-0.035293
-1.411147
-1.968764
-0.040102
-1.238924
-0.302412
-1.455798
-0.928031
-0.372470
-0.081091
-0.164992
-2.259643
-0.921030
-0.150203
-0.045149
-0.165293
-2.278044
-0.300160
-1.409846
-0.479680
-0.260372
-0.561627
-0.021734
-0.621943
-0.212091
-2.266436
-0.263043
-1.650159
-2.863611
-0.634247
-2.902404
-0.186917
-0.997190
-2.908852
-0.978079
-2.351551
-1.458691
-0.329074
-0.175211
-0.822430
-0.310638
-0.812706
-0.932018
-1.464658
-0.911297
-0.691395
-0.202606
-0.001230
-0.595334
-0.838422
-0.907598
-0.279987
-0.578145
-2.614019
-0.066682
-1.126692
-0.854690
-0.254603
-0.024061
-0.396375
-1.676335
-0.376220
-0.027124
-1.866627
-1.217385
-3.582980
-1.400323
-0.005549
-0.618487
-0.227154
-2.028596
-0.174971
-0.001290
-0.440342
-0.706606
-0.244974
-0.247514
-1.258952
-2.389250
-2.913940
-2.714660
-1.199252
-1.053160
-0.168191
-1.365316
-2.041061
-0.854874
-0.145965
-0.456756
-2.512061
-0.531999
-0.146734
-0.826722
-0.742006
-1.135959
-0.516597
-0.835660
-2.451477
-0.140679
-0.630786
-2.077320
-0.994322
-0.316182
-0.846972
-1.067548
-0.328617
-0.008069
-2.433219
-0.436571
-0.367520
-0.068974
-2.409806
-0.186637
-0.931962
-0.249776
-0.052351
-0.387435
-0.654979
-0.221857
-1.959346
-0.070707
-0.360164
-1.017390
-0.401172
-1.177871
-0.113032
-1.828913
-0.525178
-0.239939
-1.453157
-0.932695
-0.779611
-1.076945
-2.035509
-1.152496
-1.926091
-1.016688
-0.868753
-0.204746
-2.081430
-1.398393
-3.510036
-0.938949
-2.272743
-0.298900
-0.162993
-3.181950
-1.442171
-0.987432
-0.296202
-2.951826
-1.345030
-0.443647
-0.672561
-0.877283
-0.872162
-0.294951
-0.866304
-1.175835
-1.157640
-1.875777
-0.846681
-0.093760
-1.424300
-0.188849
-0.831057
-0.434118
-0.742929
-0.465657
-0.336176
-0.964763
-0.464444
-1.296065
-1.160955
-0.116829
-0.214422
-0.041287
-2.215168
-0.121925
-0.919678
-0.962187
-0.920628
-1.793229
-0.288225
-0.871323
-0.164290
-0.719867
-0.628660
-0.692496
-0.074484
-1.230460
-3.427548
-0.674088
-0.244710
-3.222720
-0.123339
-2.087472
-0.774654
-0.206900
-1.672155
-0.092835
-1.290618
-1.402952
-0.152682
-1.949191
-0.891541
-0.511349
-0.309931
-0.241200
-0.590567
-0.904415
-1.157847
-0.310190
-0.563241
-1.260583
-3.848568
-0.590652
-0.832191
-0.652136
-0.120015
-0.171175
-1.383019
-3.250059
-0.198755
-0.373803
-0.282474
-2.134054
-1.351412
-0.548382
-3.188577
-0.864050
-0.682551
-0.434253
-1.428002
-0.950615
-2.484553
-2.263455
-0.852505
-0.815490
-0.112485
-2.174548
-0.394499
-0.652554
-0.301752
-0.183137
-0.430168
-0.363505
-0.193171
-2.088711
-1.375071
-2.550569
-0.217447
-0.424539
-0.388049
-0.582451
-0.617038
-1.129941
-0.049899
-2.718308
-0.690841
-1.215975
-0.239436
-4.107907
-0.321851
-0.245769
-1.883138
-0.394570
-0.966364
-0.676999
-2.877560
-0.455599
-2.266036
-0.161263
-1.222337
-0.189669
-0.055680
-0.526950
-0.145461
-1.537581
-1.107672
-0.321745
-1.140947
-0.350042
-0.321166
-0.452643
-1.498778
-1.365546
-0.129632
-1.685206
-2.188139
-0.204510
-0.626874
-0.529153
-3.507936
-0.393616
-1.097865
-0.933634
-0.172377
-0.933116
-0.176779
-2.638772
-2.198650
-1.761575
-2.901303
-0.904699
-1.585568
-1.964635
-0.016953
-0.140619
-0.781574
-0.086286
-0.309536
-0.244138
-1.740140
-1.434606
-4.296554
-0.543939
-0.390525
-0.456940
-1.472454
-0.853713
-3.107168
-0.793616
-0.722812
-2.915645
-1.044587
-0.093477
-0.403092
-1.691530
-0.499059
-1.065179
-0.324119
-0.220250
-1.530412
-0.407052
-0.382454
-0.235262
-0.823656
-0.676002
-0.032225
-0.939172
-0.023341
-0.852300
-0.171987
-0.281045
-0.686745
-0.890311
-1.085278
-0.728580
-1.226556
-0.049879
-0.004855
-0.051440
-0.355291
-0.742327
-0.513513
-1.239612
-0.273608
-0.442433
-1.732134
-0.116461
-0.462788
-1.992699
-0.597040
-0.181964
-0.178444
-1.645537
-2.976578
-0.404907
-2.060655
-1.083272
-0.892390
-0.678541
-1.216578
-0.152752
-0.180283
-2.135640
-1.077586
-1.380854
-0.051951
-0.590945
-1.139005
-0.067841
-1.626940
-1.950254
-0.320583
-1.490005
-0.273495
-1.456120
-0.284844
-1.221556
-2.744285
-1.241060
-0.942352
-3.564741
-0.960970
-0.723539
-1.857058
-0.523066
-1.197831
-0.807531
-0.156826
-0.748821
-0.198558
-0.390125
-0.290194
-1.555583
-0.873661
-3.284476
-0.114476
-3.430353
-0.307544
-0.400116
-3.633697
-3.565129
-1.074491
-0.798503
-0.079752
-2.028342
-1.836332
-0.076878
-0.757493
-0.537762
-1.440634
-0.268646
-1.129028
-1.931829
-0.621642
-1.202619
-0.095608
-0.988431
-2.107238
-1.286379
-0.350717
-0.282941
-0.657290
-0.395076
-0.480975
-2.095661
-0.083427
-0.153456
-1.139450
-2.102658
-0.036104
-1.338002
-0.269411
-0.456086
-0.047517
-1.456822
-0.286031
-0.335825
-0.743647
-0.079541
-0.441855
-1.652850
-0.627474
-0.878647
-0.091316
-1.811892
-0.020828
-0.430350
-0.859020
-2.622730
-0.117014
-1.962652
-0.032307
-0.658397
-0.064424
-1.276968
-0.321580
-2.822420
-0.940966
-1.023809
-0.479767
-0.212822
-0.358867
-0.465919
-3.142960
-0.090073
-0.271168
-0.039152
-1.035231
-0.802758
-0.894799
-2.400330
-0.760249
-1.953520
-2.379861
-0.238182
-0.112639
-0.030745
-0.686026
-0.185367
-0.837649
-0.415229
-1.268795
-0.257176
-0.289739
-0.244398
-1.052534
-1.373173
-0.881979
-0.918136
-1.334762
-2.955146
-0.810675
-0.080321
-1.885038
-0.184369
-0.179356
-1.490239
-0.334808
-0.737479
-1.801525
-1.744720
-1.438045
-0.525988
-0.575179
-0.845353
-1.739257
-1.573606
-0.890703
-0.942045
-0.237127
-0.943337
-0.364867
-0.115236
-1.828249
-1.801838
-0.228978
-0.164905
-2.698787
-1.364848
-0.080028
-0.821543
-0.462680
-2.365873
-1.832918
-0.364486
-5.060791
-1.786596
-0.835208
-2.253868
-1.257262
-2.277773
-0.486183
-3.794312
-2.345935
-2.152602
-0.077657
-0.443010
-1.012041
-2.485885
-2.132547
-0.167448
-1.123009
-0.204548
-0.255326
-1.583734
-1.501602
-1.235976
-1.109798
-0.713431
-0.792497
-1.285953
-0.079873
-0.632536
-0.660021
-0.624495
-1.007690
-3.688359
-0.022598
-1.126330
-0.238348
-1.132072
-4.534347
-2.393499
-0.239353
-0.988736
-0.090570
-0.185942
-0.632181
-1.332891
-2.920370
-1.460146
-1.376014
-0.092685
-0.896592
-2.459753
-0.538183
-0.346652
-1.895232
-3.173603
-0.712171
-0.588093
-0.099620
-0.485680
-2.246401
-0.066412
-0.945930
-0.082047
-0.363700
-1.804879
-0.982421
-0.173281
-0.229790
-0.260538
-0.433660
-0.488710
-0.500638
-0.593010
-0.595879
-0.269009
-0.838965
-1.213385
-0.742162
-2.595114
-0.381473
-3.785186
-4.650099
-0.043343
-1.275433
-0.783052
-2.055653
-1.223439
-1.322965
-1.032385
-0.450675
-0.132531
-1.325613
-0.690445
-1.895667
-0.304036
-3.887037
-3.808132
-0.004040
-0.399853
-0.979097
-1.003666
-0.052271
-2.368927
-0.331850
-0.296310
-0.126169
-0.900991
-0.230039
-0.174499
-2.549416
-3.535369
-0.061568
-0.008306
-0.162056
-1.669805
-1.140391
-0.638617
-0.133822
-1.029156
-0.570877
-0.285968
-1.369592
-1.315283
-1.084758
-2.859670
-0.378062
-0.149847
-1.175386
-0.186112
-1.376382
-1.955881
-1.348487
-0.237729
-1.327610
-0.625329
-1.338552
-0.674700
-2.029853
-0.555092
-0.096750
-1.454269
-1.306844
-2.983856
-0.780220
-0.223611
-1.045672
-0.222905
-0.144533
-0.172158
-2.458229
-0.687552
-1.786566
-0.099753
-0.397843
-0.630374
-1.337913
-1.318805
-1.231487
-1.941388
-1.606700
-1.374354
-0.057890
-0.159208
-3.678762
-0.362579
-1.158403
-0.329344
-1.776765
-0.497177
-0.160935
-1.086806
-2.162979
-1.246801
-0.361695
-1.656023
-0.469480
-0.032016
-0.959622
-3.174241
-0.492307
-1.520875
-0.227187
-0.321336
-0.044049
-1.375376
-0.030404
-0.597738
-0.380919
-0.085509
-2.556960
-0.292868
-1.582142
-0.748453
-1.541464
-0.030854
-2.026792
-0.239915
-0.246778
-1.206982
-1.436175
-0.266255
-1.576643
-0.204163
-1.061223
-1.492674
-0.199335
-2.291717
-0.017751
-1.763042
-0.540610
-1.872854
-1.361973
-0.299297
-0.327167
-0.891146
-1.664691
-0.333076
-0.017750
-0.455455
-3.259228
-3.100563
-0.297013
-0.060975
-1.634515
-0.029178
-0.582611
-1.733277
-0.954616
-0.248775
-0.100192
-3.389705
-0.642132
-0.277810
-1.769380
-1.067802
-0.055056
-0.437586
-3.773334
-0.352268
-1.289495
-0.281431
-1.927090
-0.659370
-0.861695
-0.943026
-0.029539
-3.012432
-0.718356
-0.408046
-0.481487
-0.362425
-0.111545
-0.356482
-1.377878
-2.937302
-0.192571
-2.321029
-0.325795
-0.424946
-1.165362
-2.794227
-0.077603
-0.427549
-0.751961
-1.250203
-3.335468
-2.514919
-0.949445
-2.003837
-0.692875
-0.179267
-2.077212
-1.873402
-0.559903
-0.008202
-3.467761
-1.833695
-0.656614
-0.260162
-1.617674
-0.204067
-1.647861
-1.143324
-1.058192
-2.486724
-0.493253
-0.692991
-1.260004
-0.326261
-0.617267
-1.427585
-0.373887
-0.217691
-0.271503
-0.515637
-1.007562
-1.347985
-0.646046
-0.742726
-0.637910
-1.237189
-0.129197
-1.043117
-0.903376
-1.030120
-0.602806
-1.522909
-1.242025
-0.404735
-1.601922
-1.102111
-0.613192
-1.843373
-0.302963
-1.690554
-0.891981
-2.489849
-0.986051
-2.619179
-1.938827
-0.055121
-0.469413
-0.573798
-0.026485
-1.809416
-0.024313
-0.505837
-1.439987
-0.914642
-1.594896
-0.378834
-1.769230
-0.461290
-1.946456
-0.177192
-0.034974
-0.535568
-0.408108
-0.370283
-0.033350
-1.062711
-0.074874
-0.216984
-0.108132
-1.449599
-0.191187
-2.241742
-2.668333
-1.420071
-3.105409
-0.105691
-0.390756
-0.163947
-0.806078
-1.279059
-0.609783
-0.129111
-0.040834
-1.415641
-0.877483
-3.835915
-0.948921
-0.287685
-0.508203
-1.303847
-0.657957
-2.105372
-0.827481
-0.258389
-2.031019
-0.011132
-0.940840
-0.499400
-3.090722
-1.798669
-0.654380
-2.957598
-1.630845
-0.459103
-2.551350
-0.285439
-1.224926
-0.680681
-0.720659
-0.152027
-2.543604
-0.584080
-0.422150
-0.021633
-0.602877
-0.714310
-1.367124
-2.294680
-3.588471
-0.268233
-1.406801
-0.657643
-0.507750
-0.442423
-1.375148
-0.374654
-0.842914
-0.045381
-0.769769
-1.223905
-0.094241
-0.037997
-0.282562
-0.218360
-1.672572
-0.540805
-1.423186
-0.140132
-0.044218
-3.436630
-0.320261
-0.442291
-1.150215
-0.847158
-0.600863
-1.983217
-1.397433
-1.946415
-1.504217
-2.487602
-2.198516
-0.703551
-0.042345
-5.241748
-0.232779
-0.848190
-3.316282
-2.761815
-0.005794
-0.614975
-1.213708
-2.114628
-1.095149
-0.097776
-0.829429
-0.461068
-2.271322
-1.622354
-0.208751
-0.480293
