-5.869838
-3.715341
-0.160061
-0.224021
-0.691588
-0.224425
-0.406023
-1.243354
-5.206675
-3.536967
-3.087867
-0.573842
-4.263359
-3.575230
-3.336041
-0.194681
-0.835674
-4.780060
-0.638792
-1.127472
-0.958160
-7.268913
-2.681541
-0.241443
-0.657702
-0.178767
-4.590773
-0.368913
-1.692976
-1.965334
-2.535199
-0.735359
-2.547632
-0.133585
-4.593441
-4.101411
-0.431931
-1.681047
-0.792498
-1.384060
-1.934765
-0.736942
-0.884261
-0.217047
-4.712066
-0.630758
-0.722797
-1.305917
-3.160145
-0.478304
-0.086039
-0.258592
-0.450807
-0.864768
-3.318410
-2.175353
-3.185533
-1.039219
-2.137928
-0.168532
-2.673943
-9.912263
-0.386359
-1.421867
-2.188316
-0.276545
-1.425054
-2.156489
-3.052236
-3.045649
-0.017983
-4.050398
-3.714922
-2.202531
-0.277401
-0.883317
-0.326190
-0.170323
-0.927553
-3.899148
-0.926381
-0.053709
-1.607361
-2.817673
-4.602999
-2.249742
-1.127509
-1.494382
-2.780903
-0.085349
-0.185790
-0.787808
-3.801436
-0.866191
-1.209400
-4.641854
-2.565228
-1.615259
-1.039779
-0.596534
-0.201671
-1.797081
-3.111824
-1.990013
-2.128635
-1.155143
-3.129319
-1.748172
-0.923272
-0.167724
-0.152245
-0.963503
-2.499055
-0.629077
