-1.152931
-2.788877
-0.076006
-3.717664
-0.333209
-0.557866
-0.225085
-1.318884
-1.777586
-0.762407
-0.254954
-5.160053
-2.292526
-0.453965
-0.965876
-0.896307
-3.092040
-0.374720
-0.116329
-4.463062
-0.399427
-1.101184
-0.149915
-0.781494
-1.299372
-0.609465
-2.425447
-0.301880
-1.890910
-3.349750
-0.699990
-0.636327
-1.194943
-1.026152
-1.817919
-2.334436
-1.217054
-1.084527
-0.521439
-2.962731
-0.158079
-1.934300
-3.136932
-0.695703
-0.568534
-0.036946
-0.677925
-0.100079
-0.608609
-0.710612
-0.265879
-0.298539
-1.722811
-1.693759
-0.091371
-0.816992
-0.437663
-0.935142
-1.046356
-0.463587
-1.480681
-1.687429
-0.143890
-1.801438
-1.345739
-1.171899
-0.693274
-2.815752
-1.626082
-1.138906
-2.644189
-0.836804
-0.306477
-0.188710
-0.800695
-0.609204
-0.454445
-2.080752
-0.731073
-1.579271
-0.622229
-3.744686
-3.196571
-1.294715
-1.485617
-3.188304
-1.102454
-0.671739
-1.117648
-0.277279
-0.661302
-0.935368
-1.270988
-1.257853
-0.334168
-0.880828
-0.267910
-0.204472
-0.968748
-0.081329
-0.095937
-0.033858
-0.201045
-0.115195
-2.680261
-1.685088
-0.947078
-2.178017
-1.501865
-1.441094
-0.046265
-0.120749
-0.683319
-1.342652
-1.619219
-0.323897
-0.745167
-1.926725
-0.095198
-0.018139
-1.928402
-1.609450
-0.534323
-0.631190
-0.372647
-0.071189
-1.427739
-0.073766
-0.234808
-2.812326
-0.430139
-0.519815
-3.418388
-1.444589
-1.651387
-1.247403
-2.012066
-0.428578
-2.280753
-1.731993
-0.270413
-0.592512
-0.843228
-0.883146
-0.435399
-0.907213
-1.624526
-1.143191
-0.911780
-0.207729
-2.084977
-0.081022
-3.047725
-0.437117
-0.009015
-2.578768
-1.526704
-0.404263
-1.284163
-1.015322
-0.424639
-3.894904
-2.904899
-2.144734
-1.218796
-0.564900
-0.674098
-3.286952
-0.175274
-0.759622
-3.435143
-2.996425
-3.909237
-0.511945
-0.594819
-0.198420
-3.231760
-0.344692
-0.209613
-0.335171
-0.004471
-0.010954
-0.211544
-0.248840
-0.946283
-0.393291
-2.411354
-1.886059
-0.156309
-0.027943
-1.688385
-0.695422
-3.256897
-1.499485
-3.184003
-0.638864
-0.510152
-0.061656
-0.035185
-0.248493
-0.773773
-1.909187
-3.442562
-1.558117
-0.840946
-0.658010
-1.247119
-1.230748
-0.420940
-0.395027
-0.344068
-0.670078
-0.487443
-2.445860
-0.549464
-1.980150
-0.025135
-0.834208
-0.309291
-1.297343
-1.074740
-4.800288
-0.326131
-0.004794
-0.092035
-0.716001
-3.051348
-0.418000
-0.453718
-3.222349
-0.061288
-0.001748
-3.136360
-0.232820
-0.111810
-0.966393
-1.487354
-0.892794
-0.129902
-0.816396
-1.160617
-0.172596
-2.372446
-3.197120
-1.490176
-1.932664
-0.658165
-1.757989
-1.068842
-1.440910
-1.201757
-2.688894
-0.099289
-0.162811
-1.744400
-1.811625
-1.286778
-2.258151
-0.555329
-0.070211
-0.051283
-1.332168
-1.219484
-1.194222
-0.240572
-0.573414
-0.083046
-0.876291
-2.138469
-0.598135
-0.379470
-0.156144
-0.637935
-0.655521
-2.845903
-1.144342
-0.283017
-0.513882
-2.191573
-0.452589
-0.275540
-0.648121
-0.947963
-0.276111
-0.822736
-0.282444
-1.558808
-0.139854
-2.923720
-1.181878
-0.650161
-1.019769
-0.803047
-0.234700
-1.732866
-1.269861
-3.217297
-2.571601
-2.319065
-3.161938
-0.047024
-0.047537
-2.015895
-0.331410
-0.483238
-0.605459
-0.185830
-0.943538
-0.040664
-1.248500
-0.952724
-1.024943
-0.598334
-0.553298
-0.066261
-0.277900
-0.680027
-1.715404
-0.691859
-1.246843
-1.326855
-0.702272
-1.321386
-1.607217
-0.189437
-0.370610
-0.046905
-0.197971
-0.448148
-1.420728
-0.199390
-1.596950
-0.284331
-1.659277
-0.381235
-0.900511
-1.287976
-1.350070
-1.927444
-0.662374
-0.752367
-2.195067
-1.629521
-0.218207
-0.551350
-0.038467
-0.659849
-0.087415
-2.301755
-1.055190
-1.921939
-3.496207
-4.146069
-0.758352
-0.941247
-2.869056
-0.569215
-1.863401
-0.690560
-0.136372
-0.279138
-3.492375
-1.304236
-0.828935
-0.156210
-0.640198
-0.367200
-0.392114
-1.918105
-1.130050
-0.181100
-0.632386
-0.805230
-2.841445
-1.544750
-1.195660
-2.057387
-0.724954
-0.942399
-1.471866
-0.464479
-0.614966
-1.383422
-0.268911
-1.754120
-0.465738
-3.839858
-0.359693
-1.244204
-0.140158
-0.160292
-0.491912
-0.037012
-2.604071
-0.233049
-0.026719
-0.209181
-0.090429
-0.187114
-2.175877
-2.309779
-0.462918
-2.058468
-0.520420
-1.005585
-1.673042
-1.811161
-0.605765
-1.252821
-2.221518
-0.960569
-1.154143
-1.754652
-0.174824
-1.078725
-0.070563
-0.664774
-0.804852
-1.849430
-0.600888
-1.562569
-0.116171
-0.670660
-0.777624
-2.169208
-0.401172
-0.621598
-0.045536
-0.982458
-2.218657
-0.234738
-0.741062
-0.721067
-1.018525
-0.346060
-0.649185
-1.699733
-0.798303
-1.791753
-0.500628
-0.107297
-1.408983
-0.743284
-1.365361
-0.899291
-1.051020
-0.936448
-0.955019
-0.672720
-0.122571
-0.047598
-6.411513
-3.089820
-0.208919
-0.415385
-4.811288
-0.889043
-2.661079
-2.577456
-1.974689
-0.117201
-0.118000
-0.330486
-0.566894
-3.264584
-1.285006
-0.201858
-0.196042
-1.714762
-1.523673
-1.145011
-1.209955
-0.354353
-0.348125
-2.507460
-1.407471
-2.025284
-1.666873
-0.965933
-0.907849
-0.180188
-0.690110
-0.280646
-0.249779
-0.588885
-1.819630
-0.914760
-0.165654
-1.135190
-0.916775
-0.551613
-0.523574
-1.153342
-1.054172
-1.660497
-1.092129
-0.764669
-0.622429
-2.377390
-0.932281
-1.657445
-1.163307
-0.533126
-1.843673
-2.356357
-0.581937
-2.845761
-0.187415
-1.348336
-1.095069
-2.756553
-0.633361
-0.913405
-3.964521
-1.100895
-0.604080
-2.100166
-1.655652
-0.705393
-1.737328
-1.954360
-1.989331
-0.244933
-2.110193
-0.293468
-0.573303
-0.911027
-0.985120
-0.643916
-0.558281
-1.278759
-1.314422
-2.179508
-0.877894
-0.872480
-0.774004
-2.708575
-1.684802
-1.203887
-3.533617
-1.887167
-3.802655
-2.518345
-0.362856
-1.528737
-2.545831
-1.541864
-1.153292
-0.365097
-1.293430
-0.155300
-0.971990
-1.526779
-1.564796
-0.910894
-1.369045
-1.957433
-0.276992
-1.232343
-0.205297
-1.252246
-1.295470
-0.734448
-1.635177
-0.105906
-0.940506
-0.941837
-0.050483
-2.657143
-0.641072
-1.504352
-0.719027
-0.582694
-0.122978
-3.946426
-0.202810
-0.685627
-1.532359
-0.890029
-0.762454
-1.440563
-0.390845
-1.277612
-0.384397
-0.343699
-2.017026
-0.932382
-1.035266
-3.313989
-0.814547
-0.669389
-0.049206
-0.049525
-0.295697
-1.881593
-4.288608
-0.649494
-0.434512
-0.580501
-1.726198
-0.438254
-0.370628
-1.504723
-0.727869
-0.695788
-0.005213
-1.772288
-0.382843
-0.042196
-1.927736
-0.103065
-2.709867
-0.119247
-0.292415
-0.215353
-1.283473
-0.990800
-1.136588
-0.343163
-0.125280
-0.827941
-0.117009
-1.268932
-0.630352
-0.237997
-0.057312
-1.032871
-1.061360
-0.454553
-0.123465
-2.031944
-1.411132
-0.533334
-1.612321
-0.049535
-1.715227
-0.337484
-0.073076
-0.431486
-1.147643
-0.109649
-2.316361
-2.029578
-1.098739
-1.016341
-0.387078
-0.804534
-0.678295
-0.828401
-0.041625
-3.339788
-0.203130
-0.483682
-0.812709
-1.095637
-1.363179
-0.058915
-0.613215
-1.734247
-1.675519
-0.550282
-4.084494
-3.584169
-0.999679
-1.897159
-1.994028
-1.800915
-0.964643
-0.231189
-0.166186
-0.342088
-1.578946
-0.677223
-1.714180
-0.746156
-1.347088
-0.934496
-1.781488
-0.338914
-0.897638
-0.039602
-2.252410
-2.750713
-0.128746
-0.213548
-1.537152
-0.246431
-0.172784
-1.657890
-0.831852
-1.123577
-0.169870
-0.113940
-0.331002
-0.363218
-1.932146
-1.046153
-2.783720
-1.271416
-0.527164
-2.061611
-2.688938
-1.975162
-0.573325
-0.723137
-0.508593
-0.110047
-0.093916
-0.167349
-1.368750
-2.246197
-0.653166
-2.702631
-1.743910
-0.404160
-0.720183
-0.028132
-1.673179
-0.971431
-2.622427
-0.108776
-2.602765
-0.198413
-0.308663
-1.263510
-0.384135
-0.909108
-1.217205
-0.332575
-1.333556
-0.786193
-1.805204
-2.110129
-2.140968
-1.264254
-1.792134
-0.210508
-0.951922
-1.251131
-0.636171
-0.248123
-1.403152
-2.903841
-0.858010
-1.289418
-1.364512
-0.525591
-0.355163
-2.102258
-0.453293
-0.690370
-1.042222
-0.135343
-1.173848
-2.126090
-1.912675
-0.463373
-0.710787
-1.026596
-0.144212
-1.201191
-3.808703
-0.234978
-1.321080
-1.894189
-1.710966
-1.752007
-0.040203
-0.309541
-0.413755
-0.122644
-1.885928
-3.210359
-3.073467
-2.048728
-1.611202
-0.738978
-1.989747
-1.196371
-5.633708
-4.162419
-0.381498
-1.253202
-0.202463
-0.052784
-1.003334
-0.696383
-0.133305
-0.310874
-0.369296
-1.705682
-0.161688
-0.680418
-1.198524
-1.513803
-0.391709
-0.846670
-0.391098
-0.154415
-1.430642
-1.310381
-2.364580
-2.575677
-1.347168
-4.627975
-1.922577
-0.025139
-0.942379
-1.040663
-0.858554
-2.303203
-2.184708
-0.386058
-2.349764
-1.037706
-0.165873
-0.129145
-1.801257
-3.250447
-0.025086
-1.001764
-0.681850
-3.052121
-0.658662
-1.076693
-0.210312
-0.899169
-2.021605
-0.792264
-0.372284
-1.406788
-1.097904
-1.232172
-0.017878
-1.636495
-0.783094
-0.638660
-0.455217
-0.359197
-0.170091
-0.031554
-0.496479
-4.724270
-0.451034
-0.317404
-0.516329
-1.139131
-3.660792
-0.436901
-1.563598
-0.940506
-2.704608
-0.075692
-1.040648
-0.736999
-0.776295
-0.156250
-0.682909
-0.377230
-0.393301
-1.277077
-0.914507
-2.291250
-1.401865
-0.786427
-2.123563
-2.793073
-0.043528
-0.007946
-0.270530
-0.676377
-2.359641
-0.315075
-0.195755
-0.439592
-1.488720
-0.081492
-1.808323
-0.414294
-1.347654
-2.600639
-0.424743
-0.264830
-1.220259
-0.216303
-2.110269
-0.343367
-1.349895
-0.177875
-0.615779
-0.205935
-0.506804
-0.202153
-1.340512
-1.082501
-0.145143
-0.064984
-0.075861
-0.890135
-0.513002
-0.530078
-1.974923
-0.355802
-0.522524
-3.384143
-4.079987
-1.743067
-0.805837
-0.490647
-1.502076
-1.297994
-2.482845
-0.752974
-1.313896
-0.275706
-3.480356
-0.656469
-0.810153
-0.205083
-3.614435
-0.734956
-0.295170
-0.637031
-0.633748
-0.848337
-0.058736
-0.302859
-0.199085
-0.840985
-0.888524
-1.063308
-0.192556
-0.645439
-1.213132
-0.454842
-0.833750
-2.398656
-0.573701
-0.498705
-0.947937
-0.483604
-0.206720
-0.865222
-0.241597
-0.043686
-0.435247
-0.147386
-2.603024
-1.445165
-0.329638
-3.127368
-3.462296
-2.256218
-1.281789
-0.777325
-0.812977
-0.266726
-0.481688
-1.560808
-0.168823
-0.482571
-0.112718
-0.610095
-0.043748
-0.850576
-1.852859
-1.379017
-0.264508
-1.920194
-3.431871
-1.095363
-0.522932
-0.182109
-1.626217
-0.894133
-0.885072
-0.076487
-0.225147
-0.438129
-0.425994
-0.190054
-0.591508
-0.805820
-0.368423
-0.150486
-1.872896
-0.611283
-0.628943
-0.357778
-0.367553
-0.836789
-1.127509
-3.515757
-0.101964
-0.676485
-1.543468
-0.695092
-0.986901
-1.976219
-1.383110
-0.974320
-0.598629
-2.081738
-0.329473
-0.902498
-0.514814
-4.245710
-1.220529
-1.854236
-1.787518
-0.044388
-0.113882
-3.538217
-1.233177
-1.875056
-1.037894
-0.909973
-2.581436
-2.065933
-0.981686
-0.408143
-1.002649
-0.421972
-2.551688
-1.215324
-0.952210
-1.902431
-0.883506
-1.596043
-0.359160
-0.689286
-0.548968
-2.356112
-0.696637
-1.341919
-2.425509
-1.222121
-2.749930
-0.917358
-2.149446
-1.586996
-1.096932
-1.670038
-1.344184
-0.508764
-2.403006
-0.036078
-0.312392
-4.093313
-0.079791
-2.226904
-1.176521
-0.343922
-2.123828
-1.783642
-1.146834
-1.088556
-0.642768
-1.027761
-1.338092
-0.559987
-0.430127
-1.231493
-0.683855
-1.231028
-1.219195
-1.888083
-0.128405
-1.807959
-0.136788
-0.207580
-3.192948
-1.633757
-0.573370
-0.564403
-0.087231
-0.493959
-1.943878
-1.896920
-0.987281
-1.672767
-1.473653
-1.661855
-0.960782
-0.097821
-0.677730
-0.463361
-1.122481
-1.069549
-0.082855
-5.873861
-0.813794
-0.139442
-0.367606
-0.766174
-0.225616
-3.717295
-0.399370
-3.818550
-0.761469
-0.213735
-0.150165
-1.510480
-1.180883
-3.144521
-0.430410
-0.260556
-1.037055
-2.198892
-0.699173
-0.172974
-1.130979
-0.462407
-0.015944
-0.153900
-4.280752
-0.035288
-0.823904
-0.023958
-0.583862
-0.403911
-2.033580
-0.380334
-0.428734
-0.031128
-0.643013
-1.275416
-3.070923
-0.678429
-0.558867
-2.336010
-0.588581
-1.780830
-0.646927
-0.453139
-1.112610
-0.021302
-0.423565
-1.941528
-2.809379
-0.744367
-0.602845
-1.436603
-0.514596
-0.870046
-0.739078
-0.301081
-0.894773
-0.977379
-1.250932
-0.286774
-0.582649
-1.575551
-0.615945
-0.363711
-0.826206
-3.144649
-3.590630
-0.594371
-0.290064
-0.025866
-1.628783
-1.003331
-3.164953
-0.633627
-0.145870
-0.022770
-0.126607
-2.281272
-1.025038
-0.483118
-2.603412
-1.557396
-0.541513
-0.060690
-0.955417
-1.331270
-0.023864
-0.157761
-0.772563
-1.936506
-0.033913
-1.929653
-0.218324
-2.361609
-2.192680
-0.007919
-4.235512
-0.636776
-0.929240
-0.593777
-0.455060
-0.815494
-1.359591
-0.012876
-2.903312
-0.884996
-1.457171
-1.826508
-0.451145
-0.754108
-0.734973
-1.892790
-2.467850
-1.245424
-0.617868
-0.027941
-1.180090
-1.382831
-0.070507
-2.010353
-0.256377
-2.762450
-0.469646
-0.017532
-0.464518
-4.813011
-1.912009
-0.615313
-3.788051
-0.562372
-1.105584
-0.089903
-0.170902
-2.310241
-1.270895
-2.333352
-0.620449
-2.228764
-2.139456
-1.079908
-0.051836
-0.025159
-2.917540
-0.549716
-0.443906
-2.686664
-0.998733
-4.176264
-1.356930
-0.168322
-0.486232
-0.312708
-0.411355
-0.141872
-1.568415
-0.274490
-0.323717
-2.820489
-3.093351
-1.254903
-0.623472
-0.155582
-0.996457
-0.418955
-3.620073
-0.236990
-0.524839
-0.362072
-0.055576
-0.198348
-3.103272
-0.812518
-1.119660
-0.258961
-1.460170
-1.806657
-0.245815
-0.328157
-1.212157
-0.047899
-3.813354
-0.173324
-0.705928
-0.574640
-1.249874
-0.351994
-0.410089
-0.159326
-1.264604
-0.661234
-0.226839
-0.120289
-0.755320
-0.780319
-1.369262
-0.922187
-0.294543
-0.977102
-3.220029
-0.461575
-0.327790
-0.847913
-1.096934
-1.261574
-0.653046
-0.023159
-0.072239
-0.622118
-0.914838
-1.013455
-0.133718
-0.232310
-4.158084
-0.260619
-0.666158
-1.410520
-0.575718
-3.299012
-0.426012
-1.991308
-0.316721
-0.331228
-1.877479
-2.080867
-0.506252
-0.630065
-0.003490
-3.233471
-0.896301
-2.405918
-0.125340
-1.076274
-1.544468
-2.450735
-0.101849
-0.108984
-1.129820
-2.073420
-3.010894
-1.077735
-0.666294
-2.257215
-1.003900
-0.304703
-0.344397
-1.226277
-0.350168
-0.007126
-0.591820
-0.442802
-0.316441
-1.110735
-1.030987
-0.329618
-3.123603
-0.318399
-3.183011
-0.345418
-0.880093
-2.470964
-0.203260
-0.343629
-3.915843
-0.899177
-1.170338
-0.522130
-0.947202
-1.336546
-0.462704
-0.103302
-1.634091
-3.592175
-0.893110
-1.174713
-3.365321
-1.180252
-2.497661
-1.981360
-0.139978
-1.492262
-1.071369
-3.045752
-0.036726
-0.351108
-0.002210
-3.023697
-0.667836
-0.106678
-0.354551
-0.406563
-0.262129
-2.068867
-0.201481
-1.579316
-2.962804
-1.018358
-1.472543
-0.723300
-1.319065
-3.139472
-1.953419
-2.076790
-0.866558
-0.210727
-0.844648
-0.695544
-1.427670
-0.347018
-0.620058
-1.349924
-0.383404
-1.930350
-1.116323
-1.829241
-0.414945
-0.117230
-0.006605
-3.835146
-1.128200
-0.803956
-0.026663
-2.296307
-0.503985
-0.706274
-0.460715
-0.368946
-3.057354
-1.799642
-2.595905
-2.707020
-0.262072
-0.245318
-2.158326
-0.718024
-1.453254
-0.995150
-0.489727
-0.036260
-1.475889
-0.033749
-0.644666
-2.337278
-1.950516
-0.688921
-0.219964
-5.334348
-1.582070
-3.636078
-0.826919
-0.697034
-0.200329
-0.363267
-3.454067
-0.538777
-0.222913
-2.134444
-1.302315
-0.892198
-1.656505
-0.376000
-3.202104
-0.914436
-2.063507
-0.715449
-4.911924
-0.021507
-1.613126
-0.453524
-0.025341
-0.561230
-1.714678
-1.372858
-0.183782
-0.442370
-0.356261
-0.428172
-0.005912
-0.533375
-0.344080
-0.202154
-0.002884
-0.081750
-1.124407
-2.197354
-0.420203
-0.001383
-0.769833
-2.435567
-3.468692
-1.525909
-2.328116
-0.983342
-1.740330
-2.746324
-1.274608
-3.513538
-0.840528
-0.245214
-0.677745
-1.497795
-2.966266
-0.347015
-1.138114
-3.897959
-0.379229
-0.058784
-0.808619
-1.554253
-4.218763
-1.732448
-1.998813
-1.044304
-0.264578
-0.663211
-1.721694
-1.101800
-0.872139
-0.199198
-1.044861
-4.268293
-2.281422
-0.659934
-3.182571
-1.674251
-1.302386
-0.670295
-0.303655
-0.172836
-0.051308
-0.301114
-1.728135
-1.838317
-0.994569
-1.482309
-0.848338
-0.871031
-0.085949
-0.209607
-0.383693
-0.227280
-1.513882
-0.455546
-1.773341
-0.549981
-1.330630
-0.797059
-0.454036
-0.972308
-0.855486
-0.710091
-2.244313
-1.782434
-2.239717
-2.514650
-0.367721
-0.634434
-0.288601
-0.496327
-0.329577
-2.058556
-0.751513
-2.677539
-4.039968
-0.179806
-0.579879
-0.076350
-0.473084
-1.321088
-2.090247
-0.103276
-2.752679
-0.407216
-0.142350
-0.458393
-0.591218
-0.912639
-0.142369
-0.954306
-1.297794
-3.773628
-0.628078
-1.151955
-0.808797
-0.703514
-1.140482
-0.339366
-1.539410
-0.940469
-1.042948
-3.020166
-2.725458
-0.478418
-1.395128
-0.248944
-1.613901
-0.100552
-0.959089
-0.255596
-1.193750
-4.416715
-3.159276
-0.142194
-0.899561
-2.494154
-0.710220
-0.249862
-1.416974
-0.218363
-3.262801
-2.139089
-0.103085
-0.383051
-2.042056
-0.142095
-0.900987
-0.352709
-0.352287
-0.002142
-0.659305
-0.140308
-2.894920
-0.594711
-1.508489
-0.117132
-1.870011
-0.765304
-1.088511
-2.820748
-0.169524
-1.501101
-0.277144
-1.759508
-0.973579
-0.362267
-0.693423
-1.569928
-2.494705
-1.116713
-1.107054
-0.442150
-3.388811
-1.890095
-0.153345
-0.013429
-0.514137
-0.916259
-1.650835
-0.514815
-2.345025
-0.087023
-0.092196
-0.613207
-0.118884
-1.587611
-1.010784
-0.838230
-1.969020
-2.890110
-0.198534
-1.274059
-2.148463
-0.422415
-1.632663
-1.285055
-2.837456
-3.340361
-0.065568
-0.505026
-0.349165
-0.524648
-0.548994
-2.158220
-0.273373
-1.405818
-0.120433
-1.099406
-0.993153
-1.407551
-1.471001
-2.215987
-0.021286
-1.519124
-1.665036
-2.584448
-1.202624
-0.390031
-1.937241
-0.882753
-1.501009
-0.269617
-0.902254
-0.977849
-4.120845
-2.893425
-0.254220
-0.562747
-1.066124
-0.306202
-1.385406
-2.988215
-3.426507
-3.982809
-1.890220
-0.064961
-1.018446
-1.927796
-0.240736
-1.790213
-1.508314
-3.062034
-0.297677
-0.876658
-1.273829
-0.867496
-0.058520
-0.020011
-0.445352
-5.248105
-0.135972
-0.430298
-0.591278
-4.029454
-0.032946
-2.939649
-0.820469
-0.753738
-0.076109
-1.307747
-2.437492
-0.345413
-0.734561
-0.788106
-2.645785
-0.179295
-0.288774
-1.084833
-0.987078
-0.544760
-0.000993
-3.965202
-0.804174
-0.264192
-0.748670
-0.835794
-0.981615
-0.400468
-0.371972
-2.890738
-0.312558
-0.588092
-0.341395
-0.208362
-0.579858
-0.379638
-1.633886
-1.480333
-3.258978
-0.882770
-0.192000
-0.410304
-3.914010
-1.362873
-0.306471
-0.800331
-2.799423
-1.714667
-2.296974
-3.685293
-3.919170
-1.612757
-0.790929
-0.364073
-3.177511
-2.263446
-0.189013
-1.231469
-3.007068
-0.321599
-0.116448
-3.153256
-0.134731
-0.088889
-1.098819
-0.489017
-0.783750
-4.062467
-0.599339
-1.321429
-0.565724
-1.561974
-2.855898
-0.289573
-2.767511
-0.109280
-0.504653
-0.348545
-0.223682
-0.035027
-0.936897
-1.401565
-0.722688
-0.134487
-0.220425
-1.165315
-1.762098
-4.336280
-1.045841
-0.995437
-0.659051
-0.293196
-2.012069
-0.753493
-2.121473
-1.291323
-0.337662
-1.425543
-1.629344
-0.858822
-3.263953
-0.053693
-0.788785
-1.234764
-2.354886
-1.364146
-0.252276
-0.068366
-0.845188
-0.100619
-1.077147
-1.729569
-0.381822
-0.922851
-0.775935
-1.981606
-1.018863
-4.158711
-0.817198
-0.460299
-2.500872
-3.271614
-0.784254
-0.183934
-0.960428
-2.242125
-0.104759
-1.840986
-0.503789
-0.809116
-2.715331
-3.289132
-1.306762
-0.483208
-0.883043
-2.949496
-0.562424
-1.404042
-1.900773
-3.155990
-2.348104
-0.749838
-0.521863
-1.413457
-1.437931
-0.040002
-0.004650
-0.672886
-1.124985
-0.420313
-0.410838
-2.550777
-0.211541
-0.081068
-2.645102
-2.004676
-1.554349
-0.364402
-1.622009
-0.657950
-1.084380
-1.175303
-0.366345
-0.033475
-0.874157
-1.954814
-0.192708
-3.122166
-0.085980
-1.228318
-1.192088
-0.300613
-2.701136
-1.357965
-0.344796
-0.521144
-5.545326
-1.972698
-0.796507
-0.912363
-0.654600
-2.129255
-0.250350
-0.443730
-0.111203
-1.575224
-0.996266
-0.274456
-0.049340
-2.890947
-0.308535
-2.109421
-0.325162
-2.642074
-1.084025
-1.048019
-0.525858
-0.501014
-2.571752
-0.381220
-0.697695
-2.286993
-0.115704
-1.338616
-0.014223
-0.795559
-1.314099
-0.512178
-0.361309
-3.037218
-3.330677
-2.616624
-0.548701
-4.710141
-2.655319
-1.490762
-1.680575
-1.470555
-1.592404
-2.464396
-0.816561
-2.140082
-3.137694
-2.007845
-0.585789
-0.675162
-1.613516
-1.480458
-1.067830
-0.580749
-1.182635
-0.750628
-0.817064
-0.142869
-1.522350
-1.497555
-0.095369
-3.496572
-0.886432
-0.757227
-1.047037
-0.950258
-0.185455
-0.864412
-0.234871
-1.921637
-0.744215
-1.014706
-1.238004
-0.032350
-0.497268
-1.247546
-0.475950
-2.193012
-2.294020
-0.865390
-1.660677
-4.822340
-2.607238
-0.027438
-0.074720
-0.433604
-1.927658
-0.566833
-0.602034
-1.049578
-0.813251
-0.516976
-0.475702
-2.913514
-1.356520
-1.937118
-1.514406
-3.003312
-1.758054
-0.584225
-0.063436
-1.586995
-2.815192
-0.120118
-1.977669
-2.077123
-0.166948
-0.359668
-3.175758
-0.075694
-0.498189
-1.456490
-2.053306
-0.605148
-2.138613
-0.814119
-0.564971
-0.388880
-0.682681
-0.784109
-0.909370
-0.127270
-0.234032
-0.585192
-0.413099
-0.003604
-1.090199
-1.309516
-0.097114
-0.828491
-1.419865
-0.321160
-1.192437
-0.756339
-0.186623
-0.061586
-1.567949
-1.678322
-0.471872
-2.954887
-1.720241
-0.776141
-0.623417
-1.317099
-1.870643
-0.546546
-1.718910
-0.359708
-1.112923
-0.869033
-1.667908
-0.033594
-2.480960
-1.021759
-1.040640
-3.192343
-0.090008
-0.096638
-1.254774
-1.423061
-5.671493
-1.216111
-1.455197
-1.262581
-0.093609
-0.060470
-0.216196
-2.245081
-0.661397
-0.282132
-0.176377
-1.121459
-1.372660
-0.077250
-0.500678
-2.324968
-2.584449
-0.858693
-1.614365
-1.438704
-1.022087
-1.761649
-1.983069
-0.224842
-1.231914
-1.141785
-1.363504
-0.207816
-0.041292
-1.085918
-1.581047
-0.315113
-0.160058
-0.816563
-0.197659
-2.500707
-2.187000
-1.828025
-0.231949
-0.448771
-0.599939
-0.917133
-1.550974
-2.168827
-2.052344
-1.527629
-1.512270
-0.539164
-1.671561
-0.603860
-0.372835
-2.737894
-0.129872
-3.045753
-0.745802
-1.056691
-0.610372
-2.721599
-2.771090
-0.078128
-1.864687
-1.800303
-0.680898
-1.470071
-1.627392
-1.598738
-1.197783
-2.217707
-0.530177
-1.509972
-0.451888
-0.379765
-0.178816
-1.679819
-1.480530
-0.308121
-0.831853
-1.715962
-0.233314
-0.070738
-2.389025
-0.838493
-1.307766
-0.046434
-0.410144
-0.417353
-0.950651
-3.601464
-0.741395
-1.272543
-3.078563
-0.322505
-0.485986
-0.951425
-1.271588
-0.151533
-1.593802
-0.539226
-2.335415
-1.377246
-0.252516
-0.860627
-0.511955
-1.096811
-0.603672
-1.508656
-1.869707
-0.410495
-0.381292
-0.291308
-2.251732
-1.927228
-0.882895
-1.275757
-0.889007
-0.862897
-0.848766
-0.989071
-0.140467
-0.301651
-1.087058
-0.262813
-3.044042
-0.115740
-1.752213
-0.049558
-0.688585
-0.767878
-2.648885
-2.641910
-0.039429
-1.891531
-1.901007
-0.689057
-2.320320
-1.244874
-0.200324
-1.925782
-0.965367
-0.358842
-1.367924
-0.449261
-1.425061
-0.623404
-0.123282
-1.000312
-0.095179
-0.356277
-0.142029
-1.553770
-2.991258
-0.939468
-0.151436
-1.479030
-0.645042
-0.273747
-0.092091
-0.330575
-1.692556
-0.209800
-1.244681
-2.504273
-0.209516
-0.670521
-0.376258
-1.080921
-0.782064
-3.523041
-2.460251
-0.214038
-0.955920
-1.200022
-0.229048
-1.371884
-2.286364
-0.606104
-0.911670
-0.597749
-0.456385
-1.277037
-0.062516
-1.161963
-2.552759
-0.664878
-0.697901
-3.320950
-3.152568
-1.033496
-0.009336
-0.585822
-0.836328
-1.464457
-0.112968
-0.400814
-1.152919
-1.811472
-1.003756
-0.339843
-1.761061
-0.713469
-1.541413
-1.058750
-2.230008
-0.384371
-1.064232
-0.157215
-0.713222
-0.297433
-2.155315
-1.208399
-0.281014
-0.486480
-0.975573
-0.627438
-0.869394
-1.012410
-0.754934
-1.100040
-2.274078
-0.745982
-0.121312
-0.213869
-3.700707
-1.117488
-0.516955
-0.906812
-1.608593
-0.051306
-1.276401
-1.978063
-2.422545
-0.085650
-0.198667
-0.037926
-3.224018
-1.555477
-0.651078
-0.540317
-0.107818
-0.473718
-0.271178
-2.091745
-0.809362
-0.219173
-0.128139
-0.263792
-2.634324
-1.257948
-0.752705
-0.384369
-0.854763
-0.662789
-2.010526
-0.417982
-1.831560
-1.163102
-2.800094
-1.121697
-1.699075
-1.412771
-0.797397
-0.425081
-2.628826
-2.483830
-0.064163
-0.882548
-1.105150
-0.934578
-0.909611
-1.748747
-1.258431
-0.759715
-0.240216
-0.077883
-0.198268
-0.748713
-0.042194
-1.817600
-0.349288
-1.828211
-0.750685
-0.232872
-3.523094
-1.240412
-3.734933
-0.930172
-0.119278
-1.459949
-1.114576
-0.679608
-1.951480
-0.675013
-1.869502
-0.214653
-0.519069
-1.928568
-0.147802
-0.104458
-1.854504
-3.133126
-0.847153
-0.470689
-1.239945
-0.499407
-2.356834
-0.946389
-0.145429
-1.707041
-0.404517
-0.443572
-2.865625
-0.437913
-0.256351
-4.694805
-1.102835
-0.732907
-3.139625
-1.037892
-0.263794
-0.351200
-1.375613
-1.611130
-0.115880
-0.419552
-0.955847
-1.689261
-2.672164
-0.918293
-1.843042
-1.267830
-0.996301
-0.816318
-1.428128
-0.892927
-2.567588
-0.728834
-1.187603
-0.141073
-2.484986
-1.163802
-0.033591
-1.780848
-1.379424
-1.304947
-1.725016
-2.340051
-3.397747
-0.295866
-0.473890
-0.093773
-1.046966
-1.895906
-2.719226
-1.919046
-0.119019
-1.473595
-0.302161
-0.409809
-0.889212
-0.904088
-1.554009
-0.814031
-4.319394
-0.380285
-0.077653
-0.914878
-2.242548
-3.455681
-0.484954
-0.416289
-1.679297
-0.826977
-0.768952
-1.401494
-0.701653
-2.149778
-0.422905
-0.405685
-2.890798
-0.055791
-2.486029
-0.718547
-0.137882
-0.630648
-0.388195
-0.093111
-0.736044
-2.325439
-0.770391
-0.078764
-1.339944
-0.012960
-1.626992
-0.817756
-0.410428
-0.834114
-1.063725
-1.310706
-1.043591
-0.746286
-1.846983
-3.570322
-0.425886
-1.167688
-0.151779
-1.869643
-2.288850
-3.053368
-4.209271
-0.122327
-0.851841
-0.258657
-1.572094
-0.191103
-1.413786
-0.927027
-2.030370
-0.129500
-0.769051
-0.070150
-0.718334
-0.446716
-0.002469
-3.902224
-1.556911
-0.007968
-2.428829
-0.250566
-0.866420
-2.978131
-0.776217
-0.851211
-0.335108
-1.026433
-1.142921
-0.851035
-0.135414
-0.360230
-0.332540
-0.046977
-0.516305
-0.387780
-0.602701
-0.994817
-1.255671
-2.673761
-2.416965
-2.619959
-0.380367
-0.106799
-2.047976
-0.033359
-0.750107
-0.046889
-0.656063
-0.031782
-0.290125
-1.292177
-0.245428
-0.044320
-1.039359
-0.308692
-4.004067
-0.081180
-2.547665
-0.188594
-2.734686
-2.126405
-0.130210
-1.150760
-1.011360
-0.441411
-1.333962
-1.351049
-0.070289
-0.210123
-3.360470
-0.295504
-1.908051
-2.898267
-1.152772
-1.874919
-3.227840
-0.221158
-0.109644
-0.162608
-0.036973
-0.325073
-1.149827
-0.027483
-0.790414
-1.221950
-0.712429
-1.633855
-3.154022
-0.586736
-2.450506
-1.709196
-2.752341
-1.276664
-2.101888
-1.448336
-0.995986
-0.853483
-0.555564
-4.589002
-3.120141
-0.015442
-2.847808
-2.207780
-0.563437
-0.718592
-1.786566
-1.116840
-3.001840
-0.199587
-1.004859
-0.394542
-0.039548
-4.140061
-1.840787
-3.502654
-1.774533
-3.612312
-0.100511
-1.344649
-1.835434
-1.903097
-0.079162
-0.166278
-1.123673
-0.092488
-0.636732
-0.159502
-1.557558
-0.378203
-1.359411
-0.844327
-1.828813
-4.716202
-1.248056
-0.743224
-0.382958
-0.056918
-0.870859
-2.588877
-0.105994
-1.088352
-1.464931
-0.803740
-3.342082
-1.363024
-1.296248
-0.089505
-0.368190
-3.379268
-1.001740
-1.952653
-0.704028
-0.492858
-0.215025
-1.814014
-0.672892
-1.705105
-1.216666
-0.290396
-0.514527
-1.370569
-1.776586
-2.540663
-0.076680
-0.406945
-3.085501
-1.987125
-0.056105
-0.483935
-2.076818
-0.573078
-2.726181
-1.093355
-3.787090
-0.716652
-1.185483
-0.114844
-0.158595
-3.286592
-0.535801
-0.676214
-0.735807
-0.058298
-0.158808
-0.856695
-1.844811
-0.994928
-0.521189
-3.927105
-2.700460
-0.510189
-0.054327
-0.010669
-1.057711
-0.587952
-2.743214
-0.602512
-0.944496
-2.863554
-3.121640
-1.308362
-0.172994
-3.692596
-0.381636
-4.632789
-2.352851
-0.727269
-1.698155
-1.759314
-0.456823
-4.998427
-0.662321
-0.740905
-1.983297
-0.645065
-3.199731
-1.959933
-0.697651
-1.637157
-0.753810
-2.827778
-1.660571
-1.055513
-0.841974
-1.170601
-0.494125
-1.309590
-0.213009
-0.593978
-2.882329
-0.888396
-0.433122
-0.229276
-0.847890
-0.661230
-0.656145
-0.544058
-2.214117
-0.613408
-0.032068
-1.876319
-1.128249
-0.879035
-0.340780
-2.470597
-2.692557
-0.948583
-1.993062
-0.840126
-0.366152
-0.337543
-0.304059
-0.264918
-0.094348
-1.145471
-0.835312
-0.114240
-1.128387
-1.420975
-0.722355
-0.044638
-1.357719
-1.005184
-0.509372
-0.477173
-2.037269
-2.853669
-4.889702
-0.499978
-0.977340
-0.551375
-0.047227
-2.360076
-1.304751
-2.797246
-1.971667
-0.253424
-1.056152
-2.470958
-0.415303
-4.120278
-0.166558
-2.236007
-0.786034
-0.529945
-0.909437
-0.432199
-1.319876
-1.881911
-3.950150
-0.810314
-1.600321
-1.985481
-0.352127
-0.286881
-0.579831
-2.260778
-0.181919
-0.783056
-2.957574
-0.029842
-1.478498
-0.418114
-0.773875
-0.598989
-1.672087
-0.706435
-1.096906
-0.205504
-1.951523
-0.222984
-0.798290
-0.389127
-0.914868
-0.073253
-0.502808
-0.907108
-3.121333
-0.102660
-0.879354
-0.151150
-0.265985
-1.143938
-0.879068
-1.347361
-1.550427
-0.386397
-0.983242
-0.014367
-2.454641
-0.465913
-0.593563
-0.494780
-3.445874
-0.340293
-0.842707
-0.663887
-0.279364
-0.568151
-0.544789
-0.100341
-2.090682
-0.803293
-1.709362
-0.490621
-1.585590
-0.006555
-1.970633
-3.050417
-0.533927
-1.136855
-3.326555
-0.499593
-4.665942
-2.602234
-1.709788
-0.119283
-0.010191
-0.648874
-2.206462
-1.379417
-0.209580
-0.131668
-2.634934
-0.778352
-0.985551
-0.891090
-0.615951
-1.822295
-0.644714
-2.513057
-1.295281
-0.014169
-0.366493
-1.065852
-0.197736
-0.538602
-1.432543
-0.045898
-0.762275
-0.927953
-1.065975
-0.948217
-0.554467
-0.969535
-0.484722
-0.931886
-3.564255
-0.374783
-0.484200
-2.134395
-1.163082
-0.659578
-1.763161
-0.020197
-0.203247
-1.154594
-0.081585
-1.132380
-0.792289
-2.784171
-2.110462
-3.647342
-0.355490
-0.060640
-1.053329
-1.143464
-1.545363
-0.086513
-2.985436
-3.632276
-1.659622
-0.915027
-0.273639
-0.372931
-0.031418
-0.245208
-0.041637
-0.786659
-1.232525
-0.482918
-0.243181
-1.092367
-0.380693
-2.271697
-1.620874
-0.019946
-0.300792
-1.045536
-1.791488
-0.160468
-0.350724
-0.080523
-1.584713
-1.124610
-1.714714
-0.243436
-1.104877
-0.101150
-0.780148
-1.501470
-0.946452
-2.293825
-1.672104
-0.182104
-0.818350
-1.487598
