-0.610332
-0.513855
-0.615482
-1.634752
-1.169724
-3.000056
-0.247704
-1.215349
-1.010407
-0.214143
-0.074845
-0.261048
-0.844961
-2.049697
-0.428977
-0.589103
-2.806423
-0.244294
-3.750270
-1.296356
-0.946718
-0.843615
-0.411155
-1.107056
-0.315240
-1.507104
-0.026108
-2.890406
-1.439508
-1.724528
-1.299775
-1.121462
-0.000082
-3.447359
-0.049612
-0.524055
-0.206091
-0.264127
-0.986401
-2.058282
-0.927586
-0.150419
-0.847590
-0.888417
-0.156595
-0.682242
-3.782972
-2.187803
-1.203620
-0.337752
-0.165523
-0.550383
-2.720190
-0.561183
-0.989901
-0.215025
-0.618839
-1.135260
-4.371104
-0.042791
-2.668056
-0.851492
-0.176958
-0.498056
-3.295785
-0.371321
-1.016244
-0.221876
-5.091085
-0.582470
-1.016439
-0.406872
-2.273583
-1.018915
-1.033110
-0.704786
-0.080660
-1.176266
-2.707002
-0.679108
-0.296234
-0.938706
-1.132499
-0.929626
-1.544648
-0.183354
-0.425336
-1.637446
-2.613920
-1.909142
-0.577522
-0.929993
-0.095229
-4.690896
-0.138157
-1.111172
-2.527821
-0.796819
-3.696470
-1.110664
-0.161057
-0.168259
-2.964632
-0.260527
-0.042525
-0.594457
-0.516742
-0.429929
-1.970628
-0.642768
-5.355475
-1.010437
-2.552528
-0.165978
-0.108526
-0.032573
-0.151782
-2.622883
-0.580386
-0.523057
-0.175039
-1.676991
-0.337449
-0.786898
-2.227593
-0.897267
-0.193556
-0.380352
-4.215418
-1.320544
-0.949656
-0.115842
-4.398487
-3.591904
-0.010894
-2.364603
-2.638543
-0.317841
-0.604222
-1.340496
-3.411408
-0.138986
-1.679643
-0.394446
-2.819515
-0.374793
-0.287373
-2.465321
-2.788670
-2.218904
-3.701001
-0.360078
-0.405289
-4.787722
-0.054571
-0.196428
-0.182039
-0.074950
-0.858136
-0.008757
-3.158324
-0.859391
-1.166340
-1.319378
-1.688595
-1.099321
-0.393984
-0.312152
-1.189651
-1.342533
-3.744744
-0.006885
-1.415002
-1.375173
-1.779146
-1.662556
-0.975128
-1.265479
-0.700205
-1.730478
-1.402920
-1.887784
-1.630536
-0.192956
-3.290392
-0.038602
-0.170345
-1.542326
-0.583077
-2.234941
-1.407062
-1.727716
-0.954990
-6.200548
-1.686565
-3.077233
-1.568428
-0.330933
-0.371355
-0.480762
-1.713713
-0.250498
-0.298368
-2.571011
-0.855393
-0.003361
-0.270648
-2.093953
-0.556356
-0.721111
-1.286182
-0.330451
-2.578676
-0.319986
-1.623972
-0.241459
-4.102311
-2.707080
-1.053671
-0.772548
-0.831095
-2.695715
-0.785478
-0.510234
-0.870395
-1.321916
-0.742356
-2.408199
-2.134711
-1.717510
-3.537751
-0.024527
-2.051227
-0.047860
-4.315243
-1.843448
-0.451852
-0.561048
-0.507006
-3.472696
-3.156422
-1.012350
-0.326811
-1.155013
-3.291327
-1.603846
-1.094399
-2.980390
-0.162442
-0.673978
-1.077438
-0.885883
-0.768261
-0.936275
-1.339220
-0.444035
-1.484798
-0.725204
-2.549508
-1.056936
-0.273466
-0.943213
-0.057633
-3.187707
-2.750842
-0.847156
-0.561538
-0.437494
-3.952280
-1.056747
-2.809075
-1.395164
-2.728567
-2.073243
-1.561769
-0.847425
-0.273135
-0.416061
-0.127606
-0.787756
-0.882623
-0.286561
-0.130842
-0.047910
-0.601655
-0.117837
-2.289661
-0.115127
-1.414899
-1.725919
-0.098981
-0.483658
-0.021892
-1.438184
-0.831241
-0.052084
-0.991433
-1.279696
-0.422738
-0.298871
-0.330822
-0.289714
-1.190066
-2.062771
-1.182611
-0.160342
-0.754987
-2.867074
-2.812681
-0.959817
-0.832501
-1.938646
-0.756513
-0.564781
-1.231801
-3.153821
-1.594812
-1.131605
-3.059445
-0.167399
-0.592905
-3.342491
-0.914427
-2.089818
-3.187617
-1.381286
-0.867603
-0.625930
-1.869935
-0.955545
-2.955177
-1.377856
-0.969579
-0.038918
-1.207006
-0.216163
-4.264987
-0.416102
-2.117589
-0.060652
-0.460377
-2.866873
-0.155792
-0.345720
-1.046403
-2.987505
-0.106840
-0.481792
-0.288942
-4.151232
-0.952492
-1.935403
-1.550344
-3.483418
-1.743943
-0.552044
-0.969208
-0.329160
-0.099756
-0.847073
-0.038889
-0.761759
-0.128587
-2.341890
-1.499442
-1.425803
-0.171246
-1.470071
-0.319558
-0.006805
-0.836296
-1.154114
-0.268545
-0.731009
-0.951265
-0.370748
-1.108839
-2.047505
-1.849989
-0.457473
-0.415875
-0.330667
-1.404410
-1.316115
-1.181517
-0.525948
-1.359477
-4.015798
-0.150767
-0.168727
-0.067377
-1.823088
-1.929310
-0.889490
-1.758835
-1.039083
-0.677264
-0.464253
-0.398145
-1.367929
-0.340347
-0.204681
-0.213546
-0.027934
-0.349059
-0.905781
-1.546610
-1.408046
-0.678456
-0.140094
-0.311017
-0.358801
-0.558003
-1.221737
-0.418428
-0.691409
-2.338282
-1.062028
-2.067303
-1.920955
-0.927797
-0.327365
-2.436810
-2.666733
-0.044892
-0.170494
-1.642166
-0.039646
-1.176903
-2.435621
-0.180315
-3.975287
-0.230072
-0.415960
-0.003670
-0.186484
-0.396051
-0.055604
-1.404369
-0.385744
-1.853893
-2.160194
-0.206075
-0.176425
-0.488882
-1.146501
-0.215618
-0.748509
-2.456200
-1.305473
-0.993340
-1.327547
-2.220614
-1.513011
-2.106669
-0.016533
-1.984602
-1.519737
-2.351092
-0.247841
-0.043890
-6.678345
-1.144990
-3.710783
-2.547808
-1.523937
-0.734134
-0.236784
-1.681222
-0.461019
-0.317895
-1.663150
-1.610495
-1.274216
-0.064699
-2.190010
-1.351011
-0.916294
-1.178655
-0.241822
-0.380968
-3.855800
-1.728034
-0.951896
-1.157312
-2.271992
-1.915962
-0.086757
-0.469612
-2.063013
-0.719212
-0.294871
-2.096426
-0.647033
-0.835398
-2.329602
-2.961875
-0.279765
-0.066980
-0.727779
-0.275834
-0.381862
-0.541215
-1.325217
-1.890439
-1.704981
-1.621177
-1.801247
-1.638116
-3.528811
-0.054805
-0.823572
-1.333446
-4.465304
-0.244746
-0.787500
-2.111211
-1.216971
-0.143055
-1.084177
-1.268353
-1.624038
-0.227491
-1.828229
-0.673049
-0.257267
-3.829437
-0.023383
-0.103713
-1.202998
-0.765905
-0.260416
-1.763899
-1.115607
-0.159937
-1.088342
-2.713045
-0.203533
-0.994269
-0.435775
-2.347564
-0.956778
-0.908029
-0.673748
-0.815425
-2.688638
-1.636679
-2.335687
-0.769368
-0.329677
-3.433461
-1.470501
-0.048578
-0.620642
-0.856740
-0.257949
-0.433493
-0.440218
-0.189360
-2.533542
-2.956582
-1.466770
-0.171968
-0.104407
-3.192130
-0.245883
-0.485828
-1.153125
-0.834233
-1.480110
-1.526497
-0.333368
-0.893852
-0.823846
-0.121336
-0.107323
-2.374063
-0.489361
-0.060052
-0.488935
-1.981634
-0.031819
-1.015538
-1.854786
-0.829809
-1.069682
-0.379150
-1.702395
-0.186254
-0.180125
-1.573421
-0.870881
-0.864735
-0.760808
-2.436463
-0.259495
-0.578658
-0.504878
-1.357221
-0.440694
-1.604069
-0.074930
-1.647267
-1.398976
-0.572292
-1.537529
-0.583010
-0.012373
-0.038424
-3.232669
-2.127210
-1.596642
-1.598489
-0.386356
-0.585926
-0.206026
-0.860006
-0.730418
-0.672232
-2.801047
-0.024805
-0.015685
-0.569703
-1.504335
-1.051085
-0.699315
-0.803240
-3.101830
-1.256590
-2.518611
-2.341737
-2.038827
-0.820220
-3.565708
-1.675901
-0.027595
-2.639074
-2.463279
-0.265558
-1.068557
-0.807530
-0.765529
-0.189189
-0.156612
-1.413307
-1.035592
-0.945920
-0.107706
-1.942031
-0.766120
-0.549476
-1.779977
-2.688525
-1.011956
-1.038160
-4.880549
-0.007661
-2.178044
-0.246718
-0.083759
-1.357778
-1.657026
-2.903709
-0.736118
-2.502007
-1.430997
-1.131468
-1.402887
-0.160464
-0.979681
-1.872794
-0.002910
-1.714390
-1.099804
-2.813822
-1.700556
-2.927229
-0.226704
-0.446546
-1.043354
-0.303548
-0.899878
-5.189680
-1.517777
-1.203197
-0.992605
-1.531672
-0.338152
-0.181131
-0.503538
-0.569020
-1.063848
-0.184294
-2.346069
-1.852066
-1.541545
-0.145646
-0.326052
-0.204626
-1.276467
-4.287231
-0.812101
-2.710538
-0.304612
-0.172900
-0.045003
-0.645697
-1.327406
-4.873418
-1.233205
-2.741143
-2.105542
-0.271992
-1.104617
-1.497292
-3.372825
-0.196671
-0.968353
-0.056726
-1.762114
-1.054287
-0.092840
-2.173397
-1.719080
-1.327053
-0.395166
-0.273761
-2.276320
-0.495539
-2.098273
-1.573445
-0.260261
-1.578183
-0.508331
-1.421326
-0.703312
-0.106131
-1.636310
-4.032735
-1.902170
-0.342092
-0.654951
-0.825566
-0.215215
-0.181217
-3.097343
-1.223719
-2.326549
-1.361388
-2.701481
-0.009081
-1.573349
-1.260729
-2.640174
-0.266529
-2.431354
-1.891509
-0.597306
-0.657010
-1.684804
-0.490991
-0.201371
-0.176278
-0.817113
-2.229098
-0.572899
-0.526405
-0.897853
-0.660595
-3.701411
-1.785824
-1.183729
-1.755452
-3.649752
-4.252275
-2.182120
-0.205373
-2.436774
-1.826401
-0.844750
-1.624843
-3.164629
-2.072950
-0.674428
-2.682628
-0.527583
-1.251862
-0.339936
-0.246230
-1.578862
-0.425476
-0.406319
-2.902761
-0.040961
-1.877174
-3.324830
-1.845787
-4.470833
-0.175369
-0.295745
-0.798746
-2.297896
-0.816950
-0.570031
-0.881013
-3.404841
-0.203157
-0.392524
-0.916180
-0.401803
-1.162330
-1.669573
-1.781077
-1.893636
-3.638723
-0.321727
-1.299989
-2.461131
-0.293232
-0.474815
-0.276201
-0.663636
-0.630888
-0.043078
-0.542276
-1.984559
-1.273173
-0.970576
-0.756078
-0.901760
-1.091115
-0.095593
-1.654040
-0.885070
-0.083336
-0.052511
-2.323244
-0.054686
-0.381544
-0.311902
-0.629642
-0.265670
-0.558223
-3.301841
-0.092309
-1.068929
-3.892195
-1.453350
-0.035456
-0.090560
-1.981985
-0.019854
-0.876873
-2.276913
-2.314453
-1.114263
-0.122427
-0.342629
-0.133458
-0.489840
-0.504107
-0.735163
-0.679780
-0.671166
-0.002287
-0.363853
-0.186648
-2.582132
-1.927643
-0.551748
-0.998391
-0.356595
-0.572832
-0.509157
-0.965282
-0.714191
-1.204901
-0.849611
-0.000106
-3.890385
-0.938817
-0.439147
-0.571392
-0.862775
-2.262610
-0.367956
-0.037843
-0.711883
-0.307295
-0.624645
-0.061696
-0.620854
-1.221648
-0.131724
-1.199004
-2.740091
-2.279506
-0.834240
-0.491581
-0.003056
-2.387278
-0.768545
-0.703281
-1.027528
-0.526060
-0.764041
-0.759057
-0.727851
-3.323359
-0.030705
-0.245151
-0.399476
-0.749250
-1.402499
-1.790906
-0.198421
-1.417397
-0.128218
-0.911848
-0.112291
-2.344009
-1.365716
-3.446331
-0.507666
-0.070010
-2.420870
-3.208721
-0.768757
-0.866607
-1.909443
-0.363913
-2.315147
-0.535940
-3.346575
-0.281102
-1.077526
-0.781575
-0.151657
-1.260131
-0.140241
-1.820489
-1.051949
-2.690687
-0.554324
-0.754803
-0.485402
-1.210914
-0.798049
-2.555301
-2.038078
-3.612740
-1.460394
-2.109451
-1.142753
-1.867914
-0.253935
-0.022156
-0.369407
-3.553334
-0.977650
-0.573094
-3.387325
-0.060807
-1.892379
-3.996081
-0.185735
-0.161532
-1.162247
-0.103511
-1.523218
-2.532327
-1.081400
-1.568422
-1.032598
-1.986198
-1.572716
-0.737975
-1.095985
-2.395933
-2.754964
-1.824804
-0.145087
-0.492121
-1.463114
-0.472886
-0.002143
-0.565502
-0.832765
-3.147410
-0.002950
-0.872192
-0.172430
-0.305651
-0.431169
-0.627353
-0.403309
-0.147016
-0.155688
-0.313613
-0.773532
-1.211394
-1.247704
-0.223941
-3.765431
-2.236305
-0.460929
-3.092258
-0.022973
-3.760392
-0.189306
-1.111763
-1.721188
-0.578206
-0.618822
-2.775142
-0.040716
-0.556280
-1.077989
-2.505915
-0.958509
-0.400831
-0.010569
-2.929945
-3.203573
-0.127846
-0.265146
-1.004622
-1.751867
-0.587392
-1.782979
-0.149565
-2.336085
-0.197477
-2.088717
-2.297560
-0.311868
-0.299109
-0.489544
-1.025804
-1.163416
-0.930370
-2.024229
-1.084460
-1.667253
-0.202617
-0.143684
-0.276153
-5.749749
-0.226987
-1.348185
-0.265855
-0.462189
-0.381011
-1.347820
-0.037389
-0.353813
-0.111991
-1.439243
-3.141890
-2.602727
-0.554620
-1.808719
-0.120286
-0.388140
-2.059608
-3.136344
-4.620143
-2.248616
-4.047087
-1.141908
-3.333128
-1.865185
-2.323019
-0.756533
-2.897007
-0.505643
-1.008204
-1.883859
-0.505194
-1.364159
-1.751718
-0.484708
-7.056773
-2.606487
-0.278742
-2.382928
-0.856025
-0.555985
-0.638866
-1.146646
-0.273011
-0.860402
-3.079665
-0.772827
-1.085949
-2.083732
-0.655196
-0.009010
-1.666890
-0.108312
-1.013736
-0.124506
-0.819546
-2.718914
-0.574941
-0.610968
-0.286330
-0.858424
-0.006748
-0.968726
-0.969324
-0.926452
-1.522694
-0.416826
-0.940290
-1.652098
-0.386210
-1.073669
-0.097821
-2.661157
-1.212213
-0.565086
-0.059406
-0.289620
-3.550157
-1.191308
-1.321018
-1.473105
-1.836769
-0.448142
-1.184616
-0.017040
-0.197755
-0.318103
-0.509683
-2.477898
-1.031955
-2.386954
-0.934021
-0.899520
-0.677573
-0.151321
-1.420109
-0.673121
-0.093998
-0.783446
-3.723749
-0.474203
-1.555889
-0.043041
-1.429494
-1.819927
-0.114754
-0.079985
-2.880812
-0.593869
-2.860235
-0.165237
-0.426587
-1.087418
-2.648892
-0.744604
-1.672929
-0.306979
-1.057844
-2.079969
-1.871610
-0.070077
-0.505138
-1.154381
-2.108946
-1.106545
-0.610934
-3.883676
-0.431023
-0.739192
-0.875528
-2.146048
-3.876698
-1.363861
-0.348664
-1.029613
-0.951746
-0.107432
-3.557659
-0.024284
-1.310625
-0.232317
-0.285453
-0.371033
-1.090478
-4.670955
-3.561827
-0.359529
-2.905950
-1.273819
-0.554790
-4.687771
-1.320818
-0.910347
-3.117154
-0.728048
-0.051254
-0.996526
-1.987239
-0.036678
-2.865871
-0.505361
-1.011635
-0.332640
-0.607171
-1.132686
-3.358221
-0.088939
-1.322588
-0.560491
-1.798953
-2.194038
-0.486992
-0.690031
-1.148895
-1.406821
-1.433945
-1.129471
-0.781237
-2.946287
-0.096090
-1.135253
-2.610958
-0.295736
-0.571317
-0.111565
-2.080465
-0.341065
-2.984644
-0.499235
-0.876345
-1.585244
-1.382371
-0.010890
-2.641405
-1.681729
-0.187740
-1.994817
-1.032012
-0.885245
-0.650359
-1.179223
-2.705219
-1.590176
-2.340233
-2.452302
-3.042635
-1.519439
-1.052187
-0.883068
-1.365796
-2.328538
-0.625746
-0.216262
-2.450384
-0.700507
-0.863512
-0.969200
-0.188201
-1.245732
-1.013559
-0.766442
-3.022607
-0.352623
-1.015673
-1.517632
-2.653091
-1.578812
-0.797299
-0.816781
-1.891850
-0.280790
-1.254912
-3.289286
-1.031442
-0.500200
-0.919482
-0.119612
-1.152775
-1.148195
-4.304566
-1.319132
-2.275555
-2.653094
-3.308325
-2.158451
-1.337370
-0.938204
-0.510761
-0.353178
-0.426090
-0.218479
-0.449266
-0.710733
-0.675497
-0.358110
-0.118180
-2.124053
-0.778529
-2.070914
-0.143058
-0.088652
-0.049048
-3.041026
-1.732758
-0.557294
-4.947626
-0.425175
-0.486119
-1.733962
-2.252502
-2.343551
-0.779173
-0.742823
-3.308995
-0.801418
-2.921043
-0.519431
-1.282064
-1.004552
-0.637352
-0.163086
-3.552872
-1.396193
-0.021290
-0.916970
-2.060342
-3.985874
-0.087153
-0.293490
-1.611013
-0.028155
-2.118927
-0.686827
-1.488902
-0.200709
-0.937066
-1.190168
-0.514914
-2.315247
-1.762043
-2.652604
-1.265555
-1.112611
-0.800409
-0.830197
-0.873899
-0.962704
-1.521391
-0.424176
-0.438770
-0.656019
-2.291257
-4.056337
-4.012018
-2.060422
-0.575044
-1.602816
-3.636749
-1.271836
-0.640892
-1.157911
-0.488042
-0.871965
-2.311910
-1.686268
-0.891829
-0.810633
-1.516600
-0.584577
-2.980160
-0.081713
-0.643063
-0.193574
-0.820263
-2.524312
-0.085037
-1.207754
-0.132586
-1.457826
-0.564629
-0.214147
-2.905201
-2.833315
-0.483106
-3.115102
-1.891281
-2.661035
-1.554230
-0.042463
-1.170371
-0.271399
-0.498312
-0.117977
-2.752407
-1.258424
-2.326813
-1.815312
-1.086048
-2.468646
-3.938445
-0.874618
-1.235668
-0.188889
-1.233749
-0.247044
-3.747086
-2.538285
-1.334640
-0.400772
-1.518237
-0.731148
-0.379514
-0.719052
-0.097058
-0.977334
-1.369382
-2.973971
-2.476375
-0.140443
-1.038985
-2.816765
-1.331817
-0.306669
-1.958648
-1.821775
-0.042725
-0.477237
-1.218683
-2.447082
-0.776247
-2.955693
-0.406429
-1.947138
-0.158100
-0.048860
-1.186313
-0.308150
-2.912330
-2.400979
-0.560064
-1.381905
-0.904498
-2.335029
-3.158546
-0.527711
-1.181100
-0.472874
-0.776477
-1.123358
-2.058882
-0.385621
-1.213978
-2.822054
-2.544766
-0.523058
-2.309215
-0.459179
-0.446946
-0.041708
-1.707250
-2.285107
-0.282193
-1.669743
-3.889077
-0.229634
-1.398484
-1.547526
-2.664728
-1.068242
-2.960567
-0.716831
-3.160935
-2.948733
-1.766467
-0.156089
-0.000191
-2.642687
-0.047835
-1.501157
-0.761728
-0.280072
-0.076779
-1.620585
-1.563357
-4.558499
-1.947757
-0.084952
-1.034700
-1.991315
-0.350839
-0.882254
-0.021740
-2.665276
-0.093539
-0.406180
-0.332294
-0.759998
-1.478400
-1.708160
-0.241965
-1.923433
-0.047192
-2.178358
-1.809321
-0.580065
-0.247598
-0.472289
-0.163472
-0.098104
-1.936516
-0.050008
-1.924973
-1.229570
-1.914691
-0.060870
-0.930025
-0.597194
-1.985923
-2.263559
-1.955221
-1.184560
-2.643797
-0.497383
-2.255302
-0.033487
-3.860629
-2.135159
-1.552153
-1.515095
-1.132419
-0.208675
-0.370980
-0.244793
-0.664961
-0.792455
-1.416099
-0.049057
-0.202226
-1.039255
-0.633110
-1.661352
-0.672842
-1.253848
-1.902911
-1.942544
-2.024262
-2.018915
-0.052721
-1.439751
-1.938236
-0.425339
-1.217609
-0.369256
-4.091947
-2.498491
-0.484056
-1.562673
-1.305631
-1.755618
-0.217295
-0.497516
-3.160590
-0.400244
-0.708902
-1.767829
-0.874250
-1.143856
-2.641206
-1.252981
-0.944861
-1.974495
-1.331682
-1.101524
-0.609601
-0.365611
-0.681544
-0.177960
-0.184430
-1.615476
-1.327353
-0.734300
-1.516296
-0.047797
-1.776041
-0.633517
-1.746450
-0.215446
-1.629940
-0.388546
-0.647308
-1.261442
-0.079396
-0.666788
-0.804809
-0.922501
-0.056241
-1.191229
-3.394754
-1.713930
-3.099171
-2.642856
-2.921202
-0.064407
-1.767297
-0.057050
-1.027459
-0.109527
-1.845451
-0.441934
-0.618148
-1.540623
-1.945160
-0.120487
-2.194694
-3.584520
-1.146063
-3.175453
-0.209558
-0.979432
-3.024985
-0.755026
-1.379632
-0.643655
-0.016835
-2.868275
-1.131978
-1.655129
-0.029471
-1.740373
-1.428367
-0.881660
-4.161760
-0.583631
-0.357382
-3.311718
-0.398790
-0.050656
-0.085208
-2.013204
-0.320117
-1.142465
-0.933604
-3.753906
-1.603205
-3.220654
-0.791701
-1.422762
-1.469499
-0.714590
-0.086873
-0.319618
-0.238899
-2.040693
-0.829445
-1.376739
-1.838850
-0.431464
-0.979405
-0.413522
-0.367944
-0.020334
-1.388521
-0.681790
-0.356602
-0.430004
-5.340654
-0.721710
-0.336169
-0.618905
-4.115588
-0.877112
-0.244374
-1.014852
-0.798792
-0.998550
-0.570241
-0.088930
-3.089783
-0.557241
-1.882828
-2.778139
-1.638394
-4.024338
-1.771754
-0.060892
-1.642492
-1.486555
-1.761252
-0.198233
-1.293435
-3.596543
-2.086625
-0.274608
-2.304842
-2.522578
-0.209485
-0.552740
-1.055920
-2.793187
-1.823547
-2.946402
-0.888714
-2.312163
-1.611815
-1.416051
-1.061894
-4.308445
-0.901273
-0.588718
-0.987826
-0.431562
-0.268077
-1.663522
-0.264054
-2.406909
-2.430410
-0.846299
-2.376037
-1.398062
-0.466557
-0.902069
-0.531570
-0.954557
-0.335433
-3.376253
-4.261924
-1.181710
-0.002149
-0.955281
-1.593800
-1.041461
-1.862396
-1.242288
-1.943703
-0.341151
-0.564088
-3.267450
-3.472511
-0.054207
-3.356329
-0.748669
-2.780739
-3.044279
-0.566430
-0.630259
-0.520852
-0.734132
-2.851437
-0.035391
-1.952993
-5.119723
-0.144006
-1.350680
-5.991745
-1.011696
-0.613363
-2.244754
-1.119672
-2.253474
-0.066572
-0.340074
-1.408556
-0.048026
-0.784401
-0.020081
-1.137334
-1.052780
-0.557361
-2.839062
-0.473830
-0.977135
-5.445431
-2.160249
-0.365563
-0.663414
-0.430151
-0.808632
-0.596952
-1.535462
-0.918472
-0.661065
-0.123129
-0.252339
-2.177199
-0.265952
-1.733191
-0.502411
-0.032414
-1.571492
-1.008001
-3.443197
-0.051225
-0.837785
-0.116625
-0.662174
-0.979000
-0.963056
-1.593018
-1.133112
-0.433907
-0.474287
-3.509411
-1.857732
-2.114681
-0.220920
-2.657872
-0.639638
-0.114676
-0.540986
-1.229670
-0.132602
-2.302576
-0.102365
-2.023903
-0.909940
-0.752893
-0.925354
-3.937171
-0.024225
-3.728173
-0.721349
-1.721823
-1.383624
-0.029845
-1.619938
-1.032764
-1.212653
-0.019472
-1.139638
-0.077169
-1.441593
-1.152336
-0.644985
-0.085597
-1.009766
-0.506530
-2.198393
-0.346295
-1.401332
-0.872043
-0.292843
-0.747805
-2.014056
-0.798391
-1.388729
-0.814316
-1.260604
-1.898207
-1.673737
-1.464779
-2.516730
-0.315496
-0.974174
-3.196748
-1.350406
-2.928103
-0.860849
-2.440587
-0.141636
-0.034903
-1.624094
-1.418345
-2.555717
-1.110527
-2.131922
-0.264362
-3.903457
-2.881447
-0.243547
-1.678139
-3.204479
-0.082799
-1.422258
-0.569875
-0.193219
-3.963035
-0.021693
-1.003341
-0.412263
-0.687776
-0.156639
-0.377135
-0.037510
-2.859777
-1.116153
-0.684309
-2.137586
-0.212390
-0.181797
-0.363081
-0.277670
-1.180409
-0.605674
-1.554851
-1.435898
-3.006103
-0.979157
-0.992906
-0.577252
-1.205754
-0.646553
-0.301786
-2.416201
-2.287617
-2.806030
-0.334656
-0.877063
-0.535179
-2.835186
-0.091170
-5.405442
-0.325176
-0.923433
-3.706253
-0.551413
-4.741379
-3.302590
-2.251132
-1.084600
-0.653913
-1.202322
-0.195461
-0.030254
-4.397301
-2.630657
-0.485728
-1.205779
-0.880184
-3.422117
-2.151610
-1.684449
-0.303734
-3.658618
-0.294391
-0.098145
-3.014599
-1.926757
-1.379945
-1.595022
-0.025517
-0.285522
-0.528074
-0.001717
-0.749572
-0.084611
-0.837530
-0.137856
-1.261929
-1.297074
-2.269856
-0.002643
-1.104791
-0.430153
-5.491683
-1.574531
-0.101242
-0.479039
-0.920461
-0.558789
-1.277344
-1.683802
-0.009046
-1.092889
-0.808255
-0.452860
-4.570931
-0.577518
-5.037569
-3.372655
-1.671290
-0.147568
-2.112433
-0.834166
-0.684801
-0.987542
-0.781048
-3.083148
-0.185370
-0.827385
-0.031892
-0.590083
-0.213398
-0.218395
-0.337091
-0.207085
-2.066573
-0.529968
-2.186512
-2.154254
-0.180465
-0.927765
-2.043223
-0.110933
-0.369381
-0.184145
-1.446743
-0.575869
-3.082660
-1.616866
-2.574181
-0.275944
-0.857712
-0.037892
-0.288769
-2.429414
-0.780153
-2.069771
-0.816648
-2.276376
-0.168202
-0.687391
-3.531491
-2.682945
-1.056740
-1.538219
-4.091725
-0.390767
-0.546555
-2.317539
-0.569115
-0.214267
-0.398585
-0.178001
-4.113737
-0.240930
-0.412373
-0.909146
-2.357095
-1.550570
-1.101648
-2.978166
-1.170029
-0.229101
-0.604428
-0.144632
-0.282318
-0.293748
-1.085148
-1.154489
-0.769098
-1.740981
-0.945733
-0.712861
-4.668473
-0.360855
-1.188127
-0.002567
-3.427500
-0.396244
-1.119378
-1.491140
-1.541827
-1.203619
-0.780580
-0.247907
-0.736546
-1.186064
-1.351598
-4.776375
-0.017108
-1.305934
-1.409675
-0.946066
-2.410144
-0.700751
-0.059656
-0.035846
-1.228256
-0.637030
-0.215208
-0.905173
-1.187630
-3.391787
-1.138010
-0.076511
-1.476865
-2.151136
-0.265810
-1.805373
-4.659008
-1.044169
-0.849427
-0.265394
-0.473761
-1.160037
-1.568108
-2.568072
-3.197864
-1.525717
-0.244122
-2.048199
-0.171134
-2.028765
-0.075849
-3.137980
-0.089044
-0.951095
-2.145754
-1.106875
-1.533116
-0.770897
-0.211087
-1.586745
-1.217383
-0.522266
-1.201352
-2.597430
-0.718507
-0.116992
-3.175261
-1.677486
-0.232418
-0.099590
-0.399278
-3.246319
-0.657556
-4.166247
-1.317425
-3.177733
-1.185533
-1.008224
-0.291858
-1.542830
-1.557359
-0.871064
-1.686742
-2.624051
-1.045257
-1.588282
-1.027922
-0.073288
-3.354824
-0.063142
-1.608705
-1.489800
-0.122912
-2.098506
-0.215991
-0.427840
-0.369664
-1.021995
-0.234528
-1.609958
-1.351016
-0.239480
-0.555603
-1.630008
-1.550602
-0.219557
-0.342197
-0.425729
-0.135965
-0.191727
-0.758328
-0.107101
-1.164681
-0.626943
-0.455672
-0.510556
-0.918684
-0.452062
-1.643557
-1.756456
-0.381524
-0.377270
-1.761515
-0.979579
-1.005729
-0.702451
-0.701306
-1.064756
-0.651155
-0.208568
-2.269158
-0.655149
-0.742534
-0.993074
-2.011655
-0.548022
-2.493017
-0.853583
-0.364116
-2.784606
-3.381136
-0.352220
-0.862431
-0.319394
-2.821257
-1.425693
-0.965510
-0.397709
-3.143418
-1.051573
-0.291511
-0.664597
-0.747113
-0.663224
-0.133460
-0.742968
-3.132167
-0.008830
-1.077687
-1.566237
-0.590164
-2.701746
-0.656519
-2.226522
-0.418318
-0.535323
-6.974891
-1.213836
-1.173156
-1.486932
-0.412810
-0.009848
-0.923747
-0.231265
-1.241520
-0.373880
-0.494238
-0.154927
-0.504608
-1.066654
-0.553952
-1.520840
-2.200381
-2.770271
-0.107209
-0.374833
-2.603645
-0.024184
-0.323719
-0.108904
-2.772700
-2.032463
-0.294622
-0.193351
-0.754832
-1.604727
-0.158374
-0.274159
-0.729612
-0.079499
-1.886465
-1.424895
-4.279828
-0.175308
-0.254836
-0.519164
-1.290959
-0.644251
-0.525037
-1.051391
-0.207451
-2.407953
-0.386578
-0.671149
-0.015175
-0.476917
-0.745820
-0.412930
-0.602870
-0.663311
-1.740139
-0.150443
-0.401465
-2.591953
-0.892600
-4.500038
-0.026540
-0.910862
-0.630274
-0.175036
-1.227104
-0.988860
-0.151630
-1.931274
-1.780151
-0.747605
-1.740678
-0.528815
-1.919044
-0.351198
-0.097633
-0.319025
-1.593386
-0.199417
-4.094701
-2.589698
-0.640975
-0.094126
-0.740633
-0.028957
-1.868920
-0.000420
-1.168822
-0.127554
-1.521714
-1.083144
-0.383321
-2.836571
-0.959799
-0.360583
-2.298233
-1.352519
-2.316934
-2.019774
-0.941372
-3.146024
-0.237089
-1.828097
-0.223495
-0.887221
-0.278003
-0.413242
-3.277327
-0.039178
-3.169966
-2.602652
-2.209265
-2.095209
-0.775338
-0.765684
-0.665131
-0.474982
-0.816809
-0.230187
-0.516254
-0.652748
-2.558063
-2.001247
-1.378480
-1.001791
-0.164371
-0.478225
-0.052308
-2.757870
-0.625610
-0.145461
-0.534493
-1.899389
-0.506881
-0.973922
-0.700074
-1.526543
-4.219814
-1.175331
-0.058699
-0.019736
-0.508391
-1.005660
-2.620641
-0.236278
-1.643451
-0.826083
-3.661364
-1.887412
-2.247273
-0.786498
-0.975644
-0.106044
-0.568042
-0.304923
-2.002289
-0.419151
-1.284991
-0.007184
-1.617196
-2.126754
-0.837792
-1.075328
-3.048398
-1.776918
-1.295716
-0.606294
-2.013379
-0.253878
-1.331189
-1.393481
-1.476544
-0.910108
-1.999337
-1.153913
-1.040723
-0.410862
-1.978665
-1.364274
-0.679530
-0.665592
-2.636956
-0.625637
-2.429958
-2.988998
-2.508522
-1.649680
-1.074756
-1.737997
-0.422875
-1.112458
-0.853877
-2.239412
-1.740811
-1.681825
-0.160152
-0.226745
-2.121273
-0.733823
-0.971515
-0.395665
-1.928594
-0.578963
-0.747911
-1.707687
-2.417837
-5.709626
-2.160009
-1.204917
-1.678527
-0.751477
-3.254093
-0.808201
-0.456973
-2.023332
-0.863350
-0.125099
-2.277324
-2.873640
-0.059047
-0.365310
-0.674721
-1.037811
-1.466819
-1.388204
-2.666543
-2.259590
-0.330443
-1.409276
-1.481667
-0.431205
-2.089605
-0.432410
-1.461035
-2.473390
-0.738064
-0.789883
-0.882631
-2.421670
-0.202086
-4.628398
-2.132005
-1.846673
-1.254724
-1.632366
-1.072639
-0.102433
-1.770958
-0.240336
-2.936176
-2.133658
-2.072661
-1.121749
-0.414144
-1.890228
-0.081760
-0.197264
-0.817438
-3.470383
-1.442344
-1.843181
-1.397645
-1.565375
-0.092795
-0.864212
-0.753017
-2.153653
-0.102292
-0.020741
-3.032284
-2.765606
-0.467665
-1.785604
-0.459050
-0.579048
-0.887328
-0.528790
-0.760593
-5.399272
-2.455376
-0.426707
-1.006534
-0.900621
-0.569025
-0.507822
-2.462759
-0.059370
-0.346483
-1.971530
-1.551385
-0.939577
-4.899609
-2.814484
-0.898374
-1.202983
-0.504146
-1.629814
-0.095913
-0.644118
-0.593843
-0.212245
-1.548470
-2.762183
-0.420420
-2.664423
-0.448577
-1.105538
-0.740201
-1.600436
-2.390204
-0.717414
-0.980249
-2.781950
-0.904850
-0.088203
-3.082679
-0.151995
-1.185215
-0.404775
-0.713291
-3.130617
-0.740391
-1.109546
-2.439484
-2.620578
-3.281334
-0.905712
-1.818417
-0.721163
-0.274694
-0.448330
-0.704276
-0.192231
-2.988062
-1.296212
-0.033888
-0.840922
-0.513929
-0.194963
-1.035755
-1.783007
-1.192484
-0.082793
-1.280437
-1.775857
-0.813421
-5.414818
-0.278521
-0.606988
-0.611144
-0.012292
-1.120180
-0.475655
-0.174993
-0.006550
-0.580759
-0.966960
-0.352115
-0.114927
-1.520021
-4.252698
-0.839852
-0.534990
-0.834720
-0.070198
-0.538211
-5.363375
-2.833869
-0.393377
-0.777821
-1.494734
-4.581109
-0.614204
-0.487485
-4.036443
-0.090383
-3.272930
-0.014905
-2.715300
-0.297970
-0.087160
-4.162161
-0.529048
-0.180619
-0.408369
-0.697499
-0.109069
-2.850583
-0.722141
-2.529209
-0.199637
-2.713197
-0.243702
-0.519211
-1.353128
-0.148959
-0.541821
-2.116382
-0.544860
-0.274487
-2.877520
-2.709612
-0.410553
-0.304784
-0.301512
-3.733843
-0.216933
-0.324647
-1.172541
-0.013424
-0.011210
-0.241037
-0.611994
-2.955058
-0.015331
-1.759127
-1.414506
-0.237812
-1.802643
-1.040668
-0.695586
-3.790005
-1.099160
-2.903317
-0.413781
-2.300113
-2.664612
-1.698560
-1.283868
-0.350740
-1.591043
-1.070582
-0.844054
-0.687640
-0.165039
-0.270029
-0.533134
-1.626863
-0.166811
-1.947220
-1.270187
-0.760932
-0.595974
-1.081228
-1.294982
-1.673320
-0.229607
