-0.691698
-0.525683
-1.414624
-4.047816
-0.921065
-0.008304
-0.417951
-1.870569
-1.871281
-0.564102
-0.780830
-0.370651
-0.842226
-0.654801
-3.500379
-1.926052
-0.174739
-7.276586
-0.314225
-0.866082
-0.780727
-1.718568
-0.413398
-1.373000
-1.124346
-2.653709
-1.736559
-0.664664
-1.510016
-3.420301
-1.562525
-0.912937
-1.069110
-0.022639
-0.251246
-2.822332
-0.324366
-1.265992
-0.856120
-0.723598
-3.568478
-1.597214
-2.148373
-1.179432
-3.401799
-1.244548
-1.014910
-0.268393
-4.291529
-1.515938
-0.525369
-3.529078
-1.350980
-0.820309
-3.231819
-2.370109
-2.037136
-1.088191
-0.335043
-0.248733
-0.190140
-2.274211
-0.485636
-2.025819
-1.402560
-0.576379
-1.834026
-1.795575
-2.876604
-8.512285
-2.790527
-1.667600
-0.209332
-1.106161
-1.291803
-1.196825
-1.608473
-0.635916
-1.171469
-0.653475
-0.455201
