-1.504463
-1.929145
-0.607528
-6.176242
-4.939051
-2.525724
-2.189866
-1.679145
-1.582967
-2.343269
-1.859389
-3.092469
-2.030139
-1.812856
-0.616232
-2.463558
-1.490088
-0.310178
-2.955004
-1.119944
-1.828722
-1.783490
-0.484057
-2.074469
-0.123164
-0.628349
-0.024208
-2.160802
-2.031976
-1.934005
-2.897937
-0.075040
-0.824099
-2.453542
-2.190315
-1.865616
-0.988980
-0.680878
-6.710139
-1.736201
-2.441623
-0.135854
-1.165386
-1.246014
-2.302731
-0.233393
-2.821996
-0.281258
-1.314783
-2.919876
-3.798995
-0.241835
-1.834281
-1.158071
-1.012998
-3.112008
-2.447145
-2.207714
-0.837620
-3.603931
-0.843842
-1.858827
-1.241545
-0.373454
-0.730171
-4.880725
-0.621102
-1.995183
-1.189159
-2.068157
-0.105163
-0.448558
-2.314016
-3.005130
-1.154952
-1.966463
-2.006743
-0.563591
-0.115789
-0.177976
-1.773493
-1.000469
-0.159308
-2.414996
-1.126925
-0.410390
-2.707338
-0.511160
-1.099356
-2.409011
-2.165318
-0.137917
-1.244561
-0.601200
-4.453017
-1.318588
-5.303820
-3.623821
-0.246156
-3.143734
-0.286125
-1.422792
-2.314199
-0.372411
-0.842655
-0.574843
-2.106415
-4.179115
-1.146535
-2.554296
-1.361029
-0.047314
-5.846967
-0.532230
-2.247561
-7.469165
-0.650096
-1.345977
-0.022751
-2.139457
-3.981747
-0.615408
-0.463907
-1.152147
-0.881762
-0.323978
-0.430499
-0.181006
-2.462792
-1.952257
-0.015000
-1.451025
-1.088258
-8.484363
-1.795718
-0.189112
-0.381490
-6.036629
-0.830619
-2.606885
-2.235527
-0.607569
-5.866040
-2.096999
-0.068477
-0.612437
-3.717106
-0.800025
-0.674214
-0.533964
-1.954545
-2.025511
-0.526497
-1.869100
-1.273101
-0.820383
-2.236375
-1.631566
-0.235183
-0.496872
-0.910656
-1.465775
-0.302772
-0.374891
-0.469156
-2.992395
-1.311779
-2.867292
-0.995756
-0.824393
-0.525055
-1.061886
-1.005590
-4.968111
-1.556775
-0.462527
-1.318504
-2.809177
-3.058001
-1.164608
-0.962659
-0.463072
-1.992030
-1.206803
-1.822692
-6.349704
-4.488350
-3.090757
-0.731910
-0.603794
-3.862127
-1.177425
-1.249559
-1.326372
-0.783298
-3.168252
-0.205731
-0.095586
-2.719368
-5.341448
-3.089362
-0.275371
-2.482093
-1.058709
-0.105035
-0.010544
-1.098446
-1.370133
-1.577908
-2.506847
-2.179483
-0.065888
-0.957395
-1.451141
-3.785855
-1.456340
-0.650402
-1.158948
-0.440040
-1.910239
-3.292596
-1.329118
-6.927967
-0.821717
-0.293888
