-2.202991
-2.255543
-0.216287
-0.080287
-0.975316
-0.075434
-0.984448
-0.100240
-0.430058
-0.309538
-0.037029
-0.826846
-1.205642
-0.654910
-2.371219
-2.598801
-2.368480
-0.207863
-0.200594
-1.180984
-1.365536
-2.642152
-2.402374
-1.363524
-1.296703
-1.220887
-0.816319
-2.338599
-0.084379
-1.825113
-0.341162
-2.475562
-1.250645
-0.455338
-1.601684
-2.722937
-0.462835
-2.530536
-1.438749
-0.936761
-1.498236
-1.545988
-0.286918
-0.861954
-2.304524
-2.390908
-1.132303
-1.224127
-0.647337
-0.964376
-0.287893
-2.090064
-0.627310
-0.521242
-0.905696
-1.767644
-1.133419
-2.589682
-0.242822
-4.401630
-0.734727
-1.200183
-0.673565
-0.378191
-0.430763
-2.113549
-0.380166
-2.227111
-0.264085
-0.751070
-4.215810
-1.626418
-1.837076
-1.578881
-0.677724
-0.127164
-1.411134
-0.972807
-1.983359
-0.156633
-0.669715
-0.641613
-0.517796
-0.849577
-4.092539
-0.632469
-0.516993
-1.102170
-0.372448
-0.749287
-0.362178
-4.413506
-2.073871
-1.099838
-2.427630
-1.835472
-0.499218
-3.047661
-0.311113
-1.282705
-0.808380
-2.414576
-0.400842
-4.527983
-3.518026
-0.156335
-0.377019
-1.568854
-0.684931
-1.353351
-0.783730
-1.152852
-1.626189
-0.164192
-0.387003
-0.220132
-0.579292
-0.424573
-2.138168
-1.590667
-4.233815
-0.017442
-1.540948
-1.463578
-2.549309
-0.115133
-0.072228
-0.265492
-2.944293
-0.444037
-0.238281
-0.716282
-1.325517
-0.310267
-0.833324
-1.903627
-1.750327
-0.233526
-1.339727
-1.215616
-4.474186
-0.722896
-1.893021
-2.855547
-2.343731
-1.416001
-1.248229
-1.823450
-0.470329
-3.738224
-1.588813
-2.242644
-0.155274
-0.140749
-0.298206
-2.065536
-1.018363
-0.795698
-3.437198
-0.096477
-1.462405
-0.268407
-0.104339
-0.728335
-1.989672
-0.858377
-0.701119
-1.081511
-0.493647
-0.224727
-6.364180
-0.250227
-0.378352
-0.097143
-1.573357
-3.286570
-0.607629
-3.568237
-0.174558
-2.045113
-0.106995
-0.321572
-0.575511
-1.451878
-0.233798
-0.913302
-0.003290
-2.912996
-0.205937
-2.672125
-1.756053
-0.661805
-0.961851
-0.325527
-3.864478
-0.113277
-1.041733
-2.876691
-2.561914
-1.888547
-1.423751
-0.201484
-1.402786
-0.583686
-1.378038
-1.154856
-0.566217
-0.635685
-0.904182
-2.766543
-0.207451
-0.318624
-3.124629
-1.564781
-1.860524
-1.480112
-0.132517
-0.212041
-0.005441
-1.405689
-0.107115
-3.750915
-0.187802
-4.501871
-0.164914
-1.766785
-0.905181
-0.478711
-0.537217
-0.712820
-0.116515
-2.378114
-1.062529
-0.038879
-0.632240
-1.645682
-0.928498
-0.164153
-0.580167
-0.044143
-0.211206
-1.254142
-0.395501
-0.680288
-0.263814
-1.296885
-0.277520
-2.843444
-3.702158
-2.334781
-0.742706
-1.328689
-1.395517
-3.526322
-1.492636
-0.355566
-0.033198
-1.279594
-0.637178
-5.037500
-4.774697
-2.242611
-2.172596
-1.875275
-2.908865
-0.913248
-0.282329
-2.162971
-1.946552
-0.184414
-0.660011
-0.323660
-0.998576
-0.355233
-0.811896
-0.210257
-2.430553
-2.820466
-1.935986
-0.863747
-0.440012
-0.132451
-0.990869
-2.797265
-1.659257
-0.316456
-1.167610
-0.689710
-0.773712
-0.372047
-1.412337
-1.469096
-0.310572
-1.970151
-2.180178
-2.081836
-0.835121
-1.283411
-0.357310
-2.382784
-0.515558
-2.682596
-0.244404
-1.278764
-0.145601
-3.116228
-0.871874
-6.181243
-1.272685
-2.417610
-0.116627
-0.002237
-1.001997
-0.931802
-1.826038
-0.840759
-0.806328
-3.378302
-0.113653
-0.576378
-0.125992
-2.247537
-3.172344
-0.668718
-0.133629
-0.111063
-1.393793
-1.008944
-1.439607
-1.530228
-2.601073
-1.100594
-0.105800
-1.767904
-0.809157
-1.424981
-2.673894
-2.123249
-1.348595
-0.483876
-1.062889
-0.100182
-0.738605
-0.330457
-2.328126
-4.947160
-1.940010
-0.887740
-0.770161
-1.028413
-0.394727
-0.337627
-1.104131
-4.097116
-2.571379
-2.160431
-0.053463
-2.287375
-0.035211
-0.596174
-1.365876
-1.809328
-0.549222
-0.205900
-2.581435
-0.170487
-0.432298
-2.413064
-0.578041
-0.244117
-4.887489
-2.291118
-2.368615
-0.430585
-2.459873
-3.463131
-0.794843
-0.550510
-0.881451
-0.631483
-0.453743
-0.591590
-2.771972
-0.485786
-1.223894
-0.176610
-2.839616
-2.443878
-0.814943
-1.507922
-0.838455
-0.374440
-0.601002
-4.189936
-0.775202
-0.318412
-4.360248
-3.388258
-0.395153
-2.166861
-1.299540
-2.042265
-0.023214
-0.891698
-0.559293
-0.063625
-4.580640
-2.964425
-0.581153
-3.665569
-2.551296
-1.281134
-0.191902
-2.388455
-2.880999
-3.910527
-0.295299
-1.085483
-0.996250
-0.862655
-0.144794
-0.021447
-1.106947
-4.042774
-0.175294
-1.359959
-3.524271
-0.775173
-0.435208
-1.244637
-1.207383
-3.521341
-2.176738
-0.047450
-1.165820
-0.204856
-2.471865
-2.589093
-1.977847
-1.711156
-0.473809
-2.327555
-3.407485
-2.215154
-0.206787
-2.881543
-0.196792
-2.589495
-0.808403
-0.089089
-0.883835
-0.295312
-3.882965
-0.962302
-1.060869
-3.365448
-4.285551
-0.191393
-2.198002
-1.979987
-2.718997
-0.214294
-3.806898
-4.785535
-0.888846
-0.298193
-3.248174
-3.971818
-1.710293
-1.640383
-0.604862
-0.161005
-2.886031
-0.811355
-2.411935
-0.954941
-1.571527
-0.698288
-0.771298
-0.701334
-0.974364
-0.884623
-1.629064
-2.186779
-1.333350
-1.077555
-1.360783
-1.976321
-1.976191
-0.002656
-3.218720
-1.746930
-1.748349
-1.865660
-1.131175
-2.944551
-0.628903
-0.328941
-2.073492
-0.501589
-1.100161
-5.479785
-0.014378
-0.667702
-0.726051
-1.493987
-0.269447
-1.841351
-0.339356
-0.626989
-1.073412
-1.131564
-3.589692
-2.210269
-0.154914
-7.186136
-0.707528
-0.809983
-4.812406
-0.732410
-0.464962
-1.006640
-2.681003
-3.079252
-2.104010
-2.959895
-0.532149
-0.079738
-1.487807
-2.220119
-1.886372
-0.895873
-2.924083
-0.490679
-1.728763
-1.340177
-0.317698
-1.109410
-2.473325
-2.922354
-1.566844
-3.230436
-0.133472
-0.182797
-3.249805
-2.635217
-6.442180
-1.715184
-0.509732
-0.414725
-0.579379
-0.728138
-0.680491
-1.019269
-0.011259
-0.248164
-1.547334
-2.081290
-0.735455
-2.980704
-1.311510
-1.233212
-0.313913
-0.803886
-0.360248
-1.468869
-0.625289
-2.482875
-1.115292
-0.015545
-3.761400
-1.031082
-1.015226
-0.488023
-0.214368
-0.976999
-0.063667
-0.300277
-2.239739
-1.538619
-0.345131
-0.000900
-3.542810
-4.844955
-2.285864
-0.973552
-0.582016
-0.874036
-1.186788
-0.325868
-1.863697
-1.527952
-0.281288
-1.755016
-1.535490
-1.721460
-0.083158
-2.098657
-0.732805
-2.978519
-0.640660
-0.765564
-0.555699
-1.449917
-2.500901
-0.929233
-1.340269
-2.815234
-0.632841
-2.745090
-0.081841
-2.923080
-1.308201
-1.702682
-0.488726
-0.219071
-1.876345
-4.470060
-0.697068
-0.583909
-0.331311
-0.694502
-0.247257
-2.488538
-0.911431
-2.534911
-0.889775
-1.433273
-3.635894
-0.157711
-0.187180
-2.040592
-1.001575
-1.485504
-0.519301
-0.114581
-0.429726
-3.831352
-0.824958
-4.067336
-0.682681
-3.352547
-2.412329
-1.249045
-2.239504
-0.483137
-1.474441
-1.839335
-1.856411
-1.784072
-0.554959
-1.809943
-0.497269
-1.327092
-0.559511
-2.202835
-0.454761
-1.292784
-0.263285
-2.595325
-0.039520
-1.539624
-1.210211
-1.368221
-3.605035
-1.195751
-0.651396
-0.348002
-1.414336
-0.233135
-0.471389
-0.963774
-0.044903
-2.792375
-1.649245
-0.872052
-0.366997
-1.865783
-0.531460
-1.419824
-0.090723
-1.006689
-1.123741
-2.927108
-0.406560
-1.696191
-0.505802
-2.747694
-0.130130
-0.397289
-0.849080
-1.529251
-1.386377
-2.543764
-0.297616
-0.509358
-0.134717
-0.293991
-0.201384
-1.114764
-0.671574
-1.980624
-1.259106
-0.311606
-1.645772
-0.194717
-1.325348
-0.311742
-1.800998
-0.066902
-0.700163
-1.599328
-0.349286
-2.134930
-3.012229
-1.467604
-1.372069
-1.420140
-1.469408
-1.829930
-2.879400
-0.023716
-0.309739
-2.099537
-0.792650
-2.239994
-2.410510
-0.726786
-1.464075
-2.133808
-4.587986
-5.360970
-4.306336
-0.295384
-0.803266
-0.735521
-1.693334
-4.179799
-0.615543
-2.049533
-1.505240
-1.323080
-4.686433
-1.593816
-0.027768
-3.437001
-0.681361
-0.622281
-0.319568
-0.698504
-0.280027
-0.284869
-2.606450
-2.200595
-4.658091
-0.647368
-1.980538
-0.479166
-3.631085
-0.263348
-2.072815
-3.358136
-2.513727
-0.272259
-1.675949
-0.298691
-1.132194
-0.018819
-3.111102
-0.392708
-2.704334
-1.383264
-1.396539
-1.583162
-1.591113
-0.083485
-0.376986
-0.911814
-1.668178
-1.673750
-6.380626
-5.614702
-2.383592
-0.424165
-1.368961
-4.567459
-0.989527
-1.209791
-0.726440
-1.588598
-1.374011
-0.686043
-0.236400
-1.733809
-0.681231
-0.821745
-3.945416
-0.965021
-0.228507
-0.578290
-0.129428
-1.298076
-1.787625
-3.965897
-0.812863
-2.757400
-1.500343
-1.783379
-3.896425
-4.519484
-1.150119
-2.087472
-0.953167
-3.148582
-2.936069
-1.907903
-1.335661
-0.125606
-1.346360
-1.859422
-3.901477
-2.160698
-2.338712
-1.271347
-1.908665
-1.368655
-4.106597
-0.041734
-2.798682
-2.344509
-0.977341
-2.479917
-0.593085
-1.400901
-2.516922
-0.358110
-4.315119
-0.048398
-3.597175
-1.559585
-0.469259
-3.659449
-1.489315
-0.004570
-2.541661
-3.655185
-0.559174
-1.720206
-1.317632
-1.059259
-2.115161
-0.346962
-0.391855
-3.433620
-1.052652
-2.098223
-1.607812
-2.877339
-0.335980
-1.606335
-1.858121
-2.206703
-3.335538
-1.332459
-2.453580
-0.105188
-1.301112
-0.210100
-2.193268
-1.335951
-0.587090
-0.817317
-1.518625
-0.050891
-2.444586
-0.794540
-0.494987
-0.203067
-3.069680
-1.776591
-0.812660
-1.140051
-0.681865
-0.511024
-1.157095
-2.369841
-0.817789
-0.087850
-0.804427
-4.687662
-2.365242
-0.431127
-0.362709
-3.399927
-0.422032
-0.271949
-1.251257
-1.167165
-1.503927
-0.736744
-0.043367
-1.177872
-0.310176
-2.782739
-1.914528
-2.873602
-3.595196
-0.129437
-3.185208
-1.859025
-0.701430
-0.056633
-0.964082
-0.259034
-0.273099
-1.727098
-1.237380
-0.854375
-0.688576
-2.570415
-0.857594
-0.039728
-0.475804
-0.879673
-0.435678
-4.333215
-2.849696
-1.032952
-0.836814
-2.541951
-1.288539
-0.420813
-3.054363
-4.276695
-3.520986
-1.696575
-2.580205
-4.874903
-2.326385
-0.789838
-0.562579
-1.201787
-2.378643
-1.079154
-0.584994
-0.433498
-0.158936
-0.647410
-0.732528
-6.357044
-0.218307
-1.497610
-0.728355
-0.797503
-1.329313
-0.077910
-3.359344
-3.346304
-1.167831
-2.164976
-3.492467
-0.505365
-0.440925
-2.889874
-1.407153
-0.631867
-0.014406
-4.448017
-3.504405
-1.225183
-2.381263
-0.888432
-0.136944
-1.160072
-6.038041
-1.682195
-2.760429
-1.604243
-0.137389
-0.960529
-2.416912
-3.598648
-1.582682
-4.272572
-3.146030
-2.158145
-6.033735
-0.408575
-0.942971
-0.981014
-2.328636
-0.589653
-0.959888
-0.379075
-1.463134
-1.112497
-0.850024
-0.231485
-0.189226
-0.273230
-3.311040
-0.581369
-0.991624
-0.726937
-1.719765
-2.755400
-1.277748
-0.101387
-1.429419
-0.176100
-0.555465
-0.095591
-0.673700
-0.874290
-2.109581
-2.575796
-4.216244
-1.119791
-3.367635
-3.423079
-0.678586
-0.903472
-0.868044
-1.397506
-1.393637
-0.844452
-1.094835
-0.191613
-2.382886
-0.378977
-5.115760
-0.416982
-1.607215
-4.123500
-1.685512
-2.040607
-0.716103
-0.866003
-1.977659
-2.525192
-0.887562
-0.494387
-1.885445
-1.060164
-0.242434
-0.376778
-0.371301
-2.506138
-0.256256
-6.014834
-0.704929
-3.074525
-4.273983
-0.681792
-0.333724
-3.923082
-2.019262
-1.866284
-0.391845
-1.691557
-1.240215
-0.156888
-2.452544
-2.071508
-0.128028
-6.269800
-2.229634
-1.503425
-4.013470
-1.887350
-0.438964
-2.765304
-4.283184
-2.835386
-0.003340
-0.238858
-0.703425
-2.869381
-0.888414
-0.484359
-0.092355
-0.295879
