-0.143860
-0.159328
-2.094646
-0.205715
-0.649816
-1.000650
-1.790116
-0.747050
-0.480766
-3.049106
-1.175078
-3.016917
-0.469239
-1.252564
-3.436031
-0.119972
-0.569550
-1.196290
-0.465258
-2.595882
-2.656474
-1.258610
-1.254304
-2.019598
-0.579935
-1.721010
-2.045728
-0.237303
-0.845406
-0.868969
-1.090894
-0.667037
-1.040009
-0.213652
-3.311898
-1.264922
-0.088812
-1.378299
-1.926128
-3.142160
-0.364184
-1.866922
-3.412614
-1.483658
-0.123066
-0.971724
-1.773763
-0.496839
-1.364748
-0.117952
-0.166183
-3.222261
-2.427443
-2.263797
-0.818710
-2.204483
-1.503590
-2.904402
-0.909159
-1.331342
-0.787046
-0.176622
-2.128723
-1.414142
-1.144248
-2.498044
-1.842359
-1.215905
-0.508918
-5.219230
-4.239473
-3.600650
-0.470784
-1.190416
-0.988747
-0.255269
-0.136231
-1.613408
-0.308000
-4.806516
-3.106237
-0.206930
-3.589720
-1.974425
-0.191837
-0.206365
-0.222124
-0.751890
-2.678168
-1.661093
-1.103040
-2.883617
-0.167996
-1.198163
-4.237246
-4.186904
-0.265421
-1.756780
-1.185179
-0.516199
-1.216489
-0.194130
-0.461238
-2.271083
-0.571089
-0.217044
-1.241235
-2.216567
-3.712410
-0.214020
-0.898860
-2.276890
-1.068906
-1.055440
-0.305550
-3.913310
-3.554939
-0.794029
-0.151942
-0.180491
-0.145436
-0.008004
-2.268224
-0.240930
-2.210061
-1.367322
-1.425266
-3.344351
-1.227997
-1.459253
-0.231231
-2.212875
-2.594289
-0.774067
-1.449813
-0.283579
-1.143607
-1.787706
-1.020923
-0.829676
-0.020124
-0.750885
-0.362475
-1.120739
-2.666245
-0.208647
-4.011027
-1.375907
-0.354370
-2.495710
-1.634276
-1.391282
-0.079838
-3.493169
-1.680991
-1.603334
-0.092017
-1.437406
-1.982855
-0.866779
-0.122449
-0.002761
-0.528726
-0.278908
-1.047654
-0.725960
-3.116004
-4.128697
-0.125687
-3.064961
-1.070569
-1.411337
-4.510960
-0.408727
-0.902351
-1.229907
-0.634553
-1.004305
-1.405332
-6.924423
-1.536033
-2.297566
-0.825642
-1.503127
-0.316715
-0.494596
-0.313298
-1.982390
-7.032951
-2.682327
-4.051070
-1.283321
-3.215274
-0.964460
-0.445707
-6.843290
-1.926324
-0.765139
-1.189499
-0.337518
-0.440588
-0.773703
-2.298159
-0.086006
-3.535391
-1.153051
-1.378749
-0.320428
-0.713070
-0.595759
-2.825584
-3.092166
-3.067064
-1.890553
-0.028862
-1.426570
-1.587329
-1.070774
-0.589092
-0.245386
-0.016080
-0.647251
-1.651116
-1.065769
-0.137451
-1.691758
-2.395807
-0.200516
-0.782978
-2.102804
-0.335472
-3.161418
-0.287836
-2.048370
-3.003273
-1.226882
-0.263344
-0.157367
-1.226298
-0.775409
-1.370996
-0.498021
-3.356100
-2.026110
-0.778682
-3.005491
-1.330843
-1.516663
-5.411865
-1.281447
-1.525479
-1.116815
-1.896313
-0.055928
-2.319556
-1.169989
-0.455444
-0.165594
-0.987741
-1.519022
-1.633511
-1.985381
-0.276096
-1.670162
-3.234459
-0.658083
-2.178044
-0.675864
-4.015379
-0.783753
-5.040888
-1.691065
-5.463235
-0.150988
-2.210823
-0.495503
-1.536486
-1.601213
-4.500980
-0.253905
-0.545472
-1.120597
-1.114275
-0.018244
-2.689181
-1.356631
-0.216920
-2.378256
-0.727527
-0.632320
-1.037179
-1.444182
-2.864877
-0.591893
-0.036082
-0.522099
-0.323099
-0.346460
-0.685472
-0.523458
-0.509791
-3.399842
-3.092705
-0.251298
-1.776810
-0.342419
-2.886819
-2.424375
-0.656917
-4.159245
-0.172193
-4.585467
-4.743910
-1.645661
-2.171866
-1.066060
-1.913969
-3.134105
-2.004276
-1.633202
-2.421618
-0.001953
-3.564722
-0.202168
-1.209682
-0.963350
-0.132492
-3.609562
-1.761877
-1.356330
-4.233179
-3.470753
-1.734570
-0.853047
-0.822905
-0.296276
-3.369927
-2.157319
-1.379916
-0.517582
-2.759790
-2.031267
-0.616022
-1.792016
-6.550639
-3.754653
-1.039425
-0.057922
-1.064567
-0.082752
-2.633411
-0.655847
-1.011717
-1.839736
-1.118183
-2.443717
-0.917119
-2.953727
-1.296666
-3.180647
-0.371532
-0.832901
-3.030723
-2.187461
-2.657270
-0.196351
-0.085797
-0.450945
-1.002774
-0.510616
-2.352415
-5.434065
-0.249688
-0.435919
-0.595701
-2.875412
-1.023654
-0.153022
-0.344525
-2.349393
-1.380301
-0.899014
-1.154591
-0.004580
-0.174451
-3.574803
-1.235062
-0.769013
-0.624749
-0.998986
-0.203162
-0.876498
-5.774687
-0.045921
-1.800535
-0.988286
-0.249276
-0.089572
-0.897202
-1.830354
-0.234865
-0.662005
-1.017619
-3.068637
-0.935148
-2.639636
-0.407655
-1.130278
-0.637277
-3.572750
-0.188163
-0.700974
-0.637660
-0.495895
-0.124082
-0.278761
-1.887271
-3.618944
-1.766267
-1.828809
-4.132908
-3.986403
-1.124596
-0.102307
-0.450267
-2.832763
-1.420551
-5.848589
-1.025414
-1.578082
-1.313436
-0.387974
-1.863702
-1.361664
-1.203762
-0.517083
-4.261931
-3.812186
-0.689344
-1.941027
-0.103525
-3.604193
-0.304902
-0.091521
-2.646908
-0.041558
-0.607467
-2.200108
-3.760962
-0.261750
-0.410160
-5.459364
-1.461005
-2.003681
-1.257055
-0.044062
-1.126729
-0.885612
-0.641460
-1.527919
-0.391382
-0.306722
-2.932922
-0.353580
-2.045196
-1.131399
-1.373714
-0.675758
-2.506531
-0.661211
-0.294070
-3.644133
-2.408243
-1.058823
-0.236582
-0.612162
-0.162084
-1.633284
-2.093988
-0.528437
-0.572415
-1.213470
-1.746065
-1.570124
-0.450111
-2.483822
-2.283779
-2.346819
-0.995570
-1.207854
-1.328249
-1.296126
-0.383537
-0.956572
-2.648487
-0.607597
-1.081070
-0.835142
-0.543437
-0.096435
-0.492542
-1.185020
-1.362940
-4.348819
-1.717157
-1.042204
-1.796453
-0.266600
-4.509001
-1.139803
-1.263103
-0.110129
-0.901328
-1.847482
-1.454875
-2.969325
-0.529893
-1.042381
-1.952409
-2.641725
-0.000147
-1.559490
-1.287521
-4.364821
-0.465875
-2.704125
-0.462214
-0.046875
-1.939222
-1.181591
-1.088954
-2.224646
-0.376221
-1.072006
-0.102799
-1.485633
-0.599487
-5.084337
-0.828813
-0.044511
-4.512094
-3.833897
-1.995447
-1.347751
-0.828114
-2.622973
-3.423735
-3.152521
-1.428251
-2.802194
-1.318013
-3.452998
-1.352897
-1.817611
-2.056053
-1.849490
-0.572112
-0.258179
-2.408190
-2.140668
-4.471303
-2.953942
-0.375616
-0.717521
-0.628764
-1.139336
-1.577333
-1.987529
-0.085503
-0.164208
-0.013739
-1.427865
-1.169905
-0.231485
-0.207377
-0.681352
-4.521003
-0.355565
-0.751178
-1.872712
-2.249358
-1.288414
-0.653252
-2.072019
-0.064009
-1.021045
-0.191645
-0.463675
-0.407545
-1.076986
-0.086470
-2.265731
-8.879233
-0.887746
-3.849551
-0.759486
-2.603328
-0.880612
-0.835704
-3.406546
-0.343315
-0.981884
-3.213408
-0.467559
-0.726233
-2.256632
-1.525243
-0.855500
-1.160839
-0.520948
-1.812154
-2.137688
-2.512283
-0.770964
-0.975623
-1.008679
-0.147585
-0.052123
-2.233137
-0.294574
-1.511164
-0.214056
-3.024100
-1.200097
-0.524003
-0.696472
-0.064445
-2.251234
-0.287891
-0.750227
-0.671706
-3.826118
-4.186689
-2.609371
-7.864973
-3.238943
-4.557075
-0.312596
-0.464064
-0.352371
-0.951533
-1.771823
-1.812048
-2.049571
-0.604896
-1.708224
-0.501380
-1.317996
-1.544145
-2.404490
-2.748750
-2.909968
-0.088994
-2.603229
-0.781106
-0.710317
-1.790035
-5.208898
-1.194089
-4.837764
-0.309861
-0.044729
-2.908945
-0.011366
-2.683282
-5.464122
-0.625304
-0.729605
-3.047597
-0.572415
-1.587448
-3.567918
-1.474868
-0.466796
-0.486284
-0.205478
-1.674115
-0.268658
-1.069639
-3.322055
-3.760001
-0.063585
-1.918033
-4.509155
-6.358611
-1.092134
-0.105981
-1.624491
-0.282747
-0.248591
-1.909108
-0.388077
-0.457560
-1.355294
-3.300678
-0.043429
-0.668554
-1.409654
-2.521122
