-2.528974
-1.181820
-2.910081
-1.158801
-1.262830
-1.138829
-0.290624
-0.503591
-1.274287
-1.217724
-0.311113
-0.402753
-0.115980
-2.259392
-1.920467
-0.969123
-1.416366
-0.274353
-0.530484
-0.048211
-0.583918
-0.504881
-0.663035
-0.581927
-0.036915
-3.131832
-0.358175
-0.066999
-1.195379
-0.243627
-1.712208
-0.050029
-0.431406
-0.232214
-3.954650
-1.610256
-1.282882
-0.385811
-1.202495
-0.534062
-0.627620
-1.151044
-1.085973
-1.677151
-0.176575
-1.032391
-0.022485
-1.372187
-0.454031
-1.358920
-0.636227
-1.533161
-1.139025
-0.056064
-2.587619
-2.681679
-1.656554
-0.253741
-2.233609
-0.263260
-0.162931
-1.882205
-1.058306
-3.275860
-0.008466
-1.439476
-1.203038
-0.185720
-1.138117
-0.649712
-3.480452
-2.006117
-0.449983
-0.106644
-2.277037
-0.075242
-0.076995
-0.347258
-1.294758
-0.685816
-0.710858
-1.031713
-1.766520
-0.016757
-1.722901
-1.012605
-0.337190
-0.372703
-0.163521
-0.138904
-0.097526
-2.492864
-0.227400
-0.260153
-0.305498
-1.027148
-1.221554
-0.063689
-1.748020
-1.508670
-1.481740
-0.644164
-0.135374
-0.885402
-1.265906
-0.566796
-1.055309
-2.223110
-0.155378
-0.444973
-0.013705
-2.166496
-1.959846
-1.547610
-0.037688
-0.114656
-0.976027
-0.209748
-0.684584
-1.554894
-0.250196
-0.537878
-0.915253
-0.203977
-0.610654
-0.451037
-0.199618
-1.920540
-3.043620
-2.753383
-0.287251
-0.780049
-4.519053
-0.126862
-0.230876
-1.026062
-0.055138
-0.051511
-0.307253
-0.768497
-1.777776
-0.711117
-0.274324
-2.267598
-1.329987
-0.953562
-1.078797
-2.223765
-1.203791
-2.925668
-1.165591
-3.102320
-0.273223
-0.310327
-1.436268
-1.184110
-1.254715
-0.313388
-0.026325
-1.671394
-0.179483
-0.414965
-1.009774
-2.100802
-1.854389
-0.018093
-1.964437
-1.145736
-0.031857
-1.409777
-0.667104
-0.756022
-1.148913
-0.549314
-0.692628
-0.130765
-2.187257
-1.040245
-0.518867
-0.259087
-1.348877
-0.266859
-0.670586
-1.358717
-0.121075
-0.631679
-2.511211
-1.327802
-1.057913
-1.639700
-0.248149
-0.322984
-0.445678
-1.092341
-0.242921
-3.018034
-0.606689
-1.733845
-0.484209
-0.528721
-0.243010
-0.513940
-0.485611
-0.882862
-0.422475
-1.477141
-1.007518
-3.437001
-2.431344
-0.825084
-1.633195
-0.537248
-1.557487
-0.386080
-0.993363
-0.772472
-2.309018
-2.721966
-1.770862
-0.435960
-0.619792
-0.552389
-0.490722
-1.885860
-0.584870
-0.487101
-0.958017
-2.240933
-0.086569
-2.927712
-0.769179
-0.229720
-0.619206
-0.727753
-0.862561
-0.023968
-0.786625
-1.214775
-0.105063
-2.055437
-0.433315
-2.125789
-1.387690
-0.283574
-2.679640
-0.592388
-1.139480
-1.056332
-0.747651
-1.440306
-3.160810
-1.044437
-0.713028
-1.056846
-0.032830
-1.263577
-0.772747
-1.737331
-2.327985
-0.968347
-0.881821
-0.737407
-0.976007
-1.042854
-0.067152
-1.719688
-1.761268
-1.299581
-1.703775
-1.526998
-0.588149
-2.096952
-0.276148
-0.116388
-0.814424
-0.935795
-0.332734
-0.278677
-1.147019
-1.159259
-0.853842
-0.779279
-0.146351
-1.365590
-1.705118
-0.733409
-2.700604
-1.641315
-2.162616
-0.995544
-0.739573
-1.364205
-1.351946
-0.009013
-0.772086
-2.587295
-0.993495
-1.127600
-0.305670
-0.387293
-2.458298
-0.584870
-0.492457
-0.464689
-0.456540
-1.591964
-0.403346
-2.594603
-0.734937
-0.420911
-0.528471
-3.697096
-1.201504
-0.873758
-0.788149
-0.012343
-0.972314
-0.891406
-1.204054
-2.598436
-2.363848
-1.012890
-0.901566
-0.670133
-1.649005
-1.088298
-0.577992
-0.519419
-0.029239
-1.382809
-0.608901
-0.335323
-1.883019
-0.190047
-0.156380
-0.040445
-2.121944
-2.599047
-0.926595
-0.843055
-1.116273
-0.648168
-0.923077
-1.257086
-0.465188
-1.929180
-0.605751
-0.464396
-3.795383
-1.860904
-0.501806
-0.247768
-1.296154
-2.494215
-1.627898
-0.686163
-0.838127
-2.053048
-1.664544
-0.085084
-1.367963
-1.297210
-0.289843
-0.446385
-2.006928
-1.436909
-0.331174
-1.017628
-1.231529
-0.444578
-0.768590
-1.366205
-0.084735
-0.459539
-0.263716
-0.205011
-0.543712
-0.036089
-0.695104
-1.407776
-1.735990
-0.511095
-0.162356
-1.256205
-0.320366
-2.030970
-0.754388
-0.521195
-0.338349
-1.464914
-0.174659
-0.192442
-0.888217
-1.295191
-1.923053
-2.377997
-0.092562
-0.173655
-0.174312
-0.910491
-1.831781
-0.226544
-0.852157
-0.236043
-0.121413
-1.468543
-0.744327
-0.228530
-0.172648
-1.703294
-1.142718
-1.591874
-0.736040
-2.531567
-1.111673
-0.239637
-2.011454
-0.551838
-0.443293
-0.787890
-0.030812
-1.885268
-2.011643
-1.649908
-0.255058
-1.516574
-2.000715
-1.016030
-1.817909
-1.160375
-0.238403
-0.434434
-0.369213
-1.813751
-1.074183
-0.485516
-0.217735
-0.289085
-1.807220
-2.734680
-0.243322
-3.339765
-3.361180
-1.629981
-0.902470
-0.767184
-0.549076
-5.069282
-0.126897
-0.580041
-0.046171
-2.621338
-2.015454
-0.324460
-0.050122
-0.010549
-1.257853
-0.383735
-3.095009
-0.251775
-2.060682
-1.002763
-1.467364
-0.214531
-0.963128
-1.043533
-0.092882
-1.001248
-1.330468
-0.306392
-0.265773
-1.282301
-0.201685
-1.245105
-1.978712
-0.697140
-1.449729
-1.209440
-1.343170
-0.018566
-0.231767
-0.006420
-0.884710
-1.593442
-0.557283
-0.143174
-0.666926
-0.237170
-0.006147
-0.048123
-0.620038
-0.204274
-0.980988
-0.255444
-4.178471
-0.260394
-1.384879
-1.573864
-0.675847
-0.999828
-0.510346
-3.730919
-1.512991
-1.530608
-0.415016
-1.123295
-1.509518
-0.787465
-0.061474
-1.206250
-0.884818
-1.341153
-0.642389
-1.154089
-0.896916
-0.919347
-0.985428
-0.597668
-0.467750
-0.045507
-0.783278
-0.782936
-0.210777
-2.837316
-1.544049
-0.603696
-1.671749
-0.032814
-2.842127
-2.510627
-1.254487
-0.582812
-0.161845
-0.258850
-1.639279
-2.224747
-1.064416
-3.489820
-1.361446
-3.079899
-1.090496
-0.532631
-0.855418
-1.213161
-1.852480
-0.313882
-0.235492
-1.553019
-1.230184
-2.213289
-1.852914
-0.929273
-0.822301
-0.426658
-0.101810
-1.518998
-2.931322
-0.256150
-1.419761
-0.080445
-0.158894
-2.301705
-4.043716
-0.234039
-1.467028
-0.101796
-0.225820
-0.790556
-2.569320
-0.370479
-2.181324
-1.214528
-0.056225
-1.083254
-1.360196
-0.959561
-0.414364
-1.486796
-2.341542
-1.079020
-1.124706
-0.451628
-0.521045
-0.843134
-2.476872
-0.864677
-3.759053
-0.350661
-2.663763
-0.827201
-1.455178
-2.158894
-1.150918
-0.046571
-1.159725
-0.709912
-2.026248
-0.076043
-0.052021
-1.654584
-2.412706
-0.138360
-0.609006
-0.755522
-0.250109
-3.214757
-0.159575
-0.566274
-0.459897
-2.060542
-1.038209
-1.236425
-0.978441
-0.416146
-0.621822
-0.715943
-0.675424
-0.377527
-1.163893
-0.536751
-0.469915
-3.411587
-1.638887
-0.478773
-0.064370
-0.319705
-1.782380
-0.052147
-2.002501
-1.519034
-1.537122
-0.039719
-0.340529
-0.402897
-0.568815
-0.874288
-0.971266
-3.050973
-0.230597
-1.329802
-1.063075
-0.241872
-0.978225
-1.291979
-1.525607
-2.419206
-0.929322
-0.420907
-0.042430
-1.557998
-2.642801
-0.192545
-1.064022
-0.023367
-3.373725
-2.496389
-0.674628
-1.042633
-0.748445
-0.936466
-0.699349
-0.939702
-0.483602
-2.055226
-2.177744
-0.252990
-1.521549
-0.465700
-0.633380
-1.779948
-0.289646
-0.125397
-0.213212
-0.973858
-2.047160
-0.867293
-4.100766
-0.423085
-0.662629
-0.353337
-0.322683
-3.039586
-0.789183
-0.494604
-0.908334
-0.883991
-1.691990
-1.812325
-0.191971
-0.108918
-1.357585
-1.211165
-1.267494
-0.119544
-2.292655
-0.222067
-1.897464
-2.085895
-0.537851
-0.580704
-1.076760
-0.356970
-0.956284
-0.012679
-0.613220
-0.186005
-0.155370
-1.601387
-0.159676
-0.702395
-0.869780
-0.684256
-0.647696
-0.708752
-1.164014
-0.787576
-0.633169
-2.633827
-0.057092
-0.562260
-0.135203
-0.305682
-0.266583
-0.407883
-0.829259
-0.234229
-0.397431
-1.845095
-1.693702
-0.539007
-1.834331
-0.754605
-0.366553
-1.910200
-1.776894
-0.224883
-0.691387
-1.004709
-0.465658
-0.114654
-2.527674
-0.699855
-0.344920
-0.913795
-0.529836
-0.946922
-0.375051
-0.720356
-0.128419
-0.138485
-1.152905
-0.277486
-0.322869
-1.998338
-0.265118
-0.726908
-2.187746
-0.765475
-1.604000
-0.153594
-0.472760
-1.649199
-0.945863
-1.187469
-0.456554
-1.288068
-1.020598
-1.143868
-0.784100
-0.796449
-0.989849
-1.378950
-0.520479
-0.649699
-0.139943
-2.485246
-0.554504
-1.417012
-3.591618
-0.631591
-0.316934
-2.320058
-0.563966
-0.099130
-1.315961
-0.632900
-0.231597
-1.111666
-2.403275
-0.685925
-0.522146
-0.073055
-0.958511
-0.894200
-1.338179
-3.434004
-0.285256
-0.437958
-2.357090
-3.091375
-0.448620
-1.653679
-0.033566
-0.134282
-0.139685
-0.407971
-0.270974
-0.067995
-0.223414
-0.893313
-0.360676
-0.390112
-0.534694
-0.521713
-1.800522
-1.138161
-1.346712
-0.995259
-1.532027
-0.921267
-1.505818
-0.080722
-0.827778
-0.096388
-1.938970
-0.149411
-0.648135
-0.159404
-3.329651
-2.665342
-2.657289
-2.200179
-1.691734
-2.501928
-1.300463
-1.727262
-1.950194
-1.211545
-0.377413
-0.209658
-0.405045
-1.686825
-1.631617
-0.084619
-1.782833
-1.277332
-1.952370
-2.269427
-1.782517
-2.773848
-0.003376
-0.805803
-0.807332
-0.631696
-0.615817
-1.056169
-0.336381
-0.183542
-0.776059
-0.096795
-0.476364
-0.694065
-1.644469
-1.532115
-1.797299
-3.500875
-0.113561
-0.447113
-3.108387
-0.007153
-0.127623
-2.821101
-2.770076
-1.589953
-0.495435
-1.612794
-1.141340
-0.569373
-1.230581
-0.731997
-2.122695
-0.344537
-0.436956
-0.503576
-0.633338
-0.190898
-0.115531
-0.529155
-1.036612
-2.932756
-0.010461
-0.737654
-0.496823
-0.941783
-0.485770
-0.881013
-3.420035
-2.392915
-2.684295
-1.190267
-1.657705
-2.730940
-0.130595
-2.038347
-1.573315
-1.777825
-2.537428
-3.034259
-0.005348
-0.193425
-1.832333
-0.919493
-0.250513
-0.007349
-1.151421
-1.000013
-2.070334
-0.624764
-1.116766
-1.204633
-0.267732
-0.000023
-0.668645
-1.430588
-2.042844
-0.277390
-1.241237
-1.943271
-0.580262
-0.532696
-1.004551
-0.600924
-0.487936
-1.785375
-1.404426
-0.199795
-0.457333
-1.191832
-0.940402
-1.541519
-0.618589
-1.122450
-0.936322
-2.007243
-0.005014
-1.258784
-0.010992
-0.035513
-1.770292
-0.916980
-0.592754
-1.829378
-0.174600
-1.109882
-0.548318
-0.970253
-0.630029
-3.371318
-0.989499
-0.266669
-1.973765
-2.256029
-1.516090
-3.142930
-0.638728
-1.550475
-0.293325
-0.994210
-0.838672
-1.295328
-0.105313
-0.316055
-0.609807
-0.214531
-0.477260
-0.530748
-1.126456
-2.401124
-2.814479
-0.193434
-0.017932
-0.044181
-1.261065
-2.498736
-0.452500
-0.407198
-0.259487
-0.014940
-0.539919
-0.114097
-0.690084
-0.884752
-1.479880
-2.390439
-2.689995
-0.143673
-0.804298
-0.011056
-0.908929
-0.968976
-1.016258
-1.607943
-0.892196
-2.621938
-1.438473
-0.523594
-1.031661
-0.776729
-0.646284
-0.417919
-0.108400
-0.190885
-1.261765
-3.248261
-1.582908
-0.748048
-0.080492
-1.003817
-0.035907
-2.231689
-1.943612
-0.616550
-3.007950
-0.450275
-0.894240
-0.505687
-0.723730
-0.325233
-0.113443
-0.655745
-0.565742
-1.056715
-1.322453
-0.162435
-0.737483
-2.472375
-0.020135
-0.714425
-1.503354
-0.806417
-1.073836
-1.141291
-1.013930
-0.127370
-0.672000
-1.570987
-1.432091
-0.775939
-1.461807
-2.446212
-3.192718
-0.443036
-2.931692
-0.181161
-1.362446
-0.723298
-0.671839
-1.865340
-0.532188
-1.410354
-0.270986
-0.014071
-0.059463
-4.181134
-0.841384
-1.256303
-1.815617
-0.633924
-0.468090
-0.242417
-2.611630
-0.108635
-1.808085
-1.318625
-0.073717
-1.628282
-0.369743
-0.343964
-1.511602
-0.780442
-1.119103
-0.326688
-2.674816
-0.323312
-0.096238
-2.169077
-0.229981
-0.357248
-0.018366
-0.055778
-1.482174
-0.049871
-0.038827
-0.355933
-0.241599
-2.755672
-1.090343
-1.008489
-1.761911
-1.236466
-1.591130
-0.900329
-1.569457
-0.610877
-0.829024
-0.436307
-0.621801
-0.228590
-4.422894
-0.005588
-0.722488
-3.131747
-2.257070
-0.153534
-0.329553
-0.554109
-1.669632
-0.505613
-0.861929
-0.329268
-1.197647
-0.328617
-0.289266
-0.555269
-0.354119
-0.510082
-1.011220
-1.621975
-0.073365
-0.014606
-0.842490
-1.355199
-0.495870
-0.012866
-2.523261
-1.552548
-0.458347
-0.037118
-0.300315
-0.128966
-1.240332
-0.557664
-1.456378
-0.646849
-0.050347
-3.854286
-2.463962
-0.330812
-0.689185
-1.675431
-0.415582
-0.866736
-0.490100
-1.925387
-1.051376
-0.638209
-1.725719
-0.070399
-1.217380
-0.723918
-2.953660
-3.070087
-2.006915
-3.227095
-0.632875
-0.993024
-2.314266
-0.164003
-1.834341
-1.494166
-0.448607
-0.393248
-0.360946
-0.883717
-1.766974
-3.252140
-0.873807
-1.236393
-0.894194
-1.315676
-0.659777
-1.002838
-1.834492
-2.058098
-1.228369
-0.311692
-0.226072
-1.066340
-0.973839
-0.418930
-1.750344
-2.365453
-0.442562
-0.120273
-1.376801
-1.215480
-0.756607
-0.193217
-1.817578
-1.586748
-0.185416
-1.152795
-1.381324
-0.195536
-1.406645
-0.251918
-0.893515
-0.253443
-0.094858
-0.819922
-2.380385
-0.062868
-1.761990
-0.332904
-0.463504
-0.362449
-0.824834
-0.721411
-0.035228
-0.592960
-2.586874
-0.149983
-4.260968
-0.033207
-0.378126
-1.417787
-1.582600
-0.784156
-0.030010
-1.728071
-0.602827
-0.414968
-0.565672
-0.937819
-0.251339
-1.112614
-0.445320
-1.525091
-1.487949
-0.622903
-0.000651
-1.743653
-2.090552
-1.180689
-0.947815
-2.135837
-1.046793
-1.908313
-0.134684
-1.046327
-0.218120
-1.569059
-0.878085
-0.835145
-0.970253
-0.937577
-0.328870
-0.929841
-0.883299
-0.054940
-1.564686
-1.374560
-0.732250
-0.793331
-1.607944
-0.427398
-1.084881
-1.184247
-1.027423
-0.338496
-1.649148
-1.129934
-0.231224
-0.984547
-1.065475
-1.324439
-0.250077
-2.832856
-0.665537
-3.112466
-2.118587
-1.709523
-0.893326
-0.861180
-0.514630
-2.042121
-0.680862
-1.624572
-0.163060
-1.534987
-0.259574
-0.764329
-0.107087
-0.382504
-3.972268
-1.466974
-3.347890
-0.177598
-1.050689
-3.503882
-2.661198
-0.764850
-2.163020
-1.052811
-0.496554
-1.931478
-1.286740
-0.766046
-1.017520
-0.417332
-1.560552
-2.591907
-0.039651
-0.363188
-0.573533
-0.687522
-0.800508
-0.290555
-1.018471
-2.798740
-1.131087
-2.376808
-1.361288
-1.092914
-0.248625
-0.492331
-0.604798
-0.836427
-0.922656
-2.318863
-0.295716
-0.648825
-2.502709
-0.819552
-0.129806
-0.569977
-0.776404
-1.948228
-0.075167
-0.615958
-1.583329
-0.397354
-0.119048
-1.053673
-2.474520
-0.049675
-1.591170
-0.344908
-1.405943
-0.356029
-0.142997
-0.591378
-0.356530
-0.367625
-1.187068
-0.055737
-4.116042
-0.052544
-1.580108
-0.130212
-1.816125
-1.411533
-1.483724
-0.247742
-0.005659
-1.996768
-0.723342
-0.727631
-0.186105
-1.998851
-0.296756
-0.457981
-2.567584
-0.954785
-1.015969
-1.035855
-0.574816
-0.556089
-0.423190
-0.335234
-1.102783
-0.041968
-0.429738
-1.795464
-0.871944
-0.543510
-1.221678
-1.365396
-1.004447
-0.288730
-0.026532
-0.065591
-1.137608
-0.231729
-0.680393
-1.306858
-0.737548
-0.080713
-0.073754
-0.507318
-3.341775
-0.458623
-1.192465
-0.092075
-1.201283
-1.599995
-0.667329
-0.805801
-1.545975
-0.200278
-1.625383
-1.349962
-1.076409
-1.229923
-1.560333
-0.304971
-1.619754
-0.205054
-0.991251
-0.216112
-0.230677
-0.038390
-0.613763
-0.255742
-0.770116
-0.544630
-0.379041
-1.458651
-1.041187
-1.274770
-1.438652
-0.280290
-0.257667
-1.345073
-0.718245
-0.315148
-0.766975
-0.744460
-1.071455
-0.518089
-0.771994
-1.185152
-1.581250
-0.503056
-1.197879
-1.332435
-1.606170
-0.358326
-0.600544
-0.373583
-0.871851
-0.237729
-3.260889
-0.022067
-0.907333
-0.237692
-0.709533
-3.920945
-1.486040
-0.053210
-1.458004
-0.448744
-0.893421
-3.111258
-0.764911
-3.490730
-1.797430
-0.921478
-1.206338
-0.415267
-0.115561
-1.921493
-0.199425
-2.013012
-1.209784
-0.340778
-0.466117
-1.051163
-1.394366
-3.097398
-0.022581
-2.274417
-0.647569
-3.021419
-0.148757
-1.030229
-1.444672
-1.711387
-0.429953
-0.584693
-0.002729
-0.521479
-0.803431
-0.908150
-0.109531
-1.060511
-0.528067
-0.062108
-1.986879
-0.869829
-0.517009
-3.406519
-1.153414
-0.324561
-0.708897
-1.506829
-0.486843
-0.671113
-1.055143
-0.099134
-0.784722
-0.426033
-0.186379
-0.738307
-0.478495
-0.563113
-1.419694
-1.432021
-0.491842
-0.445443
-0.942800
-0.473803
-1.020778
-0.043193
-0.695226
-0.735954
-0.740545
-0.748530
-1.312109
-1.820186
-0.317902
-2.288324
-2.273553
-0.978621
-0.994153
-0.409551
-0.572185
-0.736428
-0.100984
-1.960918
-0.982211
-0.824597
-2.426093
-1.028045
-1.849625
-1.972420
-0.315986
-0.999204
-1.445325
-1.342654
-0.277610
-0.277316
-0.491839
-0.498101
-0.002421
-1.246414
-0.726889
-1.584791
-1.047214
-1.335406
-0.425531
-0.228911
-0.191394
-2.779759
-2.580688
-0.541208
-1.619650
-0.012221
-1.726787
-0.893656
-0.435684
-0.801678
-1.805108
-0.694895
-1.454204
-0.626525
-1.222173
-0.027849
-1.980076
-2.524787
-2.404934
-1.862659
-0.713540
-2.706267
-0.328877
-0.104155
-0.172206
-0.407301
-0.389927
-0.268141
-0.271799
-2.475393
-1.168249
-0.738886
-1.307402
-0.437399
-0.845528
-1.296632
-0.761799
-0.279609
-0.715657
-1.081850
-1.578268
-3.978264
-2.268009
-0.724396
-0.517346
-1.774556
-0.124400
-0.292790
-0.366701
-0.130213
-0.523398
-1.103320
-1.510664
-1.682967
-0.305424
-1.652768
-0.897695
-0.601574
-0.489834
-1.404741
-1.239070
-0.048532
-0.300423
-0.377873
-0.917289
-2.806483
-0.486740
-0.418332
-1.960520
-0.865614
-2.220274
-2.309076
-0.396975
-0.842863
-0.478410
-0.046989
-0.272875
-0.905155
-0.594866
-0.596937
-0.847786
-0.066583
-1.047158
-0.513006
-0.123660
-0.293332
-0.728106
-1.051351
-0.017257
-1.728195
-0.747686
-0.763549
-0.604623
-0.680629
-1.486781
-1.184262
-0.010366
-0.197331
-1.678178
-0.856269
-1.038459
-1.313368
-0.052515
-2.445287
-0.190393
-0.466584
-0.065748
-0.980667
-2.242961
-1.351902
-0.738797
-0.851927
-0.293189
-0.013906
-0.453786
-0.134431
-1.162710
-1.126534
-0.684732
-0.843350
-0.488071
-0.023219
-1.283816
-1.567867
-0.539184
-1.427365
-0.026574
-1.880586
-0.595291
-1.057571
-0.225690
-0.675381
-1.290647
-0.187756
-1.832447
-0.413006
-3.977178
-1.146094
-1.171784
-0.372783
-0.040983
-0.586704
-0.083981
-0.988388
-0.354847
-1.163175
-1.115595
-1.341350
-1.009035
-1.302367
-0.474129
-0.165792
-0.197687
-0.647843
-0.713083
-0.557283
-0.420898
-1.094572
-0.331652
-0.168168
-0.817006
-1.159018
-1.251202
-0.562263
-2.241065
-0.887543
-0.852937
-1.540993
-3.337219
-0.266268
-0.056375
-0.937448
-0.608816
-0.292112
-1.632690
-0.434924
-0.052287
-0.090220
-0.367478
-1.071837
-1.148543
-1.619494
-0.602827
-0.267368
-1.823685
-0.216215
-0.870714
-1.236390
-0.906143
-2.770629
-0.482059
-0.988025
-0.901408
-0.137802
-0.147864
-2.215716
-1.823968
-0.529241
-0.152554
-1.434403
-3.519731
-1.543046
-1.309652
-0.305058
-1.749771
-3.734672
-1.307015
-2.172190
-0.198286
-0.114985
-1.131700
-1.180193
-1.185598
-1.317487
-1.580381
-2.213238
-0.753440
-1.440525
-0.167742
-0.287433
-3.134991
-0.736136
-1.452789
-0.597627
-1.506261
-2.126947
-0.763660
-0.688550
-5.402318
-2.481498
-0.659956
-0.039864
-2.219177
-0.963012
-0.896688
-0.947125
-0.385271
-0.651346
-2.410815
-0.114132
-1.771898
-1.145863
-4.288757
-0.111860
-0.864143
-0.629360
-0.669194
-1.008450
-0.867898
-1.432784
-0.900139
-0.269998
-1.897535
-0.375313
-3.109156
-0.315787
-1.577433
-1.462992
-0.496967
-1.394921
-0.254963
-0.340375
-1.237211
-3.283473
-0.733992
-1.006598
-2.256725
-0.749492
-0.362473
-0.212643
-0.132498
-0.139964
-0.335081
-0.479082
-0.592830
-0.576530
-1.201662
-0.931899
-2.218089
-0.709236
-0.613847
-0.346403
-1.447435
-1.793987
-1.298451
-1.772031
-1.440438
-0.186363
-0.972580
-0.634323
-1.225448
-2.367687
-0.838277
-0.127880
-0.309842
-0.705669
-0.144024
-0.473920
-0.684245
-1.849944
-0.303447
-0.088127
-0.931202
-0.261971
-1.668881
-0.178607
-1.085092
-0.076116
-0.024347
-4.438384
-0.312513
-0.767464
-0.627408
-1.423349
-0.499151
-0.510013
-0.545134
-1.398742
-0.681047
-2.636538
-1.932473
-2.017612
-2.469887
-0.170444
-0.582232
-0.282712
-1.007625
-0.266354
-2.850098
-2.011570
-0.307183
-0.451752
-0.293156
-0.880867
-1.395213
-0.438979
-0.825688
-1.924317
-0.424249
-0.911856
-0.303021
-0.024773
-0.332455
-0.162016
-1.310884
-0.943992
-0.557453
-1.071442
-3.513372
-0.660065
-0.867026
-1.146935
-1.014070
-1.413574
-0.410106
-2.389555
-1.841513
-0.096695
-1.348408
-0.177062
-0.718361
-0.536055
-0.859755
-2.467710
-0.035386
-0.217433
-1.618068
-0.628527
-0.443774
-0.289897
-0.413631
-0.867821
-0.894798
-1.568256
-1.275866
-0.158587
-0.818454
-0.790600
-0.341417
-0.175159
-0.720301
-0.119969
-0.479036
-0.919978
-1.033869
-0.117414
-2.229825
-0.002922
-0.375147
-0.040703
-0.026833
-1.085142
-2.486614
-0.628498
-1.127264
-0.264130
-0.295621
-0.548711
-0.223885
-2.249080
-0.228557
-1.028056
-3.245317
-0.619887
-2.612259
-0.106934
-3.047594
-0.632355
-0.108569
-0.290164
-1.034726
-1.016968
-1.564537
-1.209366
-1.885058
-0.581134
-1.789205
-0.640940
-0.434512
-1.455128
-0.630132
-0.199215
-1.276011
-0.464622
-0.465777
-1.719759
-1.232081
-0.519353
-0.002786
-0.890813
-0.507416
-1.028321
-1.097201
-0.858645
-0.170477
-0.831618
-0.050495
-0.326975
-1.517799
-1.751290
-0.768389
-1.519397
-0.554018
-0.663025
-0.924706
-0.655186
-0.390094
-1.821255
-0.557519
-3.181767
-0.339937
-0.149987
-0.016333
-1.912809
-1.892882
-0.054600
-0.357669
-0.645597
-0.414364
-2.063679
-0.183233
-0.164035
-1.772589
-0.453902
-0.486231
-0.804764
-0.057211
-0.048538
-0.614259
-1.147856
-0.404544
-0.027753
-0.520179
-0.512070
-1.001728
-2.181569
-0.855762
-2.171039
-0.355461
-0.103270
-0.327919
-1.366622
-0.797278
-2.787243
-0.390329
-0.388617
-0.051778
-0.068978
-0.710215
-0.695235
-0.072333
-0.066505
-1.639505
-0.463588
-0.391492
-1.365355
-1.426566
-0.488959
-0.045534
-0.042744
-1.905185
-0.062431
-1.466891
-0.007824
-1.145859
-0.718681
-0.581471
-2.382249
-2.828253
-1.188500
-0.502524
-0.815882
-0.039376
-0.544678
-1.557334
-0.778152
-0.735608
-0.395625
-0.764878
-0.961182
-2.855003
-0.852759
-1.430800
-0.788379
-2.517513
-2.831918
-1.409651
-1.408962
-0.437563
-2.801427
-3.468326
-1.403699
-0.048553
-0.264289
-0.191934
-0.663842
-0.621456
-1.246537
-0.845994
-0.298225
-2.154659
-0.220308
-1.063254
-0.203531
-3.224339
-0.872946
-0.016744
-0.546308
-0.881507
-0.549176
-3.093361
-4.760032
-2.372590
-0.888201
-0.391455
-0.290190
-3.270576
-1.104579
-0.901341
-0.316661
-0.010327
-0.416293
-2.084556
-0.356444
-2.418559
-1.530499
-3.077188
-1.479925
-0.863868
-3.298641
-0.008090
-0.870566
-0.631453
-0.474267
-0.591575
-0.881208
-0.153704
-0.324493
-1.496893
-1.363783
-1.341831
-3.798819
-1.171670
-0.331224
-1.978935
-1.198187
-1.017131
-5.061894
-1.821819
-0.115907
-0.737235
-1.158430
-1.249551
-0.593010
-1.331021
-1.059878
-1.057444
-1.126905
-1.160305
-0.967375
-0.034055
-1.376210
-0.133527
-0.105347
-2.650271
-1.279137
-0.401272
-0.125530
-3.248726
-0.850052
-0.009393
-1.219882
-0.227979
-0.802576
-0.071643
-2.615160
-2.056743
-0.018530
-2.522507
-1.256747
-1.082452
-0.010406
-1.021291
-1.365170
-1.085478
-0.498997
-5.535572
-0.863954
-0.025955
-0.248945
-1.098219
-0.284455
-0.341983
-0.532521
-0.210698
-0.185300
-1.126584
-0.162909
-2.122725
-1.826137
-0.700885
-0.101147
-0.724519
-1.605524
-1.046802
-0.014440
-2.156916
-1.113224
-1.081577
-1.040166
-0.642027
-0.550971
-3.553836
-2.691796
-0.161983
-0.236539
-0.226179
-0.175240
-1.558902
-4.614108
-0.281367
-1.279889
-0.119703
-0.666853
-1.351866
-1.141637
-2.168444
-0.855278
-2.017352
-0.002157
-0.105081
-0.214343
-0.445719
-0.059991
-0.848662
-1.051962
-3.608719
-2.202403
-2.600610
-0.305672
-0.382803
-0.475997
-2.622149
-0.460387
-1.726931
-1.487852
-0.428535
-0.811413
-0.289134
-1.751415
-0.757714
-0.764045
-0.336733
-0.921407
-0.299100
-2.965401
-0.400630
-1.417218
-1.889670
-1.588658
-0.035441
-0.037002
-0.750945
-1.238416
-1.122716
-1.246562
-3.175493
-0.966525
-0.109759
-0.759700
-0.998583
-0.132685
-1.781313
-1.033250
-1.272244
-0.038193
-2.391781
-2.028636
-1.884569
-2.041797
-0.179914
-2.731218
-1.512487
-2.557875
-1.283778
-0.420434
-0.608541
-1.475803
-0.924823
-0.891189
-1.107541
-0.910916
-0.720300
-0.545744
-0.149061
-0.050170
-1.588102
-0.477360
-0.156959
-0.045061
-1.482189
-1.921906
-1.014666
-1.385456
-1.201763
-0.639412
-2.733461
-0.139028
-1.112696
-1.178279
-1.284104
-0.306348
-0.113929
-0.114802
-2.359082
-1.230927
-1.063161
-1.314127
-2.291308
-0.815680
-0.506494
-3.228604
-0.260638
-1.377956
-0.814167
-0.193432
-0.219888
-1.570727
-0.546621
-0.634908
-2.177756
-3.066234
-0.099215
-1.624421
-0.290718
-0.513836
-0.445799
-0.265844
-1.665215
-0.393298
-1.836805
-0.217343
-2.020848
-0.466305
-1.751995
-0.800075
-1.458009
-0.098728
-1.773790
-1.740568
-1.586412
-0.466462
-1.620274
-0.774451
-0.307254
-0.075815
-0.204074
-0.035376
-1.591207
-0.612474
-0.453693
-1.021801
-0.502104
-0.520987
-0.227617
-1.210568
-1.474659
-0.565656
-0.365672
-0.677727
-0.104936
-0.344897
-0.556809
-0.466596
-0.297610
-0.257122
-0.232348
-0.418723
-0.886570
-2.404796
-0.349199
-0.306349
-1.515398
-0.896281
-3.126327
-1.196393
-0.663636
-3.168793
-2.501781
-0.152418
-1.832741
-0.870793
-0.559702
-0.262511
-1.734380
-1.615309
-0.129799
-1.652167
-1.333793
-0.656672
-0.344868
-1.100258
-0.074810
-0.223556
-0.121712
-0.512063
-0.326780
-0.090838
-0.552865
-0.336159
-1.772589
-2.283647
-0.281795
-1.326239
-1.033587
-0.530446
-0.990166
-3.021445
-1.016327
-0.275991
-0.116699
-0.246286
-1.979536
-0.858909
-0.458677
-0.096502
-2.139254
-0.114921
-0.013199
-0.181146
-0.146639
-4.928051
-0.286915
-0.349463
-0.043389
-0.272536
-1.859146
-0.595263
-0.086696
-0.393513
-0.035487
-1.484662
-1.218613
-1.922334
-1.306052
-0.827072
-0.604734
-0.694049
-0.213702
-0.286739
-0.109898
-0.415007
-0.550808
-0.023403
-0.191726
-0.129279
-0.579011
-1.171955
-0.212863
-0.486096
-1.475919
-2.966090
-1.676317
-1.484346
-1.816004
-0.384545
-0.260058
-1.368095
-0.847844
-1.607101
-2.127342
-0.024324
-0.866980
-0.350294
-0.648301
-1.105871
-3.012589
-0.078991
-0.338691
-0.111661
-1.651265
-3.712070
-0.108898
-2.467220
-2.195241
-2.222788
-0.326332
-0.639294
-1.271422
-1.383417
-2.752754
-0.649969
-0.200348
-1.346842
-1.095264
-1.831534
-1.996896
-1.094568
-2.573484
-0.360217
-0.127044
-2.069310
-2.136111
-0.320739
-2.672730
-0.532966
-0.208747
-0.186080
-0.641608
-2.512961
-0.066920
-0.547386
-1.908435
-0.639298
-1.351331
-0.214409
-0.895374
-1.462621
-0.516435
-1.604712
-1.016844
-1.025618
-1.549689
-0.820897
-0.392620
-1.388943
-0.225668
-1.798940
-0.438905
-1.280944
-0.410591
-6.682105
-2.591498
-1.510791
-0.025924
-0.017815
-0.637867
-1.861527
-0.771983
-0.042525
-1.876654
-0.297760
-0.011900
-1.124627
-1.831311
-1.491990
-0.349121
-1.439718
-0.248521
-0.081937
-1.891229
-2.151467
-0.681916
-0.383382
-1.271560
-0.775562
-0.670899
-0.394862
-1.242221
-2.304929
-1.672553
-0.266185
-2.123322
-0.661070
-0.870439
-0.253834
-2.974241
-2.182063
-0.096658
-0.853097
-1.821479
-1.507245
-0.495420
-2.065758
-0.066097
-2.505312
-1.892305
-1.920786
-1.869156
-1.049141
-1.044803
-0.146227
-2.271300
-1.151589
-3.033775
-1.380387
-0.077509
-0.812923
-1.295950
-0.125097
-0.637208
-1.035924
-0.125250
-1.547434
-0.936334
-3.414739
-2.228842
-1.638886
-0.696826
-0.938540
-0.334794
-1.550912
-1.939174
-2.407735
-0.196543
-1.238633
-0.645473
-0.176981
-0.594276
-2.475210
-0.933716
-2.483395
-0.470664
-0.127793
-0.210419
-0.187699
-0.620522
-0.238014
-1.406799
-0.240967
-0.477195
-1.139830
-0.458643
-0.385231
-0.139101
-0.622644
-0.238785
-2.224295
-0.105050
-0.240413
-0.999616
-0.562586
-0.051663
-1.902443
-0.315905
-0.093263
-2.352258
-0.739446
-0.785914
-0.961220
-0.079767
-1.741677
-1.814851
-1.398842
-0.165976
-0.442524
-2.332589
-0.753972
-0.779749
-0.095164
-0.853738
-0.048464
-0.162840
-0.028553
-1.863507
-0.388115
-0.391305
-0.654077
-0.518610
-0.512910
-4.167054
-1.480681
-1.023210
-0.036207
-2.294160
-3.384026
-2.173608
-1.669192
-0.659264
-0.190601
-0.547611
-0.308139
-2.068515
-1.037817
-2.048370
-2.770271
-4.715303
-1.871581
-0.495449
-0.344312
-0.392154
-0.481537
-1.016599
-1.298333
-0.282037
-0.079872
-1.099596
-2.411707
-0.075682
-0.275659
-0.457493
-1.669758
-0.723688
-1.126997
-0.040555
-0.727176
-0.629823
-0.933760
-0.403352
-0.602741
-1.223810
-1.001397
-0.491636
-0.380737
-1.921194
-1.614343
-0.781315
-0.018633
-1.597439
-0.882027
-0.506702
-1.680020
-1.474464
-0.852171
-0.981840
-0.399372
-1.494308
-0.252378
-2.272948
-3.401009
-0.518257
-1.410777
-0.428899
-0.109208
-1.556360
-1.069217
-0.015044
-0.907765
-0.389109
-0.663238
-0.300679
-2.268557
-2.497471
-1.718057
-0.813212
-0.955975
-0.244552
-1.221664
-0.857434
-1.765896
-0.064813
-0.055969
-3.073485
-0.150772
-1.614023
-1.772093
-0.649520
-0.117892
-1.340150
-1.568757
-0.425849
-1.536078
-0.619490
-0.455158
-0.852708
-1.107879
-1.061935
-1.115242
-0.642263
-1.550312
-2.235080
-0.192273
-2.145609
-1.416744
-1.747601
-1.272709
-0.319703
-1.408752
-0.084414
-1.215145
-2.615708
-0.127553
-1.540548
-0.696558
-1.942794
-0.944986
-0.023599
-1.064524
-0.398854
-0.903317
-1.213509
-1.573021
-0.326406
-4.825764
-0.076857
-1.163203
-0.548918
-1.778760
-0.193587
-3.864780
-0.219222
-0.016570
-1.019335
-1.809363
-1.388071
-0.249351
-1.200781
-0.937211
-0.514820
-0.141575
-0.371082
-0.709737
-0.563129
-0.707225
-0.444670
-1.700063
-0.490376
-0.265386
-0.179735
-0.808399
-1.429841
-1.268467
-1.132577
-0.814288
-1.238559
-0.733684
-3.732943
-2.190048
-0.379327
-1.162491
-0.115339
-0.868973
-0.283704
-0.930327
-2.766638
-0.736639
-1.183661
-2.326646
-1.287021
-2.984578
-0.160075
-1.950514
-0.531960
-2.468147
-0.222146
-0.981100
-0.529448
-0.354170
-0.264097
-2.667518
-0.582699
-0.626798
-0.543958
-1.552438
-1.466368
-0.235317
-0.778189
-1.156998
-0.157371
-1.299187
-1.498017
-0.576187
-2.482621
-1.283768
-0.486817
-0.733302
-1.078058
-1.277553
-1.123696
-2.042935
-0.362094
-2.626297
-1.188633
-0.171179
-0.131934
-1.602209
-0.281992
-0.721154
-1.163897
-1.304550
-2.168359
-1.461004
-0.211226
-1.530371
-0.466544
-0.232006
-1.521400
-0.758875
-0.887678
-2.021770
-0.638909
-1.183824
-0.331056
-2.170962
-0.019537
-1.139467
-0.904877
-1.784421
-1.117389
-0.568697
-0.000980
-1.234830
-0.696762
-1.783405
-0.901756
-0.570325
-2.178431
-0.066755
-0.661872
-1.993129
-0.880931
-0.697298
-0.391229
-0.120864
-0.177141
-2.366610
-0.015803
-0.429054
-0.842131
-0.441480
-1.858455
-0.991329
-0.409124
-1.995250
-0.325378
-1.455521
-1.826042
-0.048609
-3.168876
-0.034536
-2.315880
-0.135580
-0.327348
-0.269726
-0.853072
-0.892102
-0.161025
-0.887185
-0.362060
-1.831094
-3.162825
-0.157918
-1.087909
-1.818863
-0.755185
-2.188944
-0.031798
-0.421563
-0.820726
-2.118095
-0.480863
-0.317823
-3.808192
-1.016990
-0.670184
-0.031340
-0.255746
-0.039810
-0.203125
-0.493627
-0.405434
-1.237627
-0.149627
-0.369130
-0.611853
-0.048271
-0.261961
-0.606829
-2.246648
-2.262196
-0.537018
-0.263742
-0.839177
-0.175147
-0.225167
-1.373987
-0.139944
-2.741878
-1.122559
-0.582240
-0.407010
-1.681229
-0.014852
-0.967721
-1.019162
-0.958179
-0.839828
-3.706793
-1.333405
-0.137397
-1.509282
-0.245258
-2.161812
-0.548780
-0.265040
-0.103747
-2.287067
-0.527564
-0.764659
-1.310470
-0.730295
-1.368990
-0.711319
-0.516240
-0.706318
-0.194095
-0.805590
-0.183645
-1.092446
-3.383898
-0.412879
-1.115979
-0.110724
-1.984419
-0.536925
-0.719588
-0.478043
-0.507053
-1.736679
-2.778830
-0.081533
-7.405577
-0.761991
-1.575697
-0.043097
-0.713832
-0.480458
-0.061079
-0.409264
-1.062260
-0.944766
-1.073953
-0.809791
-0.624327
-2.120198
-1.014535
-0.117464
-0.620667
-0.700046
-0.153870
-1.207199
-0.377184
-0.361929
-0.162881
-0.005060
-0.069330
-1.300832
-0.613496
-3.614891
-0.301671
-0.610920
-0.572971
-0.968458
-0.616687
-0.000452
-3.166130
-0.651312
-0.138010
-0.433191
-2.518352
-1.267168
-1.649086
-0.349639
-2.651545
-0.496390
-0.567837
-1.123510
-0.703686
-1.674683
-3.370970
-0.534363
-0.164564
-0.529001
-2.150805
-3.637397
-0.877174
-0.630844
-0.141675
-2.189800
-0.688168
-0.713735
-0.087996
-0.134684
-1.346722
-1.027199
-0.586231
-0.763767
-0.064604
-0.054093
-1.556287
-0.626524
-0.577867
-1.098514
-0.309498
-0.647274
-0.454731
-0.248995
-3.065349
-1.034355
-1.277463
-1.709992
-0.538264
-0.228567
-1.340118
-0.025913
-0.345267
-1.018836
-2.594389
-1.769382
-1.268007
-1.452224
-1.761902
-2.219539
-0.085341
-5.172708
-0.248132
-0.790356
-2.251497
-0.593446
-1.373793
-1.999456
-3.437530
-0.776893
-1.731870
-1.272604
-0.044234
-1.024745
-0.334216
-0.103807
-0.944788
-1.034299
-2.296262
-1.473635
-0.988576
-0.003330
-0.000957
-0.541892
-0.399120
-0.535972
-0.304369
-3.032882
-0.258603
-1.496066
-2.051731
-0.129659
-0.594353
-1.129475
-0.938286
-1.633183
-0.198497
-1.237046
-0.782327
-0.296199
-0.374841
-0.856484
-0.490629
-0.837241
-0.289109
-1.561468
-1.548849
-0.234373
-0.470348
-1.133681
-1.160396
-1.137077
-2.347113
-2.454947
-1.104396
-0.453755
-0.510356
-0.262525
-0.972465
-2.588319
-0.974959
-0.574755
-1.247558
-0.865800
-1.788336
-1.890284
-1.728508
-0.188864
-0.670500
-1.015109
-0.307258
-1.351421
-0.204703
-0.810174
-0.228759
-0.540389
-0.537964
-0.824297
-1.051261
-1.045746
-0.300720
-0.027799
-0.182296
-0.109889
-0.135494
-0.041420
-1.197998
-0.158432
-0.420516
-1.254147
-0.643192
-0.222627
-1.005776
-1.268971
-0.249410
-0.614766
-1.197742
-0.073865
-1.184408
-0.247285
-0.809257
-0.303446
-1.014017
-1.635741
-0.721763
-1.217819
-2.026241
-1.908489
-1.186940
-2.052447
-0.109681
-2.327799
-3.036902
-0.810985
-2.281022
-0.817343
-0.032703
-0.255804
-1.118845
-0.598512
-0.515505
-0.581968
-0.168960
-0.205122
-2.133987
-0.309474
-0.498071
-1.604625
-1.369119
-1.367323
-0.556400
-1.096903
-1.017885
-1.099392
-0.992948
-3.523919
-0.715106
-1.033578
-0.540352
-2.059680
-0.193123
-1.354132
-0.628119
-0.679534
-0.851522
-3.742927
-1.729333
-0.176374
-0.067994
-0.012093
-1.709978
-0.430069
-0.164862
-0.603673
-1.027685
-1.000935
-0.186100
-0.383928
-0.023996
-0.136685
-0.215890
-0.267256
-0.548331
-1.183516
-1.580928
-1.646987
-0.345182
-1.724530
-1.739214
-1.052705
-1.024756
-2.884128
-0.985588
-0.259379
-1.228061
-0.422034
-0.273959
-0.376830
-0.644071
-1.527137
-0.637083
-0.555796
-1.106640
-2.247914
-0.115918
-1.750757
-1.602494
-1.409967
-0.318354
-0.452930
-1.299232
-0.175737
-0.039098
-0.852519
-0.693098
-2.827398
-0.086369
-0.041109
-1.260973
-0.923336
-2.083205
-1.858641
-1.033472
-1.605207
-0.482979
-0.989108
-0.216016
-2.951072
-0.437836
-2.624808
-2.037557
-0.014295
-1.204947
-1.323895
-0.656150
-0.859491
-1.382940
-0.704599
-0.717130
-1.912396
-1.788832
-0.683841
-1.266072
-1.606828
-0.151889
-1.289536
-0.180178
-0.054308
-0.648837
-0.207898
-3.111088
-1.073447
-0.218049
-0.446237
-1.033985
-1.294302
-0.562877
-1.248773
-1.295828
-3.572869
-3.395967
-0.024173
-0.261422
-2.556838
-2.665016
-1.947221
-3.389068
-1.580086
-0.269496
-1.733068
-0.235026
-0.100090
-2.408961
-0.120367
-1.474678
-0.066745
-0.439677
-0.254432
-0.447294
-1.261415
-0.657871
-0.420814
-0.822164
-1.186276
-0.754940
-0.668206
-0.308172
-1.623073
-0.033466
-0.637782
-1.563777
-1.957542
-0.765254
-1.144728
-0.775213
-0.190186
-3.351516
-5.350029
-0.378672
-0.404435
-0.473849
-2.559019
-0.005228
-0.343345
-0.790522
-1.800354
-0.683331
-0.475979
-0.191724
-0.872240
-0.731026
-0.198145
-0.173121
-1.517787
-0.446721
-3.102820
-1.374813
-0.571979
-1.257180
-3.047658
-1.486224
-1.471777
-1.602190
-1.021755
-2.518596
-0.079883
-1.909634
-2.477116
-0.767892
-1.344926
-0.562508
-0.772874
-0.390875
-0.471985
-0.540079
-0.753407
-0.651124
-1.641960
-0.897127
-1.571648
-2.657780
-0.279729
-0.236578
-0.204869
-1.868378
-1.491658
-1.124209
-3.153246
-1.592699
-0.423524
-0.442323
-0.829498
-1.101568
-0.151250
-0.376730
-0.124763
-0.424612
-0.619644
-0.146342
-0.611364
-1.658342
-0.225892
-1.324519
-0.073750
-0.504867
-2.077334
-2.041820
-1.676830
-1.541335
-0.328135
-0.068995
-0.395719
-0.183991
-0.801277
-3.270080
-0.256326
-2.683291
-0.119592
-1.047151
-0.352589
-1.060257
-0.438654
-0.158420
-0.753029
-0.053275
-0.257418
-0.920803
-2.359916
-3.833129
-0.129962
-0.181417
-0.631092
-0.645620
-0.313020
-1.113531
-0.395174
-0.832683
-0.547481
-1.198370
-0.922259
-0.351503
-0.403979
-0.220561
-0.844723
-0.271509
-0.565474
-0.803182
-0.644452
-0.736122
-0.328841
-0.496368
-0.277691
-0.721066
-1.774969
-1.716064
-0.276556
-1.150688
-0.731649
-0.123241
-0.052807
-0.491304
-0.536535
-1.146051
-0.240927
-0.838856
-0.942316
-0.499900
-0.441614
-0.705373
-1.063469
-0.517352
-2.537014
-0.798076
-0.919957
-1.574699
-0.164003
-0.320729
-0.271596
-1.860338
-1.464653
-0.580253
-0.683768
-1.947889
-0.440701
-1.536341
-0.194590
-1.834662
-0.433935
-1.673163
-3.470861
-0.101874
-0.549622
-2.386440
-0.680802
-0.853080
-0.767010
-0.269901
-0.162175
-0.815519
-2.927338
-0.384997
-0.766223
-0.911340
-0.065805
-0.527244
-1.919907
-0.454434
-0.690258
-0.170093
-1.263124
-0.105240
-1.177965
-0.152396
-0.403348
-1.394421
-1.282284
-1.543993
-1.022758
-1.161404
-0.337359
-1.198093
-0.503872
-0.987092
-0.845612
-0.861058
-1.082313
-0.370175
-1.107700
-2.488313
-0.022013
-1.021161
-0.324789
-2.609643
-0.483579
-0.578157
-0.329629
-2.713163
-1.704752
-0.728337
-0.868037
-1.499847
-1.807942
-0.101785
-1.038631
-0.854785
-0.770758
-1.788995
-1.450696
-1.510612
-0.488410
-0.274116
-0.417044
-0.788377
-0.945757
-3.317828
-0.784467
-0.514686
-0.345034
-0.019040
-0.757587
-0.663707
-0.390039
-0.682581
-0.412698
-0.997956
-1.547865
-2.104247
-0.835227
-0.987121
-1.746344
-2.205444
-0.232839
-3.168289
-1.121816
-0.672090
-1.744808
-2.396795
-0.868232
-0.819803
-1.241422
-1.578635
-0.435514
-1.928656
-1.408503
-1.709571
-0.208360
-1.150288
-0.854788
-1.323493
-0.310081
-0.234573
-0.538205
-1.189779
-0.304794
-0.194895
-1.419154
-1.582666
-1.153311
-0.975525
-0.280182
-0.366225
-0.391600
-0.020912
-0.730095
-3.693285
-2.210863
-2.531732
-0.744688
-0.805555
-0.388180
-0.815901
-0.813167
-0.054937
-1.631167
-0.202410
-2.203025
-1.718709
-0.213033
-2.062204
-0.624674
-0.742871
-1.217351
-1.447190
-0.713930
-1.213130
-0.227723
-0.794245
-0.368266
-0.073990
-0.743114
-1.167971
-1.870969
-2.061517
-0.126892
-1.484239
-2.952788
-4.421978
-0.928320
-3.175446
-1.117161
-0.023808
-1.640380
-0.996517
-1.962528
-0.150115
-0.181169
-2.486663
-0.077363
-5.195724
-0.882074
-0.445476
-1.237600
-1.897420
-0.913964
-1.685833
-0.388968
-1.518913
-0.190767
-1.310894
-0.959497
-0.051420
-0.913166
-0.052216
-0.018678
-1.818631
-0.851536
-0.803451
-0.720262
-0.402844
-1.009303
-0.131488
-0.640058
-0.400613
-1.434903
-0.819316
-0.102178
-0.950181
-0.492951
-0.092230
-0.025325
-0.427284
-0.219638
-1.553558
-0.703136
-2.447747
-1.058061
-0.139242
-0.040133
-0.474924
-1.797206
-1.059868
-0.899121
-0.562125
-0.132660
-0.564470
-1.976632
-0.653107
-0.838036
-0.542195
-0.511497
-0.526174
-2.018253
-0.000201
-1.014186
-0.715885
-2.009002
-0.839493
-1.480315
-1.356353
-0.852293
-3.407889
-1.320801
-0.175338
-0.487813
-0.206664
-0.112739
-1.177403
-0.798734
-2.818836
-0.001432
-3.761042
-0.194282
-0.343562
-0.872746
-1.907682
-0.675922
-2.027860
-0.454953
-0.843531
-0.735546
-2.698119
-0.080429
-2.011993
-0.959567
-0.474021
-0.164807
-1.257358
-2.809254
-2.462144
-0.008382
-0.873384
-1.022204
-1.385264
-0.594063
-0.179420
-1.590050
-1.732865
-1.484123
-1.533677
-0.226669
-0.777350
-1.617629
-1.182998
-1.451715
-4.191285
-2.050722
-1.667765
-1.196268
-0.517759
-0.787622
-1.628586
-2.454776
-0.123446
-0.311930
-0.722173
-0.005587
-0.866527
-0.794207
-0.199768
-0.248424
-0.753432
-1.916707
-0.902019
-0.602392
-1.361747
-0.648353
-0.324325
-0.551707
-0.716922
-0.678160
-0.398157
-2.150718
-0.074982
-0.049725
-1.102624
-0.623709
-0.022338
-0.183147
-0.779197
-0.036570
-0.246777
-0.782909
-0.411334
-2.570287
-0.341862
-0.181171
-0.823895
-0.561571
-0.523124
-1.364756
-0.928622
-0.568506
-1.379823
-0.293151
-0.202548
-0.392482
-0.833750
-1.887975
-1.048878
-1.695187
-1.380739
-1.164950
-0.459188
-0.225863
-1.025088
-1.362425
-0.821850
-0.748297
-0.114114
-3.513011
-2.540538
-0.478152
-0.724574
-1.065849
-1.458725
-1.377678
-0.451415
-0.614508
-1.775644
-2.351913
-1.256403
-0.039068
-0.046728
-2.857317
-1.253767
-0.367586
-1.403971
-0.163723
-2.657672
-1.166439
-1.123061
-0.696806
-2.621253
-0.762986
-0.311279
-0.297501
-2.022545
-2.651121
-0.246187
-1.928875
-0.304739
-0.143422
-0.227787
-1.179122
-2.085266
-1.799868
-0.010677
-0.504227
-0.055198
-2.076182
-0.650824
-0.530788
-4.592813
-1.025163
-0.700005
-0.916288
-1.573021
-1.258788
-0.149402
-0.526705
-0.705347
-0.267847
-1.294239
-0.950608
-0.848905
-0.927910
-0.402922
-0.380179
-0.785139
-2.813804
-1.350579
-1.097059
-0.102044
-1.616700
-1.404923
-0.491668
-1.464948
-0.399405
-2.142616
-0.789209
-2.069566
-1.465291
-0.028195
-1.493333
-2.261435
-3.212425
-3.263096
-0.538314
-1.789473
-0.170697
-0.251408
-0.894690
-0.698956
-0.924632
-1.981609
-0.317412
-0.986940
-1.343218
-1.082837
-1.927582
-0.894072
-0.184775
-3.765479
-0.953674
-0.966532
-0.897252
-0.691002
-0.268537
-0.922287
-0.983476
-0.644527
-1.539821
-1.723482
-3.205332
-0.214022
-0.222341
-0.414216
-1.008278
-0.186880
-0.117628
-0.677544
-0.853325
-1.358622
-1.577756
-1.778083
-0.375779
-0.616996
-0.366229
-1.098186
-0.859156
-1.018168
-0.448551
-1.525064
-1.389172
-1.433165
-1.845566
-0.042873
-0.594124
-1.557862
-3.318708
-0.331303
-1.053518
-1.243983
-0.134668
-0.274422
-0.166189
-1.153925
-0.665636
-0.819789
-1.470839
-0.758243
-1.721245
-0.528439
-1.562702
-0.581403
-0.715666
-0.274359
-1.496785
-0.276150
-0.816688
-2.131108
-1.547669
-0.041997
-0.659459
-1.067601
-0.287923
-0.108973
-0.756375
-0.402153
-2.095572
-0.722821
-1.830047
-0.282246
-1.310353
-1.210271
-0.110295
-0.951988
-0.525781
-0.159621
-0.004446
-1.629207
-1.058131
-2.553660
-2.843761
-2.149117
-0.979286
-0.449146
-0.313534
-0.714380
-1.278944
-0.347629
-0.245039
-0.023884
-0.683554
-0.625441
-1.857892
-0.542259
-1.004547
-0.119391
-2.143740
-0.164412
-0.560357
-2.859130
-0.193853
-2.244665
-0.854663
-0.128668
-0.679851
-1.288366
-0.603130
-0.342273
-3.950478
-1.933236
-2.224523
-1.905898
-0.500667
-0.594300
-0.483327
-1.496675
-0.809170
-1.206210
-0.537618
-1.277485
-2.119561
-0.507356
-1.770998
-0.319178
-0.141508
-0.831454
-0.453934
-2.729420
-1.167395
-2.565678
-0.044467
-2.127646
-1.879120
-0.303322
-1.685401
-0.366355
-0.510345
-2.896864
-0.833435
-1.278318
-0.763430
-0.173353
-0.756231
-0.019240
-4.192899
-0.571323
-0.542932
-1.633079
-0.336915
-1.143764
-1.881972
-1.832064
-1.268603
-3.133537
-0.779084
-1.248585
-1.067204
-0.754213
-3.419045
-0.860494
-0.237355
-0.934189
-3.752807
-0.780151
-1.117008
-0.174508
-1.527107
-0.796307
-0.541327
-0.588637
-1.326115
-0.350857
-0.550923
-0.264175
-0.382353
-0.494472
-0.721595
-1.587059
-0.763139
-2.437149
-1.285714
-0.072992
-0.332852
-0.591270
-0.635371
-0.156778
-0.803927
-1.234254
-1.520873
-1.122116
-0.762169
-2.697947
-0.511102
-0.584048
-0.932607
-0.056173
-0.501964
-0.838839
-0.113231
-0.202570
-0.089811
-1.110844
-0.165687
-1.612996
-0.871715
-0.381376
-0.240163
-0.082931
-0.070182
-0.866011
-0.006824
-0.451029
-1.692924
-0.416391
-0.471392
-1.430778
-1.799759
-2.017720
-1.037563
-0.381539
-2.653133
-0.467019
-0.557495
-0.371545
-0.895017
-0.474633
-1.119430
-2.418340
-2.783759
-0.859674
-0.108967
-0.296347
-1.025305
-0.938359
-2.289297
-0.406458
-0.920760
-0.660669
-0.218760
-0.111299
-0.237753
-0.068080
-0.475195
-0.291655
-0.467783
-2.094223
-1.515802
-0.362482
-1.960559
-0.010711
-1.092812
-2.928289
-0.301158
-0.834343
-0.319390
-2.015513
-0.703291
-0.260729
-1.179375
-0.032737
-0.696297
-0.072386
-1.633700
-0.708023
-0.224636
-2.335916
-2.756775
-0.523573
-1.757754
-0.546163
-0.396532
-0.770546
-0.630365
-1.442371
-0.763813
-3.264690
-0.426910
-1.961629
-0.698871
-0.011035
-0.959395
-1.182978
-1.385082
-0.049349
-0.583197
-0.491801
-5.077090
-1.523504
-1.517716
-0.207275
-1.801094
-2.277539
-0.643970
-0.337333
-0.953116
-1.103146
-0.173773
-0.332736
-0.567124
-1.114315
-1.041888
-0.339438
-1.837591
-2.176302
-0.763092
-0.640376
-0.171560
-0.064501
-0.439868
-1.556047
-0.579572
-0.177774
-1.100203
-0.813066
-0.282647
-0.959573
-2.912886
-2.255523
-1.158176
-1.102110
-1.319361
-0.121933
-0.513809
-0.400700
-0.117647
-2.061707
-2.365837
-2.100162
-1.342394
-2.012398
-0.519606
-0.058325
-0.217800
-3.499579
-0.404721
-1.078442
-1.841212
-3.530684
-2.247865
-0.291430
-0.215842
-0.219715
-2.188211
-0.536083
-0.077171
-1.496681
-0.405258
-1.444140
-0.958957
-1.439508
-0.487628
-0.795351
-0.658134
-1.000311
-1.252974
-0.388402
-1.090046
-1.478559
-0.823768
-0.648465
-1.589485
-0.503328
-2.528012
-3.116529
-2.248980
-0.147578
-0.455510
-0.496174
-3.040817
-2.350885
-1.017716
-0.054447
-1.347764
-0.709890
-2.069641
-0.897820
-1.188970
-0.820030
-0.965366
-1.226203
-0.548261
-3.503303
-2.960436
-0.963527
-0.975851
-0.090518
-1.652764
-0.312864
-0.012630
-1.143113
-0.312577
-0.612835
-0.147144
-2.163588
-1.217061
-1.139010
-1.149516
-0.324614
-0.561487
-0.989185
-0.177522
-0.166064
-0.815683
-0.422325
-1.353768
-0.097640
-1.573974
-0.057369
-0.058436
-1.967211
-0.790596
-1.121899
-1.268776
-0.371293
-1.343869
-0.278343
-1.117874
-0.537703
-0.637574
-1.993010
-0.206309
-1.562609
-1.765971
-1.238480
-0.232579
-0.651322
-1.558341
-0.059846
-0.009322
-1.187441
-1.217196
-0.255573
-0.430639
-1.057160
-0.544864
-1.417220
-0.982281
-2.202636
-0.283628
-0.478488
-0.313542
-0.417806
-2.231844
-0.438177
-0.284077
-0.181489
-1.081078
-1.093459
-2.554684
-1.149959
-2.296881
-1.304429
-1.140977
-1.500572
-1.614460
-0.153587
-1.648323
-1.338097
-2.902811
-0.874895
-1.633599
-0.620797
-0.501272
-1.366171
-1.988382
-2.373767
-0.015371
-2.710888
-0.170071
-1.014089
-0.566257
-0.933812
-0.105593
-0.168231
-2.390205
-0.552781
-0.187289
-0.174926
-0.133091
-0.786371
-0.085517
-0.183094
-0.571176
-0.472831
-0.039999
-0.579235
-0.661759
-0.677901
-1.873113
-1.396624
-0.367750
-0.499736
-0.250491
-2.285756
-1.633030
-1.072608
-0.360760
-0.425347
-0.472686
-1.025671
-2.863128
-0.714121
-1.133260
-2.958778
-4.092619
-0.489502
-0.662938
-0.840871
-0.481892
-0.220669
-0.311070
-0.192886
-0.783711
-0.235703
-0.416038
-1.391877
-2.934274
-1.436724
-0.127644
-1.838762
-1.481596
-0.231067
-1.640040
-0.591881
-0.497422
-0.230027
-0.073160
-0.901165
-1.049096
-2.909288
-0.905549
-1.564642
-1.581259
-1.599791
-0.715751
-1.666254
-0.734459
-0.170431
-0.420004
-1.096233
-0.356504
-1.529910
-0.038192
-1.250590
-0.402799
-0.465945
-0.084760
-1.820707
-1.124232
-0.583241
-0.604524
-0.601141
-0.117632
-1.498989
-0.494940
-1.568822
-1.855335
-0.618189
-0.809308
-0.854720
-0.047167
-1.955034
-0.490655
-0.538660
-0.344215
-2.176034
-1.952237
-0.452836
-0.879657
-1.074539
-0.087875
-1.361689
-0.873127
-0.578957
-2.380960
-0.372456
-0.036356
-0.214611
-1.281234
-0.664157
-1.853054
-0.724859
-2.119454
-0.542595
-0.045117
-1.424373
-1.849047
-0.183336
-1.954439
-0.370483
-0.941401
-1.428980
-0.891035
-1.993330
-0.773033
-0.112222
-0.306766
-1.383691
-1.542999
-0.986346
-0.132077
-0.755567
-1.020025
-1.188120
-2.237497
-0.535356
-1.609721
-0.740069
-0.480596
-0.163335
-0.475543
-1.297306
-1.008839
-1.340797
-1.651044
-0.677289
-0.422345
-2.305160
-0.188949
-0.602611
-2.220044
-0.932131
-1.394641
-0.859004
-1.065468
-1.574948
-0.578703
-1.077794
-1.016706
-0.089973
-1.668817
-1.058157
-0.276064
-0.425399
-0.542721
-2.287482
-0.952283
-0.246451
-0.045437
-0.632397
-0.943818
-0.867067
-1.581194
-0.774492
-0.198110
-1.073039
-0.659983
-0.092318
-4.098835
-0.749921
-0.572820
-0.860873
-1.498342
-3.143040
-1.003382
-0.229434
-0.817939
-0.326672
-0.575360
-0.084598
-0.695415
-0.540542
-1.100130
-0.518026
-0.182455
-0.120341
-0.409439
-1.547914
-0.733224
-0.352400
-0.594632
-0.864581
-0.252655
-0.543784
-0.640048
-0.620248
-2.135060
-0.291596
-0.587656
-0.673676
-0.628050
-0.175629
-0.219549
-0.599103
-0.532817
-2.052932
-2.633915
-0.910015
-0.520566
-3.216442
-0.417224
-2.616894
-0.457932
-0.770386
-1.375113
-0.811085
-0.309409
-0.904042
-2.047958
-2.506326
-0.862828
-0.469129
