-0.972852
-0.523972
-0.756640
-1.228789
-2.266145
-1.149074
-3.740263
-1.054044
-3.982768
-4.213765
-0.474053
-2.250640
-0.526320
-1.083139
-1.003933
-0.619213
-0.777205
-0.681456
-1.081089
-0.329001
-0.058509
-0.067032
-2.458319
-1.804920
-1.962990
-0.685422
-1.288821
-0.421991
-0.370739
-3.611471
-0.408960
-0.704052
-0.871974
-2.427723
-0.081992
-0.382264
-1.365486
-1.194944
-1.502610
-1.196249
-1.815174
-0.706841
-0.291211
-2.878126
-1.697254
-1.553496
-0.683086
-2.341991
-0.923912
-2.033838
-3.012811
-1.494713
-0.464880
-0.538777
-0.157490
-0.422416
-1.304883
-3.068290
-4.356484
-2.114128
-0.747863
-1.849615
-0.622197
-0.237889
-0.950255
-0.795590
-1.082583
-0.599625
-1.482774
-0.816213
-1.734006
-5.070493
-1.864864
-0.689560
-3.976759
-0.156467
-2.128279
-1.687049
-0.969993
-0.560280
-1.311382
-0.986391
-0.819046
-0.163905
-2.881110
-2.032842
-1.440915
-0.592238
-0.623647
-0.688268
-0.089325
-4.271064
-1.080116
-2.309749
-2.053200
-0.586222
-2.835461
-0.361783
-2.020511
-1.032424
-2.653012
-0.910633
-0.309293
-3.835064
-0.996464
-1.652886
-0.057659
-2.191829
-3.574692
-0.940041
-1.651198
-0.122517
-0.804500
-0.788725
-1.850387
-0.746654
-0.284672
-3.311590
-3.915928
-3.425097
-0.608121
-0.803174
-0.823834
-6.004232
-0.608206
-0.491225
-0.060365
-2.708918
-0.661540
-0.863208
-0.604149
-0.847410
-1.059296
-2.089634
-0.265552
-0.229148
-0.420935
-4.291984
-1.289268
-6.102790
-0.506716
-1.313932
-1.640327
-2.635467
-2.217632
-0.347454
-2.947599
-1.608581
-0.817099
-1.637526
-8.325614
-0.342860
-1.010905
-0.948199
-0.310598
-5.418984
-1.296033
-0.351087
-0.357464
-1.012653
-0.266913
-2.349593
-0.403771
-0.307926
-0.566142
-2.507677
-1.214382
-2.943553
-2.084188
-2.322308
-0.221588
-0.025584
-2.788345
-0.512996
-5.734923
-0.310313
-1.540748
-3.156533
-2.968883
-0.403216
-0.010886
-0.537315
-0.775475
-0.310361
-2.565107
-2.081958
-1.363770
-3.038351
-1.223385
-0.507558
-0.492640
-0.571371
-0.399151
-0.028276
-0.788300
-0.447952
-0.225311
-2.348048
-0.888130
-1.187718
-0.859628
-0.043701
-0.678255
-3.226013
-0.361124
-0.521860
-0.934169
-0.337958
-0.072668
-1.013717
-3.151504
-2.866709
-1.688570
-3.300572
-4.644108
-2.697208
-2.383732
-0.468254
-2.414461
-0.141843
-3.224263
-5.852331
-0.722550
-6.131227
-1.890430
-1.001683
-2.556863
-0.874887
-1.839580
-0.641271
