-0.001242
-0.344419
-0.420659
-2.154964
-5.025546
-2.957491
-4.944198
-2.419752
-0.461200
-2.980072
-2.001012
-2.072611
-0.376086
-0.991025
-0.078988
-2.548839
-3.569173
-4.633616
-2.716004
-0.266034
-3.147671
-1.795852
-2.584248
-2.563029
-0.523764
-0.391794
-0.111719
-2.172234
-3.993552
-2.513666
-1.757560
-1.993509
-0.083246
-0.313209
-0.519911
-5.183186
-1.080236
-0.307601
-1.765808
-2.155977
-1.737416
-3.373195
-0.645240
-0.382431
-0.034705
-2.670149
-0.847582
-0.470054
-0.001318
-0.384034
-0.335281
-1.630852
-1.215850
-0.999672
-3.604191
-3.552583
-0.217549
-0.073944
-5.536083
-0.303021
-1.551440
-0.629074
-5.071383
-0.333096
-2.447467
-0.155615
-0.954692
-4.531630
-0.069656
-0.223963
-0.632594
-1.027372
-1.195007
-3.518231
-0.510025
-1.608538
-0.054493
-4.093433
-3.874845
-1.868411
-1.936043
-0.710700
-0.506082
-1.711675
-0.239739
-1.624449
-1.500925
-1.115696
-3.596682
-1.115213
-0.397379
-0.022983
-1.297690
-3.446341
-2.495028
-5.685440
-4.019884
-2.707507
-1.219514
-6.256425
-0.203073
-2.921141
-1.598677
-1.028062
-2.296658
-1.642089
-0.044809
-0.359596
-1.615130
-0.557171
-0.320779
-1.321608
-0.083586
-0.942276
-1.104224
-3.624080
-0.912196
-0.236924
-1.507550
-0.958839
-0.348941
-2.234700
-0.984565
-5.164696
-0.461610
-4.542488
-0.491859
-0.671744
-2.863968
-5.044494
-0.273571
-0.307421
-2.949297
-0.775987
-2.486954
-0.947526
-0.491558
-1.138813
-2.138432
-2.466212
-0.632565
-0.482403
-1.672337
-0.294793
-8.194015
-2.732027
-0.539704
-3.085461
-0.647246
-0.627097
-1.593213
-0.161728
-0.912055
-0.404149
-1.871616
-1.927698
-0.570565
-2.260428
-1.941617
-0.097810
-0.775133
-3.641764
-3.590013
-2.975366
-0.564133
-4.294677
-3.156166
-0.696553
-0.830406
-0.472192
-0.208896
-1.872380
-0.524666
-3.613943
-2.800461
-0.178338
-1.053314
-4.406883
-0.125526
-1.245070
