-0.019261
-2.568742
-0.269095
-1.128799
-0.509239
-0.150882
-0.040748
-0.386966
-0.418225
-0.499004
-1.977123
-0.492228
-0.298719
-0.004562
-0.194588
-1.035585
-1.677451
-0.121374
-2.768554
-0.540124
-0.329804
-1.554097
-0.527324
-0.889123
-1.672760
-0.177021
-0.013871
-1.090261
-0.212510
-0.306396
-0.860020
-0.185425
-0.482811
-0.209295
-0.352915
-0.957949
-1.305758
-0.088591
-0.593770
-0.136724
-0.100061
-0.126100
-1.151886
-0.227049
-0.514836
-0.987895
-0.360854
-0.217900
-0.413653
-0.305176
-0.371138
-0.279519
-0.383679
-0.578764
-0.735493
-0.259558
-0.132304
-0.009539
-0.353520
-0.129582
-0.235621
-2.149657
-0.516029
-0.013093
-0.470111
-0.101443
-0.133456
-0.729009
-0.095350
-1.236009
-0.123418
-0.194003
-0.319216
-2.178067
-3.099327
-1.546964
-0.148791
-0.163368
-0.065175
-0.063771
-0.508784
-0.106171
-0.228312
-1.202926
-1.049546
-0.326557
-0.818223
-0.166172
-0.328012
-0.839901
-0.320972
-0.880035
-0.510347
-0.441843
-0.130080
-0.883973
-1.853106
-0.325382
-0.151434
-2.598917
-0.041160
-0.155938
-0.184956
-0.289725
-0.397430
-0.810158
-0.074959
-0.056753
-0.342161
-1.507859
-1.700372
-0.692223
-0.444786
-0.171363
-0.759650
-0.911875
-0.710097
-1.296258
-0.430814
-0.103898
-0.422981
-0.026930
-0.098227
-1.069848
-0.377464
-0.164515
-0.094265
-0.266179
-2.182490
-0.091163
-1.199105
-1.216442
-0.063298
-0.336489
-0.020252
-2.431026
-1.843295
-0.483063
-0.426804
-1.475198
-1.952829
-0.988045
-0.222410
-0.541893
-0.361809
-0.400658
-0.273978
-1.585206
-0.223669
-0.319203
-0.435638
-0.130513
-0.005847
-0.153881
-0.949269
-0.381351
-0.034687
-0.749142
-0.700492
-0.267479
-0.193068
-0.320803
-1.122148
-1.202178
-1.769677
-0.437110
-1.167861
-0.386811
-0.584901
-0.085873
-0.316929
-0.721819
-0.996688
-0.853272
-0.228532
-0.055897
-0.518634
-0.049233
-2.197829
-0.118478
-1.049659
-0.081224
-0.063390
-0.120931
-1.135440
-0.127316
-0.567438
-0.758138
-0.593793
-1.420558
-0.143037
-0.086605
-0.717001
-0.755302
-1.167700
-0.440711
-0.565618
-0.056405
-0.283707
-1.712329
-0.331527
-0.426360
-0.523582
-0.832213
-0.330824
-1.106489
-0.392572
-1.036741
-0.119260
-2.037593
-0.538525
-0.398549
-0.332544
-0.649060
-0.927624
-2.814403
-0.457366
-0.410423
-0.623796
-0.133167
-0.220317
-0.014612
-1.303533
-0.118297
-0.148735
-0.260396
-0.613749
-0.066869
-0.195966
-1.746220
-0.726379
-0.126902
-1.422397
-0.875122
-0.563165
-0.180096
-0.102409
-0.129028
-0.322721
-0.924678
-0.551265
-0.755942
-0.037509
-0.280777
-1.877355
-0.092617
-2.186641
-0.030953
-0.019752
-0.352016
-1.095111
-1.498743
-1.457499
-1.943617
-0.636288
-0.219886
-0.159192
-0.847045
-0.115469
-0.122680
-0.215183
-0.797965
-0.728806
-0.076775
-0.359652
-0.499836
-0.445497
-1.003230
-1.645538
-1.648566
-2.430964
-0.678410
-0.465748
-0.310376
-3.993302
-0.563791
-0.867785
-1.408061
-0.223902
-0.578846
-2.992642
-0.304283
-1.587457
-1.432738
-0.574707
-0.281986
-0.611350
-0.108500
-1.019583
-0.343645
-1.353586
-1.523647
-0.006107
-0.599009
-0.505777
-2.722896
-0.222542
-0.128181
-0.036808
-1.881816
-0.127967
-0.515020
-0.539675
-0.503901
-0.105456
-0.019442
-1.245079
-1.351274
-0.010347
-0.318118
-0.692469
-0.415763
-0.693139
-2.035230
-0.577927
-0.181856
-1.127243
-0.399107
-0.513737
-1.699481
-0.214310
-0.821167
-0.851920
-0.633424
-1.544508
-0.469956
-0.898130
-0.178294
-2.279287
-0.111072
-1.137500
-0.316961
-0.165339
-0.020221
-0.368292
-0.142991
-0.817654
-0.127218
-0.238984
-0.135702
-0.061378
-1.704525
-0.803961
-0.445919
-1.378212
-1.491647
-0.627481
-3.474540
-0.463221
-1.024611
-0.159237
-0.136576
-0.407317
-1.088637
-0.447800
-1.627485
-0.714898
-0.567340
-0.738165
-0.705265
-0.466615
-0.291419
-1.946579
-2.507919
-0.188928
-2.169224
-2.562019
-0.007281
-0.585094
-0.630955
-0.515086
-0.789826
-2.208310
-0.657703
-0.003469
-1.757549
-2.142673
-0.277761
-0.565485
-1.676462
-0.100515
-1.385601
-0.190963
-0.620789
-0.544638
-0.297738
-0.269183
-1.263701
-1.046612
-0.272212
-1.052482
-0.229590
-0.449145
-1.426009
-0.576126
-0.208202
-1.539976
-0.054357
-0.337284
-0.119394
-0.956525
-1.230606
-0.634006
-0.070030
-0.077063
-0.207195
-0.982219
-0.814615
-0.177174
-1.066207
-0.285957
-1.234325
-2.007626
-0.102499
-1.098106
-1.453635
-1.009752
-0.599545
-0.012497
-0.276657
-0.154227
-0.764745
-2.569989
-0.519075
-1.160283
-0.245750
-0.040137
-0.032009
-0.358547
-0.206728
-0.277552
-0.149416
-0.032522
-0.169205
-0.195082
-0.427560
-0.899991
-0.073199
-0.434804
-0.413684
-0.834808
-0.736710
-0.236822
-0.972051
-0.135358
-3.091672
-0.081355
-0.008637
-0.908104
-3.461944
-0.055822
-0.063345
-0.140640
-0.949154
-0.187060
-0.253473
-1.113623
-0.874866
-1.542454
-1.351956
-1.037389
-1.121967
-0.265836
-1.181202
-0.414828
-0.484436
-0.357675
-0.093959
-0.780052
-0.018173
-2.947843
-0.080173
-0.837796
-0.693336
-1.443806
-0.146842
-0.796905
-0.303055
-0.100014
-2.305984
-0.423094
-0.380213
-0.319652
-0.967004
-0.123698
-0.722151
-0.657697
-0.297893
-1.694109
-0.126407
-0.278386
-0.295342
-0.398804
-0.724995
-0.047461
-0.243879
-0.002736
-0.197689
-2.303854
-0.044016
-2.291093
-1.327527
-0.808536
-0.999531
-0.193653
-0.724277
-0.469934
-1.072774
-0.241647
-0.401553
-0.058712
-0.430699
-0.561878
-0.430312
-0.140301
-0.392471
-1.060823
-0.599950
-0.218775
-0.764126
-0.418370
-0.320014
-0.618394
-0.251767
-0.231740
-0.054767
-0.417620
-0.175902
-1.120575
-0.796520
-1.091910
-0.605919
-2.229625
-0.859678
-0.286060
-0.566483
-0.498493
-0.602494
-0.255762
-0.530997
-0.003148
-0.949071
-0.523842
-1.140417
-0.556002
-0.427721
-1.228447
-2.729220
-1.118899
-0.088485
-0.019858
-0.348340
-0.735762
-0.619429
-1.629130
-0.271702
-0.105741
-0.386175
-1.500833
-0.224148
-0.062847
-0.160367
-1.180055
-1.346528
-0.115292
-0.404676
-1.874699
-1.577327
-0.468156
-1.219066
-1.425152
-1.860910
-0.098426
-0.544243
-0.296031
-0.432807
-1.632549
-0.670152
-1.379201
-0.944426
-0.355197
-0.008652
-0.510568
-0.077324
-0.180718
-1.152875
-0.233325
-0.681947
-0.379747
-0.273445
-1.582514
-2.696808
-0.112245
-3.068875
-1.999147
-0.089858
-0.933193
-0.088600
-1.208674
-0.238335
-1.053688
-1.065975
-0.007935
-0.747870
-2.662483
-1.412643
-0.364742
-1.343432
-0.206477
-1.052995
-0.991972
-0.673262
-0.194066
-1.724510
-0.030994
-0.863761
-3.392435
-2.024659
-0.909996
-0.735931
-0.255807
-2.060607
-1.201025
-0.045738
-1.290986
-0.379922
-1.649411
-1.377837
-0.830206
-0.464734
-0.724378
-0.981553
-0.060772
-0.714497
-0.221974
-1.574540
-1.910336
-0.308571
-0.469325
-0.499426
-1.706890
-0.192512
-1.093437
-0.803108
-0.281120
-0.592496
-0.622933
-1.328225
-0.157591
-1.816035
-0.090198
-0.689066
-0.052628
-0.196520
-1.098417
-2.062144
-0.578154
-1.111461
-0.030580
-0.735897
-0.222796
-0.739590
-0.240198
-0.979731
-0.025674
-0.288957
-0.070465
-0.076373
-0.142690
-0.251315
-1.071612
-1.400548
-0.002746
-1.261248
-1.030444
-0.178766
-0.287852
-0.093311
-0.179146
-1.323212
-0.773996
-0.033856
-0.252252
-0.452004
-0.030702
-1.250486
-2.586455
-3.382905
-0.208896
-0.105451
-1.369198
-0.428578
-0.459029
-0.002177
-2.420590
-0.086741
-0.198899
-0.015775
-0.165927
-0.473561
-0.518846
-0.128081
-0.430476
-0.628301
-2.161372
-0.331550
-0.629194
-0.082454
-0.402509
-0.282657
-0.324699
-0.116720
-0.038349
-0.580362
-3.970982
-0.832944
-0.265174
-0.381274
-1.013963
-0.081607
-0.421505
-0.376250
-0.829642
-1.507603
-0.342750
-0.650179
-0.917165
-0.050135
-0.997841
-0.763540
-0.268826
-0.348376
-1.213632
-0.717800
-0.114254
-0.017089
-0.593223
-0.895823
-0.401193
-2.109337
-1.223680
-0.060101
-0.288105
-0.956920
-0.446434
-1.074791
-0.966914
-0.544712
-1.032972
-0.328859
-0.817405
-1.873136
-0.569804
-2.377867
-0.683580
-0.930036
-0.423740
-1.562935
-1.442757
-0.554625
-0.644405
-0.104830
-0.139361
-0.188381
-0.291224
-0.241629
-1.152196
-0.085208
-0.692362
-0.186301
-0.196127
-1.326056
-0.152717
-1.708880
-1.685227
-0.330612
-0.013086
-0.292805
-0.374754
-0.951380
-0.280426
-0.155992
-0.101323
-0.182992
-0.627481
-0.468950
-0.778173
-0.967074
-0.968309
-0.822563
-0.620599
-0.017159
-0.756547
-0.132523
-1.130939
-0.022345
-0.898770
-0.263353
-0.516211
-0.136798
-0.505390
-0.013683
-1.541937
-0.501196
-0.469756
-0.068490
-0.848791
-0.525802
-0.472593
-0.119497
-0.020632
-0.477739
-0.439772
-0.469632
-0.304018
-1.017991
-0.677681
-0.200062
-0.536246
-0.146308
-0.880637
-1.127954
-0.430948
-0.459257
-0.083596
-1.417398
-0.542064
-0.373841
-0.028001
-0.387548
-1.332701
-0.925002
-1.201348
-0.275682
-0.314465
-0.312204
-0.185391
-1.302979
-0.163966
-0.103586
-0.547158
-0.371949
-1.922304
-0.956368
-0.042692
-0.546487
-1.338743
-0.099398
-0.201459
-0.443878
-0.061599
-0.506859
-0.029710
-0.207112
-1.015537
-0.525066
-0.243941
-0.477245
-2.368652
-2.001175
-0.330270
-1.716022
-0.298993
-0.030864
-0.105227
-0.356384
-0.015138
-0.635885
-1.091281
-0.511421
-1.364969
-0.166400
-0.125036
-0.333917
-0.760502
-0.511333
-1.463529
-0.231422
-0.449124
-0.258160
-1.466227
-1.401029
-1.313380
-0.372809
-0.052208
-0.348573
-1.880927
-0.002593
-0.758037
-0.061610
-1.363396
-0.393188
-0.125147
-0.334723
-0.407782
-0.447606
-0.866678
-0.516516
-0.372900
-0.795439
-0.279643
-1.402966
-0.828318
-0.507439
-0.135704
-0.113802
-0.137670
-1.818283
-0.127330
-0.774205
-0.532042
-0.442098
-0.256187
-0.982939
-0.674588
-0.329603
-0.191174
-0.274971
-0.318003
-0.798652
-0.624863
-0.340009
-0.731993
-0.514226
-0.119846
-0.834458
-1.227495
-0.533388
-0.070026
-0.042605
-0.782262
-0.036716
-0.902609
-0.144550
-0.441329
-0.088819
-0.221685
-0.795479
-0.036188
-0.942517
-0.481345
-1.826726
-0.325199
-0.826205
-0.339442
-0.539614
-0.080966
-0.368371
-0.169553
-0.301416
-0.320223
-0.189492
-0.149322
-0.066216
-0.422911
-1.270658
-0.505700
-1.059649
-0.270021
-0.365192
-1.421118
-0.806021
-0.864264
-0.353953
-2.155478
-0.561700
-1.275754
-0.631217
-0.814004
-0.386756
-0.673179
-1.802240
-2.202585
-0.933030
-0.320003
-0.274291
-0.272038
-0.541569
-1.291610
-0.511659
-0.003673
-0.580950
-0.413089
-1.033515
-1.370182
-1.060028
-0.635277
-0.053754
-0.284412
-0.638105
-0.349337
-0.326259
-1.099910
-0.561502
-0.089475
-1.686176
-1.289955
-0.854376
-0.468692
-0.350096
-0.110375
-0.749926
-0.983916
-0.042636
-0.430831
-0.585266
-1.524403
-0.867476
-1.247954
-1.206334
-1.035254
-0.165648
-1.978422
-0.396528
-0.085749
-0.437141
-0.404969
-1.062780
-0.670721
-0.286235
-0.256113
-0.315596
-0.214032
-0.355232
-0.094415
-0.776735
-0.159068
-0.814879
-0.441316
-0.422881
-0.142707
-0.103313
-0.103749
-0.003562
-1.482921
-0.359525
-0.898509
-2.125598
-0.273547
-0.690851
-0.518417
-1.192866
-0.243149
-0.660982
-0.098333
-1.287047
-0.027719
-0.436108
-0.230323
-0.924768
-1.486976
-0.051741
-0.002143
-0.089412
-0.114291
-0.007116
-0.319719
-0.014022
-0.425659
-0.294394
-0.173198
-0.291860
-0.765204
-0.372669
-1.266336
-0.548904
-0.743004
-0.238486
-1.001223
-0.064797
-0.547546
-0.755949
-0.215890
-0.099072
-0.013921
-0.559095
-0.811782
-1.063755
-0.275717
-0.462249
-0.145279
-0.097965
-0.324782
-2.008945
-0.332683
-0.915183
-0.155421
-0.169798
-0.416622
-0.671983
-0.703935
-0.366867
-1.794105
-0.958299
-0.363738
-0.703048
-1.964339
-1.156925
-0.202190
-0.045110
-0.444677
-0.427539
-0.539529
-0.481026
-0.680176
-0.669878
-0.623372
-0.107219
-1.132552
-0.084367
-0.111289
-1.069887
-1.610880
-0.731496
-0.673101
-1.171392
-1.755533
-0.687934
-1.494886
-0.440008
-0.981054
-0.278135
-0.828321
-0.535455
-1.139712
-0.227190
-0.462229
-0.451839
-0.123351
-0.866662
-1.122507
-1.573514
-0.193532
-0.032879
-1.166999
-0.423392
-0.869248
-0.573985
-0.656912
-0.509467
-0.161129
-1.048699
-0.458472
-0.627611
-0.728879
-0.061452
-0.363751
-0.114817
-0.280255
-0.689433
-0.784580
-0.025428
-0.126070
-0.775613
-1.682464
-0.055316
-1.212220
-0.205887
-0.040292
-0.324542
-0.070569
-0.665665
-0.445289
-0.356853
-1.875005
-0.212916
-0.037740
-0.206765
-0.483339
-0.142514
-0.975790
-1.055401
-0.183684
-0.018309
-0.212968
-0.338554
-0.115968
-1.889786
-0.364643
-0.404688
-0.191615
-0.159988
-0.797753
-0.046851
-0.194511
-0.334094
-0.610161
-0.203451
-0.837478
-1.518377
-1.051201
-0.488158
-1.212815
-2.123654
-1.038755
-1.444207
-1.179944
-0.400625
-0.203617
-0.469907
-0.225062
-1.707242
-2.007973
-0.072264
-0.727731
-0.065991
-0.095156
-0.851755
-1.039528
-0.182500
-2.846884
-0.470399
-0.358144
-0.098390
-0.460242
-0.712748
-0.751969
-0.464074
-0.273056
-0.325960
-0.028728
-0.127442
-0.132998
-0.958963
-0.980858
-0.310600
-1.644448
-0.245404
-2.071886
-0.124477
-0.445489
-1.153815
-1.266840
-2.165370
-0.723569
-0.105353
-0.029919
-0.216342
-2.149967
-0.089722
-0.705581
-0.096642
-0.474246
-0.564891
-0.978847
-0.382762
-1.827160
-0.803268
-0.232308
-0.150873
-4.037079
-1.659850
-0.215120
-1.750239
-0.609515
-0.800446
-0.177902
-0.144093
-1.440481
-0.540175
-0.218682
-0.717020
-1.003368
-0.017801
-0.087012
-0.467927
-0.864341
-0.542543
-1.851614
-0.245296
-0.194869
-0.159257
-0.241976
-0.710527
-1.613610
-0.476304
-0.847715
-0.735759
-0.693662
-0.140730
-1.156161
-0.351858
-0.528797
-0.294177
-0.016014
-0.254692
-0.579702
-0.061838
-0.733682
-0.325422
-0.371418
-0.245922
-0.450494
-1.299760
-0.639623
-0.738872
-0.759557
-0.045307
-0.112769
-0.514202
-1.609537
-0.093435
-0.752660
-0.596124
-0.766538
-0.353640
-0.116559
-1.855618
-1.135198
-0.649121
-0.373619
-1.349871
-0.720667
-0.567467
-3.105638
-0.391171
-0.195332
-0.573278
-0.015203
-0.046731
-0.741857
-0.711815
-1.141425
-0.757876
-0.542821
-0.515095
-0.816245
-0.083593
-0.303243
-0.436153
-0.454382
-0.558268
-0.921188
-0.431869
-0.021484
-0.165655
-0.012017
-0.916280
-0.566673
-0.483110
-0.220973
-0.365101
-1.096762
-0.330176
-0.135609
-0.193448
-0.633486
-2.983342
-0.792337
-0.013591
-1.049389
-1.199668
-0.197194
-0.088660
-0.044467
-0.797027
-0.133386
-0.447486
-0.118426
-0.049269
-1.288864
-0.442112
-0.008178
-0.761366
-0.424227
-0.409951
-1.049544
-0.211119
-0.010014
-1.144628
-0.471100
-1.172182
-0.079299
-1.195572
-1.118968
-2.581100
-0.879869
-1.049269
-0.494806
-1.142310
-0.050987
-0.193468
-2.543177
-0.414834
-0.772274
-0.661135
-0.453319
-0.147361
-0.096918
-0.276273
-2.004204
-0.875014
-1.061487
-0.318089
-0.373778
-0.246113
-0.567275
-0.174328
-0.342842
-2.882106
-0.046887
-0.442724
-0.218952
-0.790617
-0.690686
-1.286215
-0.229249
-0.250357
-0.059640
-1.254721
-2.068216
-0.185236
-1.169042
-0.579174
-0.629854
-0.039328
-0.256931
-0.302894
-0.170450
-0.362040
-0.238370
-0.118275
-0.667706
-1.443661
-0.672278
-0.026087
-0.131355
-0.804654
-1.232061
-0.958959
-1.350991
-1.369675
-0.980848
-0.944660
-1.312505
-0.343513
-0.036453
-1.986663
-0.850674
-0.261206
-1.314770
-0.221960
-0.866737
-0.233188
-0.324043
-0.108450
-0.746423
-0.592717
-0.435383
-0.170670
-0.310649
-0.890625
-0.021281
-0.679882
-2.121386
-0.915231
-0.771675
-0.006965
-0.253085
-0.442925
-0.096955
-1.691896
-0.067593
-1.107920
-0.364427
-0.259635
-0.254357
-0.006652
-0.009989
-0.123662
-0.904205
-0.111306
-0.331118
-0.037557
-0.682618
-0.950248
-0.208894
-0.791490
-1.002217
-1.367514
-0.304046
-0.336012
-0.094845
-1.534072
-0.712051
-0.898252
-0.301062
-0.613541
-1.074418
-1.097402
-0.916681
-1.230475
-0.249392
-0.239410
-0.477450
-0.181355
-0.551014
-0.061513
-0.553126
-0.134417
-1.195296
-0.255570
-0.417761
-0.581208
-0.189227
-0.059941
-1.111960
-0.274569
-0.950461
-1.106129
-0.014558
-0.100450
-1.295018
-0.086385
-0.200279
-0.458505
-3.596249
-0.767071
-0.092305
-0.159350
-0.192826
-1.921385
-2.723100
-1.997082
-0.583092
-0.011570
-1.418479
-1.022295
-0.478106
-0.073258
-2.035530
-0.523435
-0.292381
-0.829395
-0.810382
-0.577612
-0.389826
-0.709882
-0.679529
-0.071697
-0.918538
-1.998996
-0.310065
-0.470371
-0.034381
-1.366878
-0.832640
-0.839538
-0.152051
-0.285528
-0.567580
-0.512365
-0.657052
-0.436906
-0.096123
-0.952476
-0.045549
-0.439979
-0.318043
-0.471928
-0.232280
-0.622973
-0.057723
-2.125371
-0.151941
-0.156799
-0.281288
-0.136307
-0.265652
-0.102444
-1.403929
-1.159567
-0.258982
-0.971253
-0.720775
-0.226723
-0.641464
-1.644585
-0.667661
-1.624808
-0.716051
-0.321595
-0.723176
-0.110188
-0.502148
-0.305748
-0.010338
-1.526376
-0.107105
-0.031933
-0.061804
-0.214966
-0.352914
-0.892115
-1.380706
-0.330363
-0.841789
-1.349091
-0.187044
-0.387062
-1.993473
-0.745984
-0.659705
-0.924709
-0.499908
-0.298226
-0.501321
-0.392870
-0.126242
-0.071833
-0.279600
-0.785623
-1.418804
-0.118028
-0.665667
-0.187687
-0.964718
-1.506956
-0.155943
-2.194066
-0.190003
-0.143220
-1.890514
-2.027543
-0.644319
-0.650513
-0.096280
-0.151810
-0.489493
-0.076570
-0.571757
-0.002482
-0.375288
-0.903728
-0.160470
-0.551471
-0.767210
-0.458300
-1.016371
-0.591962
-0.160247
-0.111570
-0.264922
-0.848484
-0.259740
-0.417419
-0.218684
-0.185980
-0.053377
-0.023289
-0.250295
-2.065896
-0.085849
-0.282298
-0.880440
-0.399272
-0.061454
-0.526079
-0.240186
-0.727531
-1.390238
-1.618343
-0.014210
-0.363803
-0.035001
-1.110543
-0.295437
-0.479920
-0.715600
-0.558758
-1.116636
-0.052775
-1.923848
-0.320807
-0.166451
-0.080230
-0.134630
-0.186981
-0.959808
-0.313279
-0.525796
-1.634848
-0.355453
-0.339794
-0.276699
-0.236134
-0.144733
-0.029607
-0.706110
-0.096312
-0.238295
-0.770182
-0.468901
-0.567291
-0.155527
-0.098750
-0.244946
-0.570344
-0.099841
-0.404277
-0.234188
-0.579267
-0.299724
-0.974591
-1.574424
-1.526952
-0.602032
-0.065368
-0.426947
-0.407010
-0.311923
-0.643038
-2.079404
-0.417828
-0.029771
-0.014298
-1.791938
-0.862113
-0.988770
-1.394766
-0.856879
-0.110602
-0.529335
-0.277280
-0.293242
-0.490060
-0.439776
-1.751133
-0.656213
-0.005675
-1.206250
-0.333942
-0.288888
-0.468845
-0.228411
-0.913600
-0.123239
-0.051803
-0.217306
-1.400759
-0.503119
-0.208841
-0.013752
-1.291410
-0.216900
-0.226117
-0.100470
-1.367053
-1.876816
-0.416394
-0.787564
-0.184871
-0.069166
-0.502198
-0.037301
-0.921850
-0.021616
-1.850017
-0.864849
-0.383403
-1.357466
-0.312634
-0.808081
-2.575908
-0.577117
-1.453257
-0.664292
-2.050957
-0.451990
-0.262123
-0.902785
-0.413131
-0.969006
-0.244131
-0.621767
-0.728823
-0.880896
-0.723371
-0.106054
-1.218456
-0.364149
-0.512215
-1.822278
-0.216025
-0.394470
-0.665595
-0.031162
-1.270509
-0.464551
-0.085654
-1.036520
-0.223280
-0.585658
-0.823998
-0.204808
-0.021967
-0.289459
-0.386406
-0.010949
-0.344168
-0.862587
-0.587677
-0.033755
-0.546221
-0.938645
-0.031113
-0.096976
-0.926314
-0.233716
-1.585298
-1.484742
-0.313436
-0.703840
-0.074513
-0.380110
-0.801086
-0.239766
-0.017458
-0.770748
-0.751623
-0.764390
-2.066859
-0.359981
-1.413809
-0.669128
-1.623801
-0.708135
-0.091819
-1.499790
-0.005786
-0.225635
-0.871610
-0.518938
-0.219064
-0.334602
-0.136238
-0.095241
-0.035464
-0.215244
-0.069928
-0.464154
-0.774998
-2.457519
-0.482637
-1.299168
-0.846664
-0.166387
-1.169970
-0.076568
-0.580269
-0.253725
-0.528571
-0.321174
-0.024828
-0.120051
-0.098641
-0.387769
-0.254260
-1.639057
-0.221860
-3.154945
-0.071868
-0.801604
-0.081244
-1.717279
-0.710406
-0.290955
-0.566938
-1.314288
-0.532457
-0.947273
-0.659161
-1.490783
-0.965893
-1.009392
-0.397237
-0.046977
-0.258660
-0.510347
-0.331911
-0.119527
-1.034028
-0.753514
-0.078131
-0.011586
-0.948522
-0.366702
-1.219037
-0.547270
-1.143365
-1.238805
-0.664775
-0.954344
-0.214298
-0.095909
-1.123018
-0.374589
-0.587680
-1.498228
-0.909717
-2.482189
-1.657888
-0.262364
-0.154650
-0.810148
-0.206091
-0.081806
-0.821177
-0.667598
-0.949828
-0.243472
-0.585607
-0.136791
-2.204996
-0.719804
-0.673640
-1.487481
-0.346416
-0.671232
-1.224978
-0.132727
-0.047288
-1.888422
-1.081549
-0.336149
-0.284713
-0.030360
-1.131889
-0.589055
-1.007326
-0.738732
-0.936428
-0.867699
-0.188622
-0.318552
-1.303184
-0.119820
-0.701643
-0.492797
-0.166398
-0.159481
-1.096586
-0.424669
-0.010989
-0.618585
-0.190950
-1.875939
-0.307157
-0.287003
-0.161315
-0.952527
-0.208908
-0.413463
-0.809281
-0.508664
-0.516034
-0.644885
-0.163844
-2.426184
-2.177743
-1.630199
-1.554916
-1.016963
-0.347980
-0.967615
-0.437873
-0.428501
-1.004908
-1.107678
-0.685487
-0.119437
-0.161652
-1.494806
-1.221581
-0.529368
-0.295569
-0.183191
-0.302740
-1.537452
-0.064502
-1.483379
-1.137279
-0.355985
-0.747113
-0.261630
-0.838872
-0.028954
-1.813461
-0.059710
-0.485017
-0.001376
-0.508437
-0.151653
-0.976432
-0.497176
-0.539690
-0.605410
-1.628452
-0.959259
-0.139297
-1.468117
-0.072707
-2.289071
-0.441719
-0.816679
-1.578242
-0.420717
-0.937078
-0.115641
-0.138987
-0.172980
-0.256738
-0.701839
-0.651557
-0.775446
-0.043501
-1.070467
-0.808361
-1.107570
-0.551075
-0.327730
-0.397703
-0.407110
-0.320329
-1.353345
-0.769774
-0.707088
-0.343886
-0.899433
-0.553118
-1.979982
-0.141269
-0.031044
-1.404787
-0.124905
-1.026996
-0.105086
-0.345551
-0.749995
-0.245724
-1.693414
-0.825409
-0.038837
-1.842156
-0.396623
-1.214345
-0.130222
-1.137610
-0.075714
-0.044586
-1.293090
-0.422942
-1.287568
-1.005587
-0.006778
-0.529376
-0.732965
-0.045548
-0.067655
-0.143416
-0.471380
-0.845608
-1.007020
-0.283827
-0.312928
-2.266830
-1.967213
-1.828439
-1.454211
-0.244047
-0.065855
-1.253520
-0.267480
-0.296163
-0.205522
-0.020351
-0.781511
-0.586860
-0.048611
-0.721497
-1.435709
-1.204750
-1.786458
-0.240232
-0.627516
-0.045273
-1.656015
-1.506900
-1.298584
-0.570491
-0.454212
-0.062492
-0.291294
-1.769236
-0.009165
-2.686899
-0.258916
-0.065438
-1.023606
-1.033400
-0.003983
-0.581052
-0.839056
-0.032923
-0.351330
-1.464929
-2.422807
-0.344848
-0.068880
-1.216570
-0.071857
-0.360597
-0.333709
-0.122734
-2.358880
-0.788760
-0.311707
-0.747236
-0.185101
-0.106520
-0.038872
-1.040444
-0.084266
-0.807190
-0.353890
-0.160225
-2.499409
-1.262206
-0.038285
-0.529944
-0.122321
-0.514837
-1.810588
-2.064153
-0.499354
-0.889041
-0.005443
-0.007916
-0.465850
-0.370999
-0.454277
-0.022028
-1.750878
-0.138177
-0.926008
-0.437087
-0.099012
-0.581642
-0.822686
-0.538527
-1.096419
-0.161448
-0.168346
-0.116980
-0.574194
-2.552809
-0.276732
-0.105172
-0.250897
-0.596992
-0.531144
-3.052876
-1.025660
-0.680839
-0.689297
-0.243045
-0.177243
-0.170427
-0.862204
-1.418121
-1.018550
-0.455320
-0.739523
-2.092174
-0.260791
-0.276428
-0.941453
-0.388209
-1.599396
-0.197462
-0.527245
-0.653400
-0.462939
-1.641942
-0.523076
-0.370075
-2.859438
-0.298447
-0.238607
-0.053662
-0.169555
-0.863758
-0.095324
-0.433075
-2.685862
-0.511115
-0.368901
-1.108452
-0.385980
-0.071064
-1.048403
-0.383658
-0.034693
-0.240810
-0.571389
-0.278360
-1.243787
-0.487903
-0.437149
-0.773708
-0.734873
-1.398167
-1.377859
-1.254262
-0.284710
-1.060060
-1.865473
-0.432184
-2.661638
-1.707741
-0.060858
-0.570861
-0.572034
-0.919380
-1.016912
-0.762996
-0.787501
-1.113759
-0.475208
-1.078956
-0.489964
-0.066536
-0.534439
-0.048514
-1.174716
-0.584284
-0.674125
-0.321769
-0.121214
-2.401559
-0.648270
-0.127991
-2.257609
-0.044868
-1.971796
-0.435393
-0.545941
-0.266161
-0.218317
-0.143299
-0.653060
-0.362277
-0.346327
-0.139224
-0.048020
-0.826090
-0.767868
-0.207967
-1.101014
-0.762607
-0.216091
-0.303648
-0.210002
-0.207633
-0.319244
-0.069362
-0.363477
-0.147640
-0.316498
-0.168945
-1.800060
-0.430663
-0.557382
-2.408373
-0.052645
-0.485183
-1.362842
-0.205403
-0.282669
-1.122510
-0.096168
-0.143157
-1.178427
-1.668780
-1.921527
-0.207314
-0.966584
-0.370153
-0.182567
-1.106093
-0.400507
-1.224849
-0.322060
-0.849001
-0.720473
-0.141061
-1.092755
-1.002293
-0.100432
-0.065148
-2.754737
-0.332328
-0.759622
-0.056336
-0.640925
-0.213867
-0.182705
-0.892785
-0.045506
-0.909935
-0.473619
-0.368049
-0.659650
-0.284211
-1.319630
-0.466706
-1.825963
-0.434217
-1.047328
-0.138411
-0.459483
-0.154673
-0.766799
-1.932439
-0.331264
-0.263166
-0.934188
-0.921310
-1.041866
-0.902843
-0.567109
-0.052429
-2.085232
-1.185926
-0.542377
-0.414897
-1.480965
-0.142763
-0.460055
-0.458986
-0.824026
-0.356353
-0.222739
-0.858982
-0.802449
-0.042898
-0.060788
-1.182359
-1.023127
-0.546284
-1.461106
-0.959572
-2.810018
-0.267035
-0.796239
-0.619999
-1.116659
-0.720995
-0.159216
-1.074603
-1.086733
-1.335740
-0.260119
-0.143931
-0.631835
-1.642303
-1.672028
-0.902967
-0.868448
-0.967165
-1.352133
-0.078822
-1.200690
-1.125974
-0.774127
-0.058659
-0.321456
-1.746532
-1.421394
-0.742439
-0.642030
-0.559899
-1.568925
-0.343850
-2.136146
-0.763678
-0.434208
-1.044746
-0.788122
-0.096249
-0.482926
-0.449770
-0.228125
-0.230350
-1.424058
-0.018510
-0.654013
-0.468888
-0.048243
-0.531394
-0.820976
-0.588194
-0.696947
-0.974731
-0.876267
-0.306620
-0.655217
-0.142013
-0.538944
-0.012056
-0.508428
-0.104425
-1.904178
-0.374005
-1.349831
-0.037800
-0.283776
-0.541217
-0.556768
-1.233140
-1.462236
-0.401374
-0.863045
-0.796599
-0.073922
-0.347968
-0.565352
-0.308770
-0.466817
-0.199443
-0.183329
-0.476481
-2.255380
-0.206063
-0.281779
-0.216814
-0.471400
-1.470513
-0.129816
-0.076839
-1.537691
-0.712835
-0.846300
-0.337083
-0.202555
-0.187741
-1.161760
-0.046794
-0.183682
-0.581758
-1.162607
-0.120662
-0.492188
-0.514156
-0.914333
-1.100904
-0.864537
-1.062429
-1.691133
-0.398325
-0.764741
-0.781650
-0.063013
-0.310268
-0.342309
-0.946388
-0.254604
-2.706849
-1.517815
-0.780585
-0.320979
-0.285507
-1.169565
-0.207382
-2.065644
-0.711613
-1.188439
-0.076916
-1.389854
-0.273787
-2.035567
-0.119007
-1.580581
-0.698466
-1.205957
-0.073224
-0.123424
-0.288429
-0.372427
-0.550055
-0.439505
-1.838482
-0.104587
-0.533917
-1.650473
-0.135114
-1.373401
-0.712082
-1.170726
-0.181931
-0.724019
-0.124612
-0.037702
-0.920584
-0.184051
-0.479047
-0.678251
-0.318412
-0.001314
-0.007707
-0.155529
-0.565627
-0.165628
-0.331695
-1.881232
-0.709086
-2.132856
-0.069383
-0.015397
-1.679653
-0.693381
-0.728037
-0.008895
-0.316274
-0.155346
-0.007504
-0.213432
-0.304306
-0.604853
-0.046001
-2.146113
-0.197688
-3.535363
-1.316710
-0.407867
-0.031758
-0.346148
-2.126490
-0.322678
-1.047756
-0.023910
-1.826505
-0.000724
-0.096989
-0.638126
-0.293685
-0.637530
-2.057402
-1.035965
-0.716440
-0.613280
-0.335418
-0.938623
-0.196579
-1.403798
-0.135690
-1.353843
-0.445085
-0.079599
-0.489988
-3.602814
-0.196641
-0.009683
-1.350820
-0.465268
-0.833650
-0.512624
-0.055233
-0.031813
-0.075718
-2.443049
-0.301484
-0.149824
-0.172482
-0.992219
-0.225549
-0.020132
-0.237169
-0.138823
-0.556265
-1.332726
-0.301796
-1.207586
-0.309130
-0.347542
-0.053493
-2.470806
-1.750012
-0.318400
-0.939462
-0.025106
-0.993113
-0.904327
-0.088408
-0.060413
-0.293483
-0.307909
-1.780535
-1.740593
-1.003187
-2.008948
-0.404131
-0.173848
-0.995690
-0.881136
-0.595814
-0.902702
-1.680522
-0.689448
-0.075609
-1.801178
-0.261759
-0.261911
-0.068811
-0.197450
-1.282792
-1.635328
-1.095391
-0.486727
-0.165042
-2.662370
-0.416287
-0.667097
-1.131216
-1.220564
-0.475439
-0.008229
-0.116740
-0.002100
-0.021345
-1.235620
-0.697037
-0.196885
-2.374583
-0.786140
-0.904958
-0.090983
-0.000530
-0.610766
-0.034313
-0.223358
-0.252583
-2.018492
-0.654647
-1.084894
-0.106216
-0.362235
-0.144039
-0.373620
-0.534173
-0.057299
-1.633141
-0.228604
-0.628725
-0.975088
-1.223009
-0.004148
-1.306732
-1.627720
-0.400171
-0.716427
-0.454831
-0.463326
-0.483361
-0.921896
-0.302507
-0.769157
-0.069908
-0.181904
-1.006157
-0.241482
-0.328614
-1.518864
-1.703532
-0.312234
-0.193291
-1.355077
-0.560845
-1.407563
-0.696399
-0.579506
-1.036745
-0.084329
-0.031515
-0.270390
-1.189689
-0.267495
-0.500845
-0.646259
-0.882124
-0.942967
-1.486187
-0.667060
-0.166480
-0.867558
-0.032685
-0.521788
-0.259571
-0.308670
-2.199476
-0.277055
-1.108407
-0.592588
-0.416579
-0.381021
-0.470412
-0.987850
-0.171838
-0.461117
-0.522870
-1.051948
-1.076456
-0.340780
-0.176634
-0.247052
-1.550905
-0.918483
-1.154586
-1.511796
-1.856863
-0.007100
-0.158958
-0.302685
-0.216858
-1.580873
-0.122948
-0.579994
-0.438336
-1.269664
-1.409873
-1.706205
-0.311732
-0.486303
-2.179786
-0.596868
-0.138435
-0.665084
-0.317910
-0.567891
-0.152995
-0.406185
-0.268789
-0.364959
-0.269769
-1.771376
-0.891349
-0.171960
-0.606404
-0.463560
-0.117948
-0.488440
-1.033447
-0.544067
-1.639562
-0.174233
-0.887129
-0.834013
-0.713500
-2.705465
-3.779048
-1.189446
-0.423510
-0.989835
-0.100791
-1.240126
-0.503584
-0.976013
-0.406560
-0.902330
-0.089555
-0.037344
-0.059573
-0.135527
-0.022118
-0.842953
-1.019996
-2.059123
-0.304824
-0.110699
-0.477657
-0.796465
-0.457670
-0.174722
-0.664445
-0.653271
-0.900812
-0.989740
-0.658671
-0.512056
-0.686397
-0.318679
-0.144312
-1.060393
-1.217121
-0.099397
-0.098539
-0.020877
-0.684883
-0.463706
-0.216807
-1.012266
-0.325709
-0.592433
-0.008145
-0.150787
-0.280600
-0.017918
-1.535441
-0.835693
-0.205131
-0.380747
-0.529945
-1.088058
-0.011134
-1.339330
-0.790000
-0.674763
-0.224363
-0.592528
-0.191944
-0.228522
-1.072156
-0.385454
-0.028669
-0.684380
-0.508013
-1.813388
-0.728261
-1.131898
-0.399906
-0.211557
-0.081979
-1.893656
-0.416416
-0.496813
-0.273178
-0.052656
-0.259134
-0.311193
-0.463535
-1.220268
-0.031268
-1.791457
-0.719240
-1.592471
-1.078877
-0.342188
-0.080489
-0.600278
-0.184154
-0.013484
-0.985730
-1.014558
-0.809411
-0.014544
-1.528641
-0.621291
-0.363165
-0.765010
-0.718595
-0.178149
-1.074930
-1.038599
-1.023546
-0.798992
-0.773656
-1.012985
-0.752551
-0.221065
-0.700926
-0.338955
-0.791014
-0.040674
-1.071362
-0.248510
-0.466521
-0.317914
-0.013705
-0.252789
-3.780667
-0.008973
-0.543612
-1.384440
-0.370595
-2.644673
-0.615339
-0.115295
-0.501438
-0.664149
-0.467120
-0.244059
-0.838609
-0.229475
-0.353131
-0.847436
-0.014041
-1.351370
-0.237059
-0.772292
-0.874699
-1.162057
-0.672604
-0.498418
-0.404835
-0.472810
-1.256960
-1.169853
-0.776529
-0.903268
-0.487017
-0.180854
-1.025969
-1.119816
-1.375055
-0.782060
-0.082845
-0.318491
-0.024350
-1.359835
-0.688260
-0.455808
-2.058458
-0.636025
-0.409457
-1.068346
-1.279118
-1.562927
-0.028683
-0.103514
-0.042525
-2.939506
-2.668896
-1.351672
-0.099200
-3.137685
-0.034697
-0.977953
-0.062937
-1.459343
-0.412557
-0.229171
-1.349790
-0.570428
-0.206993
-0.206380
-0.252104
-0.158585
-0.253167
-0.854919
-0.345676
-0.661053
-0.381162
-1.048894
-0.872058
-0.470406
-0.360546
-0.378718
-0.709933
-0.525716
-0.482207
-1.462232
-0.792090
-1.899012
-0.775412
-0.504950
-0.442814
-0.068796
-0.167135
-0.474730
-1.150370
-0.523561
-2.221070
-3.737262
-0.657504
-0.018652
-0.128493
-0.291630
-0.734035
-0.007212
-1.850262
-1.032654
-0.330981
-0.103328
-1.300216
-0.443868
-0.256380
-0.238581
-0.046579
-1.338655
-1.235536
-0.490117
-0.206107
-0.266051
-0.991003
-0.844044
-0.148620
-1.211640
-0.434331
-0.107365
-1.550124
-1.595798
-0.854164
-0.568822
-2.509849
-1.485453
-1.027749
-0.329062
-0.113120
-0.289551
-0.046189
-0.589472
-0.052453
-0.069799
-1.548348
-0.175067
-0.386165
-0.572644
-0.924203
-0.025758
-0.956760
-1.108821
-0.261747
-0.269438
-0.104703
-0.434992
-0.376729
-0.152590
-3.593545
-0.349540
-2.928154
-0.204652
-0.129086
-0.498544
-1.575285
-0.665185
-0.140995
-0.456848
-0.210212
-0.218017
-1.082128
-0.924324
-0.329775
-0.254489
-0.544026
-0.175616
-0.112920
-1.097639
-0.310741
-0.905765
-0.022388
-0.189878
-0.357979
-2.164191
-0.168426
-1.691180
-0.690897
-0.076238
-0.894212
-0.553217
-0.140910
-0.519893
-1.272702
-0.157110
-1.832202
-0.575838
-0.278238
-0.942812
-1.288232
-0.105598
-0.607109
-0.524125
-0.413027
-0.642716
-0.049946
-0.938483
-1.095172
-0.326454
-0.590590
-0.770224
-0.360995
-0.474841
-0.356948
-2.203611
-0.162518
-0.317214
-0.690102
-1.108898
-0.710318
-0.153654
-0.614534
-0.180565
-0.204653
-0.728025
-0.561823
-0.636831
-1.102165
-1.185746
-0.287760
-0.301207
-0.657140
-0.681304
-0.312436
-0.582396
-0.342606
-1.498433
-0.118385
-0.235952
-0.001737
-0.201678
-0.203136
-0.507523
-0.000807
-0.095030
-0.061236
-1.177200
-0.695410
-1.111840
-1.301471
-0.268849
-0.103630
-2.304735
-0.143759
-0.511805
-1.255215
-1.861086
-1.004180
-0.471123
-0.278960
-0.902859
-0.618838
-1.272616
-1.398327
-0.052031
-0.990612
-0.446352
-0.062600
-0.401431
-0.304004
-0.174729
-0.291485
-0.120831
-0.135463
-0.338997
-0.295496
-0.104540
-0.190555
-2.535768
-0.049388
-0.647798
-0.147051
-0.595927
-0.610389
-0.364777
-0.399638
-0.094208
-1.141750
-0.411033
-2.788981
-0.715833
-0.885369
-0.437554
-2.390486
-0.512807
-1.095393
-0.533646
-0.675326
-0.859086
-0.451311
-1.373117
-0.822607
-0.474586
-0.422638
-1.081332
-0.230699
-1.282161
-0.322500
-0.950805
-1.719378
-0.455838
-0.369553
-0.076580
-1.015873
-0.115797
-0.673981
-1.143758
-1.348287
-0.081648
-0.338994
-0.147850
-1.050229
-0.681140
-0.497444
-0.803395
-1.082680
-0.377596
-1.778410
-0.147295
-0.355670
-1.929104
-0.104165
-1.362200
-0.797932
-1.996255
-1.200109
-1.142633
-2.444608
-0.130311
-0.579953
-0.838950
-0.255258
-0.283189
-1.262258
-0.739884
-0.109757
-0.104397
-0.130778
-0.626228
-0.279815
-0.110924
-0.552324
-0.186497
-0.297206
-0.995231
-1.304437
-1.445454
-0.978613
-0.397039
-0.348534
-0.022416
-2.035440
-0.271833
-0.516989
-0.003456
-0.909277
-1.091544
-0.386779
-0.770002
-0.491786
-0.417949
-1.148675
-0.341709
-0.798042
-1.030751
-0.150340
-1.179705
-0.624930
-0.366267
-0.137406
-1.308064
-0.901459
-0.310852
-0.477901
-0.651392
-0.486932
-1.248085
-0.687021
-2.174011
-1.199736
-0.471729
-0.686779
-0.057293
-2.181894
-0.723765
-1.457247
-0.719494
-2.224620
-1.300093
-0.052789
-0.860315
-0.988248
-1.811740
-1.356752
-0.293780
-0.096213
-0.472082
-0.023990
-0.223836
-1.880652
-0.391704
-2.012035
-3.004348
-0.507052
-0.044237
-0.126734
-0.556016
-1.990638
-0.779032
-0.289838
-0.385206
-1.409983
-0.394219
-0.822354
-0.190633
-0.173703
-0.841701
-0.422627
-0.817789
-1.309199
-0.203846
-0.953057
-0.036332
-0.084048
-0.320208
-0.445370
-0.086957
-0.023983
-0.938338
-0.542916
-0.546735
-0.030848
-0.032650
-0.309687
-0.080898
-3.007572
-0.593521
-0.118510
-0.995823
-1.096387
-1.126810
-0.140883
-0.597533
-0.292696
-0.040018
-0.896372
-0.088128
-0.867612
-0.793443
-0.291225
-0.041641
-0.693253
-0.595399
-1.440942
-0.830373
-0.640156
-1.633998
-2.114041
-0.102088
-0.728196
-0.933214
-0.120910
-0.665464
-0.419730
-0.243598
-0.534787
-0.032904
-0.501644
-0.033700
-0.333787
-0.493944
-0.275781
-1.418955
-0.477744
-0.167214
-0.389885
-0.360968
-0.211810
-0.624596
-0.517575
-0.510989
-1.075778
-0.187307
-0.662655
-0.051121
-0.443207
-0.731435
-0.167896
-0.330424
-0.279967
-0.023777
-0.122720
-0.777312
-0.244523
-1.142468
-0.578602
-2.908893
-0.907967
-1.556519
-0.298713
-0.248689
-0.327795
-0.539906
-1.362790
-0.676605
-0.448611
-0.083116
-0.824709
-0.039616
-0.024974
-0.371571
-0.354720
-0.289261
-1.823501
-1.298579
-0.201814
-0.305994
-0.170683
-0.856998
-0.732052
-0.559648
-1.003024
-0.779423
-0.043505
-1.599194
-0.480667
-2.002989
-0.796470
-0.488135
-1.240139
-0.028894
-0.776007
-0.227308
-0.345816
-0.108414
-1.233798
-1.093090
-1.050055
-0.342589
-0.111566
-0.030488
-0.404866
-1.502329
-0.880365
-0.088674
-0.874820
-1.931523
-0.692706
-0.383755
-0.656945
-0.505002
-0.013698
-0.733844
-1.181382
-0.676237
-1.275943
-0.130045
-0.131744
-1.354584
-0.512256
-0.366694
-0.534209
-0.047593
-0.316443
-0.030511
-0.816266
-0.034575
-1.125268
-0.943433
-0.446829
-0.147211
-0.770261
-0.145124
-0.135432
-0.490383
-0.803386
-0.310318
-0.809625
-0.929681
-0.102782
-0.824736
-0.452168
-1.029242
-0.549334
-1.374036
-1.282929
-1.057219
-0.056991
-0.498075
-0.388326
-1.040596
-0.072020
-2.737606
-0.329029
-0.036799
-0.860434
-1.244813
-0.870559
-1.073825
-0.122070
-0.724074
-0.520623
-1.815127
-0.334799
-1.023359
-0.156813
-0.423524
-0.542242
-0.221970
-1.154233
-0.027768
-0.693017
-0.340278
-1.844761
-1.256109
-0.727218
-0.957033
-0.514135
-1.876206
-0.337972
-0.602797
-0.140187
-0.114746
-0.379211
-0.254824
-0.234054
-0.027670
-0.248173
-1.410653
-1.078039
-0.498798
-0.416691
-0.237453
-0.861289
-0.350314
-0.333505
-0.457647
-1.079102
-0.337933
-0.145833
-0.205270
-0.136159
-0.636556
-0.347668
-0.159941
-0.243639
-0.193337
-1.231226
-0.448716
-1.495706
-1.144846
-0.169732
-0.431459
-0.142335
-0.276412
-0.020244
-0.198790
-0.376623
-1.153575
-0.466145
-0.459862
-2.313177
-0.923695
-0.521155
-0.797075
-0.216333
-1.248776
-0.510948
-0.665516
-1.829565
-0.852942
-0.317807
-0.627004
-1.156469
-0.640368
-0.877247
-0.145755
-1.729115
-0.296434
-0.101684
-0.548130
-2.383811
-0.910561
-0.224913
-0.240921
-0.814347
-1.121692
-0.128972
-1.621378
-0.995331
-0.681002
-0.554247
-0.206251
-0.284993
-0.466742
-1.398168
-1.069842
-0.001219
-0.080605
-0.624976
-0.998824
-0.916659
-0.828188
-0.418076
-1.706178
-2.514615
-0.205732
-0.812780
-1.242908
-0.440122
-1.223825
-0.295220
-0.073138
-0.171643
-2.773377
-0.790403
-0.422647
-0.095965
-2.525025
-0.900975
-0.640894
-0.767466
-1.752188
-0.053119
-0.720053
-0.208361
-0.293266
-0.279034
-1.073171
-1.136961
-0.440454
-0.702319
-1.683093
-0.419388
-0.052383
-1.931391
-0.291083
-0.997695
-0.786624
-0.007411
-0.879609
-0.277306
-2.373422
-0.007013
-1.175388
-0.105992
-1.514094
-0.532450
-0.576465
-0.067387
-0.373928
-1.247847
-0.470934
-0.190128
-1.254246
-0.222569
-1.243630
-0.745008
-0.763062
-0.263488
-0.084949
-0.082123
-0.235749
-0.731381
-1.551467
-0.890077
-0.213181
-1.812342
-0.316381
-0.163006
-1.749090
-0.670822
-0.362891
-0.656090
-0.303600
-0.402848
-0.948772
-0.515411
-1.036666
-0.162293
-0.795581
-0.123209
-0.026937
-0.350949
-0.270235
-0.562557
-0.520661
-0.066104
-0.239093
-0.593445
-0.999006
-0.204436
-0.015427
-0.095644
-0.067150
-0.455326
-0.002319
-0.002659
-0.090646
-0.215218
-0.494985
-0.008578
-0.033609
-0.415228
-0.530249
-0.520018
-0.880714
-2.067343
-0.942361
-0.547997
-2.571925
-0.200918
-0.246126
-0.926115
-0.460178
-0.270438
-2.179251
-0.052576
-0.131013
-1.249188
-0.616513
-1.969758
-0.647957
-0.974805
-0.491310
-0.289647
-1.959504
-0.203921
-2.053969
-0.976278
-0.295191
-0.454343
-0.548423
-0.161036
-2.388849
-0.142398
-0.383017
-0.459624
-0.468412
-0.734157
-0.928170
-0.074090
-1.630498
-1.697958
-1.026321
-0.543236
-0.874088
-0.036234
-0.844526
-0.703025
-0.871940
-2.496759
-1.386994
-1.356520
-1.594708
-2.197557
-1.105350
-0.215220
-0.734845
-0.157063
-0.696248
-0.918905
-0.490916
-1.722517
-0.162318
-0.580557
-0.297399
-0.627467
-0.085321
-0.488664
-0.944106
-2.070254
-1.969531
-1.025521
-0.314151
-0.048080
-0.626200
-0.344459
-1.149662
-0.020886
-0.153836
-1.204299
-1.899940
-1.062337
-0.229195
-1.331343
-0.709776
-0.343157
-0.229766
-0.972635
-0.558074
-0.164394
-1.163882
-1.976585
-1.415449
-0.413746
-0.810233
-0.809976
-2.350759
-1.752471
-0.552264
-1.456884
-0.338634
-0.266653
-0.002852
-0.300377
-0.024674
-3.039304
-1.102585
-1.502068
-0.649468
-0.016698
-0.659175
-1.307894
-0.073929
-0.031613
-0.294350
-0.505129
-0.893591
-0.250453
-0.416755
-0.016340
-0.410578
-1.549721
-0.454152
-1.144428
-0.181883
-0.310175
-0.697980
-1.197106
-0.099613
-0.373348
-1.471407
-0.086952
-0.092993
-0.048755
-0.436979
-0.400019
-3.079796
-0.381580
-0.208549
-0.422466
-0.159569
-1.688239
-0.130470
-0.077137
-1.921572
-0.208251
-0.203482
-0.420976
-0.320154
-0.046247
-0.043123
-0.609632
-0.202156
-0.217469
-0.380651
-1.249960
-0.199282
-0.777599
-0.196556
-0.567425
-0.804704
-0.223446
-1.239498
-0.282261
-0.717067
-0.452111
-0.425835
-0.199095
-0.562511
-0.788661
-1.018563
-0.458316
-0.612966
-0.265583
-0.528176
-0.621123
-0.387332
-0.403864
-0.501539
-2.092232
-0.282101
-0.281051
-2.494060
-0.632706
-0.624407
-0.248199
-0.289173
-0.626337
-0.059579
-0.227903
-0.489068
-0.425654
-2.102912
-0.654198
-1.279065
-2.754979
-0.574167
-0.727190
-1.036794
-0.405865
-0.030077
-0.494323
-0.640774
-0.044447
-0.992391
-1.591048
-0.113101
-0.432895
-1.630510
-1.634692
-1.846067
-0.183975
-1.387970
-0.882436
-0.443155
-0.107348
-0.658578
-0.018876
-0.144309
-0.611270
-0.282249
-0.521378
-0.097885
-0.821402
-0.520666
-0.115860
-0.834596
-0.438686
-1.714259
-0.020979
-0.949378
-0.013968
-0.639705
-1.584584
-0.506767
-1.433163
-0.588796
-0.328591
-1.504118
-0.020264
-0.152396
-0.153283
-0.316988
-0.525010
-0.388547
-1.158746
-0.318847
-0.945345
-0.453322
-1.266553
-0.025658
-0.412428
-1.152960
-0.780542
-0.069850
-0.579828
-0.190225
-1.222548
-0.657191
-1.271107
-0.898261
-0.745927
-1.602800
-0.010254
-0.722405
-1.140895
-1.569093
-0.840801
-0.215516
-0.214220
-0.604710
-0.642684
-0.347961
-0.689238
-0.204419
-0.376258
-0.369042
-0.316325
-0.727167
-1.031279
-1.782899
-0.556560
-1.001224
-1.143368
-0.641281
-0.116785
-0.851365
-0.883069
-0.016095
-0.036584
-0.485653
-0.572585
-0.266343
-0.256225
-0.257629
-0.025259
-0.441505
-0.460092
-0.477613
-0.029479
-0.994844
-0.430171
-0.696435
-0.667185
-0.201179
-1.238215
-2.342480
-0.471242
-0.108256
-0.219236
-0.084088
-1.133892
-0.266824
-0.173802
-0.655728
-0.279265
-0.000004
-0.192328
-0.791035
-0.207188
-0.024971
-0.131031
-1.221507
-0.032073
-0.053261
-0.233743
-0.413597
-0.362157
-0.723757
-0.289186
-0.424616
-0.589482
-0.197780
-0.111066
-1.404676
-0.632352
-0.627719
-0.389925
-0.752530
-1.006232
-0.573164
-0.020729
-0.278469
-1.265060
-0.169644
-0.150965
-0.103977
-0.121786
-0.332054
-0.648143
-0.617224
-0.066574
-0.874010
-0.570568
-0.634920
-1.333061
-0.157315
-0.150534
-0.083389
-1.053042
-0.304541
-0.101259
-0.173996
-1.183448
-0.112286
-0.212987
-0.164029
-0.220372
-0.009637
-0.069978
-0.813594
-0.230301
-1.721854
-0.571054
-1.634331
-0.037936
-0.121450
-0.531408
-1.468913
-1.340197
-0.155953
-0.424258
-0.562645
-0.106965
-0.007172
-1.293481
-0.574169
-0.438342
-0.338847
-0.102723
-0.686928
-0.511483
-1.655753
-1.937689
-0.678192
-0.022736
-0.344637
-0.349942
-0.017868
-1.081723
-0.247430
-0.067711
-0.327268
-0.480706
-1.681388
-0.190064
-0.286521
-0.919846
-0.035335
-0.027670
-0.639356
-0.948043
-0.177482
-0.303284
-0.444613
-1.038331
-0.129355
-0.836095
-0.736804
-2.725996
-0.180505
-0.231386
-0.406026
-0.343303
-0.303355
-0.162164
-0.057583
-0.372012
-1.163503
-1.024839
-0.500266
-0.215018
-1.173593
-0.004504
-0.041091
-0.199890
-0.033883
-0.901313
-0.632215
-2.656597
-0.018084
-1.297810
-1.396237
-0.332769
-0.126997
-0.345635
-0.805923
-0.031133
-2.710518
-1.825481
-2.578938
-0.544711
-0.854254
-0.174892
-1.472513
-0.888606
-0.713462
-0.858287
-1.016834
-1.335158
-1.963076
-0.288813
-1.699956
-1.542331
-1.196336
-0.694055
-0.229269
-0.173446
-0.625308
-0.238499
-1.637761
-0.187827
-0.111672
-0.214919
-0.507190
-0.353435
-0.783897
-0.580583
-0.336288
-0.606915
-1.945471
-0.389375
-1.488811
-0.136479
-0.071783
-0.714783
-0.375414
-0.514371
-0.905656
-0.077731
-0.052441
-0.073811
-1.543549
-0.181416
-0.339867
-0.283462
-0.796974
-0.132037
-0.983231
-1.123093
-1.240337
-0.188119
-1.093803
-0.818990
-0.020330
-0.192948
-1.285497
-1.007712
-0.292645
-0.147789
-1.304695
-0.282784
-0.312280
-0.130663
-0.372373
-1.283788
-0.414549
-0.049055
-0.679489
-0.425366
-0.814361
-1.796183
-0.081301
-2.538906
-0.105311
-1.605359
-0.084004
-0.017403
-0.421409
-0.011395
-0.956501
-0.126817
-0.739090
-0.941641
-0.614618
-0.012883
-0.179566
-0.598057
-0.086383
-0.779518
-0.211524
-0.218883
-1.204176
-0.398764
-0.359608
-2.123492
-0.144698
-0.578174
-0.630572
-0.481506
-0.163755
-0.074523
-0.597449
-0.075431
-0.455832
-0.841389
-0.190043
-1.248945
-0.136889
-0.049775
-0.768007
-0.496764
-1.413787
-0.152438
-0.191252
-0.183365
-0.283254
-0.349795
-0.141985
-0.378299
-0.636594
-0.141463
-1.040092
-0.423948
-0.237872
-0.730400
-0.542699
-0.839956
-0.007703
-0.176732
-1.296249
-0.599178
-0.519484
-1.573013
-1.285427
-1.262587
-0.457451
-1.718742
-0.781934
-0.771844
-0.197053
-1.442575
-0.677143
-0.357300
-0.131095
-0.709414
-0.614540
-0.006447
-0.419347
-0.590070
-0.177151
-0.401675
-0.788761
-0.002761
-0.630530
-0.102824
-0.660118
-0.295978
-0.814465
-0.252405
-0.276226
-0.091123
-0.640837
-0.802775
-0.379301
-2.395221
-0.643700
-0.407389
-0.083889
-0.225561
-0.575124
-0.471015
-0.426066
-0.090346
-0.265114
-0.985542
-0.153558
-1.381726
-0.044319
-0.024817
-0.795556
-1.113014
-0.155143
-0.750355
-2.122875
-0.220016
-0.784191
-0.088419
-1.189734
-0.686627
-0.968781
-0.824764
-0.853390
-0.478144
-0.638760
-0.766903
-0.770746
-2.449757
-0.057539
-0.153580
-0.342789
-0.277235
-0.612789
-0.105988
-0.154887
-0.245690
-2.030985
-0.024819
-0.061026
-1.836917
-0.158540
-0.946125
-0.131148
-0.414517
-0.582430
-0.008712
-0.254267
-0.169283
-2.389246
-2.169592
-0.013775
-0.915246
-0.117686
-1.144151
-0.157236
-1.411522
-0.075893
-0.658912
-1.089782
-0.694880
-1.029028
-0.185284
-0.435833
-0.689556
-0.722769
-1.704568
-0.693532
-0.356645
-0.805532
-2.215593
-1.757823
-0.193880
-0.643413
-0.518826
-0.550067
-0.833737
-3.987986
-1.043933
-0.325325
-1.705925
-0.403630
-2.037587
-0.212390
-0.721156
-0.132588
-0.380304
-0.659979
-0.644345
-0.675143
-0.021170
-0.357294
-0.690260
-1.066163
-0.595736
-0.371016
-1.101574
-1.182507
-0.234063
-0.582310
-0.350157
-0.482877
-0.124190
-0.285281
-1.687012
-0.015189
-0.251858
-0.707852
-0.305875
-0.183746
-0.341987
-0.998840
-1.097589
-2.882191
-0.233597
-0.013443
-0.825847
-0.152583
-1.299067
-1.089554
-0.668641
-0.023868
-1.337667
-0.334218
-0.412209
-1.070568
-1.807003
-0.276669
-0.493538
-0.507793
-0.201735
-0.669237
-0.099320
-0.561129
-0.414124
-0.258022
-1.832835
-1.178858
-0.858729
-0.234832
-0.208339
-0.471565
-1.062214
-1.433999
-0.617916
-0.471196
-1.773351
-1.065328
-0.035159
-1.743332
-1.456490
-0.180576
-0.547862
-0.316516
-0.938783
-0.216017
-0.727009
-0.095077
-0.221694
-0.346637
-0.963675
-1.163753
-0.374018
-0.066716
-0.783748
-1.110799
-0.090119
-0.350738
-0.521557
-1.067315
-1.128190
-0.453710
-0.810922
-0.223143
-0.052258
-0.527541
-2.310080
-0.832109
-1.973785
-0.166858
-0.160824
-0.399268
-0.349102
-0.345738
-0.254920
-0.442205
-0.344800
-0.434653
-0.363781
-0.872895
-0.761517
-0.911989
-0.082043
-0.241401
-0.091871
-0.101923
-0.469885
-1.546989
-1.110421
-0.797540
-0.596829
-2.229164
-1.797379
-0.328680
-0.958019
-0.611716
-0.958430
-1.920843
-1.357778
-0.343393
-1.762486
-0.180480
-0.850066
-0.271863
-0.454423
-2.345451
-0.066016
-0.097019
-0.304894
-0.890067
-0.011287
-0.189439
-0.068037
-0.300588
-0.837849
-0.965504
-1.409277
-0.909612
-0.945253
-0.228891
-0.925971
-0.167893
-0.753436
-0.167423
-0.355316
-0.068437
-1.665132
-0.297506
-0.869630
-0.191030
-1.061655
-0.433819
-0.323518
-2.067377
-0.498754
-0.683494
-0.811001
-0.363295
-0.247961
-0.300823
-0.171256
-1.728597
-0.651719
-3.298681
-0.044831
-1.017733
-0.062506
-0.242214
-1.489191
-0.144136
-0.730817
-0.019673
-0.019215
-1.425469
-1.986856
-0.718761
-0.641964
-0.018097
-0.790496
-0.014196
-0.981651
-0.463512
-0.084406
-0.260742
-0.749782
-0.068055
-1.566387
-1.248747
-1.223085
-1.251313
-0.134515
-2.451142
-1.379864
-0.078360
-1.260838
-0.414847
-1.148649
-0.181197
-0.567126
-1.519544
-1.963799
-1.807965
-1.891952
-0.031377
-1.095996
-2.064164
-0.647196
-0.301432
-0.602175
-0.473362
-0.486238
-0.970416
-0.672107
-0.250735
-1.015031
-0.040458
-0.827104
-0.384736
-0.511544
-0.156479
-0.079153
-1.570389
-0.682853
-0.137807
-0.871032
-1.078816
-0.326185
-0.840605
-0.040521
-1.116417
-0.417109
-0.226626
-0.574273
-0.977262
-0.945872
-0.403219
-1.306437
-0.751522
-0.726520
-0.035523
-0.382916
-0.580878
-0.264262
-0.154829
-0.327013
-2.487793
-0.216555
-0.707346
-0.224646
-0.587496
-0.275622
-1.071519
-0.342684
-0.062395
-0.592844
-1.871964
-1.311329
-0.016827
-0.158484
-0.740550
-0.644429
-0.417199
-0.089592
-0.365724
-0.018609
-2.190912
-0.211379
-0.042784
-0.721853
-0.635568
-0.731742
-1.273276
-0.955403
-0.106970
-0.499263
-1.422925
-1.153700
-0.125472
-0.612739
-1.072562
-0.079116
-0.663665
-1.837745
-1.443528
-0.078108
-0.342372
-0.273437
-1.735918
-0.398395
-0.024632
-0.418646
-2.155798
-0.804712
-0.974330
-0.125405
-0.929140
-1.081913
-0.304424
-0.544529
-0.586097
-1.516191
-0.814848
-0.227491
-0.177278
-1.032309
-0.752536
-0.690243
-0.365230
-0.151237
-0.481450
-0.776184
-0.421878
-0.288021
-0.104816
-0.562315
-1.394517
-0.909621
-0.108900
-0.588094
-0.112353
-0.466807
-0.297737
-0.105482
-0.255824
-1.495396
-0.064272
-0.064475
-0.467749
-0.036678
-0.070097
-1.143859
-0.029749
-0.113256
-0.256846
-0.071282
-1.041934
-0.607587
-0.060957
-0.180032
-1.031281
-0.556298
-0.392850
-2.126624
-0.395310
-1.996820
-0.266383
-0.208768
-0.612338
-0.394051
-0.147040
-1.078942
-0.042482
-0.624395
-0.094499
-0.423285
-1.229594
-0.979463
-0.972507
-0.136420
-0.562786
-0.120826
-1.485978
-1.536012
-0.390681
-1.089773
-0.730231
-0.580945
-0.883645
-0.451727
-0.879062
-0.808909
-0.004406
-0.142110
-0.849037
-1.107446
-0.005517
-1.398031
-0.016893
-0.036003
-1.850400
-0.163594
-0.743175
-0.864909
-1.088225
-0.794112
-0.110242
-0.142132
-0.330232
-0.007669
-0.465396
-0.953610
-0.164320
-0.494078
-0.523869
-2.257677
-0.101887
-0.330354
-0.810080
-0.309279
-2.575250
-1.406864
-0.218011
-0.821030
-1.971745
-0.118636
-1.601050
-0.969767
-0.075725
-0.416598
-0.794421
-0.420307
-0.855426
-1.214727
-1.425848
-0.541059
-0.377920
-0.759995
-0.587967
-1.338938
-1.289779
-0.104476
-0.135946
-0.038108
-0.606307
-0.217889
-0.751101
-0.594958
-0.448053
-0.047773
-0.535517
-0.729786
-0.126800
-0.328675
-0.931308
-0.798535
-1.144899
-0.106567
-0.647565
-0.744817
-0.615160
-0.066888
-1.589604
-1.237174
-0.225633
-0.754961
-0.345468
-0.144347
-0.859230
-0.148487
-0.329815
-1.158475
-0.560286
-0.062849
-0.479239
-0.095102
-0.571170
-0.038861
-1.115601
-0.407095
-2.222834
-0.170002
-0.361197
-0.200263
-0.997458
-1.058399
-0.249823
-0.562698
-1.482756
-0.721012
-0.267215
-1.069284
-0.322231
-0.060560
-0.431566
-1.567734
-0.923454
-0.010474
-0.116489
-0.611868
-1.256603
-0.322724
-0.442336
-0.292936
-0.423355
-0.328746
-0.866534
-0.979481
-0.441306
-0.698896
-0.126285
-0.298139
-0.129796
-1.370714
-1.584472
-0.053282
-0.107188
-0.141741
-1.671662
-0.383150
-0.626721
-1.318794
-0.430000
-0.166474
-0.245929
-0.306320
-0.462637
-0.929577
-0.116405
-0.710029
-0.368420
-0.751005
-0.150918
-0.908882
-0.383672
-0.821117
-0.037580
-0.589194
-0.524947
-0.882965
-1.125940
-1.619132
-1.473054
-0.724866
-0.419306
-0.808349
-1.841516
-0.630034
-0.486576
-1.586058
-0.019365
-0.739770
-0.836604
-0.387957
-0.142073
-0.903499
-1.766623
-1.000837
-0.538009
-0.708810
-0.015293
-3.216246
-1.468935
-0.195069
-1.047460
-0.375719
-0.668794
-2.102380
-0.077168
-0.647603
-1.213817
-0.092323
-0.093394
-0.166880
-0.546703
-0.011590
-0.104624
-1.214362
-0.332751
-0.751412
-1.784932
-0.886705
-0.919694
-0.184208
-0.050534
-0.154542
-0.135782
-0.850241
-1.257378
-1.826818
-1.438416
-0.751879
-0.910486
-0.014100
-0.048242
-0.184079
-0.544833
-0.166578
-0.098883
-0.058898
-0.436171
-0.806437
-2.678902
-0.347018
-0.602739
-0.637973
-0.468479
-0.456601
-1.685211
-0.033681
-0.037694
-0.052807
-0.114623
-0.163165
-1.023590
-0.098996
-0.336948
-0.587121
-0.463618
-0.353389
-0.041583
-0.352787
-0.146584
-0.505899
-0.111655
-1.252976
-0.442112
-0.361797
-0.333249
-1.249534
-0.913465
-0.098524
-0.414021
-0.040164
-1.941207
-1.529532
-0.054404
-0.089157
-0.787017
-0.032684
-1.385189
-1.062922
-0.019480
-0.227677
-0.791746
-0.483237
-0.940578
-0.064179
-0.946065
-0.359855
-0.049065
-0.385469
-0.564778
-0.234456
-0.658309
-0.354763
-0.203446
-0.380179
-0.178685
-0.876284
-0.150758
-0.524517
-0.635017
-0.671255
-0.605838
-0.321723
-1.570619
-0.142683
-1.103269
-0.390164
-0.417879
-0.553026
-0.084846
-0.007060
-0.098357
-0.891646
-1.097359
-0.039343
-0.653456
-0.553431
-0.899805
-0.577635
-0.058381
-0.467930
-0.940180
-0.452021
-1.259301
-0.959355
-0.264605
-0.142913
-1.160129
-0.846514
-1.381962
-0.588169
-0.966320
-0.415286
-0.300035
-1.464380
-0.081515
-0.990568
-0.539353
-1.899607
-0.450882
-0.100218
-0.648154
-0.110280
-2.101007
-1.342144
-0.463983
-0.908628
-0.169894
-0.578019
-0.501543
-0.033478
-0.281311
-0.867956
-0.331762
-0.288115
-1.250927
-0.694944
-1.114270
-1.663411
-1.342206
-2.955392
-0.277443
-0.231158
-0.316501
-0.494651
-0.269812
-0.027738
-1.574276
-0.083944
-0.177329
-0.726154
-0.289386
-0.255997
-1.035360
-0.041902
-1.051875
-0.027184
-0.323621
-1.632374
-0.060149
-1.116958
-0.040424
-1.059998
-0.569005
-0.231400
-0.901449
-1.423837
-0.271233
-0.038600
-1.309183
-1.521943
-0.917511
-0.970481
-0.347847
-0.473351
-0.039532
-1.388944
-0.244943
-0.448756
-0.531016
-1.644558
-0.098026
-0.011790
-0.465081
-0.441999
-0.649031
-2.721411
-0.600821
-1.940256
-1.119489
-0.689546
-1.191051
-1.279179
-0.481788
-0.746348
-1.975530
-0.826743
-0.499078
-0.472496
-0.007358
-0.527459
-0.094605
-1.588099
-0.479650
-0.119294
-0.477383
-0.006276
-0.105758
-0.019384
-1.033526
-0.397166
-2.233317
-0.247844
-1.771261
-0.068126
-0.512687
-0.386598
-0.017383
-1.455596
-0.910005
-0.377947
-0.129071
-1.604506
-0.223080
-0.681884
-0.980099
-0.219460
-0.085185
-0.075363
-0.629522
-0.145337
-1.033744
-0.166024
-0.230954
-0.528640
-0.886836
-0.324599
-0.250946
-0.074456
-1.111107
-0.685589
-0.072334
-0.339876
-1.379019
-0.188423
-1.342283
-0.050954
-0.776279
-0.979788
-0.934146
-0.014733
-0.501617
-0.733619
-0.415169
-0.839212
-0.381087
-0.094111
-0.833262
-1.073606
-0.154532
-0.115288
-0.525433
-2.039806
-0.136868
-0.529123
-0.542402
-0.060669
-0.445568
-1.033560
-2.333865
-0.244607
-0.982175
-0.405905
-0.294688
-0.751429
-1.320749
-0.299740
-0.603913
-0.870327
-0.284396
-0.048562
-0.384058
-0.337180
-0.489159
-1.060249
-0.307812
-0.751831
-0.024192
-0.037202
-1.310722
-0.048706
-0.358314
-0.991546
-1.477760
-0.056986
-0.589937
-1.915594
-0.170672
-1.470652
-1.614891
-0.073575
-0.400183
-0.875879
-0.074838
-1.503252
-0.839669
-0.686383
-0.309121
-0.055637
-1.634430
-0.082401
-0.098911
-0.136957
-0.730892
-0.286500
-0.279288
-1.594198
-0.315575
-0.211817
-0.052679
-1.807163
-0.047021
-0.703772
-0.090057
-0.159904
-0.378925
-0.352414
-0.364588
-0.664533
-0.014001
-0.633511
-0.034316
-0.272659
-0.145084
-0.202270
-2.452730
-0.183848
-1.752967
-0.281531
-1.564250
-0.144594
-0.282292
-0.126800
-0.299176
-1.661361
-0.088273
-1.136635
-0.315289
-0.618643
-0.695883
-0.898741
-0.000676
-0.905349
-0.443968
-1.890882
-1.382839
-0.463673
-0.220229
-0.165158
-0.890407
-1.244065
-0.120356
-0.205375
-2.306793
-1.862870
-1.114098
-1.632840
-0.515704
-0.646993
-0.394397
-0.570591
-0.528732
-2.425643
-0.267866
-0.017491
-0.112979
-0.383282
-1.190125
-1.711442
-0.770912
-0.580422
-0.207540
-1.300282
-2.141835
-0.037753
-0.002184
-1.174218
-0.127985
-1.057889
-0.447572
-1.800811
-0.735707
-1.596153
-1.944971
-1.771569
-1.300393
-1.046280
-0.843190
-0.064720
-0.423607
-0.664866
-0.751394
-0.270194
-1.052794
-0.338710
-2.006413
-0.406806
-0.532207
-2.287859
-0.094305
-0.405078
-0.013423
-0.997108
-0.573927
-2.148850
-0.043208
-0.231696
-0.552087
-0.124704
-0.204533
-1.094873
-0.550616
-0.014170
-0.208888
-0.094243
-0.073401
-0.578461
-0.286008
-1.351976
-1.049384
-1.938909
-0.411311
-0.121863
-0.617908
-0.809923
-1.263204
-0.115543
-0.602678
-0.650834
-0.076282
-0.120020
-0.043290
-0.116739
-0.033301
-0.653151
-0.200060
-0.823778
-0.301573
-2.177530
-0.601661
-1.403019
-0.282564
-1.045568
-0.525925
-0.743749
-0.678226
-0.379970
-0.272068
-1.264030
-0.416011
-0.043460
-0.828065
-1.513223
-0.272796
-0.604953
-0.141396
-0.852791
-0.382766
-1.614084
-0.107028
-0.242961
-4.094918
-0.823367
-0.153972
-1.363966
-0.181354
-1.187462
-0.622817
-0.052774
-0.242653
-0.176452
-0.384806
-0.360187
-0.430049
-0.428138
-0.773971
-0.127045
-0.021031
-1.217828
-0.367720
-0.769179
-0.312245
-0.708881
-1.602743
-0.422781
-0.174640
-0.151087
-0.155767
-0.007260
-0.083230
-0.019788
-0.657550
-0.612347
-0.328889
-1.204589
-1.079102
-1.142487
-0.000791
-2.241496
-0.068570
-0.622952
-0.343486
-0.468418
-0.668541
-0.059491
-1.319101
-0.240352
-1.742425
-1.719603
-2.614861
-0.642566
-1.410113
-1.590086
-0.143211
-0.356461
-0.166653
-3.583300
-1.866607
-0.843075
-0.799641
-0.526349
-1.196012
-0.745326
-0.314331
-0.602955
-0.782025
-1.428518
-0.186147
-0.152782
-0.171434
-0.192715
-1.148655
-0.232986
-1.665042
-2.040910
-0.079331
-0.468439
-1.293962
-0.906183
-0.727518
-0.258341
-0.206678
-0.311562
-0.327977
-0.147099
-0.290758
-0.172531
-1.803757
-0.903512
-0.567365
-0.832163
-0.383154
-0.007449
-1.220528
-0.198292
-0.647409
-0.555327
-0.270615
-0.566025
-1.581746
-0.085078
-1.814191
-1.901234
-0.259789
-0.675477
-0.316118
-0.212558
-1.114711
-0.215507
-0.564962
-0.665105
-0.065039
-0.334159
-0.272189
-0.036799
-0.233159
-0.820749
-0.503886
-0.339462
-0.374933
-0.616503
-0.162734
-0.882648
-0.192988
-0.137140
-0.284158
-1.834424
-0.031623
-1.308565
-1.768750
-0.044733
-1.551624
-0.939643
-0.507003
-0.031000
-0.652950
-0.262687
-0.058211
-0.228140
-0.468093
-0.595878
-0.492615
-0.446252
-0.176622
-0.967066
-1.530009
-0.282997
-1.933547
-0.601951
-0.061007
-1.140893
-1.722982
-0.099257
-0.640654
-0.273139
-0.571843
-0.155259
-0.024816
-0.255342
-0.884612
-1.857155
-0.942827
-0.245696
-0.532155
-1.267061
-0.335628
-0.896319
-1.116605
-0.115831
-1.884550
-0.496405
-0.868527
-1.463040
-0.192587
-0.153274
-0.003209
-0.751712
-0.634193
-0.680044
-0.840510
-0.268934
-1.384688
-0.097842
-0.155901
-0.428424
-0.125304
-0.472876
-0.166606
-0.694941
-1.107871
-0.560745
-0.743109
-0.090593
-0.234492
-0.330947
-2.609131
-0.493376
-0.588844
-0.553036
-0.923106
-0.504218
-0.574050
-0.665371
-0.045834
-1.575407
-0.561405
-0.269635
-1.727765
-0.075161
-2.070120
-1.745462
-0.140222
-0.263236
-0.134095
-0.487852
-0.631611
-0.266612
-0.251371
-1.317595
-0.239571
-1.649516
-0.148397
-0.860664
-0.419503
-0.501967
-3.497513
-1.314750
-0.691736
-3.581275
-0.333180
-0.954854
-2.194429
-0.900287
-0.117736
-0.243934
-0.674611
-0.037059
-0.538457
-2.031923
-1.016209
-0.304314
-0.324737
-0.632240
-0.638597
-1.128563
-1.711551
-0.249328
-0.100177
-0.239109
-0.730092
-0.218741
-0.273833
-2.090168
-0.495776
-1.499634
-1.030254
-1.460366
-0.992544
-0.197558
-0.015534
-0.310103
-0.219843
-0.338147
-3.479786
-3.047482
-0.301241
-0.102692
-0.152206
-0.769344
-0.796300
-0.527661
-1.119448
-0.398161
-0.096317
-0.713259
-0.580511
-1.426138
-1.016813
-0.274613
-0.854505
-1.382680
-0.638214
-0.031328
-1.217605
-1.091396
-0.703270
-1.117626
-0.450012
-1.004817
-0.349331
-0.657307
-0.023384
-0.196113
-0.403466
-0.060831
-1.866770
-0.131591
-0.420043
-0.638878
-0.119683
-0.294428
-0.353225
-0.714275
-0.127587
-0.808513
-1.097489
-0.161718
-0.092986
-0.040690
-0.031454
-0.009812
-1.384228
-0.861266
-0.785103
-0.231199
-1.757023
-0.709261
-1.344376
-0.259210
-2.185413
-1.983558
-0.898621
-2.644997
-0.907987
-0.141364
-0.868278
-0.588413
-0.877779
-0.692976
-0.639703
-2.133806
-0.134760
-0.061838
-1.094858
-0.263520
-0.015117
-0.186276
-0.288484
-1.133822
-0.721174
-1.338734
-0.063984
-0.683354
-1.113312
-0.682285
-0.175496
-0.536618
-0.226671
-1.032691
-1.478884
-1.856990
-0.964988
-1.619459
-1.478190
-0.547743
-0.489621
-1.260598
-0.723947
-1.753297
-0.860402
-0.019000
-1.222476
-0.255208
-0.111364
-0.521246
-0.396224
-1.133674
-0.086750
-0.591138
-0.914182
-2.000801
-0.152697
-0.231977
-0.227011
-1.242651
-1.257151
-0.076948
-0.320099
-1.151172
-1.791254
-1.203957
-0.582030
-0.456484
-1.474126
-0.339309
-0.481960
-1.156984
-1.427505
-0.127966
-0.281605
-0.477138
-0.220780
-0.012851
-0.479690
-0.323507
-0.873446
-0.724974
-0.227129
-0.563071
-0.177606
-0.014416
-0.563748
-0.715740
-0.152413
-1.068033
-2.229567
-0.527691
-0.390183
-0.163288
-0.182532
-0.344559
-0.830679
-0.468055
-0.793847
-0.868315
-0.640701
-0.434287
-0.574099
-0.717500
-0.027094
-0.341442
-0.786408
-0.084937
-0.492478
-0.673957
-0.595541
-1.185517
-0.293614
-0.104535
-2.488880
-0.435325
-1.060276
-1.251102
-2.153167
-1.941948
-2.748125
-2.478506
-0.692571
-1.897773
-0.089198
-0.062869
-0.033813
-0.244378
-0.008886
-0.084840
-0.688011
-0.138055
-2.119412
-1.186794
-0.480885
-0.090007
-0.225969
-1.725804
-1.082698
-0.503548
-0.965509
-0.069653
-0.154445
-0.025403
-0.053792
-2.498713
-1.565087
-0.371500
-0.052622
-0.726938
-0.347706
-0.374257
-0.878628
-0.581979
-0.139394
-0.528679
-0.072417
-0.010387
-1.078924
-0.256548
-0.527430
-0.159627
-0.012904
-0.182890
-0.399935
-0.130181
-0.323589
-0.446508
-0.614224
-0.439777
-2.050737
-0.509649
-0.342503
-0.153698
-1.109777
-0.620418
-0.240144
-1.484111
-0.032356
-0.320429
-1.586988
-0.169569
-0.677066
-0.759100
-0.110558
-0.008018
-1.224782
-0.110774
-1.387822
-0.217381
-1.038279
-0.596552
-0.298873
-0.037243
-0.027308
-0.348673
-1.535507
-0.444935
-0.366193
-0.675731
-0.528888
-0.649668
-0.153916
-0.388823
-0.906406
-0.125181
-0.101157
-0.273936
-0.885687
-0.433216
-0.900963
-0.109445
-0.091900
-0.103935
-1.152374
-1.189784
-0.383344
-0.192048
-0.211390
-0.230309
-0.695188
-1.696693
-1.146014
-0.621935
-0.718827
-0.384521
-0.446499
-0.228015
-0.230671
-0.340395
-0.457042
-0.091224
-1.093572
-0.615438
-0.201797
-0.635583
-0.293226
-1.466113
-1.068677
-0.015291
-0.661358
-0.689662
-1.267062
-0.508467
-0.621895
-1.218188
-0.356345
-1.336699
-0.986061
-0.698583
-0.013061
-1.560458
-0.412339
-0.140967
-0.400343
-1.937539
-0.681935
-0.178411
-0.494661
-0.055877
-0.317980
-0.277786
-0.510482
-0.366097
-0.496869
-1.100108
-0.589252
-0.741633
-2.488623
-0.265364
-1.132765
-0.173950
-0.268688
-0.231945
-0.104238
-0.042469
-0.063401
-0.089681
-0.329899
-0.680895
-0.019031
-0.592855
-0.094280
-0.598756
-0.868898
-1.541225
-0.225678
-0.701386
-0.770582
-1.342152
-0.012558
-0.182868
-1.011390
-1.641016
-1.640833
-0.088491
-0.581199
-2.235923
-1.003823
-0.096258
-0.764771
-0.848474
-1.517599
-0.739697
-0.245645
-0.087147
-0.426007
-1.992157
-0.050014
-0.773506
-0.329190
-2.156763
-0.142919
-0.694434
-0.145352
-1.226341
-2.396477
-1.077489
-0.017136
-0.563651
-0.758642
-0.073898
-0.284256
-0.042707
-0.781053
-0.611049
-0.891975
-0.478858
-0.653332
-0.350838
-0.125480
-0.224235
-0.057963
-1.406797
-0.667848
-0.345543
-0.004911
-0.354935
-0.349914
-0.878092
-0.492988
-0.294381
-0.525302
-0.057871
-0.648718
-0.415197
-0.039134
-0.004961
-1.279823
-0.162428
-0.374296
-1.933101
-0.274119
-0.256515
-0.072248
-0.225670
-0.317800
-1.009122
-0.530715
-0.064734
-1.351308
-1.267996
-0.587062
-0.555847
-0.003761
-1.282946
-0.710197
-0.302169
-0.138120
-0.441032
-0.620817
-0.071711
-1.900954
-0.652297
-0.159040
-0.656597
-2.363343
-0.593081
-0.266979
-0.166725
-1.577623
-0.149591
-0.136447
-0.164216
-0.764686
-0.104480
-0.695993
-0.927053
-0.978963
-1.173619
-0.367883
-0.085210
-0.768645
-0.165270
-3.700782
-1.143796
-0.762115
-0.130494
-0.111957
-0.485280
-0.342269
-1.125197
-0.735831
-2.256906
-0.316519
-0.146437
-0.593754
-0.043267
-0.377198
-0.055974
-0.156008
-0.078594
-0.832438
-0.025476
-0.690016
-0.482508
-3.408568
-0.711052
-0.903627
-1.222515
-0.278423
-0.736432
-0.500759
-0.459337
-2.056779
-0.067657
-0.044148
-0.286882
-0.357517
-0.864403
-2.383577
-0.221470
-0.546489
-0.183549
-1.112531
-0.805455
-0.211363
-0.258009
-0.720818
-1.092446
-0.805732
-0.327037
-1.424467
-0.676680
-1.410359
-0.206837
-0.500563
-0.959139
-0.278976
-0.905561
-0.563073
-0.873341
-1.771883
-0.170559
-1.349593
-0.939177
-0.637926
-0.150236
-0.769939
-1.055576
-0.737410
-0.322495
-0.888423
-0.689955
-0.458374
-1.030443
-0.355505
-0.223101
-0.741587
-0.293022
-0.813895
-1.812436
-1.853262
-0.203567
-0.079931
-0.607095
-0.096838
-0.010279
-0.371039
-1.622325
-0.770928
-1.043017
-0.893719
-0.639061
-0.438702
-0.317707
-0.405835
-0.025471
-0.310974
-0.550378
-0.096487
-0.468624
-0.379182
-0.104363
-1.715677
-0.223932
-0.397967
-1.284228
-1.939881
-1.399939
-0.907271
-0.155898
-1.001410
-0.917858
-0.752662
-0.113171
-0.050243
-0.871014
-0.792291
-0.222255
-0.581303
-0.401567
-0.093305
-1.029766
-2.390157
-0.068290
-0.667125
-0.603188
-0.242519
-0.612233
-1.364018
-0.645198
-1.463071
-0.640675
-0.228152
-0.452999
-0.254331
-0.158260
-1.295757
-0.115452
-0.120018
-0.280455
-0.198631
-0.263657
-1.050443
-0.127101
-0.086549
-1.359581
-0.538660
-1.510247
-1.446523
-0.256275
-0.464806
-0.247595
-0.273441
-0.701521
-0.005628
-0.371328
-2.176082
-1.672222
-1.587507
-2.028999
-0.305031
-0.160746
-0.348029
-0.277788
-0.166659
-1.508860
-0.347076
-0.077119
-1.319345
-0.088615
-0.127479
-1.490446
-0.087437
-0.625390
-0.713245
-0.131039
-0.375305
-0.786307
-1.300403
-0.233344
-0.365307
-0.257876
-0.404291
-0.114687
-0.164101
-0.501529
-0.121378
-0.916383
-0.659129
-1.510547
-0.101024
-0.589014
-0.050234
-0.129056
-0.202000
-0.003834
-0.324447
-0.904410
-0.410827
-0.937917
-0.153567
-0.776752
-1.116074
-1.529026
-0.033369
-0.740430
-1.109595
-0.810696
-0.099730
-1.204911
-1.577492
-0.998073
-0.167390
-1.075419
-1.217925
-0.494304
-0.258610
-0.674743
-0.423465
-1.751742
-1.469047
-0.969152
-1.343105
-0.068468
-1.870321
-0.738059
-0.486525
-0.385496
-1.236662
-0.529488
-1.198601
-0.171816
-0.108164
-0.348201
-0.582222
-1.025508
-0.845508
-0.416364
-1.411714
-0.590241
-0.817174
-0.011449
-0.265376
-1.049991
-0.579388
-0.282233
-1.073468
-2.026511
-0.690105
-0.096002
-0.169951
-0.899158
-0.276581
-0.108894
-0.974878
-1.020531
-0.103012
-0.324513
-0.157805
-0.532811
-0.763182
-1.329275
-1.650078
-0.038047
-0.291640
-0.703174
-0.958743
-1.103934
-0.283403
-0.847836
-0.027767
-0.422974
-0.484414
-0.212910
-0.502513
-1.563342
-1.539231
-0.631119
-0.649602
-0.897392
-0.109546
-1.605831
-0.339543
-0.579307
-0.753807
-1.437851
-0.459016
-0.114180
-1.430991
-0.496018
-1.375593
-0.144842
-0.589494
-0.236424
-1.892164
-0.529192
-0.879974
-0.550335
-1.668906
-0.095647
-0.314076
-0.117395
-0.089244
-2.911882
-0.299967
-0.839194
-1.011932
-0.155030
-0.506464
-0.254565
-0.111304
-0.461378
-0.293284
-0.358169
-0.058608
-0.104633
-0.544841
-0.627606
-0.762339
-0.174958
-0.000243
-0.015245
-0.005178
-2.096576
-1.011007
-1.178942
-1.600326
-0.018433
-0.421103
-1.082410
-0.252176
-0.237002
-1.237409
-0.614718
-0.061654
-0.498361
-0.520208
-1.183147
-0.508082
-0.488098
-0.383611
-1.699370
-0.535284
-0.641882
-1.824143
-1.694339
-0.469379
-0.765484
-0.641476
-1.421827
-2.050108
-0.809972
-0.320122
-0.129956
-0.011718
-0.220096
-0.367291
-2.004852
-2.073586
-0.000887
-0.371344
-0.366916
-0.597587
-0.281663
-0.266603
-0.129077
-0.502425
-0.217619
-1.632335
-0.063583
-1.136355
-0.107455
-1.566279
-0.758967
-0.629513
-1.084251
-0.554960
-0.675511
-0.145986
-0.626525
-1.309608
-0.124975
-0.387919
-0.103679
-0.453014
-0.458837
-1.567229
-0.809942
-1.826614
-2.585439
-0.821579
-0.157534
-0.488720
-0.225569
-0.325379
-0.869287
-0.670036
-0.176623
-1.487114
-0.168411
-0.198367
-0.365824
-0.927203
-0.182292
-0.151882
-1.982104
-0.771891
-0.855984
-1.261324
-0.022612
-1.169818
-0.151640
-0.498769
-0.898437
-1.447223
-1.674416
-0.447618
-0.073067
-0.626616
-1.084992
-0.125702
-0.815540
-0.507444
-0.182796
-0.586686
-0.502352
-0.310613
-1.899043
-0.673980
-0.183025
-0.331989
-1.618956
-0.470323
-0.670901
-0.026481
-0.099513
-0.468270
-1.612340
-0.177510
-0.471923
-0.985066
-2.711653
-0.371107
-0.011239
-0.907803
-0.036180
-0.003525
-0.233296
-0.011868
-0.194647
-1.226544
-0.422065
-0.712175
-0.646781
-0.992273
-0.656997
-1.012294
-0.403241
-1.450606
-0.129548
-0.459925
-0.062724
-0.787464
-0.517757
-1.338868
-0.657079
-2.526811
-0.045721
-0.740036
-0.615140
-0.742415
-1.012434
-0.879154
-0.013481
-0.214257
-1.096834
-0.213039
-0.210775
-0.794714
-0.494028
-1.562415
-0.235331
-0.072375
-0.179121
-0.810435
-0.755055
-3.277036
-0.768026
-0.508073
-0.235819
-0.276369
-0.279256
-0.197642
-0.141219
-0.560620
-0.024754
-0.478674
-0.850522
-0.089652
-0.162802
-0.681788
-0.597561
-0.418156
-0.832046
-1.078522
-0.964115
-1.694109
-0.009862
-0.104244
-1.179129
-0.528648
-0.225793
-1.105732
-0.166086
-1.250770
-1.934520
-0.186824
-0.852655
-0.629067
-2.210217
-0.053710
-0.959565
-1.095663
-0.236519
-0.161444
-1.739589
-0.525278
-0.255741
-0.330331
-0.708967
-1.340930
-0.466904
-0.245043
-1.013295
-0.035413
-1.774206
-0.175835
-0.813115
-0.502648
-0.459259
-0.254837
-0.240041
-1.275400
-1.184790
-0.954931
-0.299972
-0.516074
-1.937437
-0.903382
-0.105789
-1.698966
-2.808778
-0.158984
-2.444904
-0.054412
-0.656790
-0.216232
-0.543177
-0.309905
-1.111197
-0.647194
-0.914499
-0.444229
-0.069140
-0.380041
-1.774378
-1.463174
-0.620328
-0.139502
-0.048467
-0.296699
-0.721906
-0.712615
-1.749574
-1.510130
-0.557332
-0.454404
-0.059333
-1.189438
-0.081128
-0.672951
-1.091174
-0.496106
-0.780336
-0.064030
-0.398766
-0.163829
-0.066890
-1.482085
-2.026151
-1.205082
-0.277150
-1.139749
-0.010056
-1.611911
-1.147340
-0.237008
-0.015016
-0.335872
-0.906685
-0.995581
-0.300054
-1.938660
-0.904539
-0.196032
-0.759954
-0.096424
-0.207098
-0.304306
-0.308067
-0.788670
-0.584244
-0.396654
-0.074825
-1.177033
-1.243879
-0.135851
-0.299592
-0.447037
-0.653431
-0.498572
-1.076474
-0.957111
-0.058007
-0.827031
-1.210014
-0.398717
-0.213447
-0.426637
-0.260845
-0.023580
-1.094541
-0.038068
-0.799183
-0.357786
-0.856146
-0.216494
-0.095826
-0.490571
-0.336927
-1.082991
-0.607308
-0.174927
-2.016625
-0.134642
-1.880287
-0.832886
-0.073932
-0.469853
-0.661524
-1.085827
-0.075258
-0.609190
-0.203642
-0.046486
-1.243448
-0.186569
-1.021834
-0.448897
-0.538588
-0.269759
-1.665141
-0.614560
-1.430190
-2.235051
-0.165166
-0.833529
-1.069771
-0.404014
-0.280058
-0.139328
-0.591671
-0.115700
-0.819727
-0.848558
-0.213738
-0.659698
-1.331415
-1.609164
-0.195360
-0.085390
-1.774055
-1.368056
-0.258001
-0.394481
-0.487751
-0.146605
-0.406965
-2.834380
-0.195641
-0.833837
-0.521695
-0.130628
-0.138430
-1.139286
-0.917668
-0.620212
-0.008107
-1.021918
-1.576482
-0.224098
-1.726967
-1.249688
-0.442069
-0.024765
-1.401894
-0.008774
-0.019718
-0.438415
-0.981831
-0.843224
-1.017323
-0.065269
-2.438830
-0.868199
-0.871667
-0.032227
-0.665411
-0.882752
-1.500132
-0.248138
-0.314847
-0.472853
-0.722617
-0.030358
-0.614122
-0.398577
-0.053383
-0.889218
-0.198347
-0.219537
-0.586732
-1.066207
-0.224879
-0.478730
-0.807982
-0.692144
-0.067708
-0.990852
-0.206270
-0.055377
-0.585183
-0.478728
-4.153992
-0.099794
-0.620102
-0.174906
-1.563093
-0.777070
-1.045123
-0.748508
-0.247071
-0.017549
-1.501379
-1.573039
-0.040733
-0.317997
-2.035967
-0.554786
-0.744446
-1.486133
-0.067688
-0.195868
-1.424452
-0.109438
-0.334726
-0.305771
-1.033826
-0.892762
-1.449801
-1.211185
-0.268205
-2.553536
-1.115496
-2.368036
-0.185963
-1.035979
-0.104097
-0.204132
-0.272869
-0.475202
-0.130731
-0.507741
-0.625501
-0.961159
-1.331577
-1.591813
-0.213948
-0.045822
-0.074561
-0.682111
-0.561994
-0.832092
-0.248470
-0.960224
-0.161997
-0.700976
-0.501607
-1.172548
-1.199797
-0.357673
-1.545075
-1.004279
-0.342276
-0.481645
-0.968197
-1.341352
-1.268693
-1.911411
-0.269370
-0.271047
-0.545433
-0.990109
-0.167843
-2.463654
-1.590940
-0.347095
-0.591795
-0.700820
-0.113326
-0.689135
-0.749422
-2.288606
-1.337327
-0.907243
-1.717767
-0.354635
-0.311447
-0.527851
-0.774780
-1.295512
-0.425053
-0.063461
-0.266076
-0.762862
-0.348662
-0.072015
-1.537667
-0.272035
-0.071206
-1.732636
-0.031542
-0.249276
-0.099429
-1.598658
-0.778788
-0.867068
-0.749290
-0.477562
-0.706751
-0.467406
-1.290203
-0.038342
-0.114049
-0.633246
-0.359516
-0.083541
-1.807648
-0.723402
-0.146840
-0.650279
-0.438823
-0.272309
-0.772023
-0.380157
-0.490059
-0.067469
-2.459187
-0.058065
-1.867689
-4.578402
-0.531491
-1.833172
-0.049576
-0.062557
-1.680813
-0.907241
-0.235039
-0.657116
-0.471501
-0.019675
-0.300862
-1.622588
-4.116616
-0.159534
-1.113223
-0.961708
-0.286437
-0.279551
-2.304713
-0.677113
-0.227109
-0.010444
-1.579210
-1.002763
-0.996991
-0.472136
-0.387431
-0.237677
-0.334454
-1.250071
-0.140755
-0.614471
-0.062141
-0.833270
-0.016040
-0.842835
-0.417106
-0.338412
-0.084765
-0.193314
-0.102705
-0.456391
-0.867832
-0.116469
-1.569829
-0.309014
-0.220144
-1.094222
-0.370230
-1.597780
-1.396663
-0.915021
-0.286798
-0.201863
-1.347637
-0.983842
-0.784187
-0.904393
-1.340210
-0.107176
-0.060373
-0.450947
-0.363202
-0.644742
-2.563980
-0.242705
-1.338380
-0.483946
-0.368870
-1.771650
-0.891899
-0.882248
-0.927522
-1.108819
-2.424894
-0.756604
-1.019688
-0.903985
-1.001910
-0.496861
-0.193078
-0.485113
-0.277256
-0.746675
-0.821135
-0.259135
-0.039738
-0.127758
-1.504043
-2.150975
-0.666818
-0.860158
-0.236873
-0.512872
-0.518358
-2.654562
-1.623466
-0.901960
-0.111601
-0.752599
-1.130733
-1.049776
-0.675805
-0.832388
-1.756583
-0.067516
-0.234955
-1.075128
-0.077485
-0.061460
-0.205521
-1.088504
-0.235488
-0.556172
-0.867824
-0.688158
-1.088479
-0.521760
-0.560710
-1.095250
-1.040521
-0.652275
-1.813437
-0.171760
-0.824129
-0.226785
-0.433875
-1.447396
-1.288025
-0.329341
-0.035494
-0.227163
-0.836950
-0.835425
-0.145301
-0.167149
-0.762496
-0.154159
-0.650049
-1.493338
-0.177624
-0.152516
-1.458119
-0.553133
-2.023685
-0.319598
-0.951353
-0.230435
-1.001677
-1.060234
-0.168379
-1.100116
-0.009787
-0.727897
-0.431789
-0.575480
-0.445403
-2.486245
-1.189004
-0.883322
-0.313670
-0.604065
-0.128060
-0.655649
-0.951906
-0.119579
-0.006337
-0.916556
-1.581685
-0.391169
-0.719113
-0.272976
-1.543676
-0.044927
-0.230115
-0.436121
-0.170584
-0.503023
-1.372971
-0.659337
-0.344048
-0.253478
-0.610210
-0.289785
-0.103991
-0.774464
-0.711782
-0.824699
-0.948909
-3.107286
-0.981670
-0.286597
-0.525610
-0.984209
-0.527063
-0.019402
-0.471037
-3.745617
-0.316880
-0.315096
-0.403314
-0.058230
-0.028456
-0.067876
-0.348956
-0.348624
-0.505088
-0.128667
-1.418048
-0.207603
-0.307048
-0.006589
-0.368324
-0.089658
-0.612673
-0.411428
-0.715667
-0.209678
-0.254722
-0.026379
-0.126437
-2.996712
-0.598509
-0.072821
-0.635387
-0.055885
-0.623753
-0.770486
-0.569470
-0.583963
-0.718563
-0.295056
-0.007085
-0.791718
-0.130164
-1.026092
-0.769009
-0.513779
-1.113768
-1.057905
-0.372117
-0.616597
-1.676691
-1.837531
-0.771483
-0.932366
-1.904738
-0.587313
-0.187061
-0.347011
-0.357398
-4.831549
-0.212049
-0.218709
-0.017299
-0.722716
-1.063003
-0.110436
-0.810090
-1.393475
-0.204573
-0.582568
-0.322569
-0.340296
-0.160349
-2.564836
-0.595833
-0.031979
-0.026591
-0.534246
-0.241662
-0.490125
-1.147497
-0.774795
-0.347797
-1.891622
-0.060367
-1.209065
-0.634864
-0.522984
-0.430419
-0.990251
-0.989370
-1.598593
-0.000842
-0.893626
-0.620976
-0.488912
-0.438820
-0.158663
-1.993926
-0.345706
-0.251606
-1.429148
-0.357994
-0.394038
-0.932330
-2.355262
-0.582965
-0.397100
-1.556990
-0.005547
-0.573515
-2.155501
-0.279464
-0.070859
-0.371081
-0.388669
-0.035575
-0.343638
-0.325149
-0.775208
-0.112566
-0.614942
-1.080133
-0.373491
-0.599151
-0.417279
-0.911606
-2.138050
-0.434783
-0.360155
-0.816976
-0.277714
-0.027065
-0.751762
-0.343102
-0.965095
-0.597493
-0.506268
-0.037327
-0.164137
-2.024557
-0.376893
-0.012761
-0.019487
-0.107421
-0.136322
-1.109433
-0.070602
-0.903015
-0.346414
-0.738949
-0.237023
-0.764250
-0.017071
-0.008910
-1.273358
-0.203390
-0.486347
-0.726194
-0.049296
-0.611548
-0.350730
-0.195293
-0.796070
-0.422700
-0.694715
-0.189213
-0.152396
-0.045711
-1.055340
-0.344745
-0.278641
-0.385442
-1.187188
-0.480154
-0.184376
-0.515151
-1.106043
-1.121033
-0.210300
-0.609400
-1.080712
-1.565362
-0.500178
-1.123120
-0.972354
-0.273129
-0.785539
-0.534532
-0.034570
-1.446180
-0.492626
-0.435806
-1.083908
-0.065601
-0.185087
-1.381588
-1.537645
-0.567152
-0.915041
-0.128464
-0.171512
-1.206078
-0.676021
-0.204109
-0.175489
-1.333304
-0.557532
-1.562132
-0.237846
-0.117233
-0.154700
-0.259884
-0.479618
-0.053003
-0.915708
-0.406449
-0.339649
-0.195107
-0.052905
-1.189372
-0.095987
-0.590441
-1.110085
-1.218228
-0.196059
-0.175137
-0.039136
-0.175970
-0.277299
-0.810757
-0.540467
-0.937427
-1.240084
-0.361652
-1.419114
-0.396363
-0.264020
-0.065925
-0.580582
-0.082437
-0.348386
-0.796163
-0.832722
-0.467044
-2.443684
-0.258961
-0.361060
-0.908568
-0.503786
-0.519641
-0.313168
-0.201197
-0.089195
-1.155638
-0.826253
-0.117675
-0.961393
-0.400771
-1.180421
-0.806783
-0.876537
-0.638671
-0.747063
-0.351345
-0.513748
-0.315381
-0.098284
-0.498969
-0.186909
-0.763539
-1.261032
-1.865535
-0.661309
-0.080861
-0.319316
-0.032928
-0.967548
-0.040670
-0.870104
-0.355666
-1.815369
-0.393610
-0.654654
-0.618033
-0.053533
-1.366460
-0.205964
-0.148811
-3.304309
-0.320787
-1.390760
-0.121177
-0.245485
-0.420270
-0.818432
-0.170108
-0.241258
-0.589953
-0.177535
-0.118464
-0.211435
-0.002771
-0.434021
-0.225508
-0.020060
-1.046257
-0.011826
-0.359800
-0.170539
-1.635726
-1.356772
-0.322039
-0.741070
-0.141799
-1.200126
-0.467246
-0.799115
-0.083868
-1.288908
-0.425629
-1.444774
-0.077429
-0.799889
-2.145090
-1.157791
-1.494835
-2.500325
-0.690097
-0.208618
-0.124899
-0.149005
-0.007942
-0.275735
-1.510373
-0.528229
-0.237422
-0.494015
-0.174117
-1.447102
-1.407871
-0.595498
-0.678362
-1.768294
-2.854958
-0.025203
-0.004836
-0.808082
-1.871742
-0.213233
-0.463447
-0.853227
-0.910909
-0.147298
-0.564554
-0.813362
-0.302396
-0.872417
-1.450675
-1.890570
-2.865846
-0.061017
-0.658494
-0.072766
-0.199382
-0.003914
-1.848138
-0.160788
-0.323753
-0.058280
-0.053273
-0.628499
-0.613258
-0.308161
-0.153605
-0.080169
-0.410004
-1.547847
-2.962644
-0.661867
-0.323480
-1.423434
-0.645456
-0.908661
-0.341564
-1.699870
-0.279223
-0.057858
-0.104268
-1.955400
-0.218427
-0.090352
-0.440481
-0.696400
-1.455139
-0.184845
-0.027436
-0.693154
-0.273998
-0.034768
-0.438397
-1.520170
-0.149345
-0.166148
-0.343645
-1.005419
-0.555663
-1.725416
-1.630711
-1.653026
-0.479467
-0.772674
-1.377046
-0.686664
-0.563674
-0.101642
-1.497627
-0.192151
-2.339224
-0.908026
-0.625576
-0.031860
-0.842016
-0.835531
-0.447514
-0.243592
-0.674323
-0.184133
-0.509846
-0.506961
-0.299516
-0.496808
-0.779993
-0.073307
-0.039978
-1.674712
-1.849109
-0.170759
-0.473950
-0.028548
-0.503739
-2.255636
-0.376112
-0.037601
-0.121425
-0.093577
-1.907015
-0.514268
-0.222137
-0.270225
-0.167762
-0.016960
-0.517401
-0.205613
-0.064103
-0.372661
-0.607865
-0.005558
-0.942445
-1.224099
-0.866331
-0.117867
-1.670833
-0.100567
-0.033982
-0.512742
-0.375104
-0.153820
-0.546476
-0.555510
-0.702376
-0.498287
-0.079470
-0.767306
-0.690178
-1.285957
-0.271169
-0.738599
-0.523684
-0.691560
-0.163601
-0.073188
-0.453647
-1.538449
-0.455243
-1.083959
-1.235044
-2.129059
-0.384093
-0.476933
-0.736728
-0.036064
-0.183449
-3.112086
-0.271257
-1.405966
-0.688713
-1.614569
-0.593977
-1.520411
-0.508621
-0.282625
-0.037016
-0.461627
-0.807510
-0.023284
-1.366543
-0.046823
-1.719720
-0.040515
-0.045388
-0.369779
-0.347875
-0.101835
-1.745111
-1.580351
-1.160392
-0.366966
-0.755903
-2.020339
-0.117465
-0.215046
-0.015347
-1.204544
-0.464637
-0.227849
-0.328366
-0.232006
-0.371589
-1.648290
-0.413215
-0.213799
-0.040335
-1.928472
-1.104319
-0.436497
-0.972685
-0.185852
-0.196811
-0.577848
-1.143649
-0.590543
-0.322507
-0.424849
-0.083177
-0.347827
-0.647232
-0.195959
-0.015065
-0.161894
-1.677810
-0.567022
-2.481847
-1.003987
-0.015236
-0.842393
-0.811007
-0.696818
-0.383326
-0.657959
-0.703241
-1.781101
-1.796810
-0.176804
-0.519989
-1.134931
-0.397702
-0.114336
-0.280612
-0.730609
-0.033173
-0.733433
-0.219854
-0.040629
-0.528444
-0.796700
-0.139595
-1.257000
-0.411768
-1.452220
-0.267389
-0.196416
-0.420918
-0.021097
-0.004449
-1.540380
-1.265812
-0.531574
-2.042900
-0.116473
-0.153840
-1.050251
-0.182062
-1.981462
-0.023222
-1.409521
-1.201456
-0.626896
-1.123512
-0.126684
-1.189805
-0.527063
-0.938264
-0.358808
-0.585154
-0.405527
-0.239257
-0.492475
-0.651246
-0.562955
-0.333324
-0.658868
-1.989566
-1.704922
-0.489378
-0.165460
-0.029905
-0.078780
-0.399954
-1.754510
-0.248355
-1.075304
-0.376211
-2.022441
-0.898311
-0.374196
-1.250994
-0.925087
-0.703497
-1.789837
-0.253835
-0.485643
-0.078700
-0.416375
-2.567677
-0.196570
-0.089991
-0.736480
-0.694153
-0.139824
-1.267614
-0.036005
-0.144319
-2.286417
-1.940293
-1.064463
-0.197954
-0.817348
-0.846076
-0.060756
-0.612881
-0.464588
-0.082725
-0.981199
-0.107555
-0.025937
-0.876690
-1.037302
-1.154875
-0.851198
-0.420614
-0.351139
-0.514951
-0.510802
-0.692141
-2.539786
-0.008391
-2.133776
-0.265917
-0.150994
-1.647471
-0.317521
-0.635955
-0.338280
-1.816129
-0.342465
-1.363160
-2.261914
-0.130957
-1.962620
-0.700493
-0.851928
-0.453445
-0.203295
-0.308778
-1.901912
-1.518763
-2.101183
-0.151623
-0.128758
-3.052109
-0.198807
-1.879940
-0.714905
-0.430294
-0.090715
-0.810629
-0.470451
-0.284685
-0.345776
-0.586543
-0.528191
-0.823359
-0.186032
-0.257867
-0.417612
-0.515732
-0.999651
-0.685576
-0.463513
-0.271845
-0.104956
-0.351525
-0.211084
-0.424759
-0.705300
-0.152240
-1.535659
-0.279105
-0.249749
-0.006656
-1.000015
-0.128538
-0.608129
-2.290738
-0.542487
-1.270810
-1.989507
-2.475959
-0.092773
-0.120264
-0.017355
-2.371077
-0.108179
-1.083690
-0.125616
-0.620453
-0.645598
-1.465081
-0.561775
-0.611162
-0.395163
-0.720355
-0.348453
-0.125588
-1.213813
-0.113865
-1.479751
-1.844752
-0.799529
-1.727435
-0.459549
-0.132829
-0.329272
-0.602645
-0.860117
-1.086950
-0.625574
-0.020384
-0.274099
-1.010043
-0.769456
-0.051969
-1.025309
-0.304950
-0.197447
-0.021207
-0.113934
-0.568895
-0.008805
-1.068752
-0.707850
-0.028266
-1.010522
-0.151482
-0.159591
-0.513129
-0.310827
-1.642700
-0.120683
-1.074357
-0.051248
-0.737784
-1.503738
-0.138866
-0.170732
-0.549266
-0.376704
-0.711641
-1.019630
-0.050428
-0.262688
-2.238928
-0.413217
-0.071585
-0.334474
-1.685987
-1.260394
-0.273665
-1.385115
-0.857348
-0.328567
-0.906629
-1.386448
-0.759409
-0.135324
-1.732741
-0.601467
-1.047446
-0.292708
-0.198490
-0.433733
-0.107114
-0.653250
-0.328673
-0.682566
-0.653078
-1.320589
-0.917374
-0.410404
-0.465809
-0.783391
-0.175706
-1.531763
-0.263060
-0.409409
-0.355838
-0.745952
-0.294631
-1.892309
-0.299651
-0.814364
-0.251672
-0.131416
-0.299108
-0.122740
-0.290805
-0.720083
-0.255299
-2.017366
-1.612908
-1.019216
-0.143934
-0.316460
-1.283135
-0.527962
-1.444621
-0.305327
-0.277136
-0.570283
-0.767707
-1.630089
-0.213552
-0.975463
-0.064140
-0.113689
-0.133120
-1.362769
-3.458685
-0.555938
-0.342342
-0.020464
-1.093567
-0.649559
-0.412428
-2.132879
-0.492979
-0.274510
-0.455921
-1.459138
-0.016147
-0.883693
-0.010565
-2.031469
-2.464087
-0.864783
-0.633987
-0.322643
-0.333299
-0.505808
-0.798627
-0.521882
-0.147447
-0.924124
-0.360393
-0.808581
-0.293539
-0.188039
-1.253393
-0.424595
-0.796211
-0.050623
-0.406059
-0.025371
-0.270639
-0.267972
-3.031811
-0.032385
-0.238050
-0.434922
-0.276262
-0.111549
-0.043209
-1.092293
-0.060265
-0.137611
-0.350107
-0.294622
-2.030671
-0.018598
-0.650988
-0.806828
-0.363548
-0.487425
-0.659831
-2.216222
-0.330135
-1.061495
-0.032247
-1.100861
-0.178671
-0.849111
-0.330714
-0.161791
-0.858808
-3.454506
-0.573049
-0.096336
-0.271420
-0.324396
-1.196259
-1.601444
-0.344673
-0.033923
-1.170298
-0.014363
-0.675260
-0.014184
-1.035034
-0.284262
-0.752743
-0.210265
-0.073837
-0.297011
-2.149815
-0.287453
-0.123395
-0.162671
-1.018525
-0.340070
-1.281780
-1.147809
-0.909083
-0.657986
-1.432975
-1.094030
-0.010671
-0.616436
-0.374785
-0.853589
-0.730322
-0.759989
-1.053611
-0.482159
-0.419035
-0.615350
-0.462203
-0.769596
-0.457797
-0.214826
-0.552084
-0.075645
-0.772419
-2.089632
-1.220958
-0.316139
-0.415483
-1.261798
-0.113114
-0.924299
-0.476549
-0.822588
-0.888098
-0.992982
-0.082121
-1.453050
-0.009369
-0.954060
-0.456356
-2.047599
-0.049701
-0.600188
-0.040759
-0.172595
-0.703734
-0.549032
-1.919472
-0.398513
-1.315147
-1.076086
-0.755841
-1.086040
-0.808902
-0.023813
-0.168679
-0.201631
-0.157606
-0.186137
-0.249442
-0.225121
-0.498405
-0.194843
-1.333891
-0.251598
-0.751525
-0.030020
-1.540867
-0.309201
-0.434029
-1.014332
-0.315196
-0.430041
-0.058209
-0.134640
-0.515760
-2.528926
-0.010054
-0.446789
-0.053116
-0.076024
-0.319836
-0.802585
-0.099758
-0.732040
-1.577693
-1.254768
-0.394099
-0.203372
-0.366366
-0.381048
-0.609090
-0.372276
-0.341543
-0.163154
-0.044862
-0.137089
-0.235389
-1.180942
-0.098880
-0.239040
-0.993857
-0.201885
-0.257213
-0.087945
-0.340735
-1.282032
-0.956550
-0.229282
-0.453729
-1.037134
-0.823199
-0.323776
-2.525523
-0.181017
-0.205276
-0.651988
-0.132415
-0.544731
-0.546934
-1.602933
-0.267790
-0.409196
-0.751405
-0.756058
-0.197914
-0.224634
-0.507361
-1.665792
-1.464272
-2.196266
-0.092140
-0.510795
-2.211539
-0.660057
-0.971946
-0.468112
-0.191636
-0.173778
-0.926477
-1.262416
-0.320880
-0.241039
-2.333482
-0.018734
-1.068451
-0.638605
-0.620419
-0.966609
-0.101602
-0.914623
-0.223299
-0.130402
-3.086261
-0.914867
-0.237890
-0.038733
-0.662252
-0.522110
-0.736904
-0.921507
-1.771932
-0.056705
-0.353502
-0.598540
-0.468364
-0.159788
-0.606378
-0.008674
-0.088034
-0.102037
-1.059611
-1.183417
-1.151103
-0.081864
-0.089831
-1.220827
-1.197928
-0.215490
-1.140469
-0.148191
-0.589519
-0.004957
-0.005595
-0.058777
-1.229723
-0.454199
-0.457223
-0.287785
-0.579438
-0.694654
-0.711058
-0.386555
-0.144183
-0.374075
-0.061631
-0.649984
-0.613510
-0.787083
-0.259767
-1.402409
-0.336693
-0.035622
-0.442897
-0.046630
-0.928821
-0.915568
-0.602540
-0.898644
-0.171072
-2.537993
-0.755510
-0.178934
-0.052305
-2.092577
-0.493846
-0.761052
-0.038942
-0.942138
-0.273458
-0.993664
-0.257589
-0.098245
-0.043120
-0.732357
-1.140114
-0.384240
-0.148259
-2.212955
-0.361799
-1.089718
-0.224556
-0.013519
-0.176979
-0.025440
-1.523558
-1.770669
-0.169806
-0.051950
-0.521305
-0.918621
-1.444319
-0.361293
-0.792801
-0.670340
-0.235002
-0.301579
-0.991348
-0.282737
-0.512236
-1.459962
-0.841403
-0.605386
-0.128284
-0.594259
-1.469724
-0.772298
-0.300757
