-2.162095
-0.225354
-0.447201
-0.128132
-0.297686
-0.281779
-2.143093
-1.734431
-0.838849
-0.647340
-0.438276
-0.327334
-0.691568
-0.347351
-0.234286
-4.253355
-0.073388
-0.258103
-1.559293
-0.485936
-0.781606
-1.696057
-0.015263
-0.451780
-1.343159
-1.521155
-1.122668
-3.045611
-0.140352
-0.720391
-5.419521
-8.553395
-1.022703
-1.424861
-2.692151
-0.069882
-0.028479
-3.925035
-1.474684
-0.433897
-0.173478
-3.547500
-0.085124
-4.760948
-3.984082
-0.176290
-0.953366
-2.144537
-0.643804
-0.103650
-1.142783
-1.553485
-0.681752
-0.366445
-0.364330
-0.454318
-7.138200
-0.557321
-0.373267
-1.647637
-0.323341
-0.564423
-2.927349
-1.976858
-1.264942
-2.557922
-0.016560
-0.408248
-0.739778
-1.258732
-1.224154
-3.782977
-2.673982
-0.719007
-0.340316
-0.293573
-0.151001
-2.306125
-2.955723
-0.119445
-0.683196
-0.719880
-1.100079
-0.722670
-3.774123
-1.360067
-2.875034
-1.029351
-1.835597
-2.024135
-1.765232
-0.839717
-0.832065
-0.839101
-0.164584
-7.940093
-1.685965
-1.353461
-0.404789
-0.432984
-0.325017
-0.748940
-2.905704
-2.181483
-0.718839
-3.719040
-6.466051
-0.609882
-0.184531
-0.722774
-2.923469
-0.244471
-1.782784
-0.819864
-0.391774
-1.307255
-0.170774
-0.516654
-0.471965
-3.412498
-2.005799
-0.025290
-1.415063
-0.260386
-0.095808
-1.393519
-0.766645
-3.327824
-6.797470
-1.071641
-1.182756
-0.362574
-0.199791
-0.586984
-1.155399
-1.302310
-1.181748
-0.207024
-1.758768
-0.304792
-1.797767
-0.940926
-0.521447
-1.814516
-0.554392
-2.488853
-0.719318
-0.066236
-1.519470
-3.261579
-0.378071
-0.601954
-0.933405
-0.801223
-0.655039
-0.255321
-0.655880
-0.634604
-0.559563
-0.652351
-0.082395
-0.167602
-2.397953
-0.739364
-0.153770
-0.475015
-3.677633
-0.370255
-2.091349
-0.105723
-2.211440
-0.679022
-0.545552
-1.518004
-0.002516
-1.193932
