-0.382006
-0.160943
-0.631152
-0.394167
-0.032584
-0.311904
-0.055057
-0.065943
-0.437950
-1.249002
-0.055989
-0.665687
-0.004716
-0.191094
-0.483356
-0.865888
-1.665527
-0.679135
-0.051711
-0.515654
-0.106023
-0.545058
-0.023019
-0.253835
-0.360731
-0.233130
-0.525517
-0.096326
-1.571524
-0.126412
-1.616536
-0.533629
-0.094516
-0.024622
-0.532139
-0.397710
-0.628155
-1.270416
-0.019757
-0.323445
-0.011976
-0.737206
-0.861703
-1.292746
-0.955672
-0.179930
-0.552959
-0.164438
-0.106517
-0.112651
-1.111894
-0.061226
-0.116026
-0.492516
-0.034595
-0.668606
-0.008674
-1.090572
-0.195480
-0.932294
-0.601023
-0.048888
-0.305107
-0.534771
-0.352251
-1.549735
-0.014863
-0.224723
-0.331903
-1.220367
-0.344763
-0.262578
-0.094239
-0.170365
-0.738245
-0.003760
-0.165564
-0.037529
-0.066937
-1.036652
-0.017784
-0.026786
-0.802310
-0.220107
-0.829228
-0.371228
-0.606682
-0.078751
-0.203417
-1.306982
-0.356264
-0.586805
-0.118079
-0.232314
-1.054963
-1.051134
-0.162709
-0.243254
-0.097350
-0.066130
-0.115484
-1.346848
-1.025532
-0.313028
-0.201741
-0.660265
-0.215166
-1.206874
-1.091243
-0.523972
-0.971358
-0.082219
-0.224235
-0.019433
-1.191983
-0.160975
-0.024069
-0.035433
-0.608719
-0.014669
-1.288104
-0.068578
-0.173659
-0.588199
-0.511917
-0.035441
-0.003684
-0.207129
-0.174133
-1.883817
-0.418009
-0.006396
-2.269058
-0.963663
-0.523037
-1.278245
-0.370863
-1.737428
-0.228971
-2.286023
-0.434814
-0.310939
-0.040883
-0.053851
-0.026554
-0.009948
-0.481891
-1.035799
-0.028080
-0.029095
-0.060064
-0.338328
-0.559918
-0.052709
-0.283392
-0.249473
-0.795081
-0.552788
-0.837979
-0.034649
-1.511501
-1.119267
-0.091851
-0.080018
-0.296776
-0.335500
-0.865270
-0.013865
-0.481152
-0.387747
-0.125748
-0.052770
-0.035096
-0.017554
-0.016018
-0.001915
-0.080453
-1.442428
-0.057236
-0.145605
-0.923402
-0.418804
-0.126991
-0.007752
-0.433207
-0.122026
-0.520682
-0.136068
-0.574794
-1.914488
-0.273788
-0.138901
-0.979495
-1.072545
-0.037146
-1.307222
-0.115320
-0.001586
-1.754797
-0.911972
-0.488849
-0.258797
-1.065210
-0.514859
-0.471726
-0.368297
-0.422194
-1.486399
-0.971832
-0.354062
-0.030095
-0.188108
-0.348552
-0.165804
-0.359082
-1.910487
-0.302908
-0.572959
-0.958939
-2.225901
-0.793195
-0.454425
-0.076790
-0.208119
-0.710045
-0.550983
-0.849024
-0.248392
-0.194343
-0.005331
-0.128271
-0.583653
-0.717207
-0.901942
-0.565932
-0.005376
-0.580632
-0.635793
-0.212612
-0.711863
-0.010387
-1.679626
-0.816443
-0.059635
-1.588149
-0.756821
-0.833707
-0.984148
-0.827931
-0.687926
-0.005291
-0.656041
-0.019531
-1.283811
-2.436752
-0.149468
-0.013036
-0.403093
-0.350153
-0.151416
-0.045976
-0.094664
-0.909529
-0.007233
-1.010650
-0.619954
-0.084670
-0.674763
-0.147502
-0.000014
-0.005452
-0.119466
-0.297939
-0.124607
-0.011284
-0.220728
-0.364652
-1.513630
-0.008587
-2.315571
-0.627279
-1.367278
-0.512369
-1.261692
-0.509818
-0.335119
-0.539715
-0.715624
-0.947042
-0.356451
-0.542423
-0.473548
-0.402831
-0.169807
-0.360510
-0.010874
-0.742834
-0.883009
-0.004429
-1.349663
-0.207681
-0.094321
-1.587733
-1.141708
-0.237230
-0.689723
-0.452651
-0.071715
-1.898154
-0.192092
-0.048153
-0.179101
-0.346746
-0.942691
-0.225905
-0.269533
-0.246808
-0.139883
-0.230820
-0.842218
-0.031069
-1.255453
-0.532262
-0.091274
-1.591837
-0.126283
-0.559083
-0.001031
-0.158076
-0.831200
-0.065505
-0.294447
-0.053345
-0.102089
-0.003676
-0.274697
-0.017968
-0.511242
-1.052142
-0.464031
-0.216965
-0.654419
-0.057549
-0.257360
-0.206808
-1.202473
-0.369210
-1.125827
-1.760128
-0.698103
-0.849510
-0.392638
-0.553258
-0.436543
-0.038949
-0.331892
-0.784462
-0.596492
-0.377933
-0.884875
-0.267714
-1.091075
-0.609454
-0.248831
-0.924947
-0.565363
-2.514269
-0.074811
-3.258052
-0.156402
-0.039289
-1.090106
-0.340739
-1.743173
-0.045151
-0.156151
-0.003290
-0.057634
-0.959378
-0.155000
-1.545618
-0.843281
-0.350922
-0.133883
-0.372328
-0.747161
-0.165787
-0.004779
-0.066715
-0.261743
-0.194780
-1.922556
-0.172977
-0.522609
-0.094698
-0.003340
-0.279338
-0.049221
-0.141423
-0.152613
-0.136180
-0.069990
-0.592281
-0.307107
-0.133615
-0.253539
-0.378899
-0.328145
-1.420953
-0.174110
-0.401603
-0.006636
-0.642881
-0.814006
-0.631809
-0.009772
-1.176943
-0.435701
-0.121438
-0.054039
-0.959252
-0.548187
-1.868737
-0.105588
-0.099486
-0.181305
-0.185578
-0.098280
-1.930383
-0.345396
-1.011815
-0.048894
-0.337244
-0.128067
-1.371347
-1.755557
-0.512075
-2.450620
-0.030794
-0.508557
-1.654108
-0.383612
-0.053493
-2.156796
-0.738626
-0.442430
-0.564121
-0.001403
-0.130229
-0.131189
-0.047526
-1.326525
-0.174994
-0.774472
-0.026198
-0.638711
-2.267189
-0.046108
-0.224088
-0.807834
-0.217836
-1.626119
-0.670358
-1.606795
-0.280103
-0.027130
-0.681181
-0.129092
-0.013842
-0.063954
-2.050345
-1.927137
-0.124181
-0.401381
-0.155920
-0.296732
-1.651677
-0.279792
-1.105392
-0.163733
-0.724112
-0.088495
-0.781641
-0.228367
-0.378910
-0.034591
-0.031311
-0.952089
-0.224425
-0.008692
-0.037485
-0.096922
-0.728853
-0.043923
-0.357822
-0.281201
-0.258631
-0.779863
-0.026587
-0.987514
-0.009365
-0.297874
-0.112520
-0.746098
-0.263513
-1.100849
-0.040018
-0.527057
-0.267013
-0.171691
-0.469379
-1.113333
-0.149200
-0.624364
-1.610779
-0.046060
-1.302566
-0.006039
-0.354368
-0.656145
-1.613565
-0.036038
-0.604034
-0.948843
-1.106471
-0.311540
-1.562469
-0.133579
-0.329924
-0.643673
-0.509348
-0.989606
-1.819115
-0.552093
-0.309007
-0.730080
-1.532937
-0.466945
-1.813243
-1.681033
-0.601339
-0.268560
-0.134468
-0.657751
-0.112861
-0.382522
-0.025802
-0.050816
-0.413288
-1.483362
-0.816115
-0.006036
-0.033925
-0.689278
-2.356324
-0.174066
-0.568446
-0.514716
-0.002105
-0.226505
-0.843999
-0.063928
-0.234435
-0.274169
-0.455466
-0.310421
-0.065881
-0.683661
-0.049997
-0.575453
-2.327521
-0.109295
-0.000130
-0.083477
-0.070282
-0.519408
-0.949233
-1.577254
-0.555809
-0.412510
-0.683392
-0.502983
-0.249347
-1.134967
-0.685471
-0.622316
-0.054767
-0.006547
-0.230693
-0.379196
-0.435688
-0.238694
-0.375196
-0.760043
-0.053074
-0.081405
-0.574226
-0.250818
-0.166449
-0.400406
-0.211857
-0.750347
-0.174385
-0.224368
-0.000087
-0.016867
-0.121617
-0.009782
-0.003275
-0.075549
-0.002460
-1.171984
-0.897922
-0.857680
-0.390614
-0.558156
-0.727505
-0.446775
-0.272318
-1.412114
-0.010429
-0.098798
-2.181636
-0.251938
-0.323002
-0.053885
-1.467654
-0.027170
-0.381275
-0.835313
-0.439433
-0.947606
-1.530885
-0.075447
-1.272638
-0.164570
-0.019299
-0.935072
-0.875540
-0.402696
-1.747006
-0.013261
-0.597532
-0.307366
-0.978390
-0.656624
-0.583781
-0.164340
-0.463307
-0.398220
-0.535402
-0.089143
-0.016124
-1.374653
-1.230167
-0.077917
-0.368814
-0.255999
-0.155317
-0.744927
-0.007985
-0.012024
-0.705785
-0.988660
-0.285045
-0.443664
-2.578605
-0.206664
-0.343728
-0.966755
-1.148001
-0.212214
-0.047280
-0.145990
-0.247600
-0.110726
-0.162829
-1.657307
-0.239471
-0.174983
-0.633485
-0.023552
-0.247538
-2.182339
-0.527235
-0.062175
-0.361603
-0.031754
-0.376493
-0.446146
-0.027298
-0.408909
-0.032563
-0.634898
-0.044682
-0.758590
-0.488725
-0.133004
-0.004412
-0.252756
-0.799274
-0.706521
-0.354343
-0.975609
-0.142381
-0.040655
-0.035179
-0.930399
-0.233857
-0.916954
-0.611187
-0.946084
-0.084854
-0.872238
-0.328475
-1.144867
-0.167393
-1.653548
-0.039217
-0.461776
-0.724766
-0.195375
-1.194814
-0.057489
-0.751219
-0.160008
-0.133731
-1.259043
-0.309458
-0.932250
-0.555355
-0.087686
-2.931928
-0.028969
-1.657147
-0.040048
-0.807981
-0.111207
-0.445592
-0.739701
-1.419873
-0.261359
-0.244924
-0.317213
-0.281785
-1.036950
-0.694327
-0.588693
-0.097300
-0.226716
-0.891195
-0.010797
-0.005138
-0.397719
-0.106298
-0.279899
-0.141883
-0.048875
-0.595053
-1.573404
-0.175758
-0.083105
-0.427525
-0.110311
-0.370566
-0.336574
-0.021857
-0.092440
-0.345903
-0.452213
-0.046342
-0.046995
-0.105435
-0.120025
-0.042506
-0.335243
-0.209395
-0.413915
-0.289034
-0.470966
-2.510494
-0.926958
-0.063118
-1.521803
-0.242960
-0.876240
-0.143503
-1.776701
-0.099417
-0.821292
-0.278518
-0.944490
-0.960862
-0.072173
-0.521393
-0.169041
-0.620845
-0.637766
-0.190491
-0.613258
-0.449701
-0.135641
-0.426814
-0.272571
-0.511113
-0.424849
-1.040539
-0.722961
-0.022132
-0.421611
-1.180223
-0.241242
-1.966038
-0.075245
-0.199919
-0.000399
-0.569339
-0.505966
-0.640973
-1.102481
-0.051761
-0.172243
-0.865676
-1.271602
-0.024183
-0.394698
-0.274540
-0.291356
-0.233413
-0.540000
-0.395170
-1.499728
-1.068882
-1.697642
-0.032966
-0.410971
-1.117883
-0.807031
-0.119662
-0.066583
-1.532726
-0.322257
-0.005521
-0.141392
-0.058725
-1.238915
-0.231195
-0.065791
-1.186490
-1.329942
-0.662753
-0.557738
-0.026367
-0.389290
-0.616360
-0.680063
-1.980669
-0.952828
-0.359040
-1.268853
-2.829492
-0.034726
-2.041393
-0.536048
-0.699581
-1.364094
-0.118034
-0.725538
-0.566132
-1.021445
-0.458517
-0.567665
-2.207865
-0.467445
-1.796017
-0.111360
-0.165201
-0.646322
-1.222168
-0.504458
-0.306366
-0.225083
-0.699606
-0.058782
-0.544819
-0.167851
-0.932362
-0.319179
-0.122590
-0.441350
-0.162585
-0.411968
-0.170285
-3.180414
-0.047577
-0.124102
-0.662585
-0.043264
-0.227761
-0.306334
-0.246108
-0.236264
-1.472498
-0.601576
-0.009027
-0.359606
-0.387806
-0.160270
-0.075908
-0.496852
-1.251126
-0.255742
-0.709417
-0.729689
-0.352773
-0.965501
-0.694181
-0.028219
-0.253580
-0.531845
-0.893460
-1.665399
-0.691894
-0.617673
-0.442859
-0.026834
-0.110685
-0.624511
-0.342743
-0.192698
-0.599275
-0.398030
-0.067053
-1.315775
-0.456991
-0.549643
-1.065305
-1.670118
-0.096804
-0.849034
-0.289697
-0.199477
-0.537326
-0.068967
-0.163963
-0.010612
-0.007207
-1.573739
-0.020133
-0.957218
-0.000452
-0.030675
-0.073242
-0.412134
-1.175139
-0.952345
-0.048061
-0.271167
-0.000300
-0.102650
-0.305312
-0.081302
-2.192022
-0.223891
-0.141972
-0.038726
-0.616307
-0.060507
-0.562496
-0.027494
-0.058189
-1.191952
-0.114661
-0.108181
-0.260417
-0.119216
-1.813740
-3.032230
-0.022683
-0.037325
-0.065083
-2.856976
-0.782688
-2.514272
-0.392209
-1.017258
-0.119785
-1.249323
-1.963498
-0.101178
-0.918257
-0.067875
-0.139251
-2.380067
-0.858228
-0.207704
-2.357459
-1.050544
-0.153249
-1.155256
-0.384166
-0.123963
-0.506213
-0.557345
-0.745204
-0.537836
-0.019623
-1.272688
-0.097335
-0.165193
-0.715287
-0.770840
-1.239896
-0.055139
-0.794249
-0.121277
-0.658334
-1.613123
-0.135745
-0.304580
-0.393436
-0.009084
-0.415324
-0.434863
-0.271422
-0.065254
-0.428172
-0.098608
-1.681479
-0.108160
-0.075456
-0.050827
-2.536098
-0.255095
-0.275843
-0.372166
-0.379179
-0.024608
-0.452904
-0.446901
-0.333204
-0.131620
-0.139734
-0.052630
-1.471831
-0.526646
-0.076195
-0.038250
-0.248601
-0.069495
-0.990671
-0.543736
-0.123079
-0.253935
-0.208961
-0.462618
-0.361410
-1.786108
-0.264409
-0.051444
-0.045229
-0.326483
-1.238993
-0.188311
-0.580920
-0.433114
-0.142110
-0.179080
-0.189066
-0.037943
-2.120063
-0.047499
-0.234655
-0.130127
-0.811388
-0.351287
-0.083981
-0.256840
-0.046863
-0.006457
-0.744505
-0.486299
-0.188168
-0.828871
-0.167137
-0.056115
-2.201944
-0.562492
-0.477383
-0.348418
-0.008720
-0.336608
-0.042896
-0.629295
-0.002943
-0.003169
-1.655380
-0.175299
-0.186788
-0.070304
-1.121612
-1.364261
-1.571027
-0.063303
-0.999826
-0.017382
-1.547399
-0.092697
-0.070214
-0.445725
-0.231364
-0.629257
-0.099189
-3.004926
-0.175117
-0.490408
-0.452292
-0.101757
-0.061702
-0.053473
-0.169018
-0.320677
-0.708118
-0.743121
-0.665670
-0.008253
-0.982012
-0.602778
-1.302061
-1.859677
-1.077268
-0.743713
-0.171297
-0.100372
-0.092870
-0.360733
-1.244291
-0.146320
-2.257188
-1.311647
-0.839481
-0.171989
-0.229081
-0.819895
-0.277214
-0.129109
-0.018759
-0.518762
-0.682720
-1.145151
-1.139891
-0.087718
-1.190660
-0.718958
-0.162673
-0.655977
-0.281440
-0.003815
-0.913246
-1.111738
-0.086585
-0.519392
-0.321775
-0.074146
-1.570194
-1.471718
-1.582577
-0.083331
-0.297672
-0.299234
-0.219080
-0.023517
-0.720273
-0.586542
-0.265939
-2.078698
-0.065027
-0.316950
-0.340038
-0.186523
-0.021440
-0.019805
-0.648067
-0.135532
-0.411580
-0.466000
-0.435519
-0.337669
-0.531097
-0.355376
-0.191324
-1.716471
-0.069443
-0.257326
-1.701034
-0.867110
-0.621022
-0.791892
-0.547247
-1.078230
-0.197544
-0.329043
-1.261804
-0.367937
-0.191697
-0.143720
-0.456865
-0.212595
-0.697865
-1.165631
-0.125201
-0.137509
-0.024302
-0.211436
-0.482494
-0.484814
-0.142794
-0.046976
-0.048605
-0.146876
-0.007283
-0.640055
-0.076379
-0.021006
-0.233671
-0.912543
-0.385512
-0.897062
-0.125515
-0.881054
-1.073850
-2.124353
-1.530827
-0.501741
-0.411432
-0.285310
-0.220788
-0.973935
-1.452506
-0.609198
-0.504071
-0.890818
-0.470877
-2.154787
-0.022160
-1.042723
-0.453324
-0.107568
-0.559783
-0.633777
-1.027503
-0.224565
-0.318795
-0.291851
-0.252807
-0.032759
-0.606233
-1.417656
-1.234218
-0.305049
-0.309306
-0.224884
-1.174784
-2.178858
-0.988049
-1.230399
-0.318199
-0.199705
-0.024736
-0.159631
-1.490660
-0.605409
-0.480906
-0.022692
-0.586625
-0.227013
-0.015781
-0.845355
-0.140710
-0.232245
-1.971134
-0.048528
-0.034881
-0.148459
-0.069609
-0.284827
-0.001180
-0.408095
-0.001358
-0.825077
-2.337198
-0.000609
-0.353935
-0.096635
-0.389626
-1.184025
-2.360318
-0.313572
-0.017636
-0.269571
-0.581048
-0.371145
-0.004917
-0.441612
-0.420531
-0.145089
-0.065489
-0.085349
-0.775157
-0.329118
-0.013430
-0.380788
-0.480158
-0.097573
-0.112446
-1.650470
-0.358022
-0.053263
-0.748895
-2.224346
-0.039196
-0.557221
-0.323728
-0.037941
-0.197781
-1.844852
-0.928073
-0.477972
-0.226030
-0.077547
-0.016720
-0.164611
-0.516851
-0.522838
-0.776151
-0.376846
-0.267534
-0.311646
-0.044023
-0.281661
-0.054565
-1.053630
-0.306886
-1.937039
-0.162778
-0.119082
-0.101196
-0.849927
-0.516729
-0.723598
-0.721802
-0.006137
-0.082115
-0.429278
-0.085737
-0.738217
-0.016865
-0.860117
-0.068591
-0.015122
-0.592557
-0.546034
-1.498478
-0.134108
-0.076677
-0.917598
-0.029714
-0.371722
-0.208020
-0.647251
-0.406117
-0.075272
-0.812827
-0.478183
-1.620894
-0.012927
-0.291872
-0.115875
-0.294576
-0.200551
-1.771289
-0.383025
-0.657092
-0.645484
-0.206427
-0.620001
-0.057791
-0.365024
-0.432607
-0.431411
-0.096524
-1.758473
-0.585763
-0.248521
-0.560098
-0.569180
-0.474102
-1.747063
-1.201272
-0.967737
-0.093825
-0.190387
-0.984119
-0.125658
-0.586279
-1.382766
-0.605285
-2.313872
-1.282578
-0.478873
-0.364571
-0.180656
-0.134275
-0.956996
-1.457960
-0.384578
-0.049884
-0.153238
-3.075744
-1.124248
-0.246824
-0.523659
-0.827672
-0.513392
-0.014636
-0.829318
-0.495531
-0.037725
-1.330412
-0.085691
-0.320900
-0.211215
-0.051207
-1.743213
-0.040751
-0.025082
-0.575109
-0.292006
-1.421612
-0.411717
-0.140447
-0.379544
-0.010031
-0.146211
-0.084787
-1.547509
-1.203531
-0.128280
-0.160718
-0.249154
-0.401217
-1.121587
-0.608900
-0.051717
-0.025470
-0.601357
-0.341648
-0.029467
-0.174574
-0.179735
-0.451077
-0.074988
-0.117398
-0.497951
-0.667861
-0.194473
-0.126108
-1.012740
-0.028592
-0.107898
-0.116554
-0.056790
-0.202066
-0.147800
-0.400996
-0.353220
-0.099547
-0.220980
-1.641928
-1.108425
-0.256595
-1.329444
-0.006574
-2.372058
-1.000162
-0.304483
-0.834777
-0.118403
-0.475267
-0.163873
-0.299847
-0.135385
-0.096728
-0.463899
-2.406982
-0.667923
-1.506367
-1.463446
-0.035125
-0.168472
-0.134062
-0.026286
-0.297746
-1.111292
-0.919122
-0.259842
-0.050840
-0.204026
-1.011586
-1.197326
-0.605834
-0.217697
-0.112824
-0.117088
-0.104010
-0.337072
-0.125679
-0.100538
-0.756454
-0.453595
-0.438811
-0.621309
-0.828836
-0.398726
-1.304316
-0.506844
-0.017988
-1.298903
-0.001190
-0.090771
-0.186755
-1.375424
-0.538345
-0.475314
-0.000330
-0.091370
-0.115502
-0.116453
-0.376990
-0.225792
-0.273841
-1.072527
-0.425928
-0.584507
-0.331975
-0.216411
-0.535761
-1.166161
-0.936777
-0.797248
-0.398119
-0.829190
-0.023830
-1.411735
-1.326254
-0.831060
-0.939420
-1.251434
-0.012713
-0.481077
-1.911379
-0.146975
-0.019453
-0.089684
-1.527148
-0.086065
-1.159605
-0.634485
-0.041920
-0.016449
-2.265498
-0.013747
-0.009649
-0.279746
-1.019640
-2.132274
-1.031681
-0.445047
-0.724195
-0.238710
-0.832135
-0.015144
-0.057469
-0.524615
-0.351341
-2.473842
-1.121551
-0.111694
-0.155060
-0.036060
-0.651079
-0.046146
-0.255729
-1.079870
-0.439766
-0.155866
-2.195464
-0.683462
-0.157158
-0.056707
-0.422946
-0.314745
-0.651502
-0.129029
-1.247945
-0.347649
-0.500660
-0.250200
-0.397003
-0.102979
-0.464897
-0.145519
-0.009265
-0.123873
-0.010146
-0.251876
-0.703337
-0.087306
-0.180848
-0.793454
-0.804554
-0.218612
-1.126114
-0.317805
-0.061693
-0.038968
-0.029222
-0.497624
-1.064048
-0.603074
-0.337387
-0.272588
-0.058777
-0.968444
-2.189027
-0.008523
-0.338178
-0.594332
-0.231633
-0.571804
-1.229707
-0.032659
-0.146327
-1.516291
-0.280937
-0.893533
-0.007635
-0.481515
-0.134640
-0.357174
-0.081152
-1.085503
-0.513804
-0.211212
-0.786178
-0.652429
-0.855866
-0.612325
-0.167426
-0.092312
-1.580155
-0.011591
-0.297891
-0.039665
-0.427171
-0.050123
-0.227376
-0.101500
-1.492096
-0.868156
-0.080302
-0.080818
-0.086481
-0.296958
-0.298868
-1.119558
-0.271700
-0.087534
-0.299524
-0.320088
-0.336604
-0.208485
-0.225717
-0.733243
-0.837965
-0.808797
-0.535043
-0.055024
-0.544757
-0.209572
-0.159039
-0.097562
-0.001042
-0.363094
-2.279477
-0.982961
-0.399009
-0.283338
-0.628043
-0.752127
-2.127130
-0.002209
-0.428932
-0.283547
-0.511283
-0.047236
-0.564061
-0.846066
-0.554859
-0.166923
-0.206615
-0.071165
-0.834892
-0.270413
-0.095787
-0.398000
-0.034760
-0.013766
-0.763838
-0.165464
-0.651356
-0.072832
-0.016579
-1.472750
-0.042188
-0.433125
-0.028127
-0.515676
-0.045490
-1.463558
-0.593006
-0.811184
-0.596133
-0.091503
-1.110871
-0.525586
-0.841338
-0.087644
-0.701549
-0.357575
-0.013816
-0.589411
-0.065988
-0.379722
-0.725795
-1.233626
-1.264436
-0.361659
-0.038779
-0.637343
-0.113907
-2.574775
-0.719248
-2.381304
-0.141334
-0.277939
-0.171775
-0.524665
-0.035582
-0.058420
-0.160524
-0.873239
-0.204441
-0.541435
-0.982232
-0.077487
-0.100781
-0.175110
-0.226351
-0.020092
-0.415886
-0.464731
-1.599460
-1.544694
-0.055269
-0.022882
-0.405190
-0.157616
-0.053851
-0.121517
-1.357670
-0.204003
-0.489516
-0.441916
-0.579293
-0.415837
-0.534674
-0.706417
-0.057987
-0.557441
-1.626525
-3.572447
-0.012688
-0.044855
-0.922431
-0.082664
-0.239505
-0.588198
-0.050496
-0.071709
-0.172544
-0.301288
-0.032067
-0.303907
-0.435789
-0.781853
-0.108479
-0.070339
-0.097070
-0.080479
-0.008874
-0.243432
-0.525006
-0.010452
-0.839274
-0.309038
-0.094582
-1.865943
-0.151754
-1.295632
-1.478481
-0.365306
-0.307047
-0.297583
-0.005599
-0.120578
-0.256955
-1.050185
-0.397187
-0.121007
-0.007942
-0.005535
-0.039683
-1.078935
-0.229804
-0.520527
-0.278457
-0.144850
-1.317242
-0.959935
-0.169907
-0.773806
-0.013575
-0.371655
-0.315761
-0.117361
-2.437797
-0.121504
-0.076111
-0.687739
-0.055240
-0.093584
-0.082443
-0.544582
-0.563923
-0.225199
-0.481845
-0.006645
-0.054511
-0.548855
-0.910850
-0.195908
-0.330950
-0.180186
-1.414152
-0.396808
-0.024661
-0.119935
-0.226898
-1.255197
-0.017507
-0.877648
-0.005454
-1.119966
-1.388058
-0.847904
-0.605007
-0.763349
-1.945347
-0.298824
-0.004196
-0.112256
-1.182281
-0.389219
-1.285380
-0.295697
-0.031356
-0.575670
-0.001798
-0.208617
-0.381083
-0.137921
-0.412826
-0.138978
-0.677260
-0.592901
-0.049195
-1.181694
-0.961907
-0.734142
-0.023218
-0.168668
-0.019422
-0.398249
-1.280604
-1.365546
-0.303127
-1.408995
-0.100097
-0.710999
-1.005512
-0.199006
-0.273000
-1.523674
-2.330719
-1.148569
-0.002083
-0.486948
-0.590895
-1.283050
-0.822163
-0.727962
-0.267279
-0.526595
-0.045686
-0.013146
-0.070420
-1.379937
-0.369372
-0.710414
-0.701140
-0.267697
-0.713888
-0.018034
-0.018110
-0.764830
-1.189106
-0.502384
-0.089018
-0.032191
-0.477073
-0.112851
-0.242778
-0.313780
-1.201085
-0.378909
-1.600376
-0.193545
-0.053888
-0.151794
-1.707023
-0.533950
-0.662680
-0.469802
-0.742430
-1.812151
-0.043761
-0.926074
-0.089093
-0.045619
-0.556938
-0.854017
-0.030112
-0.730147
-1.417988
-0.495294
-0.424264
-0.284233
-0.017348
-0.079903
-1.069140
-0.965397
-0.555703
-0.714857
-0.056315
-0.247562
-0.038456
-1.480821
-0.027804
-0.309418
-0.010660
-0.418118
-0.003972
-0.549837
-0.001512
-0.006247
-0.062025
-0.179182
-0.442983
-0.000437
-0.031825
-1.451781
-1.008486
-0.768827
-1.588232
-0.022704
-1.003628
-0.411150
-0.699611
-0.567047
-0.291143
-0.001999
-0.906255
-0.939463
-0.095246
-0.226907
-1.024114
-0.469290
-0.548827
-0.550620
-0.412204
-0.991961
-0.624084
-0.018270
-0.530278
-2.886651
-0.883457
-0.658301
-1.090672
-0.820223
-0.468704
-1.628504
-0.327148
-0.013615
-0.390346
-0.015014
-0.319203
-0.321532
-0.086191
-0.026876
-0.193914
-0.693736
-1.839528
-0.324047
-0.883384
-0.704788
-0.489049
-1.604953
-0.484409
-0.811850
-0.035939
-1.249801
-0.130500
-0.171525
-0.149993
-0.090139
-0.343705
-1.217900
-0.329811
-0.044529
-0.009991
-0.001900
-0.341234
-0.304698
-0.116471
-0.012721
-0.292927
-0.979290
-0.939450
-0.032333
-0.460556
-0.346669
-0.021415
-0.900885
-0.052254
-0.168453
-0.327000
-0.150983
-0.188934
-0.051014
-0.074039
-1.736087
-0.064480
-0.959140
-0.515268
-0.869075
-0.329812
-0.076969
-0.148584
-0.579291
-0.004315
-0.267066
-1.056041
-0.958376
-0.353558
-0.686278
-0.133996
-0.179288
-0.812294
-0.949957
-0.086197
-0.825501
-0.299021
-0.393423
-0.289461
-0.724960
-0.463343
-0.925532
-0.093101
-1.075109
-0.686467
-0.904044
-0.066451
-1.153005
-0.170077
-0.415421
-0.777244
-0.521274
-0.605938
-0.096582
-1.695802
-0.068373
-0.028438
-0.210798
-0.522256
-1.016643
-0.555759
-0.980304
-0.180629
-0.088183
-0.022093
-0.679197
-0.328694
-2.044897
-0.919299
-0.047877
-0.036260
-0.473621
-1.192560
-2.627071
-0.117835
-0.184358
-0.385107
-0.357375
-0.235137
-0.234682
-0.286839
-0.000009
-1.229738
-0.770052
-0.182027
-0.026048
-1.790726
-0.066526
-0.629065
-1.172633
-0.125906
-1.024438
-0.452356
-0.102561
-1.998853
-0.023300
-0.374479
-0.447847
-0.223518
-0.141955
-0.346142
-0.017484
-0.316749
-0.873114
-0.326062
-0.049587
-0.538369
-0.015274
-0.875429
-0.415284
-0.158099
-0.126157
-0.812974
-0.576677
-0.011193
-0.211720
-0.729854
-0.268882
-0.135380
-0.200132
-0.735372
-0.908860
-1.977142
-0.119594
-0.333245
-0.613759
-0.121884
-0.001780
-0.263322
-0.007480
-0.226375
-0.057087
-0.361605
-0.628646
-0.031955
-0.093784
-2.020927
-0.313109
-0.000038
-0.143917
-0.268372
-0.002714
-0.497322
-0.080637
-0.130556
-0.373025
-0.881611
-0.125653
-0.083497
-0.021224
-0.341569
-0.440162
-0.107693
-0.167291
-1.357605
-0.534451
-0.915694
-0.726635
-0.897412
-2.402357
-0.882836
-0.409168
-0.100788
-0.384909
-1.749149
-0.003095
-0.178510
-0.192800
-0.533792
-0.298295
-0.152991
-0.198662
-0.025296
-0.791514
-0.553736
-0.374553
-0.266706
-0.133359
-0.792806
-0.107205
-0.076256
-0.051010
-0.003833
-0.120555
-0.035022
-0.128036
-0.003936
-0.019283
-0.036829
-0.033792
-0.195345
-1.219033
-0.546942
-0.076269
-0.015716
-0.626378
-0.046065
-0.563249
-0.028755
-2.969618
-0.425528
-0.311417
-0.147918
-0.001618
-0.314616
-0.489884
-0.012718
-0.180391
-0.021334
-0.007986
-0.413363
-0.212738
-0.011138
-0.473026
-0.613314
-0.136395
-0.183670
-0.162376
-0.100746
-0.451629
-1.108130
-0.345493
-0.288599
-0.874908
-0.283142
-1.697512
-0.553313
-0.058450
-0.458293
-0.734072
-0.131385
-0.816033
-0.137108
-0.267214
-0.298044
-0.344846
-1.139158
-0.211448
-0.150248
-0.046847
-1.023362
-0.084404
-0.062459
-0.612708
-0.840001
-0.628151
-0.201397
-0.581512
-1.053765
-1.973774
-0.037859
-0.311803
-0.689824
-0.836786
-0.795358
-0.532305
-0.103037
-0.018800
-0.276621
-0.874759
-0.008069
-0.252611
-0.034280
-0.257982
-0.957570
-0.000993
-0.182691
-0.604376
-1.005262
-0.113072
-1.712883
-0.039917
-1.081058
-0.697701
-0.267491
-0.008750
-0.891263
-0.621198
-0.323467
-0.468314
-0.279148
-1.402304
-0.070805
-0.485721
-0.001086
-0.578073
-1.826049
-1.106880
-0.010582
-0.392031
-0.722441
-0.208667
-1.052713
-1.370748
-0.190272
-0.081659
-1.432825
-0.574109
-0.212292
-0.051170
-0.134208
-0.100282
-0.773953
-0.344746
-1.144573
-0.566785
-0.104910
-0.303772
-0.018503
-0.029361
-0.535066
-0.359011
-0.194537
-0.516039
-1.004301
-0.486523
-1.035988
-0.206189
-0.499299
-0.541193
-0.148662
-0.396139
-0.033021
-0.260730
-0.332607
-0.024291
-0.157305
-0.023247
-0.353817
-1.554342
-0.495548
-0.568702
-0.270744
-1.602098
-0.077610
-0.191755
-0.044730
-0.205647
-0.008958
-0.844923
-0.677648
-0.210822
-0.166748
-0.097670
-0.029413
-0.073961
-0.061642
-0.327856
-0.777695
-1.208205
-1.307821
-1.295987
-0.104893
-0.653226
-0.906040
-0.142477
-0.066685
-2.611291
-0.065995
-0.028919
-0.617725
-0.563603
-0.395391
-0.557931
-0.140868
-0.146023
-0.750344
-0.116352
-0.195422
-0.453177
-1.944298
-0.801569
-0.130725
-0.063297
-0.489687
-0.567845
-3.438455
-0.029380
-0.304369
-1.213268
-0.750489
-0.217178
-0.638286
-1.403623
-1.747484
-0.001265
-0.230117
-1.037221
-0.295222
-0.012191
-1.307045
-0.319027
-0.022774
-0.802085
-0.614653
-0.041442
-0.206691
-0.007066
-0.176918
-0.947149
-0.518091
-0.009173
-0.904523
-0.041141
-0.335186
-0.264378
-0.108918
-0.117451
-1.291705
-0.459923
-1.781383
-0.682763
-0.070290
-0.085192
-0.034282
-0.129950
-0.883404
-0.281171
-0.687469
-0.447598
-0.750533
-0.668249
-0.983356
-0.628112
-0.204794
-0.164731
-0.597939
-0.001613
-0.165827
-0.580194
-0.944002
-0.614607
-0.057447
-0.516660
-0.020595
-0.516088
-0.050028
-0.068885
-0.742096
-0.199542
-0.313445
-0.065336
-0.164818
-0.261832
-1.307000
-0.384446
-0.029747
-0.117137
-0.034815
-0.002970
-0.818943
-0.120039
-0.094706
-0.345515
-0.842884
-0.372629
-0.317974
-0.837130
-0.300168
-0.598304
-1.446935
-0.621959
-0.467465
-0.546971
-0.616638
-0.437801
-0.784097
-0.870861
-0.306243
-0.397856
-0.492869
-0.392957
-0.958351
-1.563132
-2.416101
-0.368033
-0.071707
-0.096527
-0.501062
-0.647483
-0.081010
-0.579209
-0.808143
-0.637020
-0.439147
-0.147993
-0.417003
-0.692853
-2.136442
-0.002048
-0.547424
-0.229156
-0.416894
-0.002672
-0.175750
-0.592996
-0.134407
-0.691363
-0.943096
-0.978041
-0.664515
-0.081371
-1.026994
-0.030970
-0.201089
-0.959971
-0.329516
-0.189134
-0.124022
-0.282891
-0.385040
-0.856468
-0.034484
-1.931005
-0.765478
-0.394937
-0.423228
-1.226677
-0.227064
-0.229834
-0.100989
-0.255375
-0.288658
-0.923187
-1.120460
-0.388018
-1.713884
-0.609048
-0.194481
-0.051158
-0.491369
-0.520229
-0.101775
-0.063858
-1.198585
-0.247223
-0.540150
-0.029544
-0.056399
-0.766773
-0.381466
-0.178038
-0.751471
-1.153953
-0.533379
-0.038320
-0.329273
-0.077696
-0.162744
-0.134245
-1.085909
-0.549556
-0.871642
-0.312969
-0.092189
-0.319338
-0.191847
-0.592646
-0.182417
-0.003260
-0.889634
-0.309005
-0.424703
-0.184162
-0.426823
-0.500388
-0.000008
-0.147696
-0.740507
-0.076273
-0.219829
-0.206766
-0.455795
-0.250995
-0.325683
-0.056388
-1.004900
-0.188961
-0.311165
-0.116179
-0.001996
-0.057419
-0.242169
-0.658707
-0.295462
-0.641704
-0.779810
-0.209292
-0.669229
-0.264342
-0.153989
-0.647075
-0.237925
-2.084349
-0.949020
-1.149071
-0.021491
-0.020048
-1.707139
-0.534723
-0.136021
-0.005270
-0.904651
-0.126232
-0.002582
-0.318142
-0.296573
-0.920881
-1.416920
-0.230133
-0.353339
-1.073853
-1.030114
-0.013338
-0.794422
-0.000226
-0.456578
-0.295913
-0.024944
-0.538515
-0.428382
-0.472033
-0.390325
-0.549331
-0.842219
-0.780367
-0.762401
-0.090126
-0.251081
-0.869390
-0.515282
-0.672491
-0.178794
-0.740807
-0.121584
-0.279987
-0.302739
-0.374577
-0.210159
-0.038336
-0.013605
-0.732002
-0.172115
-2.215692
-0.962873
-0.018913
-0.390346
-0.044537
-0.058929
-0.405234
-0.138743
-0.022048
-1.828821
-0.493377
-0.878109
-0.082077
-0.062189
-0.254646
-0.714150
-1.246825
-0.126965
-0.143229
-0.073426
-0.238519
-0.309497
-0.070715
-0.041829
-0.513879
-0.895819
-0.009893
-0.131960
-0.008760
-0.282696
-1.288459
-0.513754
-0.014083
-0.725832
-0.302643
-0.541912
-0.399889
-0.382054
-0.241030
-0.547256
-0.278523
-0.702237
-1.251726
-0.769644
-0.920734
-0.810007
-0.295725
-0.148682
-0.345853
-0.255383
-0.049710
-1.472596
-1.089033
-0.709588
-0.012250
-0.622847
-0.023187
-0.442878
-0.127037
-0.063410
-0.464181
-0.364716
-0.699910
-0.029822
-0.833389
-0.870764
-1.486288
-0.601844
-1.006699
-0.104114
-1.346093
-0.520100
-0.322900
-0.332852
-2.138601
-0.230153
-1.047876
-0.054243
-0.040185
-0.283788
-0.746954
-0.104830
-1.255055
-0.057568
-0.783677
-0.403076
-0.380312
-0.025643
-0.130490
-0.673387
-0.009641
-0.040040
-0.803154
-0.728426
-0.576175
-0.125238
-0.139899
-0.525791
-0.434078
-0.335481
-0.031150
-0.063595
-0.463742
-0.765771
-0.004688
-2.153864
-0.068997
-1.323856
-1.246577
-0.408044
-0.754413
-0.085387
-0.387081
-0.524334
-0.452811
-0.737324
-2.644347
-1.106588
-0.032576
-0.052358
-0.128377
-0.322883
-0.566058
-2.142919
-0.124392
-0.335110
-0.029778
-0.216503
-2.384173
-2.558899
-0.043709
-0.465964
-0.316302
-0.186815
-0.782083
-0.387247
-1.377199
-0.633447
-0.029422
-0.043881
-0.652255
-1.064086
-0.009671
-1.945427
-0.731496
-0.119863
-0.425219
-1.258835
-0.084763
-0.956493
-0.064334
-3.248784
-0.459589
-0.090680
-0.704180
-0.549741
-0.162621
-1.001117
-0.201720
-0.102537
-0.758238
-0.148231
-0.147213
-0.172623
-0.787504
-0.749403
-0.060935
-0.143331
-0.089911
-1.262052
-0.058729
-0.706670
-0.965260
-2.265604
-0.277198
-0.030800
-0.471791
-1.334779
-1.092527
-0.410455
-0.195942
-0.052781
-1.076269
-0.456978
-0.591914
-0.022986
-0.125321
-0.043675
-0.000937
-0.027874
-0.222556
-0.438564
-0.607699
-0.007114
-0.513657
-0.008251
-0.260420
-1.058257
-1.129792
-0.095834
-0.184336
-0.114586
-0.634897
-0.213981
-0.101259
-0.176306
-0.086171
-0.114038
-0.840375
-1.912650
-1.219212
-0.220721
-0.098347
-0.004307
-0.354221
-0.313682
-0.057166
-0.574861
-1.227755
-0.000940
-0.034791
-0.324577
-0.497194
-0.469959
-0.391479
-1.424636
-1.516770
-0.374103
-0.270825
-0.118663
-0.576197
-0.584888
-0.003981
-0.428849
-1.054629
-0.152628
-0.002764
-0.209254
-1.779767
-0.588584
-0.641604
-0.342492
-0.017640
-0.243760
-0.062529
-0.937802
-0.424063
-0.028783
-1.031300
-0.398181
-0.753538
-1.044360
-1.921973
-0.197469
-0.011209
-0.403372
-1.274405
-0.148886
-0.463694
-0.248927
-0.080283
-0.439229
-0.385842
-0.153547
-0.305660
-0.412911
-0.216108
-0.518394
-0.190725
-1.752399
-0.028479
-0.821912
-0.144838
-0.276869
-0.268062
-0.116502
-0.309562
-0.025947
-1.708784
-0.103725
-0.029942
-0.201237
-0.169610
-0.929843
-0.683969
-1.141877
-0.463875
-0.237287
-0.372558
-0.885902
-1.370247
-0.399297
-0.003735
-0.603877
-0.178806
-0.490962
-0.013403
-0.288872
-0.471324
-0.326814
-0.369434
-0.034495
-0.636765
-0.005330
-0.540136
-0.348024
-0.173340
-1.493714
-0.243548
-0.446243
-0.041969
-0.261473
-0.778505
-1.715167
-0.907001
-0.999465
-0.007274
-0.102491
-0.477654
-0.020688
-0.860745
-0.425424
-1.630081
-0.272792
-0.830469
-0.347995
-0.275357
-0.959582
-1.074417
-1.748837
-0.118117
-0.864866
-0.055717
-0.148920
-0.550252
-0.705131
-0.408090
-0.354264
-0.096000
-0.873551
-0.084482
-1.024114
-0.245098
-1.407883
-0.136907
-0.034770
-0.559302
-1.749394
-0.122187
-0.027080
-1.712781
-0.739774
-0.068759
-0.126254
-0.753012
-0.147019
-0.081707
-1.556215
-0.031605
-0.647508
-0.048935
-0.455577
-0.406632
-1.041837
-0.401421
-0.311835
-0.620562
-1.548082
-0.389524
-0.091757
-0.111560
-0.003941
-0.758453
-1.383139
-1.622392
-0.759628
-0.357715
-0.635035
-0.198731
-0.002418
-0.062548
-0.168752
-0.063964
-1.028259
-0.220685
-0.010835
-0.566410
-0.067809
-0.022907
-0.866154
-0.005251
-0.343693
-2.596349
-0.026338
-1.787179
-0.744554
-0.053565
-0.363376
-0.427730
-0.594886
-0.001763
-0.231268
-0.672796
-0.480628
-0.367056
-0.779735
-0.407324
-0.201844
-0.277339
-0.324698
-0.022887
-0.431831
-0.058655
-0.808254
-0.109894
-0.086589
-0.135413
-0.535181
-0.724623
-0.622129
-0.350268
-1.890430
-0.045761
-0.235588
-0.092026
-0.252379
-0.756676
-0.011856
-0.995538
-0.274310
-1.327502
-0.307474
-0.465241
-0.828365
-0.336320
-0.304287
-0.242370
-0.442524
-0.373535
-2.505009
-0.560642
-0.598022
-0.489966
-0.060483
-0.145342
-0.991525
-0.009545
-2.100671
-0.043152
-0.827941
-0.502718
-1.178499
-0.701919
-0.000138
-1.211695
-0.377588
-0.638269
-0.021914
-1.995203
-0.004877
-0.000502
-1.293004
-0.206801
-0.157938
-0.372284
-0.539116
-0.665181
-0.790525
-0.276092
-0.638060
-1.745925
-2.082287
-2.174460
-0.613221
-1.286072
-0.179057
-0.091590
-0.131784
-0.093864
-0.532396
-0.003314
-0.335235
-1.290865
-1.319354
-0.727249
-0.959874
-0.129813
-0.163457
-1.428021
-0.114860
-0.409596
-0.699828
-0.090850
-0.853809
-0.276963
-0.027740
-0.085303
-0.364778
-0.012423
-0.109575
-0.125270
-0.238965
-0.177929
-1.064459
-1.949237
-0.889866
-1.253315
-1.316354
-0.395476
-1.217823
-1.291888
-0.143759
-0.598450
-0.405410
-0.569128
-0.100528
-0.333251
-0.092239
-0.149018
-0.679202
-0.468341
-0.571370
-0.152194
-0.524264
-1.021587
-0.780861
-0.760588
-0.772612
-0.055105
-0.200871
-0.259165
-1.931070
-0.504879
-1.459417
-0.554167
-0.275354
-0.189434
-1.950699
-0.034875
-1.253285
-0.293532
-0.242337
-0.568659
-2.370990
-0.309075
-0.035719
-0.040410
-0.847152
-0.018305
-0.420760
-0.409851
-0.720482
-1.493765
-1.178852
-0.000202
-0.657203
-0.067130
-0.383075
-1.390910
-0.199449
-0.651649
-0.032108
-0.520294
-0.003046
-0.844332
-0.406574
-1.591056
-1.035672
-2.259192
-0.246211
-0.299111
-0.915518
-0.366790
-0.777727
-0.046713
-1.045484
-0.729712
-0.388258
-0.946156
-0.206505
-0.031448
-0.651331
-0.082043
-0.460775
-1.714299
-0.000239
-0.902870
-0.065380
-0.306249
-0.039027
-0.593440
-0.118841
-0.181772
-0.104808
-0.295342
-0.056333
-0.039193
-0.581503
-0.188403
-0.054196
-0.104385
-0.146227
-0.006645
-0.011057
-0.619688
-0.591422
-0.283465
-0.356593
-0.735928
-0.308025
-0.323251
-0.072789
-0.992933
-0.371591
-0.074358
-0.426873
-0.449330
-0.460787
-0.118524
-0.194365
-0.074255
-0.904523
-1.470156
-0.523248
-0.183762
-0.024208
-0.000986
-0.123976
-0.032949
-0.783218
-0.043518
-0.131699
-0.013612
-0.513240
-0.090228
-0.064580
-0.827261
-0.137215
-1.072981
-0.584020
-0.081180
-1.403420
-0.233194
-0.726553
-0.133022
-2.304064
-0.480872
-0.490608
-1.841852
-0.344710
-0.129938
-0.748211
-0.314177
-0.283628
-0.300684
-0.362769
-0.219838
-0.019197
-0.106369
-0.151634
-0.178850
-0.317532
-1.216795
-0.016349
-0.007383
-0.221763
-1.331943
-0.082870
-0.078065
-0.071000
-0.012128
-1.240034
-0.282025
-0.927653
-1.078951
-0.036304
-0.162897
-1.080646
-0.083566
-0.077763
-0.298035
-1.760527
-0.169611
-0.656229
-0.532268
-0.920454
-0.221919
-2.099756
-0.333447
-0.147526
-0.389486
-0.097249
-0.295417
-0.168136
-0.302854
-0.867450
-0.656780
-0.510592
-0.065120
-0.728368
-0.828593
-0.069550
-0.073786
-0.713958
-0.045017
-0.013898
-0.082911
-0.053490
-0.013216
-0.051102
-0.262756
-0.244530
-0.506036
-0.255684
-1.156442
-0.086669
-0.712528
-0.156031
-0.316229
-0.641522
-0.317813
-0.542627
-0.010443
-0.180458
-0.233976
-0.050095
-0.001723
-0.714545
-0.507167
-0.049240
-0.343320
-0.049123
-0.275954
-0.124650
-0.372617
-0.003440
-0.149274
-0.022167
-0.105217
-0.462028
-0.249424
-0.138283
-1.656258
-1.206490
-0.752819
-0.181026
-0.258544
-0.253005
-0.195649
-0.405641
-0.281700
-1.074098
-0.042648
-0.000078
-0.240312
-0.161186
-0.299189
-0.073715
-0.052981
-0.010109
-0.405047
-0.975904
-1.844582
-0.163082
-0.225975
-0.015818
-0.959119
-0.083983
-0.000553
-1.875975
-0.727691
-0.186138
-0.047760
-0.008982
-0.076056
-1.422271
-1.754879
-0.703629
-1.372075
-0.192332
-0.656135
-0.624154
-0.005603
-0.257249
-0.090353
-2.519897
-0.018846
-0.481292
-0.001966
-0.624733
-0.582454
-0.020710
-0.338055
-0.407893
-0.005639
-0.037830
-0.412886
-0.989276
-0.023491
-0.075969
-0.000861
-0.296405
-1.757408
-0.101787
-0.017009
-0.399204
-0.127856
-0.244520
-0.042611
-0.058222
-0.230744
-0.079011
-0.785838
-0.670906
-0.081685
-0.423010
-0.255692
-0.915853
-0.252734
-0.153304
-0.744309
-2.519072
-1.419715
-1.014442
-0.555050
-1.009691
-1.528593
-2.253831
-0.243453
-0.402682
-0.401704
-0.326356
-0.152573
-0.194880
-0.181549
-1.141861
-0.079512
-2.258720
-0.022536
-0.277056
-0.252105
-0.017682
-0.283800
-0.096585
-0.588548
-0.151448
-0.015246
-0.854266
-1.066986
-0.369661
-0.085067
-0.161503
-0.030221
-0.123088
-0.554882
-0.175491
-2.421308
-0.078383
-0.695720
-2.189368
-0.435171
-0.812040
-0.032380
-0.320286
-0.380879
-0.263869
-1.484215
-0.348945
-0.231460
-0.249819
-0.071942
-0.131213
-0.040257
-0.191713
-1.052987
-0.158420
-0.141138
-1.447448
-0.329880
-1.334328
-1.096018
-0.220738
-0.436009
-0.389902
-0.149878
-0.054520
-0.559745
-0.059330
-0.033830
-2.023528
-0.776596
-0.331226
-0.025831
-0.423652
-1.072046
-0.716420
-0.198966
-0.409468
-0.851862
-0.024741
-0.015526
-0.108086
-0.340774
-1.638961
-0.432063
-0.034943
-0.555818
-0.262881
-0.027329
-0.375104
-0.093861
-0.375027
-0.080992
-1.165933
-0.032301
-0.413529
-0.321872
-0.044590
-0.789067
-1.111917
-0.288356
-0.603799
-1.578437
-0.005483
-1.439021
-0.970013
-0.024202
-0.521654
-0.596178
-1.074624
-0.360138
-0.619682
-0.160490
-1.824146
-0.288701
-0.736078
-0.586669
-0.202659
-0.011045
-1.074716
-1.138891
-0.030752
-0.036660
-0.053292
-0.400831
-0.214975
-1.558447
-1.276522
-0.279622
-0.064447
-0.001904
-0.613121
-0.495027
-0.054347
-0.510100
-0.565442
-0.667108
-0.227617
-1.616859
-0.054171
-0.207050
-0.438161
-0.373185
-0.454382
-0.123654
-0.206844
-0.066634
-0.010272
-0.221914
-0.939915
-0.232374
-0.484855
-2.571855
-0.750468
-0.556641
-0.359092
-1.123217
-0.031521
-0.228037
-0.096980
-0.434885
-0.890474
-0.051618
-0.002995
-0.145029
-0.684912
-0.214423
-2.065014
-0.298781
-0.429792
-2.088642
-0.755154
-0.374047
-0.127133
-1.418882
-1.323998
-0.185730
-0.088064
-0.588013
-0.942483
-0.184985
-1.919576
-0.998487
-0.970612
-0.140273
-0.498293
-0.569493
-0.003996
-0.045914
-0.659702
-2.089728
-0.483697
-0.014624
-0.124709
-0.573417
-1.001957
-0.272270
-0.550716
-1.673590
-0.131723
-0.287039
-0.194719
-0.355343
-1.326922
-0.014028
-0.062946
-0.129356
-0.166811
-0.000321
-0.619178
-0.912705
-0.510740
-0.062098
-0.016278
-0.260271
-0.518436
-0.435318
-0.276601
-0.856177
-0.128162
-0.099496
-0.638762
-0.562010
-0.220420
-0.349828
-0.084394
-0.393347
-0.741128
-0.140128
-0.761776
-1.343126
-0.133252
-0.293669
-0.642516
-1.026814
-0.096347
-0.037540
-1.336196
-0.685550
-0.597634
-0.017648
-0.000392
-0.060126
-0.176594
-0.607560
-0.023260
-0.184137
-0.179953
-0.123105
-0.608209
-0.479439
-0.115779
-0.068109
-0.396159
-0.018993
-0.498848
-0.018034
-1.425295
-0.629635
-0.460570
-0.629899
-0.029206
-0.631356
-0.134956
-0.371042
-0.988339
-0.249672
-0.688523
-0.109344
-0.778579
-0.165104
-0.333982
-0.184561
-0.635729
-0.060022
-0.120083
-0.580728
-0.147295
-0.619068
-0.182160
-1.593618
-0.316091
-0.156882
-0.870587
-0.277688
-0.075500
-0.820975
-0.696735
-0.134588
-0.710333
-0.138782
-0.648591
-0.977561
-0.486750
-2.496923
-1.102458
-0.020769
-1.230637
-0.473427
-0.036422
-0.599596
-0.167899
-0.014334
-0.627067
-1.170256
-0.524669
-0.591597
-1.221042
-0.010343
-0.407702
-0.000265
-0.953375
-1.705665
-0.040360
-0.289451
-0.017917
-0.105839
-0.274788
-0.891565
-1.199413
-0.570011
-0.624741
-0.643525
-0.202365
-0.959158
-0.919816
-1.996426
-0.156193
-0.968616
-1.588257
-0.212114
-0.342869
-0.062266
-0.614412
-0.902290
-0.145649
-0.018963
-1.720310
-3.028566
-1.283815
-0.725774
-0.442458
-0.517715
-0.790590
-0.030063
-0.770379
-2.701833
-0.266156
-0.023815
-1.221148
-0.025690
-0.002634
-0.053434
-0.052600
-0.181840
-0.305626
-0.570459
-2.070237
-0.101974
-1.088009
-0.139822
-1.361109
-0.589890
-0.201614
-0.100294
-0.015436
-0.246656
-0.622663
-0.117961
-1.238870
-0.022829
-0.130598
-1.656234
-0.083610
-0.028073
-1.331017
-0.005173
-0.879058
-0.109497
-0.146290
-0.199327
-0.017762
-0.023960
-0.286290
-0.094210
-1.164269
-0.943468
-0.127766
-0.442725
-1.442168
-0.853979
-2.370143
-0.000525
-0.062702
-1.137395
-1.461486
-0.002298
-0.742578
-0.876318
-0.227029
-0.694542
-0.795325
-0.073117
-0.162926
-0.382337
-0.016933
-0.238204
-0.618757
-2.598422
-0.024000
-0.534339
-1.040793
-0.568637
-0.061727
-0.406672
-0.105696
-0.018873
-1.281216
-1.013924
-0.141121
-0.640352
-0.621568
-0.076623
-1.917859
-0.022211
-0.033704
-0.135953
-1.126053
-0.550866
-0.474221
-0.816161
-0.079891
-0.407809
-0.672402
-1.291766
-0.007137
-0.039540
-0.328145
-0.159561
-0.010152
-0.457431
-0.377826
-0.309730
-0.133444
-0.399307
-0.139526
-0.568072
-0.287325
-0.792523
-1.581001
-0.026133
-2.435299
-0.275926
-0.995209
-0.400443
-2.482686
-0.133298
-0.039941
-0.000250
-0.739449
-0.000265
-0.029587
-0.244099
-0.475134
-0.022985
-0.094943
-1.289350
-0.143804
-0.117085
-0.180015
-0.052971
-3.021723
-0.476808
-0.336840
-0.409652
-0.182660
-1.008712
-0.121061
-0.314146
-1.019849
-0.201601
-0.700258
-0.303030
-0.557960
-0.486682
-0.367927
-0.105162
-0.400480
-0.334331
-0.198511
-0.041369
-0.668567
-0.234768
-0.116440
-0.021156
-0.732693
-1.197954
-0.293078
-0.082816
-0.016486
-0.445986
-0.063991
-0.399798
-0.990715
-0.000878
-0.727592
-0.392564
-0.090529
-0.301329
-1.048153
-0.126517
-1.828777
-0.111526
-0.092872
-0.359774
-0.480604
-0.087515
-0.087160
-0.100693
-0.844465
-0.438466
-2.603017
-0.164468
-0.001919
-0.170078
-1.153365
-0.022280
-0.117638
-0.553328
-1.288497
-0.074755
-0.976349
-0.712416
-1.104194
-0.132647
-0.211173
-1.882911
-0.829023
-0.890512
-0.040551
-1.528891
-1.259456
-0.084441
-0.324386
-1.779891
-0.209860
-0.642204
-1.559817
-0.001996
-0.885883
-0.869204
-0.463127
-0.011868
-0.387224
-0.542139
-0.019144
-0.108320
-0.178829
-0.209308
-0.630528
-0.169549
-0.940411
-0.005935
-1.559886
-1.111118
-0.421710
-2.678985
-0.064303
-0.659316
-0.008522
-0.101823
-1.223221
-0.062276
-0.272361
-0.511013
-0.159225
-0.406308
-0.589999
-0.445469
-0.945100
-0.873379
-1.076572
-0.083837
-0.401245
-2.036414
-0.701455
-0.339755
-0.201129
-0.024119
-1.340193
-0.049813
-0.016367
-0.559042
-0.671079
-0.374254
-0.123162
-0.129334
-0.165969
-0.433167
-0.485213
-0.574602
-0.449000
-0.500269
-0.075054
-0.226036
-1.057016
-2.658257
-1.820703
-0.078555
-0.142959
-0.754729
-0.371423
-0.585701
-0.059218
-0.003412
-0.397100
-1.332466
-1.029575
-1.043630
-0.061644
-0.863287
-0.001719
-0.184591
-0.001520
-0.227963
-0.007089
-0.390133
-1.171576
-0.902342
-0.058094
-0.170291
-0.247818
-1.159780
-0.542800
-0.479938
-0.509308
-1.557092
-0.202575
-1.565102
-0.995017
-1.094379
-0.227798
-1.222356
-0.508646
-0.119912
-0.278617
-0.848154
-0.070177
-0.587796
-0.167373
-2.106739
-0.235874
-0.031902
-1.324046
-0.003521
-2.032970
-0.508672
-0.556686
-0.836844
-0.228877
-0.200967
-1.729386
-0.197559
-0.049724
-0.901728
-0.176317
-0.004732
-1.762451
-0.302655
-0.427880
-0.099194
-0.053527
-0.050372
-1.060268
-0.724537
-0.865693
-0.100673
-1.129934
-0.814551
-1.170758
-0.043379
-0.003631
-1.324795
-0.023496
-0.007409
-0.446573
-0.034802
-0.499787
-1.268718
-2.043563
-0.705719
-0.004127
-0.000263
-0.129496
-0.018632
-1.138164
-0.094792
-0.458716
-0.732647
-0.825115
-1.367871
-0.821519
-0.482480
-0.019421
-0.260061
-0.036249
-0.981141
-0.451972
-0.018601
-0.297700
-1.216851
-0.679424
-0.439790
-0.779759
-0.913326
-0.094462
-0.087191
-0.971673
-0.071660
-0.079324
-0.042766
-0.289785
-0.768744
-1.994190
-0.102184
-1.140241
-0.282560
-0.015108
-0.471470
-0.051221
-0.194881
-0.756273
-0.116705
-1.383629
-0.004910
-0.028841
-0.083573
-0.244585
-0.093991
-0.589070
-1.446138
-0.378156
-0.408439
-1.026120
-1.291136
-1.357303
-0.019436
-0.829176
-0.003001
-0.149581
-0.380264
-0.177495
-0.921392
-0.292170
-0.273480
-0.110230
-0.090612
-0.093341
-1.468685
-0.023931
-0.069215
-0.054062
-0.010319
-0.045958
-0.487167
-0.611302
-0.156691
-1.709633
-0.022093
-0.020150
-0.233627
-0.000501
-0.015160
-0.249963
-0.004164
-0.281713
-2.122928
-0.464106
-0.413195
-0.127853
-0.318630
-0.794922
-0.555431
-0.256098
-0.228126
-0.025483
-0.087893
-0.211001
-0.976241
-0.292848
-0.428825
-0.050362
-0.348814
-0.198986
-0.021620
-0.425562
-0.123294
-0.247464
-0.197398
-0.164829
-0.028736
-0.304803
-0.120405
-1.554792
-0.298575
-0.240366
-0.222773
-0.019561
-0.605639
-0.364935
-0.122678
-0.342243
-0.345485
-0.110603
-0.125784
-1.564242
-0.749624
-0.069457
-0.119229
-0.325029
-0.368431
-0.001876
-0.003103
-0.429886
-1.808262
-0.018931
-0.652367
-0.028279
-0.058945
-0.313753
-1.478966
-1.543461
-0.347230
-0.037236
-0.583599
-0.091336
-0.179177
-0.244915
-1.327461
-0.082656
-1.116398
-0.254770
-0.573302
-0.815679
-0.188217
-0.018728
-0.589202
-0.530240
-0.820337
-0.035039
-0.213010
-0.159130
-1.803544
-0.001282
-0.270955
-0.847062
-0.500181
-0.079741
-0.200197
-0.078561
-1.108640
-0.096101
-0.318880
-1.453935
-0.014694
-0.165861
-0.471405
-0.572022
-0.068293
-0.721078
-0.077616
-0.011172
-0.617140
-0.049370
-1.914623
-0.666900
-0.116546
-0.048790
-0.642144
-0.965692
-0.557524
-0.766090
-0.718729
-0.012767
-0.233444
-0.228565
-1.366879
-0.763576
-0.430167
-0.232472
-0.275696
-0.155342
-0.317031
-1.034562
-0.081594
-1.303146
-1.150151
-0.018383
-0.652824
-0.021845
-0.130715
-0.265964
-0.289640
-0.025273
-0.024237
-0.059408
-0.384438
-0.160167
-1.125558
-0.244515
-0.161372
-0.597225
-0.012294
-0.003582
-0.136156
-0.770094
-0.449706
-2.315752
-0.516781
-0.069839
-1.197754
-0.494299
-1.398090
-0.201889
-0.828446
-0.010936
-0.415238
-1.295796
-1.061415
-0.202391
-1.321514
-0.239977
-0.166887
-0.794935
-0.358725
-0.098328
-0.066379
-1.387292
-0.752269
-0.000520
-0.884644
-0.010766
-0.889915
-0.446792
-1.532733
-0.148200
-0.036241
-1.290470
-1.410708
-0.078436
-0.534489
-0.200726
-1.466626
-0.491772
-1.534575
-0.611304
-0.011527
-0.002353
-0.030831
-0.294971
-0.659351
-0.744417
-1.605891
-0.569136
-0.031558
-0.610146
-0.263628
-0.160400
-0.017107
-0.400177
-0.399615
-1.117570
-0.030762
-1.458885
-0.139973
-1.431740
-0.040384
-0.149782
-1.185749
-0.655175
-1.191509
-1.095133
-0.139150
-0.191370
-1.614005
-0.301344
-0.062390
-0.035794
-0.057565
-0.492597
-0.283766
-0.456605
-0.953180
-0.291354
-0.879622
-0.068003
-0.030670
-1.438870
-0.089360
-0.265973
-0.144685
-0.546501
-1.396407
-0.329684
-0.913110
-0.022931
-0.574321
-0.740456
-0.712088
-0.275098
-0.015978
-0.778897
-0.122178
-1.134489
-0.611557
-1.266250
-1.817378
-2.050467
-0.585144
-0.234595
-2.216404
-0.079396
-0.014086
-0.409438
-0.000793
-0.034172
-0.599360
-0.142777
-0.256993
-0.246738
-0.036368
-0.612676
-1.857618
-0.003052
-0.002575
-0.591602
-0.173375
-0.640440
-1.220143
-0.364882
-0.011077
-0.053580
-0.409487
-0.000795
-1.161322
-0.793185
-0.160936
-0.004538
-0.086343
-0.932182
-0.336193
-0.827428
-0.049284
-0.466059
-0.481047
-0.070301
-0.013036
-1.401075
-0.021507
-0.616997
-0.916464
-0.086912
-0.083772
-0.113490
-0.196547
-0.578191
-0.015889
-0.625955
-0.136804
-0.604987
-0.306548
-0.812982
-0.293347
-0.014044
-0.011422
-0.249193
-0.278397
-1.090875
-0.464622
-0.350769
-0.012329
-0.791144
-1.388970
-0.388229
-0.039769
-1.746925
-0.048094
-0.214648
-1.023749
-1.093889
-0.001572
-0.221731
-0.614382
-2.805874
-1.219127
-0.725550
-0.002587
-1.286217
-0.964937
-1.123278
-0.125529
-0.385474
-0.402817
-0.874094
-0.343333
-0.245009
-0.371818
-0.043096
-1.950001
-0.188225
-0.029699
-0.513600
-0.283744
-1.092389
-0.412860
-0.460808
-0.635036
-0.433543
-0.377520
-2.060350
-0.615418
-0.448243
-0.907879
-0.080368
-0.369519
-0.230922
-0.415450
-0.644549
-0.371294
-0.433944
-1.425163
-1.670752
-0.114339
-1.790669
-1.140058
-0.231954
-0.028044
-0.209723
-0.270145
-1.204462
-0.504576
-0.095518
-0.071108
-1.315288
-0.205076
-0.416665
-0.120175
-0.270924
-0.845408
-1.119528
-0.754106
-0.730784
-0.327965
-1.142895
-0.089904
-1.318178
-0.176813
-1.462675
-1.115439
-0.145745
-0.580047
-0.446364
-0.308895
-0.109912
-1.134121
-1.748118
-0.423891
-0.325105
-0.232475
-0.100937
-1.054659
-0.018512
-0.360715
-0.035369
-0.030673
-1.610638
-0.201886
-0.004042
-0.564674
-0.787680
-0.106426
-0.477781
-0.383715
-0.116548
-0.169006
-0.404922
-0.646952
-0.021293
-0.402391
-0.130476
-1.167813
-0.007804
-0.070369
-0.391525
-0.070339
-0.003489
-0.695603
-0.008316
-2.499255
-0.145011
-0.017865
-0.034314
-0.165590
-1.031689
-0.413796
-0.687085
-0.007672
-0.514384
-0.024856
-0.689514
-0.385721
-0.197310
-0.001118
-0.003614
-0.377967
-0.430836
-0.005460
-1.236526
-0.290711
-1.855070
-0.237496
-0.352972
-0.233195
-0.209420
-0.915851
-0.050063
-0.149171
-0.059914
-1.818313
-0.120452
-1.052484
-0.078850
-0.486938
-0.211471
-0.782939
-0.011265
-0.625850
-0.455614
-0.028940
-0.785296
-0.904306
-0.342434
-0.375706
-0.089532
-0.352361
-0.200613
-0.004663
-1.078660
-1.046005
-0.022222
-0.542166
-0.084530
-0.000468
-0.790996
-1.735296
-0.492717
-1.388961
-0.014317
-1.071269
-2.038001
-0.005102
-0.521919
-2.287128
-1.547300
-0.069293
-0.315318
-0.190788
-0.111050
-0.114186
-0.793623
-0.011700
-0.774594
-0.045381
-0.090992
-1.117750
-0.376655
-0.205276
-0.671819
-0.013355
-0.022596
-1.644099
-0.410559
-0.323069
-0.081859
-0.501156
-0.175250
-0.113963
-0.001984
-0.869109
-1.305373
-0.213387
-0.681540
-0.782222
-0.056192
-0.434801
-0.292220
-1.316473
-0.184774
-0.621104
-0.029937
-1.239611
-0.901963
-0.123679
-0.289829
-1.151039
-0.510932
-0.322119
-0.510714
-1.184554
-0.842555
-0.064216
-0.154397
-0.383352
-0.318220
-0.550084
-1.659689
-0.097678
-0.572611
-0.636325
-0.565854
-0.745628
-0.153974
-0.074425
-0.129566
-0.055634
-0.027959
-0.125669
-1.652476
-0.522401
-0.990945
-0.441128
-0.210556
-0.368907
-0.084715
-0.360804
-1.272737
-0.328458
-0.256766
-0.027516
-0.957943
-0.765502
-0.006199
-0.172922
-0.302266
-0.684135
-3.617212
-0.096641
-0.038507
-0.141362
-0.411941
-0.177065
-0.275512
-0.667684
-0.244978
-0.024900
-1.037021
-1.583471
-1.270289
-0.041429
-2.007382
-0.765415
-1.138676
-0.268144
-2.233871
-0.100801
-0.000448
-0.024761
-1.121987
-0.280107
-0.603340
-1.041185
-0.118363
-1.374828
-0.446525
-1.486727
-0.538389
-0.327690
-0.739418
-0.743365
-0.799636
-0.740352
-1.987089
-0.380405
-0.153533
-0.038587
-0.132265
-0.712963
-0.455853
-0.257463
-0.446998
-0.129294
-0.234476
-1.358075
-0.397567
-0.097708
-0.275994
-1.482845
-1.490996
-0.432994
-0.755310
-0.065202
-0.357176
-0.000468
-0.216365
-2.033959
-0.490119
-0.859269
-0.190635
-0.244112
-0.262159
-0.641313
-0.007848
-0.918423
-0.055211
-0.672097
-0.078370
-0.847797
-0.139560
-0.712337
-0.705903
-1.470874
-0.229244
-0.759458
-0.332614
-0.203342
-1.104786
-0.672383
-0.231143
-0.486231
-0.464566
-0.145508
-0.108938
-0.820392
-1.147243
-1.517508
-0.974862
-0.078539
-0.264539
-0.890287
-0.321496
-0.281320
-0.157098
-0.172795
-0.040212
-0.031664
-0.964281
-0.186948
-0.286835
-0.206227
-1.913434
-1.420608
-0.263140
-0.168129
-0.871196
-0.513757
-0.337266
-1.128351
-1.675996
-0.599020
-0.338763
-0.259829
-0.717490
-0.235569
-0.423085
-1.162138
-0.001909
-0.009703
-0.559044
-0.121962
-1.393937
-1.121404
-0.385364
-1.396670
-0.102621
-0.910398
-0.128649
-2.537007
-1.233069
-0.410711
-0.003410
-0.038911
-0.156551
-0.233847
-0.476137
-0.264311
-0.627692
-2.096462
-2.128656
-0.129542
-0.209004
-1.069286
-2.748142
-0.394858
-0.650200
-0.601458
-0.308792
-0.089789
-0.904175
-0.236848
-0.907435
-0.133090
-0.010317
-0.398895
-0.581230
-1.207350
-0.011145
-1.270544
-0.180192
-0.995983
-0.558927
-2.146389
-0.005107
-0.004778
-0.014787
-0.167148
-0.007371
-0.072033
-0.524180
-0.147694
-0.308287
-0.099139
-0.221543
-0.145170
-0.144591
-0.009552
-0.095847
-0.016553
-0.213218
-0.081033
-0.496249
-0.070625
-0.202568
-0.004696
-0.695540
-0.261824
-0.021761
-0.685750
-0.235212
-0.094346
-0.337528
-0.101481
-0.397505
-0.832898
-1.684413
-0.018950
-0.547438
-0.496122
-0.039619
-0.209408
-0.282263
-0.244560
-0.066431
-0.187009
-0.435571
-0.015628
-0.264185
-0.510202
-1.434113
-0.185307
-0.083632
-0.373523
-0.500512
-1.429102
-0.065399
-0.028047
-1.782646
-0.012495
-0.020512
-0.345298
-0.573362
-1.065819
-0.310950
-0.274279
-0.222897
-1.228098
-0.011392
-0.252249
-0.147208
-0.136749
-0.968774
-0.275258
-0.220478
-0.319126
-0.033179
-1.667081
-0.016124
-0.054677
-0.255798
-0.657907
-1.002666
-0.519032
-0.100430
-0.210723
-0.241669
-0.013182
-0.248516
-1.422448
-0.016132
-0.022063
-1.492658
-0.502083
-0.103510
-0.188605
-0.035778
-1.069270
-1.476771
-0.138248
-0.550879
-0.194135
-0.048464
-0.015768
-0.528041
-0.027433
-0.076076
-0.151761
-0.060485
-0.113016
-0.117147
-0.025944
-0.385149
-0.367589
-1.440601
-0.568572
-0.742043
-1.341478
-0.004403
-3.557230
-0.451590
-1.244295
-0.176263
-0.225058
-1.155792
-0.030821
-0.690913
-0.110345
-0.001591
-0.811234
-1.092543
-0.373114
-0.162468
-0.141432
-0.256851
-0.602734
-0.085385
-1.538800
-0.821492
-0.671823
-0.656391
-1.875954
-0.027900
-0.029043
-0.532109
-1.050288
-0.476160
-0.814440
-0.157123
-1.059859
-0.688646
-0.343417
-0.093957
-0.025235
-0.022842
-1.193095
-0.119855
-0.032827
-0.216727
-0.307671
-0.553700
-0.170687
-0.537165
-0.027624
-0.652473
-0.255637
-0.314780
-0.140526
-0.047799
-0.932793
-0.047860
-0.990990
-0.328709
-0.000659
-0.284892
-0.813516
-0.402893
-0.755108
-0.158829
-0.483936
-0.000652
-0.296362
-0.335242
-0.548591
-1.131752
-0.018686
-0.265838
-1.577894
-0.094815
-0.343562
-0.023125
-0.449979
-0.390258
-0.184221
-0.429972
-0.030662
-0.179765
-0.740681
-0.929034
-0.226549
-1.696297
-0.234583
-0.063445
-0.171265
-0.236601
-0.339634
-0.236649
-0.653464
-2.142953
-0.917477
-0.367250
-0.953980
-0.152921
-0.078962
-1.554482
-1.149957
-0.418832
-2.101349
-0.091943
-0.401880
-0.921323
-0.032760
-2.035376
-0.017198
-1.050108
-1.298125
-0.137440
-0.094936
-0.033619
-0.367688
-0.392913
-0.676226
-0.399269
-0.026928
-0.421951
-0.037844
-0.139719
-0.374013
-0.286361
-1.354981
-0.053531
-0.032848
-0.017201
-0.229116
-0.026990
-2.033393
-1.242471
-0.004230
-2.353761
-0.532151
-0.103177
-0.683671
-0.003294
-0.204785
-0.106179
-0.058479
-0.814275
-0.298264
-0.072814
-0.068914
-0.949849
-0.035467
-0.260272
-0.074499
-0.002152
-0.296087
-0.610864
-0.352219
-0.133698
-0.005926
-0.054708
-0.367197
-0.735693
-0.552272
-2.943861
-0.924360
-1.665243
-0.448087
-0.198010
-0.255155
-1.053373
-0.184784
-0.184549
-1.331431
-0.348908
-0.155470
-0.334544
-0.521286
-0.465468
-0.369860
-0.800862
-1.812910
-0.057601
-1.424145
-0.126514
-0.016915
-0.906638
-0.324483
-0.092713
-0.131551
-0.534822
-0.565727
-0.000022
-0.039048
-0.195701
-0.454602
-0.240542
-1.095341
-0.074574
-0.838722
-0.010806
-0.209367
-0.870922
-0.006530
-0.364079
-0.179963
-0.321387
-0.464624
-0.344491
-0.130384
-1.517697
-0.759010
-1.280186
-0.146930
-1.199921
-0.193092
-0.016217
-1.271165
-2.624390
-0.155161
-0.701180
-1.225359
-2.679322
-0.003841
-0.960585
-0.817642
-0.046137
-0.771338
-0.008739
-0.167781
-0.008143
-0.074309
-1.935447
-0.028243
-0.079219
-0.639748
-0.134621
-0.859946
-0.092335
-0.311219
-0.534033
-1.056915
-0.695139
-0.183389
-1.214111
-0.115331
-0.175892
-0.962204
-0.645186
-0.362954
-0.945586
-0.178239
-0.034613
-0.947785
-0.415172
-0.150718
-0.038611
-1.295088
-0.589502
-0.460677
-0.152566
-0.683577
-0.923497
-0.711941
-0.802096
-0.013775
-0.031403
-0.504680
-0.006996
-0.781976
-0.230718
-0.023850
-0.645484
-0.033348
-1.489341
-1.200551
-0.000768
-0.802711
-0.208329
-1.086556
-0.163890
-0.110250
-0.506268
-0.005317
-2.392596
-0.331366
-0.142153
-0.487373
-1.245533
-1.456423
-0.429031
-0.053770
-0.399567
-0.069552
-0.246346
-0.771432
-0.207775
-0.254162
-0.514778
-1.691540
-1.196302
-0.133735
-0.459035
-0.631733
-1.263130
-0.031781
-0.340908
-1.031017
-0.812517
-0.291130
-0.045967
-0.314741
-0.137854
-0.102210
-0.268868
-0.698254
-0.085046
-0.056317
-1.626929
-0.091364
-0.362678
-0.330558
-0.910853
-0.813835
-0.471306
-0.457040
-0.214258
-0.129198
-0.230157
-0.573040
-0.358129
-0.587505
-0.168976
-0.684059
-0.027035
-0.064433
-0.029833
-0.007027
-0.538095
-0.122257
-0.999408
-0.294647
-0.246012
-0.370019
-0.278035
-0.520146
-0.060321
-0.733701
-0.751017
-0.132875
-0.000004
-0.500918
-0.197935
-0.371955
-0.605941
-0.216560
-0.297951
-0.010316
-1.171334
-0.075619
-0.408554
-0.148931
-0.060688
-0.500434
-0.098855
-0.415089
-1.223519
-0.731384
-0.780492
-0.888229
-0.241096
-0.011819
-1.273450
-0.661914
-0.011663
-0.463370
-0.200785
-0.202882
-0.065228
-0.452695
-0.645096
-0.322166
-1.720529
-0.532444
-0.234802
-0.483971
-1.022818
-0.566683
-0.760821
-0.154218
-0.783204
-0.001639
-2.173152
-0.510694
-0.444379
-0.002375
-0.245753
-0.075157
-0.200231
-0.218717
-1.158807
-0.024801
-0.244826
-1.165947
-0.829640
-0.703548
-1.675965
-0.800583
-0.720690
-0.029615
-0.081822
-0.472415
-0.214246
-0.020966
-1.197460
-0.290248
-0.498786
-1.435253
-0.222585
-0.760084
-1.063937
-0.437260
-0.126902
-0.833540
-0.013092
-0.418018
-0.198211
-0.004699
-0.443949
-0.341768
-0.226096
-0.190552
-0.189624
-0.175157
-1.301514
-0.211954
-0.544625
-0.192276
-0.355060
-0.006758
-1.463298
-0.169697
-0.014561
-1.026216
-0.071823
-0.447644
-0.918581
-0.012300
-0.167438
-1.307089
-1.129452
-0.197994
-0.791688
-0.200625
-1.768651
-0.019240
-0.029567
-0.134689
-0.920178
-0.851847
-0.017343
-0.875460
-1.083091
-0.004305
-1.684083
-2.072756
-0.145865
-0.306453
-0.115092
-0.827753
-0.397546
-2.410799
-0.004285
-0.117362
-0.694111
-0.292226
-0.400581
-0.706837
-0.283785
-0.950182
-0.024667
-0.047879
-0.607141
-0.298697
-0.446527
-1.515824
-0.215606
-1.493101
-2.322539
-0.810916
-0.183071
-0.954058
-0.161634
-1.878164
-0.050329
-0.905884
-0.560320
-0.141115
-0.096033
-0.902933
-0.333007
-0.921542
-1.170847
-0.235309
-0.657846
-1.384195
-0.002680
-0.043434
-0.201801
-0.557717
-0.268119
-0.281177
-0.226870
-0.157133
-0.070902
-1.213952
-0.536412
-0.192258
-0.358180
-0.110778
-0.061174
-1.649931
-0.593656
-0.050252
-0.296228
-0.047451
-0.243856
-0.450549
-0.153691
-0.364247
-0.203609
-0.126786
-1.151924
-1.172363
-0.292015
-0.160141
-0.060265
-0.066013
-1.138395
-3.249183
-0.678686
-0.397498
-2.518894
-0.054265
-0.041907
-0.528203
-0.000702
-0.433073
-1.888307
-0.502899
-0.235432
-0.784218
-0.885085
-0.512964
-2.084997
-0.391071
-0.085174
-0.184237
-0.369783
-0.112108
-1.131237
-0.817438
-0.699832
-0.407307
-0.256296
-0.208181
-0.093389
-0.072855
-0.096049
-1.452827
-0.017161
-0.023968
-0.057378
-0.554458
-0.759320
-0.962732
-0.775182
-1.549038
-0.018524
-0.189963
-0.252347
-2.390356
-0.281028
-0.441986
-0.893251
-1.648577
-0.463814
-0.526167
-0.077745
-0.042861
-0.219692
-0.015342
-0.435273
-0.724059
-0.112994
-0.121745
-0.131888
-0.415372
-0.497162
-0.410268
-0.047630
-0.698999
-1.215514
-0.284470
-0.155109
-0.195290
-1.077374
-1.437245
-0.407857
-0.400234
-0.770015
-0.029330
-0.841655
-0.366976
-1.027905
-0.075744
-0.794191
-0.078298
-1.416323
-0.004389
-0.405921
-1.157046
-0.026879
-0.693767
-1.046791
-0.399803
-0.976338
-0.164106
-0.436695
-0.981789
-0.417185
-0.648291
-0.799368
-0.671528
-0.311015
-0.127428
-0.829075
-0.003471
-2.557327
-0.219248
-0.043744
-0.142328
-0.489371
-0.470804
-0.607380
-0.069916
-0.238562
-0.068975
-0.923094
-0.316607
-0.008277
-0.141311
-0.706817
-1.279816
-1.827888
-0.773449
-0.110521
-0.223495
-0.607542
-0.410842
-0.471519
-2.737669
-0.224857
-0.049031
-0.899285
-0.325815
-0.943093
-0.095675
-0.173773
-0.104363
-0.012668
-0.170074
-0.041741
-0.284825
-0.074195
-1.192042
-0.558817
-0.220908
-0.405300
-0.580290
-0.016584
-1.089529
-0.463817
-0.268618
-0.008637
-0.278832
-1.312581
-0.169320
-0.350575
-0.769390
-1.745231
-2.165561
-0.867112
-0.355182
-0.258968
-0.362823
-0.073928
-1.734709
-0.552898
-1.096821
-0.325616
-0.167375
-0.050531
-0.704127
-0.243556
-1.256326
-0.332521
-0.058113
-0.000290
-0.548019
-0.198305
-0.236868
-2.185924
-0.503272
-0.072389
-0.155408
-0.507899
-0.060156
-0.207359
-0.143599
-0.455115
-0.880135
-2.174686
-0.520316
-0.425525
-0.057475
-0.637472
-0.374038
-1.846083
-0.495013
-0.928634
-0.222830
-0.004186
-0.615102
-0.725214
-0.536504
-0.179090
-1.169603
-0.535832
-0.004589
-0.613728
-0.154392
-0.081743
-1.208989
-0.009765
-0.383770
-0.211105
-0.382099
-2.790462
-1.156396
-0.171681
-0.445600
-0.878212
-0.002931
-1.719033
-0.116006
-0.913365
-0.751751
-0.202686
-0.250100
-0.300755
-1.570257
-0.403430
-0.423181
-0.350325
-0.022451
-0.090682
-0.448913
-0.363284
-0.970522
-0.831386
-0.012735
-1.062712
-0.315323
-0.120443
-1.696365
-0.016143
-0.001479
-0.273294
-0.118455
-0.662767
-0.452262
-0.866235
-0.436242
-0.483129
-0.492480
-0.128354
-0.710881
-0.080598
-0.130352
-0.777071
-0.083598
-1.396704
-0.225570
-0.246028
-0.622059
-0.002689
-2.600901
-0.673480
-0.386736
-0.154127
-0.116945
-0.929482
-2.068079
-0.375061
-0.425950
-0.084089
-0.832015
-0.577135
-0.547664
-0.243236
-0.055840
-0.479883
-0.058501
-0.123540
-0.382641
-0.556302
-0.679413
-1.776159
-0.145968
-2.114824
-0.014670
-0.005485
-0.145317
-0.946969
-0.610482
-0.000207
-0.001010
-0.009599
-0.195462
-0.074666
-0.256729
-0.124250
-0.449863
-0.374117
-0.225610
-1.938785
-0.182301
-0.744884
-0.035292
-1.169268
-0.139262
-0.563996
-0.255624
-0.198919
-0.113519
-0.431754
-0.303817
-0.824255
-0.106541
-0.657302
-0.049536
-0.322349
-0.262231
-0.024259
-0.304461
-0.343223
-0.378147
-0.008840
-0.068669
-0.026723
-0.630280
-0.691000
-0.008096
-1.795438
-0.135818
-0.214298
-0.499462
-0.958222
-0.146108
-0.421868
-1.504856
-0.639351
-0.010300
-1.837936
-1.922352
-0.084389
-0.976055
-0.930843
-0.882684
-0.137090
-0.047846
-0.322716
-0.647891
-0.196171
-0.685371
-0.087874
-0.452850
-0.213915
-0.038497
-0.240999
-0.302675
-0.152150
-0.750332
-0.211057
-1.476686
-0.790464
-1.154083
-0.177285
-0.089488
-0.006435
-0.052138
-0.836197
-1.048792
-0.003035
-0.979380
-0.064722
-0.452119
-0.563744
-0.157449
-0.519887
-0.682081
-1.707404
-0.243404
-0.109029
-0.377029
-0.860197
-0.115536
-0.889538
-1.127228
-1.014038
-0.927546
-0.064438
-1.136144
-0.508819
-0.225347
-0.770815
-0.245796
-0.015461
-0.514035
-0.017127
-1.016609
-0.054663
-0.640114
-0.531501
-0.381286
-0.029182
-0.111872
-0.874532
-0.657376
-0.124212
-0.001578
-0.249089
-1.001917
-1.386941
-0.065360
-1.188504
-0.198180
-0.016848
-1.129202
-0.258653
-1.860168
-0.343424
-0.059246
-0.044839
-0.189504
-0.202687
-0.638359
-0.037909
-1.078787
-0.484531
-0.264251
-0.681996
-0.467122
-0.397261
-0.119908
-0.081161
-0.041218
-0.141859
-0.604970
-1.174844
-0.945360
-0.217188
-0.659003
-0.093979
-0.134478
-1.067060
-1.453859
-1.164695
-0.750134
-0.192448
-0.011163
-0.130432
-0.331533
-0.096952
-0.420891
-0.071453
-0.573130
-0.366139
-0.001788
-0.000084
-0.215851
-1.643878
-0.035474
-0.628066
-0.732096
-0.107548
-0.418414
-0.100544
-1.630637
-0.007323
-0.023038
-1.273596
-0.277224
-0.480009
-0.541982
-0.047307
-0.042975
-0.185440
-0.277723
-0.238773
-1.142272
-0.305444
-2.386458
-0.249607
-0.121416
-0.433940
-0.412337
-0.174197
-1.053420
-0.440158
-0.421375
-0.057958
-0.012449
-0.050912
-0.498178
-0.602442
-0.671595
-2.222759
-0.023276
-0.063451
-1.540762
-0.103969
-0.446251
-2.104081
-0.556364
-0.077533
-1.263456
-0.060115
-0.267943
-0.684969
-0.307166
-0.216015
-0.509158
-0.340027
-0.204476
-0.049138
-0.000007
-0.004265
-0.298328
-0.021124
-0.430014
-0.685725
-0.367881
-0.074032
-0.483688
-0.172147
-0.270105
-0.199186
-0.430310
-0.218171
-0.400216
-0.099032
-0.364513
-0.485632
-1.599495
-1.331258
-0.161421
-0.079984
-1.220399
-1.428736
-0.361810
-0.045743
-1.184578
-0.629989
-0.320495
-0.326021
-0.367052
-0.100464
-0.368069
-0.032326
-0.517782
-3.821567
-0.050288
-0.787787
-0.118647
-1.832957
-1.855384
-0.421048
-0.046684
-0.184098
-0.025516
-0.087195
-0.032709
-0.242821
-0.028251
-0.337541
-0.222387
-0.140041
-0.088524
-1.201381
-0.010169
-0.509943
-1.023144
-0.461673
-0.105212
-0.453263
-0.888984
-0.659511
-0.049730
-0.226404
-0.986756
-0.446393
-0.318458
-0.073419
-0.655564
-0.409186
-0.243180
-0.025203
-0.442459
-0.082433
-0.014353
-0.596186
-0.014717
-0.013010
-1.112199
-1.207601
-0.178718
-0.253141
-0.286403
-0.238053
-0.032578
-0.313768
-0.052662
-1.285853
-0.647841
-0.109143
-0.364899
-0.021266
-0.040489
-1.243407
-0.256161
-1.937579
-0.117715
-0.056556
-0.920866
-0.101349
-0.105311
-0.813388
-2.208084
-0.511500
-0.380928
-0.115987
-0.482641
-0.069444
-0.014990
-0.037034
-0.116126
-1.393562
-0.298141
-0.423613
-0.188088
-0.827110
-0.356582
-0.048735
-0.512319
-0.201811
-0.936565
-0.615086
-0.335821
-0.045494
-0.555760
-0.385909
-0.497537
-0.317403
-0.644939
-0.538426
-0.248480
-0.050587
-0.184749
-0.001801
-0.645220
-0.192005
-0.496776
-0.705761
-0.007156
-0.745638
-0.144248
-0.012813
-0.939887
-1.441581
-0.249386
-0.060482
-0.176860
-0.868776
-0.007413
-0.323550
-0.179794
-0.472408
-0.515719
-0.675781
-0.084695
-0.010669
-0.004152
-1.064088
-0.545648
-0.653078
-0.446522
-0.515751
-0.343075
-0.028674
-0.038760
-0.079050
-0.292064
-1.586943
-0.356029
-0.194871
-0.001387
-0.271688
-0.266173
-0.507882
-0.306409
-0.860645
-1.560280
-1.467978
-0.432230
-1.586102
-0.085482
-0.509490
-0.078309
-1.023937
-1.850076
-0.528046
-0.168893
-0.131540
-0.042652
-0.230655
-0.679913
-1.247364
-0.004307
-0.709054
-0.485771
-0.052245
-0.178201
-0.077398
-1.092001
-0.242251
-0.001579
-0.340505
-0.716308
-1.589908
-3.093761
-0.001412
-0.078807
-0.284651
-0.008053
-0.236216
-1.008938
-0.238676
-0.510288
-0.050943
-0.015043
-0.003236
-0.327696
-2.479347
-0.871885
-0.857773
-1.057642
-0.186596
-0.021776
-0.080872
-0.038973
-1.111826
-0.768752
-0.126757
-0.080068
-0.187546
-0.014876
-0.033740
-0.222485
-1.427164
-0.530936
-0.762364
-0.145830
-1.977309
-0.016516
-0.859200
-1.406747
-0.195694
-1.969992
-0.642847
-0.244718
-0.009560
-0.751945
-1.241345
-1.538360
-0.106586
-0.525827
-0.063059
-0.143244
-0.570403
-1.253898
-0.075826
-1.681823
-0.014253
-1.459255
-0.266496
-0.152702
-0.058720
-0.306686
-0.004186
-0.115610
-0.072933
-0.302629
-0.921767
-0.523387
-0.595143
-0.214754
-0.507180
-0.634941
-0.808868
-0.368258
-0.852193
-1.135641
-0.167478
-0.352239
-0.176768
-0.053747
-0.104879
-1.154576
-0.320998
-0.291588
-1.162604
-0.524273
-0.667378
-1.234947
-0.140795
-0.002038
-0.000177
-0.241939
-0.001325
-0.252766
-0.292873
-0.332392
-2.957147
-0.370287
-0.337457
-0.063403
-0.109326
-0.273373
-0.112461
-0.383315
-0.920749
-0.672179
-0.796083
-0.369874
-0.799307
-0.378012
-0.389730
-0.278827
-0.081093
-0.129609
-1.357139
-0.470181
-0.051512
-1.316553
-0.554257
-0.597550
-0.003028
-0.478748
-0.478002
-0.511188
-0.057005
-0.646304
-0.004590
-0.146703
-0.299716
-0.191006
-0.943875
-0.103379
-1.788295
-0.149633
-0.019785
-0.757704
-0.136219
-0.701856
-0.016887
-1.579165
-0.147004
-0.501193
-0.212639
-0.047888
-0.051379
-2.767128
-0.170541
-0.458567
-0.002677
-0.002884
-0.291364
-0.202583
-0.003178
-0.061172
-0.217033
-1.127272
-0.064185
-0.210269
-1.164279
-0.160854
-0.011952
-0.053695
-0.498686
-1.881060
-0.289562
-0.642351
-0.115351
-0.794034
-0.207735
-0.745416
-0.144716
-0.232893
-0.360369
-0.189688
-1.191811
-1.048396
-0.301033
-0.031936
-0.291346
-0.354969
-0.363736
-1.428838
-0.660448
-0.670242
-0.125062
-0.088579
-0.054307
-0.074010
-0.684383
-0.043895
-0.077871
-1.346408
-0.331060
-0.274618
-0.076259
-1.287536
-0.050539
-0.082667
-0.539922
-0.069548
-0.371750
-1.013631
-1.522501
-0.159859
-0.606424
-0.055856
-0.004272
-0.753492
-0.101011
-0.014194
-0.330650
-0.254736
-0.426006
-0.002873
-0.623359
-0.098786
-0.363821
-0.875197
-0.294821
-0.847956
-0.009853
-0.242480
-0.774506
-1.643730
-0.592852
-0.056791
-0.166573
-0.154654
-0.054293
-0.421252
-0.058193
-0.387819
-1.169500
-0.657877
-2.148669
-0.386301
-0.554870
-0.027646
-0.489383
-0.869722
-1.185322
-2.418343
-2.100042
-0.856947
-0.076901
-0.559408
-0.270274
-0.243315
-0.285894
-0.815051
-0.622107
-0.025768
-0.045779
-0.989089
-0.581108
-0.021073
-0.176681
-0.012180
-0.024036
-0.562740
-0.223558
-0.944033
-0.223480
-0.937836
-0.724563
-0.627469
-0.054178
-1.068343
-0.465054
-0.117445
-0.000985
-0.255933
-0.751831
-1.079535
-1.465821
-0.110005
-0.922747
-0.186283
-0.838308
-0.309106
-0.933321
-0.272783
-0.287951
-0.080838
-0.683529
-0.051146
-0.840897
-0.110537
-0.571026
-1.123546
-0.589346
-0.780594
-0.596178
-0.841995
-0.252659
-0.323643
-0.850803
-0.303299
-1.962530
-1.287720
-0.963270
-0.001566
-0.250937
-0.452318
-0.814993
-0.784804
-0.001265
-0.088637
-0.242953
-0.356065
-0.050007
-0.058317
-0.255414
-0.063975
-0.447418
-0.535427
-0.031695
-0.077202
-0.780127
-0.226951
-1.203218
-0.330598
-0.358596
-0.003905
-0.041106
-0.286227
-1.665963
-0.088299
-1.257321
-0.858331
-0.055075
-0.493606
-0.185109
-0.021449
-0.222685
-0.699051
-0.292405
-0.685110
-0.706073
-0.386012
-0.308999
-0.020319
-0.013779
-1.147858
-0.516363
-0.269591
-1.461414
-0.557529
-0.978837
-0.458941
-0.432087
-0.460840
-0.305112
-0.001591
-0.075448
-1.067668
-0.150416
-0.271586
-0.092230
-0.124555
-0.156942
-0.069442
-0.220456
-0.000672
-0.114107
-2.217126
-0.107169
-0.027835
-0.019001
-0.178249
-0.642260
-0.043164
-0.542873
-0.032244
-0.026369
-1.009490
-0.410790
-0.008608
-1.697237
-0.610709
-1.391468
-0.420341
-0.577653
-0.100388
-0.200764
-1.184154
-0.149401
-0.117868
-0.829017
-1.359721
-0.049526
-0.970906
-0.529138
-0.360733
-0.330027
-0.804688
-1.264678
-0.351590
-0.521124
-0.093194
-0.052363
-0.170141
-0.043687
-0.438497
-0.171816
-0.965195
-1.082528
-0.156968
-0.367995
-0.258258
-0.139122
-0.454685
-0.345701
-0.027612
-0.174515
-0.968481
-0.019252
-0.487478
-0.124853
-0.078125
-0.597658
-0.445323
-0.599455
-0.173663
-1.091049
-1.187903
-0.462293
-0.008698
-0.633449
-0.101189
-0.899485
-0.675696
-0.019815
-0.315125
-0.783077
-1.211358
-0.150808
-0.908751
-0.012854
-0.124950
-0.094699
-0.188234
-0.373747
-0.025567
-0.663736
-0.194027
-0.197755
-0.356549
-0.223507
-0.049983
-0.177633
-0.121516
-0.761688
-0.136654
-1.508223
-0.803640
-0.336884
-0.174579
-0.146029
-0.014380
-0.132682
-0.534755
-0.574107
-1.420964
-0.096972
-0.554150
-0.005705
-0.144100
-0.965658
-0.993316
-0.087917
-0.737092
-0.555292
-0.052654
-1.542755
-0.501704
-0.279990
-0.292584
-0.333304
-0.519353
-0.518095
-0.297380
-0.862968
-0.068712
-1.048049
-0.542487
-0.184279
-0.270877
-0.733623
-0.336240
-0.294187
-0.118341
-0.287929
-0.346428
-0.218825
-0.617725
-0.380015
-0.547778
-0.683347
-0.010910
-0.952571
-0.031535
-0.987235
-0.111717
-1.033089
-0.945219
-1.344329
-0.950078
-0.172566
-1.031453
-1.229590
-0.311746
-2.318585
-1.380332
-0.382757
-0.304514
-0.455510
-1.504376
-1.252495
-0.605814
-0.334994
-0.106579
-0.402195
-0.238229
-0.035061
-0.381740
-0.432448
-0.076695
-0.189579
-0.100509
-1.298145
-0.078364
-0.227772
-0.326114
-0.477364
-0.591331
-0.351095
-0.011258
-0.310140
-1.077123
-0.216162
-1.278096
-1.628429
-0.134175
-0.949470
-0.395676
-2.500246
-0.976363
-0.592993
-0.389359
-0.120125
-0.019600
-1.359738
-0.531796
-0.459983
-0.289026
-0.196241
-0.674748
-0.023231
-0.371082
-0.195051
-1.310643
-0.008788
-0.294037
-0.026297
-1.075168
-0.566113
-0.216225
-2.049427
-0.052735
-0.319152
-0.055388
-1.172803
-0.030093
-0.159683
-0.066761
-1.670586
-0.018487
-0.141264
-0.241664
-0.592554
-0.543243
-0.563342
-0.009918
-0.000429
-0.040424
-0.165190
-0.068257
-0.692940
-0.858305
-0.312100
-0.763228
-1.149593
-1.172498
-0.123156
-0.152711
-0.468147
-0.071701
-0.361979
-1.439276
-0.242602
-0.638206
-0.602766
-0.314829
-0.260856
-0.477239
-0.070839
-0.033232
-1.025429
-0.468110
-0.593396
-0.261473
-1.208412
-0.504163
-0.114427
-1.108348
-0.100533
-0.061676
-0.060628
-0.102907
-0.690058
-0.402780
-0.031153
-0.936551
-1.058146
-0.200067
-0.731027
-0.125877
-0.284255
-0.492123
-1.124515
-0.124527
-0.457309
-0.101047
-0.414220
-0.031159
-0.129865
-0.003091
-0.064810
-0.509140
-0.198535
-0.125732
-0.064884
-1.048669
-0.044019
-0.177105
-0.200913
-0.070175
-0.082119
-0.196330
-1.608473
-0.997331
-0.195767
-0.996106
-1.349293
-0.636724
-1.371369
-0.077625
-1.404704
-0.005615
-0.248776
-0.815241
-0.134996
-0.456982
-0.004610
-1.209150
-0.175335
-0.049340
-0.872128
-0.997110
-0.596870
-0.002431
-0.225803
-0.539173
-0.465873
-0.097705
-0.345195
-0.363761
-0.176087
-1.753950
-0.204635
-0.026257
-0.025864
-0.106154
-0.446654
-0.361043
-1.165588
-0.429851
-0.228457
-0.350670
-0.075785
-0.026230
-0.160850
-1.124839
-0.041062
-1.679910
-1.068464
-0.698402
-0.096330
-0.405113
-0.346667
-1.163863
-0.012829
-0.179511
-0.200931
-0.094236
-0.212913
-0.531373
-0.201592
-0.460994
-0.208138
-0.112906
-1.056948
-0.462423
-0.523350
-0.405723
-0.744299
-2.071072
-0.517250
-1.049431
-0.244609
-0.089460
-0.005139
-0.513620
-0.212293
-0.392681
-0.012230
-0.435407
-0.358334
-1.713301
-0.350835
-0.581275
-0.830006
-0.222500
-0.025197
-0.792678
-0.723704
-0.330617
-0.823454
-1.211010
-0.809313
-0.242948
-0.066513
-0.235750
-1.487866
-1.575326
-1.179795
-0.017116
-0.645079
-0.976145
-0.459162
-0.444799
-0.027711
-0.912032
-0.166017
-1.066039
-0.515282
-0.230903
-0.433879
-1.616798
-0.867441
-0.015498
-0.201144
-0.092632
-0.314995
-0.270598
-0.026423
-0.721060
-1.293229
-0.296252
-0.000121
-1.887392
-0.307502
-0.248637
-0.426725
-0.985626
-0.016525
-1.216388
-0.458393
-0.066194
-0.238024
-0.700609
-1.472699
-0.783614
-1.104280
-0.007976
-0.051736
-0.517530
-0.214770
-0.208828
-1.905899
-0.331724
-0.504445
-0.603353
-0.855805
-0.355845
-0.190348
-1.205940
-0.539992
-0.888107
-0.044827
-0.244379
-0.112861
-1.414691
-0.049937
-0.077916
-0.297596
-0.107880
-0.198435
-0.727462
-0.004434
-0.069033
-1.919465
-0.129028
-0.019783
-0.044338
-0.290444
-2.388220
-0.450593
-0.681009
-0.378585
-0.053302
-0.147825
-0.006477
-0.037112
-0.035824
-1.846172
-1.491278
-0.036188
-0.564964
-0.008151
-0.057466
-0.603103
-0.006329
-0.018220
-0.681998
-1.420146
-0.089135
-0.326708
-0.385306
-0.254468
-0.557921
-2.096977
-0.526580
-1.104108
-0.111937
-0.154505
-0.862009
-1.672115
-0.834549
-1.125187
-0.773985
-0.115379
-0.307678
-0.144660
-0.394120
-0.904025
-0.478758
-1.242226
-0.335208
-1.427311
-1.022742
-0.120304
-0.215452
-0.268424
-0.202801
-0.733831
-0.036694
-1.109482
-0.242724
-1.980137
-1.148513
-0.065796
-0.434179
-1.067793
-0.937509
-0.063192
-0.692848
-2.377175
-0.140172
-0.024776
-0.201352
-0.052577
-2.221037
-0.512737
-0.285657
-0.382400
-0.306383
-0.135541
-0.382544
-0.337079
-0.475226
-0.098744
-0.019025
-0.155528
-1.028036
-0.217410
-0.757672
-0.172283
-0.328969
-0.180997
-0.707610
-0.176321
-0.193750
-0.329997
-0.723786
-0.399569
-0.089330
-0.385608
-0.044578
-0.442939
-0.387351
-0.077089
-0.737682
-1.107053
-1.071214
-0.467878
-0.225738
-0.156909
-0.241667
-0.002386
-0.115492
-0.603024
-0.301294
-0.204946
-0.216801
-0.073227
-1.148759
-0.514213
-0.715098
-0.407842
-0.013044
-0.033453
-0.177325
-0.543138
-0.049300
-0.194214
-1.146555
-0.001466
-1.221084
-0.016819
-0.001506
-0.533694
-0.074230
-0.514520
-0.957589
-0.010586
-0.061660
-0.526102
-0.701324
-0.002380
-0.194183
-0.005782
-0.459407
-0.211702
-0.432361
-0.685647
-1.273064
-0.362540
-1.263057
-0.442467
-0.167382
-0.127537
-0.186051
-0.138436
-1.371566
-0.020701
-0.703863
-0.690810
-0.001619
-0.204951
-0.025291
-0.177970
-0.327663
-0.043348
-0.551099
-0.628723
-0.162306
-0.540720
-0.346301
-1.380171
-0.223175
-0.613044
-0.248773
-1.177047
-0.341322
-1.291016
-0.322823
-1.420281
-0.254849
-1.035235
-0.045169
-0.703847
-0.853812
-1.541814
-2.288711
-1.171309
-1.506785
-2.581222
-0.384569
-0.042897
-0.868288
-0.600945
-0.154032
-2.459109
-1.827384
-0.002510
-0.032187
-0.080635
-0.946390
-1.319993
-0.001941
-1.376286
-0.933590
-1.135488
-0.731923
-0.507029
-1.729662
-0.117031
-1.538536
-0.120520
-0.345522
-0.032846
-0.916802
-0.573471
-2.254971
-0.419405
-0.017125
-1.402510
-1.549819
-0.455635
-0.008582
-1.540883
-0.261889
-0.000111
-0.000216
-0.162860
-0.392936
-0.694853
-0.481904
-0.061108
-0.778761
-1.234821
-0.022967
-2.339205
-0.070426
-0.517330
-0.001785
-0.549982
-0.025875
-0.804687
-0.600888
-0.093619
-0.017463
-0.109491
-0.050965
-0.670474
-0.070169
-0.007451
-0.233559
-0.234690
-0.173156
-0.394174
-2.011056
-0.193397
-0.002040
-0.122631
-1.352601
-0.148790
-0.440177
-0.003725
-1.206973
-0.356238
-1.324946
-0.000141
-0.308906
-0.153856
-0.904956
-0.330344
-1.253480
-3.196845
-0.292848
-0.287522
-0.611593
-0.092580
-1.388605
-1.779600
-0.011672
-0.728575
-0.005820
-0.455144
-0.077523
-0.004726
-0.402394
-0.145310
-0.921910
-2.687984
-0.008823
-0.683413
-0.896429
-0.052000
-1.143865
-0.675963
-0.304826
-0.038704
-0.439748
-0.384225
-0.150906
-0.063962
-0.236893
-0.150179
-0.656967
-0.087059
-0.087335
-0.214722
-0.273576
-0.371329
-0.187815
-0.543606
-0.187976
-0.812842
-0.105590
-0.191130
-1.446831
-0.002238
-0.683681
-0.634884
-0.096829
-0.244587
-0.279713
-0.804465
-0.743445
-0.152162
-0.742929
-0.454697
-0.017082
-3.674537
-0.003112
-0.947467
-0.483822
-0.301199
-0.057155
-0.176619
-0.133824
-0.529069
-0.464487
-0.099196
-0.336021
-0.785594
-0.568811
-0.195742
-0.059331
-0.261094
-1.883521
-0.177974
-0.641787
-0.077696
-0.593787
-0.486144
-0.011484
-1.375341
-0.729773
-0.387838
-0.060402
-0.018742
-0.394397
-0.121763
-0.042986
-0.539476
-0.106589
-0.103296
-0.217723
-1.106775
-0.175870
-0.089440
-0.671971
-0.851112
-0.150169
-0.247574
-0.695063
-0.206221
-0.176218
-0.173327
-1.568872
-0.576506
-0.175704
-0.070397
-0.555732
-0.175201
-0.050155
-0.020719
-0.224253
-0.954229
-0.084632
-0.152748
-0.832881
-1.278700
-1.122235
-0.526729
-0.126880
-0.958863
-0.282369
-0.058683
-0.137871
-1.410279
-2.021515
-0.964954
-1.051440
-1.400581
-0.098635
-1.077037
-1.667919
-0.089371
-0.046805
-0.045486
-0.033461
-0.556687
-0.412733
-0.316324
-1.364606
-0.793931
-0.905319
-0.109350
-0.016912
-3.236401
-0.435307
-0.297710
-0.093032
-0.246625
-0.051204
-1.226033
-0.032732
-0.115175
-0.316621
-0.595590
-1.306104
-1.087295
-0.842822
-1.045149
-0.142717
-0.566086
-0.014553
-0.078926
-0.660318
-0.158927
-0.008405
-0.032127
-0.645937
-0.908852
-0.012167
-0.229219
-0.375034
-0.729044
-0.801042
-0.548136
-0.302310
-0.303467
-0.201765
-0.364671
-0.206914
-1.843601
-0.313214
-0.141922
-0.359866
-0.040043
-0.061470
-0.312150
-0.585353
-0.385569
-1.567000
-1.737535
-0.590610
-0.000281
-0.849407
-1.121004
-0.010622
-0.001834
-1.022006
-0.000471
-0.232437
-0.552741
-1.525720
-0.762937
-0.073576
-0.008204
-0.068969
-1.813220
-0.663556
-0.363475
-0.024286
-1.292951
-0.205602
-0.577185
-0.919186
-0.143533
-0.049502
-0.220794
-0.458702
-0.942131
-0.383985
-0.003225
-0.555769
-0.920054
-0.181197
-0.808024
-0.814254
-1.414182
-1.442448
-0.035338
-0.025877
-0.058578
-0.281546
-0.851755
-0.180118
-0.002112
-0.022306
-0.321066
-1.502400
-1.032050
-0.401326
-0.277094
-0.596334
-1.539034
-0.197512
-0.287903
-0.657198
-0.730358
-0.111579
-0.106917
-0.079327
-0.003807
-0.642309
-1.049414
-0.071171
-0.222680
-0.457112
-0.216765
-1.463465
-0.096375
-0.006638
-0.075621
-0.065221
-0.461831
-0.300935
-0.577489
-0.311807
-0.031066
-1.027717
-0.187260
-0.397167
-0.008167
-0.088942
-0.211805
-0.029698
-1.027692
-0.041933
-0.023002
-1.295331
-0.039732
-0.050866
-1.567105
-0.188917
-0.587128
-0.026404
-0.066837
-1.152927
-0.743726
-0.243768
-0.117911
-0.389201
-0.464108
-0.152496
-0.062362
-0.537685
-0.663239
-0.065875
-0.199028
-0.068655
-1.288851
-0.202835
-0.017354
-2.030608
-0.825838
-0.148621
-0.389833
-0.353944
-0.175373
-1.220159
-1.642651
-0.018336
-0.040871
-0.165625
-0.023009
-0.006540
-0.093686
-0.205238
-0.443902
-0.075217
-0.291352
-0.567879
-0.280621
-0.540882
-0.179375
-1.450830
-0.358046
-0.010942
-0.288115
-0.283633
-1.575683
-0.062268
-0.368081
-0.001015
-0.682478
-0.429827
-1.073981
-2.364682
-0.331818
-0.812258
-0.943284
-1.102858
-2.470708
-0.412890
-0.987830
-0.734985
-1.161436
-0.049299
-0.979499
-0.398265
-0.004062
-0.103511
-0.132688
-1.168307
-0.440247
-0.273158
-0.790602
-0.206307
-0.132749
-0.618883
-0.665980
-0.351961
-0.477591
-0.666202
-0.091993
-0.111886
-0.777081
-1.157050
-0.010967
-0.017661
-0.312893
-0.161162
-0.033849
-0.026012
-0.054092
-2.190239
-0.170587
-0.222838
-0.008184
-0.088316
-0.397891
-0.918412
-0.011661
-1.418680
-0.096198
-0.086418
-0.336680
-0.110946
-0.058046
-0.169720
-0.442647
-0.267856
-1.105939
-0.067591
-0.751982
-0.718658
-1.110866
-0.154964
-1.031672
-0.691039
-1.621745
-0.720197
-0.679266
-0.249279
-0.035884
-0.570449
-0.451328
-0.414428
-0.383777
-0.033610
-0.018937
-0.010215
-0.408176
-0.911176
-0.048262
-0.157872
-0.006897
-0.014056
-0.090682
-0.058427
-0.321400
-0.742942
-0.084330
-0.510835
-1.094269
-0.421306
-0.360956
-0.214040
-0.404019
-0.084254
-0.065967
-0.047023
-0.804070
-0.406239
-0.303804
-0.473590
-1.485600
-0.041842
-0.112158
-0.018003
-0.517009
-1.036506
-0.436116
-1.891810
-0.168866
-0.369773
-1.428156
-0.078258
-0.444155
-0.540368
-0.017068
-0.552143
-0.100758
-1.540114
-0.199742
-0.434980
-0.035674
-0.271136
-0.009950
-0.003883
-0.826142
-0.479603
-0.412955
-0.736729
-0.366690
-1.673239
-0.376254
-0.139110
-0.084501
-0.765591
-1.602327
-0.722002
-1.026256
-0.505236
-0.315240
-1.385787
-2.118626
-0.076710
-1.443981
-0.174792
-0.653431
-0.576533
-2.128020
-0.655292
-0.014001
-2.086733
-0.801178
-0.535466
-0.477911
-0.015489
-0.660552
-0.598830
-0.280386
-0.881283
-1.349446
-0.139773
-0.395345
-1.379695
-0.075679
-0.095412
-1.141539
-0.117626
-0.180972
-0.460398
-0.086470
-0.067014
-0.436444
-1.335453
-0.865755
-0.186668
-0.010019
-0.035947
-1.458261
-0.898668
-0.432253
-0.225799
-1.552466
-0.262710
-0.897103
-0.627766
-0.089824
-0.013289
-0.507513
-0.264984
-0.282189
-0.383144
-0.095642
-0.126918
-0.139756
-0.011088
-0.106149
-0.006712
-0.674417
-0.546954
-0.099005
-0.009159
-0.026188
-0.562929
-0.499592
-1.457675
-1.766158
-1.290266
-1.109648
-0.003896
-1.013768
-1.535666
-0.574538
-0.145337
-1.623316
-0.104256
-0.257743
-1.143904
-0.618900
-0.720403
-0.647018
-0.028741
-0.245179
-0.280221
-0.581419
-0.273338
-0.066142
-0.030416
-0.077685
-1.179595
-0.159615
-0.281935
-1.268560
-0.672642
-0.205744
-0.870857
-0.207459
-0.018602
-1.344636
-0.036741
-0.172645
-0.410916
-2.283518
-0.180138
-0.117171
-0.040274
-0.311814
-0.285786
-0.823006
-1.847400
-1.451405
-0.010250
-0.577202
-0.028231
-1.098159
-0.313376
-0.765387
-2.539345
-0.342098
-1.403872
-0.112461
-0.667666
-1.394724
-0.694217
-0.188220
-0.994761
-1.319249
-0.038684
-0.031151
-0.004086
-0.018726
-0.183207
-0.151670
-0.366342
-0.416335
-0.338185
-0.639875
-0.034742
-0.006154
-0.181044
-0.151550
-0.224588
-0.381192
-1.831542
-0.614237
-0.980118
-0.407165
-0.048756
-0.041640
-0.432876
-1.543544
-0.609153
-1.649630
-0.952424
-0.083435
-0.586732
-0.442154
-1.404801
-0.271697
-1.532239
-0.022175
-0.070152
-0.117939
-0.431245
-0.261282
-0.047097
-0.217785
-0.077342
-0.349750
-0.454209
-0.595772
-1.126585
-0.718113
-0.012848
-0.313341
-0.542362
-0.242810
-0.166995
-0.124173
-0.191417
-0.161367
-0.053600
-0.847446
-0.650503
-0.551895
-0.384895
-0.271470
-0.279730
-0.585625
-0.215533
-0.462775
-0.104849
-0.275961
-0.324076
-0.002064
-0.112837
-0.578523
-0.159198
-1.135955
-0.033772
-0.168044
-0.141159
-0.942293
-0.000402
-0.223886
-0.268822
-0.058158
-0.310954
-0.585464
-0.261171
-0.100371
-0.234080
-0.163962
-0.481252
-0.133733
-0.833046
-0.282455
-0.687635
-0.545651
-0.208830
-0.997150
-0.157216
-0.234540
-0.209621
-0.238173
-0.081064
-0.007143
-0.041477
-0.360992
-0.418299
-0.066504
-0.135361
-0.080980
-1.404821
-0.518226
-0.869001
-1.243375
-0.009820
-1.725750
-0.060821
-0.150745
-1.033691
-0.911385
-0.135884
-0.452935
-1.743027
-0.226948
-0.245487
-0.118138
-0.020689
-0.045068
-1.513433
-0.047718
-0.449152
-1.535410
-0.880002
-1.523087
-0.622741
-0.043445
-1.082127
-0.196433
-0.004587
-0.558282
-0.970045
-1.376146
-0.704713
-0.675793
-0.639615
-0.924124
-0.893359
-0.136465
-0.126854
-0.990299
-0.400420
-0.774697
-0.910967
-0.387795
-0.745039
-0.018647
-1.774119
-0.342231
-0.145755
-1.200702
-0.185424
-0.516177
-0.392947
-0.768301
-0.649388
-0.505477
-0.247968
-0.000938
-0.214154
-1.420533
-0.752779
-0.177137
-0.376600
-0.658147
-0.637916
-0.561600
-0.055439
-0.469409
-0.187213
-1.581849
-0.855852
-0.085680
-0.515092
-0.153060
-0.140641
-0.025280
-1.812825
-1.276996
-0.140836
-1.181984
-1.213370
-0.890756
-0.074110
-0.940135
-1.435208
-0.991617
-0.980540
-0.054680
-1.361219
-0.493085
-0.034860
-0.385808
-0.301459
-1.181706
-1.815720
-1.314494
-0.727975
-0.293968
-0.066975
-0.542714
-0.490653
-0.573785
-0.068552
-0.262519
-0.021539
-0.131939
-0.669179
-2.233757
-0.236511
-0.029863
-0.012721
-0.157627
-0.005709
-1.381084
-0.466618
-0.465353
-0.170548
-0.325428
-0.000294
-0.641888
-2.304137
-0.610013
-0.043061
-0.245834
-0.203154
-0.651542
-0.047104
-0.778456
-0.767641
-0.208503
-0.316819
-0.075063
-0.259691
-0.275898
-0.090677
-0.610354
-0.056509
-0.050004
-0.518631
-0.854549
-0.314387
-0.563131
-0.125375
-1.504198
-0.167083
-0.263181
-1.635655
-1.367700
-0.782739
-0.198616
-0.000446
-0.321762
-0.035234
-0.998437
-0.025441
-2.780871
-0.482731
-0.007818
-0.079640
-0.469774
-2.180176
-0.760868
-0.579042
-0.507092
-1.322483
-0.775246
-0.542065
-0.312330
-0.339721
-0.754817
-0.624806
-0.080390
-0.107246
-0.004436
-0.321709
-0.678104
-0.688724
-1.659616
-0.007949
-0.124819
-0.001484
-0.150635
-1.201838
-2.041755
-0.118744
-0.586341
-0.060913
-0.255255
-0.169296
-0.227731
-0.020138
-0.766651
-0.197996
-0.468453
-0.182278
-0.615874
-0.283235
-0.197781
-0.443442
-0.248650
-0.704874
-0.712611
-0.805544
-0.648297
-0.289675
-0.145808
-1.132529
-0.152018
-0.448772
-0.230618
-0.352969
-0.134114
-0.533539
-0.009017
-0.150772
-0.930828
-0.827157
-0.316625
-0.980894
-0.272135
-0.057575
-0.045168
-0.265072
-2.171242
-0.939387
-1.571487
-0.614445
-1.275428
-0.306883
-0.555625
-1.351142
-0.005789
-0.056352
-0.262061
-0.138945
-0.347600
-0.727668
-2.828529
-1.563503
-0.244267
-0.009217
-0.104051
-0.022880
-0.355771
-0.108056
-0.592236
-0.696637
-0.279195
-0.066527
-0.658815
-0.028261
-0.287716
-0.065542
-0.633902
-0.040416
-0.177573
-1.312649
-0.478888
-0.369630
-0.536495
-0.429621
-0.074709
-0.550241
-0.117764
-0.082109
-2.416912
-0.830430
-1.114490
-0.167391
-0.538521
-0.953355
-0.289142
-0.109887
-0.214701
-0.547774
-0.887834
-0.130347
-0.223256
-0.071961
-0.681712
-0.944614
-0.939665
-0.022718
-1.991921
-0.335516
-0.221129
-0.072645
-0.282987
-0.953843
-0.082355
-0.045762
-0.000326
-0.008346
-0.675390
-1.785108
-0.031414
-0.008273
-0.125834
-0.913629
-0.080164
-0.990011
-0.147062
-0.004177
-2.430025
-0.659490
-0.050874
-1.017778
-0.168935
-0.429710
-0.046756
-1.034840
-0.823973
-0.279283
-0.223231
-0.126929
-1.241373
-0.030302
-0.041635
-0.722078
-0.117913
-0.416226
-0.007092
-0.685765
-2.612995
-0.827742
-1.757987
-0.792836
-0.070278
-0.068617
-0.894376
-0.362203
-0.124680
-0.194839
-0.017526
-1.637023
-1.724697
-1.244752
-1.341235
-0.421866
-0.084607
-0.502661
-0.011234
-1.077789
-1.534257
-0.358897
-0.506508
-0.425718
-1.106719
-0.266587
-1.154598
-0.333056
-0.279759
-0.435244
-0.776198
-0.085580
-0.560239
-1.372954
-0.276265
-0.019004
-0.299502
-0.000886
-0.126366
-0.014034
-0.232654
-0.495125
-0.510953
-0.553949
-0.182961
-0.734049
-0.811588
-0.946296
-0.093638
-0.228303
-0.161034
-0.477345
-1.140532
-1.567288
-0.616403
-0.344872
-0.470232
-0.752331
-0.063102
-1.038438
-0.536267
-0.172050
-0.020566
-0.050741
-1.270748
-0.033331
-0.032770
-0.317085
-0.569049
-0.000868
-0.173963
-0.355213
-1.171423
-0.522892
-0.003396
-0.211060
-0.070232
-0.667720
-1.297061
-0.356518
-0.103932
-0.283860
-0.515388
-0.158900
-0.326828
-1.133180
-0.803237
-0.044029
-0.125020
-0.036892
-0.045113
-2.818167
-0.373050
-0.606441
-1.132638
-0.279626
-0.141510
-0.106267
-0.630614
-1.925082
-0.853638
-0.501302
-1.613893
-0.469869
-0.019260
-0.173136
-0.000962
-1.925505
-0.167699
-0.847951
-0.114707
-0.047309
-0.041579
-0.001551
-0.501594
-0.382489
-0.278427
-0.019537
-0.094134
-1.814082
-0.054860
-0.625050
-0.577147
-0.060275
-0.649484
-0.768472
-0.676625
-0.696142
-0.764051
-0.069892
-0.679328
-0.074480
-0.949271
-1.268802
-0.155280
-0.177795
-0.107716
-0.010476
-0.032217
-1.407144
-0.867492
-0.130859
-1.099428
-0.443007
-0.649832
-0.052556
-0.515272
-0.040999
-0.503667
-0.505449
-0.526312
-0.266568
-0.045925
-0.053901
-0.848009
-0.119988
-0.501704
-1.686160
-0.699857
-0.684734
-0.040024
-1.562563
-0.244274
-0.240562
-2.025995
-0.019008
-0.984059
-0.570525
-0.067986
-0.818927
-0.308019
-0.397843
-0.006845
-0.152103
-0.423615
-0.277662
-0.003410
-1.568318
-1.033262
-1.534820
-1.959907
-0.394174
-0.764269
-0.658786
-1.066382
-0.209653
-0.903719
-0.206583
-1.924769
-0.637434
-1.049819
-1.251608
-0.516892
-0.338690
-2.391399
-0.185379
-1.147086
-1.248574
-0.832430
-1.134469
-0.304550
-0.272586
-0.816558
-0.061483
-0.620418
-1.507280
-0.009068
-0.260394
-0.916449
-0.435561
-0.108151
-0.000604
-1.430471
-0.115240
-0.282601
-0.035360
-0.187950
-0.034630
-1.065929
-0.086446
-0.059700
-1.555522
-0.069536
-0.499592
-0.068196
-0.400722
-0.997732
-1.293358
-0.043667
-0.500198
-0.228109
-0.528408
-0.696441
-0.385293
-0.201805
-0.488794
-2.060740
-0.171587
-0.969127
-0.292192
-0.505325
-0.301990
-0.375173
-0.337724
-0.000024
-0.866190
-0.760058
-1.397682
-0.379004
-1.196999
-0.363112
-1.124908
-0.060665
-0.099154
-0.081364
-0.061366
-1.223257
-0.529492
-0.327234
-0.000988
-0.906096
-0.788976
-0.875555
-0.200212
-0.143577
-0.639910
-2.072125
-0.067185
-0.029306
-1.414766
-1.357020
-0.669517
-0.125921
-0.156276
-0.048708
-0.405205
-0.573177
-0.204188
-2.385195
-0.415069
-0.902687
-0.346557
-0.612972
-0.565632
-0.007541
-0.918318
-0.005361
-0.028422
-0.095592
-1.239916
-0.074439
-0.001118
-0.003599
-0.270782
-1.109119
-0.106610
-0.059153
-0.096938
-0.213884
-0.212240
-0.824497
-1.739201
-0.102958
-0.600284
-0.054854
-0.891708
-0.294311
-0.211036
-0.660752
-0.095588
-0.168206
-0.129689
-2.861065
-0.302108
-0.101477
-0.186381
-0.075034
-0.277418
-0.017986
-0.184780
-0.234970
-0.107219
-1.066492
-0.227920
-0.002184
-1.401750
-0.086150
-0.340456
-0.229362
-0.085812
-0.336266
-0.328451
-0.024753
-1.616413
-0.183868
-0.083767
-0.094414
-1.812354
-0.033939
-1.209026
-1.238023
-0.526844
-0.157582
-0.402552
-1.524157
-0.294464
-0.057661
-0.126188
-0.028427
-0.221515
-0.205214
-0.055816
-0.535074
-0.282293
-0.002336
-0.722619
-0.620062
-1.885917
-0.266944
-0.124130
-0.146309
-0.312135
-0.590350
-1.087661
-0.762686
-0.207079
-0.525735
-0.058321
-0.413664
-0.035649
-0.501494
-0.108994
-0.034856
-0.129054
-0.539948
-0.273181
-0.085188
-0.433866
-0.072408
-0.658372
-0.414746
-0.128374
-0.134653
-1.453320
-0.531904
-0.904081
-0.471596
-0.139820
-0.501934
-0.547258
-2.674834
-0.116014
-0.873341
-0.500954
-0.359041
-0.140673
-1.242570
-0.328139
-0.492063
-0.076077
-0.116147
-0.759354
-0.265665
-0.925290
-0.005021
-0.751974
-0.198567
-0.224627
-0.641663
-0.536220
-0.722443
-0.203109
-0.646843
-0.333226
-0.001837
-0.198630
-0.020387
-0.016403
-0.008509
-0.420353
-0.084685
-0.831524
-0.747313
-1.429817
-0.139196
-0.408853
-0.207657
-2.160742
-2.153646
-1.116841
-0.101838
-0.014007
-0.036868
-0.000738
-0.030249
-0.178942
-0.025071
-0.505332
-1.750824
-0.984343
-0.029047
-0.285218
-0.182669
-0.253471
-0.756530
-1.266578
-0.445250
-2.169717
-0.219468
-1.413448
-0.176968
-0.184514
-0.687897
-0.888428
-0.376822
-0.275101
-0.698246
-0.240134
-0.249087
-1.931757
-0.003810
-0.006437
-0.015125
-1.362577
-1.088939
-0.106845
-1.523817
-0.091799
-0.031545
-0.002309
-0.269078
-0.721222
-0.049158
-0.675378
-0.898706
-1.320887
-0.944332
-0.126416
-0.872989
-0.679558
-0.333773
-0.013617
-0.159768
-0.319935
-0.051838
-0.161064
-0.116429
-0.966777
-0.079758
-0.882762
-0.996112
-0.055856
-0.715214
-0.714443
-0.618031
-0.298177
-0.111334
-0.977871
-0.001392
-0.614111
-0.005428
-0.559802
-0.083294
-1.327956
-0.912527
-0.339120
-0.965644
-0.039680
-0.551278
-0.088107
-0.258255
-0.509154
-0.424379
-1.323772
-0.280122
-1.162659
-1.390880
-0.111702
-0.439220
-0.045486
-0.027350
-0.902869
-1.559494
-1.264636
-0.785240
-0.153222
-0.189021
-1.201211
-0.879531
-0.231456
-0.644967
-0.734871
-0.877368
-1.295838
-0.131708
-0.523879
-0.005206
-0.829832
-0.740826
-0.158881
-0.292117
-0.058625
-1.119706
-0.892256
-0.357073
-0.033568
-0.050731
-0.113758
-0.601845
-1.022971
-0.968597
-2.344903
-0.019108
-0.809768
-0.388502
-0.023864
-0.521504
-0.323220
-0.389361
-0.143464
-0.042456
-0.004398
-1.392260
-0.613279
-0.278795
-0.199630
-0.099427
-0.128463
-0.190102
-0.250955
-0.049460
-1.298584
-0.048976
-0.080676
-0.007573
-0.046218
-0.254955
-0.154883
-0.034717
-0.441160
-0.868485
-0.175940
-0.623855
-0.126400
-0.960538
-0.092095
-0.265004
-0.122317
-0.003882
-0.101408
-0.442232
-0.129614
-0.272168
-1.443803
-0.348748
-1.990542
-0.026021
-0.198391
-0.264463
-0.160533
-0.213047
-0.193998
-0.954348
-1.616451
-0.293063
-0.051737
-0.318550
-1.020628
-1.149135
-0.195467
-0.804168
-0.060651
-0.099461
-1.547878
-0.824500
-0.547783
-1.185773
-0.317336
-0.509150
-0.723055
-0.150791
-0.877082
-0.014955
-0.814647
-0.294825
-1.586074
-0.045035
-0.164202
-0.047296
-0.405103
-0.624163
-0.669189
-0.366464
-0.119518
-0.304865
-0.577412
-0.142918
-1.113711
-0.030062
-0.112406
-0.223466
-0.011603
-0.251058
-1.678906
-1.371370
-0.452578
-0.389121
-0.132578
-0.250960
-0.188491
-0.837906
-1.906017
-0.165642
-0.958248
-0.429794
-0.003578
-0.378043
-0.089149
-0.985680
-0.582925
-0.321420
-0.456328
-0.480533
-0.541292
-0.528317
-0.941186
-1.552401
-0.088694
-0.267696
-0.796450
-0.549818
-0.228583
-0.329055
-0.004865
-0.422558
-0.044463
-1.216964
-0.541750
-0.140815
-0.010789
-0.209789
-1.426448
-0.122290
-0.205074
-0.004087
-0.654865
-1.420300
-0.000373
-0.007531
-0.068760
-0.086556
-0.019503
-0.422511
-0.040723
-0.300520
-0.248562
-1.661125
-0.045295
-0.007001
-0.461455
-0.930517
-0.684424
-1.807937
-0.017900
-0.020802
-0.138471
-0.105486
-1.704724
-1.109623
-0.690804
-0.409436
-0.084442
-0.202129
-1.128140
-0.686172
-0.524219
-0.254833
-0.829878
-0.538201
-1.034315
-0.084252
-0.899451
-0.429079
-0.912662
-0.226142
-0.303298
-0.167273
-0.077051
-0.448077
-0.962557
-0.503399
-0.174055
-1.416800
-1.730102
-0.126025
-0.114955
-0.033878
-0.506558
-0.697896
-0.083945
-0.219979
-0.004888
-0.194344
-0.015069
-0.022743
-0.010386
-0.001680
-1.995084
-0.012136
-1.505644
-0.824752
-0.184077
-0.285065
-0.068879
-0.181618
-1.109332
-0.150133
-0.410649
-1.556636
-0.407397
-0.148042
-0.058048
-0.098300
-1.452726
-0.383909
-0.430339
-0.002126
-0.437109
-0.025166
-0.317841
-0.141549
-1.138615
-0.660038
-2.377304
-0.544410
-0.211692
-0.345231
-0.096307
-0.741752
-0.814502
-1.246567
-0.357202
-0.383803
-0.536069
-0.478570
-1.057227
-0.096447
-0.203399
-0.197672
-0.215544
-0.005498
-0.880098
-0.080961
-1.443162
-0.330367
-1.026295
-0.486263
-0.581553
-0.065401
-0.216539
-0.019817
-0.169615
-0.406041
-0.097255
-1.150029
-0.076968
-0.020457
-0.233287
-0.340438
-0.054982
-1.193890
-0.283122
-2.492511
-0.863191
-0.205562
-0.979417
-0.960139
-0.120713
-0.857436
-0.432904
-0.871252
-1.529027
-0.944494
-1.063008
-1.050535
-0.200841
-1.229570
-0.055825
-0.036570
