-0.190909
-1.998962
-0.393759
-2.006293
-1.265159
-1.004259
-1.137412
-0.255854
-0.917060
-1.253620
-0.871332
-0.598560
-2.687043
-1.004393
-2.296815
-0.517255
-0.493341
-0.259884
-1.153289
-0.960740
-0.368257
-0.555914
-2.230776
-3.044439
-0.435875
-0.873555
-0.049585
-0.934628
-0.351429
-0.028269
-0.531087
-0.847545
-1.479287
-0.397141
-2.159459
-4.734839
-1.265047
-0.815271
-0.952575
-0.801244
-3.906878
-0.723663
-0.590257
-0.030551
-2.364437
-0.606820
-1.647968
-0.481187
-2.729169
-1.448197
-0.068153
-1.469279
-0.661205
-0.768624
-0.896282
-2.489298
-1.141567
-0.832560
-1.935245
-1.284751
-1.368286
-0.704599
-0.791569
-0.070058
-1.491153
-2.566832
-0.318340
-0.100565
-0.829275
-0.541971
-0.218351
-0.412987
-0.555074
-0.739582
-0.024093
-0.539039
-0.215164
-2.025776
-2.164694
-1.094737
-1.042877
-1.218826
-1.219813
-0.161828
-3.092473
-0.480505
-1.779626
-0.293404
-0.389611
-0.471104
-0.365559
-3.125751
-0.831570
-1.906351
-1.216839
-0.697960
-1.637085
-0.710102
-1.247686
-0.689149
-0.883298
-0.712833
-0.998586
-0.651355
-0.183589
-0.693879
-0.589372
-5.020910
-0.072399
-0.353558
-1.165502
-0.414727
-2.956589
-0.856394
-3.261269
-2.119913
-0.263332
-0.035288
-0.763624
-1.015803
-0.136279
-0.224603
-0.215148
-1.580581
-0.154392
-0.362501
-0.569404
-0.156900
-2.171761
-0.906763
-0.879663
-0.427100
-1.073646
-1.429306
-3.603093
-1.316690
-1.647708
-0.027442
-0.731596
-0.806857
-0.694915
-3.346515
-1.381466
-3.668742
-1.488068
-1.742862
-0.454917
-0.030076
-0.685370
-0.771063
-1.671232
-0.090064
-3.920826
-3.241164
-1.523760
-2.407134
-0.018592
-1.002517
-2.504887
-0.295908
-1.452682
-2.101880
-0.398747
-1.843024
-0.895974
-0.074882
-0.968386
-0.164100
-1.822339
-1.765598
-0.632049
-1.818130
-0.108632
-1.563308
-1.177035
-0.229107
-2.942509
-1.834985
-0.356431
-0.045694
-2.785170
-0.031155
-3.831658
-0.533520
-0.505346
-1.421373
-0.220639
-0.589026
-0.576286
-0.100780
-0.180396
-1.422933
-0.334132
-0.754628
-0.891382
-0.973791
-0.331768
-2.914498
-0.230921
-1.436079
-0.225986
-0.393596
-0.662397
-1.384586
-2.466965
-2.503736
-1.005005
-0.354040
-2.754261
-0.106168
-0.051123
-0.615369
-0.234359
-0.762158
-0.184465
-1.466257
-1.961772
-0.100994
-1.998478
-0.256029
-0.851799
-0.519476
-0.536463
-0.517195
-3.533791
-2.688825
-0.079694
-0.970024
-1.554414
-0.571580
-1.564862
-0.290684
-0.116843
-0.099246
-0.591784
-0.393160
-0.830466
-0.134726
-2.680290
-0.091965
-0.339748
-2.925290
-2.995089
-0.388069
-0.108630
-0.172315
-0.562892
-0.986645
-1.971096
-0.757389
-1.958033
-0.547285
-1.367694
-2.166450
-0.960044
-2.846412
-0.776181
-1.028964
-0.443473
-0.092236
-1.545105
-1.265252
-0.999448
-0.530472
-0.637634
-0.780442
-1.889482
-1.318632
-0.972786
-0.341343
-2.621430
-1.003019
-1.623512
-1.537736
-0.266193
-1.461946
-0.025679
-1.117004
-0.543364
-2.265147
-0.356284
-1.047232
-0.196036
-0.602474
-0.364402
-1.103818
-1.045974
-0.388408
-0.516239
-0.831129
-0.724007
-0.989143
-1.489953
-0.423387
-0.170616
-2.862197
-1.939829
-0.789381
-1.715851
-0.543596
-2.507186
-1.482176
-1.857363
-0.084177
-0.650303
-1.679385
-0.636420
-2.087917
-2.341633
-0.296208
-1.142209
-1.663412
-0.602077
-1.296072
-1.243455
-1.144913
-0.052922
-0.268226
-0.944784
-1.024382
-0.536216
-0.406408
-4.518883
-2.636224
-3.588464
-3.657232
-1.170293
-1.212465
-0.806839
-0.228737
-0.187761
-0.198627
-0.883354
-0.866695
-0.903381
-0.115404
-2.673289
-0.164984
-1.454748
-4.125610
-1.931810
-0.316002
-0.546152
-1.524744
-1.925500
-0.076719
-0.552918
-1.696865
-0.428134
-0.300364
-1.044504
-0.253208
-0.316357
-0.322440
-0.505103
-0.230687
-0.948919
-3.802715
-0.203037
-0.108742
-0.226595
-0.470686
-0.530518
-2.084190
-1.339713
-0.238669
-0.114436
-1.058469
-0.652164
-4.641198
-0.440620
-0.291624
-1.888409
-0.497104
-2.531178
-0.482906
-0.138399
-0.214155
-0.855952
-2.001734
-2.470164
-0.544976
-0.218517
-0.954087
-0.199612
-1.116310
-1.348711
-0.190029
-0.257617
-0.680619
-0.067087
-0.632462
-1.780237
-2.530600
-2.283713
-2.472504
-0.459280
-5.302502
-0.698666
-0.891141
-0.155382
-2.104786
-1.696627
-0.947414
-0.198686
-0.890842
-1.503963
-0.762863
-2.248955
-0.014433
-2.029585
-1.057687
-2.105011
-0.096809
-0.524363
-0.159501
-0.161967
-2.501937
-2.314278
-0.368368
-0.239112
-0.459487
-0.400693
-0.656035
-2.092554
-1.222765
-1.169136
-1.630899
-2.258950
-1.937172
-0.257063
-0.622550
-1.156019
-2.697213
-0.170954
-0.660647
-2.098085
-0.224884
-0.754220
-2.727204
-0.230010
-0.059435
-1.817893
-1.850130
-0.528203
-0.664409
-1.914478
-0.831717
-0.207955
-0.058405
-0.166312
-0.398631
-1.772839
-0.308876
-0.784271
-0.482352
-1.354983
-0.976233
-1.202804
-0.316365
-2.207382
-0.803499
-0.011395
-0.115319
-2.274381
-4.132333
-2.992161
-1.449562
-2.913539
-1.087645
-0.289084
-0.660207
-0.527357
-0.261730
-1.044563
-1.053288
-1.134836
-0.167665
-0.011082
-0.635886
-1.383461
-1.860537
-0.440316
-2.072689
-0.401222
-1.911162
-2.547090
-0.802300
-3.752745
-4.695882
-1.213365
-1.054181
-0.038800
-0.487817
-0.292158
-1.652500
-1.602860
-1.900583
-0.289874
-1.093854
-1.556053
-0.047576
-0.211400
-0.662585
-0.208532
-2.366825
-1.669493
-2.287369
-0.236703
-0.056592
-2.373895
-1.019675
-0.530251
-2.541892
-1.741227
-0.391359
-0.862942
-0.020508
-0.535129
-0.163485
-3.243404
-1.341553
-0.516109
-0.392782
-1.647922
-2.637763
-1.344655
-2.583727
-0.252538
-2.459937
-1.079211
-0.545433
-1.128494
-0.191775
-0.966985
-0.737868
-2.246390
-3.874359
-0.202968
-0.747088
-0.389331
-0.030128
-0.045595
-1.248040
-0.447539
-0.052814
-0.731204
-0.872373
-1.919827
-0.221385
-0.626463
-0.278655
-1.900522
-2.158249
-0.349046
-0.932836
-1.884683
-1.216914
-1.954567
-2.089016
-3.323548
-2.587886
-0.404786
-0.952670
-1.107092
-3.953952
-1.227490
-0.834312
-2.903115
-1.484999
-1.545681
-1.634426
-1.354890
-0.108761
-0.040366
-0.749637
-0.197359
-1.352792
-1.303888
-0.997241
-0.106844
-0.195899
-1.456545
-0.346350
-0.094760
-0.284585
-1.969265
-0.538260
-3.769968
-1.074705
-2.881388
-1.301977
-1.339423
-0.152141
-0.022340
-0.097389
-0.562574
-0.154558
-1.767560
-0.400809
-2.338026
-0.846509
-2.022367
-1.845942
-1.935825
-2.457798
-0.106336
-0.342361
-0.335555
-0.146257
-0.251959
-1.795196
-2.018716
-0.065930
-0.253187
-0.706432
-1.790250
-3.137406
-3.097587
-1.408045
-1.218354
-0.105292
-0.009797
-0.407501
-0.175787
-1.373332
-1.179378
-1.033994
-1.871015
-0.730013
-2.763825
-0.106147
-0.529698
-2.176486
-0.068195
-2.455111
-1.256522
-1.898278
-1.546914
-0.861187
-0.050657
-1.343459
-0.379772
-1.079596
-0.023809
-1.810793
-0.712700
-0.022860
-2.450075
-1.301633
-0.038655
-3.171916
-2.014126
-5.794244
-1.358715
-1.559064
-1.202975
-1.654515
-0.898287
-0.952413
-3.145399
-0.472098
-1.539883
-0.831637
-0.169537
-0.430014
-1.221349
-0.943969
-0.321666
-0.835180
-0.492274
-0.495936
-1.461791
-1.372162
-1.256674
-0.699918
-0.091859
-4.313535
-2.544998
-0.314372
-0.855512
-3.147339
-1.431014
-0.258993
-0.875428
-0.563311
-0.244539
-0.150472
-1.348436
-0.047627
-0.083384
-0.654326
-2.489370
-2.546469
-0.364202
-0.049205
-2.685597
-1.060968
-0.301089
-3.077339
-0.411560
-1.516001
-0.551209
-0.702088
-0.439780
-0.995706
-0.466936
-1.043824
-0.125369
-5.112757
-0.498810
-0.350712
-0.091667
-0.642054
-1.674365
-0.186440
-0.471986
-2.045272
-5.070945
-2.931695
-1.435277
-1.387488
-1.937538
-0.167517
-0.479988
-0.056761
-0.580051
-0.692547
-0.322115
-0.057770
-0.601698
-1.520083
-2.235422
-0.125200
-0.065549
-0.054517
-0.377239
-0.780433
-0.917485
-0.099010
-1.045525
-2.416186
-2.887603
-0.685319
-1.474386
-0.003305
-0.963956
-0.322537
-1.201332
-0.380105
-0.158682
-1.724236
-1.408037
-0.405008
-0.112099
-2.783380
-1.535361
-0.579483
-0.045208
-1.671798
-0.372197
-0.047533
-1.367609
-0.164555
-1.260343
-0.276769
-0.509777
-0.926513
-0.508225
-0.183195
-1.696571
-0.273786
-0.077952
-0.292156
-3.180821
-1.375288
-0.465652
-0.247465
-3.288391
-1.291444
-1.235101
-0.013497
-4.454094
-0.376063
-0.358725
-1.636960
-1.306837
-0.118321
-2.010915
-0.671119
-1.180702
-0.955825
-0.935266
-0.532741
-3.387613
-0.681501
-0.566204
-1.053350
-0.406016
-2.777999
-1.561173
-0.643320
-0.750134
-3.341373
-1.014275
-0.623681
-0.973962
-0.269774
-0.471123
-0.324833
-0.298148
-1.078894
-1.730605
-0.982037
-0.315924
-0.015374
-1.859189
-0.055510
-0.349456
-1.713070
-1.195993
-2.096201
-0.818116
-0.695238
-0.508504
-1.256346
-0.404781
-3.002389
-0.267372
-1.499282
-1.322018
-0.797122
-0.794159
-0.342371
-2.833980
-0.452897
-0.192446
-1.557525
-1.779248
-0.391490
-2.769473
-0.848211
-0.970787
-1.957108
-0.198455
-0.965901
-0.987505
-1.427560
-1.285393
-1.544056
-2.425235
-1.224588
-0.369889
-1.729033
-1.549453
-0.500594
-0.313455
-0.375359
-0.338179
-1.810632
-0.289332
-0.102855
-0.218908
-0.185355
-2.155194
-0.136911
-0.257275
-0.051155
-3.060600
-1.957795
-0.922934
-0.129469
-0.441898
-0.401017
-1.607677
-0.751228
-1.150744
-0.107968
-3.155188
-0.058594
-0.271607
-1.783828
-1.029197
-2.484938
-1.088124
-0.776374
-0.036653
-1.174839
-1.340491
-0.306690
-2.443689
-1.469761
-0.339331
-1.988200
-1.882077
-1.337577
-0.898560
-0.162513
-0.091847
-0.183561
-5.439191
-0.406098
-1.786274
-1.267459
-4.461573
-1.463645
-0.833270
-1.682085
-0.265535
-3.203147
-2.532198
-0.322213
-1.187507
-0.915322
-0.174435
-1.853685
-0.297103
-0.353939
-0.036636
-0.572157
-0.868251
-1.090737
-1.557402
-0.814709
-0.441242
-0.130453
-0.955235
-3.516154
-0.003622
-1.637517
-0.359332
-0.244913
-1.023807
-0.410692
-0.501565
-2.844913
-0.398865
-1.340619
-0.815684
-1.523625
-1.051772
-2.371242
-0.468797
-3.563612
-2.660640
-0.838367
-0.200488
-0.811234
-1.623630
-3.220607
-1.272172
-0.730906
-0.196279
-1.715500
-0.015707
-0.572345
-1.440151
-0.470749
-0.460268
-0.394915
-1.527301
-0.354140
-0.233500
-1.630112
-1.685545
-1.183479
-2.122726
-1.320313
-0.886880
-0.664097
-0.415186
-1.087148
-0.377204
-0.296194
-0.240866
-0.696836
-2.895910
-0.550554
-0.064190
-1.100663
-1.170689
-1.793438
-0.813528
-0.078648
-2.150562
-0.440093
-0.181216
-1.376062
-0.978216
-1.141859
-0.094159
-2.038781
-0.949937
-0.607555
-2.036952
-2.298876
-0.753919
-0.617714
-0.607841
-0.648095
-0.585871
-0.701768
-0.018192
-0.023848
-2.538450
-0.117100
-1.301033
-0.167232
-2.164633
-0.433062
-0.659873
-1.992247
-0.695773
-1.142689
-0.358149
-1.134892
-0.125072
-0.493271
-0.979645
-1.778878
-3.693738
-1.165747
-0.533256
-1.683948
-1.293598
-1.419861
-0.387610
-0.292091
-0.157104
-1.412333
-0.150537
-2.913473
-0.522476
-1.841253
-0.625963
-0.488903
-0.911676
-1.623759
-0.810509
-1.881259
-0.231649
-0.705929
-2.310276
-2.682564
-0.587246
-1.439792
-0.461526
-0.370542
-2.001518
-1.466490
-0.023842
-2.693284
-3.244432
-3.363930
-0.401010
-1.708055
-5.556173
-0.293194
-3.134254
-1.428947
-2.683008
-0.671293
-0.653615
-0.141335
-1.676973
-0.576087
-0.116696
-0.252559
-0.188112
-2.096747
-0.790646
-0.136321
-0.083204
-1.640025
-3.557868
-0.193127
-0.147971
-0.878575
-0.394010
-1.938426
-0.103766
-1.066900
-2.253939
-0.070416
-0.334401
-0.096264
-1.935974
-1.410715
-0.390784
-0.378863
-3.463633
-0.254825
-1.647350
-0.367235
-0.080744
-1.607557
-0.476791
-2.117719
-0.906893
-1.655060
-0.100002
-2.104528
-0.073686
-2.970299
-2.218795
-0.137251
-0.072042
-1.124875
-1.080098
-0.205303
-1.511415
-0.162474
-0.993370
-2.272498
-0.595276
-1.227824
-1.011894
-1.317350
-1.208341
-1.214113
-0.379214
-1.297408
-0.267932
-1.336083
-0.386090
-0.644117
-1.408454
-0.151798
-0.437676
-1.152096
-1.211556
-0.224719
-0.495101
-0.271001
-1.186120
-0.197003
-0.055216
-0.394184
-0.430332
-1.734481
-1.205010
-2.064277
-0.372498
-0.824550
-0.539914
-0.259190
-0.231355
-0.764748
-0.893654
-0.141656
-0.023254
-0.216806
-0.815465
-0.409600
-0.256819
-0.160369
-0.046175
-0.551882
-0.423462
-1.300392
-0.624648
-0.451246
-0.379091
-0.391612
-0.585908
-2.302384
-1.528057
-0.299480
-3.528734
-0.705802
-3.357110
-2.395603
-0.655652
-0.698086
-0.439144
-1.214290
-1.017216
-2.137876
-1.695277
-3.205796
-0.392626
-1.325779
-0.150544
-0.362874
-1.383748
-1.381576
-2.134295
-3.116143
-0.560124
-0.506544
-0.063143
-0.497576
-2.011989
-0.640057
-1.424359
-3.803854
-2.998215
-0.926033
-1.537404
-4.330941
-0.512873
-0.880015
-5.652703
-3.671175
-0.284464
-0.668133
-0.055985
-2.252538
-0.365226
-1.540288
-0.468907
-0.242558
-0.308094
-0.357615
-1.479895
-0.563072
-3.152306
-0.235397
-0.557941
-1.137485
-0.067899
-0.027383
-1.120075
-2.986324
-1.810922
-0.367702
-0.473213
-1.688025
-0.811774
-1.165726
-0.171081
-1.722024
-1.155622
-2.543152
-1.491689
-1.212728
-0.235437
-0.171608
-3.407169
-1.017399
-1.357169
-0.455101
-1.140887
-0.628616
-1.138184
-0.951308
-0.138715
-1.834760
-1.609456
-0.514513
-1.436946
-1.121670
-2.314319
-2.515243
-0.120667
-0.357060
-0.431707
-3.333185
-1.985300
-1.059811
-2.836698
-0.842009
-1.206928
-0.810573
-0.008448
-0.376223
-0.127515
-0.694150
-0.280973
-1.310499
-0.034396
-0.548893
-2.300834
-2.616362
-0.034760
-0.989893
-0.187461
-1.452279
-1.676237
-0.227411
-0.753898
-0.600135
-0.887639
-1.947049
-0.255434
-0.208120
-0.167584
-0.703782
-0.694095
-0.744380
-0.248334
-0.891714
-0.191506
-3.045621
-1.495480
-1.156997
-0.864661
-0.410143
-1.796229
-0.826742
-0.875276
-1.572154
-2.439519
-0.644807
-0.352472
-0.684935
-0.182788
-0.458618
-0.463111
-1.721648
-0.995368
-1.010381
-0.421796
-2.874805
-2.353615
-0.560602
-1.287532
-0.739280
-0.426318
-1.419390
-1.621573
-0.832592
-0.091153
-1.728420
-0.410602
-1.192521
-2.142326
-1.072844
-1.056751
-1.141534
-1.224577
-0.736505
-0.932376
-0.287130
-2.713786
-1.140606
-5.271765
-2.290039
-1.284059
-1.134862
-1.300722
-1.050854
-1.861244
-1.259880
-0.600544
-0.928145
-2.837020
-2.344688
-0.874554
-2.000444
-0.362228
-0.714510
-0.349735
-1.926466
-0.572324
-0.122965
-1.051377
-0.188998
-0.701365
-2.689268
-0.483390
-0.000281
-2.483754
-0.600198
-0.445724
-1.232030
-0.287014
-1.772109
-0.541021
-0.130674
-0.163702
-0.331799
-0.466036
-0.081482
-0.094332
-0.467068
-3.333575
-0.019937
-1.981328
-0.021397
-1.655809
-1.306689
-1.804669
-0.894065
-2.894970
-2.185829
-0.874014
-0.913947
-2.099366
-2.708419
-0.492533
-1.066771
-0.112179
-0.574662
-1.685047
-2.698348
-0.626172
-0.758954
-2.237960
-0.202180
-1.131413
-2.042893
-1.094549
-0.036600
-0.217434
-0.569801
-1.436677
-0.025669
-0.962818
-1.757138
-0.592577
-0.996619
-0.261982
-1.808643
-0.265422
-0.861825
-0.864264
-0.702364
-1.699178
-0.489418
-0.803472
-0.456273
-1.915064
-0.575962
-2.174843
-1.651035
-0.447320
-0.299173
-1.250760
-0.008671
-0.012006
-1.340282
-1.149226
-2.455042
-1.287876
-1.214526
-0.673710
-5.847843
-1.075726
-2.408940
-0.831823
-0.521123
-0.188500
-1.603886
-0.242271
-0.886867
-0.053717
-0.478924
-1.810333
-3.206083
-5.438351
-2.441372
-0.310157
-1.312739
-2.421281
-0.461420
-1.177348
-3.553473
-0.048237
-3.493000
-0.638389
-0.331571
-2.060993
-0.080551
-0.820997
-0.053871
-2.759612
-0.055990
-0.190625
-0.206536
-1.369770
-0.489476
-0.402463
-4.059625
-0.015396
-3.933301
-1.694416
-0.386569
-2.994285
-0.545215
-0.391519
-0.016730
-2.127867
-0.536302
-2.640434
-0.824230
-0.802849
-0.136199
-1.380864
-1.878481
-1.679051
-0.984767
-0.605257
-0.558358
-0.480751
-0.650737
-0.941510
-0.330487
-0.342716
-1.327315
-0.642300
-0.276262
-0.720774
-0.425916
-0.143030
-3.301436
-0.818673
-0.018645
-2.245398
-3.715098
-0.973971
-3.397060
-0.932945
-2.263161
-2.583718
-1.046774
-0.357713
-0.167424
-2.488971
-0.378221
-0.631340
-0.726544
-0.325216
-3.057778
-0.450068
-0.569605
-0.076996
-2.056672
-0.219362
-1.371206
-1.754598
-1.470566
-0.614033
-0.585291
-0.065243
-0.190218
-1.311327
-0.031492
-0.403506
-0.358500
-1.034129
-0.564375
-0.126097
-1.445091
-0.485507
-0.030227
-0.991106
-0.304641
-0.018785
-0.334393
-1.479573
-0.312148
-0.317875
-0.870342
-2.487485
-1.393294
-0.905162
-0.375879
-1.374739
-0.367903
-0.421250
-1.795865
-0.882396
-0.799584
-1.181387
-2.117510
-1.117825
-0.766404
-1.498291
-0.164732
-2.029534
-0.746093
-0.334050
-0.425257
-1.997259
-3.500156
-1.429998
-0.061983
-2.076760
-1.241493
-0.077833
-0.142412
-2.791431
-1.651230
-1.544633
-0.905466
-0.878012
-1.656296
-0.920093
-0.572341
-1.465327
-0.405764
-1.762130
-1.097726
-0.914268
-0.815923
-2.549498
-0.488225
-0.348956
-0.307068
-1.576800
-1.533278
-2.356470
-1.712539
-1.817529
-0.701770
-0.474743
-0.698150
-1.696163
-0.651099
-0.125487
-3.812629
-0.359326
-0.856413
-2.009761
-0.065065
-0.765372
-0.886986
-1.465990
-1.258434
-1.280430
-0.994706
-1.656147
-0.239921
-1.073213
-0.468178
-1.411478
-0.912673
-2.250926
-3.460552
-0.784306
-2.541783
-0.885865
-1.888584
-0.979106
-2.085429
-2.449359
-0.939944
-1.012518
-0.775070
-0.146489
-0.905242
-0.072039
-0.894807
-0.215268
-0.160116
-0.182657
-1.041895
-0.289707
-0.583453
-0.647060
-0.195304
-2.603132
-1.134208
-0.504631
-0.384855
-0.171571
-1.524192
-2.060903
-1.473159
-0.382928
-0.911978
-1.367446
-2.144762
-0.388109
-0.481069
-3.113561
-2.012394
-1.061925
-0.436207
-0.157509
-1.783172
-1.940691
-1.318059
-1.593961
-0.462552
-1.206006
-0.012251
-0.771316
-1.097366
-0.293179
-1.326278
-1.192301
-3.145071
-1.011973
-0.642950
-0.834056
-0.089665
-2.478080
-1.606632
-3.377745
-1.010436
-0.189236
-0.157952
-3.232268
-0.317307
-1.550544
-0.428292
-0.540887
-0.198807
-0.622869
-2.368640
-1.124961
-0.475114
-0.160464
-0.262848
-1.145451
-0.215278
-1.274102
-0.705948
-2.918770
-4.048630
-0.246857
-1.149663
-0.233560
-0.309297
-1.869808
-3.066322
-2.211398
-0.567441
-1.782431
-0.039363
-0.869850
-0.017582
-0.435629
-0.668633
-0.509156
-0.467478
-0.781215
-0.834877
-0.141329
-0.701595
-1.185378
-0.791371
-1.214306
-0.165112
-0.833267
-0.370980
-0.110289
-0.238531
-0.486710
-0.006210
-1.103970
-1.300377
-0.255193
-0.934925
-0.403444
-0.319309
-0.852848
-1.447809
-1.315483
-0.092241
-0.087817
-1.378485
-0.106677
-0.273936
-1.156611
-3.910822
-2.404996
-0.569444
-0.050679
-1.507296
-0.198574
-1.424566
-0.004033
-1.216622
-1.542828
-0.168898
-0.983126
-0.087121
-0.071573
-1.660089
-1.326792
-0.532991
-1.572289
-1.399328
-2.003025
-2.172864
-0.594937
-0.119575
-1.558624
-1.672189
-2.499837
-0.540434
-0.297488
-0.501370
-0.453551
-1.085557
-1.088390
-0.053926
-0.472076
-0.143874
-0.422718
-0.640314
-0.293545
-0.871722
-4.309301
-0.683429
-0.674318
-1.192696
-0.118546
-2.230191
-0.704624
-0.527343
-0.133080
-0.669335
-0.252014
-1.612368
-0.021857
-4.296832
-0.012938
-1.534158
-0.804572
-0.836953
-0.421840
-1.700348
-1.619253
-0.349754
-3.359656
-0.243854
-1.471257
-1.764088
-0.561721
-3.725707
-0.210067
-1.112136
-3.211730
-0.155204
-0.703868
-3.694757
-0.007321
-1.166270
-1.685382
-1.388658
-0.395141
-1.083967
-3.109246
-1.446643
-0.611237
-1.160545
-0.620453
-2.342852
-0.310048
-0.225390
-0.666330
-0.121615
-0.024238
-0.437453
-0.466631
-0.057264
-1.110006
-0.557193
-0.285632
-1.290688
-2.231410
-0.212920
-0.004729
-0.006711
-0.995797
-0.200857
-0.007579
-0.502020
-0.128072
-0.639691
-1.208395
-0.392791
-0.121853
-0.066392
-0.782752
-0.185302
-1.563005
-0.563287
-2.231058
-1.763507
-0.239345
-2.245783
-1.070055
-1.055857
-3.318270
-0.124325
-0.604344
-0.261173
-0.228710
-0.047615
-0.120840
-0.296254
-1.005865
-0.774014
-0.603714
-0.810834
-1.871734
-0.976299
-0.681297
-1.098357
-0.416956
-0.001833
-0.331105
-1.166792
-0.247203
-0.225807
-0.082039
-0.390155
-0.552712
-0.193957
-1.485964
-0.141059
-0.442105
-0.143683
-2.230240
-0.639856
-3.544092
-1.656216
-0.780248
-0.450022
-1.672960
-0.163274
-0.537811
-2.149430
-1.560069
-1.420592
-2.375901
-1.093213
-1.220771
-1.027646
-0.985434
-0.197338
-0.349853
-2.087943
-0.876158
-0.762320
-0.462488
-0.455062
-1.167953
-1.098371
-3.595189
-0.516567
-0.862321
-2.253730
-0.384107
-0.628936
-1.595790
-0.670562
-1.280782
-0.002703
-2.571987
-0.803774
-0.043326
-2.696843
-0.393227
-3.830257
-1.351897
-0.654168
-1.155886
-2.182197
-1.329508
-0.590059
-0.751107
-0.117645
-2.727197
-0.168168
-0.034111
-0.769289
-1.582736
-2.087203
-0.607926
-0.641425
-0.690900
-1.895734
-1.262812
-0.221840
-0.263242
-0.016212
-0.672183
-0.260088
-1.510026
-0.662356
-1.000681
-0.452907
-2.206861
-1.328614
-3.714282
-3.659601
-0.420770
-0.253751
-1.457820
-1.317104
-1.175586
-1.934057
-0.944011
-1.167855
-1.026207
-2.730194
-0.053139
-0.299793
-0.912572
-2.233004
-0.178691
-0.232526
-0.897930
-5.488250
-0.158219
-3.085059
-0.680088
-1.126957
-0.117872
-0.310982
-0.050852
-0.373228
-1.108135
-0.425933
-1.872677
-0.642167
-0.741379
-0.594675
-0.599089
-1.702650
-0.658949
-0.008046
-0.053043
-2.075950
-2.790118
-1.070049
-0.372853
-1.877030
-3.090089
-1.961024
-0.468425
-1.771973
-3.003895
-0.076834
-1.268555
-1.189767
-0.425854
-1.291235
-1.085014
-1.979114
-3.216079
-0.590910
-2.024646
-2.305672
-0.594152
-0.839781
-2.757565
-0.302857
-1.345841
-0.275586
-0.336911
-1.498338
-0.113535
-0.478455
-0.349704
-0.316474
-2.119928
-0.575415
-0.475231
-0.654818
-1.687578
-0.215835
-4.388293
-0.754894
-1.263408
-3.752171
-4.730613
-2.102383
-1.679505
-0.056037
-1.752652
-1.586500
-0.895503
-0.687814
-0.365499
-1.834292
-0.166150
-0.644561
-0.184588
-0.980185
-1.944798
-0.212512
-0.699495
-1.549116
-0.385756
-5.146613
-2.562157
-0.216680
-0.281859
-2.075465
-0.118060
-0.445215
-1.011386
-0.456204
-2.372835
-0.086373
-0.203309
-0.009726
-1.854058
-1.229449
-0.206389
-0.506460
-0.124976
-0.733487
-0.932078
-4.107866
-0.323110
-0.665413
-0.971204
-1.264947
-1.640533
-0.297388
-0.772737
-0.281810
-1.764678
-0.948784
-2.801925
-1.460106
-1.709502
-0.027242
-0.032659
-0.051887
-1.645374
-1.076910
-1.106196
-2.848906
-1.000313
-1.926819
-1.352921
-0.753759
-0.047548
-0.109244
-1.931074
-3.080428
-0.490422
-1.392785
-0.641536
-1.675930
-1.154033
-0.383653
-0.611258
-0.411395
-0.456703
-4.117409
-0.464295
-2.236053
-2.536486
-2.269524
-2.267990
-1.963460
-0.791152
-1.182396
-1.555147
-0.530786
-0.035744
-0.241039
-0.472396
-2.175954
-0.752709
-0.773638
-0.354140
-0.540045
-0.363375
-1.682171
-0.215339
-0.464968
-2.834450
-0.198961
-0.554540
-0.814739
-0.399673
-1.580986
-1.454250
-0.171184
-1.132860
-0.610644
-0.073645
-0.835571
-0.583471
-0.300777
-0.788838
-0.239479
-0.650012
-0.494791
-4.655672
-0.730265
-1.078168
-1.993623
-1.583137
-0.092165
-1.786047
-0.121729
-0.129243
-0.066949
-0.029387
-1.123906
-0.106874
-0.011577
-0.172807
-0.362042
-2.274268
-2.224749
-0.576425
-1.699914
-0.006727
-0.589665
-0.842928
-1.163592
-2.267577
-1.122517
-0.045171
-1.276400
-0.116073
-0.078067
-2.287516
-0.445382
-2.519977
-0.883378
-0.000267
-1.055769
-2.041478
-0.233404
-0.327253
-0.059108
-0.466760
-2.183139
-3.698951
-0.391494
-1.687033
-1.413990
-0.702027
-0.096814
-1.070956
-1.078324
-1.549810
-0.302397
-1.960725
-0.922278
-0.418690
-0.515293
-1.246731
-1.383131
-0.134475
-2.396412
-1.550278
-1.437577
-0.009671
-0.121931
-0.300526
-1.396393
-0.247477
-2.633364
-1.378222
-0.845480
-2.072029
-0.304231
-1.040352
-0.307941
-1.252157
-1.567053
-0.359985
-1.044994
-2.895679
-2.409246
-1.130455
-0.510197
-1.240620
-1.718932
-1.910326
-0.727167
-0.502130
-0.778993
-0.610063
-1.053340
-3.295476
-0.419705
-0.223848
-1.082850
-1.092518
-0.383755
-0.031021
-4.223422
-0.683384
-1.412812
-2.627713
-0.611193
-1.212064
-0.635545
-1.111781
-1.662736
-0.131324
-1.246821
-1.132896
-0.377137
-1.960161
-0.402684
-1.328959
-0.731043
-0.427815
-1.214152
-3.706561
-0.691450
-0.807993
-1.360652
-0.863854
-1.020050
-0.707546
-1.896872
-1.506562
-1.439537
-1.229997
-0.108164
-1.490121
-1.090955
-0.714580
-1.614504
-1.076513
-1.738240
-1.369639
-3.458557
-2.665552
-1.472518
-1.755781
-1.045380
-1.283055
-2.533348
-2.072769
-0.532083
-1.381169
-1.218196
-0.131090
-0.117997
-0.785733
-0.020471
-0.631288
-0.215390
-0.792742
-0.338938
-0.347834
-1.272036
-0.443892
-0.932898
-0.447703
-2.116188
-1.390136
-0.898659
-0.485334
-0.993263
-1.948901
-3.945860
-0.252277
-0.716273
-0.475266
-0.825152
-0.351559
-3.320222
-3.113061
-1.417197
-1.073946
-0.370418
-0.384261
-0.925922
-0.021919
-0.555464
-0.482562
-0.431839
-0.783519
-0.024988
-0.569979
-0.563878
-0.713061
-0.321457
-0.244209
-0.296286
-1.643448
-1.777401
-0.154690
-1.584722
-0.209121
-1.865608
-0.655218
-2.469302
-1.826119
-2.491934
-2.658702
-0.130161
-1.421102
-0.065454
-1.644263
-1.569519
-1.436041
-1.879422
-3.294110
-0.195307
-1.557502
-1.885345
-4.154903
-0.569650
-1.808084
-0.587056
-2.417378
-2.147707
-0.114151
-0.585099
-2.494283
-0.476373
-0.254817
-2.545007
-0.879731
-0.750710
-0.771831
-0.201939
-0.155029
-0.539533
-0.011542
-0.543744
-0.124116
-1.183086
-0.023408
-1.428441
-0.577977
-2.698386
-0.671975
-3.051028
-2.569798
-1.864966
-0.740968
-3.556150
-0.118383
-1.286167
-0.112099
-0.612937
-0.646576
-1.918042
-0.424532
-0.315416
-1.704353
-0.834892
-3.389143
-0.353780
-0.187341
-2.320732
-0.796518
-0.518110
-2.002910
-0.641350
-0.846140
-0.215320
-0.084370
-0.436976
-0.805341
-0.439406
-0.023214
-0.149857
-4.294363
-0.601197
-0.011172
-1.958776
-1.254210
-0.036331
-2.634032
-0.033575
-0.593977
-0.357263
-0.619225
-1.129375
-1.759529
-0.353106
-1.049225
-1.083913
-3.257099
-1.044172
-2.336463
-0.389351
-0.577537
-1.018796
-0.013411
-0.588083
-0.769480
-1.105487
-0.416968
-2.259067
-1.710764
-0.077999
-0.343176
-0.649393
-1.791991
-0.140827
-1.371791
-0.577035
-1.718588
-1.012237
-2.356960
-2.343092
-1.550900
-1.982308
-0.745672
-0.837063
-0.553807
-0.284051
-0.500774
-1.347066
-1.873994
-0.509545
-1.023255
-0.909555
-0.748358
-0.560207
-0.984907
-1.991885
-0.622083
-1.857578
-1.700415
-2.927640
-1.200713
-0.818089
-1.483762
-2.038398
-0.391593
-1.466106
-2.508297
-0.095610
-0.179256
-1.453490
-0.197643
-2.001296
-1.338936
-0.198821
-1.735465
-1.877652
-1.274891
-1.765382
-1.785674
-0.651112
-0.032962
-0.001644
-2.643032
-0.998527
-0.680059
-0.277659
-2.080661
-0.085900
-0.552688
-1.314411
-0.700695
-1.189628
-0.050534
-0.577587
-0.375411
-1.329805
-1.301708
-3.728542
-0.171085
-1.033324
-0.021891
-1.445567
-1.382087
-0.239751
-0.722032
-1.608536
-0.656178
-0.945393
-1.775626
-0.070492
-0.620990
-0.333761
-0.809342
-0.988867
-1.831358
-2.055705
-5.114265
-2.561043
-1.384764
-0.377735
-0.945176
-1.857976
-0.766543
-0.038394
-1.421858
-1.063581
-1.624507
-0.447934
-1.413127
-0.066756
-0.689175
-1.470270
-1.125251
-1.411828
-0.602894
-0.054493
-2.082193
-1.192937
-1.272759
-0.403725
-1.569071
-1.682819
-1.971065
-1.152593
-0.471491
-0.779208
-2.428406
-0.920095
-1.894449
-1.500759
-0.568294
-1.086642
-2.300040
-0.567918
-1.308300
-1.056213
-1.024113
-0.105193
-0.289985
-1.377356
-0.308269
-0.857870
-0.627143
-0.006769
-0.781105
-0.441919
-2.064756
-1.887341
-2.551118
-0.519524
-1.144633
-2.818589
-0.836658
-0.126736
-0.342315
-2.801108
-0.814082
-0.867872
-0.622456
-0.524157
-1.233373
-0.320093
-0.161702
-0.176022
-1.836524
-0.106718
-0.689111
-0.174061
-1.063056
-0.348259
-0.245795
-0.416195
-1.210451
-0.000023
-1.434998
-0.672252
-0.653638
-0.105935
-0.727340
-0.514432
-0.077879
-2.005620
-1.309362
-1.127759
-1.370551
-0.811839
-0.585948
-0.457845
-1.200612
-2.489361
-1.724863
-2.443087
-0.618313
-0.946854
-2.925444
-1.181037
-2.546391
-2.130099
-0.362170
-0.036725
-0.117406
-0.554074
-3.100972
-0.634019
-0.352045
-1.934263
-1.594694
-0.927632
-1.031449
-4.486671
-0.632721
-3.055864
-0.971173
-0.388608
-1.328637
-1.328768
-1.678657
-2.016718
-2.304854
-1.150384
-1.005148
-0.378431
-1.042588
-0.448003
-3.180353
-0.341745
-2.005682
-1.202988
-0.886407
-0.181982
-0.559253
-0.380315
-0.370926
-0.615280
-2.119641
-2.720171
-0.045372
-0.728389
-3.031886
-5.373338
-2.468109
-3.165283
-0.652704
-0.594661
-1.370494
-1.088735
-0.432187
-0.158230
-1.519359
-1.037208
-0.500542
-0.021794
-0.808733
-0.141162
-3.746453
-0.073457
-0.799113
-1.095819
-5.347292
-1.098941
-1.872556
-0.700058
-1.100624
-0.065500
-1.557806
-0.273435
-0.726152
-0.183932
-3.158698
-0.991200
-2.208173
-1.452954
-1.357101
-3.057058
-0.054566
-3.100317
-3.442514
-1.211386
-0.668677
-1.678536
-0.919536
-0.628875
-3.824216
-0.994384
-1.949094
-0.885605
-2.366261
-0.134267
-1.253078
-1.952444
-1.026620
-0.553996
-0.983926
-1.429359
-0.240116
-2.821262
-0.056202
-0.256800
-0.396404
-0.403349
-1.328041
-0.525409
-0.686588
-1.561835
-1.002660
-0.285652
-1.636149
-2.077369
-0.643920
-0.088405
-1.952870
-0.664626
-0.023740
-0.224732
-1.276753
-0.734166
-2.747804
-1.835890
-2.858392
-3.152722
-0.108044
-1.739598
-0.935900
-0.866811
-1.088471
-2.688649
-1.100962
-1.936586
-1.513795
-3.361721
-1.894123
-0.559476
-1.630066
-1.934455
-3.438635
-0.879884
-0.954089
-0.423646
-1.546209
-0.895989
-0.198159
-0.299269
-1.594014
-0.386490
-1.656650
-0.592695
-1.594089
-0.060128
-0.447680
-0.163118
-1.499515
-1.331113
-0.889529
-0.288734
-0.359377
-3.571174
-1.698465
-0.254558
-0.453141
-0.187473
-0.340521
-1.206731
-0.442326
-1.141225
-0.412276
-0.844860
-0.035255
-0.358018
-1.455003
-2.165817
-0.013573
-0.496825
-0.141610
-2.616566
-3.690251
-1.519419
-0.181397
-0.870470
-0.065641
-0.716604
-2.563191
-0.264167
-0.500975
-0.043837
-1.114411
-0.245851
-0.730204
-1.122214
-1.411402
-1.781852
-0.530456
-2.565004
-2.054174
-0.530176
-2.127946
-2.574927
-0.554497
-2.418905
-2.472355
-0.618532
-1.030031
-3.882966
-0.671377
-0.647674
-2.067308
-5.111887
-0.211217
-0.705594
-0.197598
-2.965495
-1.297452
-0.968685
-0.963100
-3.986705
-0.283097
-0.341971
-1.776537
-1.799778
-2.693263
-0.294309
-0.756454
-0.592109
-0.873730
-0.604501
-0.017412
-1.990137
-1.587679
-1.344553
-0.361978
-1.160885
-0.244620
-3.350309
-0.410965
-1.522045
-0.208571
-0.614073
-2.274676
-0.494073
-0.873947
-0.905820
-0.645639
-0.140801
-0.166275
-1.051434
-1.234529
-2.486398
-0.770561
-1.020868
-0.261690
-2.258340
-0.307319
-1.002587
-0.405766
-0.219869
-1.017672
-0.087031
-0.952840
-0.431128
-1.936662
-0.867862
-0.212895
-0.886316
-1.217975
-0.193537
-0.009354
-1.729311
-2.329111
-2.253937
-0.650258
-0.808293
-2.348480
-0.044210
-0.863660
-0.749851
-0.149212
-2.782609
-1.930478
-0.278064
-0.895700
-6.040236
-2.270237
-1.443522
-1.557552
-0.001570
-1.741936
-0.330252
-2.270480
-0.621089
-0.353595
-0.029000
-0.076477
-1.803015
-2.469085
-0.800744
-0.549180
-1.439288
-0.140533
-1.125582
-2.275553
-3.412148
-3.945777
-2.441929
-1.777495
-0.194363
-1.075931
-2.082167
-0.866051
-3.734460
-2.719544
-0.231169
-0.909504
-0.979216
-0.192593
-1.265296
-3.329493
-1.101203
-1.139234
-0.565302
-0.400469
-1.203909
-0.464997
-1.869343
-1.185622
-1.566107
-4.011093
-1.322594
-0.610757
-0.427223
-1.233240
-0.870904
-0.736997
-1.413200
-1.542142
-0.051995
-1.888849
-0.824767
-0.771287
-0.361148
-0.904634
-1.845474
-2.788297
-0.977681
-3.786193
-1.850931
-1.380427
-1.100160
-0.411587
-1.340634
-1.782176
-1.141888
-3.137188
-2.031080
-0.826023
-1.515401
-0.527170
-0.936895
-0.246603
-1.706360
-0.145323
-0.246462
-0.707048
-0.455624
-3.062465
-0.254638
-0.723865
-0.994557
-1.285064
-0.307179
-1.446128
-0.960507
-2.007691
-0.304490
-1.246965
-0.459050
-1.755294
-1.569227
-1.810257
-0.374565
-0.253344
-1.661158
-1.930049
-3.652629
-0.095888
-0.920656
-1.481164
-3.086645
-0.849283
-0.014111
-1.267710
-0.108228
-0.592144
-0.403179
-0.352646
-0.243353
-2.195539
-0.392386
-1.447512
-1.273299
-0.586797
-0.518374
-2.664587
-0.026675
-1.421147
-1.808467
-0.040680
-0.182489
-2.311492
-0.389150
-1.403016
-1.097965
-0.164379
-0.233671
-0.114456
-0.637494
-0.185181
-2.459039
-0.578948
-0.865162
-0.389158
-1.416683
-0.602455
-2.461240
-1.215367
-4.166206
-2.692085
-0.984376
-0.846213
-0.701763
-1.130522
-1.418100
-0.442447
-2.123278
-1.506038
-0.982427
-1.073482
-1.127982
-1.750001
-1.871985
-1.382756
-1.401959
-0.295974
-0.926881
-0.021619
-0.107957
-0.217728
-0.342646
-0.034603
-0.207095
-4.178942
-1.187726
-0.746165
-1.066913
-0.322427
-1.486063
-0.025690
-1.280914
-2.369885
-3.278066
-0.446074
-1.069899
-0.073464
-1.442841
-0.746882
-0.778860
-0.314430
-1.672880
-0.955517
-1.079479
-2.477520
-0.104070
-2.495962
-0.790685
-0.508553
-1.750535
-2.714144
-0.391821
-0.969726
-0.975794
-1.581803
-0.108890
-0.862181
-2.402059
-0.380850
-1.791209
-1.520776
-2.254382
-0.050272
-0.576754
-0.445315
-0.757977
-1.912871
-3.386787
-0.896611
-0.406800
-1.789133
-0.967202
-3.666991
-2.253149
-0.102728
-0.203200
-3.787556
-0.519056
-2.723962
-1.752090
-1.174397
-1.692404
-0.082378
-1.014927
-1.530310
-0.928883
-1.880627
-1.714975
-2.265783
-0.351851
-0.165342
-4.071023
-0.931554
-0.923428
-1.248922
-0.060778
-0.314804
-1.586723
-0.237386
-0.753538
-0.619504
-1.284660
-1.090176
-1.302448
-0.098794
-0.204143
-0.006151
-0.196655
-1.531420
-1.351925
-2.823298
-0.590116
-0.897750
-0.333497
-3.743232
-1.226209
-0.679743
-2.303538
-0.702906
-1.744244
-1.543631
-1.835706
-0.690449
-0.069691
-0.306954
-2.195973
-0.226849
-0.778132
-2.379474
-0.459337
-0.819801
-1.326277
-0.031298
-2.204493
-0.890484
-0.401020
-0.845477
-0.404567
-1.704252
-2.791481
-0.124122
-0.584983
-1.539464
-0.348327
-1.622622
-1.273044
-0.529133
-2.381171
-0.975678
-0.127337
-1.319375
-1.757527
-0.276704
-0.006243
-0.485375
-2.175977
-0.872241
-0.608900
-1.482207
-0.917513
-2.853462
-0.155990
-0.399356
-1.362398
-0.663093
-0.389157
-0.284247
-0.859797
-0.763367
-0.787960
-1.629492
-2.054707
-0.407913
-2.076518
-0.304672
-1.225331
-0.566225
-1.810453
-0.413028
-1.387867
-0.228290
-0.707720
-4.343554
-1.323302
-0.484230
-1.186843
-0.006726
-2.440735
-0.402533
-0.590343
-0.097756
-0.437332
-0.448457
-0.006444
-0.269745
-1.979842
-0.015468
-2.141308
-1.133689
-0.044620
-1.872497
-1.288599
-1.938165
-2.552184
-0.761060
-0.735835
-0.672591
-0.083005
-2.650179
-0.043804
-0.483253
-0.129207
-0.744447
-1.440761
-0.470130
-0.270257
-0.497890
-1.163242
-0.475145
-1.401635
-0.198217
-0.138775
-0.874008
-3.450722
-0.509500
-2.115808
-0.149937
-4.965463
-1.526757
-0.833216
-1.256011
-0.501278
-0.310433
-2.206802
-2.940646
-0.091649
-0.417829
-1.001926
-0.692622
-2.347900
-1.661020
-0.758884
-2.530678
-1.302862
-0.324435
-2.081686
-1.974873
-0.521342
-1.194210
-0.285601
-0.011186
-2.182209
-0.073639
-0.975325
-0.427220
-1.528787
-0.914491
-0.701146
-1.125164
-0.622082
-1.195680
-1.435135
-2.189484
-0.049554
-0.500477
-0.936825
-0.014853
-0.330337
-3.047742
-0.451010
-0.259237
-1.964291
-1.974343
-0.326839
-0.490869
-1.355918
-0.466394
-0.149350
-1.204679
-1.775474
-0.437953
-0.282539
-1.944560
-1.410341
-0.757960
-0.480137
-0.333405
-0.398607
-0.582984
-0.220904
-3.241133
-1.236867
-1.611364
-1.013208
-3.488680
-1.763457
-0.534400
-0.129250
-2.106649
-3.990962
-0.086325
-1.180218
-0.322956
-0.629611
-1.750914
-3.006672
-0.827769
-0.982955
-0.092786
-3.234482
-0.302464
-1.761343
-0.228239
-2.349903
-0.450344
-0.287188
-0.336557
-0.821058
-0.659270
-0.225521
-0.040994
-1.248707
-1.377271
-1.663106
-0.333522
-0.972230
-0.293661
-2.741764
-3.398631
-0.817032
-1.596647
-0.962436
-0.340458
-0.737879
-0.113485
-0.097099
-1.847669
-0.959684
-1.569749
-0.609394
-2.015297
-1.053433
-0.182654
-1.203686
-0.141672
-1.339610
-2.023752
-0.302572
-4.050039
-2.111411
-0.188351
-0.359518
-0.949611
-0.302971
-0.533142
-0.925147
-2.046325
-0.365223
-0.299920
-2.751923
-1.358761
-1.807212
-2.188654
-0.447370
-0.238955
-0.277878
-4.498795
-0.674487
-1.366888
-2.028260
-0.104641
-0.016521
-0.115294
-0.326075
-2.192411
-0.755143
-1.230109
-0.025201
-0.652291
-1.516931
-0.277483
-0.054801
-0.413900
-0.537356
-0.302523
-0.058398
-0.427063
-0.593816
-0.664456
-0.518366
-1.406264
-1.592862
-0.238632
-2.179304
-0.206558
-0.927449
-1.738581
-0.071571
-2.172908
-2.236830
-0.130360
-0.670434
-2.374765
-1.364869
-1.579815
-0.754319
-0.118980
-1.619262
-3.382448
-4.141989
-0.008272
-0.268641
-1.213776
-1.969659
-0.578902
-0.418586
-0.871699
-0.442979
-1.218315
-0.032894
-0.064196
-3.272995
-0.219935
-0.994819
-0.608448
-1.288057
-0.384693
-0.485144
-3.585370
-0.247149
-0.355477
-0.581433
-1.240095
-0.320039
-0.380455
-2.061410
-3.935044
-1.291915
-1.460654
-0.421828
-1.804855
-3.377957
-0.491480
-3.015859
-1.538554
-1.077240
-0.497265
-1.142318
-2.069756
-0.792172
-1.850074
-2.301189
-0.742149
-0.099083
-0.088152
-1.055436
-1.994483
-0.670336
-0.231517
-2.620192
-0.599752
-1.225027
-0.859962
-1.461719
-1.407180
-0.752165
-0.805786
-0.268081
-2.269902
-0.719522
-0.719701
-0.229856
-0.495909
-1.474624
-3.038013
-0.127903
-0.019928
-0.795609
-0.037917
-0.484411
-1.792415
-1.569833
-0.718883
-0.847287
-0.038435
-0.703836
-0.097528
-0.063736
