-1.526338
-3.707854
-0.330880
-0.051305
-3.805107
-0.600491
-2.000536
-1.320226
-0.097313
-2.824305
-0.232733
-5.783821
-7.120408
-2.669638
-2.187966
-3.322670
-0.154815
-2.758371
-5.168240
-2.794884
-4.527463
-1.341316
-0.456140
-1.401816
-0.338074
-0.078355
-3.544703
-0.344127
-1.280373
-1.089485
-2.692407
-3.252786
-2.658299
-0.397994
-6.648311
-0.316060
-1.785857
-4.027216
-2.333917
-3.328957
-0.182066
-2.536375
-0.119804
-0.591934
-2.745946
-0.945570
-1.407867
-2.148567
-0.888537
-0.228362
-1.938580
-0.383461
-1.015180
-4.487061
-0.260498
-3.039265
-0.444916
-6.344997
