-6.029500
-5.560452
-1.060641
-1.512653
-4.596567
-5.378025
-0.879360
-0.680244
-2.949617
-0.754765
-2.304446
-0.719697
-0.452257
-2.012818
-1.258741
-0.056555
-1.749573
-0.952840
-0.322647
-3.022784
-1.372835
-0.097079
-0.237621
-0.482141
-1.402263
-1.305879
-2.095714
-1.621857
-0.265901
-1.198207
-0.195046
-1.833390
-2.656852
-2.002757
-0.568380
-0.911393
-0.087739
-5.591222
-1.784873
-3.440341
-0.088772
-0.308875
-1.279280
-1.235755
-2.847513
-0.369950
-0.468411
-1.089215
-0.519899
-2.264029
-2.409324
-5.461177
-3.610616
-1.003123
-1.222227
-2.597380
-1.087973
-1.782385
-0.875271
-3.178732
-0.873073
-1.353501
-1.063768
-0.352613
-1.082716
-2.940291
-0.983436
-1.509021
-0.778694
-7.530402
-0.888288
-0.154722
-2.593725
-0.373108
-3.464014
-3.358378
-1.870907
-0.193016
-3.170931
-0.324429
-0.578121
-0.027474
-4.354920
-0.585372
-0.322410
-4.254533
-1.583293
-0.025073
-1.142387
-2.275594
-2.642309
-0.117866
-0.558345
-3.525160
-3.942954
-0.935339
-0.105734
-0.839461
-0.499016
-1.879611
-1.852492
-4.827709
-3.232985
-2.701366
-1.223518
-0.113947
-0.881489
-2.259673
-3.166229
-1.327413
-0.784428
-2.150178
-2.132015
-0.442685
-1.476520
-0.706517
-2.268315
-6.918967
-3.104559
-0.378636
-1.381950
-1.799540
-0.409457
-0.264345
-1.013867
-0.235626
-0.932774
-0.473915
-0.910453
-0.226272
-1.945625
-0.412941
-0.482583
-1.559079
-0.145049
-0.200245
-1.475626
-0.223980
-2.251722
-1.642361
-1.066883
-1.534310
-1.313998
-1.401138
-0.763767
-2.122704
-0.087806
-2.152114
-0.912080
-0.477369
-0.136283
-2.454057
-0.762180
-1.044045
-1.511850
-0.445814
-0.169542
-0.747302
-0.215842
-0.634187
-3.694607
-2.743837
-0.642063
-0.153128
-0.544614
-3.007387
-0.825027
-3.149877
-3.640429
-0.410821
-3.861551
-3.508492
-0.330056
-0.551587
-3.332462
-0.814163
-1.361029
-2.802714
-0.757307
-0.018632
-0.051644
-2.713855
-2.016438
-2.736358
-2.310435
-2.087916
-2.284397
-0.594926
-1.640454
-2.617911
-4.214520
-0.064879
-0.655929
-1.076285
-0.500989
-0.912790
-0.345010
-0.313816
-0.287948
-2.878070
-3.183904
-0.735293
-5.802725
-1.198536
-4.103150
-2.643394
-0.572967
-4.449381
-0.330053
-1.439755
-0.750202
-1.194607
-1.172099
-0.585636
-0.685625
-2.627649
-1.093085
-3.521122
-0.680570
-0.186010
-2.793169
-0.417974
-1.433176
-1.453972
-0.259772
-0.224714
-0.407166
-1.106011
-3.539728
-2.174506
-1.063866
-1.979468
-6.036117
-0.157288
-2.112565
-3.415274
-0.537907
-0.133972
-0.287972
-0.565606
-0.753307
-0.518761
-1.183742
-2.144678
-1.290172
-2.357209
-1.531873
-0.165551
-0.178641
-2.103406
-1.072550
-0.378158
-1.988620
-0.051923
-3.372789
-3.752622
-0.022123
-0.185315
-2.047470
-3.108765
-0.287903
-2.909881
-0.240977
-0.795025
-0.973425
-0.521844
-3.855297
-2.450832
-3.177335
-0.905578
-0.568812
-1.195757
-4.515581
-0.216317
-0.784379
-7.081978
-2.033580
-1.321425
-4.736667
-2.546074
-0.674028
-7.578788
