-1.313645
-3.486590
-0.557044
-7.872228
-2.167784
-0.075084
-0.962181
-2.686100
-0.265569
-3.042156
-3.146835
-0.865073
-0.721243
-2.136557
-0.950252
-5.941476
-5.325358
-0.211492
-0.024100
-0.076283
-0.660015
-1.185950
-1.825249
-1.762383
-0.990034
-0.935922
-0.201124
-2.296245
-4.530256
-1.862493
-0.916931
-1.528023
-5.754562
-5.037977
-0.879786
-0.770682
-1.093383
-2.766787
-2.085930
-1.851880
-4.451100
-1.222249
-1.903932
-2.197628
-0.721091
-1.010810
-5.853609
-1.799491
-0.205495
-0.137209
-3.285608
-0.037116
-7.561123
-2.274572
-0.142868
-6.859056
-0.659756
-1.325448
-1.099358
-0.683957
-1.879719
-0.709086
-3.937161
-0.359591
-1.443948
-1.709914
-1.633715
-0.183654
-2.922411
-2.592988
-0.866348
-0.081510
-1.127545
-0.738253
-0.448775
-0.574582
-0.663301
-2.032051
-0.355092
-0.928197
-0.540831
-0.116098
-0.819755
-1.228765
-4.119577
-1.339278
-0.207218
-3.553127
-0.602201
-0.345226
-0.028332
-2.189832
-0.189397
-1.646664
-0.450890
-1.081964
-1.175174
-0.005032
-0.440970
-1.098156
-3.621487
-1.506001
-2.114192
-0.001944
-0.278172
-3.961311
-4.464387
-0.141756
-0.291650
-1.257136
-1.161654
-1.468819
-2.567330
-0.194651
-0.477974
-1.148569
-0.636894
-1.794301
-2.216002
-1.467105
-0.570531
-0.571709
-1.165482
-2.640533
-1.036464
-5.293816
-0.673911
-6.135740
-1.623083
-2.151005
-0.062588
-3.536150
-1.862309
-1.509718
-0.296169
-0.824740
-0.406972
-4.960736
-1.760708
-2.085063
-3.451774
-1.098636
-1.056699
-4.706749
-0.975022
-2.446504
-1.931649
-3.551901
-0.111283
-0.001703
-0.177295
-1.007069
-0.443367
-0.958597
-0.578524
-0.532895
-2.646329
-3.545561
-0.989010
-1.497773
-1.275867
-5.076355
-0.150971
-0.470481
-2.169934
-0.255181
-1.309772
-0.303875
-2.640630
-0.035096
-2.240600
-0.905745
-0.120214
-2.710854
-0.239795
-1.386200
-0.397765
-0.407394
-1.341901
-2.327534
-0.883857
-1.341751
-2.009750
-1.069900
-2.586785
-2.318770
-1.346668
-4.028039
-1.861426
-0.003138
-3.765084
-0.902083
-0.939728
-1.796069
-1.052111
-1.131543
-3.233455
-0.448064
-0.901201
-1.791277
-4.553137
-0.372508
-0.723627
-0.408312
-0.859549
-0.643143
-3.586477
-0.152222
-0.515052
-0.136366
-0.293999
-0.336268
-2.794666
-7.211273
-0.421005
-1.775982
-2.025197
-0.472561
-1.522849
-4.465293
-1.376713
-1.830382
-0.406378
-1.701370
-1.175493
-0.457276
-2.572054
-0.302532
-2.965446
-0.279016
-1.816456
-1.482221
-0.457536
-2.725390
-6.019010
-6.007391
-0.740242
-1.818659
