-2.690216
-0.009048
-0.406295
-0.532257
-0.060435
-0.489246
-1.347319
-0.017969
-0.472890
-0.216098
-0.548332
-1.062310
-1.131274
-0.212271
-0.520397
-0.340858
-0.754034
-0.369475
-0.718746
-0.877003
-0.346737
-1.508333
-0.519224
-1.479701
-0.298444
-0.256198
-0.908604
-0.266659
-0.308710
-0.928016
-0.673426
-1.274555
-1.550794
-0.134496
-0.804118
-0.344746
-0.338724
-0.368994
-1.066572
-1.031708
-1.312603
-0.509887
-0.692542
-1.281597
-1.569020
-0.366256
-0.539000
-0.114838
-1.752046
-1.607451
-1.371543
-1.010499
-0.004652
-0.532461
-0.984272
-0.676005
-0.110772
-1.762519
-0.645043
-0.718818
-0.041239
-0.471255
-1.167898
-0.444077
-0.089519
-0.024973
-0.175796
-0.503916
-0.878002
-0.640814
-0.222534
-0.338645
-0.510082
-0.274806
-0.834123
-0.131184
-0.042293
-1.184682
-1.203052
-1.576673
-1.574532
-0.246591
-1.453648
-0.264641
-0.919432
-0.234256
-1.297878
-0.246276
-0.392164
-0.064197
-1.380170
-0.541046
-1.890891
-0.996305
-1.012253
-0.063731
-0.894917
-0.952412
-0.173245
-0.270807
-1.135726
-1.715167
-1.238496
-1.097132
-0.293492
-1.272058
-0.465271
-1.446151
-0.153800
-0.105634
-0.437604
-1.542894
-0.118956
-2.065555
-0.772871
-0.513237
-0.695867
-0.276517
-0.235709
-1.747838
-1.642687
-2.160354
-0.934475
-0.137880
-0.642346
-1.467643
-0.865629
-1.066003
-0.720294
-0.925066
-1.502148
-0.791722
-0.146187
-1.350066
-0.831119
-0.931626
-1.295432
-0.204018
-1.533963
-0.476827
-0.125180
-1.264346
-0.356157
-2.374169
-0.501066
-2.253037
-0.027834
-1.138535
-0.243138
-1.016924
-0.521507
-0.067093
-1.264108
-0.594407
-0.282402
-0.485833
-0.906377
-0.562561
-0.375953
-0.928046
-0.545297
-0.820218
-1.185307
-1.150318
-0.586714
-0.490488
-0.862462
-2.348131
-1.045203
-0.786565
-1.778996
-0.408693
-0.052911
-0.530030
-2.010227
-0.425586
-0.028069
-0.990862
-1.612418
-0.838453
-0.472562
-0.112661
-0.044294
-0.453941
-0.845708
-0.300560
-0.267729
-1.020571
-0.500180
-0.421294
-0.457241
-1.021612
-0.323190
-0.569825
-0.705494
-1.367881
-0.998757
-0.959656
-1.707861
-1.837592
-1.198081
-1.708291
-0.921556
-0.557824
-0.694026
-0.732145
-0.442596
-0.653827
-0.344989
-0.314893
-0.757571
-0.297102
-0.413887
-1.225226
-0.155420
-0.605447
-0.726147
-0.394287
-2.016828
-0.989959
-1.057545
-0.047391
-0.387697
-0.038943
-0.529274
-2.692635
-0.705719
-1.659142
-0.140372
-1.506999
-0.312877
-0.718344
-0.388554
-0.507640
-0.111153
-0.648914
-1.044623
-0.150835
-0.147874
-3.104948
-0.264246
-2.140671
-0.607998
-0.064784
-0.015910
-0.150429
-0.708482
-0.936042
-0.823233
-0.235257
-0.592462
-1.294479
-0.938349
-1.504506
-3.809665
-0.479307
-1.411813
-0.660501
-1.858331
-0.230356
-1.465244
-0.935024
-0.253640
-0.547879
-0.045690
-0.387662
-1.174598
-0.721841
-0.199911
-0.494812
-0.127832
-0.048738
-1.114023
-1.075495
-0.025870
-0.767629
-0.840163
-0.503041
-1.631102
-0.260679
-1.128020
-0.141661
-3.043694
-0.814324
-0.400039
-0.740496
-2.139009
-0.325726
-1.038690
-0.602989
-1.128687
-0.823046
-0.409771
-0.646813
-1.220130
-0.747245
-0.246684
-0.189901
-2.754565
-0.510804
-1.429444
-1.676813
-0.363354
-1.286025
-1.451762
-1.687541
-1.037540
-1.087727
-0.128737
-0.197815
-0.264431
-1.216597
-0.689810
-0.850417
-0.520252
-1.269367
-0.272305
-0.425570
-0.336539
-0.476048
-0.623868
-0.199197
-1.793651
-0.256012
-0.900328
-0.442894
-0.306748
-0.387127
-0.089623
-0.235174
-1.109677
-0.300203
-1.499794
-0.606691
-0.885362
-0.382522
-0.008067
-1.166773
-0.361536
-0.982438
-0.524449
-1.354975
-1.098773
-0.423974
-1.210138
-0.253208
-2.081321
-0.650414
-1.068367
-0.364712
-0.571672
-0.147308
-0.951116
-1.106657
-0.162355
-0.372985
-0.002084
-0.667508
-0.641756
-1.502040
-0.993383
-0.523891
-0.488826
-0.506560
-0.102812
-0.678367
-0.339578
-0.359004
-1.332491
-0.356718
-0.418269
-0.134355
-0.091787
-0.560522
-0.156805
-0.397913
-0.266039
-0.422212
-0.358548
-2.754714
-0.844302
-0.482648
-0.026571
-0.841249
-0.376634
-1.862213
-0.418449
-0.347627
-1.581586
-0.082052
-0.009769
-0.405293
-1.654784
-0.342044
-0.213149
-0.548971
-0.889798
-0.613587
-2.084489
-1.477427
-1.293954
-1.562597
-1.041107
-0.585213
-1.589944
-0.429985
-0.804637
-0.108426
-1.344451
-0.777904
-1.932160
-0.170007
-0.128009
-1.153338
-0.238558
-0.846459
-0.043900
-0.315015
-0.236912
-0.244805
-2.715880
-0.547857
-0.323691
-1.404153
-0.096018
-0.418718
-1.175999
-0.797252
-1.018578
-0.126992
-0.215392
-0.291089
-0.056898
-1.079507
-0.391077
-0.013101
-0.094261
-1.793010
-0.234271
-0.630020
-0.873293
-0.382435
-0.271880
-0.360135
-0.626318
-1.853733
-0.859357
-1.401210
-0.010129
-0.320332
-1.998839
-0.188800
-0.098766
-0.044929
-1.066186
-1.247231
-0.187745
-0.529484
-0.019696
-0.714945
-0.125588
-1.442175
-0.374768
-0.652218
-0.291020
-0.390008
-1.186463
-0.095987
-0.031642
-0.639547
-0.629027
-0.366359
-1.724780
-0.689489
-0.021986
-0.764594
-1.715993
-3.033150
-0.189612
-0.033681
-0.144119
-0.564902
-0.644567
-0.641047
-0.321042
-2.343076
-0.879215
-0.490329
-0.380807
-0.606831
-0.320240
-0.183741
-1.136871
-0.665641
-1.351826
-0.653305
-0.280413
-0.343089
-0.345761
-1.593159
-0.304378
-1.840018
-0.851195
-0.519350
-0.144538
-0.215108
-0.397073
-0.408062
-0.027645
-2.599543
-0.198316
-1.129599
-0.307706
-0.296150
-0.506349
-1.813034
-0.012431
-0.812530
-0.135019
-2.136761
-2.497607
-0.909398
-1.307383
-1.899769
-1.074755
-0.469164
-0.472649
-0.789368
-0.355829
-0.091820
-0.105628
-1.367567
-0.743587
-0.087739
-0.045346
-0.378665
-1.241532
-0.328595
-0.186706
-1.483673
-0.528039
-0.322148
-0.384793
-2.692123
-1.033874
-0.004095
-0.269399
-0.421782
-0.129873
-2.170155
-0.752059
-1.213876
-0.383012
-0.903378
-0.390017
-0.849282
-0.076068
-0.303928
-0.784461
-0.175214
-0.629802
-0.242653
-2.431738
-0.972006
-0.014924
-0.022106
-0.817002
-0.133617
-0.455553
-0.423958
-0.399960
-0.803191
-0.201551
-0.327221
-0.031257
-0.995132
-2.534861
-0.350164
-0.370696
-0.177790
-0.216862
-0.606730
-0.952973
-0.836852
-1.495383
-0.555716
-0.043816
-0.373870
-0.560872
-2.518532
-0.252312
-0.663381
-0.415857
-0.095478
-0.979280
-0.883102
-0.470825
-0.570208
-0.124694
-1.311983
-0.643610
-0.252845
-1.618592
-0.281670
-1.001280
-0.285060
-0.257811
-1.188423
-0.247012
-1.197031
-0.084441
-3.786740
-0.129336
-0.688194
-1.084151
-1.536942
-0.596200
-1.125707
-0.422753
-1.564109
-1.075904
-0.010397
-1.841782
-1.254236
-0.716638
-0.296075
-0.392220
-0.890299
-1.021875
-0.416498
-1.672915
-1.469223
-0.339035
-0.688921
-0.547853
-0.770292
-1.273672
-0.118311
-1.188777
-2.542933
-0.036167
-0.344043
-0.227966
-0.228608
-0.088700
-1.528570
-1.704951
-0.339105
-0.848044
-0.006555
-2.771062
-1.256205
-0.293949
-0.138313
-0.057856
-1.552054
-0.285967
-0.837657
-1.948396
-0.801913
-1.224813
-1.557889
-0.213369
-0.882852
-0.287181
-0.831383
-1.200082
-1.540950
-0.538336
-1.900922
-1.172729
-1.150849
-0.146099
-0.546690
-0.947890
-0.425443
-0.426277
-0.181576
-0.134257
-1.292251
-0.612039
-1.411437
-1.025765
-0.549816
-1.575944
-0.753126
-0.456735
-0.333005
-0.906044
-1.933244
-2.245543
-0.872643
-0.603779
-0.332998
-0.233150
-1.992390
-1.806310
-0.227019
-0.927312
-0.557356
-0.441551
-0.455217
-0.381471
-1.153947
-0.609959
-1.336760
-1.043355
-0.252385
-0.149293
-0.143559
-0.018787
-2.609370
-0.081738
-0.873046
-0.110883
-0.706070
-0.635911
-0.760631
-1.759781
-0.187328
-0.216290
-0.262140
-0.180527
-1.703774
-1.147389
-1.897396
-1.560089
-0.668403
-0.315193
-0.130663
-1.081687
-0.932397
-0.240999
-0.557416
-0.049996
-1.570677
-0.378892
-2.499854
-0.059627
-0.020668
-0.530873
-0.025521
-0.436720
-1.744274
-0.083016
-0.141896
-0.200081
-0.042060
-0.595347
-1.366036
-0.804916
-0.082633
-0.205272
-0.353003
-0.804061
-1.203735
-0.975085
-0.745729
-1.132550
-1.815855
-0.435122
-0.822495
-0.467726
-1.034606
-0.452926
-0.156330
-1.075557
-0.229426
-0.560201
-0.296153
-0.753259
-1.798313
-0.940647
-1.065442
-0.638237
-0.526270
-0.308846
-1.188704
-0.313619
-0.953108
-0.409854
-0.825285
-1.048152
-0.357252
-1.879261
-0.124519
-0.252013
-1.126222
-0.048980
-0.218982
-0.306024
-1.343919
-0.294098
-0.440144
-1.368680
-0.813322
-1.025751
-1.052984
-0.304443
-1.832120
-0.028888
-0.106090
-1.003821
-0.336099
-0.707370
-0.982759
-0.985652
-0.042172
-0.099464
-1.275126
-0.478369
-2.355872
-0.299584
-0.387695
-2.080421
-0.309117
-0.180092
-0.980005
-0.834312
-1.521249
-1.400683
-0.764220
-1.419983
-0.521392
-0.007011
-0.384978
-0.470078
-0.880487
-0.821755
-0.060898
-0.126860
-0.048806
-0.901148
-1.569670
-0.355182
-1.876173
-0.379654
-0.309655
-0.141302
-0.055743
-1.549556
-0.505009
-0.853298
-0.212501
-0.391295
-2.663046
-1.380621
-0.348408
-0.627989
-0.726497
-0.341065
-0.010035
-1.682214
-0.794418
-0.217199
-0.308826
-0.395845
-0.912180
-2.071969
-0.950090
-0.121988
-0.536679
-0.052408
-1.223176
-0.894854
-0.089413
-0.553089
-1.673190
-2.887785
-1.371707
-0.477026
-0.969518
-0.203396
-0.379361
-0.295665
-0.408292
-0.205437
-0.182753
-0.715809
-0.425296
-0.283218
-0.043855
-0.625161
-0.234767
-0.083410
-0.153164
-0.661563
-0.252208
-0.357581
-1.057996
-0.038748
-0.395409
-0.617027
-0.759782
-0.562166
-0.775358
-0.394589
-0.374878
-1.046287
-0.308101
-1.364663
-1.179478
-0.290128
-0.748016
-0.808961
-1.541568
-0.424510
-0.054866
-0.267641
-0.249445
-1.221151
-1.417024
-0.038171
-0.039791
-1.638874
-0.818425
-0.171584
-0.930739
-0.035073
-0.185027
-0.108406
-0.396143
-1.942073
-1.415168
-0.695722
-0.197856
-0.110173
-1.965833
-0.114674
-1.021193
-0.393559
-1.416708
-0.334120
-0.316541
-0.821697
-0.450867
-0.595857
-0.873165
-1.281607
-0.144350
-0.750039
-0.029138
-0.147112
-0.217209
-1.118450
-0.520142
-1.429575
-1.142723
-0.089529
-0.315976
-0.903259
-0.496769
-0.833496
-0.380955
-0.820680
-0.044611
-3.431952
-0.227432
-1.625198
-1.285082
-0.115985
-0.681215
-0.281636
-1.094150
-0.153334
-0.995715
-0.238381
-1.342166
-1.151471
-1.513068
-1.503602
-0.516557
-0.732321
-0.116634
-0.630773
-0.984423
-1.218847
-1.026812
-2.178367
-0.640607
-0.901226
-0.003541
-1.674732
-0.116704
-1.013583
-2.586653
-0.602687
-0.756036
-1.519684
-1.342137
-0.024676
-0.804708
-0.590273
-0.408251
-0.957050
-0.628533
-0.453458
-0.799352
-0.576851
-0.296702
-2.274724
-0.480534
-1.081843
-0.771467
-0.042340
-0.941149
-0.371946
-1.419216
-0.105919
-0.694673
-1.385915
-0.402406
-0.977393
-0.464817
-0.620789
-0.232565
-2.385607
-1.888088
-1.901589
-0.511377
-0.278770
-0.065143
-0.355846
-1.278123
-0.294303
-0.454261
-0.626996
-0.159036
-0.334266
-1.806588
-0.859923
-3.222974
-0.907741
-0.847140
-1.011511
-1.439094
-0.134043
-0.233671
-0.198382
-0.283096
-0.646906
-1.774545
-0.062278
-0.989190
-1.037536
-0.408100
-0.155906
-0.235902
-2.341157
-1.167866
-1.575271
-1.152788
-0.418058
-1.222619
-1.163233
-0.206155
-0.893746
-0.757957
-0.247323
-0.538878
-0.179556
-1.249659
-0.893595
-2.392433
-0.649720
-0.330332
-0.057591
-1.009363
-1.894803
-1.017412
-0.674970
-1.400528
-1.375540
-1.438448
-0.681504
-0.357498
-0.474018
-0.531289
-0.379626
-1.161938
-2.266764
-0.186662
-0.499767
-1.160726
-1.673354
-1.678754
-0.170587
-0.896274
-3.032037
-0.059537
-0.419370
-1.103873
-0.606914
-1.441325
-2.175195
-0.252741
-0.518672
-0.706464
-1.338551
-0.958071
-1.393245
-1.350119
-0.150057
-0.308661
-1.118106
-0.197223
-0.358193
-1.191579
-0.605520
-1.295738
-0.255319
-1.200064
-0.736561
-0.695425
-2.249839
-0.827964
-0.205258
-0.937001
-1.114829
-0.328211
-1.528832
-1.118848
-1.263732
-1.229561
-0.781325
-0.471359
-0.483654
-0.672572
-1.693438
-0.033452
-0.882138
-0.607476
-0.586502
-0.675214
-0.714975
-0.611130
-1.581237
-0.664007
-0.011231
-0.150310
-0.381934
-0.567906
-0.657510
-0.639835
-1.087331
-0.443206
-1.576454
-0.723666
-2.573985
-0.573172
-2.846234
-0.544644
-0.195362
-0.100164
-0.296556
-1.234927
-0.845361
-1.103594
-0.624028
-0.066985
-0.290886
-0.348089
-0.945920
-0.351505
-0.655417
-0.487325
-0.117318
-0.638816
-1.835298
-0.655696
-1.950191
-0.102649
-1.359996
-3.268919
-0.908242
-0.200850
-0.066525
-0.227173
-0.354948
-2.717545
-1.808833
-0.454054
-0.315493
-0.017449
-0.701054
-0.612614
-0.526448
-1.432211
-2.598532
-1.180863
-2.512585
-0.051913
-0.420332
-0.199640
-0.374256
-1.993413
-0.869912
-0.014713
-1.423695
-1.791342
-0.111760
-1.518742
-0.919092
-0.050696
-0.621235
-0.575960
-0.421298
-0.599550
-0.400439
-1.141846
-1.373896
-0.234168
-0.002188
-2.183355
-0.805954
-2.291768
-1.141839
-0.275255
-0.895459
-0.084887
-1.382589
-1.163295
-0.097483
-1.253156
-0.042324
-1.518650
-0.003383
-1.295878
-0.356907
-0.404440
-0.955983
-0.772643
-0.055180
-0.505140
-2.118578
-0.595121
-0.813837
-0.860494
-0.111902
-0.925603
-0.417732
-0.027544
-0.231608
-0.849835
-0.732059
-0.092979
-0.513375
-0.105833
-0.431360
-0.302451
-1.803670
-0.394523
-0.467172
-0.936844
-0.354756
-0.287896
-0.617748
-0.486397
-0.555533
-1.264890
-0.222578
-0.566491
-0.937345
-2.014861
-0.007000
-0.909649
-0.121761
-0.550490
-0.018417
-0.471450
-0.908521
-0.582746
-0.587869
-0.771025
-0.945208
-0.040453
-0.948770
-0.273304
-0.857514
-1.167627
-0.707584
-0.507189
-0.535669
-0.425271
-0.063387
-0.146709
-1.559854
-1.454057
-0.834744
-0.145400
-1.656845
-1.141652
-1.258621
-0.394612
-0.095182
-1.843602
-0.989924
-1.539729
-0.556978
-0.267871
-0.411603
-1.241290
-0.661447
-0.966733
-2.049765
-0.884549
-0.998618
-0.346404
-0.116709
-0.328775
-0.040101
-0.552191
-0.214426
-0.710712
-2.139495
-0.245876
-0.181637
-0.128828
-0.948923
-1.510933
-1.312574
-0.851339
-0.931190
-2.090217
-0.637901
-0.308118
-1.527549
-1.238287
-0.869039
-0.953747
-1.471796
-0.586393
-0.984582
-0.412817
-0.678942
-0.263023
-1.226777
-0.668782
-1.581628
-0.282188
-0.912652
-0.986172
-0.816978
-0.140641
-1.650760
-0.059459
-0.608016
-0.045448
-0.184205
-0.868703
-2.483766
-0.949018
-0.850841
-1.596470
-1.022689
-0.437843
-0.819552
-2.048183
-0.806910
-0.543588
-0.302864
-0.441514
-0.834174
-0.081805
-1.339847
-0.040579
-0.000369
-0.114417
-0.754249
-2.994224
-0.678068
-0.618607
-0.092098
-2.203051
-0.049370
-0.234693
-0.086092
-0.914441
-1.802421
-0.639316
-0.033814
-0.274952
-0.998163
-0.548676
-0.276777
-0.160448
-2.219620
-1.459044
-0.740259
-0.821791
-0.782426
-0.124704
-0.432897
-0.359967
-1.807141
-1.066522
-1.997041
-0.083726
-1.334046
-1.290523
-0.890160
-1.207014
-1.457726
-0.222257
-0.550824
-0.214955
-0.254141
-0.108552
-0.714370
-0.234527
-0.803483
-1.435231
-0.008579
-1.661702
-0.900703
-0.313528
-0.417342
-2.436458
-1.381235
-0.288711
-0.162191
-0.319371
-1.460780
-1.352172
-0.688614
-0.240130
-0.555613
-0.130398
-2.029299
-0.140526
-0.101514
-1.071178
-1.024049
-1.074183
-0.153726
-0.971088
-0.116302
-0.162734
-0.743305
-1.335845
-1.876296
-0.089292
-0.247117
-0.313200
-0.923480
-1.792064
-0.038626
-0.706817
-1.093138
-1.069624
-2.953022
-0.028487
-0.509211
-0.746296
-0.406597
-3.539839
-0.626744
-0.349567
-0.010174
-0.350171
-0.450534
-2.053795
-1.431499
-0.731589
-0.672281
-1.294287
-0.355640
-1.201332
-1.216775
-0.497945
-0.400017
-1.224732
-0.602772
-1.824633
-0.347511
-1.033241
-0.976968
-0.606896
-0.094115
-0.252483
-0.247427
-0.028699
-0.006062
-0.662655
-0.851023
-0.598158
-1.500073
-1.717541
-0.785998
-0.169309
-0.704785
-0.051400
-0.676012
-0.626816
-0.183987
-0.252820
-1.749072
-0.462171
-0.165565
-0.396546
-0.247818
-0.196425
-0.092915
-0.517005
-1.702813
-1.937952
-0.225971
-0.187752
-0.012840
-1.894000
-0.696387
-0.226432
-1.108692
-0.505446
-0.594624
-2.478185
-0.888155
-0.922232
-1.355353
-1.108132
-0.697671
-0.875144
-0.401529
-0.687030
-0.483602
-0.499982
-0.173205
-1.465538
-0.592458
-1.133233
-0.626524
-0.637902
-0.331597
-0.094680
-0.053352
-0.137582
-1.001537
-0.605852
-1.530205
-0.055407
-0.285562
-0.273847
-0.738821
-0.072777
-0.617688
-0.526582
-0.865205
-0.182639
-0.691777
-0.730585
-0.289865
-0.526202
-0.619816
-0.168305
-0.435432
-0.073251
-1.306411
-1.227193
-0.067485
-0.598323
-0.799773
-0.531504
-0.093792
-1.813112
-1.827820
-1.310560
-1.242876
-0.660217
-0.472649
-1.024125
-0.410785
-1.859249
-0.097632
-0.264770
-1.421232
-0.204442
-0.680039
-1.692167
-0.268538
-2.420281
-0.241059
-1.342529
-0.989837
-0.710410
-0.455344
-0.101210
-1.205090
-0.586011
-0.135465
-0.913283
-0.036293
-1.268259
-0.982105
-0.090878
-0.756764
-0.844225
-0.403917
-1.149737
-1.250090
-1.453158
-0.055391
-0.474857
-0.806362
-0.277366
-0.561818
-1.069678
-1.154173
-1.948770
-0.313371
-0.095408
-0.960170
-0.073513
-0.441269
-0.789521
-0.135411
-0.371642
-0.500115
-0.155864
-1.405650
-0.717406
-0.940864
-0.476523
-1.908780
-0.230648
-0.392689
-1.672728
-0.586890
-0.423734
-1.361100
-0.848552
-1.622058
-0.090063
-0.598957
-0.348719
-0.081623
-0.029197
-1.125842
-0.852442
-0.448935
-0.112050
-0.692443
-0.745297
-0.529287
-0.305199
-0.776018
-0.578127
-1.973705
-0.809478
-1.652999
-1.235525
-0.095751
-0.019594
-0.278076
-0.496731
-0.742447
-1.406432
-0.804471
-0.381332
-0.779518
-1.360581
-0.661151
-0.091548
-1.259285
-1.416625
-0.816839
-0.014195
-1.661162
-1.127319
-1.329379
-0.862562
-0.868884
-0.754079
-0.417105
-1.655851
-1.694153
-0.690327
-0.286869
-0.196540
-0.512802
-0.518494
-1.654252
-0.377257
-0.298373
-1.250338
-0.284861
-0.156850
-0.032522
-0.716260
-1.979395
-0.169454
-0.391945
-0.027723
-2.876198
-2.150138
-1.163362
-0.437845
-1.410715
-1.172922
-1.332067
-0.252711
-0.231615
-0.342845
-0.153611
-0.734886
-0.915606
-0.042759
-0.630995
-0.738255
-2.299078
-0.002675
-0.778033
-1.151000
-0.467414
-0.833491
-0.663656
-0.869203
-0.264773
-0.003752
-0.485709
-0.172712
-0.844898
-0.387340
-1.313706
-0.797040
-0.046429
-0.291302
-2.017655
-0.503301
-0.375140
-0.828709
-0.864746
-0.296355
-0.043080
-0.078563
-0.162305
-0.451628
-0.481169
-0.669645
-1.264622
-0.575781
-0.239738
-0.024923
-0.843711
-2.025469
-1.594144
-0.494503
-2.338360
-1.162243
-0.219179
-0.878038
-1.766873
-0.947612
-0.150758
-0.661509
-0.684454
-1.333920
-3.235097
-0.594504
-0.405612
-0.069128
-2.182226
-0.638325
-0.608510
-1.726955
-1.550339
-0.199757
-0.380932
-0.168047
-0.226300
-1.313088
-0.821243
-1.203739
-0.497316
-0.056875
-0.295142
-0.213605
-2.477781
-0.116179
-1.525544
-1.367393
-0.171993
-0.315795
-0.680125
-3.344330
-1.763573
-0.355867
-0.716799
-1.462149
-0.742097
-0.338546
-0.068577
-0.161209
-0.235712
-1.304282
-0.201637
-0.047457
-0.461252
-0.310297
-1.273485
-1.216013
-0.853545
-1.116968
-0.358984
-0.584521
-1.307751
-0.338795
-0.419501
-0.436936
-1.165541
-0.637379
-1.091082
-0.222284
-0.164407
-0.226410
-2.440028
-2.242563
-1.013037
-0.011750
-1.920946
-0.125668
-0.746215
-0.147831
-0.291971
-0.174544
-0.294424
-0.209234
-1.177989
-1.877017
-0.679971
-1.208842
-0.811546
-0.996733
-1.377381
-1.367082
-1.494496
-0.350615
-0.380303
-0.316841
-0.310556
-0.517193
-0.466345
-0.195411
-0.491377
-0.862746
-0.084729
-0.439179
-0.459466
-0.089109
-0.702646
-1.809598
-0.717474
-0.714449
-1.574566
-0.246121
-1.797757
-1.273717
-0.676969
-0.849452
-1.961463
-0.590815
-0.407361
-0.255809
-0.383536
-1.959244
-0.083203
-0.235780
-1.039251
-0.469672
-0.366346
-1.420129
-0.919183
-0.236636
-0.762774
-0.192751
-0.585307
-0.034791
-0.590704
-0.848235
-0.572673
-0.002976
-0.629964
-0.660762
-0.375836
-0.136514
-0.958447
-0.026764
-0.116984
-1.327581
-0.352928
-0.227273
-0.211458
-1.157241
-1.321555
-0.503677
-0.168864
-0.019381
-0.208565
-0.682020
-0.409788
-0.590805
-0.069258
-0.202392
-1.650730
-2.449647
-1.483545
-0.799518
-1.140950
-1.334797
-0.262883
-0.097649
-0.069234
-1.037554
-1.803951
-0.583446
-0.990175
-1.616553
-0.960556
-0.870754
-0.213112
-0.331083
-0.843758
-0.262963
-0.733260
-0.291192
-2.614118
-1.939284
-1.127829
-0.279544
-0.071013
-0.939909
-1.276926
-0.921303
-1.230488
-1.211162
-0.533617
-0.122370
-0.911969
-0.040842
-0.805422
-0.427920
-0.420781
-0.072779
-0.078693
-0.499340
-0.136911
-0.933376
-0.559608
-0.080406
-0.043099
-0.945730
-0.107869
-0.673322
-0.554231
-0.932660
-0.349908
-0.933682
-0.757133
-0.149096
-0.240038
-1.198321
-1.462470
-0.252268
-0.772658
-0.324233
-1.129231
-0.685007
-1.183456
-2.031831
-0.243633
-0.205856
-0.672891
-0.221203
-1.240716
-0.381099
-0.152364
-0.072462
-0.968465
-1.284565
-0.518105
-0.164522
-0.980642
-0.729105
-2.380668
-0.858182
-1.459088
-0.684954
-0.196728
-0.765012
-0.529227
-0.402283
-0.289701
-1.958659
-0.716469
-0.885735
-1.453716
-1.194015
-0.190796
-0.169795
-1.133133
-0.193133
-0.375009
-0.543757
-1.030550
-1.148403
-0.266135
-0.804654
-1.593818
-1.303922
-0.295806
-1.411903
-0.556634
-0.158269
-0.180015
-0.321186
-0.682181
-1.377988
-0.603511
-0.776268
-2.318802
-0.151242
-1.340704
-0.090918
-0.196934
-0.576878
-0.666154
-1.534787
-1.402952
-0.365735
-1.063167
-1.005800
-0.207599
-0.352211
-0.966369
-0.326844
-0.068463
-1.742483
-0.096118
-0.378575
-0.549151
-0.456043
-0.091913
-0.631596
-1.576102
-0.383550
-1.500985
-1.290309
-1.690445
-0.162222
-0.488654
-1.223991
-0.648466
-0.785598
-0.676246
-1.555830
-2.741979
-0.169236
-0.814301
-0.226295
-1.564888
-0.301062
-0.663649
-0.694931
-0.419603
-0.548531
-0.668643
-1.586824
-0.795350
-0.102592
-1.287309
-0.228633
-0.969784
-0.364596
-0.654716
-0.186532
-0.145494
-1.354619
-0.399024
-1.028865
-0.140183
-0.273624
-0.244662
-0.826080
-1.800496
-0.274004
-1.408623
-0.155548
-0.637971
-0.891227
-0.614099
-0.017242
-0.377046
-0.594251
-0.371749
-0.215917
-2.597800
-0.147471
-0.359294
-0.032372
-0.214439
-1.119485
-0.458515
-0.590843
-0.813354
-0.818223
-0.373841
-0.565565
-1.031965
-0.511274
-0.687209
-0.353066
-0.537136
-1.437840
-0.593358
-0.668206
-2.824034
-1.551575
-0.421427
-0.417006
-0.446186
-1.232932
-0.130683
-0.584606
-0.672180
-0.894542
-0.145446
-1.152034
-0.074560
-0.901007
-0.335106
-0.043349
-0.442074
-0.101433
-0.986456
-0.375628
-0.331931
-1.139085
-0.831531
-0.664764
-1.099365
-0.718676
-0.835853
-0.846111
-1.318509
-0.524133
-0.051016
-0.406765
-1.364882
-0.010025
-0.719615
-1.393562
-0.891065
-0.879877
-0.060443
-0.370177
-1.436528
-1.305880
-0.023001
-0.282522
-0.007162
-0.440316
-0.010734
-0.529888
-0.203512
-0.229645
-0.737075
-1.035495
-0.313412
-0.319023
-0.781135
-0.300430
-2.476115
-1.277324
-0.361675
-0.439254
-1.553171
-0.500598
-0.258255
-0.163651
-1.431133
-1.135727
-0.814699
-0.672305
-0.983004
-0.115465
-0.683853
-0.112851
-0.253126
-2.106693
-0.069766
-1.284137
-0.202724
-0.189677
-0.904872
-0.558681
-0.124450
-0.757494
-0.022391
-0.081167
-1.608500
-1.355934
-0.439902
-2.044439
-0.412788
-1.077272
-1.013131
-1.428377
-0.786057
-0.003673
-0.488495
-1.048357
-0.189855
-0.334198
-0.329672
-0.003260
-1.693319
-0.848268
-0.108639
-0.918925
-0.570980
-0.132608
-0.508841
-0.087754
-0.653164
-1.432473
-0.037363
-0.107932
-0.321808
-0.629756
-0.429459
-0.987942
-0.098867
-0.537178
-0.104527
-0.404758
-0.424660
-0.897525
-0.181784
-0.864561
-0.045334
-0.447604
-0.767235
-0.646713
-0.425167
-0.958394
-0.116767
-0.204576
-0.311882
-0.303939
-0.083452
-0.467533
-0.880952
-2.355279
-0.334338
-0.724762
-1.586810
-0.582356
-2.267997
-0.783030
-0.181196
-1.507462
-2.053511
-2.932324
-0.700612
-1.459566
-0.631857
-0.888597
-2.701705
-0.011550
-2.564680
-1.726613
-0.539852
-0.076453
-0.516925
-0.323126
-1.002205
-1.488615
-0.112261
-1.381293
-1.198581
-0.438561
-1.867538
-1.129616
-0.145543
-0.716904
-0.552370
-1.202459
-0.764094
-1.617310
-0.431758
-2.172217
-0.483408
-0.070839
-0.439943
-0.260451
-0.857885
-0.866545
-0.592829
-0.228700
-0.356488
-0.719333
-0.262938
-0.146745
-1.251564
-0.276706
-3.280398
-0.730767
-0.076060
-1.662394
-0.675882
-0.318066
-0.613584
-0.084070
-0.162790
-0.336895
-0.353351
-0.170459
-0.405601
-0.344835
-0.421254
-0.604293
-1.140686
-0.693250
-0.958547
-0.162276
-1.289465
-0.104782
-0.311000
-0.323861
-1.496275
-0.699085
-0.627606
-0.060919
-0.061128
-0.088989
-0.369736
-1.774649
-0.066176
-0.322723
-1.612035
-0.255187
-0.646651
-1.294877
-0.115456
-2.319092
-1.147339
-0.295628
-0.076603
-1.960041
-0.473345
-0.796032
-0.500917
-0.400878
-0.090352
-0.898340
-0.421719
-0.845096
-0.681693
-0.255547
-1.365557
-0.302781
-0.085660
-0.358024
-1.101541
-1.052721
-1.339897
-0.029841
-2.605145
-0.377778
-0.249895
-1.261167
-1.329282
-0.274279
-0.248793
-2.079378
-0.357799
-0.514850
-0.286883
-0.166343
-1.125088
-0.835268
-1.130798
-1.250361
-0.774188
-0.504613
-1.224007
-0.565005
-0.933086
-0.277671
-2.587438
-0.922885
-0.051949
-0.601607
-0.765687
-0.321326
-0.131095
-0.615021
-0.444037
-0.549397
-0.553957
-0.596534
-0.247717
-2.044359
-0.106917
-0.123945
-0.135376
-0.378023
-1.237874
-1.494012
-1.395592
-0.434126
-0.303230
-2.752891
-0.161327
-0.210108
-0.206015
-0.215911
-0.159921
-0.312060
-0.830257
-0.288131
-2.635816
-2.018631
-0.450577
-1.530572
-0.894137
-0.819982
-1.128241
-0.266368
-0.744161
-0.255072
-0.109951
-1.294876
-0.730178
-0.625123
-0.592313
-0.287406
-0.896969
-1.927959
-0.012891
-1.191292
-0.463718
-1.196861
-0.555101
-0.350881
-1.548368
-0.594776
-0.481839
-0.780846
-1.027768
-0.012603
-0.848577
-0.095117
-0.603829
-0.411742
-0.009195
-0.024868
-0.322626
-0.854040
-0.386110
-0.761130
-1.336898
-1.178865
-1.153450
-0.855024
-0.827750
-0.709673
-0.703359
-1.311710
-1.007380
-0.321157
-0.078188
-2.051439
-0.326808
-0.103011
-1.089764
-2.110617
-3.034672
-0.407767
-0.142732
-0.118679
-0.713742
-0.098630
-0.304564
-1.392445
-0.038872
-0.284368
-1.860993
-0.375613
-0.655330
-0.075452
-0.642997
-0.464536
-0.437682
-0.128014
-0.161286
-0.082049
-0.175698
-0.460091
-2.521742
-1.252197
-1.581767
-1.933854
-0.273163
-0.478353
-0.601236
-0.256678
-0.319383
-3.751195
-0.720318
-0.622445
-0.679080
-0.692634
-0.011601
-0.764485
-0.369850
-0.050665
-0.349512
-2.715058
-0.247381
-0.977472
-1.020230
-0.620755
-0.297830
-0.039591
-1.753673
-0.702714
-0.284605
-2.764014
-0.632713
-0.131700
-0.021459
-0.325994
-0.285675
-0.579930
-0.584625
-0.721540
-0.610628
-1.449632
-0.531533
-0.793116
-0.817871
-2.329433
-2.533122
-2.736405
-0.917490
-0.253741
-1.380582
-2.006071
-1.541052
-1.374721
-0.942569
-0.106081
-0.195999
-0.426412
-0.552894
-1.547335
-0.942848
-0.819609
-1.077368
-0.955407
-1.684511
-1.097058
-0.163765
-0.008414
-3.751868
-0.401639
-0.834733
-0.648429
-0.034167
-0.528455
-1.394833
-0.189597
-0.042580
-0.951442
-1.242377
-0.004939
-1.570285
-0.299804
-0.493989
-0.397981
-0.620993
-0.513782
-0.428530
-1.312136
-0.345601
-0.655659
-0.779161
-2.472651
-0.909468
-0.916915
-1.040680
-0.814618
-1.027713
-0.437723
-0.090932
-1.172916
-1.340532
-1.464894
-0.349529
-0.109467
-1.633203
-1.164516
-1.250520
-0.513885
-0.122052
-2.448598
-0.169605
-0.744565
-0.424466
-0.309330
-0.902656
-0.198920
-0.545912
-0.143233
-1.547777
-0.475980
-0.539691
-0.372434
-0.759335
-0.053015
-0.080000
-1.348366
-0.467843
-0.022702
-0.935362
-0.144613
-0.625892
-0.187730
-0.667839
-1.183899
-0.574077
-0.858766
-0.290245
-0.247357
-1.091158
-0.421943
-0.412269
-0.432674
-0.195845
-1.099564
-0.319376
-0.211757
-0.024273
-2.305359
-0.808381
-0.232849
-0.987636
-0.437022
-1.510967
-0.241359
-0.364291
-0.005701
-0.168174
-0.201525
-1.244364
-1.211587
-2.281764
-0.040601
-1.822946
-1.928035
-0.611526
-0.972979
-0.252551
-0.314067
-0.010900
-0.188231
-0.964015
-0.192430
-0.379963
-0.456071
-0.405197
-0.451877
-0.107447
-0.815877
-1.939621
-1.176744
-0.336529
-3.026911
-0.917357
-0.280650
-0.163098
-0.239398
-2.098442
-0.328411
-1.254219
-2.314810
-0.570006
-0.498534
-0.138847
-0.448574
-1.298232
-0.164248
-0.427408
-0.623834
-1.074781
-0.179177
-0.724570
-0.363349
-0.130084
-1.344400
-0.069463
-0.712815
-0.781768
-0.128288
-0.822701
-1.611974
-0.176433
-0.098696
-2.464463
-0.015093
-1.483809
-0.461834
-1.086931
-0.494737
-0.690892
-0.927717
-0.084013
-0.168917
-1.721940
-0.360238
-0.215712
-0.376245
-1.110594
-0.846876
-0.789996
-0.173115
-0.177675
-0.273872
-1.261025
-0.048451
-1.233803
-0.854450
-0.392580
-0.704445
-0.398642
-1.677507
-0.856082
-0.245928
-0.362705
-0.121805
-0.054814
-0.471243
-0.256607
-0.229781
-1.012555
-0.027259
-0.712275
-0.661249
-3.417105
-1.037263
-0.105778
-0.515442
-0.512190
-0.676702
-0.035575
-0.442008
-0.260790
-2.484829
-1.063346
-0.366767
-1.022652
-0.962344
-0.112121
-0.705645
-0.062064
-0.496061
-0.742587
-1.237610
-1.479443
-0.556015
-0.908737
-1.519431
-0.197005
-0.705504
-0.426427
-0.459676
-0.584977
-0.316366
-0.999813
-1.594280
-0.476563
-0.178564
-1.452626
-0.030610
-0.194411
-0.285790
-0.740424
-0.946494
-1.172548
-0.463501
-3.833047
-0.180720
-0.013182
-0.362939
-0.185234
-0.893695
-0.479837
-0.225972
-0.076109
-0.316332
-0.655599
-1.406972
-0.092731
-4.245208
-0.367923
-1.831287
-0.100498
-0.437927
-2.206256
-0.565026
-1.054553
-1.302821
-1.013855
-0.757916
-3.530114
-1.058479
-1.063309
-2.339547
-2.069097
-1.858661
-1.016636
-0.605310
-2.565866
-0.465775
-0.613253
-0.276583
-1.005753
-0.224882
-1.777026
-0.809441
-0.496216
-1.089196
-0.169670
-0.161433
-1.952584
-0.150562
-0.588916
-0.686459
-2.734770
-0.629615
-0.739886
-0.247971
-1.581048
-0.366160
-1.971805
-0.469654
-0.080322
-0.951764
-1.294679
-0.029329
-0.596861
-0.879849
-0.757661
-1.218231
-0.452818
-0.033638
-0.201087
-1.235095
-1.006521
-1.738520
-0.143045
-1.410867
-1.155175
-0.610478
-0.687681
-0.881758
-0.181370
-0.084340
-0.196055
-2.315285
-0.740971
-1.418427
-0.812148
-0.170744
-1.720788
-0.244017
-0.104854
-0.301670
-0.908354
-0.091374
-0.642631
-1.717488
-1.415910
-0.831693
-0.259107
-0.150636
-0.917366
-1.934423
-1.205247
-0.105214
-0.450462
-0.062719
-0.595626
-0.394873
-0.261204
-1.653147
-1.585448
-1.049755
-0.838829
-1.011732
-0.756924
-0.474179
-0.840675
-2.003086
-0.748358
-0.251410
-0.037947
-0.346347
-3.385706
-0.235231
-1.098682
-0.836046
-1.067913
-0.423727
-1.284623
-0.524601
-1.729098
-0.866712
-1.990950
-0.123751
-0.917385
-1.252791
-0.426506
-0.378529
-0.707615
-1.345720
-0.117551
-2.166887
-0.230352
-0.347280
-0.005574
-0.920514
-0.822781
-1.406212
-0.800561
-0.150584
-0.288241
-0.000605
-0.682952
-0.993320
-0.325959
-0.427317
-1.994342
-0.426215
-0.034281
-0.109844
-0.276058
-0.385028
-0.026388
-1.110750
-0.764328
-0.066844
-0.637007
-0.506627
-0.788446
-2.719973
-1.365387
-2.169614
-1.069156
-1.104636
-1.098764
-0.439586
-0.490555
-0.818519
-1.144188
-0.529554
-0.075051
-1.286607
-1.068890
-1.514390
-2.028709
-0.757793
-2.169186
-0.201693
-0.319796
-1.429016
-0.976829
-0.705825
-0.993045
-2.240681
-0.630838
-0.486085
-1.281225
-1.620863
-0.648598
-0.057999
-0.077635
-0.803521
-0.512609
-0.230642
-0.262633
-0.279326
-0.436257
-2.570944
-1.271968
-0.679380
-1.120741
-2.968386
-0.505188
-0.658106
-1.077508
-1.707871
-1.111049
-1.893807
-1.450867
-0.550469
-2.105466
-0.320992
-0.450672
-1.398199
-1.209167
-0.286596
-0.998760
-2.020499
-0.169241
-0.018887
-0.702531
-2.277256
-1.284587
-0.096012
-0.210426
-0.354981
-0.339143
-0.157339
-0.431372
-0.387745
-0.062394
-0.539190
-0.253206
-0.165640
-0.341349
-0.487558
-1.589422
-0.489492
-0.125866
-0.230687
-0.605081
-0.231103
-1.246762
-0.467274
-1.483014
-0.172356
-1.840884
-0.421458
-0.700616
-2.533517
-3.427657
-0.055201
-1.278073
-0.514432
-0.318035
-0.018463
-0.873239
-0.808978
-0.560903
-0.597791
-0.270260
-1.643108
-0.246273
-1.412274
-0.983775
-0.430688
-1.976151
-0.078645
-1.094529
-0.252500
-0.536301
-0.909599
-0.650214
-0.330859
-1.199962
-0.450871
-0.452169
-0.361147
-0.375665
-2.082281
-0.704172
-0.429133
-0.523975
-0.141676
-1.365159
-1.082535
-0.142051
-0.016541
-0.157299
-0.057269
-0.358635
-1.474957
-0.873090
-0.125630
-0.687661
-1.010740
-1.220197
-1.108856
-0.583913
-1.066551
-0.725887
-1.659622
-0.316441
-0.203547
-0.373394
-0.072714
-1.076303
-0.342114
-0.391688
-0.792824
-0.555263
-0.007885
-0.828336
-0.451721
-0.014118
-0.035587
-0.793518
-0.553883
-1.150170
-0.096746
-0.705825
-0.884278
-1.819956
-0.091293
-0.624154
-1.602376
-0.248711
-2.960974
-1.735206
-1.031946
-0.860904
-0.857242
-0.947913
-0.570387
-0.125333
-0.852964
-0.518043
-1.932093
-0.205260
-1.207216
-1.546513
-0.001007
-0.672674
-0.654190
-1.326045
-2.232632
-1.634373
-1.077100
-0.645924
-0.329995
-0.851914
-1.152076
-2.179803
-1.400898
-3.195883
-3.124697
-0.308931
-1.199052
-0.551987
-1.478277
-0.875353
-2.169856
-1.247500
-0.544161
-1.116035
-1.238157
-0.224071
-1.288076
-1.561227
-0.607506
-0.623380
-0.043903
-0.951822
-1.722605
-0.472565
-0.602738
-0.461710
-1.470963
-0.681385
-0.542798
-0.770274
-0.785934
-0.160239
-2.568105
-3.015270
-0.437170
-2.127558
-0.079285
-1.812166
-1.302014
-0.076107
-0.101613
-1.227782
-0.381374
-0.461294
-1.133798
-0.043601
-0.103671
-0.299600
-0.104138
-1.420147
-0.553471
-0.894378
-0.501821
-0.030407
-2.598358
-1.055275
-0.928617
-1.011599
-1.874414
-0.971628
-1.021851
-0.935942
-0.137485
-0.733516
-0.268342
-0.075466
-0.327764
-0.884782
-1.059748
-0.021377
-1.308537
-0.851857
-1.535410
-0.666534
-0.497570
-0.437121
-3.474847
-0.018391
-0.878732
-4.025417
-0.399373
-1.660643
-0.081728
-0.344175
-0.334691
-0.303588
-0.148136
-1.305691
-1.142207
-0.120860
-1.350004
-1.395685
-0.601653
-3.833307
-1.188355
-0.560220
-0.013684
-0.882453
-3.503573
-0.506283
-0.457965
-0.992413
-1.317672
-0.128512
-0.059374
-1.087323
-0.192463
-0.789890
-0.122718
-0.246856
-0.689706
-0.399235
-0.209210
-0.485313
-1.709882
-0.064281
-1.291355
-1.307422
-0.714740
-2.112124
-0.790659
-0.882696
-0.922732
-0.782311
-0.687467
-1.414983
-0.120078
-0.149736
-1.789507
-0.285822
-0.173270
-1.178884
-0.293847
-0.188195
-0.185506
-1.290551
-3.354341
-0.926764
-0.400135
-0.470825
-2.671827
-2.094098
-0.409505
-0.387219
-0.179303
-0.717881
-0.188021
-0.674884
-1.081458
-0.435087
-1.997102
-4.117516
-0.673071
-0.400345
-2.260846
-1.420721
-0.295039
-0.471168
-1.263624
-0.092762
-0.818800
-0.094012
-0.255043
-0.129079
-0.139667
-0.149893
-0.582013
-1.680378
-0.303965
-0.239412
-0.105529
-1.796150
-1.358891
-0.529461
-1.331769
-1.224257
-0.890852
-0.210332
-0.073571
-2.460219
-0.069716
-0.528659
-0.623207
-0.004887
-0.115561
-0.712814
-0.435091
-0.503019
-0.360680
-1.296883
-0.596361
-0.500087
-0.205727
-1.228777
-1.251884
-2.375699
-0.152140
-1.754252
-0.971776
-0.565656
-0.560007
-1.611511
-1.817328
-0.632096
-0.131281
-1.390605
-0.136896
-1.023710
-2.031878
-0.331625
-1.725726
-1.232355
-0.056926
-0.759505
-1.056268
-0.721731
-1.154876
-0.007758
-0.408596
-2.019420
-0.276754
-0.372389
-0.223357
-0.684368
-0.539465
-0.582699
-0.587812
-0.883411
-0.410050
-0.716853
-0.530207
-0.235661
-0.156097
-0.223980
-0.538654
-0.056115
-0.574159
-0.056732
-0.228143
-0.349943
-0.671619
-0.256974
-0.352579
-1.614744
-2.238277
-0.583074
-2.529396
-1.064615
-1.158939
-0.143687
-0.715495
-0.445862
-0.893098
-0.519295
-0.527362
-1.087818
-0.009878
-0.175155
-0.036335
-0.249915
-1.824602
-0.493462
-0.652995
-1.380225
-0.971860
-1.283248
-0.265189
-0.060412
-0.859631
-0.472807
-0.104350
-0.727253
-0.203723
-0.001291
-0.302807
-1.080075
-1.229619
-1.973471
-0.277605
-1.918177
-0.048954
-0.477769
-1.161624
-0.318501
-0.567541
-0.213609
-0.362281
-1.134067
-0.398642
-0.422711
-1.632236
-0.383104
-0.042950
-0.748599
-1.760969
-0.061830
-0.284607
-1.089053
-0.144023
-1.722292
-0.891028
-0.405192
-1.526570
-0.141132
-0.896326
-1.444834
-0.417153
-2.446980
-0.262251
-0.932137
-0.519494
-2.784055
-0.640513
-0.537736
-1.689422
-0.148741
-1.601248
-1.326773
-0.563774
-1.188422
-0.966307
-1.277949
-0.257054
-0.381171
-0.639119
-0.273240
-0.228207
-0.790313
-1.006431
-0.350734
-0.096314
-0.314078
-0.861393
-1.520746
-3.594497
-1.528517
-0.339194
-0.293002
-0.765404
-0.318561
-1.247183
-0.022636
-1.663782
-0.840565
-0.329491
-0.154468
-1.468964
-0.031311
-0.483062
-0.227290
-1.791653
-0.753068
-0.080697
-1.092967
-0.767032
-0.090359
-0.420630
-2.559931
-0.403498
-0.418095
-0.169155
-0.748261
-1.469961
-0.764759
-1.940109
-0.432399
-0.432433
-0.336427
-0.536458
-0.419968
-0.105363
-0.047771
-0.439060
-0.063461
-1.515062
-0.316385
-0.665992
-0.315112
-1.335038
-3.291917
-1.360923
-0.049014
-1.662055
-0.258849
-0.899872
-0.925964
-2.021541
-0.751756
-0.193592
-0.753837
-2.042584
-0.528036
-0.522075
-0.367738
-0.819726
-1.214606
-0.552046
-1.582626
-0.971410
-1.281857
-2.468109
-1.446560
-0.154433
-0.011683
-0.136916
-0.080390
-0.865954
-0.090689
-0.739775
-0.684513
-0.440179
-1.824329
-0.282336
-0.150144
-1.751457
-1.046169
-2.717514
-2.783554
-1.789380
-1.322565
-0.812915
-0.853129
-1.278978
-1.061486
-0.122938
-0.282994
-0.338057
-0.317282
-0.699929
-0.050364
-3.026639
-0.205717
-1.718784
-0.802336
-0.531521
-0.530941
-0.202035
-2.228400
-0.794777
-0.427803
-0.893070
-0.064940
-1.518040
-0.768770
-0.242752
-0.451609
-1.452359
-0.609050
-1.396383
-0.814915
-0.638368
-1.600531
-0.268786
-1.788842
-1.028455
-0.074986
-1.463559
-0.264526
-0.866156
-0.549807
-1.717162
-0.606439
-0.339153
-0.097144
-0.310590
-1.113922
-0.421465
-0.557451
-0.080923
-0.232206
-1.806912
-1.277390
-1.331330
-0.697202
-1.000519
-3.473991
-2.305344
-1.372874
-0.266949
-0.191978
-0.802318
-0.204831
-2.046839
-0.475599
-0.341969
-0.680162
-0.838479
-0.443364
-0.262081
-0.605153
-0.441348
-0.332774
-0.948847
-0.546330
-1.157350
-0.713306
-0.423473
-1.677325
-0.509361
-0.781183
-0.122455
-0.373000
-1.517027
-1.040596
-0.364150
-0.002577
-1.962469
-0.172661
-1.704191
-0.300036
-1.170199
-1.253049
-0.499952
-0.359738
-1.914021
-0.800830
-0.776758
-0.684778
-0.292352
-0.610808
-0.515974
-0.397066
-0.305562
-0.114756
-0.985710
-0.328792
-1.322962
-0.868368
-2.151646
-1.653277
-0.919211
-0.916769
-0.585623
-1.614987
-0.716111
-1.424270
-0.718750
-0.497013
-0.187915
-1.818635
-1.278598
-2.573181
-0.000046
-0.305266
-0.035696
-0.858601
-0.060432
-0.348799
-0.146566
-0.817925
-0.662980
-1.465865
-0.781477
-0.183681
-0.239923
-2.095602
-0.283513
-1.086526
-0.349786
-1.703689
-0.350400
-0.094464
-0.827655
-0.793157
-0.601719
-0.606182
-0.017720
-0.328580
-0.787236
-0.266144
-0.864839
-0.521938
-0.070977
-0.516283
-0.361642
-0.450241
-0.581021
-0.139568
-0.206734
-1.339975
-0.743063
-0.788088
-0.711608
-0.922891
-0.129878
-0.715895
-0.464900
-1.323858
-1.711757
-1.307600
-0.630271
-1.573152
-0.642266
-1.457793
-1.226384
-1.781757
-1.056351
-0.898967
-0.653091
-0.184431
-2.074195
-0.880423
-0.292353
-1.590594
-0.359642
-1.570162
-0.897224
-0.430365
-0.949962
-2.154913
-0.079201
-0.642334
-1.410684
-0.895987
-0.423490
-1.409433
-0.773444
-0.417594
-0.230506
-0.708191
-0.346169
-0.649557
-1.668056
-0.284009
-0.437974
-1.514425
-0.900433
-0.692258
-0.152040
-1.070515
-0.471615
-0.757560
-1.240509
-0.734880
-1.742713
-0.612579
-0.112517
-0.560954
-1.031952
-0.970899
-2.519864
-1.427982
-1.559415
-0.684016
-1.034777
-1.954970
-0.010601
-3.065687
-1.734635
-0.544629
-0.079330
-0.056745
-0.128394
-1.146278
-0.605007
-0.520730
-1.368025
-1.773726
-0.977140
-0.456584
-0.616716
-0.544421
-2.034135
-0.426771
-1.626206
-1.169118
-0.704933
-0.961412
-1.321213
-0.604579
-0.807098
-1.214718
-0.726449
-1.212405
-1.933046
-1.473157
-0.041721
-0.646366
-0.613400
-1.525763
-0.346777
-0.994154
-1.152881
-1.527083
-0.284442
-0.207621
-0.519703
-2.363741
-2.178097
-0.645463
-0.878096
-0.417989
-0.034252
-0.460488
-0.283290
-0.143351
-1.524160
-0.491164
-0.034517
-0.255472
-0.011628
-0.272814
-1.217768
-0.282658
-0.456295
-1.422239
-0.606728
-0.160721
-2.463802
-0.128296
-0.219840
-0.842114
-1.714825
-0.576583
-0.943554
-3.979372
-0.810110
-0.664465
-1.129462
-0.782095
-0.122249
-0.806805
-0.965530
-0.421236
-0.160406
-0.161838
-1.279749
-0.117639
-0.067406
-0.479375
-0.547539
-0.603964
-0.963164
-0.168124
-1.277899
-0.291110
-0.787493
-0.606920
-0.239823
-0.396320
-0.104526
-0.968556
-0.753050
-0.271260
-0.986896
-0.243112
-2.710237
-0.030651
-1.614879
-0.644923
-0.624230
-0.174789
-0.349343
-0.495563
-2.238560
-0.349499
-0.979946
-1.405406
-0.345125
-1.578139
-0.169075
-0.033110
-3.094421
-0.927699
-1.862963
-0.422551
-1.080904
-2.459040
-1.723889
-0.772918
-1.190587
-0.165661
-0.798220
-0.554328
-0.032119
-0.922090
-0.610946
-1.446362
-0.579440
-1.007283
-1.463063
-1.147888
-0.205817
-0.424102
-2.095966
-0.347404
-0.044901
-1.293916
-2.149888
-0.154745
-0.862352
-0.153283
-0.413935
-0.478027
-0.557780
-0.375468
-1.184940
-0.635452
-0.632963
-1.287577
-0.127587
-2.997217
-0.366434
-0.262629
-1.185427
-0.595543
-0.072357
-1.846779
-0.654282
-0.700550
-0.946219
-0.284407
-0.425542
-0.441795
-0.527591
-0.541512
-0.210703
-0.275688
-0.050067
-1.364653
-1.249981
-1.437774
-0.279971
-1.102105
-1.199787
-0.002657
-0.005475
-1.173981
-0.408258
-0.461135
-1.814542
-0.160473
-0.249401
-0.236995
-0.115963
-1.374887
-1.837577
-0.735690
-1.674282
-1.346116
-0.168798
-0.039320
-0.612270
-0.178396
-0.147237
-0.285551
-0.864727
-0.123048
-1.832108
-0.165950
-1.421318
-0.041682
-1.478774
-1.636234
-0.804753
-0.926748
-0.696064
-1.035699
-1.010257
-1.727275
-0.642467
-0.526060
-0.513796
-0.032047
-0.819168
-2.639008
-1.015750
-0.791908
-0.240787
-0.797806
-0.939729
-1.109265
-0.526231
-0.932298
-0.049359
-0.150480
-0.136882
-0.787471
-0.733222
-0.770774
-1.343462
-0.674254
-0.411845
-0.915896
-0.486474
-0.286533
-2.397831
-1.659810
-0.514264
-0.054202
-0.853285
-1.249854
-0.062526
-0.269503
-1.085761
-1.334917
-0.078432
-0.422895
-2.103922
-0.644517
-0.283944
-1.287150
-0.997567
-0.096809
-0.225916
-0.154401
-1.018877
-0.135309
-2.836484
-0.452673
-0.433273
-0.672876
-1.358888
-0.071847
-0.129455
-0.059894
-0.111124
-1.169985
-0.052055
-1.044061
-1.180930
-1.110643
-1.129349
-0.051387
-0.517261
-0.250974
-0.906896
-0.560560
-0.229647
-0.014769
-0.067924
-1.353485
-0.611593
-1.812625
-0.191254
-0.575028
-0.793804
-0.084671
-0.080629
-1.039203
-0.244464
-0.445305
-0.476836
-0.114844
-0.172673
-3.237336
-0.194852
-0.152794
-1.700149
-0.862096
-2.566041
-1.863873
-0.160839
-1.608313
-0.147194
-0.326056
-0.075336
-0.303284
-0.796128
-0.512946
-0.030123
-0.328111
-0.677306
-0.279625
-0.535251
-1.042296
-0.188216
-0.156506
-0.337000
-0.167411
-0.313657
-0.202681
-0.074510
-2.568023
-0.332533
-0.666810
-0.656076
-0.549640
-0.411996
-0.825753
-1.448894
-2.477597
-0.091424
-0.497149
-0.246027
-0.512281
-0.243639
-1.058914
-0.512510
-2.318647
-0.865509
-0.773085
-1.083472
-0.976250
-0.645590
-0.640654
-1.385097
-0.116488
-0.126347
-0.349353
-2.097861
-1.076702
-0.487394
-0.061272
-0.582083
-1.679813
-0.864463
-0.974829
-0.426121
-0.054816
-0.492508
-0.250911
-0.557565
-0.096439
-1.667816
-1.784311
-1.406320
-0.139669
-0.544409
-0.059605
-0.124508
-1.329361
-0.182484
-0.280365
-0.068483
-0.310440
-0.192297
-0.601729
-0.769666
-0.215865
-2.007233
-0.149987
-0.140099
-0.263906
-0.166421
-0.688153
-0.582880
-0.672879
-0.166267
-0.788311
-1.358193
-1.944918
-0.090982
-2.207845
-3.367475
-0.495779
-0.571245
-0.210225
-0.133064
-1.591070
-0.182515
-0.025510
-0.909129
-0.032079
-0.057381
-0.263530
-0.309603
-0.202586
-1.464914
-1.131562
-1.617808
-1.732111
-0.050320
-0.954554
-1.163960
-0.954136
-0.136458
-1.051765
-1.394341
-0.822251
-2.482831
-0.335008
-0.957478
-1.512106
-2.151374
-0.652062
-1.104329
-0.870908
-1.117725
-0.073852
-2.305969
-0.905410
-0.194887
-0.374618
-1.301705
-0.872936
-0.489199
-1.466456
-0.431867
-0.084859
-1.056704
-0.973145
-0.929282
-1.287999
-0.530552
-0.817214
-0.420258
-2.389060
-1.879920
-0.622785
-0.454748
-0.805347
-0.161265
-1.959637
-0.162389
-0.022346
-2.223831
-0.924618
-0.043190
-0.509481
-0.400470
-0.432812
-0.008460
-0.334965
-2.599273
-0.531923
-1.644070
-0.997099
-0.093412
-0.214828
-0.499660
-0.412827
-2.223834
-1.151630
-0.822125
-0.948364
-1.167181
-1.093808
-0.366475
-0.478187
-0.363383
-0.259180
-0.931749
-0.119631
-0.779087
-0.012005
-0.013715
-0.257940
-0.542397
-2.189461
-0.753175
-0.166865
-0.355554
-0.577887
-0.370386
-0.097339
-0.642487
-0.340882
-0.501169
-1.825268
-1.653648
-0.169589
-1.466625
-3.245950
-0.716761
-1.308877
-0.176524
-0.300978
-0.701109
-0.653773
-0.508961
-1.818093
-3.027637
-0.474391
-0.702343
-0.112356
-0.719850
-0.705633
-1.021371
-1.032249
-0.609098
-0.651209
-0.241000
-1.668369
-0.338206
-0.360777
-0.324402
-0.651074
-0.217799
-0.392653
-0.413660
-0.042686
-2.280777
-0.637733
-1.391105
-0.123446
-0.323671
-0.021272
-0.488864
-0.583980
-0.658693
-0.582125
-0.287616
-0.906116
-0.569751
-0.866037
-1.692528
-2.548049
-0.722574
-0.572115
-0.759364
-1.075597
-1.194684
-2.621173
-0.180511
-1.120328
-1.131682
-0.881567
-0.472044
-3.347079
-0.421956
-0.531338
-0.723104
-0.197903
-0.858238
-0.214896
-0.592129
-0.601450
-0.449084
-0.869952
-0.881636
-0.832438
-0.386782
-1.089277
-0.641126
-2.671898
-2.058576
-1.583219
-0.504984
-0.095131
-0.163473
-0.253882
-0.833669
-0.895793
-1.329217
-0.026336
-0.852482
-1.020831
-0.544074
-2.618676
-1.397326
-1.218954
-0.594751
-0.763690
-0.358221
-1.170782
-1.669950
-0.021480
-1.487340
-0.878888
-0.144180
-0.076750
-0.770362
-1.181249
-0.126915
-0.752756
-2.031763
-0.883737
-0.503063
-0.640322
-0.826306
-1.171782
-1.332899
-0.207491
-0.802157
-0.674415
-0.525025
-1.337604
-0.076533
-2.183883
-0.144495
-0.019571
-0.372491
-1.148015
-0.700803
-0.888771
-0.433825
-0.265692
-0.668335
-0.774310
-0.551060
-0.099017
-0.180972
-1.875707
-0.135292
-0.652333
-0.423564
-0.527305
-0.376167
-0.207501
-1.268866
-0.249137
-0.937046
-0.131281
-0.178625
-0.067408
-2.701994
-0.014113
-0.243298
-1.460549
-0.672163
-1.038359
-1.240469
-0.244107
-0.276830
-0.232778
-0.391423
-0.740417
-1.103428
-0.607844
-0.934954
-2.059496
-0.014819
-2.231654
-0.470020
-0.024266
-0.628646
-0.056484
-1.602232
-0.540641
-0.372241
-0.304724
-0.987776
-1.509108
-1.491019
-0.424307
-2.027041
-0.858301
-0.154728
-0.790296
-0.466565
-1.015062
-0.686187
-0.586401
-0.338957
-2.420155
-0.529549
-1.343632
-0.367368
-1.016573
-1.034845
-0.930340
-0.552443
-0.835551
-1.303070
-1.147123
-1.162079
-0.226501
-1.185374
-1.000796
-0.228747
-0.271727
-0.364778
-0.711207
-0.742514
-0.375145
-2.272896
-2.772769
-0.430201
-0.008664
-0.074061
-0.768012
-2.983103
-1.291653
-0.506822
-0.327649
-1.102991
-0.374198
-1.039843
-0.446735
-0.312958
-1.063507
-0.248527
-0.815180
-0.024204
-1.064399
-1.476358
-2.366792
-0.299150
-0.259319
-0.401905
-0.507142
-0.386589
-0.326546
-0.074313
-1.443772
-0.724516
-1.610282
-0.561824
-0.835397
-0.378423
-0.303196
-0.184333
-0.470009
-0.141261
-0.273988
-0.638032
-1.335345
-0.050097
-0.062394
-0.085134
-0.554857
-0.434054
-3.344747
-0.035307
-0.528887
-0.287419
-0.458613
-0.860113
-0.275591
-0.793317
-0.754281
-1.105616
-1.461850
-0.750308
-0.072238
-0.847503
-0.029261
-0.081082
-0.014480
-1.379521
-0.449400
-0.865946
-0.192745
-1.006484
-0.491707
-0.627856
-0.092115
-2.123085
-0.114995
-0.687195
-0.265313
-0.700748
-0.719438
-0.301836
-0.945951
-0.135599
-0.370427
-1.424682
-0.510638
-0.967276
-1.670835
-2.657122
-0.096529
-0.027668
-0.528743
-0.259193
-0.879201
-0.737952
-0.251718
-1.244025
-1.123613
-0.282787
-0.392987
-0.384559
-1.806629
-0.512878
-2.564436
-0.733601
-0.684060
-1.511064
-0.268826
-0.659753
-0.222966
-0.630336
-0.237367
-0.541667
-0.021015
-0.547112
-1.423631
-0.053480
-0.088040
-0.257490
-1.037312
-1.188913
-1.386562
-1.214974
-0.681288
-0.073345
-1.763634
-0.099289
-1.185203
-2.067806
-0.240671
-0.387341
-1.140271
-0.794250
-0.219359
-1.329070
-0.093066
-0.094396
-0.483339
-0.747828
-0.100435
-0.208228
-0.083237
-0.770342
-0.498458
-0.397778
-2.050232
-0.764881
-1.023355
-0.393082
-0.669692
-1.998631
-0.633791
-0.022421
-0.623367
-0.231049
-0.399834
-0.163946
-1.816897
-0.122556
-0.128942
-0.753181
-0.396187
-0.135859
-0.118095
-0.043806
-0.703658
-0.550842
-0.404083
-1.096590
-0.456133
-0.733480
-0.479030
-0.371470
-0.301305
-0.661458
-0.220484
-0.362134
-1.136024
-1.427771
-0.141436
-1.738471
-0.139643
-1.094914
-2.405887
-0.133928
-0.151670
-0.059833
-0.407859
-0.401731
-0.543916
-0.606617
-0.724268
-0.021361
-0.464465
-0.198418
-0.417283
-0.119322
-1.126832
-0.358973
-0.070896
-1.297884
-0.912445
-0.410614
-0.706594
-0.986346
-0.025575
-0.329517
-0.269078
-0.228870
-0.289921
-1.040727
-1.408574
-0.830427
-0.692153
-0.948516
-0.652174
-0.428067
-2.080485
-0.317503
-0.290500
-0.319746
-4.024486
-0.834549
-0.904368
-0.733032
-0.313216
-0.857830
-0.572740
-1.330350
-0.196050
-0.420015
-0.928197
-1.814490
-0.496457
-0.178075
-0.588026
-0.436958
-0.402981
-0.712361
-0.403257
-0.199477
-0.499733
-0.934762
-0.151786
-0.586653
-0.739256
-0.544917
-0.090537
-0.119114
-1.544796
-1.895843
-0.067066
-0.131049
-0.517350
-0.145266
-0.899757
-2.221838
-1.029708
-0.100493
-0.740837
-0.222839
-0.209318
-0.064099
-0.003758
-1.648423
-0.506146
-2.092432
-1.860870
-0.839616
-0.096566
-0.065033
-1.130970
-0.247316
-1.136359
-0.325395
-1.145028
-0.885568
-1.834818
-0.351881
-0.339546
-0.081723
-1.979211
-0.236643
-0.568080
-0.141068
-0.798446
-0.103626
-0.749363
-0.498779
-0.055876
-0.597726
-2.691724
-2.340504
-0.633456
-0.198837
-0.116565
-0.501242
-0.215786
-0.359113
-0.743446
-0.408460
-1.242207
-0.545868
-2.526784
-0.885570
-0.193293
-0.425737
-0.286201
-0.669015
-0.170306
-0.362967
-0.803525
-1.846684
-0.057915
-0.978047
-0.305859
-0.126780
-0.432286
-0.073003
-1.029363
-1.188117
-0.342660
-1.094716
-0.856421
-0.148007
-0.959873
-1.540394
-2.100175
-0.885819
-1.088440
-1.377577
-0.756276
-0.030120
-0.031613
-0.050233
-0.526708
-0.552066
-0.987300
-0.326496
-0.141553
-1.163949
-1.409131
-0.638841
-3.745770
-2.113901
-0.338892
-0.420188
-1.774628
-0.637246
-0.382597
-1.618834
-0.756394
-0.298493
-0.044330
-1.284821
-0.548374
-0.599284
-1.169170
-1.653367
-0.294300
-0.902370
-0.305188
-0.064050
-1.418290
-1.689989
-0.435497
-0.103978
-0.295174
-0.697482
-0.382255
-0.015550
-2.303999
-1.501475
-0.326605
-1.619523
-0.487526
-0.452971
-0.145274
-1.034603
-0.777251
-3.580980
-0.131387
-0.438488
-0.305322
-2.277042
-0.414836
-0.064860
-2.089912
-0.320474
-1.148956
-0.275437
-0.864547
-0.537782
-0.412064
-0.184088
-1.475506
-0.098313
-0.365010
-1.364648
-0.658665
-0.600061
-0.452069
-0.005513
-0.634526
-3.041265
-1.803927
-1.373960
-0.801311
-0.814402
-0.592747
-0.377020
-0.361967
-1.021255
-0.292463
-0.032040
-0.765804
-0.689401
-0.816625
-0.802759
-0.230767
-0.542735
-0.203585
-0.212732
-0.572209
-0.822248
-0.785596
-1.338326
-1.208547
-0.533222
-0.062813
-0.460149
-0.762393
-0.848852
-1.504554
-2.325019
-1.236390
-0.637155
-0.064389
-0.838920
-0.523001
-1.116604
-0.631873
-2.350282
-0.068602
-1.032300
-1.738899
-2.105829
-0.726997
-0.421931
-0.439021
-1.447696
-0.655729
-1.184427
-0.155068
-0.324412
-0.113547
-1.373073
-0.983580
-2.261900
-0.468925
-0.395679
-1.300661
-0.477075
-0.704236
-1.091709
-0.158873
-0.013086
-0.175910
-1.146315
-1.583855
-0.952654
-2.435997
-0.163274
-0.213759
-0.338819
-0.770887
-0.668936
-1.058459
-0.667316
-0.471031
-0.086011
-2.921075
-0.886461
-0.543222
-0.580622
-0.638619
-0.938193
-0.088964
-1.290628
-1.112650
-0.343810
-2.447019
-1.661787
-0.136962
-1.009873
-0.579352
-0.415910
-0.570592
-1.479300
-1.035598
-0.121972
-0.374569
-1.428308
-0.035078
-0.782878
-0.323334
-1.929910
-0.408912
-0.668175
-0.338144
-0.118029
-0.667712
-0.603744
-0.605744
-2.651405
-0.088875
-0.516144
-1.832899
-0.061108
-0.265419
-0.954145
-0.177611
-1.730695
-0.422735
-1.496480
-0.840886
-1.443076
-1.101032
-0.038486
-1.511276
-0.781398
-0.742138
-1.812672
-0.177270
-1.589308
-0.174511
-1.446131
-1.427167
-0.889037
-0.462378
-1.085034
-0.815918
-0.746516
-0.073814
-0.374243
-2.143076
-2.179864
-0.277036
-1.666374
-0.252488
-0.567203
-1.908661
-0.415044
-0.402806
-0.277217
-0.805426
-0.946550
-0.604247
-0.775454
-1.857881
-0.372556
-1.039376
-0.091788
-0.518422
-0.133703
-1.013775
-1.234060
-1.542701
-0.530350
-0.911684
-0.165138
-1.567750
-0.373935
-0.027318
-0.612585
-1.345777
-0.052455
-0.743361
-0.519368
-1.735775
-0.598089
-0.328420
-1.237676
-0.677049
-1.138253
-0.049925
-0.486272
-1.017669
-1.378361
-1.184981
-0.002287
-0.416769
-1.662560
-0.629148
-0.778931
-0.108324
-1.721204
-2.382487
-1.473744
-0.875203
-0.595652
-0.458940
-0.771635
-0.093693
-0.900642
-0.678857
-0.529233
-0.773927
-0.406906
-1.437734
-0.158932
-1.819203
-1.611678
-0.220292
-0.148458
-1.022697
-0.635848
-0.300761
-1.572207
-0.236379
-1.150476
-0.530249
-0.057217
-0.166124
-1.217652
-0.408404
-0.150425
-0.271866
-1.019345
-0.017617
-0.048586
-1.069708
-0.463574
-0.176303
-0.642101
-1.544225
-0.007526
-0.573332
-1.506875
-0.833191
-2.767434
-0.195234
-0.326175
-0.150128
-1.449818
-0.322117
-0.261670
-1.106667
-0.708406
-0.137246
-0.912985
-0.750742
-1.669615
-0.047731
-0.238919
-1.165853
-0.846584
-0.553894
-0.310193
-1.063941
-0.328276
-1.407009
-0.741123
-0.154496
-1.151945
-2.749940
-1.574430
-0.929113
-0.371054
-0.438218
-0.350873
-0.128056
-1.050382
-0.104464
-0.416334
-0.096592
-3.515415
-0.457806
-0.484622
-0.042294
-1.415743
-1.080772
-3.250913
-0.529055
-0.354187
-0.886909
-0.413434
-0.814650
-0.448085
-0.346992
-0.135261
-0.363577
-0.806688
-0.550690
-0.935535
-0.368385
-0.928266
-0.028424
-0.794623
-0.571964
-1.242238
-1.136079
-2.741047
-1.329320
-3.510766
-1.119929
-1.196650
-1.378886
-0.155535
-0.257819
-1.652488
-0.516878
-0.982326
-4.045443
-0.715745
-0.409145
-0.219686
-0.564536
-0.020040
-0.841449
-0.172584
-2.112712
-0.623213
-0.303927
-0.685144
-0.756734
-0.711509
-2.329745
-0.345202
-0.923923
-0.260009
-1.885568
-2.353836
-1.520906
-0.402841
-0.343925
-1.584405
-0.054274
-1.557306
-0.438010
-0.353870
-0.532891
-0.629915
-0.881743
-0.781408
-0.800201
-1.039965
-0.937357
-1.000255
-0.270474
-0.131951
-0.053388
-0.106012
-0.166346
-0.283092
-0.331904
-1.683161
-0.084673
-0.478954
-0.559075
-0.519428
-1.561450
-1.229236
-0.663621
-0.172434
-0.337663
-0.175157
-1.396629
-1.898003
-0.966644
-0.356491
-0.218558
-0.837855
-0.385821
-1.060953
-0.134383
-0.334592
-1.317696
-0.542857
-0.596151
-1.134260
-1.557428
-1.062575
-0.156383
-0.745042
-0.400425
-0.417032
-0.477968
-2.004516
-0.571653
-1.322518
-0.175477
-0.232623
-0.237427
-1.303964
-0.063315
-1.735625
-0.825206
-0.524896
-0.552080
-0.577283
-0.972696
-0.747221
-0.678912
-0.711079
-1.093768
-0.020005
-3.005811
-0.887329
-0.197982
-1.780061
-0.498448
-2.211615
-0.198160
-0.355083
-0.076746
-0.768703
-0.579750
-0.447550
-0.002232
-0.304544
-0.753924
-0.222173
-0.420718
-2.154390
-0.461843
-0.842619
-0.384883
-0.501321
-0.783434
-1.642485
-0.158947
-0.499466
-0.651484
-0.479186
-1.533190
-0.495350
-1.941578
-1.687681
-1.769394
-0.054765
-0.196447
-1.187212
-1.420177
-0.390444
-0.490885
-0.847268
-0.512607
-2.450417
-0.845345
-2.814233
-0.247231
-0.406280
-0.537475
-0.311307
-0.133075
-0.568866
-0.421787
-0.208953
-1.719616
-0.001602
-0.008107
-0.264455
-0.840833
-0.958767
-0.323780
-3.173112
-0.027383
-1.159716
-0.013289
-0.658227
-0.206038
-0.526102
-0.948951
-0.637987
-2.216423
-1.202102
-1.157709
-1.493417
-1.010988
-0.970434
-1.280519
-0.935670
-0.745237
-2.229859
-0.213280
-0.648798
-0.328200
-0.904377
-1.363120
-2.009421
-0.935084
-1.110969
-0.618026
-1.250284
-1.355039
-0.294930
-0.149000
-0.173801
-1.639738
-0.867677
-0.461598
-0.317863
-1.330988
-0.364391
-0.478180
-0.240877
-0.109316
-0.678184
-0.986635
-0.257096
-0.481924
-0.887121
-0.280366
-0.726939
-0.327329
-1.248172
-0.849359
-0.822014
-0.439306
-0.089707
-0.357472
-0.797421
-1.136555
-0.394049
-0.524209
-0.998096
-0.929507
-1.219621
-0.622500
-1.009900
-1.285662
-0.226818
-0.211520
-0.347023
-1.554537
-0.304968
-0.268490
-0.065519
-1.472255
-1.066018
-1.100565
-1.771225
-1.011174
-0.885372
-1.886553
-0.554635
-0.703367
-0.785439
-0.916164
-1.239660
-0.076227
-0.058244
-0.440522
-0.092866
-0.488044
-1.293802
-0.208762
-0.582988
-1.339829
-0.197491
-1.018123
-0.257293
-0.080510
-0.295401
-0.553726
-0.637949
-0.779223
-0.632014
-0.686293
-1.344713
-0.493021
-0.294405
-0.371394
-1.633959
-3.426748
-0.007168
-0.057008
-0.761942
-0.434169
-0.302170
-0.583788
-0.216300
-0.188801
-0.262507
-0.493822
-0.897413
-0.193763
-0.041930
-1.007896
-0.119644
-0.417894
-1.712071
-0.579305
-1.647662
-1.629961
-1.421027
-0.655658
-0.266890
-0.859181
-0.876927
-0.508008
-3.457095
-1.339585
-0.978119
-0.524737
-0.243309
-0.433854
-0.323654
-0.964851
-1.709961
-1.956236
-0.457491
-1.142370
-0.267266
-0.442086
-1.366786
-0.186713
-1.818800
-0.236258
-0.423244
-0.673551
-0.591563
-0.455792
-0.029946
-0.118382
-0.129623
-0.024830
-0.876505
-0.472608
-0.092311
-0.452636
-0.715679
-0.009897
-0.751897
-3.044407
-1.917595
-0.543080
-0.238626
-0.814707
-0.484541
-1.342195
-0.326738
-1.567376
-0.095519
-0.171510
-1.072160
-0.918808
-0.285403
-1.448310
-1.397213
-1.693465
-0.083492
-0.569381
-3.149132
-0.475162
-1.770268
-0.760191
-0.418988
-1.000428
-0.649989
-1.263673
-0.025186
-0.892289
-0.333973
-0.263941
-0.531910
-0.066908
-0.935648
-0.676189
-0.509856
-0.233059
-0.266960
-0.823595
-0.621207
-2.265368
-0.245705
-0.932101
-0.845099
-0.407840
-0.413645
-0.501569
-0.783267
-0.922709
-1.856383
-1.322439
-3.152800
-1.676659
-0.233279
-0.390258
-0.466524
-0.228330
-0.114615
-0.166091
-0.309946
-0.501811
-0.889920
-0.818497
-1.232317
-1.266429
-1.143465
-2.023122
-0.778311
-0.051420
-1.280281
-1.233173
-0.230981
-1.427501
-0.197974
-0.982124
-0.713180
-0.008390
-0.294748
-0.169787
-0.332437
-0.282106
-0.466133
-0.225194
-1.458811
-1.819651
-1.558521
-0.293537
-0.090936
-2.280217
-1.186360
-0.435739
-1.342087
-0.375625
-1.407779
-1.691142
-0.714722
-0.618082
-0.159173
-0.023095
-1.204571
-0.268364
-0.509146
-1.483137
-0.634966
-0.598738
-1.180086
-0.685204
-0.384606
-0.574256
-0.149779
-1.350927
-1.358560
-0.660329
-0.802391
-3.097094
-1.557648
-0.358846
-1.129000
-0.854988
-1.611345
-1.323131
-0.533675
-0.287446
-0.276393
-2.314631
-1.385384
-0.351954
-0.136862
-1.602913
-0.875920
-1.050684
-0.247069
-0.008833
-0.831391
-0.538550
-0.632880
-1.774263
-0.246402
-0.608547
-0.390811
-0.285520
-1.702199
-2.491887
-1.109289
-0.738895
-0.383849
-0.464482
-0.317637
-1.961547
-0.575589
-0.725198
-0.132826
-0.474356
-0.039478
-0.806833
-0.573335
-0.094748
-0.360056
-1.124460
-1.200044
-0.106407
-0.367588
-0.159859
-0.831560
-0.007624
-2.429566
-0.365171
-0.377942
-2.829837
-0.161049
-0.136278
-0.444868
-1.052498
-0.269420
-0.679329
-0.898364
-3.522732
-1.969922
-0.091231
-0.454236
-1.608791
-0.163032
-0.533464
-1.752787
-0.965446
-1.827616
-0.046159
-1.453252
-0.287317
-0.163024
-0.502531
-0.274968
-1.482678
-0.509942
-0.283137
-0.017182
-0.516486
-0.892852
-0.352894
-1.245131
-0.541898
-0.476547
-0.615816
-1.296327
-1.028898
-0.302034
-1.312994
-0.064303
-0.229224
-1.141179
-0.155986
-1.164868
-1.589419
-0.000191
-0.775385
-0.207041
-0.143954
-1.663514
-0.522485
-0.440500
-0.373175
-0.487747
-0.711023
-0.596726
-1.762954
-0.209404
-1.225884
-0.073544
-2.255265
-0.705664
-1.435913
-0.788169
-1.405913
-0.468352
-0.288596
-0.175287
-0.104457
-0.315389
-1.686076
-1.773518
-1.702568
-0.071192
-0.401342
-1.784623
-0.120383
-0.744544
-0.040355
-0.867435
-0.213127
-2.071418
-1.012786
-1.288886
-0.840925
-0.837550
-0.012010
-1.059600
-0.715607
-0.949718
-0.532261
-0.513572
-0.106602
-0.319680
-0.368613
-0.132136
-0.002817
-1.450689
-1.008433
-1.135588
-0.468901
-0.055136
-0.162908
-1.147466
-0.765564
-1.062960
-0.025309
-0.107814
-1.115691
-1.344595
-0.908733
-1.061521
-1.584518
-0.430478
-2.139801
-0.856577
-0.178679
-0.636803
-1.310474
-0.235787
-0.239673
-0.029032
-1.144454
-0.186484
-0.249444
-0.368988
-1.805645
-0.388977
-1.648731
-0.684633
-0.976025
-0.472507
-0.725245
-1.515219
-1.285081
-0.821608
-0.997842
-1.269427
-0.215137
-2.598283
-0.110412
-1.550262
-0.179351
-0.478707
-2.579136
-0.476637
-0.302889
-0.936669
-0.927923
-1.196196
-0.894573
-0.292386
-0.954261
-0.130070
-0.317192
-1.393010
-1.563328
-0.406107
-2.128843
-0.647023
-0.722091
-0.026816
-0.318641
-1.302430
-0.453871
-0.329046
-0.239573
-0.003378
-0.977044
-0.384496
-0.621314
-0.729322
-0.640555
-1.064794
-0.541293
-1.527308
-0.093601
-0.376900
-0.595219
-1.821374
-0.342417
-0.120994
-0.516792
-1.120874
-0.055936
-1.519851
-0.421222
-0.788469
-0.721192
-0.057194
-0.446698
-0.667472
-0.501053
-0.912041
-0.143666
-0.371546
-0.376226
-0.798554
-1.262939
-0.435846
-0.732222
-0.869190
-0.040488
-2.453070
-0.057088
-0.106727
-1.408259
-1.657546
-0.686315
-1.162836
-1.688296
-0.901229
-0.437433
-1.099263
-0.592553
-0.563288
-0.492985
-0.002277
-1.430637
-0.160463
-0.516808
-1.580163
-0.288299
-0.929352
-0.254732
-0.626963
-0.590776
-0.103149
-0.280731
-0.348336
-0.338423
-0.964977
-1.608005
-0.105877
-0.884481
-0.992455
-1.125767
-0.671798
-1.819935
-0.228934
-0.099765
-1.727663
-1.533107
-0.592952
-0.410243
-1.939055
-0.035389
-0.738161
-0.185898
-0.934741
-0.366050
-2.086007
-0.907228
-1.051941
-1.910417
-0.459682
-0.499884
-0.456911
-0.792712
-0.672473
-2.077758
-0.442931
-2.261305
-1.290770
-0.414782
-1.098635
-0.258521
-0.432374
-1.589782
-1.361834
-0.183485
-0.775802
-1.034056
-2.058045
-0.798460
-0.151507
-0.311914
-0.008159
-0.102697
-0.291631
-0.333729
-0.915746
-1.070884
-1.659242
-1.316292
-0.734067
-0.677065
-0.157370
-2.557492
-0.390549
-1.061286
-1.142779
-0.041725
-0.306236
-0.347870
-1.240362
-0.946467
-0.108862
-0.275881
-0.774105
-0.478429
-0.230525
-1.151771
-0.332221
-0.662437
-0.289132
-0.585982
-0.307247
-0.548165
-0.598225
-0.712633
-0.697323
-0.111933
-2.771639
-0.665884
-0.038962
-0.629108
-0.337224
-1.016680
-1.456921
-0.300821
-2.469814
-1.511024
-0.111486
-1.481134
-0.826162
-0.226748
-1.017932
-1.024737
-0.748617
-0.193684
-0.213053
-0.268672
-0.100407
-0.131454
-0.261644
-0.118490
-1.077037
-0.812707
-0.308584
-0.126399
-0.260928
-0.000795
-1.465176
-0.287364
-1.131335
-1.509634
-0.536007
-0.234954
-0.267595
-0.194192
-1.438296
-1.291996
-0.476558
-0.529131
-3.431133
-0.132180
-1.343665
-1.730288
-0.069266
-0.361232
-0.161098
-0.503396
-0.652509
-0.173826
-0.128587
-1.296175
-0.538412
-0.423726
-0.004757
-0.140399
-1.523162
-0.851656
-0.568215
-2.378669
-1.422503
-0.343868
-1.733434
-1.436450
-0.533953
-0.031024
-0.344338
-1.111494
-0.205679
-0.349029
-0.263449
-1.965103
-1.584307
-0.302807
-0.356146
-0.538396
-1.580673
-0.262210
-0.069004
-0.031772
-2.511433
-0.337908
-1.043181
-0.200106
-1.413361
-0.096815
-0.616924
-0.745215
-0.996564
-1.730296
-0.665807
-0.140793
-0.655812
-0.581252
-0.741615
-1.395034
-0.462681
-0.867517
-0.860374
-0.521452
-0.618223
-0.695719
-0.352347
-0.943704
-1.115643
-0.480687
-0.241998
-0.519174
-1.098465
-0.418838
-1.099306
-0.585763
-1.493699
-0.507790
-0.085785
-2.045285
-0.649041
-1.156146
-1.815424
-0.733742
-0.581183
-1.184707
-1.077903
-0.180863
-1.075237
-1.723955
-1.051025
-0.308748
-2.158597
-0.049422
-0.023756
-0.737313
-1.964637
-0.044609
-1.498418
-1.136016
-1.406171
-1.281164
-1.346160
-0.561919
-0.089093
-1.168240
-0.034671
-1.795869
-1.640202
-0.937538
-0.593778
-0.635434
-2.895843
-0.661329
-1.128938
-1.129158
-3.269273
-0.302586
-0.878790
-0.538976
-0.224848
-0.810700
-1.262369
-0.628398
-0.879172
-0.301120
-1.087031
-0.915494
-0.061440
-1.101448
-0.243990
-0.017856
-1.319508
-0.629568
-0.579122
-0.998677
-1.884702
-0.349134
-0.206740
-1.173765
-0.539946
-0.555351
-0.470766
-0.461322
-0.834935
-3.094373
-1.133965
-0.031080
-1.126229
-1.987840
-1.517419
-0.322266
-0.809348
-1.939151
-0.139114
-0.107091
-0.978107
-0.632738
-0.091060
-0.548557
-1.563655
-0.505001
-0.746578
-0.491224
-0.530915
-0.926804
-0.638906
-2.127355
-0.657634
-0.587529
-0.331599
-1.922489
-1.216587
-1.064109
-1.308711
-2.175309
-0.276120
-0.391536
-0.365926
-0.325566
-0.066055
-2.038634
-0.246381
-0.315419
-1.970785
-1.068731
-0.032035
-1.509919
-0.139257
-1.351198
-0.356021
-1.705634
-0.379505
-0.036209
-1.807829
-1.880533
-0.929117
-0.364130
-0.407293
-0.511483
-1.794504
-1.466974
-1.029851
-0.673399
-0.627527
-2.366652
-0.542820
-0.839552
-1.778733
-0.421214
-1.091380
-0.209590
-1.939412
-0.353591
-1.593157
-0.133056
-0.081649
-2.019958
-0.662881
-0.519605
-1.726361
-0.089371
-1.460165
-0.527665
-2.210083
-0.480179
-0.509449
-0.093585
-1.090655
-0.132752
-1.613792
-1.444533
-0.599566
-0.801432
-0.607471
-0.724550
-1.232517
-0.925922
-0.597482
-0.456909
-0.446966
-1.129187
-1.932936
-0.365751
-0.491347
-0.192539
-1.405624
-1.056556
-0.605888
-0.778446
-0.841367
-0.235100
-0.478461
-0.096627
-0.588217
-0.127248
-0.056343
-0.036769
-0.072353
-0.443790
-0.545082
-1.031578
-0.127443
-0.054970
-0.870725
-0.143569
-1.051697
-0.131228
-1.292331
-1.730314
-1.320563
-0.147875
-1.415658
-1.436770
-1.114396
-2.222236
-1.007204
-0.651211
-0.210800
-0.255792
-2.009773
-1.406844
-1.859928
-0.808153
-0.727281
-0.200430
-0.637487
-0.537152
-0.208921
-1.226989
-0.146179
-1.003836
-0.577191
-1.754929
-0.096753
-2.112693
-0.027865
-1.798690
-1.070542
-0.209626
-0.518333
-1.469808
-0.260623
-0.167378
-0.218165
-1.367085
-0.552087
-1.994722
-0.560692
-0.642545
-0.395569
-0.469090
-1.149014
-1.347219
-1.483353
-0.703117
-0.433316
-0.675822
-1.541099
-0.076218
-0.462377
-2.329488
-1.605591
-0.078807
-1.231433
-1.787742
-1.968236
-0.790048
-1.430537
-1.246291
-0.201162
-0.287159
-0.885269
-0.284544
-1.424000
-0.816155
-0.646505
-0.042418
-0.052919
-1.050692
-1.606313
-0.572523
-1.489760
-0.288584
-0.309042
-0.942047
-0.195239
-0.781760
-1.257969
-0.220597
-0.524355
-0.073484
-1.015458
-0.775445
-0.700372
-0.052398
-0.147382
-0.326561
-0.391721
-1.081633
-0.917515
-1.033596
-0.806782
-1.162379
-0.372255
-0.747770
-0.517996
-0.204978
-2.431186
-0.089201
-0.140541
-0.613218
-0.292867
-1.791973
-0.050022
-0.687191
-0.376917
-1.516836
-1.195430
-1.422143
-1.829274
-1.411422
-1.011308
-0.359442
-0.750199
-0.361369
-0.216991
-1.253125
-1.932331
-1.229028
-0.556938
-0.357774
-0.230719
-0.981185
-0.196655
-1.251746
-0.722932
-0.711557
-0.049231
-0.530990
-0.373642
-0.432514
-0.527807
-0.454030
-0.900242
-0.668409
-1.432261
-0.170320
-0.550768
-1.057984
-2.719210
-0.069023
-0.201081
-0.483512
-0.001010
-0.133399
-0.494638
-0.053538
-0.736930
-0.711771
-0.006522
-2.098729
-0.789998
-1.246529
-0.075937
-0.462233
-0.748155
-0.435324
-0.029020
-0.861881
-1.989920
-0.803063
-0.162282
-0.716819
-0.119266
-0.993171
-0.928314
-0.210981
-1.965749
-0.043927
-0.610370
-0.440250
-0.164829
-0.382869
-0.643375
-0.254292
-2.189228
-0.849252
-0.246601
-0.638879
-1.560424
-0.860320
-0.598961
-0.719537
-1.528744
-1.372331
-0.226867
-0.684003
-0.737027
-0.107930
-0.295936
-0.333122
-1.210367
-1.722118
-0.094385
-0.851214
-0.637273
-0.225893
-0.249702
-0.153574
-1.452896
-1.376093
-0.173038
-0.073591
-0.587164
-0.317126
-0.938013
-0.048991
-0.793037
-1.116858
-1.220319
-0.654283
-0.606839
-0.817216
-0.104417
-0.244510
-0.276371
-0.387316
-0.703177
-0.146461
-0.694623
-0.545900
-0.125924
-0.740195
-0.007148
-1.340900
-0.427401
-0.354521
-0.036422
-0.001004
-0.511640
-0.112376
-0.640716
-0.235921
-0.189749
-1.140008
-0.433670
-0.023494
-0.722064
-0.692182
-1.321326
-0.422612
-0.454188
-1.110859
-0.463968
-0.286499
-0.558513
-0.333399
-0.492603
-1.944903
-0.865442
-0.040643
-0.721386
-1.396041
-0.201547
-0.601558
-3.704175
-0.003452
-0.457489
-0.596488
-0.051478
-2.101135
-0.997769
-0.132444
-1.005931
-1.198983
-0.687003
-1.663741
-0.136881
-0.941823
-1.140775
-0.453653
-1.310575
-0.286792
-0.248368
-0.068316
-0.036695
-0.510061
-0.504493
-1.218136
-0.498314
-1.365790
-0.573025
-0.199906
-1.158319
-0.165665
-0.133278
-0.687733
-1.140434
-0.981716
-1.621211
-1.909386
-0.219159
-1.389520
-1.514790
-2.385982
-0.797048
-0.377254
-0.099011
-0.315761
-0.425216
-1.991473
-0.274503
-1.126269
-0.365865
-0.352140
-0.231186
-0.368816
-1.055364
-1.418102
-1.017323
-0.834221
-0.755617
-0.613374
-0.424033
-0.269896
-0.013786
-0.568597
-0.042902
-0.963428
-1.408335
-0.545836
-0.710015
-0.611025
-0.626822
-0.630679
-1.543628
-1.092768
-2.136384
-0.273010
-0.315502
-0.446584
-1.125347
-0.513464
-1.071742
-2.579474
-0.779501
-0.546255
-0.088985
-0.311421
-1.061052
-0.230451
-0.752629
-2.307056
-1.455525
-1.391715
-1.041582
-1.635245
-1.033343
-0.304869
-0.401890
-0.277720
-0.818240
-0.388375
-0.049113
-0.256075
-0.220066
-2.137867
-0.831963
-0.363326
-0.261510
-0.670564
-0.286744
-0.152876
-0.881050
-0.774717
-0.807101
-1.131878
-0.125464
-1.252918
-1.135808
-0.361493
-0.215910
-0.141907
-0.244950
-1.049089
-0.215367
-2.237897
-0.281753
-0.004814
-1.743234
-0.353668
-1.707153
-0.293998
-1.264599
-0.301187
-0.286715
-0.610907
-0.582356
-3.769099
-0.508151
-0.272632
-1.932531
-0.115157
-0.542306
-0.080908
-0.275031
-0.534026
-0.773236
-1.530129
-0.802962
-0.797443
-0.443444
-0.569101
-1.631147
-0.445521
-2.152611
-0.042230
-2.197904
-0.588189
-2.178685
-0.773251
-0.532891
-0.376870
-0.467474
-0.234337
-0.309492
-0.027070
-0.045240
-0.060021
-0.682687
-0.033566
-3.033956
-0.739260
-1.208668
-0.396817
-0.415756
-0.827769
-1.119255
-0.330094
-0.878957
-0.160990
-0.058833
-0.950646
-1.254928
-0.359725
-1.075615
-0.209597
-0.263470
-0.841988
-1.678868
-0.076390
-0.427602
-0.467670
-0.513281
-1.039671
-0.121384
-0.908795
-0.320364
-0.283286
-0.084182
-0.515109
-1.531628
-2.013179
-0.765870
-0.472341
-0.266539
-0.220487
-0.255684
-1.551470
-0.766855
-0.458111
-0.658555
-2.413744
-0.249223
-1.507992
-1.243294
-1.443420
-0.181448
-0.307953
-0.184830
-0.835291
-0.394093
-0.556544
-1.481531
-1.589879
-0.152178
-0.396356
-0.602949
-0.162941
-0.277417
-1.380805
-0.203782
-0.167272
-1.506526
-1.557659
-1.201501
-2.405133
-0.019736
-1.182792
-0.688757
-0.814768
-2.955434
-0.763094
-1.069776
-1.642777
-2.401777
-0.793787
-0.223017
-0.820436
-0.135676
-0.946282
-0.887971
-0.391401
-1.440508
-0.806933
-1.431881
-1.410705
-0.842611
-0.857401
-0.716946
-0.557978
-0.544458
-2.618096
-0.505651
-0.062927
-0.428069
-0.152561
-0.201883
-0.586768
-0.295015
-0.678175
-0.818931
-1.157510
-0.258806
-0.462354
-0.654392
-0.796948
-1.616005
-1.555003
-2.384862
-0.490443
-0.850992
-1.808530
-0.320298
-0.816001
-0.295115
-0.780421
-1.588216
-1.766260
-0.043746
-0.347571
-0.144725
-0.069833
-0.342886
-0.301827
-0.235000
-1.009785
-1.292932
-2.154525
-0.694831
-0.921168
-0.633748
-0.094226
-2.384262
-1.147285
-1.058861
-0.112712
-0.722754
-1.098718
-0.132523
-0.227667
-0.651147
-0.687985
-0.830357
-0.283755
-0.562045
-0.049113
-0.738832
-0.565604
-0.746108
-0.450012
-0.919646
-1.075686
-0.676191
-0.804419
-0.771322
-0.783670
-0.537681
-1.059937
-2.467322
-3.307605
-0.117615
-1.930866
-1.293315
-0.292607
-1.493633
-0.447705
-0.586137
-0.143168
-0.678493
-0.472777
-0.139785
-0.912443
-0.863272
-0.230156
-1.135133
-1.506881
-0.844486
-0.481109
-0.026142
-0.260412
-0.417272
-0.747447
-0.338193
-2.242673
-0.252971
-0.487662
-1.190327
-0.636069
-1.236790
-0.754556
-0.448671
-1.957214
-1.052858
-0.045548
-2.341964
-0.096282
-1.917952
-3.816953
-1.962028
-2.103236
-0.408905
-0.845528
-2.635609
-0.191258
-0.395071
-2.584568
-0.865134
-0.445074
-0.236250
-0.083982
-0.314299
-0.212003
-1.000779
-0.385785
-0.986830
-1.133583
-0.245577
-2.393675
-0.637363
-0.032100
-0.333745
-0.734712
-0.862439
-0.483533
-0.400285
-0.130186
-1.276922
-0.204890
-0.098107
-0.095430
-0.581004
-1.225587
-0.855671
-1.545228
-0.431791
-0.529831
-2.327879
-1.995263
-0.073807
-1.373871
-0.022727
-0.222044
-0.403059
-1.109243
-0.065624
-0.671397
-1.058337
-1.264371
-1.543873
-0.189785
-1.536241
-1.392599
-2.331332
-1.128270
-0.572148
-0.011760
-0.129831
-0.689912
-0.192247
-1.334875
-0.316553
-0.085562
-0.879508
-0.577461
-0.738958
-0.284023
-1.007936
-1.272139
-0.733153
-1.173502
-0.299667
-1.570866
-0.697427
-0.370692
-0.011531
-1.931240
-0.802153
-1.599762
-1.048728
-0.026097
-0.006333
-0.616340
-1.076828
-0.437141
-0.998915
-0.628626
-1.914356
-0.635832
-1.868413
-0.148686
-0.219754
-1.731149
-0.186193
-0.609869
-1.015807
-0.297255
-1.055554
-0.566185
-0.650295
-0.962864
-1.047371
-1.639094
-0.589630
-2.718286
-0.130521
-0.556605
-1.138096
-2.003719
-1.333475
-0.026568
-1.204624
-0.417378
-0.861628
-0.031435
-0.517177
-0.863693
-0.184356
-0.159028
-0.561111
-0.856395
-0.253328
-0.512345
-0.212976
-0.500185
-0.647111
-1.248108
-0.940293
-1.138684
-0.476049
-0.037974
-0.541295
-1.691301
-0.990835
-0.093316
-1.236642
-0.499578
-0.149265
-0.366601
-0.930129
-0.843297
-1.044898
-0.047933
-1.990235
-2.551909
-0.700113
-0.479113
-0.076121
-1.995682
-0.402918
-1.024691
-0.575545
-0.294817
-1.194313
-1.029952
-0.550613
-3.177445
-1.705219
-0.276866
-0.101831
-0.875644
-1.219147
-1.815656
-1.536176
-0.869374
-0.143545
-1.482471
-0.876860
-0.070867
-0.865092
-2.436051
-0.714959
-0.980727
-0.343465
-0.851051
-0.972398
-3.304686
-1.352341
-0.082757
-0.111126
-1.425199
-0.035409
-0.082856
-0.190744
-0.065407
-0.564080
-1.030570
-0.417304
-0.718248
-0.028194
-0.022883
-0.076797
-0.277001
-0.611419
-0.671229
-0.691484
-0.163836
-1.471717
-1.080991
-0.753326
-0.089687
-0.834646
-0.263838
-0.388539
-0.653212
-0.081430
-0.839900
-0.913883
-0.343083
-0.110110
-0.389658
-0.307199
-0.037472
-1.104951
-0.852794
-0.106225
-1.465685
-0.669018
-0.760482
-0.648247
-0.835082
-0.074532
-0.095677
-0.715264
-0.092382
-1.734976
-3.962004
-0.746891
-0.723623
-0.071713
-0.707127
-0.131675
-0.022323
-0.902950
-0.172946
-0.719496
-0.377016
-0.285224
-0.130641
-2.091824
-0.243790
-2.402988
-0.558396
-1.456372
-0.118364
-0.217025
-0.331642
-0.396016
-0.259151
-0.198710
-0.853665
-0.218659
-1.113275
-0.495762
-0.232049
-1.078251
-0.004874
-0.768418
-0.926294
-0.392695
-0.453521
-0.319963
-0.794455
-1.257631
-0.981037
-2.186315
-0.554265
-1.003666
-1.606446
-0.782972
-0.643211
-1.788122
-0.699164
-1.051447
-0.228839
-0.032675
-0.190101
-1.778863
-0.572994
-1.921922
-0.807311
-2.323630
-0.174395
-0.245596
-1.202099
-0.123156
-0.359310
-0.519668
-0.541165
-1.023952
-0.574331
-0.381642
-0.741878
-0.224903
-1.699983
-0.024638
-1.526784
-0.011315
-1.404882
-0.461240
-1.606082
-0.597563
-0.347753
-0.902042
-1.300484
-0.588899
-0.450540
-0.023011
-1.202338
-0.686654
-1.664921
-0.460435
-0.258012
-0.057952
-1.118342
-0.313475
-2.126129
-0.137761
-0.782402
-2.505424
-0.090488
-1.709621
-0.744345
-0.359568
-0.477248
-1.220038
-0.382920
-1.641422
-1.065098
-2.055492
-1.623445
-0.520627
-0.085645
-0.606803
-0.830468
-2.112983
-0.048364
-2.191135
-0.261889
-1.510025
-0.637304
-0.484612
-0.022129
-0.122488
-0.615257
-1.035222
-0.370916
-0.029593
-0.612086
-1.371631
-0.713102
-1.023134
-0.115454
-0.328621
-0.941543
-1.602852
-0.030961
-0.106866
-1.029060
-1.125391
-0.621785
-0.410755
-0.880211
-0.762033
-0.598462
-0.258933
-0.513130
-0.400473
-0.399957
-1.105585
-3.738171
-0.892289
-1.340535
-1.183379
-1.867756
-0.055999
-0.659382
-1.298380
-0.401005
-0.905479
-0.656354
-0.018559
-0.813046
-0.506606
-1.768012
-0.046830
-0.936673
-2.177100
-1.642283
-0.070851
-0.045888
-0.445472
-1.418900
-0.336543
-0.344898
-0.012383
-1.428357
-1.003646
-1.163866
-0.410310
-0.746494
-0.160967
-0.915042
-0.167616
-0.124199
-0.236471
-0.616022
-1.096519
-2.227133
-3.203365
-0.155485
-1.439104
-1.341086
-2.270232
-0.584171
-0.758238
-0.866188
-0.863025
-0.794672
-0.553497
-0.030863
-0.202453
-0.896801
-2.529134
-1.225583
