-0.332587
-0.421994
-0.081499
-1.976681
-0.823194
-1.844778
-3.638556
-1.802030
-3.405399
-1.828476
-1.535988
-0.438887
-0.643268
-3.248491
-2.369368
-1.408844
-1.070822
-0.801750
-0.331184
-1.069680
-0.789653
-0.356060
-0.225295
-0.073363
-1.141921
-0.225635
-1.219182
-0.975256
-1.559488
-0.304373
-0.190854
-5.079072
-1.683849
-2.352114
-2.116115
-0.822827
-0.216126
-2.428236
-0.927060
-0.889284
-0.383919
-1.780133
-4.080247
-1.525721
-1.433133
-3.734809
-3.474373
-1.515775
-2.351368
-0.048897
-2.918073
-0.995431
-0.465110
-0.022112
-0.472616
-0.136666
-3.331912
-0.264912
-3.363280
-0.190851
-0.274085
-2.745570
-1.360132
-2.232902
-0.286020
-0.237045
-0.089880
-0.761079
-1.239510
-2.344526
-1.830882
-2.107086
-1.430026
-1.699754
-0.564835
-1.757191
-0.626891
-0.248932
-2.005679
-0.991253
-0.628697
-2.417908
-0.095595
-0.307611
-1.532264
-3.296505
-1.029491
-1.037453
-0.461200
-0.055741
-0.374956
-0.018202
-0.321805
-1.122411
-1.011476
-0.700647
-0.760648
-1.695480
-0.087019
-1.641102
-0.641817
-0.131796
-0.755982
-0.846068
-0.594653
-0.306177
-1.772677
-0.329141
-1.695531
-0.314608
-1.349334
-0.044787
-0.039370
-0.708543
-0.782344
-0.766863
-1.634892
-0.355209
-1.158807
-1.812555
-0.640233
-0.173519
-0.217977
-0.612957
-0.933779
-0.151821
-0.270107
-0.011192
-1.351357
-0.484742
-0.038989
-4.209224
-0.194630
-2.432729
-0.173018
-0.048001
-2.333097
-1.830436
-3.439228
-0.846859
-1.112775
-0.866388
-0.409983
-1.055525
-0.271272
-0.098391
-0.753540
-1.225421
-1.279324
-0.325722
-1.922719
-0.492883
-0.471415
-1.189824
-1.738051
-0.235530
-1.196282
-0.494870
-1.123066
-0.329815
-2.679396
-2.261550
-1.823807
-0.391408
-0.005076
-0.617106
-0.025602
-0.517234
-2.167046
-0.283302
-0.087449
-0.867589
-0.981177
-1.000351
-2.388110
-1.354053
-0.707184
-1.784504
-1.006669
-3.222107
-0.994891
-0.926429
-0.348415
-0.056108
-0.196506
-0.271855
-0.327231
-0.837674
-0.901069
-0.616617
-2.576822
-0.438105
-0.416920
-1.019426
-2.821267
-0.281334
-1.306302
-0.399112
-2.101468
-0.210227
-0.159970
-1.635998
-1.985456
-3.040522
-1.448124
-0.011246
-0.435764
-0.049400
-1.118058
-0.168230
-4.082519
-1.136880
-3.146944
-0.764561
-0.347815
-4.974703
-0.948077
-3.000506
-0.605388
-0.114291
-0.709909
-0.045050
-0.180125
-0.305141
-0.213306
-1.527997
-1.759997
-1.725513
-0.240752
-1.151775
-1.218136
-2.420556
-1.681761
-0.440256
-0.400859
-2.420017
-0.092219
-2.794917
-0.839532
-2.496447
-1.245836
-0.030754
-1.543272
-0.344250
-2.121923
-3.580238
-0.268818
-0.013578
-2.528772
-0.607380
-0.902125
-0.527960
-1.799831
-1.078210
-0.272111
-0.518199
-0.815318
-1.589052
-1.295555
-0.030862
-1.601194
-0.028151
-0.122590
-0.137676
-1.210822
-0.159504
-0.449490
-1.703241
-0.453903
-2.397409
-0.473664
-1.091088
-0.055339
-0.954099
-0.355960
-0.011091
-1.664901
-1.874257
-3.070670
-1.443372
-2.430014
-3.997411
-0.067465
-0.346428
-1.744682
-1.400244
-1.223703
-2.915924
-1.912554
-0.042847
-1.093700
-2.817684
-0.128550
-0.402774
-0.025885
-2.336484
-0.561464
-0.855375
-0.210683
-2.102302
-2.210002
-0.287191
-1.813968
-1.091384
-3.460001
-0.999754
-0.714739
-0.462682
-0.073554
-1.154024
-1.126031
-0.944538
-1.381446
-2.821142
-1.144552
-0.256024
-0.111822
-1.328700
-1.300452
-1.186581
-0.351541
-0.545454
-0.779742
-3.126092
-2.220749
-0.563988
-0.809902
-0.931502
-1.795063
-2.690268
-2.388477
-2.089314
-1.651186
-3.666883
-2.566824
-1.622057
-0.340184
-0.622409
-0.893185
-1.093240
-1.194490
-1.709210
-0.885955
-2.328566
-0.764058
-1.414421
-0.103441
-3.253594
-0.250506
-0.338947
-0.754097
-4.067782
-2.846927
-0.226502
-0.093889
-1.376485
-0.826426
-1.010975
-1.811024
-1.080523
-2.198561
-0.269806
-1.646275
-0.863924
-1.945324
-1.215290
-0.821001
-1.477533
-2.017428
-1.047135
-0.946898
-2.500071
-0.465420
-0.844064
-0.386651
-2.146015
-0.083189
-0.595132
-0.932302
-1.113779
-0.437787
-1.567024
-1.676363
-3.015932
-3.403302
-0.270493
-0.264170
-0.872167
-0.395482
-0.642278
-0.050416
-1.287691
-1.193192
-3.524009
-2.010477
-2.356538
-0.508604
-1.352931
-0.456464
-1.490783
-0.768945
-0.767643
-0.319483
-0.276981
-0.363694
-1.547466
-0.507772
-1.230956
-0.374783
-2.046979
-1.179047
-4.365201
-0.168670
-0.245433
-1.019656
-0.082808
-0.722354
-0.087191
-3.193859
-2.750679
-0.479555
-0.574417
-3.822189
-2.853196
-0.639713
-0.400204
-2.397487
-1.558259
-2.119976
-1.131429
-1.486795
-1.847325
-1.816698
-0.529377
-1.772060
-0.678274
-0.047531
-0.906482
-0.273967
-0.597385
-0.622858
-0.813755
-1.539542
-0.045907
-0.060199
-0.461962
-0.094635
-1.010269
-1.234682
-1.436975
-0.530071
-0.234309
-1.235809
-2.271514
-2.288365
-0.084684
-1.282181
-1.648003
-0.845454
-3.888896
-0.392408
-0.435805
-0.841086
-0.191216
-5.176033
-1.774427
-0.857758
-0.794375
-3.048388
-0.067127
-2.919062
-0.364082
-3.037684
-1.365217
-0.432206
-0.739591
-0.325876
-2.126921
-1.109143
-1.846949
-0.627426
-1.955176
-0.485897
-0.180454
-1.496621
-0.917015
-1.065845
-0.278072
-1.485578
-1.733186
-1.691920
-4.155879
-0.852211
-1.604884
-3.275276
-0.790563
-0.025603
-1.014627
-0.434581
-0.665865
-1.026571
-1.234127
-1.812473
-1.552115
-2.308147
-1.208199
-0.202458
-3.802220
-1.211679
-0.884099
-1.477809
-0.574133
-0.200600
-1.000780
-4.999689
-1.333703
-3.958195
-0.156635
-0.604945
-1.154475
-0.606360
-0.245196
-0.483177
-0.718105
-1.417217
-0.318309
-3.818894
-1.248761
-2.660151
-0.281362
-1.296203
-0.894968
-1.510137
-0.659666
-0.722178
-0.205790
-1.156943
-1.961380
-1.618347
-1.826861
-1.819527
-0.039423
-2.996892
-3.755643
-0.064395
-2.753138
-2.780528
-0.426847
-3.926181
-0.643016
-0.467571
-1.749572
-0.610249
-0.762686
-2.578141
-1.697128
-0.060935
-0.037029
-1.716369
-0.852449
-0.560915
-0.776743
-1.117405
-0.378760
-0.370774
-3.322270
-1.017692
-1.661021
-1.126321
-0.098776
-0.485374
-0.597323
-0.433076
-0.324570
-0.988932
-1.731826
-1.139341
-0.534580
-0.206096
-0.836874
-0.074245
-0.554110
-0.880508
-0.353052
-0.120174
-1.299922
-0.121470
-1.026789
-2.555330
-0.383551
-0.302865
-0.579798
-0.941931
-0.691894
-0.942862
-0.989533
-1.211798
-0.978391
-0.756791
-0.160194
-1.972517
-0.098155
-2.539543
-0.150825
-1.472990
-0.601484
-3.310893
-0.339262
-0.923912
-2.115772
-0.208925
-0.212002
-0.743214
-1.054244
-0.520836
-0.961143
-0.147716
-0.561122
-0.355100
-0.273433
-1.268020
-0.837818
-1.744056
-0.116534
-2.675036
-2.894492
-0.273825
-1.476470
-1.479591
-1.560753
-1.999513
-0.684215
-0.759175
-1.542487
-3.437697
-0.465587
-1.940076
-0.994729
-0.855402
-0.711782
-3.596144
-0.210609
-0.298398
-1.433714
-1.288789
-1.305407
-1.081783
-0.599966
-2.231547
-1.407568
-0.993123
-0.429121
-0.059644
-1.472910
-1.604910
-2.662950
-0.738259
-0.957279
-0.268643
-0.319509
-0.320506
-2.839085
-5.682095
-1.545844
-3.413413
-1.801487
-0.221517
-0.682635
-1.261090
-0.185974
-1.840540
-0.891185
-1.392642
-0.378444
-0.104932
-0.101063
-1.804321
-0.202434
-1.458278
-1.579322
-0.947547
-0.257820
-0.000688
-0.219851
-0.951462
-0.746464
-0.432323
-1.562103
-3.349486
-1.661893
-0.783783
-0.510843
-0.181164
-0.167884
-1.172257
-1.722606
-0.783282
-4.377042
-0.143100
-0.465658
-0.213847
-0.759808
-0.340215
-0.599575
-0.794680
-0.047774
-1.734392
-1.074548
-0.257084
-0.041348
-0.003959
-0.206565
-2.923392
-0.399850
-2.040805
-1.169996
-0.874624
-3.519761
-0.957244
-1.313013
-0.518940
-6.477698
-0.548727
-3.423752
-0.166097
-0.407152
-2.066257
-1.161069
-0.838100
-0.914171
-1.938387
-1.930012
-0.052001
-0.953523
-1.295371
-0.566184
-0.327434
-2.810353
-0.125510
-2.373229
-0.124245
-0.614617
-1.267921
-0.239418
-1.691255
-3.236497
-2.029930
-1.239028
-1.862829
-2.968713
-0.205198
-1.378571
-2.695713
-3.114402
-0.141736
-3.345392
-0.033258
-0.103573
-2.685304
-1.784642
-0.322280
-0.110644
-0.058873
-3.037963
-1.720229
-0.314871
-1.649498
-0.187819
-2.814432
-1.099914
-1.382448
-1.272560
-0.010986
-0.876947
-0.600428
-0.068583
-0.645334
-1.715981
-1.153790
-0.986609
-0.623898
-3.692937
-0.872976
-1.629737
-0.700901
-0.285647
-0.165515
-0.789735
-0.793502
-0.381703
-0.432006
-2.547149
-0.574019
-0.083932
-1.833973
-4.116597
-0.814175
-6.264954
-0.520789
-0.006976
-0.875324
-0.235677
-0.686680
-0.132101
-1.089087
-0.046920
-0.352920
-1.958167
-2.576610
-0.040174
-0.370499
-0.483037
-2.215647
-0.064296
-0.199043
-0.971141
-2.095140
-0.366891
-1.401571
-0.196792
-2.219433
-0.174848
-1.827364
-0.738747
-0.166573
-0.474220
-4.201485
-1.420556
-2.098947
-1.683107
-2.709026
-3.337714
-0.399500
-1.517727
-3.659804
-0.453378
-2.010564
-1.446131
-1.245644
-3.737156
-2.982211
-1.376834
-0.396382
-1.343399
-0.885840
-0.460894
-0.328571
-0.980238
-1.337769
-0.030525
-0.380815
-1.792718
-1.919053
-0.159610
-1.029458
-0.119632
-0.034078
-0.199221
-1.592701
-2.618102
-1.301184
-1.160337
-1.935594
-1.911390
-2.356968
-1.690680
-0.238011
-1.044100
-1.971229
-0.779719
-0.467281
-2.601140
-0.049063
-2.399236
-0.375235
-1.689508
-1.651232
-0.607668
-2.613700
-0.725773
-0.347477
-0.562125
-4.419655
-0.287916
-0.253629
-0.021781
-2.153182
-0.955772
-1.237462
-0.531631
-2.089190
-0.283660
-0.380424
-0.192469
-0.921257
-0.106625
-1.321745
-2.515005
-0.782866
-0.653709
-0.440315
-0.985433
-0.094855
-0.372012
-0.691897
-2.266344
-1.099335
-1.057136
-1.175368
-2.065458
-0.195215
-1.633985
-2.021974
-1.315340
-0.947583
-0.032737
-2.285959
-0.926745
-0.938343
-1.398299
-0.461735
-2.888642
-0.473855
-1.003998
-0.173686
-1.265870
-2.346388
-0.830519
-1.732389
-3.876596
-0.504362
-3.658499
-1.182415
-0.643909
-1.222848
-0.276219
-0.695679
-0.020844
-3.934499
-2.651227
-0.565537
-1.980914
-2.425925
-0.467391
-1.911242
-0.032814
-0.416397
-0.901831
-2.040164
-0.199408
-2.967098
-1.853128
-1.373831
-0.851108
-0.786745
-2.413847
-0.473317
-0.442899
-0.082107
-2.143287
-0.076880
-1.604509
-1.588299
-3.134122
-0.331448
-0.117920
-1.201164
-0.270891
-0.357328
-1.484145
-0.717842
-1.236634
-0.780393
-0.604655
-0.689149
-1.138608
-3.114128
-3.862798
-0.233944
-2.192304
-4.551397
-2.450639
-0.056296
-0.706216
-1.192016
-0.062317
-0.360749
-2.041444
-0.675954
-3.258145
-1.691360
-0.045771
-1.084399
-1.783864
-1.159900
-4.978929
-1.492238
-0.193785
-0.007939
-0.398050
-1.388615
-0.299619
-0.915212
-2.642865
-0.898476
-0.767459
-0.497449
-0.814237
-1.653927
-0.291260
-1.303407
-2.112733
-0.172002
-3.666528
-0.485168
-2.074279
-0.725165
-1.181591
-2.935253
-1.752645
-0.826516
-2.168206
-1.926688
-0.705879
-0.115311
-0.698595
-0.339433
-0.172878
-0.801948
-1.650144
-0.219116
-1.247762
-0.472052
-2.863047
-0.180470
-0.374788
-0.484677
-0.379873
-0.112542
-2.069256
-3.394658
-0.156404
-3.973353
-0.465224
-0.129499
-1.126459
-0.687120
-0.261831
-1.296159
-0.003989
-0.198646
-1.872895
-0.259754
-0.324072
-0.158800
-1.382067
-2.605019
-2.594590
-1.886127
-1.418508
-2.387919
-0.548079
-0.720973
-4.354733
-1.026363
-0.313248
-1.679140
-1.267566
-0.427716
-1.467166
-0.326171
-1.904603
-1.987506
-0.232688
-0.083569
-0.175472
-0.090642
-1.792677
-2.511426
-0.308896
-0.502704
-0.759741
-1.340832
-1.030838
-0.253516
-1.060952
-0.647318
-2.021563
-1.062084
-1.068515
-0.847308
-0.754017
-1.314232
-1.249302
-1.494556
-0.808550
-0.051832
-0.060564
-0.418445
-3.918912
-1.669885
-0.322625
-1.633057
-2.203989
-2.954967
-0.536115
-2.547228
-0.125176
-2.264088
-2.191714
-0.027713
-0.891580
-1.020816
-0.213745
-0.522446
-1.146132
-0.911460
-0.725193
-3.191450
-1.129683
-0.481578
-0.807773
-1.516195
-1.812204
-0.617620
-0.906250
-0.603803
-0.823599
-1.186893
-0.667967
-4.295356
-1.211227
-0.046784
-0.636789
-0.409032
-1.271222
-0.295065
-0.325459
-0.109282
-0.052419
-0.272790
-1.290059
-1.768567
-2.328502
-0.329122
-0.376381
-0.261057
-0.439314
-0.084794
-0.313080
-0.522119
-0.206668
-0.652526
-0.003474
-0.976714
-0.331213
-0.257292
-0.984833
-1.309048
-0.358597
-0.225130
-0.288114
-0.004158
-0.079293
-0.147770
-1.763543
-4.624861
-0.577180
-2.043318
-0.147686
-2.742032
-0.560925
-0.765784
-2.176707
-0.102463
-0.015573
-2.189757
-2.703606
-0.007806
-0.342318
-0.270263
-2.329150
-0.415546
-1.246703
-1.010688
-2.273574
-0.566475
-3.202390
-0.341960
-0.440321
-0.060143
-2.616905
-1.733641
-0.011262
-0.464223
-0.866651
-0.459770
-5.064180
-1.492789
-0.613671
-1.746659
-0.376066
-0.012339
-0.479342
-1.220530
-0.642186
-1.523988
-7.055012
-2.129932
-2.910399
-2.096898
-0.043868
-0.364356
-1.901834
-1.116654
-0.253549
-1.342806
-0.004887
-0.710731
-0.601161
-1.396946
-2.441971
-2.436493
-0.775371
-1.358980
-1.799517
-1.300944
-0.348351
-1.121605
-1.284703
-0.107539
-2.381760
-2.175373
-1.749205
-1.632136
-2.702856
-0.565355
-1.049512
-1.248235
-0.676161
-0.151250
-0.985784
-0.653575
-0.217563
-0.542083
-0.272156
-1.567664
-1.392207
-0.167609
-0.356959
-0.326788
-0.398597
-0.415385
-0.164158
-0.593912
-0.603425
-0.032087
-0.179991
-0.670311
-1.078649
-3.049964
-2.251419
-0.704927
-1.640865
-0.039153
-0.079401
-0.496604
-0.447340
-2.048993
-0.199478
-0.378722
-1.165626
-0.730698
-1.766758
-0.448823
-0.726334
-1.099610
-1.674601
-0.527668
-0.571650
-2.325738
-0.750340
-0.743043
-3.817026
-2.237423
-0.841608
-1.972654
-0.002048
-1.049224
-0.515515
-0.145061
-1.113533
-1.882674
-1.523324
-4.757579
-2.209035
-1.295393
-2.886240
-4.655346
-1.883497
-0.346503
-2.367925
-0.741054
-1.920647
-4.011110
-0.182770
-2.643979
-0.598079
-0.679114
-3.027444
-1.754795
-4.830417
-2.697740
-2.158832
-0.675228
-0.636297
-3.276093
-0.163797
-2.555233
-1.897972
-1.303109
-0.373628
-0.196735
-0.023965
-3.408963
-2.332512
-1.265358
-1.219655
-0.229957
-0.624496
-1.234595
-2.044303
-0.207747
-2.505609
-1.079527
-0.144969
-0.275703
-0.509894
-2.068890
-0.045480
-0.408631
-1.493347
-2.309297
-0.492975
-0.503433
-0.480926
-0.042297
-0.145514
-2.032875
-1.711922
-1.492343
-0.480268
-0.439807
-0.006678
-0.254513
-0.437373
-0.603027
-1.422373
-0.554974
-2.951407
-0.966851
-0.661585
-2.994033
-1.146575
-2.046107
-0.105897
-0.412517
-1.657081
-2.971856
-0.940298
-0.374490
-1.386494
-1.185382
-0.752978
-0.085974
-0.046946
-0.042118
-0.763809
-2.899125
-0.062180
-0.626591
-1.205466
-0.786142
-0.042408
-0.337231
-0.976192
-0.798164
-0.760986
-0.241925
-1.983412
-1.670145
-1.216055
-3.063609
-2.207619
-2.493794
-1.069556
-0.082053
-2.126659
-0.721080
-0.649593
-0.527634
-0.108933
-0.847601
-2.134524
-1.852678
-0.223776
-2.223262
-0.286764
-1.121733
-1.910473
-0.540405
-0.775139
-1.363968
-0.355247
-0.400175
-0.795135
-2.053776
-0.549797
-0.942810
-0.410798
-0.621531
-0.077912
-0.761621
-0.079817
-2.838648
-0.149769
-4.882153
-1.662994
-3.289993
-1.863653
-0.150816
-0.998372
-0.651500
-2.858725
-2.746214
-1.091340
-1.545630
-0.115920
-0.086765
-1.514507
-0.993779
-0.960416
-0.100328
-0.908574
-1.182275
-0.257290
-0.314114
-1.429196
-0.801002
-2.143341
-1.035376
-0.029748
-0.308333
-0.214662
-0.679783
-0.091488
-0.546648
-0.761598
-0.771913
-0.137046
-0.872477
-0.170224
-0.605609
-0.440706
-0.768631
-0.658709
-0.461507
-0.527238
-0.457236
-0.969357
-0.459795
-0.380446
-1.293264
-0.100131
-0.013173
-1.486361
-1.551120
-0.131024
-0.350449
-1.184679
-0.105112
-1.105682
-1.432946
-2.841269
-0.303436
-1.794110
-2.065390
-3.053559
-0.094281
-0.187231
-1.509231
-0.257004
-0.985761
-1.973795
-1.492144
-0.622512
-1.358266
-3.131026
-0.331916
-1.753878
-0.806315
-3.612971
-1.476662
-0.759903
-0.645209
-0.533140
-1.102003
-1.886343
-0.836185
-0.957936
-1.608348
-1.384335
-0.301842
-1.983553
-0.939865
-0.034199
-1.333120
-0.069248
-0.135624
-2.831286
-1.673503
-0.111752
-0.719115
-0.902185
-1.215013
-0.169821
-0.930417
-0.414508
-0.839984
-1.211595
-0.143621
-5.353989
-0.769473
-0.002769
-0.558159
-0.689882
-1.001135
-1.415955
-0.650970
-0.688231
-1.506815
-0.651311
-0.691844
-0.358638
-3.653545
-0.129620
-0.536289
-0.142793
-3.041915
-0.619433
-5.934516
-0.288848
-0.115626
-2.134627
-4.053277
-0.875621
-1.576524
-4.122424
-1.691031
-0.431692
-0.060744
-1.046921
-1.523769
-1.954531
-0.216115
-0.327217
-1.127147
-0.622659
-0.209313
-1.930654
-0.444797
-5.132598
-1.655513
-1.101649
-2.688477
-1.734197
-0.014932
-0.982974
-0.387068
-0.656886
-0.910291
-2.072087
-0.282991
-0.525214
-2.010562
-1.388821
-0.411124
-0.062081
-2.303907
-3.671011
-1.190536
-0.087392
-0.896865
-2.551511
-0.502183
-1.210975
-3.424155
-1.905356
-0.585382
-1.817465
-1.491599
-1.203142
-1.204059
-0.613712
-0.178279
-2.100236
-0.436568
-2.148225
-0.437692
-1.131992
-2.261374
-0.392676
-6.739844
-1.134339
-2.931684
-1.238332
-0.583068
-0.213098
-2.893305
-2.689546
-0.747515
-1.360070
-0.377646
-0.471295
-2.221844
-1.100116
-0.908458
-1.173485
-1.749937
-2.470368
-1.019124
-0.343799
-2.133514
-0.619177
-0.119040
-1.145206
-0.594102
-2.069483
-0.543945
-1.256753
-2.342022
-0.847821
-1.393631
-0.006732
-0.818975
-0.292537
-0.043244
-2.587710
-1.879991
-0.888944
-1.388142
-1.870147
-0.356458
-0.229505
-1.260260
-0.645600
-1.870008
-0.158556
-0.120863
-0.119805
-1.463762
-1.000018
-0.677490
-1.213612
-0.744086
-0.280506
-0.227953
-1.147976
-0.228411
-0.572364
-0.310252
-0.735813
-3.564196
-0.167204
-2.194154
-1.768989
-1.030817
-0.686060
-1.239537
-0.762312
-2.786266
-0.318805
-0.453522
-0.549339
-1.033986
-1.446229
-0.390222
-1.136570
-1.587691
-3.074588
-1.139040
-0.229018
-1.183959
-1.411593
-1.246094
-1.663828
-0.016172
-2.085405
-0.438138
-1.182197
-0.036244
-2.172407
-0.436723
-0.163012
-3.582281
-2.665955
-0.147128
-0.447823
-4.061930
-1.880739
-1.499467
-0.522119
-1.487215
-1.085009
-1.407265
-0.541913
-1.866345
-0.021231
-0.662813
-1.986188
-0.876293
-1.757522
-1.031590
-0.531461
-0.097737
-1.182153
-0.559991
-3.616909
-0.656808
-0.062778
-1.823212
-0.149601
-1.043641
-0.442161
-1.756426
-4.827793
-0.045592
-0.827098
-0.976606
-0.431626
-0.146924
-1.567242
-0.175196
-1.016299
-2.339364
-2.054891
-0.602264
-0.057435
-0.066049
-0.598801
-0.010741
-0.419496
-2.015069
-1.674143
-1.941424
-0.370464
-3.210351
-0.506449
-0.078339
-1.772882
-0.124611
-1.134421
-0.821869
-0.230697
-0.518204
-0.567716
-0.332423
-1.398197
-1.508025
-2.274921
-3.120223
-0.250847
-0.906264
-2.774629
-0.086388
-0.336404
-0.955969
-0.186896
-0.044664
-0.852539
-2.171779
-2.447479
-0.459961
-1.830739
-1.632293
-0.235141
-0.029416
-1.760082
-0.482320
-1.323447
-0.757586
-0.711405
-0.082162
-0.302889
-0.329409
-1.863605
-3.013514
-0.604328
-0.299953
-1.925509
-2.962859
-0.419339
-1.070693
-1.428084
-0.828983
-0.035358
-1.006646
-1.898022
-0.372186
-0.158704
-1.041787
-1.728363
-2.986914
-1.472128
-0.124061
-1.047553
-0.196797
-1.252314
-3.945089
-2.710274
-3.685534
-0.845387
-0.678410
-0.460489
-0.047095
-2.494157
-1.585937
-2.601247
-0.516813
-0.169608
-2.278164
-0.424101
-1.922413
-2.703574
-3.218835
-1.086663
-2.496486
-0.290237
-1.107407
-0.000141
-2.330849
-2.022137
-3.066861
-0.369218
-0.060516
-0.840225
-0.709269
-2.066091
-0.003502
-1.211045
-0.789043
-1.933178
-0.878308
-0.409227
-2.037401
-0.710844
-3.208612
-1.461108
-2.527660
-0.216286
-0.167141
-2.421222
-1.151581
-0.505799
-2.109945
-2.444739
-0.187989
-0.518442
-0.779039
-1.238025
-1.476744
-1.424784
-1.045226
-3.139558
-1.760824
-2.071583
-0.088221
-2.598813
-1.816895
-0.828377
-1.117435
-0.974991
-0.469948
-3.538590
-0.291328
-0.123236
-0.478783
-0.565907
-1.779465
-1.338469
-1.478833
-0.308317
-0.941612
-0.742430
-1.785456
-0.537196
-1.502233
-0.474112
-1.826030
-0.504199
-0.966225
-0.047498
-0.082921
-2.112631
-0.704379
-1.129090
-1.031349
-0.964195
-1.645782
-0.609745
-2.053882
-1.189534
-2.586616
-1.279623
-1.682606
-0.784071
-1.190122
-1.021470
-3.027953
-0.453734
-0.441565
-0.138437
-1.641177
-2.011322
-0.912724
-3.391233
-0.215506
-1.921362
-0.003093
-1.464591
-0.140532
-0.535575
-0.551335
-0.233472
-0.015829
-0.839386
-3.243664
-1.461270
-0.040062
-0.055579
-2.202259
-4.576981
-0.174175
-2.618113
-0.133249
-0.234793
-0.040579
-0.962114
-1.389226
-0.012769
-1.093574
-2.482883
-2.111132
-2.034999
-0.079697
-2.455983
-1.456093
-1.833140
-0.545153
-1.539837
-0.865759
-3.654453
-0.251986
-0.575830
-0.225203
-0.150026
-1.267591
-2.682603
-3.223229
-2.821543
-0.158062
-1.900237
-2.988072
-2.227955
-0.872515
-0.875115
-2.137174
-1.004524
-2.182725
-0.127376
-2.493790
-0.275964
-0.864114
-0.735263
-0.018715
-0.720522
-0.497324
-0.347983
-0.400121
-1.957104
-0.504960
-2.880299
-0.672472
-0.093694
-0.368738
-1.343249
-1.276306
-0.750803
-0.412806
-1.178652
-0.181059
-1.347571
-1.306048
-2.968001
-0.542453
-0.148549
-0.263542
-2.494768
-0.067356
-2.416328
-0.072555
-0.001141
-0.005367
-2.370950
-0.901880
-0.710637
-0.884742
-1.793801
-0.263711
-1.303750
-1.038615
-0.817620
-2.067575
-0.579578
-1.971764
-2.970940
-0.262667
-1.330596
-2.851101
-1.284853
-0.759882
-2.415496
-0.763372
-0.055786
-1.364353
-2.080660
-1.573359
-0.335951
-1.147229
-0.036558
-0.272987
-0.031709
-3.342876
-1.533482
-0.411502
-0.632252
-0.224059
-0.418807
-0.363809
-0.461141
-0.764261
-0.018459
-0.117503
-2.180330
-1.641134
-0.116939
-0.420994
-2.524055
-0.059538
-0.833333
-0.554240
-1.098687
-0.361454
-1.139207
-0.507214
-3.139259
-0.433182
-1.100222
-0.669437
-0.316445
-2.477796
-1.262287
-0.265111
-2.583071
-0.680398
-0.135727
-0.214753
-0.692433
-0.101173
-0.270713
-0.968398
-0.075839
-0.469771
-1.001222
-3.257777
-0.276806
-1.622671
-0.317819
-1.956587
-1.205804
-0.469301
-1.514346
-0.020126
-0.606881
-0.613008
-2.396429
-0.696854
-2.721780
-1.729488
-0.855088
-0.005233
-0.101631
-1.686887
-2.207392
-0.563411
-0.186819
-1.199936
-0.627030
-1.362516
-1.300823
-0.820982
-0.164692
-2.753160
-1.795676
-0.811552
-1.113466
-2.504058
-2.193838
-0.657060
-0.153285
-0.174181
-0.202098
-1.060448
-1.258218
-3.113985
-0.696861
-0.801574
-0.096627
-0.650344
-1.034985
-0.694070
-0.467108
-0.604080
-1.321051
-2.469436
-0.120156
-0.413238
-2.390533
-0.574674
-1.511222
-1.009000
-1.208444
-0.250521
-1.285373
-0.661586
-0.402305
-0.446318
-0.213617
-2.631723
-3.254310
-0.797307
-0.307943
-0.233539
-1.570541
-0.396224
-1.301618
-0.448900
-1.088351
-0.869233
-0.640527
-1.599787
-0.597350
-5.955546
-2.059395
-2.228635
-1.039670
-0.379158
-1.092138
-1.232817
-0.122852
-2.859918
-1.205436
-0.469959
-0.224879
-0.119634
-0.040983
-0.841440
-0.211291
-0.549572
-3.744293
-0.526636
-1.361260
-0.707826
-0.335540
-0.173249
-2.863229
-2.458781
-0.179441
-2.192598
-0.162120
-0.701755
-1.970527
-0.677835
-0.880062
-0.561538
-0.368841
-1.182572
-0.179287
-0.426954
-0.359968
-3.400019
-1.250670
-0.607751
-1.721312
-0.196876
-0.070192
-3.649001
-2.020138
-0.043479
-0.469013
-2.104674
-2.343916
-1.204415
-0.512092
-0.187157
-0.980683
-0.515616
-0.723508
-0.942964
-2.533339
-1.150132
-0.104112
-0.153413
-1.536928
-1.006826
-1.083877
-0.749940
-0.408155
-1.786776
-1.265773
-0.506830
-1.927542
-1.908054
-0.395656
-3.496440
-0.250970
-0.793116
-0.165999
-0.382592
-3.954681
-0.451298
-0.533676
-0.697651
-1.465663
-0.506615
-1.765984
-0.121616
-4.250880
-0.932232
-2.125149
-0.069953
-0.977142
-1.138633
-0.496760
-0.120988
-0.004664
-0.051582
-0.972950
-0.237863
-3.397953
-1.264371
-0.470176
-0.350039
-0.230453
-0.704285
-3.742025
-0.206914
-0.060613
-0.670321
-3.405007
-0.313949
-0.054744
-1.627479
-1.476017
-1.030022
-0.835483
-0.893260
-0.897838
-1.554151
-3.004890
-2.654679
-0.970050
-1.958871
-0.000330
-1.100586
-1.282936
-3.074644
-1.014735
-0.420251
-1.983311
-0.173467
-3.155936
-0.977651
-3.134229
-1.155889
-0.657727
-0.001902
-0.018488
-1.921908
-0.072862
-1.730621
-1.404462
-0.449147
-2.853891
-0.432484
-3.833520
-1.429395
-0.188564
-2.481571
-0.531809
-1.337944
-1.977011
-1.456490
-0.625728
-0.346359
-2.709222
-0.600269
-2.607221
-1.711039
-0.970325
-0.158042
-1.157427
-0.468239
-2.886658
-0.605412
-0.603374
-0.217986
-0.589955
-2.322893
-0.264600
-1.760260
-0.227497
-2.892694
-0.165042
-2.126451
-0.893997
-0.417983
-0.664498
-2.082275
-1.211460
-1.381286
-0.681402
-0.124048
-0.223051
-2.379814
-3.527598
-3.476686
-0.167101
-0.429258
-0.940753
-0.213975
-1.570033
-0.600534
-0.543584
-3.290771
-1.165811
-3.690044
-2.024174
-0.287989
-0.032052
-2.233318
-1.183416
-0.651248
-0.244182
-0.281531
-1.067210
-0.717550
-0.012700
-1.194159
-1.063464
-3.781361
-1.150764
-0.358350
-0.863292
-1.573607
-0.147500
-0.351452
-1.149101
-0.237275
-0.440980
-2.154761
-0.330470
-0.706848
-0.353136
-0.188883
-2.982178
-1.449933
-0.387427
-0.298318
-1.194156
-0.054843
-0.137987
-0.643006
-1.107763
-0.322503
-0.613089
-0.351980
-0.564871
-0.855033
-1.020657
-2.021592
-0.602378
-0.200643
-4.276441
-0.228405
-1.012134
-4.507370
-0.881282
-0.118907
-3.202856
-1.335813
-1.162370
-0.190533
-0.380162
-0.247948
-1.052495
-0.498086
-2.228088
-1.091850
-1.292743
-2.377190
-5.610157
-0.594276
-0.874977
-0.132427
-1.388155
-0.294865
-1.921461
-0.048521
-0.381941
-0.426483
-1.030558
-0.894527
-1.944432
-0.794432
-1.814444
-0.215475
-0.124629
-1.052001
-0.067997
-1.566372
-0.595036
-0.990879
-2.264865
-0.251259
-1.541429
-0.965048
-0.361214
-0.440644
-0.456129
-2.916607
-0.947328
-1.178382
-0.911021
-0.058086
-0.549639
-1.916832
-1.259641
-0.296973
-0.615167
-0.072792
-2.348941
-1.118978
-0.012663
-0.404950
-0.570122
-1.808827
-3.590568
-1.896256
-1.099784
-2.904145
-1.934234
-0.113453
-1.069259
-0.209393
-0.402667
-1.067316
-0.480747
-2.766741
-1.427591
-2.717729
-2.006989
-0.940222
-0.313527
-1.002560
-0.377050
-0.347933
-2.366797
-0.319240
-1.530762
-0.845140
-0.884368
-1.524907
-0.568053
-0.958644
-0.445393
-0.129801
-0.052239
-1.155236
-1.036288
-0.004288
-0.089013
-1.334294
-2.759676
-0.520649
-0.133615
-0.100766
-0.103916
-0.819362
-0.741535
-0.128060
-0.455244
-0.639508
-3.236621
-1.115567
-1.976111
-1.193539
-0.073538
-0.543647
-0.051551
-0.141368
-0.394093
-1.075675
-1.287501
-0.079628
-0.046099
-0.013250
-2.661367
-0.620652
-0.771037
-1.444602
-1.830390
-0.103842
-0.154023
-0.426971
-3.586959
-2.193589
-3.192147
-5.184370
-1.469178
-1.847003
-1.322084
-2.531608
-2.933230
-1.313360
-0.548695
-0.024184
-2.967648
-0.080567
-0.243547
-0.303731
-3.142753
-0.815904
-0.911722
-1.342165
-1.392743
-3.880430
-0.093406
-0.928896
-0.294693
-1.985870
-1.211349
-0.960630
-1.282036
-0.014003
-1.550607
-3.272223
-0.783123
-2.006189
-1.640345
-0.221499
-1.351427
-0.478024
-0.845810
-0.623671
-0.133071
-0.591862
-5.528714
-0.247993
-0.051631
-1.797258
-0.283547
-2.106515
-0.234515
-0.004293
-2.852511
-0.968430
-0.471359
-1.113405
-0.001985
-1.018289
-0.235585
-1.603908
-1.479369
-0.828377
-2.237348
-4.304397
-0.155032
-0.806501
-2.414158
-2.571291
-0.800086
-1.793615
-3.140342
-3.034126
-3.977597
-0.359273
-0.362419
-1.856929
-0.207012
-1.002645
-2.160891
-1.792983
-0.705275
-1.658908
-1.638249
-0.282440
-2.992488
-0.251075
-2.674089
-2.269891
-0.857604
-2.111545
-0.219011
-1.253402
-1.195860
-0.833121
-0.424122
-0.009859
