-1.018908
-1.446320
-1.672690
-0.446037
-0.185074
-0.010779
-0.048715
-0.710296
-0.915331
-0.035177
-0.345604
-0.388723
-0.805111
-0.544524
-0.052987
-0.796920
-0.187203
-0.347222
-0.198699
-0.128055
-0.185006
-0.946251
-0.335751
-0.703758
-0.062397
-0.101700
-0.278269
-0.600199
-0.569734
-1.746728
-4.476079
-0.288652
-0.196177
-0.337128
-0.993375
-1.272927
-0.434122
-0.906334
-1.423889
-0.814641
-0.038951
-1.802379
-0.149060
-1.207635
-0.400803
-0.259756
-0.236804
-0.251709
-1.020553
-0.431241
-1.821907
-0.150683
-1.508071
-1.414686
-0.989429
-0.261501
-2.291110
-1.254474
-0.106747
-0.052335
-1.864923
-0.934635
-0.595191
-0.101335
-0.539615
-3.419932
-2.535845
-0.545729
-0.934920
-1.132543
-0.038557
-1.598417
-0.991619
-0.727430
-1.037852
-0.287470
-2.114236
-0.581383
-2.534864
-0.491532
-1.019274
-0.505811
-2.082461
-0.016137
-1.265769
-1.479076
-2.028254
-0.910980
-1.228885
-0.790784
-0.423091
-0.264869
-1.048438
-0.039840
-0.063952
-0.078520
-0.526121
-0.404764
-0.161923
-0.247867
-0.212204
-0.068326
-5.698412
-0.380638
-0.888453
-4.063958
-0.858981
-0.190195
-0.043308
-1.255532
-0.933718
-0.805594
-3.225381
-3.170356
-1.510159
-0.735961
-0.023923
-0.682997
-3.144680
-3.839970
-0.249349
-0.336790
-0.302099
-0.468256
-0.089101
-3.388768
-0.553345
-0.085861
-1.128968
-1.216056
-0.237748
-1.377296
-0.115265
-0.350872
-0.131865
-0.646650
-0.326178
-0.676361
-0.152471
-0.011953
-3.132218
-1.088334
-0.562135
-0.023617
-0.285824
-0.281438
-2.618879
-1.176685
-0.066505
-1.838311
-0.415669
-1.308707
-1.626494
-0.640049
-1.142602
-0.431431
-0.380976
-0.089023
-1.048711
-2.387197
-2.619641
-0.642344
-0.946404
-1.116158
-2.454967
-1.197392
-1.862180
-0.353899
-0.497582
-0.093298
-0.847030
-1.022141
-0.269055
-1.809166
-1.080282
-0.226818
-0.317852
-2.002161
-1.653461
-1.192639
-2.212720
-0.184829
-0.261171
-0.016900
-1.235949
-0.982150
-0.287435
-1.473469
-0.061808
-0.370967
-0.855272
-1.329024
-0.962693
-1.339578
-0.909844
-1.495835
-2.701397
-0.209453
-0.247371
-2.449128
-0.014870
-4.746410
-0.504903
-0.740503
-2.195861
-1.317134
-1.743990
-0.842612
-0.121648
-0.424428
-1.311811
-1.011378
-0.219812
-1.791033
-0.620210
-0.786869
-0.619560
-0.991598
-0.002858
-1.986123
-0.852859
-1.427645
-0.780699
-2.546953
-1.430403
-0.660028
-0.831002
-0.273180
-0.055848
-1.952301
-0.094210
-0.271382
-1.298356
-0.404349
-0.981909
-0.129572
-1.189928
-1.711591
-0.771446
-0.312011
-0.833325
-0.764093
-0.318850
-0.385991
-2.826704
-0.611579
-0.471935
-0.320966
-2.944391
-1.537047
-0.004275
-0.488526
-0.226522
-1.965616
-1.494880
-0.484609
-1.250157
-0.417871
-0.986412
-1.363060
-0.777320
-0.646339
-0.171118
-0.487696
-1.115318
-0.059888
-0.210460
-0.191797
-0.285423
-4.298715
-0.110252
-0.334656
-0.097242
-0.940364
-0.269553
-0.553161
-1.013128
-0.653165
-0.359794
-0.661994
-0.516577
-0.834954
-2.214975
-1.183909
-2.256332
-3.185134
-0.738518
-0.754519
-1.134925
-0.066553
-0.283854
-0.224534
-0.669021
-0.738872
-1.131630
-0.715789
-1.001626
-0.044110
-0.877664
-4.651989
-1.055942
-0.944055
-1.218317
-0.587370
-0.737945
-0.067293
-3.889112
-0.253149
-1.628897
-1.185018
-0.656881
-1.900212
-0.457951
-0.110823
-0.375066
-0.646649
-2.315748
-0.840434
-3.231029
-1.192662
-0.596074
-0.132844
-1.596642
-0.476130
-1.989579
-0.340992
-0.315435
-1.521663
-0.328646
-0.710611
-0.431550
-1.243727
-0.907064
-1.070770
-0.655292
-2.103069
-0.127070
-1.101873
-0.213504
-0.316363
-0.641820
-0.749295
-0.048263
-0.047365
-0.792259
-0.372997
-2.381775
-0.423078
-0.283692
-1.945660
-0.686020
-2.447993
-0.339304
-0.243512
-0.340835
-0.462178
-0.479116
-0.628578
-0.410930
-0.775415
-0.333585
-0.762789
-0.205757
-1.665829
-0.260715
-1.391882
-1.126985
-0.095448
-0.203508
-0.122056
-0.154485
-1.882781
-2.395506
-0.178737
-2.450346
-1.139904
-0.063269
-0.566118
-1.173587
-1.079184
-0.434416
-0.308421
-0.241074
-0.575528
-0.075802
-0.695352
-0.170315
-0.014441
-1.002203
-0.314432
-0.715688
-0.290604
-0.009564
-4.468594
-1.787312
-1.720587
-0.282960
-1.482727
-0.319139
-1.499363
-4.437071
-0.556285
-1.190871
-4.682457
-0.854881
-1.070264
-1.282986
-1.885040
-0.391913
-0.975288
-0.923904
-0.349639
-0.872525
-0.490343
-0.106441
-0.475837
-0.611854
-0.798586
-0.091232
-0.112774
-0.502623
-0.186658
-0.336439
-2.086518
-1.930361
-0.384345
-0.769537
-1.946176
-0.755404
-0.793516
-1.595958
-1.240674
-0.024532
-1.115322
-1.055066
-2.599614
-3.296539
-0.171240
-0.786769
-0.299881
-0.335937
-0.281157
-1.485402
-1.027981
-0.249351
-0.538905
-0.233220
-0.130492
-0.371945
-0.968574
-4.531942
-0.341163
-3.260755
-0.131757
-0.227775
-0.061402
-0.408785
-0.208029
-0.175713
-1.914519
-0.476959
-0.759697
-1.828116
-1.469274
-1.690951
-0.950076
-1.165222
-0.029712
-1.263498
-0.193993
-0.636086
-1.471894
-0.656880
-0.524400
-0.023394
-0.852176
-2.158969
-2.090946
-0.139179
-1.822926
-1.818256
-0.834885
-0.034737
-0.545000
-1.517383
-0.841842
-0.160263
-1.054281
-0.117979
-0.089050
-0.487324
-0.003229
-0.968881
-1.088129
-1.231835
-0.203574
-1.970073
-2.178778
-1.799414
-0.495680
-0.624490
-0.776898
-0.457032
-1.339616
-1.678029
-0.236311
-2.150964
-0.325484
-2.242543
-2.211827
-1.617660
-0.672588
-0.043208
-0.166037
-0.371666
-0.405764
-3.307321
-4.118207
-1.830613
-0.508153
-1.156995
-0.312940
-0.401558
-0.978749
-0.327713
-0.841686
-0.523118
-1.540643
-0.170341
-0.573692
-0.133488
-0.267832
-0.353057
-1.799635
-3.031136
-0.612556
-0.172262
-2.665069
-0.385901
-0.698794
-2.797496
-2.111208
-0.709538
-3.513478
-0.001065
-2.043953
-2.647361
-2.088297
-0.409520
-0.129465
-0.959074
-1.087763
-0.765328
-0.548572
-1.078996
-1.420633
-2.188288
-0.800037
-1.962499
-0.570673
-0.838079
-0.411661
-0.990329
-0.657410
-0.266474
-0.638745
-1.455150
-0.032421
-0.924624
-0.090819
-1.751824
-0.052938
-0.415256
-0.730509
-0.009395
-1.134568
-0.949607
-0.228921
-1.773813
-0.222218
-0.328801
-0.553011
-0.683298
-0.806402
-1.937062
-0.783882
-0.144357
-0.429643
-2.516358
-2.990117
-0.176336
-1.605594
-2.273971
-0.345207
-1.543087
-0.772918
-3.568370
-2.269685
-0.641654
-0.936192
-1.303503
-0.139753
-1.096135
-0.182699
-0.244079
-0.081186
-0.188375
-0.187337
-1.419601
-1.915445
-1.630404
-0.120712
-0.271507
-0.196223
-0.089432
-0.041941
-0.116024
-1.136966
-0.000187
-0.112595
-2.140799
-0.764065
-2.808410
-0.737635
-0.318476
-0.461960
-1.186136
-1.965874
-0.457978
-0.785246
-0.567037
-0.250500
-0.536565
-2.663783
-0.433235
-0.989602
-0.568852
-0.737328
-0.370361
-0.101903
-2.128130
-0.332774
-0.484304
-1.489938
-0.049016
-0.211976
-0.210206
-1.836365
-1.128024
-4.034305
-1.067529
-0.370792
-1.961141
-0.174212
-0.028551
-0.475717
-0.794296
-0.699940
-0.648749
-1.142477
-0.019405
-0.672206
-0.902049
-0.522937
-0.466360
-0.018625
-0.770200
-2.001228
-0.351417
-0.113981
-0.560547
-0.064002
-0.937990
-0.725550
-1.237594
-2.189735
-0.124968
-0.750758
-1.471267
-2.258904
-0.107332
-0.747291
-0.673897
-0.059613
-0.464792
-0.962095
-0.459003
-0.326933
-0.587421
-0.288373
-2.909284
-2.261657
-1.337886
-0.304853
-4.007128
-0.630586
-0.850307
-1.713787
-1.781425
-0.526961
-0.201325
-2.018825
-2.372876
-0.056492
-0.848900
-3.006457
-1.425517
-0.018781
-0.187853
-1.501364
-0.136183
-2.866038
-0.006489
-0.040761
-0.090401
-0.128466
-0.008532
-2.036201
-2.350728
-1.574237
-2.564125
-2.282546
-0.020270
-1.446594
-0.692330
-0.146950
-1.180268
-0.007581
-0.962089
-0.020949
-0.871082
-0.458719
-0.111415
-1.495022
-2.233574
-1.104675
-2.767783
-2.255504
-2.227865
-2.138297
-0.509941
-1.852499
-0.412168
-1.289365
-0.509620
-1.666104
-0.151933
-0.177298
-0.069629
-0.704212
-2.894477
-0.380999
-0.573863
-4.479550
-0.521662
-0.800996
-1.451067
-0.268999
-1.849490
-0.161006
-0.014090
-0.793895
-0.900372
-1.527165
-0.400924
-1.307751
-0.138257
-1.239075
-0.758532
-0.007462
-0.882170
-1.355782
-0.815922
-0.188956
-0.549665
-0.488464
-1.103588
-0.164345
-0.300734
-0.477181
-1.284856
-0.742395
-0.360450
-0.932985
-0.796300
-0.911237
-0.905678
-0.800243
-2.772280
-0.213148
-0.560484
-0.813184
-2.330896
-0.613137
-0.943939
-3.531560
-3.088740
-0.035826
-1.177727
-1.085421
-2.234546
-0.474671
-0.795206
-1.509638
-0.073197
-4.173566
-0.056028
-0.096646
-0.213059
-1.008412
-0.088787
-1.388791
-0.972303
-0.185797
-0.213644
-0.307034
-0.179690
-0.691283
-0.073543
-0.505523
-0.790478
-2.095970
-0.423641
-1.414217
-1.481435
-0.037785
-1.516804
-1.615867
-1.224589
-2.894140
-0.470221
-2.701838
-0.162088
-1.391361
-0.881014
-0.845010
-2.290715
-1.921106
-0.238730
-1.377881
-0.103910
-0.275151
-0.320831
-0.470570
-0.884427
-0.210245
-3.783955
-1.384305
-0.127750
-0.114335
-1.315538
-0.257874
-2.513106
-3.208906
-0.153917
-1.272994
-1.263550
-0.545407
-0.236764
-0.091085
-2.520975
-0.788754
-1.931491
-0.242811
-2.122615
-0.167926
-1.320483
-0.198938
-0.958938
-3.716239
-0.048416
-0.498859
-2.933565
-0.914840
-1.115552
-0.595701
-0.869473
-1.681984
-1.001726
-0.055788
-3.068927
-0.226292
-0.250178
-1.561408
-0.849243
-0.508912
-1.094696
-0.060377
-1.742032
-2.211842
-1.013258
-1.097613
-0.391156
-1.818883
-0.328254
-0.602582
-0.298714
-0.078038
-0.788912
-0.161148
-0.605562
-1.019854
-0.869002
-0.298778
-1.864657
-0.224935
-0.512286
-0.194283
-0.172272
-0.323160
-0.866834
-0.884163
-0.099115
-0.849995
-0.477276
-0.173162
-1.025247
-0.356433
-0.064961
-0.875971
-0.074334
-1.614310
-1.537239
-0.793240
-0.053395
-3.390388
-0.023972
-0.975244
-4.258945
-0.659160
-0.517341
-2.078707
-0.092858
-1.410431
-0.057760
-0.699491
-2.128251
-2.158244
-1.157740
-1.897879
-0.945104
-0.042046
-0.114238
-1.927668
-1.698024
-0.993712
-0.359003
-0.791356
-1.396585
-0.053105
-0.131255
-0.535452
-1.401869
-1.601121
-0.753604
-0.894463
-0.936327
-0.474902
-2.433263
-1.764927
-0.692743
-0.004388
-1.252182
-0.573837
-1.656474
-0.221396
-0.724969
-0.460711
-0.996069
-0.164964
-0.056197
-0.475253
-0.790374
-0.780093
-1.198257
-0.052162
-0.819688
-0.999081
-0.316381
-0.020665
-2.079835
-1.541147
-0.282535
-0.551977
-0.763510
-1.878330
-1.068547
-0.693882
-0.680338
-1.225825
-1.177399
-2.554817
-1.430125
-0.691188
-2.153727
-0.752421
-5.002099
-1.932924
-0.459968
-0.733965
-1.064598
-1.659466
-1.955622
-4.148012
-0.401401
-1.462403
-0.335801
-2.765990
-0.424648
-1.633182
-1.081894
-1.591193
-0.054139
-0.495203
-0.384218
-1.356424
-0.046545
-0.509477
-0.677368
-0.191109
-0.005706
-0.281641
-2.892518
-0.753808
-0.041391
-0.007139
-0.224256
-0.050110
-1.602552
-1.508534
-1.745048
-0.099543
-1.995841
-0.919675
-1.774352
-0.699373
-1.589663
-0.200033
-0.719213
-0.902321
-1.943197
-0.218367
-2.100266
-0.307749
-2.510573
-1.168666
-1.284236
-1.150034
-0.387782
-0.073904
-1.078888
-0.126849
-0.505972
-1.019240
-0.478781
-0.217841
-1.258101
-1.139895
-0.210536
-0.563442
-2.190403
-1.877162
-0.171537
-0.227968
-0.694426
-0.100689
-0.536265
-1.561950
-1.616218
-2.136599
-0.855342
-0.467461
-0.102892
-1.124071
-0.406045
-1.100166
-0.109983
-2.007590
-0.484029
-2.075027
-1.830428
-0.002025
-1.608907
-0.183679
-1.598201
-1.223559
-0.637647
-2.459827
-0.008421
-0.197969
-0.285362
-0.884628
-1.222563
-1.776950
-0.539709
-1.039573
-1.749018
-2.738042
-2.244281
-0.642485
-2.697662
-0.678755
-0.166342
-1.090993
-1.143872
-1.058288
-0.269504
-1.166223
-0.313726
-0.994794
-2.029221
-1.637603
-0.602705
-0.263842
-0.369508
-1.240999
-0.278461
-1.151710
-1.620625
-0.413338
-0.484787
-1.069772
-0.095960
-0.470253
-1.802841
-0.723013
-1.571131
-0.831065
-0.080224
-2.168151
-0.085329
-0.241739
-0.100129
-0.052043
-1.154758
-1.407176
-2.540223
-0.030229
-2.513569
-0.065060
-0.604641
-0.684036
-3.214866
-1.462400
-4.545612
-0.758345
-0.462191
-0.892037
-1.518170
-0.535502
-1.346478
-3.256855
-0.948223
-0.094104
-0.283270
-0.898093
-0.805926
-0.737699
-1.814834
-1.498479
-0.049727
-1.103371
-0.289546
-0.005784
-1.932657
-1.083253
-0.830591
-0.090640
-0.377886
-0.315347
-0.531587
-2.531908
-0.776324
-0.460622
-0.611747
-0.679488
-0.312172
-0.263548
-0.774809
-0.222158
-0.621118
-0.081356
-0.877540
-0.001681
-0.584014
-0.104418
-0.595272
-0.458595
-0.153799
-1.358483
-0.773301
-0.054477
-0.311886
-0.804285
-1.837896
-3.282831
-0.517576
-2.862317
-0.743299
-1.507184
-0.289376
-0.179206
-0.396723
-0.491888
-0.071964
-1.460109
-0.422105
-1.251603
-0.471563
-0.121365
-0.085048
-1.328290
-0.294501
-4.078636
-1.121360
-0.930899
-1.025923
-1.140162
-2.496021
-0.297160
-0.377461
-2.161883
-2.605395
-1.686775
-0.811288
-1.469175
-0.759583
-0.057352
-0.574508
-0.037534
-0.721324
-2.022327
-0.049379
-0.769930
-0.475765
-2.899979
-2.453599
-0.596068
-0.380049
-0.124705
-1.128271
-0.272601
-0.070720
-0.351690
-1.211753
-1.124044
-2.050914
-0.351663
-0.012894
-2.313781
-0.137328
-0.535416
-1.461252
-0.294737
-0.670994
-0.701936
-0.165315
-1.727933
-1.143508
-0.614239
-1.230906
-2.133521
-2.240784
-0.734112
-0.118987
-1.171731
-0.213666
-1.569274
-0.321667
-1.147002
-0.517229
-2.544552
-2.773188
-0.184177
-0.069774
-1.953541
-0.327963
-2.723958
-1.474053
-0.205469
-0.289487
-1.420517
-0.310604
-0.390702
-2.376705
-0.953577
-0.714532
-0.446516
-1.216024
-0.375386
-0.692542
-0.394235
-2.327372
-1.375862
-0.304069
-0.254075
-1.911577
-0.642647
-0.562519
-2.390982
-0.599207
-0.533795
-0.085253
-1.712446
-0.360504
-0.544659
-1.264744
-0.170678
-0.327096
-0.319477
-1.978092
-0.257300
-0.065883
-2.907065
-2.742797
-0.730850
-1.331763
-0.053999
-0.988315
-0.669081
-1.629194
-0.542280
-0.770905
-1.892597
-0.974119
-0.997210
-3.779134
-0.950776
-2.877725
-0.937146
-2.307531
-3.212471
-0.259410
-2.462015
-1.420639
-1.694903
-3.120593
-0.120727
-1.012492
-0.519886
-1.157624
-0.023531
-1.958639
-0.607322
-0.883352
-0.603446
-0.764839
-3.061461
-1.873036
-0.161844
-0.442950
-0.235053
-0.547148
-0.217051
-0.641870
-0.206609
-0.190177
-1.329650
-1.052228
-0.742723
-0.175447
-1.634982
-0.693538
-1.451901
-0.029976
-0.186703
-0.384756
-3.621459
-1.310287
-1.464565
-0.152209
-0.684165
-0.292468
-0.502351
-0.335036
-0.029672
-1.486338
-0.403507
-0.079601
-0.600468
-1.144229
-0.371846
-0.159942
-1.488147
-0.403358
-0.450021
-1.370625
-2.434916
-0.238649
-1.462168
-3.524078
-0.978384
-0.961645
-1.416377
-0.543281
-1.562536
-0.772725
-2.192130
-1.365680
-2.324612
-2.163614
-1.383090
-2.853455
-0.432177
-1.122753
-3.477009
-1.146389
-0.396804
-1.030178
-0.048460
-0.073429
-0.707442
-1.640230
-0.817620
-0.518948
-2.585893
-2.341842
-0.210407
-0.586924
-0.130918
-1.093999
-1.148060
-0.948794
-1.057693
-1.111250
-0.799248
-1.117166
-0.458772
-0.914825
-0.219795
-2.419276
-0.056963
-1.455188
-0.853775
-0.250488
-0.368074
-1.502672
-0.620304
-2.145502
-0.624834
-0.778018
-0.792255
-0.306431
-2.502686
-0.512397
-0.450800
-1.494192
-2.551944
-1.364572
-1.018956
-0.274110
-0.637225
-0.883228
-0.699547
-0.449365
-0.036666
-1.061323
-3.019562
-0.090191
-3.084296
-0.414975
-0.581550
-0.024788
-2.323120
-0.638730
-1.040295
-0.799171
-0.103789
-1.812221
-1.540244
-2.923670
-0.109152
-0.648519
-0.607502
-1.290838
-0.662994
-0.952895
-1.325429
-0.094477
-1.794692
-0.496071
-0.100863
-1.648946
-4.470832
-0.695856
-0.018160
-0.711967
-0.305535
-0.243278
-1.308232
-0.795504
-0.711730
-0.027400
-1.572460
-0.338070
-0.173798
-2.061706
-0.682264
-0.540277
-2.405721
-1.566529
-0.694902
-1.102252
-0.423704
-0.865114
-0.151419
-2.375428
-2.342278
-1.488633
-1.659826
-1.208451
-0.290123
-0.217861
-0.988378
-0.304557
-1.134843
-1.174092
-1.031063
-0.853307
-0.040505
-0.356866
-2.841743
-1.709340
-0.062619
-0.033090
-1.789748
-0.625326
-0.724444
-0.800654
-0.574741
-0.098620
-0.037194
-2.875846
-0.242967
-1.419006
-2.041520
-1.044657
-0.184064
-0.061155
-0.925271
-1.371445
-1.314310
-1.640997
-0.600336
-0.424197
-0.867681
-1.507416
-2.396863
-2.550387
-1.031716
-1.830448
-1.938508
-1.197542
-0.947371
-0.913317
-0.836577
-0.247663
-0.432846
-1.549352
-1.746115
-0.369809
-0.020284
-0.180352
-0.995743
-0.699802
-1.108832
-0.747655
-0.470820
-1.293611
-0.323233
-0.590173
-0.921000
-0.036474
-1.666543
-4.076843
-0.046003
-2.184805
-5.338552
-1.728719
-0.503346
-0.898564
-0.352078
-1.732858
-0.124519
-0.648679
-0.291070
-0.160225
-0.075458
-0.167602
-0.145030
-0.604310
-0.846570
-2.234725
-2.161977
-0.128262
-0.711894
-2.459603
-1.383312
-2.068759
-0.708491
-0.252795
-0.072089
-1.199387
-0.601820
-0.184103
-1.308898
-0.102946
-3.696709
-0.155247
-0.487319
-0.227997
-3.206558
-0.164414
-0.026422
-0.255381
-4.100220
-0.019728
-2.211952
-0.106049
-0.361093
-0.217000
-1.488439
-3.594669
-0.250046
-0.489815
-1.372757
-1.812256
-0.501239
-0.957126
-0.965067
-0.162569
-0.575562
-3.911394
-0.035880
-0.490189
-0.440397
-1.338492
-0.029651
-0.546220
-2.175633
-0.647168
-0.800811
-0.377145
-0.763582
-1.004531
-1.096313
-3.713482
-0.812655
-1.612188
-0.853040
-1.362568
-0.707748
-1.781879
-0.220100
-1.183857
-0.630760
-0.501070
-0.382927
-2.810566
-0.099133
-0.605125
-0.196572
-0.067439
-1.392659
-0.238436
-1.483957
-0.112886
-0.033230
-1.954098
-1.537534
-0.004188
-1.825105
-0.414592
-0.500701
-1.014899
-1.087374
-0.044767
-1.015933
-0.471183
-0.417592
-0.533614
-0.725541
-3.550283
-0.558460
-0.767603
-0.291339
-0.171179
-0.841079
-0.185953
-0.649887
-0.022533
-1.334512
-1.107545
-0.328216
-1.193405
-0.701217
-1.343184
-0.280711
-2.631517
-1.769515
-0.924729
-0.272242
-0.493066
-0.825311
-1.883950
-0.775182
-1.448976
-0.542621
-0.416199
-1.922552
-0.076421
-0.445553
-0.047892
-0.081144
-2.653160
-0.322850
-1.030996
-1.189826
-1.408179
-0.742567
-0.153932
-1.404348
-0.162473
-0.016841
-0.700697
-0.613620
-0.017395
-1.270539
-0.011648
-1.452791
-0.329751
-1.480253
-3.468923
-0.635228
-0.153702
-0.829527
-0.849106
-0.963998
-1.057270
-1.274312
-1.881319
-3.327103
-0.201587
-1.624375
-1.303711
-1.226714
-0.097879
-0.532915
-0.506409
-0.212714
-0.072092
-0.256863
-0.734777
-0.550294
-2.674726
-0.248223
-0.521342
-0.218563
-0.930130
-0.449643
-0.324726
-0.607451
-0.125389
-0.099606
-0.957258
-0.021013
-0.745755
-1.839890
-2.616005
-0.280715
-2.391905
-1.228986
-0.235674
-1.116079
-0.986792
-0.034683
-0.845272
-0.775841
-0.659468
-0.007845
-0.336331
-0.055521
-1.621564
-0.599514
-0.010677
-0.037546
-0.795868
-0.083913
-1.994569
-1.384599
-1.293130
-1.188848
-2.312752
-0.380493
-2.389256
-1.420316
-5.169426
-0.956190
-0.861320
-0.854907
-1.407417
-1.572681
-1.062881
-0.959092
-1.256182
-0.856952
-1.711066
-0.391292
-1.150183
-0.104855
-0.580835
-1.785133
-0.786492
-1.098550
-0.590497
-2.128427
-1.250330
-0.005927
-3.703788
-0.217316
-1.085825
-2.517598
-0.818248
-0.862813
-0.995591
-0.944874
-0.559498
-1.099206
-1.410811
-0.778670
-0.013406
-0.992710
-0.861573
-2.213174
-0.141886
-2.317980
-0.587677
-0.203858
-0.013591
-0.088947
-0.281043
-0.153107
-0.301612
-0.288831
-1.995628
-0.125306
-0.194225
-0.771304
-0.649715
-2.164413
-2.961426
-0.175150
-0.669477
-0.517868
-0.165967
-0.733987
-0.126542
-0.370816
-2.152198
-0.206079
-0.162827
-1.071105
-0.532736
-0.364413
-1.330848
-0.129544
-0.933774
-0.656014
-0.501111
-1.331339
-1.195909
-0.539914
-1.217820
-1.144750
-0.957725
-0.335282
-0.630820
-0.091721
-0.044356
-0.349998
-0.198569
-3.544112
-0.513322
-0.346514
-1.188907
-0.983119
-0.137258
-0.507539
-0.951006
-0.525072
-0.898920
-0.968180
-0.057725
-2.248421
-1.408380
-0.686564
-0.758163
-1.552098
-0.598703
-0.104146
-0.887639
-0.564445
-0.385892
-0.198343
-0.283351
-0.829960
-1.168525
-0.343911
-0.959673
-3.494656
-0.339239
-0.266047
-0.609858
-0.269041
-1.489917
-0.346504
-1.687846
-0.539198
-1.001750
-0.380928
-0.475178
-0.756645
-0.297862
-0.070415
-1.003088
-0.173154
-0.581471
-0.430068
-2.273463
-1.733901
-1.415318
-0.209589
-0.680289
-1.075488
-1.694397
-0.504522
-0.658802
-1.316102
-0.836938
-1.731109
-1.069454
-1.403653
-0.797065
-0.015127
-0.842909
-0.768665
-1.554884
-0.027619
-1.497888
-0.185506
-0.383996
-1.368272
-0.799319
-1.278617
-0.496826
-0.847960
-0.383387
-0.533345
-0.714347
-1.320168
-0.062318
-0.567879
-1.358434
-0.218408
-0.696001
-1.903550
-1.176160
-0.991704
-0.233431
-0.115993
-3.920048
-1.000981
-0.007774
-0.566950
-0.115132
-0.622689
-0.821587
-0.060021
-0.708009
-0.953691
-0.718624
-0.113356
-0.277839
-0.849430
-0.056789
-2.522535
-2.646932
-0.787226
-1.072559
-2.233627
-0.087230
-0.671830
-4.714313
-0.122501
-0.261209
-0.352385
-0.027687
-2.160601
-0.360273
-1.157961
-1.611276
-0.568031
-1.033350
-1.132565
-0.651189
-0.570966
-0.840284
-3.050278
-3.366618
-0.404705
-1.784946
-0.820949
-0.483245
-2.728193
-0.404735
-0.468715
-0.363124
-0.058790
-0.081085
-1.253850
-0.484513
-0.039857
-0.884154
-1.827519
-1.196252
-1.333179
-0.102756
-1.759381
-0.156570
-1.256643
-0.063813
-1.863657
-2.199283
-0.957753
-0.448964
-0.570897
-0.166688
-0.924317
-0.989872
-0.647463
-1.396717
-0.289242
-1.154851
-1.655050
-0.795030
-1.144098
-0.504431
-0.254602
-1.321413
-0.945511
-3.186645
-0.938340
-2.341443
-0.076684
-0.227944
-1.314061
-1.386470
-1.186634
-2.689590
-0.607159
-0.665911
-0.077239
-0.710225
-1.858330
-0.469451
-1.372315
-0.659201
-0.021612
-2.596357
-0.723764
-2.321812
-3.049657
-1.021879
-1.300598
-0.577395
-0.899632
-2.150922
-0.145414
-1.886792
-0.341638
-0.151531
-0.056347
-0.816072
-0.470303
-0.662397
-2.011227
-1.340272
-2.381845
-1.154605
-0.532994
-0.916677
-0.248196
-2.789787
-1.263184
-0.368554
-0.326327
-0.609107
-0.014470
-1.841934
-0.113463
-0.008631
-0.927492
-0.368081
-0.444367
-1.755042
-0.829669
-0.161096
-0.396568
-1.128018
-0.704092
-0.238633
-3.033436
-0.067429
-2.762721
-1.140073
-0.466010
-0.836329
-0.248882
-1.786748
-0.495862
-0.309104
-0.007452
-0.502949
-1.613940
-0.031408
-0.651160
-1.268139
-1.021030
-3.831895
-1.956970
-2.100738
-0.450828
-0.031182
-0.232701
-0.535733
-4.391236
-0.058804
-0.241980
-1.170629
-0.684995
-1.203113
-0.013898
-0.034769
-0.505003
-1.642001
-1.212279
-0.233302
-0.993336
-2.518888
-5.078437
-0.881768
-1.219651
-0.424133
-0.361163
-1.445539
-0.999280
-2.149513
-0.666744
-0.114293
-0.777083
-2.465296
-1.481270
-0.026800
-1.189238
-0.722825
-1.715762
-2.822517
-2.696719
-0.134597
-0.170097
-1.651602
-0.161027
-0.601881
-1.330795
-0.960838
-0.990327
-1.429860
-0.331172
-2.073100
-1.122845
-0.558013
-0.800584
-0.894348
-0.509828
-0.120676
-0.916030
-0.083847
-0.099670
-0.336473
-2.998929
-0.558800
-0.151343
-0.154762
-0.101918
-0.062873
-0.349209
-2.492104
-2.528851
-1.433759
-2.588575
-0.904885
-0.822711
-0.383608
-0.923621
-2.175168
-0.019166
-0.291525
-0.060928
-1.420248
-0.926741
-1.037213
-0.548182
-0.041646
-1.949069
-1.682776
-1.312593
-7.382847
-0.804336
-0.225840
-3.863931
-2.686756
-0.777463
-2.881451
-0.636771
-0.935896
-2.807069
-0.908999
-3.134039
-1.757846
-0.770721
-1.025356
-1.983661
-0.956769
-0.606884
-0.634400
-0.336258
-1.023402
-0.227244
-3.725416
-1.283320
-2.356722
-0.900503
-1.852227
-1.573255
-0.906304
-2.753675
-0.472134
-1.130600
-0.239729
-0.952518
-0.577278
-1.146633
-0.219723
-0.277766
-0.015777
-2.187613
-3.418533
-2.085858
-1.612165
-0.515973
-0.205416
-1.924094
-0.345343
-0.063683
-0.711535
-0.595347
-0.308799
-0.674897
-0.360455
-1.211337
-1.348102
-0.555070
-0.806812
-1.562485
-1.845004
-1.714275
-0.209111
-0.262809
-0.497458
-1.835534
-0.769800
-0.497028
-1.264289
-0.637876
-0.542192
-0.375745
-1.012229
-0.228805
-0.011283
-0.396062
-3.053874
-2.439821
-0.094691
-0.320531
-1.202616
-0.362626
-2.759059
-0.066244
-1.107228
-0.224500
-0.529066
-1.557787
-4.146616
-2.377832
-1.853204
-0.661274
-0.656766
-2.906969
-1.059140
-1.055425
-1.025140
-1.752450
-1.085909
-1.872229
-0.333704
-0.347931
-2.634371
-0.024673
-1.045246
-0.550231
-0.634143
-3.129392
-0.213686
-0.486977
-0.982996
-0.200160
-0.313961
-0.448528
-0.261856
-1.855860
-0.942795
-1.611969
-0.970391
-0.375932
-2.736728
-1.606977
-1.397647
-1.160845
-0.017434
-1.370739
-3.474341
-0.661746
-0.099842
-1.511942
-0.223428
-1.621194
-2.590238
-0.698019
-0.296384
-3.125081
-0.121404
-1.068761
-0.571336
-0.914474
-0.448887
-0.132362
-0.029943
-2.472121
-0.624606
-1.244071
-1.067430
-0.099777
-0.140134
-1.287975
-2.251933
-0.275326
-0.395513
-0.822333
-0.010434
-0.889459
-0.262249
-0.341727
-2.780017
-0.501881
-1.732774
-1.425288
-1.752576
-0.702906
-0.988508
-1.222813
-0.173440
-0.176976
-3.726879
-0.025719
-1.608025
-0.144075
-0.798255
-1.147641
-0.257265
-0.166377
-0.805406
-0.048295
-0.001453
-0.457067
-1.077091
-3.942104
-0.613179
-2.675813
-0.236594
-1.016599
-1.872377
-0.022108
-2.174403
-0.226676
-1.289320
-0.582994
-1.744483
-1.747159
-0.422156
-2.158981
-0.005382
-0.281645
-0.679857
-0.348989
-1.461333
-0.387991
-1.419434
-0.498255
-0.554090
-1.256435
-0.020190
-1.989118
-0.098880
-0.166071
-0.717368
-1.134054
-0.041157
-0.764913
-0.010111
-2.404689
-1.603226
-2.778127
-0.596579
-1.755274
-0.496621
-0.367348
-2.512969
-0.763694
-1.903940
-0.070559
-0.054031
-0.529615
-0.439618
-0.818855
-0.359719
-1.123737
-0.923960
-0.292542
-0.230093
-0.087242
-1.730496
-0.441364
-0.097976
-0.277671
-0.729391
-1.147018
-1.593504
-1.028030
-3.904902
-0.775828
-0.282597
-0.082344
-1.101248
-0.985006
-3.534618
-2.495280
-0.632232
-0.071944
-0.313664
-1.863159
-0.261619
-0.041448
-0.408454
-0.610003
-0.359659
-0.209927
-1.468004
-0.399709
-0.161670
-2.213965
-0.034061
-0.643650
-0.455428
-0.221993
-0.003149
-0.472821
-0.140628
-1.333931
-0.643926
-0.856489
-1.170538
-0.497548
-0.648064
-3.179739
-0.659410
-2.218780
-1.913574
-0.548022
-1.350553
-2.058157
-0.140934
-2.464445
-0.871897
-0.013656
-1.777786
-0.009613
-1.877344
-0.322160
-0.186383
-3.345596
-0.347684
-1.146171
-0.103823
-0.340130
-1.450224
-0.932160
-0.245586
-0.695079
-0.377465
-1.001280
-0.554058
-0.011516
-0.671267
-0.013569
-2.127011
-1.302232
-1.511956
-0.023591
-0.653492
-2.951343
-0.289413
-1.810969
-1.348058
-0.415506
-0.717117
-1.190112
-0.943396
-1.050610
-2.168082
-0.831138
-2.579347
-0.994890
-0.427873
-4.075078
-1.044902
-0.406541
-0.470451
-0.355973
-1.125226
-2.887646
-2.196219
-0.874694
-0.288902
-1.368068
-0.794507
-0.071221
-2.271437
-0.435587
-1.397935
-1.227716
-0.077020
-2.211049
-2.915277
-1.871517
-0.127654
-2.301484
-0.096069
-2.707166
-0.604056
-0.526563
-0.019501
-0.734706
-1.375156
-0.010307
-0.526666
-0.090158
-0.562944
-3.326087
-0.477351
-0.674030
-2.676382
-0.814300
-0.598046
-2.879720
-2.328178
-0.297884
-0.466355
-0.184036
-0.181980
-0.542482
-0.343547
-1.197724
-0.384613
-0.211157
-1.277452
-0.092139
-1.197788
-0.134965
-2.173536
-0.370187
-0.405250
-0.105988
-1.794559
-0.678342
-0.923719
-1.043842
-0.335395
-1.074644
-0.225297
-1.853866
-0.255690
-0.361320
-0.380845
-0.633034
-0.319874
-0.931830
-0.119042
-0.157065
-1.625877
-0.860740
-0.907122
-0.184171
-2.172438
-0.101303
-0.098061
-0.111796
-3.834142
-3.332952
-0.288521
-0.843468
-1.062753
-2.259538
-4.863939
-0.918303
-0.586111
-1.555717
-0.450209
-0.615465
-0.096979
-2.742940
-1.412193
-0.369926
-0.117373
-0.032008
-0.227119
-0.533709
-0.003950
-1.160272
-0.371949
-1.229318
-3.565842
-0.087445
-0.185448
-1.264774
-3.921295
-0.833441
-1.518550
-2.573236
-0.870370
-0.816958
-0.619049
-0.715437
-0.797573
-1.802519
-0.787876
-0.233201
-0.791372
-1.121004
-0.416267
-0.987679
-0.137945
-1.071754
-0.313285
-3.088593
-1.500933
-1.357029
-1.161819
-0.565075
-0.910517
-0.539183
-0.546256
-0.032317
-0.895891
-0.524710
-0.579531
-2.005359
-0.490977
-2.205319
-2.880548
-0.379436
-0.513204
-0.003187
-0.648875
-0.846234
-0.114365
-0.702627
-1.403173
-0.009941
-0.527198
-0.148305
-1.020933
-0.296928
-0.038364
-1.082760
-0.661040
-0.666414
-4.665834
-0.829508
-0.734771
-1.151206
-0.290244
-0.190303
-0.144831
-1.087375
-0.278479
-2.018750
-1.522897
-1.700601
-0.385278
-0.392990
-0.650087
-0.878928
-0.395093
-0.532466
-0.897258
-1.815719
-1.938953
-1.674961
-1.198075
-0.074040
-1.114799
-0.734082
-3.957600
-0.661780
-0.061775
-0.439490
-0.918020
-0.175825
-2.461355
-0.892449
-0.700661
-1.692556
-1.634633
-0.013976
-0.985138
-0.005593
-0.242796
-0.490580
-0.605538
-1.684339
-0.693871
-1.040497
-2.982927
-2.279085
-0.879289
-0.287260
-0.271609
-1.431981
-0.093124
-1.195405
-1.642762
-0.633285
-0.417737
-0.516001
-0.871082
-0.199175
-0.644774
-0.033102
-1.616735
-0.107798
-0.970729
-0.929423
-0.220635
-0.741154
-1.192426
-0.307454
-1.333493
-0.328447
-1.167192
-1.860219
-1.370538
-1.081514
-3.239141
-4.395371
-0.185639
-0.103700
-0.343774
-0.258516
-1.098855
-0.618098
-2.651082
-0.820719
-0.925584
-0.656160
-3.614046
-0.377081
-0.530254
-1.358113
-1.009737
-0.635489
-0.786695
-0.475577
-0.258242
-0.191915
-0.202217
-0.496744
-0.748284
-0.073466
-1.063829
-0.878513
-0.999678
-0.889729
-1.397517
-0.704166
-0.104776
-1.376221
-2.463843
-2.865053
-0.212740
-2.547144
-1.561551
-1.625101
-0.000601
-0.461348
-1.315551
-2.677709
-0.851102
-0.606461
-0.031239
-1.485157
-1.911671
-0.137445
-0.146029
-0.381470
-1.005382
-2.624066
-1.879613
-2.238227
-4.782071
-1.383110
-0.298660
-0.849424
-0.281899
-0.612358
-0.129044
-0.534814
-3.974194
-1.651158
-0.926011
-0.357740
-0.168494
-0.654291
-0.046609
-3.176768
-2.213157
-1.829660
-0.998792
-2.323437
-0.464251
-1.205590
-0.212567
-3.893244
-1.545973
-1.181857
-0.082717
-0.379810
-1.171867
-0.724040
-1.354799
-0.864298
-1.574783
-1.801632
-1.123137
-0.917142
-0.775017
-0.721849
-1.458538
-0.142042
-0.770610
-0.158163
-0.285365
-0.783444
-0.806151
-0.826259
-0.766958
-0.343969
-0.262287
-1.098289
-1.034338
-0.519787
-0.853698
-0.742478
-0.813436
-1.871360
-1.844272
-3.168679
-1.095939
-1.333760
-0.573123
-0.977499
-0.389323
-0.217432
-0.522315
-0.307096
-1.260791
-0.621899
-0.904181
-1.647481
-1.241817
-0.888067
-0.204415
-1.845947
-0.995538
-0.200739
-1.329407
-0.153816
-0.791867
-0.673975
-0.929550
-1.818487
-0.774896
-2.630953
-0.152506
-1.449825
-1.656070
-1.679135
-1.096148
-2.312849
-2.704081
-0.409443
-0.407652
-1.732800
-1.048399
-0.015849
-0.509528
-0.346793
-0.198475
-0.356083
-0.350612
-2.010029
-0.556234
-0.279349
-2.540614
-0.609800
-1.664569
-0.559145
-0.261655
-0.237636
-0.083267
-1.674526
-0.259107
-0.009125
-0.122181
-0.029228
-2.163352
-1.015883
-0.127573
-0.671128
-1.089890
-2.295185
-1.984849
-1.255256
-0.960802
-3.221930
-1.533204
-0.058216
-2.245412
-0.771407
-1.440254
-0.618977
-2.134397
-2.088613
-1.816441
-0.535486
-0.265498
-0.283517
-0.430257
-0.250854
-0.111909
-0.464729
-0.262885
-1.472399
-0.169902
-0.467469
-1.868396
-3.359744
-0.693991
-0.720796
-0.208445
-0.946952
-0.967104
-0.177122
-0.825970
-0.598157
-0.072653
-2.498290
-1.333025
-0.152826
-1.927075
-0.522724
-1.934104
-0.182977
-0.513543
-2.474834
-0.704959
-0.004916
-0.703900
-0.814164
-1.271327
-1.093596
-1.758791
-0.991856
-0.344778
-1.036044
-0.312000
-1.521030
-1.644289
-1.372920
-1.066184
-1.691240
-3.796829
-3.660391
-1.000932
-0.559641
-1.667564
-1.419711
-0.160434
-0.028476
-1.368683
-2.840320
-0.573074
-0.078001
-0.111571
-0.436488
-0.385930
-0.873392
-0.756903
-0.803562
-1.155972
-0.636101
-1.345201
-1.222108
-0.690601
-1.539938
-1.418540
-1.554833
-0.341253
-0.354956
-2.162081
-0.539660
-0.195970
-0.751263
-0.253122
-0.163802
-1.421860
-0.607308
-2.842748
-1.290227
-0.667009
-0.968573
-5.047644
-0.763993
-0.007031
-0.218311
-4.546305
-0.913170
-0.990398
-0.126659
-1.332465
-0.888410
-0.454867
-0.044041
-0.053922
-0.981211
-0.410120
-0.008962
-2.127374
-2.065575
-0.387434
-2.293666
-0.554323
-1.374661
-1.189872
-0.564361
-1.099560
-0.841459
-0.111211
-0.046429
-0.228636
-0.118616
-0.745416
-0.100623
-1.025491
-0.893756
-0.094565
-0.157240
-0.134170
-0.463259
-3.324312
-0.744620
-2.012853
-1.853849
-0.545649
-0.601802
-2.414584
-0.300626
-2.223983
-0.080523
-1.801187
-1.674722
-0.082936
-0.646168
-0.328384
-1.182096
-1.289436
-2.207944
-2.458739
-2.384930
-1.215831
-0.483206
-0.617224
-1.913986
-0.465873
-0.146968
-0.793964
-1.220861
-1.300713
-0.003082
-0.273299
-0.963235
-3.688634
-1.089802
-0.144955
-0.530649
-1.517728
-2.484094
-0.332761
-1.179284
-4.884245
-0.629056
-0.404000
-0.209707
-0.755398
-0.058054
-0.241535
-0.512148
-0.529166
-0.375243
-1.111392
-1.316321
-0.951815
-1.302761
-2.411762
-1.377352
-1.263750
-1.963714
-0.389712
-0.793308
-1.103762
-0.955209
-0.050970
-1.147073
-0.739645
-2.101643
-0.232720
-1.299686
-0.551425
-0.059893
-3.675793
-0.118491
-0.067040
-0.686666
-0.035107
-0.165344
-0.218709
-0.223599
-2.036418
-0.477945
-0.023384
-1.271777
-3.438730
-0.043330
-1.026940
-1.855156
-1.169215
-1.457619
-0.861009
-0.157414
-1.055289
-1.069382
-0.107795
-0.085463
-1.921390
-0.792596
-1.022169
-3.906178
-0.038744
-2.737618
-0.211007
-0.621317
-0.245975
-2.653977
-2.736678
-0.932381
-1.187994
-1.147936
-0.025549
-0.288129
-1.435060
-0.560424
-0.325957
-1.542995
-0.312250
-1.995837
-1.457412
-0.183692
-2.348446
-0.079900
-4.047291
-0.230610
-1.110278
-0.441034
-0.010154
-0.446184
-0.559673
-2.756832
-0.718539
-0.005144
-1.671699
-0.287574
-0.728600
-0.356855
-1.080313
-1.132767
-0.946246
-1.645370
-2.890344
-0.826700
-2.084345
-0.242353
-0.659115
-0.149722
-0.113159
-0.437220
-0.044918
-0.596347
-0.630487
-0.490395
-0.256145
-0.848647
-0.208547
-0.042961
-1.663522
-1.686097
-0.042375
-0.140233
-0.751681
-0.840901
-0.938087
-1.686946
-0.618300
-1.028533
-3.190182
-1.813388
-3.710955
-0.875419
-0.798744
-1.203262
-2.341384
-0.502351
-0.535758
-3.814488
-1.098457
-0.741015
-0.460043
-0.240521
-2.322419
-1.956724
-1.034193
-0.638310
-0.328462
-1.773844
-0.177276
-0.723870
-0.193006
-0.884641
-0.516145
-1.165515
-0.642551
-0.415816
-0.431267
-3.086777
-0.358998
-0.365374
-0.412517
-0.976265
-1.256348
-0.965248
-1.562113
-1.073848
-0.323455
-1.292305
-0.614227
-0.846730
-1.286951
-0.588161
-0.299899
-0.209619
-0.589063
-0.548642
-1.692498
-0.293908
-0.548273
-1.531115
-0.736523
-2.434139
-0.591007
-1.409925
-0.501353
-0.059437
-1.138070
-0.646492
-0.028464
-0.316596
-0.598388
-1.697609
-2.599333
-2.809820
-3.956514
-0.991173
-0.846076
-2.791064
-1.659652
-0.205232
-0.136063
-0.533556
-0.736213
-1.381507
-2.168686
-3.020181
-0.338071
-0.463526
-2.337543
-0.224999
-0.284437
-1.912042
-0.311449
-2.241699
-4.856589
-2.686821
-0.084353
-1.554915
-1.078344
-1.304726
-1.667555
-0.018692
-0.448460
-0.290868
-1.045382
-0.830844
-0.776767
-0.825947
-1.508321
-0.527062
-0.463739
-0.186872
-1.568225
-3.704884
-1.629649
-0.862544
-0.522405
-0.335406
-0.317795
-0.011769
-0.368561
-0.020087
-0.550713
-1.100124
-1.031987
-1.687353
-0.258830
-0.842619
-1.646116
-0.840238
-0.270436
-2.522030
-0.215726
-2.833075
-0.699599
-1.633830
-2.021404
-1.111650
-4.682194
-1.289987
-4.218204
-0.727742
-2.372915
-0.781360
-0.647164
-1.129503
-0.438762
-2.379560
-1.055699
-0.111655
-0.751160
-0.918527
-2.648194
-0.031876
-0.493315
-0.585501
-0.561403
-0.172665
-1.336403
-0.018674
-1.306069
-0.709095
-2.569559
-1.422029
-0.211270
-0.351612
-2.176611
-1.099896
-0.291585
-1.001342
-0.363686
-0.401704
-3.205811
-2.953477
-2.533121
-2.016824
-0.387986
-0.712708
-0.890175
-0.762669
-1.740247
-1.355147
-0.797443
-2.440477
-1.448919
-1.888339
-0.033670
-1.286236
-0.456970
-0.460215
-0.635552
-0.131417
-0.771632
-0.435307
-0.481961
-0.296416
-2.278406
-0.065801
-0.481122
-0.129165
-0.876520
-0.651598
-2.103957
-0.301301
-1.067707
-1.569286
-1.063133
-0.368330
-1.195085
-1.915160
-2.749545
-1.024989
-0.067835
-0.332719
-1.858394
-0.049420
-0.365576
-1.388877
-1.396361
-0.228666
-0.532476
-1.790282
-0.309172
-0.182461
-1.548823
-0.268599
-0.320008
-0.085682
-1.023482
-2.780942
-1.828084
-0.048998
-0.131589
-0.396283
-3.838182
-2.257273
-0.446359
-0.605854
-0.076736
-0.914819
-0.000499
-0.945328
-0.621948
-0.507571
-0.241201
-2.510880
-2.126264
-0.615720
-0.652659
-0.317210
-0.460291
-0.590748
-1.895003
-0.670837
-0.006058
-4.549707
-0.360068
-0.530233
-0.045694
-0.539478
-1.353278
-0.125744
-0.721102
-0.459009
-0.011635
-0.110625
-1.043567
-1.091121
-0.046429
-0.695768
-0.656016
-0.886764
-0.010588
-1.778766
-3.235105
-1.220230
-0.299105
-0.011317
-0.124817
-2.687897
-1.848701
-1.465597
-0.773361
-3.418945
-0.064380
-0.237951
-1.643017
-0.077081
-0.255162
-0.669621
-0.711227
-0.341823
-0.976304
-0.327007
-0.176451
-1.404690
-1.672382
-0.356443
-1.365061
-0.896438
-0.301340
-0.896407
-0.967624
-3.184978
-0.829132
-1.323183
-1.629303
-1.392598
-0.034492
-3.260876
-0.413064
-0.704027
-0.757862
-3.800069
-1.124286
-1.137204
-0.264949
-1.145856
-0.472345
-2.374072
-0.676077
-0.728664
-0.565275
-2.120521
-2.668065
-0.543687
-2.977762
-0.108601
-2.181043
-0.046730
-1.414629
-2.517533
-2.703078
-1.261360
-1.020253
-0.308097
-0.150694
-0.093854
-0.111375
-0.007473
-1.138716
-0.880818
-0.175058
-0.741599
-0.411422
-0.108827
-0.723794
-2.080396
-0.263564
-4.964308
-0.937424
-0.348367
-0.108596
-3.125951
-1.213947
-0.947111
-2.613434
-1.151379
-1.934679
-0.017222
-1.123786
-0.331224
-0.054236
-0.953743
-0.985718
-0.494673
-3.547112
-0.563490
-1.303350
-1.029009
-1.209457
-0.270161
-0.093569
-1.060185
-2.004965
-0.086200
-0.464854
-1.133645
-1.840338
-0.205140
-2.179445
-0.398765
-1.220357
-0.050398
-1.909974
-0.145162
-0.145224
-0.340340
-0.325621
-0.949427
-3.473562
-1.384631
-3.653804
-0.703344
-1.746129
-1.496833
-1.044800
-3.055634
-0.297552
-0.141579
-2.491352
-3.304806
-1.111658
-1.457316
-1.087992
-0.210080
-1.491129
-0.634005
-0.167414
-0.684013
-3.270332
-0.776503
-0.627708
-0.051585
-0.727037
-0.766917
-0.138000
-0.661414
-2.567838
-0.756182
-0.845179
-4.067495
-1.400585
-2.565206
-1.758446
-1.399328
-1.228553
-0.946042
-1.081153
-1.745441
-0.962041
-3.002451
-0.562613
-1.472894
-0.099474
-0.656465
-0.846337
-0.071253
-2.372677
-0.168969
-0.315280
-1.290518
-0.221750
-0.964963
-2.173344
-0.570404
-0.580700
-0.742508
-2.610214
-1.542557
-0.071372
-2.087850
-1.288698
-4.040470
-0.301477
-2.871119
-0.036720
-3.903103
-0.883092
-1.353511
-0.210054
-0.053897
-1.979121
-1.443989
-1.178309
-2.386748
-1.393355
-2.651942
-0.854565
-2.986148
-1.018232
-0.065241
-1.846860
-1.847408
-0.212597
-0.506975
-0.989312
-0.467708
-0.938035
-2.714966
-0.483691
-2.540783
-0.136003
-3.517776
-0.140010
-0.489631
-0.156335
-2.754331
-0.916006
-1.983385
-0.941659
-2.038304
-0.757164
-3.415876
-0.032171
-1.075739
-0.160286
-0.578942
-0.226857
-0.008323
-0.203976
-0.279073
-0.436008
-0.185618
-0.578308
-1.077283
-1.658587
-1.388209
-1.341463
-0.806565
-0.213669
-1.707529
-0.273814
-0.581633
-0.850912
-1.250579
-2.868222
-1.176321
-0.078570
-2.850453
-1.745980
-0.690265
-0.860298
-0.171943
-0.359784
-0.520383
-0.681000
-0.027393
-0.339003
-0.639388
-0.086486
-0.766608
-0.268544
-1.837397
-1.813080
-0.958108
-0.051887
-0.206466
-0.230581
-1.800638
-1.863254
-0.039687
-0.739700
-1.168693
-2.433643
-0.117776
-0.016605
-0.129296
-0.045309
-0.278426
-0.113524
-2.915014
-1.738472
-0.430056
-1.502571
-1.870126
-0.502920
-0.131023
-0.563360
-3.002380
-0.196035
-0.542301
-1.990235
-0.153934
-1.429951
-1.650800
-0.623259
-1.337969
-0.514125
-0.220511
-1.086839
-2.151109
-0.186625
-0.163138
-0.322059
-0.888491
-0.384379
-0.841163
-0.770037
-1.993476
-0.464278
-0.039096
-3.448435
-1.037776
-0.140368
-0.980567
-0.095750
-0.077979
-0.686687
-0.380401
-3.100591
-0.648080
-1.320343
-1.207764
-1.098703
-0.971557
-3.312637
-0.310397
-0.194782
-0.963316
-0.073123
-0.074758
-0.247769
-0.908438
-1.274445
-0.281311
-2.471368
-0.326629
-0.129740
-0.134971
-0.190008
-0.519525
-1.267973
-1.824483
-0.421245
-1.042260
-3.931551
-0.714569
-0.141375
-1.117719
-0.383031
-1.450574
-0.031812
-0.397771
-0.375340
-0.494041
-1.286866
-0.306374
-0.316627
-0.407767
-0.015166
-0.322150
-0.077855
-0.855106
-0.200619
-1.260314
-0.088266
-2.454017
-0.605574
-2.288090
-0.499274
-0.486735
-0.264904
-0.634129
-1.302672
-0.876841
-1.895987
-0.641734
-0.362572
-0.005500
-0.090439
-0.386058
-1.896521
-0.693707
-0.383583
-0.087932
-1.349243
-0.460653
-0.274678
-3.444629
-0.028174
-0.406040
-2.174482
-0.801452
-0.085844
-1.816514
-0.068191
-0.550450
-0.700987
-0.682056
-0.549743
-0.489432
-0.317718
-1.100208
-0.958265
-0.879132
-0.732828
-1.226538
-0.173199
-1.079850
-4.798393
-0.060396
-0.626467
-0.210343
-0.544035
-0.134877
-1.282942
-2.053153
-0.378126
-0.032196
-0.074230
-0.403448
-0.409215
-0.144567
-3.078463
-0.143239
-2.539297
-0.392588
-0.099245
-0.157322
-0.050906
-0.079774
-3.261389
-2.822639
-0.224412
-0.110410
-0.273264
-0.212161
-0.044047
-1.719198
-3.479192
-0.894946
-0.398118
-2.114640
-0.655630
-0.686486
-0.325880
-0.133244
-1.093200
-0.068193
-0.000213
-0.764628
-2.105734
-0.564843
-0.914070
-1.482628
-0.164047
-0.199690
-1.569208
-2.037407
-0.855405
-0.167289
-1.379409
-0.418788
-0.293950
-0.330185
-0.403557
-0.497055
-0.121625
-1.424981
-0.632898
-0.159738
-0.082654
-0.243794
-0.583075
-2.088455
-2.913253
-1.353852
-1.213471
-3.646920
-0.346809
-0.971818
-0.950982
-0.072247
-0.090687
-0.156420
-1.086143
-1.046770
-0.074538
-0.164309
-1.079111
-0.566560
-0.427577
-0.036983
-1.130213
-0.650815
-0.904115
-0.189349
-0.787141
-0.233119
-1.931354
-0.201866
-0.130094
-0.724344
-0.313786
-1.451039
-1.499123
-0.060747
-0.050512
-0.244993
-1.276737
-0.830354
-1.015803
-1.276748
-1.549490
-0.318649
-0.092615
-2.404574
-0.068831
-0.497862
-0.014411
-0.002870
-1.339899
-3.350322
-0.515663
-0.347607
-2.569566
-1.436360
-3.038044
-1.474016
-0.044447
-1.379553
-0.127438
-0.086069
-1.499363
-1.776067
-0.861445
-0.301063
-1.140473
-0.946099
-2.195025
-0.104674
-2.035138
-0.957346
-3.299242
-0.055675
-0.553022
-0.794238
-1.546003
-2.196786
-0.186164
-0.642954
-0.774528
-0.548904
-0.800373
-1.256435
-0.393192
-0.525927
-0.521747
-0.766936
-0.018418
-1.091557
-1.400937
-0.141416
-2.329497
-0.284755
-0.065341
-0.703672
-0.460239
-0.948907
-2.930314
-0.764251
-1.725851
-0.525047
-1.666015
-0.333912
-0.082638
-0.733076
-0.270986
-0.019009
-0.040759
-2.841329
-2.143379
-1.929206
-0.123205
-0.049834
-0.311683
-0.167436
-0.176486
-2.495150
-2.039463
-0.607276
-1.587012
-0.483954
-1.099638
-0.828845
-0.931669
-1.055905
-0.026457
-0.776087
-0.258231
-3.826603
-0.517557
-3.151992
-1.553916
-0.645365
-3.254391
-1.933652
-1.804958
-0.326829
-0.636783
-0.647302
-0.956826
-0.315726
-0.270176
-1.226567
-1.137877
-1.492264
-0.596865
-0.814445
-1.396008
-0.612040
-1.847698
-0.772137
-0.194254
-0.090729
-0.004934
-0.430236
-1.012428
-1.032741
-0.477113
-0.280079
-0.152501
-2.578481
-0.157754
-1.324689
-0.824836
-3.096985
-0.172637
-1.024999
-2.796232
-0.952499
-2.109189
-0.035548
-1.187575
-0.668503
-1.485389
-0.047069
-0.334689
-0.885133
-1.625996
-0.609452
-1.186834
-0.805940
-0.480928
-0.220587
-0.844308
-2.080845
-0.069456
-0.174443
-0.529348
-1.512457
-0.052811
-0.825212
-0.134741
-0.297180
-0.345743
-0.155351
-0.380583
-1.516265
-0.489184
-0.406946
-2.749567
-0.952681
-2.836873
-2.030968
-0.206159
-0.145690
-1.840015
-2.222727
-1.712723
-0.308808
-2.067541
-0.125219
-1.230420
-0.772372
-1.745718
-0.545260
-1.082122
-1.205679
-0.296097
-0.300596
-1.216355
-0.138884
-0.037257
-0.002781
-5.211963
-0.741750
-0.876679
-1.044369
-0.624805
-0.101007
-0.003640
-0.803785
-0.130459
-2.182541
-0.238782
-2.462236
-0.520522
-1.724270
-0.610772
-0.641167
-0.463584
-0.367625
-0.599383
-0.571016
-0.768460
-0.787501
-0.807109
-0.322732
-0.569405
-1.961751
-2.768082
-0.503540
-1.373789
-2.169239
-0.817603
-0.494599
-1.765812
-0.617120
-0.749878
-1.245729
-1.232802
-1.040790
-0.004158
-0.578833
-0.471549
-0.513567
-1.089930
-0.186946
-1.183492
-0.842301
-3.112979
-2.319406
-0.898390
-0.494227
-1.041350
-0.083641
-2.730163
-0.416402
-0.925761
-0.121870
-0.642412
-1.187780
-0.886021
-1.124642
-0.415428
-1.401249
-0.540142
-0.151969
-3.416119
-0.423831
-0.643034
-0.796001
-0.259775
-2.198666
-3.014565
-2.001188
-1.076637
-0.761041
-1.243469
-0.395518
-0.760566
-0.814190
-0.334716
-0.856926
-0.292436
-0.808906
-0.377819
-0.742638
-1.780740
-0.399990
-0.210595
-0.830316
-0.048796
-1.758010
-2.940175
-0.380074
-1.171628
-0.277775
-0.642311
-1.114177
-0.277400
-0.588286
-0.827680
-1.607896
-0.228410
-0.444831
-2.682647
-1.835217
-0.383244
-0.088434
-0.398580
-0.457815
-0.026992
-1.364642
-0.731476
-0.828373
-0.295681
-0.225360
-1.180918
-0.299107
-1.311552
-0.079675
-0.621191
-3.347024
-1.618756
-1.273609
-1.714034
-0.698905
-1.702225
-0.440312
-1.485142
-0.444172
-1.847361
-0.755976
-1.358333
-1.306987
-0.116131
-0.127825
-0.016251
-0.292750
-0.065492
-0.385178
-0.839292
-0.670089
-2.367949
-0.508639
-0.387646
-0.203682
-1.534338
-0.091403
-0.019938
-1.025288
-0.180318
-0.481211
-0.495140
-2.806385
-0.241425
-1.836134
-2.544211
-3.391021
-2.501641
-0.261297
-0.327337
-1.149772
-0.006251
-2.093479
-1.667356
-0.543714
-0.398357
-1.023805
-0.181453
-0.132501
-3.020133
-0.691581
-1.209661
-1.363257
-0.734682
-0.037719
-0.427986
-0.516478
-0.284881
-2.320753
-1.131587
-0.006077
-2.248339
-0.070353
-0.233527
-0.052766
-0.381898
-0.215991
-0.600254
-0.053786
-0.272573
-2.333395
-0.044913
-1.586318
-0.469708
-0.128434
-0.920268
-0.238375
-5.013802
-0.966547
-0.948485
-1.729071
-1.338005
-1.768497
-1.137146
-1.192667
-1.946910
-0.002202
-1.672532
-0.991023
-0.452870
-2.064194
-0.558748
-1.438675
-0.539186
-0.417435
-3.946002
-1.343761
-1.787138
-0.118384
-1.577594
-0.964043
-0.461644
-1.568755
-0.664392
-0.107615
-0.653547
-1.077882
-1.095350
-1.396460
-0.236156
-0.198027
-2.008625
-0.781014
-0.904123
-0.049474
-0.958987
-0.760611
-0.283901
-0.030005
-0.373238
-0.018601
-0.142484
-0.147433
-0.081674
-0.587613
-1.392252
-0.983970
-0.527246
-0.695321
-0.106622
-0.415244
-0.072364
-0.033680
-0.007843
-0.135925
-1.340958
-0.150147
-0.315317
-0.023310
-3.534049
-1.846813
-3.823020
-0.375626
-0.012245
-2.348210
-0.986525
-0.920120
-1.734125
-0.176009
-1.404676
-0.294266
-0.719304
-0.371407
-0.732371
-0.131077
-1.228468
-0.961284
-2.499258
-2.665258
-1.033713
-0.264081
-3.426237
-1.259657
-0.360004
-1.616155
-1.596961
-0.568654
-0.175015
-0.278066
-1.455514
-0.004287
-0.313603
-0.072133
-2.382037
-0.575695
-2.801378
-1.203219
-3.317909
-0.731647
-0.629670
-0.343883
-0.320615
-1.740551
-1.483518
-3.834559
-1.013872
-1.131044
-1.009070
-0.318116
-0.222432
-1.120411
-0.257220
-2.290509
-0.670492
-0.716996
-0.829102
-2.709430
-1.368117
-1.682998
-0.170068
-0.903281
-0.009595
-1.495112
-0.522331
-3.334986
-1.020145
-1.445667
-0.192369
-0.354363
-0.865936
-2.244835
-3.166629
-1.528572
-1.738917
-0.477993
-0.037829
-2.215069
-0.285779
-0.302730
-0.440737
-2.552353
-0.009045
-0.070899
-0.595535
-1.634197
-0.213065
-0.348043
-1.332114
-1.725759
-2.143708
-0.359063
-1.351029
-3.003223
-1.287008
-0.403825
-1.773348
-0.546964
-0.630412
-0.337776
-2.539958
-1.033490
-0.142054
-0.083705
-2.752294
-0.786224
-3.864834
-0.485813
-0.560466
-0.134387
-3.274623
-0.243867
-0.009499
-0.246660
-0.264431
-0.179940
-1.473195
-0.298148
-0.891466
-2.060160
-0.800070
-0.168478
-0.724674
-1.035994
-0.192173
-0.111208
-0.323209
-0.009641
-1.050359
-3.061262
-0.242881
-0.745325
-0.478583
-0.091707
-1.118072
-0.224637
-2.641936
-0.178163
-2.353278
-0.516106
-0.324460
-1.062698
-1.150395
-2.866692
-0.458843
-0.428818
-0.787908
-0.528592
-2.025893
-0.070836
-0.480100
-0.211782
-0.870496
-0.477711
-0.087548
-0.451060
-0.352847
-2.302697
-0.745720
-1.369397
-0.688193
-0.273901
-0.624180
-0.564281
-0.099070
-1.623827
-0.965759
-0.437543
-2.577288
-0.376270
-0.214382
-0.224854
-0.340966
-0.620141
-0.302867
-0.806586
-1.311973
-0.045524
-0.744940
-0.908655
-0.411595
-0.662255
-1.986856
-0.768806
-0.837596
-0.602719
-0.036055
-0.928263
-0.655531
-1.189218
-0.335430
-2.666656
-0.552052
-1.066725
-0.127327
-0.021580
-3.820383
-0.373099
-0.066024
-0.200934
-1.251514
-0.078803
-0.266472
-0.851894
-2.128975
-1.152835
-0.621284
-0.175650
-1.312500
-3.479638
-1.150627
-0.199952
-0.823980
-0.126794
-0.048995
-1.206364
-0.096138
-0.340507
-1.284149
-1.922802
-0.083712
-0.499332
-0.583134
-2.173889
-0.423570
-0.018276
-1.692413
-0.047774
-0.111418
