-0.389609
-0.281898
-1.051704
-3.255420
-0.156031
-0.653706
-0.097742
-0.961310
-0.170495
-1.543523
-1.322579
-0.178606
-1.650138
-1.008342
-1.583823
-1.010229
-1.865735
-0.940376
-0.144539
-1.199727
-0.314341
-0.008519
-1.229200
-0.904893
-0.091631
-0.439528
-0.213556
-0.028843
-0.310739
-1.505864
-1.230430
-1.094304
-0.065617
-0.622525
-1.458513
-0.921886
-0.127760
-1.707437
-1.650862
-0.829641
-0.779731
-1.644929
-0.896422
-0.691246
-0.173669
-1.507746
-1.230354
-3.179842
-4.747788
-2.135885
-0.810051
-1.722784
-1.214652
-1.254542
-0.189390
-0.061621
-1.620135
-1.330145
-0.266732
-2.217153
-0.997849
-1.575374
-1.052628
-0.362176
-3.004724
-1.015469
-1.210675
-2.429880
-0.372412
-2.019213
-0.854737
-1.201205
-0.760835
-0.012712
-2.060197
-1.387003
-0.499941
-1.716568
-0.193958
-1.214244
-0.716628
-2.205890
-0.819024
-1.798364
-1.757268
-0.933464
-1.488676
-1.538147
-1.296947
-0.354154
-1.179730
-3.972804
-0.270488
-1.623187
-0.533116
-0.378678
-0.503045
-0.019997
-2.906263
-1.895587
-0.190033
-0.413728
-1.547290
-1.212625
-0.548981
-2.031510
-1.007049
-0.873451
-1.459897
-0.862247
-0.176727
-0.787481
-3.381781
-0.487858
-0.011661
-0.779624
-1.342764
-1.039318
-0.322076
-1.599720
-1.475576
-0.173651
-0.898551
-0.100784
-0.817678
-1.831136
-0.387307
-2.445023
-0.606609
-2.959147
-2.147770
-0.780002
-0.307358
-0.155862
-1.813400
-0.035105
-1.481639
-0.868816
-0.458165
-0.279676
-0.706597
-0.692731
-1.859032
-0.523061
-0.545404
-0.642205
-0.666578
-0.489211
-0.603010
-0.581797
-0.503752
-4.531355
-0.244053
-0.067715
-4.093543
-3.043262
-1.460787
-1.632359
-0.593872
-0.889587
-4.229533
-0.109836
-1.347362
-1.020915
-2.328781
-1.377616
-1.260532
-0.631863
-0.706813
-0.055885
-0.176742
-2.802129
-2.052460
-0.044646
-0.467958
-0.005122
-0.278252
-1.103342
-1.433547
-0.167785
-0.108094
-0.495083
-0.811747
-0.461845
-0.101576
-1.668818
-1.424994
-0.742286
-0.510522
-2.458437
-1.190784
-0.757798
-0.236942
-2.319435
-0.138385
-1.130709
-0.037780
-1.019848
-2.686540
-0.132330
-1.514514
-0.400265
-2.597495
-0.658551
-0.278650
-0.156786
-1.418365
-2.156721
-0.200338
-1.146106
-2.042061
-2.481597
-0.895713
-0.119478
-0.119359
-0.011383
-1.440060
-1.102660
-0.128200
-0.535705
-0.029483
-0.608311
-2.209293
-3.550548
-0.208886
-0.802825
-0.049120
-0.780362
-0.311501
-0.187432
-0.925011
-0.274863
-0.236863
-0.090120
-1.369141
-1.228825
-0.251140
-0.591959
-0.337292
-0.394232
-1.688469
-1.061021
-1.050159
-1.283852
-0.709009
-0.004979
-1.153537
-2.357780
-0.311525
-1.324479
-1.707528
-2.794311
-1.100246
-1.095907
-0.328155
-0.949058
-0.378394
-0.664912
-0.902251
-2.673865
-0.697836
-0.226253
-2.007840
-0.718463
-1.101767
-0.832731
-1.799332
-0.440594
-0.079883
-1.909509
-2.030215
-2.798884
-0.876959
-0.120072
-0.535331
-0.116738
-2.294954
-2.290868
-0.515801
-0.757557
-0.057507
-0.137901
-0.314358
-0.431078
-0.137867
-1.085034
-0.323485
-1.168786
-0.153414
-0.171690
-1.460626
-1.455751
-0.085344
-0.284141
-0.594576
-1.980962
-0.042024
-0.158849
-2.071596
-0.965596
-0.029082
-0.776306
-1.039476
-3.489090
-1.038553
-0.632882
-0.473074
-0.084169
-0.487290
-2.795705
-0.704787
-0.943658
-1.335573
-1.855388
-0.466827
-0.992949
-0.164135
-1.159409
-0.770971
-1.801796
-0.750007
-1.152904
-0.252869
-0.485120
-0.439067
-0.975319
-0.661723
-1.051976
-2.686855
-0.836960
-0.905885
-2.779356
-0.321081
-0.226185
-0.479102
-0.583523
-0.759360
-0.561043
-0.013060
-0.171565
-0.229716
-0.854118
-0.124688
-0.011704
-0.445513
-0.235246
-0.644239
-1.460387
-0.202672
-0.497973
-0.077421
-0.017026
-1.160432
-0.039174
-1.435188
-0.626356
-2.928333
-0.990517
-1.536594
-2.631237
-0.538113
-3.136394
-0.236863
-0.991724
-0.076090
-1.283034
-0.232775
-1.486378
-1.253148
-0.573494
-0.301932
-0.059529
-0.200969
-0.940980
-0.383413
-2.876605
-0.722209
-1.218707
-1.531226
-1.447071
-1.640380
-0.196111
-1.566203
-0.063990
-0.153736
-0.189320
-1.108390
-0.019009
-0.372723
-1.665917
-0.762364
-0.062798
-0.025828
-2.102595
-1.527698
-0.851776
-0.009026
-0.602740
-0.096468
-3.568595
-1.011700
-2.002720
-0.084767
-0.211237
-1.005203
-1.887023
-1.075638
-0.576255
-0.421202
-0.437124
-2.205840
-0.712026
-1.764175
-0.746368
-0.015790
-0.653715
-1.345942
-1.016448
-0.635891
-0.014442
-0.649178
-3.837042
-0.217790
-0.625362
-0.104765
-0.180906
-0.006806
-1.465998
-0.951710
-1.240304
-0.270374
-0.141850
-1.293261
-0.952290
-2.200283
-1.504222
-0.920320
-2.397078
-0.108904
-0.857603
-0.201363
-0.744941
-1.803414
-0.365072
-0.222938
-0.694508
-0.530247
-0.305127
-5.131510
-1.045726
-0.397162
-0.284499
-0.244287
-0.879594
-0.253256
-0.024336
-2.089849
-0.510205
-0.156130
-2.209477
-0.076093
-0.644665
-1.735813
-2.164368
-0.077688
-1.943304
-1.205554
-1.516485
-0.674426
-1.246006
-2.333459
-1.328146
-0.824456
-1.223961
-0.063023
-0.195728
-3.274183
-2.307943
-0.602548
-0.488255
-0.257293
-0.406686
-3.046017
-0.431707
-0.808233
-0.000552
-1.122228
-1.791797
-4.785331
-2.742811
-0.141798
-0.383230
-2.956232
-0.567707
-1.182138
-0.206262
-1.655434
-0.379445
-1.179424
-0.085053
-2.290020
-1.458571
-1.365254
-1.043460
-2.682436
-1.561956
-0.727587
-0.306784
-1.441354
-0.025563
-0.906379
-0.788138
-0.491517
-0.395621
-0.134380
-1.721580
-0.831989
-2.149831
-0.465546
-0.480869
-1.644687
-0.006360
-2.865744
-0.040373
-1.135314
-2.225092
-0.177060
-1.670980
-0.236424
-0.521709
-1.923430
-0.990865
-0.170940
-1.086020
-0.334466
-0.684951
-0.473279
-0.017516
-2.285808
-1.424182
-0.712069
-0.468331
-0.081373
-0.946722
-1.946887
-0.762276
-3.040035
-1.534032
-0.137953
-1.185452
-2.083602
-2.154546
-0.857092
-0.516909
-1.455443
-1.258847
-2.621713
-2.083970
-2.334764
-0.303526
-5.234031
-3.872135
-0.404903
-0.871067
-1.470370
-0.079199
-0.041225
-0.839126
-1.000502
-1.177410
-0.836948
-1.489952
-0.292430
-1.291358
-0.880166
-1.049973
-0.220230
-1.497116
-0.424029
-2.259236
-0.390388
-0.390003
-2.691568
-1.055699
-3.131003
-3.220144
-0.104373
-1.467295
-0.088746
-0.965139
-1.182911
-0.470426
-0.122916
-1.133930
-0.652435
-0.449088
-0.109293
-1.486280
-1.236986
-0.276113
-0.120717
-0.408945
-0.491254
-1.247800
-3.151425
-0.010546
-0.273850
-1.364503
-1.504470
-1.723782
-0.589877
-0.964759
-0.748522
-1.047799
-1.553043
-1.431164
-0.356335
-1.585086
-0.444822
-0.460998
-1.407278
-2.083474
-2.472789
-1.825805
-1.624682
-0.014032
-1.312515
-0.772979
-1.086468
-0.547279
-1.238035
-1.132020
-1.784371
-2.249531
-0.735427
-0.228636
-1.095151
-0.220474
-2.562955
-0.494910
-1.952412
-1.014964
-1.728727
-0.010864
-0.007445
-0.704801
-3.357201
-0.175601
-0.604921
-1.047159
-1.015062
-1.133057
-0.325567
-2.813901
-0.328340
-0.291435
-0.865351
-0.819943
-0.158535
-0.788320
-3.313518
-0.025236
-3.288328
-0.130008
-2.003543
-0.368175
-1.734605
-0.273339
-2.955008
-3.034768
-2.638991
-0.122145
-0.466110
-0.720451
-2.082774
-0.340579
-0.228436
-1.033952
-0.488570
-1.128695
-0.718329
-0.643714
-2.417653
-0.322836
-2.435009
-1.020600
-0.915067
-0.561024
-0.438103
-2.124730
-0.006401
-0.396150
-1.899385
-0.515050
-0.946577
-3.236034
-0.577926
-2.753387
-0.491233
-0.477852
-0.075706
-0.034786
-0.525042
-0.976664
-0.197108
-0.370012
-1.198152
-0.854624
-2.055577
-0.657540
-0.398314
-0.553977
-0.812339
-1.347550
-0.976380
-0.050741
-1.818103
-0.060410
-0.364336
-1.000605
-1.338577
-1.486192
-2.223369
-0.008862
-0.361134
-1.886183
-3.859957
-1.908758
-1.294321
-0.466428
-0.179622
-2.310665
-0.965260
-0.027960
-0.290564
-0.645127
-1.603246
-2.804154
-0.137767
-2.581673
-0.017936
-1.079858
-0.437730
-1.556439
-0.213017
-0.011965
-1.091150
-0.029469
-0.260959
-0.676646
-0.681588
-0.926878
-0.310059
-0.366377
-0.257951
-0.100915
-1.540786
-0.031830
-2.429265
-0.019672
-0.366692
-0.201892
-2.507742
-0.122853
-0.119322
-0.092636
-1.534986
-0.605283
-2.540934
-0.915639
-2.110519
-0.664385
-0.835037
-1.861025
-0.733313
-3.392462
-0.007538
-0.083239
-0.649893
-0.109404
-4.764685
-0.046011
-1.044893
-1.279849
-1.054022
-0.409859
-0.294853
-0.267747
-1.189865
-0.007329
-0.095770
-0.690274
-2.023492
-1.534631
-1.623770
-0.400253
-0.003320
-0.459997
-0.870415
-0.435562
-2.159039
-1.251277
-3.305552
-0.146830
-1.916223
-0.137583
-0.637834
-1.890913
-0.986349
-2.268941
-0.842046
-0.060725
-1.054363
-0.046767
-1.849557
-3.384481
-1.400609
-0.744587
-2.139533
-1.010378
-0.465861
-0.253271
-2.181568
-0.079526
-0.905856
-1.414415
-0.090849
-1.021828
-1.386209
-1.732522
-0.745758
-0.837730
-1.567510
-2.206929
-0.074480
-1.394393
-0.364937
-0.427436
-0.150867
-0.876449
-0.140814
-0.068393
-2.623989
-0.521218
-0.480821
-1.416894
-0.618872
-0.110167
-0.031025
-0.471397
-0.616927
-1.792176
-0.106337
-0.325748
-1.247619
-1.816463
-0.990407
-0.810608
-0.081266
-0.644127
-1.878750
-0.014496
-3.566020
-0.592665
-0.583560
-0.204117
-2.061983
-0.310245
-1.220277
-0.776274
-0.003541
-1.649692
-0.807089
-1.673254
-0.026994
-0.542234
-0.741552
-1.558133
-1.173286
-1.760269
-2.420426
-0.408673
-0.293727
-0.444305
-0.224791
-1.560089
-0.135742
-2.405203
-0.707423
-0.910052
-0.722376
-0.262797
-0.629430
-0.976349
-0.083035
-0.686283
-0.381596
-0.369486
-0.762711
-0.649099
-0.326464
-0.285919
-1.479494
-1.852937
-0.275879
-0.777413
-0.741714
-4.150041
-4.716223
-2.511138
-3.043377
-0.026974
-1.601985
-4.570683
-0.224776
-0.941694
-0.115078
-0.169323
-0.927275
-0.385279
-0.123962
-0.242349
-1.830939
-0.136084
-1.168119
-0.330010
-0.682773
-0.015435
-0.792460
-0.198084
-1.079548
-0.523337
-0.374176
-0.742930
-0.298054
-0.009898
-0.566399
-2.370659
-1.767371
-0.253120
-2.099666
-0.887792
-2.142779
-0.393339
-0.614444
-0.331133
-1.212315
-0.049498
-1.277913
-0.807322
-1.537704
-0.542086
-0.173672
-0.844364
-1.101734
-0.089313
-1.638034
-0.535019
-1.315156
-0.282878
-0.114952
-0.886503
-0.109664
-0.214574
-0.845723
-0.838095
-0.177948
-0.760995
-1.061209
-3.928418
-0.150124
-0.547606
-0.832022
-2.597557
-0.950888
-2.680063
-1.039590
-0.716532
-0.566048
-1.228541
-0.025911
-2.972972
-2.277153
-2.009314
-0.583275
-0.585288
-0.051198
-0.122494
-0.589896
-2.028861
-1.489468
-1.640047
-0.972604
-0.015611
-0.568703
-0.225267
-0.322304
-0.449060
-0.104738
-1.248111
-1.753439
-0.935700
-0.222286
-0.666338
-0.730010
-1.482077
-1.262779
-2.101750
-1.328097
-0.154190
-0.708508
-0.766292
-3.254577
-0.503824
-0.017835
-0.236169
-2.594329
-0.244043
-0.744899
-1.792211
-0.424411
-0.870428
-3.359629
-1.060032
-2.627856
-0.408539
-1.254841
-2.635201
-3.428458
-0.478193
-1.903209
-0.699996
-0.889423
-3.214982
-0.435475
-2.091041
-3.619206
-0.297144
-0.173413
-1.240581
-1.034982
-0.358316
-0.597924
-2.363872
-2.364316
-0.373760
-2.342339
-1.615051
-1.871367
-1.023711
-0.097312
-0.879769
-2.840109
-0.604229
-3.305540
-0.767282
-0.075249
-0.075464
-0.174734
-3.886538
-0.879242
-0.165621
-1.099627
-0.551984
-0.960894
-1.980645
-0.194931
-0.114933
-1.579638
-1.487592
-1.982887
-0.575612
-0.508546
-0.202791
-0.208883
-3.963080
-0.392357
-0.594891
-0.113836
-0.459345
-0.525523
-0.322855
-1.622672
-0.301814
-1.006672
-0.895652
-1.461703
-1.942249
-0.805172
-2.198140
-0.117693
-0.932055
-1.339455
-0.531892
-0.248292
-3.637143
-3.370026
-1.257315
-0.278387
-2.909874
-0.509370
-0.526741
-0.842338
-0.277432
-0.210111
-0.166017
-0.548047
-0.980306
-0.942101
-1.764363
-0.187307
-0.251286
-1.003523
-1.099429
-0.596188
-0.645476
-0.208227
-2.369414
-0.310961
-0.276678
-0.525035
-0.577624
-1.023504
-0.026789
-1.573878
-0.015257
-0.759520
-1.408945
-0.442356
-1.301106
-1.476787
-0.396539
-3.001404
-1.418515
-1.309864
-1.225494
-1.279978
-1.530109
-0.585874
-0.031990
-1.574509
-1.684460
-0.695077
-4.267358
-0.200110
-1.160102
-0.051234
-0.546945
-1.805202
-3.522155
-0.251793
-0.229486
-0.697420
-0.273191
-0.714082
-2.171091
-0.089159
-0.135329
-0.086610
-0.812023
-1.060351
-0.068441
-1.473572
-1.915698
-3.321953
-0.483091
-0.661071
-0.780740
-0.032545
-1.972848
-0.819714
-0.048464
-0.674566
-0.368985
-0.259786
-0.011487
-1.190479
-0.422883
-1.384038
-2.372919
-0.119170
-0.340798
-1.910241
-0.692857
-2.547274
-1.715334
-0.330246
-0.111198
-0.588722
-0.365823
-0.536894
-0.228853
-2.983972
-0.235914
-1.481351
-0.809716
-0.979062
-0.789661
-1.621058
-2.602710
-0.603149
-1.291734
-0.314091
-0.259439
-1.141445
-0.243057
-2.829418
-0.010489
-0.106535
-0.467040
-0.408413
-3.458640
-0.499120
-2.838518
-1.833835
-1.869044
-1.884931
-1.994500
-0.464533
-0.000710
-0.084192
-1.575596
-2.515567
-0.983535
-1.164614
-0.566372
-1.464027
-0.158434
-0.320429
-1.440095
-0.159618
-0.103053
-0.673970
-0.020659
-0.219285
-1.011342
-0.178004
-4.840498
-0.121948
-0.033275
-0.415060
-0.357952
-0.711233
-0.432660
-1.519106
-0.169429
-0.278645
-3.532403
-0.269041
-0.791233
-1.128886
-0.049410
-0.076243
-0.400030
-2.082159
-1.751808
-0.197148
-0.687797
-0.253968
-0.735436
-0.072114
-1.709768
-1.296041
-0.910212
-0.415936
-0.753526
-1.787693
-0.224024
-0.225478
-3.572346
-0.693009
-0.375114
-0.549968
-0.683537
-0.175758
-1.575314
-1.217632
-1.617634
-1.488118
-0.007505
-0.047471
-0.236623
-0.640395
-0.131128
-1.261447
-1.359185
-0.316931
-0.686948
-0.938951
-2.237408
-0.617377
-0.891863
-0.587101
-0.039216
-0.688801
-1.391101
-0.323230
-3.106824
-0.277228
-0.157685
-0.025851
-0.494435
-1.797123
-0.211576
-0.406692
-0.375751
-2.268645
-3.259943
-3.568322
-0.003154
-0.682006
-0.035328
-2.026434
-0.235912
-3.710952
-1.075515
-0.041850
-0.124831
-0.230585
-0.670420
-2.565164
-0.573159
-1.194973
-1.012978
-1.176993
-2.106092
-0.523098
-2.011221
-1.610775
-0.206501
-0.455567
-0.677424
-1.319099
-0.959765
-1.586571
-0.555812
-0.003667
-0.801175
-2.486328
-0.505801
-1.049696
-0.715132
-0.799594
-0.783056
-0.244598
-2.642503
-1.195025
-0.179975
-0.362140
-0.479877
-0.831762
-1.997238
-0.362247
-1.211154
-2.071913
-0.201109
-1.210287
-0.218231
-0.497179
-0.714711
-3.585420
-0.684070
-0.097850
-1.353611
-1.800331
-1.195876
-2.088131
-0.522426
-0.967060
-0.756238
-1.989025
-2.315212
-0.933922
-0.388590
-0.583644
-0.272605
-0.014250
-0.266539
-0.201229
-0.234556
-0.995253
-0.384902
-1.878077
-1.119293
-1.218587
-0.190358
-0.768302
-3.493035
-0.121111
-1.494473
-2.295274
-0.772058
-0.902472
-1.074469
-1.646946
-1.827874
-3.515112
-0.675159
-2.629602
-1.980196
-0.834262
-1.681057
-0.237261
-0.377763
-0.168701
-0.613513
-0.209100
-0.934076
-0.570171
-1.323745
-0.612968
-0.700191
-0.313863
-0.204424
-1.727243
-1.622064
-0.222692
-1.538713
-0.916484
-3.203157
-0.542694
-4.596020
-0.133547
-0.246353
-0.099240
-1.006179
-2.157203
-1.061259
-0.189517
-1.819002
-0.295629
-1.899604
-0.279797
-0.030557
-0.930886
-0.727307
-1.905387
-0.231342
-0.355489
-4.282930
-0.298572
-0.138928
-1.075909
-0.452907
-1.283251
-0.002381
-2.204856
-0.918598
-2.279598
-1.653937
-0.161229
-2.769241
-0.352099
-2.930833
-0.323379
-1.102494
-1.483808
-0.213821
-1.011789
-0.408351
-0.042050
-1.072599
-1.945792
-0.336739
-0.588785
-0.958949
-0.759261
-2.537576
-0.268584
-3.307899
-0.598952
-0.920495
-1.293525
-0.130993
-0.039050
-3.754779
-0.250847
-1.604412
-0.444464
-0.742686
-2.251745
-0.151031
-1.988683
-0.640151
-0.683788
-2.477282
-1.742910
-1.575579
-1.183616
-0.191862
-0.076804
-0.294004
-2.287372
-0.150699
-0.584751
-0.080165
-1.914092
-0.700892
-1.039607
-1.126876
-0.467004
-1.042298
-1.061876
-0.010852
-2.037230
-0.051552
-0.231077
-0.219655
-0.296649
-0.268767
-0.030231
-0.065847
-0.066113
-0.000055
-0.239182
-0.657230
-0.732828
-0.913693
-0.208702
-1.886729
-0.052725
-0.641911
-1.986843
-1.131730
-0.108064
-0.838262
-3.382004
-0.704123
-1.074071
-0.764721
-3.334867
-0.731760
-0.698720
-1.848520
-1.389093
-2.901020
-1.470441
-0.251961
-1.060362
-0.073676
-1.085520
-1.913629
-1.674402
-0.289739
-0.010476
-0.096655
-0.120837
-0.431444
-1.629479
-1.341655
-0.500052
-0.014583
-0.442309
-1.984159
-2.322170
-0.670927
-1.699269
-0.478336
-2.441957
-1.693134
-0.001616
-0.082743
-4.302160
-0.002901
-1.188863
-0.516395
-1.921087
-2.156346
-1.551500
-0.648643
-0.415333
-0.924125
-1.335872
-0.209884
-0.311653
-0.900733
-0.344262
-0.712824
-0.366601
-0.297659
-1.230215
-0.405234
-1.257094
-1.613356
-1.209089
-1.165763
-1.882878
-0.482066
-0.187021
-0.779839
-2.375791
-1.765319
-1.436728
-0.075559
-2.792493
-0.776937
-0.434219
-0.005945
-0.008332
-0.053218
-2.805018
-0.900175
-1.036725
-2.011755
-0.354408
-1.161675
-0.063406
-1.790859
-2.153426
-0.261480
-1.163078
-1.386334
-0.004833
-0.922303
-0.548440
-0.207708
-1.371336
-0.918616
-0.096379
-0.320626
-0.538907
-0.106643
-2.353039
-0.464105
-0.951590
-0.355733
-2.745307
-1.296321
-1.060063
-0.666203
-0.224451
-0.395947
-0.989993
-0.913257
-1.622008
-3.261505
-0.884538
-1.033359
-0.329835
-0.619069
-1.456319
-0.410698
-0.829784
-1.766030
-1.080083
-0.002425
-1.858482
-0.898146
-1.318390
-0.325102
-0.955633
-2.713398
-2.420096
-0.793921
-0.057720
-0.003395
-2.370069
-0.267659
-0.192972
-1.500334
-3.436256
-1.085537
-0.547222
-0.485648
-0.273702
-1.373271
-0.831220
-0.323837
-2.744499
-0.123365
-0.984268
-0.555470
-0.142630
-0.209595
-0.038109
-0.180377
-3.836391
-0.411186
-0.440592
-0.453701
-0.211439
-0.581369
-0.824702
-0.753560
-0.071812
-0.172756
-0.164419
-0.252551
-0.427425
-1.559709
-1.047799
-1.478448
-2.124578
-4.180769
-0.852885
-1.397650
-0.841372
-2.540049
-3.163102
-0.477647
-2.089908
-0.766989
-0.222818
-0.399926
-0.999247
-1.070663
-2.156187
-1.684276
-0.071501
-0.859767
-0.334476
-0.100869
-0.210468
-0.240698
-0.805774
-0.008569
-2.442281
-1.186207
-0.009399
-0.112606
-0.494646
-1.505631
-0.326434
-0.057792
-1.380614
-0.566080
-1.412236
-1.384131
-0.239430
-0.210906
-1.806688
-1.134305
-0.257099
-0.392858
-2.499737
-0.157696
-1.039066
-0.411652
-1.395701
-0.910546
-1.303930
-1.787223
-0.067127
-0.003913
-2.287658
-1.609822
-0.413729
-1.706808
-1.393892
-0.012277
-3.338637
-0.499412
-1.991000
-0.776890
-2.726244
-0.085666
-0.009476
-0.498507
-1.743758
-1.050853
-0.156719
-2.211745
-4.161594
-1.502279
-0.233904
-0.209924
-1.063876
-1.042325
-0.582042
-1.523617
-1.227612
-1.089304
-0.875026
-0.457698
-1.407181
-0.156644
-0.527339
-0.238698
-0.041421
-0.070736
-0.753598
-0.081972
-0.043993
-1.258731
-2.420011
-0.519340
-2.083594
-1.755123
-0.557046
-3.262705
-0.024959
-1.375211
-2.920227
-0.657725
-2.188999
-3.453030
-2.383358
-1.508533
-0.884870
-0.696689
-2.042871
-1.198596
-5.317423
-0.756644
-3.222762
-0.376560
-2.474344
-0.326944
-0.850410
-0.913526
-0.481890
-0.187953
-0.262333
-1.025643
-1.326208
-0.021235
-0.654356
-3.055788
-1.286099
-1.845991
-1.387290
-0.170210
-0.184880
-0.406186
-2.649597
-0.520273
-0.156918
-1.559213
-0.542133
-2.678146
-0.192021
-2.613082
-0.833116
-1.114278
-0.036815
-0.531954
-0.033512
-1.796308
-0.584236
-0.004526
-0.098727
-1.241021
-1.480338
-0.868548
-0.101906
-0.223885
-0.424031
-2.599205
-1.568130
-1.235336
-0.115446
-1.805669
-1.034007
-0.626519
-3.644462
-0.036798
-3.405375
-0.269406
-0.756597
-2.021385
-0.330308
-0.777115
-0.325643
-0.016116
-0.061286
-0.654804
-0.665370
-0.405535
-0.383959
-0.373049
-0.413947
-0.580261
-1.906270
-0.728063
-0.388257
-0.853299
-2.241453
-2.623631
-2.327892
-4.187779
-1.546972
-2.365597
-1.380266
-0.944391
-0.067362
-0.633914
-0.477084
-0.731962
-0.146833
-1.650009
-1.125155
-0.148607
-0.955509
-0.413841
-2.827848
-0.356749
-1.098889
-0.706894
-2.383009
-0.839244
-0.019266
-0.897159
-0.035873
-1.698810
-0.795640
-0.004223
-0.150758
-0.470475
-2.176765
-0.520816
-0.340856
-2.905515
-0.806796
-0.374227
-0.367514
-0.515914
-0.043959
-1.471826
-0.481874
-2.068612
-1.447271
-0.806306
-2.228465
-1.677221
-3.356792
-0.546301
-0.878355
-0.886837
-0.349006
-2.819845
-1.951898
-0.677632
-0.593039
-0.062529
-0.113184
-2.131106
-0.440736
-3.787813
-1.392147
-0.590399
-3.244719
-0.457525
-4.030195
-1.200602
-2.086192
-0.609202
-0.928756
-2.036571
-0.455193
-1.272318
-0.680203
-1.616963
-2.940541
-0.001678
-1.735514
-2.345886
-0.849773
-0.682741
-1.912055
-0.222023
-3.478210
-1.446399
-0.262394
-1.321816
-1.179609
-2.989133
-1.736642
-0.711377
-3.484410
-0.350442
-1.329648
-0.890715
-1.226378
-1.185122
-0.349135
-0.780580
-1.203504
-3.121745
-0.232862
-0.141019
-0.679309
-2.153410
-0.137729
-0.837609
-0.766998
-0.526310
-0.094780
-0.082569
-2.215366
-0.278462
-0.664679
-0.023715
-0.884352
-1.582456
-1.763694
-0.163219
-0.130664
-2.059118
-0.098955
-0.551158
-0.738139
-1.012199
-0.010750
-1.308481
-1.764405
-2.737532
-0.200789
-2.770947
-0.041378
-0.910042
-1.548038
-0.578584
-0.138767
-0.417192
-2.958179
-1.593607
-0.024636
-0.957949
-3.153462
-0.921464
-0.628524
-0.120453
-3.348338
-1.767793
-0.337072
-0.174115
-0.845466
-1.252200
-1.457051
-1.262421
-1.621680
-1.339187
-1.080484
-1.117017
-2.345967
-0.353301
-1.164800
-1.335433
-3.782792
-0.236066
-1.168765
-0.304858
-2.093259
-1.952882
-0.408818
-0.777355
-0.674054
-0.929742
-2.896200
-0.386831
-0.319892
-1.586521
-0.094347
-1.720121
-0.435048
-2.527611
-0.083560
-1.246248
-2.988880
-2.268575
-3.605852
-1.428973
-0.026002
-0.379011
-0.800244
-0.765135
-3.105948
-1.918813
-2.728662
-1.210775
-0.892280
-1.269244
-0.482291
-0.091080
-1.209203
-0.246271
-0.118386
-3.077034
-0.211615
-0.076645
-1.096687
-1.264608
-2.330833
-1.172697
-0.032573
-0.690695
-0.080906
-1.449413
-1.546694
-0.087885
-0.636654
-0.140235
-0.046265
-0.754636
-0.602505
-0.124246
-0.329118
-0.049847
-0.033397
-0.077544
-2.849371
-3.413472
-0.019305
-0.666231
-0.253967
-0.380403
-0.715928
-0.342810
-1.816350
-2.495535
-0.003962
-1.666193
-1.763258
-0.538548
-1.108889
-2.545799
-1.713313
-0.989511
-0.017453
-2.238469
-0.179168
-0.098210
-0.042737
-0.166346
-1.137965
-2.879843
-0.522066
-2.346106
-0.611171
-3.615439
-0.854520
-2.568672
-2.082244
-0.683719
-1.582181
-1.570151
-1.163979
-0.800849
-1.030640
-1.866304
-1.229771
-2.472559
-0.119093
-1.636898
-0.073220
-0.051737
-2.034100
-0.988273
-0.370794
-0.206627
-0.167970
-0.350455
-0.535068
-1.707887
-0.303173
-1.039574
-0.693544
-2.127013
-0.897469
-0.298023
-0.197315
-0.013497
-2.554161
-1.587543
-1.696985
-0.041155
-0.188231
-1.578479
-2.689674
-1.628941
-0.895223
-1.241469
-0.317723
-1.099123
-0.738419
-0.376493
-3.395977
-2.242488
-1.554675
-0.494793
-0.042915
-0.320604
-0.334938
-2.302954
-1.857315
-0.092285
-0.810224
-0.675985
-1.966152
-1.101128
-0.791329
-2.444295
-1.338428
-1.766270
-0.223612
-1.800562
-1.168916
-1.306644
-1.614165
-1.591398
-0.655790
-1.402145
-0.757540
-1.320814
-0.326103
-2.460931
-0.104502
-0.043566
-2.550987
-4.194236
-3.481746
-0.527657
-1.779823
-1.426551
-1.700544
-0.010593
-0.057858
-0.575016
-0.626247
-0.212343
-1.515289
-0.154915
-0.313201
-2.740064
-3.757248
-0.246188
-0.053908
-1.734173
-0.389693
-1.368986
-0.731213
-2.465049
-0.668358
-3.376392
-1.112776
-1.292126
-0.271036
-0.304334
-2.969621
-1.016623
-0.569188
-0.154113
-0.430192
-1.140035
-1.271958
-1.475383
-1.625659
-0.220985
-0.505081
-0.934335
-0.527004
-0.742146
-0.021732
-1.821221
-0.037405
-1.383365
-0.153985
-0.118332
-0.554620
-0.438418
-1.155130
-0.600108
-0.529671
-0.247684
-1.365138
-0.393189
-0.033510
-1.461366
-2.165649
-3.518559
-3.124911
-3.614377
-2.674408
-0.653106
-0.351553
-0.560896
-1.366228
-1.933952
-3.482578
-0.265509
-0.808943
-0.500735
-0.015990
-0.019018
-1.028320
-1.525782
-2.455799
-0.101408
-2.807256
-0.005722
-1.005712
-0.275199
-1.977124
-0.906271
-1.968893
-0.118996
-2.473869
-1.694683
-1.415082
-1.104975
-1.590886
-0.864522
-0.106799
-0.908921
-1.812805
-0.326907
-0.848713
-2.389041
-1.924465
-3.292365
-1.086134
-1.338698
-1.172621
-0.310774
-0.059517
-1.409977
-1.501870
-0.196141
-1.184060
-1.068156
-0.575035
-1.400438
-1.840707
-0.158246
-2.989910
-0.405094
-0.016912
-0.279984
-1.109772
-0.476189
-0.167051
-0.352031
-1.729774
-0.489119
-0.788704
-0.283929
-0.893462
-1.858930
-0.502797
-0.303560
-0.628121
-0.460143
-4.007585
-0.029090
-2.408525
-0.000413
-0.842544
-3.633874
-0.238884
-1.471293
-1.505259
-0.880429
-0.535717
-0.207767
-1.513610
-2.467745
-0.236286
-0.335165
-0.811997
-0.759827
-0.741989
-0.110893
-2.561381
-0.043785
-0.826228
-0.231339
-0.128472
-1.749244
-0.033615
-1.134203
-2.030119
-0.352117
-0.347241
-0.380649
-0.448193
-0.050010
-0.597217
-0.144087
-2.051225
-0.528134
-0.311785
-0.909965
-2.147950
-1.744741
-3.585646
-0.135140
-0.265990
-1.743827
-0.179368
-1.673636
-0.151598
-2.508327
-0.058994
-0.094116
-0.723729
-1.451248
-0.006545
-3.459812
-1.612389
-2.678323
-0.733688
-2.058479
-0.426372
-0.282047
-1.506463
-0.638558
-0.172322
-1.422973
-2.686434
-0.143494
-1.771265
-0.470710
-1.613318
-0.241014
-0.131602
-0.043949
-1.387455
-0.801489
-0.802426
-0.207728
-0.016909
-0.176140
-0.706015
-0.272150
-0.146286
-0.137508
-0.823367
-2.005413
-2.020250
-0.304451
-0.837961
-1.410619
-0.914848
-1.587196
-1.706737
-4.181670
-0.278535
-1.635200
-0.176753
-0.269875
-0.433508
-0.040758
-0.403378
-0.016913
-0.652766
-0.259019
-0.083697
-0.050705
-1.688298
-0.627194
-2.112104
-0.677437
-0.301249
-2.083997
-0.482483
-2.330921
-0.184434
-1.014008
-1.188896
-1.941060
-0.146663
-0.174729
-1.495605
-2.348251
-0.915665
-1.185045
-1.154424
-0.169623
-1.837697
-2.161017
-0.965779
-0.124542
-1.532075
-3.068872
-0.164545
-0.783203
-2.152578
-0.051821
-1.646214
-2.097653
-0.170118
-0.348267
-0.674916
-0.485755
-0.111263
-1.833015
-1.343780
-0.870748
-0.345104
-1.821165
-0.267893
-1.286200
-5.166801
-0.268563
-1.772952
-0.747317
-3.025591
-0.617376
-0.533830
-1.195601
-1.171680
-0.381076
-0.141141
-2.147583
-0.124591
-0.405417
-0.030337
-0.221715
-1.098776
-0.835575
-1.045764
-0.047996
-0.733278
-0.544472
-1.238523
-1.353477
-0.544888
-2.275063
-2.967666
-0.072723
-0.355901
-1.889370
-0.490094
-0.323959
-1.686448
-0.421739
-0.713238
-1.473037
-0.307099
-0.778366
-0.003343
-0.881769
-1.156009
-2.151280
-0.000092
-0.370914
-0.923412
-1.311576
-0.667260
-0.062295
-0.682290
-0.418133
-0.554600
-1.982821
-0.187161
-0.089476
-1.354702
-0.679747
-0.397782
-0.031170
-0.056584
-0.103752
-0.539649
-1.643541
-1.548543
-3.961196
-1.035316
-0.031015
-0.302387
-0.277092
-0.702609
-0.251389
-0.777538
-0.819209
-1.077390
-0.097534
-0.049275
-4.247869
-0.255067
-1.584133
-0.115298
-1.501087
-0.919911
-1.932529
-1.047142
-2.312796
-0.063006
-1.546981
-2.559365
-0.000771
-0.199571
-0.589916
-0.708935
-0.856007
-0.685211
-1.163877
-0.331505
-2.327224
-1.651549
-0.271590
-2.826921
-0.477230
-1.835375
-0.401170
-0.771369
-0.982382
-0.846877
-1.370433
-0.242744
-0.427124
-1.861083
-0.019216
-1.467487
-0.105842
-0.066783
-0.725490
-0.631542
-0.098514
-0.378912
-0.693782
-2.705676
-0.129850
-1.175314
-0.925360
-0.643858
-1.736095
-1.276359
-1.096869
-0.604142
-0.716367
-0.643246
-3.092086
-0.749500
-0.015257
-0.086406
-1.251615
-4.684822
-0.501613
-0.463514
-0.246290
-0.931590
-0.535076
-0.420625
-1.016705
-0.447618
-0.420218
-1.631464
-0.405111
-1.959075
-1.089642
-0.166410
-0.934395
-2.802722
-0.059630
-1.842929
-1.305050
-0.199563
-0.325583
-0.051238
-0.089345
-0.325749
-1.640240
-0.156472
-1.456488
-0.536069
-0.146495
-0.554115
-0.930317
-0.644541
-2.245389
-0.028542
-3.470391
-0.782534
-1.374584
-2.230729
-1.054658
-0.407268
-0.198782
-0.709985
-0.997635
-1.727289
-1.641840
-0.001780
-0.727256
-0.315296
-1.737130
-1.275076
-0.587905
-0.581207
-0.175098
-0.412518
-0.746467
-0.029946
-1.716629
-0.205727
-0.363823
-0.455518
-3.455795
-0.999875
-1.689646
-1.993713
-0.998956
-1.011508
-2.285672
-0.588815
-0.642852
-0.893104
-0.518155
-0.651594
-0.569757
-0.291308
-1.287900
-0.438437
-1.256437
-1.057045
-0.334727
-0.902795
-1.638988
-0.095835
-0.323011
-0.669321
-3.799854
-2.679872
-1.021308
-1.624752
-0.382570
-2.623372
-0.304168
-1.847600
-0.187413
-3.053923
-0.908272
-0.678702
-1.527955
-0.194127
-0.129872
-3.346901
-2.766878
-0.125537
-0.606078
-1.191766
-0.386561
-0.129750
-0.025629
-0.147511
-0.467997
-0.742948
-1.236701
-1.670005
-0.071110
-0.107073
-1.558173
-1.970228
-0.431555
-0.034477
-1.918209
-1.066248
-0.344381
-0.325366
-0.934941
-1.209794
-1.909681
-0.050706
-0.023975
-1.507499
-1.591078
-0.276466
-1.398313
-0.745146
-0.298521
-0.898228
-0.920175
-0.802945
-2.267156
-1.349680
-0.080248
-0.358240
-0.115028
-1.722496
-1.731533
-1.343241
-0.800289
-1.761394
-1.157987
-2.958144
-2.122130
-0.128371
-2.145817
-2.202168
-4.037406
-0.358927
-0.546463
-0.062611
-0.198008
-1.023897
-1.591112
-0.902066
-1.166489
-0.238214
-0.109231
-0.145849
-0.560422
-0.192408
-0.576447
-1.095502
-1.691104
-3.634046
-1.044824
-1.229975
-0.894389
-0.391897
-1.507459
-0.149713
-0.632976
-0.381981
-2.881845
-0.978824
-1.740744
-0.355553
-0.010240
-0.327248
-0.708435
-0.135009
-0.054422
-1.017497
-0.588649
-0.786376
-0.074465
-0.426356
-2.926417
-1.555456
-0.309981
-0.697025
-1.357889
-1.644205
-0.141499
-1.583071
-1.311862
-0.844158
-0.360781
-0.904066
-0.811622
-0.638642
-0.005269
-0.827052
-0.969735
-0.506513
-0.122500
-1.706906
-1.610685
-0.598479
-0.211630
-0.661990
-0.450834
-1.183898
-1.255016
-0.348338
-2.721146
-1.087185
-1.472806
-0.465041
-0.680111
-1.324240
-3.345055
-1.904286
-0.081557
-0.765101
-0.152441
-1.107797
-0.271918
-0.003689
-1.324303
-1.429929
-0.593083
-2.285915
-0.231406
-0.201285
-0.264826
-0.587370
-0.321201
-0.037505
-2.268613
-0.844063
-0.100536
-0.418119
-0.876418
-1.469804
-3.631777
-0.557958
-0.136890
-0.730406
-2.013536
-0.870608
-0.464135
-0.108136
-0.170020
-2.153007
-0.118443
-0.400241
-0.604600
-3.516608
-1.602511
-0.368256
-0.030022
-1.964597
-0.011318
-2.024739
-1.236249
-0.910421
-3.873569
-2.664162
-1.010721
-0.110888
-1.988912
-0.378346
-0.257630
-0.187887
-2.569968
-0.063801
-0.108486
-4.089367
-0.140910
-1.102972
-0.604322
-2.977317
-1.038891
-0.012368
-1.321200
-0.411103
-1.769798
-0.506073
-1.290235
-1.120461
-0.062590
-1.664303
-0.472152
-1.468853
-3.127073
-1.430840
-1.449699
-0.015474
-1.416257
-1.473006
-1.218781
-0.756448
-0.139551
-0.733089
-0.614715
-1.066784
-1.606499
-0.589668
-0.413409
-1.864497
-0.279412
-0.763677
-1.549322
-0.249678
-1.397127
-2.540464
-0.707396
-0.065523
-0.317068
-2.946035
-2.838156
-1.384548
-2.038368
-0.255790
-0.787448
-0.065392
-1.206035
-0.006221
-0.696693
-0.633326
-0.306448
-1.522630
-0.459480
-0.826462
-2.120400
-0.839493
-1.501222
-2.432466
-0.785239
-0.716040
-1.433013
-0.796695
-1.327706
-0.706487
-0.797374
-0.485816
-0.021077
-0.285192
-2.763037
-3.197918
-0.407019
-0.653675
-1.641317
-2.134577
-0.109161
-0.041588
-1.158982
-0.988848
-0.383215
-2.733249
-0.251264
-0.197673
-2.140491
-0.141575
-2.792756
-0.826266
-0.795634
-0.642405
-0.655405
-1.109027
-1.101689
-0.838360
-1.055337
-0.411959
-2.416549
-0.417141
-1.699202
-0.242883
-1.485843
-2.015619
-0.080934
-0.968520
-1.422940
-0.012858
-0.012828
-2.436403
-1.719476
-0.986011
-0.042596
-0.460232
-1.354302
-0.256497
-0.194130
-0.700093
-2.352843
-1.019364
-0.000918
-2.056098
-1.163085
-1.147977
-0.739611
-2.696554
-0.017446
-0.595387
-0.337529
-0.751746
-1.716447
-1.747135
-0.103921
-0.021878
-2.278384
-0.133590
-0.524351
-2.377870
-1.454206
-0.849097
-0.462915
-0.118849
-1.749633
-0.506371
-0.532991
-2.161072
-0.145179
-0.101098
-0.266844
-2.027736
-0.249582
-0.781737
-2.282037
-0.205899
-1.969647
-1.272924
-2.299608
-1.324284
-1.777924
-0.146578
-0.805357
-0.422672
-0.800564
-0.274480
-0.516273
-0.142200
-0.472597
-1.749402
-0.050434
-0.104083
-0.346209
-1.306909
-0.093644
-0.749114
-1.543940
-0.322261
-2.306848
-1.533498
-0.583850
-3.267257
-0.272277
-0.460078
-1.786291
-1.650434
-0.264730
-0.827064
-0.130539
-2.103620
-1.010612
-1.198047
-0.867130
-0.115762
-0.816883
-0.281180
-2.408890
-0.871036
-0.269048
-1.144772
-0.715064
-3.740518
-1.673799
-0.694412
-1.012558
-1.998443
-2.669037
-2.002456
-1.767623
-0.437947
-1.457781
-0.467186
-0.764920
-0.739739
-2.207460
-0.134880
-0.790597
-0.004897
-1.749678
-1.362380
-1.177567
-1.715849
-1.159062
-1.282311
-0.222540
-0.013300
-1.763509
-2.284477
-0.404600
-1.098155
-0.663908
-0.134717
-1.452594
-0.395065
-0.090728
-0.184015
-1.162426
-0.836061
-0.696128
-0.370333
-0.139403
-0.721710
-0.086673
-0.419333
-1.638009
-0.696772
-1.449423
-0.835026
-0.451743
-0.132947
-1.194408
-0.231891
-0.293534
-1.429872
-0.640475
-0.490462
-0.375791
-0.057709
-0.155876
-0.574774
-0.870771
-2.847598
-0.019866
-0.639481
-0.145314
-0.803456
-2.019304
-0.185048
-1.986379
-2.167912
-0.604862
-0.928636
-0.723594
-3.614308
-0.147996
-4.387968
-2.364053
-1.206130
-3.136276
-0.087835
-0.010322
-0.654915
-1.949980
-0.373935
-2.718112
-0.483143
-3.428387
-0.838840
-0.657931
-0.090745
-1.788765
-0.793768
-1.358490
-0.518975
-0.090556
-3.650061
-2.445211
-0.040943
-0.340925
-1.102169
-2.651773
-0.558248
-2.339574
-1.898065
-0.875409
-0.333476
-1.211020
-0.852709
-0.247858
-0.242512
-0.591569
-3.208061
-0.825218
-0.389687
-2.666114
-0.550532
-0.619248
-2.617419
-0.541153
-1.436705
-2.015654
-0.572171
-0.993347
-0.459297
-0.406512
-0.349325
-0.313975
-0.779427
-1.626811
-0.589644
-0.481414
-0.317776
-0.689428
-0.765526
-0.670584
-1.936137
-0.727528
-0.732591
-1.098140
-2.965746
-3.716119
-2.495923
-2.413408
-0.252794
-1.766736
-1.999898
-2.028744
-1.850797
-3.343882
-0.511886
-1.031645
-2.099986
-0.351169
-3.084349
-2.952926
-1.764450
-0.027788
-2.786343
-2.238744
-0.407536
-0.116038
-1.700372
-3.661008
-0.620135
-0.259328
-0.777027
-1.390022
-1.373583
-0.318111
-1.004673
-1.249178
-2.953077
-2.066547
-0.441924
-2.561542
-0.011123
-3.369842
-0.123223
-0.071281
-0.558976
-0.743458
-0.087597
-0.051408
-0.263682
-1.334004
-0.280051
-0.329959
-0.979596
-0.463609
-2.238513
-0.271664
-1.383755
-0.083093
-0.217344
-0.602691
-0.774351
-0.625230
-0.117121
-2.120331
-0.019733
-1.582733
-0.003076
-0.752039
-0.545004
-2.159233
-0.447406
-0.322129
-2.053086
-1.128743
-2.501564
-0.246483
-0.198597
-1.193048
-0.771018
-0.355631
-2.525466
-0.390811
-0.597397
-1.930568
-0.182491
-1.861687
-0.265660
-0.672264
-1.026488
-0.756499
-0.931444
-1.253176
-2.541439
-0.986689
-1.361217
-0.110961
-1.649778
-1.007625
-0.433580
-0.097926
-3.266539
-0.505034
-0.381356
-0.193050
-1.159070
-2.571741
-2.109184
-0.111889
-1.010593
-0.553432
-1.361763
-0.208913
-0.103918
-0.249970
-0.228124
-0.041526
-0.150679
-0.383868
-0.142075
-0.022182
-0.605931
-1.888356
-2.172311
-0.583836
-0.398531
-1.370568
-1.065025
-2.720655
-2.689511
-1.465277
-1.387989
-0.000620
-0.812294
-0.614872
-0.521915
-2.715499
-1.671194
-1.011838
-2.270843
-1.952710
-1.264409
-2.406462
-0.852144
-0.307578
-1.307404
-1.133423
-0.231907
-0.797765
-0.341047
-0.595017
-4.047198
-1.735713
-0.789944
-1.437946
-0.371910
-1.464055
-0.984767
-1.218338
-0.114660
-1.390824
-0.734623
-2.404676
-2.947006
-2.442083
-0.198039
-0.583711
-0.150484
-0.288026
-0.200315
-1.343256
-0.875720
-1.468445
-0.050982
-0.882148
-0.731430
-2.777039
-1.669674
-0.927497
-0.113084
-2.266057
-2.371440
-0.993961
-2.433650
-0.620274
-1.219080
-1.308296
-0.246297
-0.163352
-2.327365
-0.699297
-0.560776
-0.376630
-1.323806
-0.094895
-0.587010
-0.126338
-2.671924
-0.253630
-3.385369
-0.547682
-0.328102
-1.038444
-0.324996
-0.727743
-1.255056
-0.840550
-2.332211
-1.563862
-0.399802
-1.048735
-2.707346
-0.723083
-0.541500
-0.032425
-0.888176
-1.242004
-1.254349
-0.587971
-0.589052
-0.178861
-0.132372
-2.133351
-0.974927
-0.216552
-0.321681
-0.295875
-1.919808
-0.786933
-0.895186
-0.040496
-1.093226
-1.091033
-2.344862
-0.964367
-0.625381
-0.511464
-0.166587
-1.725159
-1.239915
-2.015514
-0.836558
-1.832616
-0.210053
-0.976423
-1.677421
-0.025035
-1.853503
-0.921367
-0.700265
-3.679718
-0.356088
-0.082798
-0.435300
-0.329200
-1.082502
-1.799387
-1.531702
-0.643466
-1.830036
-0.957852
-0.320401
-1.940601
-0.306690
-1.850991
-3.908688
-1.886138
-1.096614
-1.924028
-0.766982
-2.275355
-0.570847
-0.010691
-0.004484
-0.080204
-2.735699
-0.254482
-0.727686
-0.797800
-0.156056
-0.043747
-0.383411
-0.539100
-0.794397
-0.118917
-1.108381
-1.803098
-1.050602
-0.461572
-1.736476
-3.365404
-1.275863
-0.104493
-1.206584
-0.223404
-3.404796
-0.096720
-0.884641
-0.045724
-1.708179
-0.697207
-1.256817
-1.578128
-0.448103
-0.256083
-0.651630
-0.265844
-0.383471
-2.509117
-1.910338
-0.887042
-2.683619
-0.315867
-0.034554
-2.316507
-0.993700
-1.049042
-1.728190
-1.859861
-0.141560
-1.761325
-0.193996
-1.972053
-0.453163
-1.050879
-2.129269
-2.391856
-4.145675
-0.638408
-0.087967
-0.506591
-3.623149
-0.226778
-0.081365
-0.176579
-0.550695
-2.677458
-1.581126
-0.431266
-1.054116
-0.561353
-2.021345
-0.577787
-1.920807
-1.826705
-0.211295
-1.298086
-0.492492
-1.295462
-0.322711
-0.961860
-0.235692
-1.564876
-1.160318
-0.208963
-3.226358
-2.988879
-1.132807
-0.270131
-1.008331
-1.774446
-0.961563
-1.284563
-1.613618
-1.253595
-0.114324
-0.469170
-0.031098
-0.120945
-0.462370
-0.256853
-0.566062
-2.558781
-1.750116
-0.057088
-1.005914
-3.034653
-0.187724
-0.600088
-3.298419
-0.029025
-0.017548
-2.009492
-0.521028
-0.481210
-1.866919
-0.177592
-0.254572
-0.485602
-0.626774
-1.323393
-0.247240
-2.713516
-0.856066
-0.273919
-2.986902
-0.047858
-1.350383
-1.297619
-1.735536
-0.338929
-1.655055
-3.157735
-0.510060
-0.632258
-0.026569
-0.292245
-3.411059
-0.116066
-2.659455
-2.288238
-1.335551
-0.122286
-2.223432
-0.453039
-0.449280
-0.667895
-0.886913
-0.015184
-1.096611
-4.571134
-0.035385
-0.082501
-0.437797
-0.422646
-0.261713
-0.290016
-1.117531
-2.270065
-0.318487
-1.282834
-1.547475
-1.156189
-0.934957
-1.974916
-0.236306
-1.047222
-2.350237
-0.026457
-0.595818
-0.015616
-0.332219
-1.420007
-1.393348
-0.558854
-0.306507
-1.208056
-2.727522
-1.326784
-0.841496
-2.051821
-0.048582
-1.067351
-0.322915
-0.310233
-0.431427
-0.810618
-0.050114
-0.739209
-0.992179
-0.194881
-2.718612
-0.518355
-0.373468
-0.192633
-2.524307
-2.068318
-2.999142
-0.416439
-1.277832
-0.728684
-3.929940
-0.040371
-0.834340
-0.441698
-0.148066
-0.822457
-0.273493
-0.065440
-0.113231
-1.051455
-0.849092
-1.362914
-2.451939
-0.793928
-0.239052
-0.692596
-1.549195
-0.426930
-1.946304
-0.848840
-1.634390
-2.226761
-1.194342
-3.189378
-0.110534
-0.038041
-2.066725
-0.260469
-0.388486
-4.190874
-2.591148
-1.249711
-0.331243
-0.085509
-0.134803
-2.142659
-0.736789
-0.722991
-1.021443
-2.146817
-1.543406
-3.195550
-1.875377
-0.105203
-0.459270
-0.373128
-0.781936
-0.860561
-0.541221
-1.854237
-0.857507
-1.782220
-2.980894
-1.791250
-1.301403
-1.607103
-1.587862
-2.704301
-0.500304
-0.732111
-1.470016
-0.318344
-2.444658
-1.007133
-0.691077
-0.048661
-1.334068
-0.282434
-1.767771
-0.695224
-0.152641
-0.639417
-0.868096
-1.305575
-0.202238
-1.856772
-0.209612
-0.907084
-0.364466
-1.506888
-0.345895
-1.484050
-0.566475
-0.003989
-0.214188
-3.326495
-0.170810
-0.199983
-0.287489
-0.131314
-0.010033
-0.124239
-2.046266
-1.271536
-0.236948
-0.314791
-2.997154
-1.379698
-0.040850
-0.237609
-0.531728
-0.894780
-1.176313
-0.041032
-1.891286
-1.776430
-0.081542
-0.613815
-1.053503
-0.254645
-0.145471
-0.258125
-0.832458
-1.315435
-0.857600
-0.545421
-1.305349
-0.425263
-1.850651
-0.640719
-0.287922
-1.388710
-2.684226
-0.614102
-1.516240
-0.225556
-0.128192
-0.257472
-1.670890
-0.565401
-0.013199
-3.110933
-0.532429
-0.601561
-1.452166
-2.455341
-0.793921
-0.217922
-2.919552
-0.017189
-0.054202
-0.845572
-1.127016
-0.217901
-1.519332
-0.934274
-3.047202
-2.221172
-1.029716
-2.431699
-1.197895
-1.703219
-0.506345
-1.231220
-0.032951
-0.009504
-2.216167
-2.807812
-0.574902
-0.052246
-3.040105
-2.578329
-2.340076
-1.338729
-0.022294
-1.664078
-1.639797
-0.975096
-0.244874
-0.142280
-0.681023
-0.765437
-2.447636
-0.425464
-0.396198
-0.435580
-0.345125
-0.547441
-0.073455
-4.365534
-0.141489
-2.097243
-2.729555
-0.036586
-0.665912
-2.103368
-0.702219
-0.108970
-0.439662
-1.610475
-1.085407
-0.021678
-0.768770
-0.248385
-1.167254
-0.457682
-0.269026
-0.135462
-0.793394
-0.608292
-0.529013
-0.814633
-1.662419
-1.986938
-2.798308
-2.531182
-1.217394
-2.663057
-1.043779
-3.130062
-0.629372
-0.698047
-1.805184
-2.891808
-0.115354
-0.055576
-0.251236
-0.001504
-0.187994
-1.754969
-1.899426
-2.222271
-0.473113
-1.649381
-0.341146
-0.418472
-0.959248
-0.479669
-2.002190
-0.002845
-0.509110
-0.165896
-1.194693
-1.249236
-0.889302
-0.525141
-0.560418
-0.130680
-1.098622
-1.318761
-0.679301
-1.871364
-1.202818
-2.484398
-1.575238
-0.972793
-0.610570
-0.366699
-1.593255
-2.275956
-0.337109
-0.411488
-0.408690
-0.926842
-0.798303
-1.065358
-2.118235
-0.036111
-1.322679
-2.140747
-1.529002
-0.292402
-0.981703
-0.250562
-0.844908
-0.112765
-2.139853
-0.258283
-1.998752
-0.449956
-0.832130
-1.060461
-0.588892
-0.409578
-0.561381
-1.371068
-1.768505
-3.035674
-1.735428
-0.429285
-0.500515
-2.896098
-1.369755
-0.054677
-0.354842
-2.691568
-1.648003
-1.515608
-1.798081
-1.474728
-3.530751
-1.477448
-1.706263
-0.743588
-2.152545
-2.669687
-0.885309
-0.898677
-0.102291
-1.033419
-0.373686
-0.617759
-2.249143
-0.525562
-1.579297
-0.646504
-1.037882
-0.108376
-1.182480
-0.934988
-0.161732
-1.474617
-0.625430
-2.044202
-1.355043
-0.681480
-0.112014
-0.644702
-1.411290
-0.780973
-0.323325
-0.757104
-1.759153
-0.006940
-3.409362
-0.002625
-0.196618
-0.959410
-0.664046
-0.698408
-0.299992
-0.273795
-0.981327
-0.390713
-0.297030
-1.867996
-0.057443
-2.535775
-1.301805
-1.316780
-0.219857
-2.712745
-0.024391
-0.671286
-1.119597
-0.787018
-0.120364
-1.455080
-2.401704
-1.849722
-1.203275
-0.033506
-0.167134
-0.343855
-0.635300
-0.269240
-2.766879
-0.131755
-2.038234
-0.075318
-0.554003
-0.963307
-1.314655
-0.721303
-0.410740
-2.485214
-3.522376
-2.653763
-1.391685
-0.380951
-0.956016
-0.646799
-1.668733
-1.071715
-0.234391
-0.150571
-0.498642
-0.103627
-0.603203
-1.609439
-0.167456
-1.090109
-0.441837
-0.562598
-0.352947
-1.366877
-0.014109
-0.016204
-0.540879
-2.950672
-0.575300
-2.314961
-2.180134
-1.086351
-0.439224
-0.342376
-1.071348
-0.158892
-0.915884
-1.679563
-3.439994
-0.318285
-0.069143
-0.283877
-4.549215
-0.167622
-0.651491
-0.298426
-0.045199
-1.076779
-0.683418
-1.022128
-0.712262
-2.534705
-4.280007
-0.003624
-2.370595
-1.181247
-0.041043
-0.035266
-0.249667
-0.359481
-0.435177
-0.766830
-0.896720
-1.018302
-1.473905
-0.508675
-0.054556
-0.141261
-1.724454
-0.505448
-0.222896
-0.707879
-0.306228
-1.097972
-0.094748
-3.102632
-0.074494
-0.237577
-0.153940
-0.081229
-0.216262
-0.124034
-2.070180
-3.546830
-0.171900
-1.832539
-3.898983
-0.016008
-0.631004
-0.380661
-0.038739
-2.067429
-0.640065
-3.134375
-0.036486
-1.855299
-0.040466
-0.160339
-0.137982
-0.102420
-1.402061
-0.037360
-0.762785
-0.300431
-0.778171
-0.106506
-0.531432
-0.575051
-0.027611
-0.051465
-1.371455
-0.806278
-1.624208
-1.525059
-2.385303
-0.579660
-2.704514
-0.006550
-0.256323
-0.399817
-0.957638
-1.287794
-1.059081
-0.009462
-1.124734
-3.385983
-0.574343
-0.528282
-0.886249
-1.833889
-0.427244
-0.588252
-0.666505
-0.556010
-1.363816
-0.104013
-0.226446
-0.538030
-1.220776
-0.005699
-0.231880
-2.719983
-0.173527
-0.020216
-0.072242
-0.520333
-0.690187
-0.739946
-1.055240
-0.817355
-0.980855
-0.715891
-0.153793
-1.075905
-3.095025
-0.834289
-2.624075
-1.242926
-0.347217
-1.289304
-0.619799
-0.587848
-1.560839
-4.146272
-0.842053
-1.694702
-0.686376
-0.094817
-0.772480
-3.941537
-0.019761
-1.882128
-0.152423
-0.001053
-1.557780
-2.922137
-0.476013
-1.115802
-1.822864
-0.516517
-0.751014
-0.164872
-1.468618
-0.278657
-1.111792
-0.342330
-0.743067
-1.622719
-0.045603
-0.208608
-0.224475
-1.201400
-2.496411
-0.490270
-0.565092
-0.105640
-2.083572
-0.003374
-0.089337
-1.890682
-0.552921
-0.142150
-0.223608
-0.058140
-0.048589
-2.035732
-3.599796
-1.561460
-0.717630
-1.194866
-0.990871
-0.053320
-1.287430
-0.140651
-1.945857
-0.286362
-0.424958
-0.996334
-1.039736
-1.375080
-1.804636
-2.841053
-0.835297
-0.168907
-0.740830
-0.095640
-1.102711
-2.742475
-0.572473
-1.670010
-0.217953
-0.707336
-2.113545
-1.172504
-0.283384
-2.684359
-1.648886
-0.510164
-0.231000
-0.306242
-0.698190
-0.843813
-2.235368
-2.783113
-0.381251
-0.982222
-1.408801
-2.277219
-0.529186
-1.222804
-0.081970
-0.299679
-0.935194
-0.912699
-0.600527
-0.009894
-0.464259
-1.262787
-4.064351
-2.353631
-1.739750
-0.845781
-1.882707
-0.149235
-0.112463
-1.373468
-0.692385
-0.068375
-0.772017
-0.000547
-0.095073
-0.216023
-1.704781
-1.292657
-1.612367
-0.185992
-0.044653
-2.030602
-0.747130
-1.408624
-1.678471
-2.131895
-0.108664
-0.167119
-0.990223
-1.832423
-0.131640
-3.104789
-2.060932
-0.339219
-0.586320
-3.587790
-0.497940
-2.289735
-0.160346
-0.259076
-0.090619
-0.664960
-1.008449
-0.198438
-0.691206
-1.337615
-0.090360
-1.788083
-0.426294
-0.808845
-0.878282
-0.501828
-0.357921
-0.800947
-0.375643
-1.896200
-1.120110
-0.082333
-0.217879
-1.959421
-0.892418
-3.707894
-0.171408
-1.629579
-0.446408
-0.223862
-1.226802
-1.091961
-3.643952
-1.167594
-0.820916
-1.132223
-1.423147
-0.571557
-0.104890
-0.040572
-0.657634
-1.167994
-3.035645
-0.432237
-1.368270
-1.218792
-1.863219
-2.184327
-1.729327
-1.258879
-1.507097
-0.114763
-0.394749
-2.775976
-1.605027
-1.135730
-1.908584
-2.346193
-1.176316
-0.320115
-1.243987
-0.622901
-1.160604
-2.089702
-0.562650
-0.168194
-2.418008
-0.281019
-0.830625
-0.202757
-0.991608
-0.084104
-0.419232
-1.224285
-0.702632
-0.521659
-2.100286
-0.736126
-0.103720
-0.656563
-1.116173
-0.098679
-1.781337
-0.242865
-0.151619
-2.237274
-0.147812
-0.399198
-0.159481
-1.360662
-3.394704
-1.309521
-2.485490
-0.283515
-2.163385
-0.655225
-0.506021
-1.200129
-0.485054
-0.001306
-0.545411
-1.897803
-2.850470
-1.345444
-1.838285
-0.945620
-0.034732
-1.251747
-1.645513
-0.435989
-3.757395
-0.015036
-0.160458
-0.546397
-0.568601
-1.141678
-0.515123
-0.096255
-0.061771
-1.526961
