-1.731020
-1.420389
-9.325662
-4.531802
-4.785478
-0.950550
-1.254162
-2.341821
-0.002449
-2.178032
-0.190723
-0.403363
-1.323174
-2.295246
-0.706902
-0.559547
-1.664648
-0.547311
-0.158502
-0.862025
-0.349229
-0.205208
-1.511143
-0.486604
-0.174553
-3.738424
-0.476228
-4.019942
-2.652707
-1.173671
-0.709979
-5.230538
-1.510015
-2.057717
-0.147217
-0.104303
-0.305852
-0.038639
-2.246426
-1.584827
-1.956560
-5.790085
-1.399732
-3.310949
-1.290946
-1.115734
-0.138189
-1.347252
-1.326512
-2.069582
-0.503908
-0.624533
-2.005448
-0.507638
-1.656251
-1.167509
-0.149525
-0.079492
-0.330361
-1.445975
-1.712591
-0.564779
-0.262707
-3.225533
-1.547073
-0.801814
-3.567210
-0.675357
-0.155589
-0.948337
-1.828289
-0.540220
-0.014615
-0.173287
-0.246681
-1.222227
-0.740213
-0.267254
-0.053645
-3.063960
-2.481685
-3.869556
-2.956655
-0.389455
-5.282531
-2.950713
-3.146454
-3.042740
-0.664284
-1.646000
-2.763294
-3.222129
-0.887940
-0.883445
-2.967175
-1.396275
-1.404249
-1.444205
-1.204381
-2.531010
-1.942867
-3.248403
-0.986310
-1.778022
-4.044658
-0.025328
-0.447175
-0.607165
-0.137476
-0.406847
-0.714230
-0.141160
-0.590185
-0.279717
-0.671599
-0.335922
-4.192006
-2.291464
-0.029588
-3.658040
-3.553010
-1.634557
-2.271995
-1.148972
-0.075609
-0.948277
-1.338553
-0.991190
-0.288044
-2.374676
-4.068171
-2.985126
-2.516996
-6.798966
-1.568485
-0.619689
-0.438861
-1.259521
-3.051149
-0.509583
-1.397127
-0.793941
-0.349321
-1.019027
-0.290313
-0.013311
-3.200935
-0.264756
-0.598545
-1.696742
-0.024324
-0.748704
-1.019212
-0.361582
-4.315052
-0.347311
-2.711818
-0.109925
-1.616481
-1.014521
-1.273623
-1.148441
-4.141815
-0.723505
-3.983513
-1.815762
-1.319605
-0.339678
-1.579952
-1.732624
-0.759300
-0.305707
-1.533376
-1.200920
-1.086921
-4.355842
-0.094198
-3.696938
-3.307215
-0.135346
-0.625281
-3.250699
-0.223280
-0.676096
-0.931581
-0.773350
-3.192972
-1.362165
-1.718918
-0.355609
-2.167547
-0.817935
-1.865371
-0.281853
-3.903897
-0.139993
-3.865158
-0.834983
-0.079312
-0.042287
-0.198766
-2.865136
-4.294159
-0.519992
-1.515386
-3.932424
-0.619477
-1.252557
-0.854432
-0.330666
-0.117154
-2.587619
-0.436408
-1.930686
-0.631264
-4.070204
-0.301941
-0.029226
-3.530033
-0.786227
-3.184936
-0.877354
-0.216737
-1.913729
-2.435762
-1.848442
-0.435234
-2.988954
-0.791485
-0.653277
-1.105128
-0.254840
-1.555520
-6.129416
-1.156784
-4.071033
-0.454793
-0.724508
-1.076729
-2.434298
-0.326026
-0.313951
-1.255002
-0.662633
-0.346296
-1.077056
-0.265983
-6.688908
-0.173682
-0.160599
-0.103708
-1.532217
-1.343390
-0.894406
-4.724526
-2.364855
-5.851144
-0.854182
-0.141736
-0.773865
-0.818811
-1.118184
-0.581089
-2.912647
-1.172152
-1.035307
-0.125052
-5.276649
-0.400551
-0.298772
-0.061924
-2.619227
-3.514712
-0.056121
-2.881619
-0.282530
-3.857086
-1.017613
-0.239864
-4.464691
-3.120744
-0.759568
-0.389873
-1.657289
-0.984321
-0.018184
-1.145960
-4.157888
-3.594678
-0.892393
-0.270609
-5.113491
-0.334357
-0.146369
-0.565649
-2.460582
-4.349534
-1.339470
-0.214525
-0.666005
-3.222814
-0.479917
-0.516197
-0.248031
-1.712730
-4.858094
-0.890961
-0.638469
-0.733855
-0.951170
-0.459433
-0.132299
-0.188093
-2.520032
-1.015010
-1.777835
-0.028889
-4.451799
-0.400638
-1.395490
-0.158546
-0.327791
-3.081844
-0.734808
-3.949196
-0.528350
-0.534140
-4.593504
-1.369875
-1.639932
-0.048805
-0.546276
-0.330989
-1.262150
-0.776580
-0.230640
-1.065070
-0.446332
-0.792453
-4.055089
-2.323602
-1.189396
-1.118592
-0.298590
-2.434444
-2.039235
-0.055939
-7.347697
-3.463771
-0.740051
-1.033672
-3.318203
-3.776848
-1.959057
-0.726125
-1.049283
-2.018471
-0.517656
-2.889854
-0.124116
-0.204424
-2.660330
-0.405174
-0.807093
-2.956621
-1.485580
-0.426590
-4.252921
-1.124581
-0.486867
-1.025963
-1.568674
-2.257149
-2.517337
-2.597549
-0.183416
-0.953246
-0.317758
-2.899333
-2.765174
-2.174687
-0.884542
-1.338424
-2.349718
-0.969635
-0.356424
-6.110409
-1.440154
-0.110053
-1.651070
-4.855771
-1.239396
-1.438435
-3.510958
-0.654793
-4.689700
-0.113659
-2.705179
-0.424371
-3.464668
-1.049275
-4.482482
-0.076701
-3.499580
-0.272563
-0.627122
-0.535187
-1.663295
-0.552451
-1.229615
-4.041187
-1.077057
-0.640349
-2.218697
-1.227370
-0.355518
-0.292737
-1.566744
-0.940787
-0.850398
-0.417233
-0.274660
-0.331279
-0.027483
-0.623066
-1.414469
-1.441016
-1.056711
-1.597278
-1.978428
-0.602982
-2.307905
-0.240577
-0.725384
-0.077696
-0.007853
-1.666724
-2.712413
-3.952064
-0.038999
-0.090679
-1.280485
-2.357903
-0.192067
-0.827906
-0.142458
-0.445471
-0.883170
-0.964417
-1.280827
-0.876810
-2.330108
-3.341001
-2.072755
-1.812746
-0.900712
-3.082597
-1.230112
-0.585979
-1.513403
-1.451009
-3.072963
-0.371636
-1.730032
-0.519863
-4.143174
-0.293880
-0.769054
-2.272022
-0.815334
-0.641416
-3.891953
-0.247163
-4.395861
-0.570351
-0.836477
-0.109665
-1.126018
-0.652193
-0.301234
-0.572644
-0.457718
-1.726197
-1.269584
-0.459383
-1.545779
-3.784253
-0.145368
-0.140925
-1.808005
-0.679497
-2.167072
-2.379476
-2.134979
-1.535066
-0.732020
-1.376067
-1.645413
-0.446300
-0.448980
-3.235499
-0.133593
-4.271932
-0.729836
-1.836854
-0.562909
-0.666342
-1.075836
-0.384982
-1.331930
-0.583206
-0.294194
-1.121481
-1.191550
-0.065485
-3.442497
-1.335078
-0.147168
-1.464290
-0.395202
-0.378787
-0.145993
-1.973889
-0.949388
-2.395682
-2.522236
-0.009384
-6.855678
-1.098912
-0.237630
-0.549941
-3.199271
-1.982855
-1.134759
-4.940185
-0.491688
