0.000000
0.000000
0.000000
0.000000
0.000000
0.000000
0.000000
0.000000
0.000000
0.000000
0.000000
0.000000
0.000000
0.000000
0.000000
0.000133
0.000000
0.000000
0.000000
0.000000
0.000000
0.000000
0.000000
0.000271
0.000000
0.000000
0.000000
0.000911
0.000000
0.000625
0.000420
0.189281
0.000000
0.000000
0.000000
0.000000
0.000000
0.000000
0.000000
0.000708
0.000000
0.000000
0.000000
0.000620
0.000000
0.001266
0.001834
0.167349
0.000000
0.000000
0.000000
0.000996
0.000000
0.002714
0.001492
0.337294
0.000000
0.002552
0.004410
0.231448
0.004826
0.410795
0.549442
1.840659
0.000000
0.000000
0.000000
0.000000
0.000000
0.000000
0.000000
0.001570
0.000000
0.000000
0.000000
0.001353
0.000000
0.002073
0.003988
0.295379
0.000000
0.000000
0.000000
0.004076
0.000000
0.007242
0.007409
0.482630
0.000001
0.003947
0.011515
0.634079
0.020227
0.522960
0.633019
2.477958
0.000000
0.000001
0.000000
0.013338
0.000000
0.010868
0.014361
0.508022
0.000005
0.014985
0.026556
0.519093
0.045418
0.889756
0.940199
3.175116
0.000051
0.055677
0.063371
1.032216
0.123293
1.108186
1.324062
4.539832
0.319158
1.634913
2.037844
5.117146
2.740315
5.604841
6.132854
10.058094
0.000000
0.000000
0.000000
0.000001
0.000000
0.000000
0.000000
0.006372
0.000000
0.000000
0.000001
0.018069
0.000000
0.016413
0.020220
0.530533
0.000000
0.000001
0.000001
0.027101
0.000006
0.037170
0.048861
0.973339
0.000014
0.034133
0.071732
0.759368
0.081889
1.094219
1.215450
3.642509
0.000000
0.000018
0.000025
0.062687
0.000026
0.083827
0.070244
1.095877
0.000087
0.124594
0.216873
1.280471
0.242041
1.541110
2.198819
4.529484
0.001280
0.264277
0.471534
1.778409
0.574737
2.036070
2.588323
6.567998
1.380947
3.045379
3.352742
6.278758
4.964890
7.105083
7.729905
10.302510
0.000000
0.000270
0.000539
0.230977
0.001263
0.250047
0.233420
1.761754
0.001736
0.339210
0.391062
1.939429
0.870558
2.759567
2.969269
5.936232
0.041293
0.836469
0.763673
2.924552
1.160812
4.490461
3.844227
7.127581
1.894924
4.224637
5.358596
7.958125
5.692862
9.510106
9.352299
10.807767
0.130666
1.256018
1.383298
3.826367
2.071655
4.128602
4.694539
8.557564
3.960684
7.590377
6.402525
8.976566
6.470012
11.882889
10.392755
0.000000
3.550013
7.596194
7.358598
11.763495
7.853653
12.157861
10.885404
0.000000
9.429829
10.691002
12.566364
0.000000
9.972248
0.000000
0.000000
0.000000
0.000000
0.000000
0.000000
0.000010
0.000000
0.000026
0.000021
0.070533
0.000000
0.000119
0.000045
0.080270
0.000092
0.086056
0.129314
0.928310
0.000000
0.000140
0.000484
0.148333
0.000418
0.175618
0.199066
1.218470
0.000887
0.200062
0.345302
1.648502
0.819867
2.079047
2.529498
6.002095
0.000000
0.002263
0.003850
0.359018
0.002632
0.382312
0.468188
1.907637
0.006642
0.488491
0.615522
2.237467
0.953798
2.947240
3.687241
6.635036
0.058406
0.948049
1.363708
3.163393
1.707772
3.850532
4.587899
7.491310
2.280457
5.600837
6.070213
8.455341
6.234260
8.773104
8.873878
8.547343
0.000000
0.010976
0.022226
0.745980
0.054915
0.878847
1.007527
2.909114
0.095867
1.261210
1.891795
4.206438
2.155333
5.039214
6.356875
8.362126
0.474808
1.712989
2.371965
4.904932
2.817229
5.884611
5.507538
10.103275
3.368723
6.120083
7.204186
9.923070
7.913182
10.337402
13.773199
0.000000
0.948778
2.542015
3.698743
6.202392
3.684168
6.750749
7.852265
9.638259
4.553548
8.093347
7.976613
9.649204
8.694154
8.689079
10.350294
0.000000
5.515695
9.049477
9.493170
11.343856
10.926918
8.984844
6.357509
0.000000
9.762558
5.273135
0.000000
0.000000
0.000000
0.000000
0.000000
0.000000
0.000105
0.098853
0.164420
1.311103
0.236808
1.845601
2.216585
4.378958
0.440009
2.415776
2.643685
5.200949
3.423427
6.388576
6.316205
9.254032
0.905917
2.921364
4.529154
6.234651
4.480331
8.266821
7.739055
8.326292
5.514220
8.761518
9.542307
8.804439
8.992467
8.959587
10.463865
0.000000
1.837679
5.013474
5.558258
9.222912
5.622269
8.613138
9.286052
7.876736
6.975310
9.560643
8.656185
3.626273
10.907929
12.298134
5.508092
0.000000
6.601106
9.485129
11.111412
0.000000
12.062346
0.000000
0.000000
0.000000
8.382417
0.000000
0.000000
0.000000
0.000000
0.000000
0.000000
0.000000
2.614231
5.742994
6.878141
9.389075
6.168685
10.068553
9.161285
0.000000
7.999089
11.718788
9.034326
0.000000
9.732079
0.000000
0.000000
0.000000
9.023957
9.425954
9.218385
0.000000
8.970468
0.000000
0.000000
0.000000
8.080272
0.000000
0.000000
0.000000
0.000000
0.000000
0.000000
0.000000
10.041085
11.318868
3.691525
0.000000
5.057035
0.000000
0.000000
0.000000
0.461027
0.000000
0.000000
0.000000
0.000000
0.000000
0.000000
0.000000
3.421133
0.000000
0.000000
0.000000
0.000000
0.000000
0.000000
0.000000
0.000000
0.000000
0.000000
0.000000
0.000000
0.000000
0.000000
0.000000
0.000000
0.000000
0.000000
0.004424
0.000000
0.001963
0.001796
0.280607
0.000000
0.005779
0.007204
0.419295
0.012342
0.844282
0.690753
3.091672
0.000001
0.020453
0.013473
0.642391
0.033905
0.757839
0.783673
2.684234
0.075637
1.217042
1.235912
3.429239
1.840357
4.602839
4.571152
8.655434
0.000018
0.041496
0.108512
0.966488
0.133723
1.312518
1.638892
5.217384
0.341337
1.800711
2.590904
4.280999
2.733841
5.619543
5.597678
8.615272
0.603797
2.391178
3.107947
7.351677
3.317369
7.028166
8.027306
9.204491
4.242950
8.014701
8.338062
8.539882
11.560239
8.048518
8.405598
0.000000
0.001291
0.315489
0.370376
2.168270
0.599088
2.205600
3.078302
5.822119
0.949808
2.937204
3.199054
6.697756
4.232398
7.271925
8.319343
9.014653
1.515770
3.947328
4.485751
8.694261
5.089739
7.876210
8.261893
9.155046
5.789762
7.944277
8.205622
9.129516
9.668613
9.090923
5.720104
0.000000
2.345454
5.185633
5.170796
8.915828
6.126898
10.695636
10.498651
6.175945
7.116359
9.349918
10.221246
0.000000
10.915479
0.000000
0.000000
0.000000
7.591461
8.511176
8.160874
0.000000
7.026969
0.000000
0.000000
0.000000
6.711654
0.000000
0.000000
0.000000
0.000000
0.000000
0.000000
0.000000
0.083414
0.825524
1.043896
3.004528
1.303136
4.179529
4.105549
7.167500
2.149599
4.301773
5.132560
7.633120
6.907439
8.815370
10.387973
6.036466
2.688343
5.511460
5.919048
8.445749
6.769454
8.978973
9.322147
0.000000
7.285805
9.218221
8.612588
2.707244
7.347146
0.000000
0.000000
0.000000
3.809502
7.266436
8.832301
8.161256
7.339004
11.110696
15.068852
0.000000
7.626027
11.003185
8.460445
0.000000
12.419632
0.000000
0.000000
0.000000
8.673206
10.000573
10.069189
0.000000
1.476684
0.000000
0.000000
0.000000
0.000000
0.000000
0.000000
0.000000
0.000000
0.000000
0.000000
0.000000
4.742121
8.621306
8.171475
8.457177
7.948721
7.514988
8.271069
0.000000
9.663489
4.575448
7.897998
0.000000
6.025224
0.000000
0.000000
0.000000
9.504751
2.333178
0.000000
0.000000
0.000000
0.000000
0.000000
0.000000
0.000000
0.000000
0.000000
0.000000
0.000000
0.000000
0.000000
0.000000
9.782775
0.000000
0.000000
0.000000
0.000000
0.000000
0.000000
0.000000
0.000000
0.000000
0.000000
0.000000
0.000000
0.000000
0.000000
0.000000
0.000000
0.000000
0.000000
0.000000
0.000000
0.000000
0.000000
0.000000
0.000000
0.000000
0.000000
0.000000
0.000000
0.000000
0.000000
0.000000
0.345660
2.228268
2.265504
5.483212
2.701893
5.110942
7.232452
8.495189
3.438227
6.190938
6.993084
8.875737
7.623806
8.635182
10.113771
0.000000
4.920308
9.442598
7.963537
10.210426
9.342958
9.863056
9.334757
0.000000
10.081547
11.729135
1.760925
0.000000
3.132608
0.000000
0.000000
0.000000
4.817350
8.164917
8.548892
6.328893
8.799669
7.014816
3.692076
0.000000
8.080557
4.392967
1.124560
0.000000
0.000000
0.000000
0.000000
0.000000
8.514091
4.149421
0.000000
0.000000
0.000000
0.000000
0.000000
0.000000
0.000000
0.000000
0.000000
0.000000
0.000000
0.000000
0.000000
0.000000
6.159153
8.737461
8.366167
0.000000
10.010115
0.000000
0.000000
0.000000
9.430304
0.000000
0.000000
0.000000
0.000000
0.000000
0.000000
0.000000
12.314277
0.000000
0.000000
0.000000
0.000000
0.000000
0.000000
0.000000
0.000000
0.000000
0.000000
0.000000
0.000000
0.000000
0.000000
0.000000
10.035710
0.000000
0.000000
0.000000
0.000000
0.000000
0.000000
0.000000
0.000000
0.000000
0.000000
0.000000
0.000000
0.000000
0.000000
0.000000
0.000000
0.000000
0.000000
0.000000
0.000000
0.000000
0.000000
0.000000
0.000000
0.000000
0.000000
0.000000
0.000000
0.000000
0.000000
0.000000
6.726682
8.679434
11.613906
0.000000
8.828993
0.000000
0.000000
0.000000
7.194768
0.000000
0.000000
0.000000
0.000000
0.000000
0.000000
0.000000
7.404171
0.000000
0.000000
0.000000
0.000000
0.000000
0.000000
0.000000
0.000000
0.000000
0.000000
0.000000
0.000000
0.000000
0.000000
0.000000
8.452118
0.000000
0.000000
0.000000
0.000000
0.000000
0.000000
0.000000
0.000000
0.000000
0.000000
0.000000
0.000000
0.000000
0.000000
0.000000
0.000000
0.000000
0.000000
0.000000
0.000000
0.000000
0.000000
0.000000
0.000000
0.000000
0.000000
0.000000
0.000000
0.000000
0.000000
0.000000
6.442522
0.000000
0.000000
0.000000
0.000000
0.000000
0.000000
0.000000
0.000000
0.000000
0.000000
0.000000
0.000000
0.000000
0.000000
0.000000
0.000000
0.000000
0.000000
0.000000
0.000000
0.000000
0.000000
0.000000
0.000000
0.000000
0.000000
0.000000
0.000000
0.000000
0.000000
0.000000
0.000000
0.000000
0.000000
0.000000
0.000000
0.000000
0.000000
0.000000
0.000000
0.000000
0.000000
0.000000
0.000000
0.000000
0.000000
0.000000
0.000000
0.000000
0.000000
0.000000
0.000000
0.000000
0.000000
0.000000
0.000000
0.000000
0.000000
0.000000
0.000000
0.000000
0.000000
0.000000
