0.000000
0.000000
0.000000
0.000000
0.000000
0.000000
0.000000
0.000000
0.000000
0.000000
0.000000
0.000000
0.000000
0.000000
0.000000
0.008413
0.000000
0.000000
0.000000
0.000000
0.000000
0.000000
0.000000
0.005993
0.000000
0.000000
0.000000
0.021044
0.000000
0.013406
0.016978
0.658582
0.000000
0.000000
0.000000
0.000000
0.000000
0.000001
0.000000
0.016966
0.000000
0.000000
0.000001
0.017875
0.000002
0.019706
0.033326
0.594045
0.000000
0.000001
0.000002
0.019663
0.000007
0.027082
0.038659
0.750555
0.000032
0.035707
0.072007
0.800828
0.145391
1.009677
1.337338
3.994885
0.000000
0.000000
0.000000
0.000001
0.000000
0.000003
0.000015
0.069848
0.000000
0.000006
0.000008
0.037536
0.000018
0.032699
0.060438
0.935902
0.000000
0.000018
0.000040
0.081634
0.000086
0.144559
0.105163
1.181355
0.001014
0.125881
0.249535
1.220031
0.261103
1.603691
1.990426
4.670957
0.000000
0.000351
0.000453
0.233779
0.000413
0.183508
0.215569
1.633550
0.001247
0.521310
0.464753
1.853396
0.630614
2.417958
2.638974
6.196404
0.013864
0.514174
0.990112
3.040548
1.351191
3.287683
4.130033
6.801451
1.435413
4.211015
4.945139
7.903007
5.316488
9.639210
8.539701
10.351461
0.000000
0.000000
0.000000
0.000047
0.000000
0.000065
0.000134
0.167372
0.000000
0.001321
0.000924
0.199168
0.000754
0.237940
0.247884
1.359788
0.000000
0.000840
0.000771
0.278900
0.001924
0.384767
0.455794
2.279961
0.013047
0.407303
0.642367
2.221409
0.858410
2.933187
3.499653
6.455491
0.000000
0.005295
0.008533
0.459932
0.012524
0.758032
0.861875
2.550197
0.045029
0.924826
1.693223
3.283517
1.536487
3.889335
4.376398
8.610240
0.166749
1.324373
1.614392
4.440013
2.093445
5.312574
5.572910
8.661284
3.385014
6.256619
7.256568
9.947819
7.206510
11.350064
10.889344
8.524230
0.000002
0.074061
0.079498
0.923118
0.224931
1.147991
1.342151
4.130759
0.416468
1.663138
2.008328
5.977432
2.439660
5.930042
6.329371
9.229498
0.632850
2.104189
2.786552
6.685177
3.781841
6.608779
7.140015
10.532294
4.501078
7.450866
7.849571
12.627626
9.673745
11.588791
10.111058
0.000000
1.230314
3.294315
4.090068
7.315178
4.110178
8.052166
8.689953
10.491579
5.228629
7.983482
9.412704
11.929859
10.193675
9.923047
9.691247
0.000000
6.447648
9.475879
10.321606
8.910182
9.245494
9.560478
10.161573
0.000000
10.503822
9.427882
6.055046
0.000000
3.441569
0.000000
0.000000
0.000000
0.000000
0.000000
0.000000
0.005790
0.000000
0.008169
0.011225
0.455076
0.000000
0.010029
0.005865
0.572927
0.021993
0.756999
0.752512
2.576937
0.000003
0.018981
0.032135
0.978232
0.063011
0.809114
1.051954
3.180944
0.140737
1.559366
1.595930
4.815147
2.078412
4.745465
5.385425
7.490940
0.000091
0.079680
0.125028
1.453014
0.358656
1.506753
1.835108
4.070386
0.476453
2.104277
2.624980
5.081034
3.014922
6.052405
6.438927
10.553582
1.048201
3.152613
3.625301
6.102977
4.868676
8.093412
7.999465
11.104844
4.998511
8.300925
8.553588
12.969691
9.305134
10.106749
9.794851
9.595253
0.002199
0.651032
0.531357
1.975108
0.722906
2.698008
3.450804
6.696053
1.322568
3.196981
4.054251
6.519700
4.600327
8.273404
8.750265
10.762462
1.650842
4.457034
5.459963
8.089930
5.705580
8.382831
8.905871
10.918387
6.195476
10.914681
10.567607
8.322415
9.326859
8.618989
13.470204
0.000000
2.990800
5.614181
6.196664
11.172716
7.089720
9.810547
9.892931
6.824267
7.579922
11.181950
11.267402
9.031637
11.540804
7.113308
5.564032
0.000000
8.666018
10.798970
8.902000
4.140835
9.864578
3.611916
0.000000
0.000000
10.689917
0.000000
0.000000
0.000000
0.000000
0.000000
0.000000
0.000000
0.062619
1.145651
1.225038
3.536022
1.836865
4.545209
4.813948
7.908471
2.204251
5.078616
5.772539
9.150481
6.588726
10.887140
10.845748
10.352030
2.951675
8.119430
7.980993
10.276268
8.340763
11.796422
10.944081
6.931481
7.177466
11.066226
10.259520
4.879827
10.350643
0.000000
1.304817
0.000000
4.202786
7.318427
7.259509
10.847586
8.522739
10.608006
11.853477
11.758838
10.520608
10.591020
9.593828
0.000000
9.802774
0.000000
0.000000
0.000000
8.622211
9.460282
10.710508
0.000000
9.592586
0.000000
0.000000
0.000000
6.582570
0.000000
0.000000
0.000000
0.000000
0.000000
0.000000
0.000000
5.492826
8.165552
8.512163
9.969912
8.559168
12.290402
9.923055
0.000000
10.182357
9.004486
9.540749
0.000000
6.710072
0.000000
0.000000
0.000000
11.761465
9.452137
8.181551
0.000000
6.059280
0.000000
0.000000
0.000000
9.425291
0.000000
0.000000
0.000000
0.000000
0.000000
0.000000
0.000000
13.756951
7.669191
6.444289
0.000000
5.020246
0.000000
0.000000
0.000000
1.759518
0.000000
0.000000
0.000000
0.000000
0.000000
0.000000
0.000000
2.066029
0.000000
0.000000
0.000000
0.000000
0.000000
0.000000
0.000000
0.000000
0.000000
0.000000
0.000000
0.000000
0.000000
0.000000
0.000000
0.000000
0.000007
0.000011
0.085571
0.000081
0.156217
0.144278
1.132474
0.000105
0.184977
0.246344
1.538725
0.302362
2.049837
2.184718
5.237179
0.002350
0.361102
0.414892
1.708186
0.717886
2.107246
3.085236
7.147207
1.032843
3.397784
3.496232
6.987658
4.731492
7.592702
8.417302
9.577082
0.019309
0.833262
0.911826
2.843964
1.531184
3.962338
3.774598
6.967497
1.529399
4.844409
4.842498
9.133458
5.677997
10.748035
9.240888
9.651408
2.747242
5.153263
5.522215
10.294187
6.968881
9.326894
10.406347
10.230255
7.112047
13.179746
9.774291
7.421249
10.150999
5.562485
3.939145
0.000000
0.213448
1.606581
1.804880
4.093087
2.517335
4.794081
5.444552
8.743928
3.049727
6.877159
7.483987
11.008124
7.146069
10.415548
11.423080
9.367341
3.361341
7.435473
7.435764
10.180608
8.092437
10.117819
11.749779
8.363715
9.313100
10.212493
10.738821
0.395745
13.087484
0.000000
0.000000
0.000000
4.968996
7.610678
9.386467
10.123911
9.971086
9.680241
12.500642
0.000000
11.177250
12.758559
11.758474
0.000000
7.781741
0.000000
0.000000
0.000000
9.908085
9.604138
7.717616
0.000000
14.815862
0.000000
0.000000
0.000000
5.776942
0.000000
0.000000
0.000000
0.000000
0.000000
0.000000
0.000000
0.723747
2.669190
3.301511
5.385791
3.628412
6.511231
8.465818
11.793715
4.417959
7.564502
8.109183
15.537510
8.463909
13.095711
9.940733
0.000000
5.612644
9.396309
9.256293
9.595357
9.208040
9.661220
11.363623
0.000000
9.807593
10.411401
10.486409
0.000000
8.534613
0.000000
0.000000
0.000000
5.897170
8.668669
9.601675
10.013536
11.286458
10.442393
6.880202
0.000000
12.012391
5.926980
6.368829
0.000000
9.857830
0.000000
0.000000
0.000000
12.843334
5.676244
2.566401
0.000000
0.000000
0.000000
0.000000
0.000000
1.158290
0.000000
0.000000
0.000000
0.000000
0.000000
0.000000
0.000000
6.765233
9.608494
10.931113
12.349749
10.999100
7.396387
5.384992
0.000000
11.690467
6.340272
7.326039
0.000000
0.000000
0.000000
0.000000
0.000000
11.070712
0.000000
0.000000
0.000000
0.000000
0.000000
0.000000
0.000000
0.000000
0.000000
0.000000
0.000000
0.000000
0.000000
0.000000
0.000000
13.074153
0.000000
0.000000
0.000000
0.000000
0.000000
0.000000
0.000000
0.000000
0.000000
0.000000
0.000000
0.000000
0.000000
0.000000
0.000000
0.000000
0.000000
0.000000
0.000000
0.000000
0.000000
0.000000
0.000000
0.000000
0.000000
0.000000
0.000000
0.000000
0.000000
0.000000
0.000000
1.760390
4.584742
5.242429
7.673954
5.464992
9.109817
9.689097
9.745610
5.955773
9.840203
9.460659
10.122429
11.268663
15.282791
7.277817
0.000000
6.885684
11.582643
10.596079
7.753396
10.036685
4.603541
6.106574
0.000000
11.271448
6.597536
5.527215
0.000000
0.000000
0.000000
0.000000
0.000000
7.292325
11.135178
10.800084
4.428552
9.709500
0.000000
0.000000
0.000000
11.911783
0.000000
0.000000
0.000000
0.000000
0.000000
0.000000
0.000000
11.170207
0.000000
0.000000
0.000000
0.000000
0.000000
0.000000
0.000000
0.000000
0.000000
0.000000
0.000000
0.000000
0.000000
0.000000
0.000000
8.854470
11.648250
10.815562
0.000000
10.390443
0.000000
0.000000
0.000000
10.003383
0.000000
0.000000
0.000000
0.000000
0.000000
0.000000
0.000000
10.957138
0.000000
0.000000
0.000000
0.000000
0.000000
0.000000
0.000000
0.000000
0.000000
0.000000
0.000000
0.000000
0.000000
0.000000
0.000000
9.500800
0.000000
0.000000
0.000000
0.000000
0.000000
0.000000
0.000000
0.000000
0.000000
0.000000
0.000000
0.000000
0.000000
0.000000
0.000000
0.000000
0.000000
0.000000
0.000000
0.000000
0.000000
0.000000
0.000000
0.000000
0.000000
0.000000
0.000000
0.000000
0.000000
0.000000
0.000000
9.974650
10.648224
10.544117
0.000000
8.017082
0.000000
0.000000
0.000000
9.475379
0.000000
0.000000
0.000000
0.000000
0.000000
0.000000
0.000000
10.972922
0.000000
0.000000
0.000000
0.000000
0.000000
0.000000
0.000000
0.000000
0.000000
0.000000
0.000000
0.000000
0.000000
0.000000
0.000000
5.473711
0.000000
0.000000
0.000000
0.000000
0.000000
0.000000
0.000000
0.000000
0.000000
0.000000
0.000000
0.000000
0.000000
0.000000
0.000000
0.000000
0.000000
0.000000
0.000000
0.000000
0.000000
0.000000
0.000000
0.000000
0.000000
0.000000
0.000000
0.000000
0.000000
0.000000
0.000000
3.218362
0.000000
0.000000
0.000000
0.000000
0.000000
0.000000
0.000000
0.000000
0.000000
0.000000
0.000000
0.000000
0.000000
0.000000
0.000000
0.000000
0.000000
0.000000
0.000000
0.000000
0.000000
0.000000
0.000000
0.000000
0.000000
0.000000
0.000000
0.000000
0.000000
0.000000
0.000000
0.000000
0.000000
0.000000
0.000000
0.000000
0.000000
0.000000
0.000000
0.000000
0.000000
0.000000
0.000000
0.000000
0.000000
0.000000
0.000000
0.000000
0.000000
0.000000
0.000000
0.000000
0.000000
0.000000
0.000000
0.000000
0.000000
0.000000
0.000000
0.000000
0.000000
0.000000
0.000000
