0.000000
0.000000
0.000000
0.000000
0.000000
0.000000
0.000000
0.000000
0.000000
0.000000
0.000000
0.000000
0.000000
0.000000
0.000000
0.015565
0.000000
0.000000
0.000000
0.000000
0.000000
0.000000
0.000000
0.014299
0.000000
0.000001
0.000002
0.020330
0.000002
0.023847
0.024748
0.652600
0.000000
0.000000
0.000000
0.000001
0.000000
0.000001
0.000030
0.061887
0.000000
0.000001
0.000003
0.033683
0.000007
0.025910
0.039695
0.712106
0.000000
0.000022
0.000020
0.063674
0.000058
0.084850
0.131132
1.331396
0.000187
0.111871
0.210380
1.342305
0.183050
1.441428
1.571798
4.236380
0.000000
0.000000
0.000000
0.000078
0.000000
0.000014
0.000018
0.053010
0.000000
0.000032
0.000093
0.075518
0.000201
0.115709
0.129129
0.954907
0.000000
0.000152
0.000114
0.176658
0.000900
0.127554
0.215364
1.189710
0.001198
0.242737
0.346816
1.662838
0.627489
1.879943
2.568360
6.375274
0.000000
0.001244
0.001647
0.226500
0.002823
0.364729
0.405587
1.880257
0.008218
0.583039
0.488231
2.423091
1.276698
3.306255
3.389533
8.750724
0.091194
0.942193
1.104624
3.261877
1.390284
3.855042
4.457189
8.632086
2.056345
5.385803
5.341033
8.851598
6.315705
9.434078
10.002518
11.837483
0.000000
0.000000
0.000000
0.000449
0.000000
0.000347
0.000682
0.407159
0.000000
0.000631
0.001375
0.267452
0.001883
0.376276
0.523460
1.733103
0.000000
0.008304
0.004312
0.553729
0.005124
0.629790
0.555407
2.098521
0.013026
0.740055
0.920873
2.839664
1.114415
3.662307
3.733702
7.229028
0.000001
0.019711
0.025146
1.153516
0.044622
0.778355
0.888725
3.500667
0.125541
1.324816
1.315757
4.248095
2.403507
4.443768
5.007930
7.953465
0.317726
2.041133
2.182785
4.700137
2.853015
6.385365
6.783708
9.643968
3.593771
6.091073
6.909454
9.484686
7.755702
11.770395
9.696709
5.970897
0.000026
0.157074
0.115850
1.402813
0.270802
1.595193
1.875076
4.862362
0.471544
1.921569
2.601362
5.296678
3.469841
6.170634
6.941119
10.216297
1.137213
2.997269
3.811932
7.841098
3.777711
7.531085
9.066495
9.285678
4.827230
10.385667
8.516865
9.201624
9.916057
9.342353
8.502760
0.000000
1.734116
4.758507
5.965755
8.620763
5.618691
8.701230
9.371616
9.851084
5.901996
10.524536
10.459332
13.156221
9.892809
9.171406
9.243504
0.000000
7.529487
11.392216
10.487317
10.224182
13.281558
9.870911
4.258384
0.000000
11.577922
5.906850
6.465497
0.000000
2.084304
0.000000
0.000000
0.000000
0.000000
0.000000
0.000000
0.011877
0.000001
0.018525
0.018370
0.667214
0.000001
0.016392
0.034583
0.610141
0.045657
0.998064
1.055314
3.628686
0.000008
0.076853
0.064136
1.241355
0.246725
1.198565
1.675597
4.215321
0.384512
1.655466
2.181317
4.737706
2.868803
5.598837
6.387011
9.023991
0.001675
0.283889
0.244917
1.636187
0.500795
1.989231
2.667897
5.348979
0.832936
2.440209
3.653004
5.852140
3.635405
7.425035
7.361221
10.584440
1.351542
4.002812
4.605241
8.148397
4.717028
7.764938
10.136352
10.168868
5.384157
8.325435
8.789553
8.979532
10.677701
10.496406
13.029370
0.000000
0.013055
0.869351
0.676618
2.861347
1.158656
3.231627
3.797576
7.551385
1.728061
3.702171
5.316863
7.204654
5.015099
9.516025
9.177976
12.229898
2.493182
5.194516
6.018074
9.093472
7.118132
10.338969
9.712512
12.101841
6.854038
10.091299
11.195891
9.608332
10.396843
9.572697
8.290331
0.000000
3.349640
5.790647
6.578280
9.531553
7.567695
10.294566
10.050782
9.595896
8.738088
9.208217
13.233261
5.391676
11.852107
4.697442
5.929682
0.000000
9.630264
12.024751
12.297058
0.000000
11.042743
0.000000
0.000000
0.000000
8.942694
0.000000
0.000000
0.000000
0.000000
0.000000
0.000000
0.000000
0.169067
1.572265
1.620793
5.215113
2.297775
5.000559
5.291300
8.528862
2.678459
5.643638
6.783044
10.334720
7.545531
13.092396
10.300768
9.544022
3.696800
7.752511
7.263877
11.429991
7.702718
13.297838
11.374741
9.093299
10.203384
16.132893
14.054782
6.478874
9.374099
0.000000
0.000000
0.000000
4.711027
8.168912
9.360148
9.754067
9.376182
11.834774
11.465283
2.870976
9.775054
9.479367
9.761127
0.000000
8.261619
0.000000
0.000000
0.000000
11.362095
10.380464
10.362787
0.000000
6.382386
0.000000
0.000000
0.000000
7.248602
0.000000
0.000000
0.000000
0.000000
0.000000
0.000000
0.000000
5.607011
9.390588
10.028771
12.422621
10.596666
10.399902
10.476396
0.000000
10.549796
10.087643
10.497631
0.000000
4.661743
0.000000
0.000000
0.000000
10.446371
10.712853
8.901950
0.000000
4.094309
0.000000
0.000000
0.000000
2.294264
0.000000
0.000000
0.000000
0.000000
0.000000
0.000000
0.000000
10.058867
4.394775
3.763253
0.000000
3.168638
0.000000
0.000000
0.000000
1.306160
0.000000
0.000000
0.000000
0.000000
0.000000
0.000000
0.000000
0.006479
0.000000
0.000000
0.000000
0.000000
0.000000
0.000000
0.000000
0.000000
0.000000
0.000000
0.000000
0.000000
0.000000
0.000000
0.000000
0.000000
0.000029
0.000394
0.135798
0.000212
0.166932
0.226845
1.651026
0.004711
0.356474
0.409341
1.819478
0.632205
2.228533
2.649422
5.867199
0.016945
0.542321
0.563996
2.748692
1.097431
3.136340
3.169175
6.658137
1.384873
3.575380
3.997427
9.177767
4.913395
8.418515
8.784754
13.280773
0.058703
1.286762
1.235115
3.584297
2.353167
4.187205
4.856741
8.698061
2.972099
4.857621
6.050614
9.048471
7.546627
8.517354
9.459729
10.059880
2.947974
6.802419
7.005342
8.786335
7.265487
10.555899
10.375898
11.980673
8.700097
14.679800
12.237602
7.383449
10.303393
5.341501
2.184640
0.000000
0.417080
2.131167
3.042333
4.571509
2.817546
6.130937
6.046588
9.423029
3.515923
6.485845
7.119041
10.710348
8.565535
11.793651
9.919738
7.901789
4.255871
7.893880
8.095869
10.879792
9.380711
10.135207
9.182222
3.767565
9.363969
10.831895
10.866311
0.000000
9.451305
0.000000
0.000000
0.000000
5.361698
8.678883
9.331125
12.852834
10.139937
11.447876
9.688873
0.000000
10.316935
13.040582
10.569029
0.000000
6.230430
0.000000
0.000000
0.000000
11.622705
7.679111
5.972814
0.000000
5.297047
0.000000
0.000000
0.000000
3.744880
0.000000
0.000000
0.000000
0.000000
0.000000
0.000000
0.000000
1.270134
3.138949
3.871042
7.287318
4.197516
7.952664
8.916864
10.438012
5.585517
8.917664
8.682130
9.843042
9.850422
11.036627
9.690251
0.000000
5.376847
9.565788
9.449550
10.165346
9.731394
8.654711
10.659614
0.000000
9.951721
10.724121
7.932332
0.000000
4.574490
0.000000
0.000000
0.000000
6.438400
10.849527
10.993302
10.987622
10.760144
5.947432
8.265871
0.000000
11.760410
3.594955
5.164369
0.000000
2.155756
0.000000
0.000000
0.000000
9.979359
3.398118
4.366503
0.000000
5.048872
0.000000
0.000000
0.000000
0.810450
0.000000
0.000000
0.000000
0.000000
0.000000
0.000000
0.000000
7.711871
10.448100
9.626392
13.065964
9.082304
8.987854
3.782679
0.000000
10.831350
0.000000
2.239687
0.000000
0.000000
0.000000
0.000000
0.000000
10.990431
0.000000
1.171153
0.000000
0.000000
0.000000
0.000000
0.000000
0.000000
0.000000
0.000000
0.000000
0.000000
0.000000
0.000000
0.000000
9.760403
0.000000
0.000000
0.000000
0.000000
0.000000
0.000000
0.000000
0.000000
0.000000
0.000000
0.000000
0.000000
0.000000
0.000000
0.000000
0.000000
0.000000
0.000000
0.000000
0.000000
0.000000
0.000000
0.000000
0.000000
0.000000
0.000000
0.000000
0.000000
0.000000
0.000000
0.000000
1.945346
4.628872
5.134143
8.111888
5.612090
10.022714
10.389534
8.873630
6.427211
10.067101
9.932520
9.777664
10.323363
11.375811
10.755388
0.000000
7.735480
11.691032
11.893407
6.491956
10.341363
4.217986
6.129101
0.000000
12.542023
0.000000
0.000000
0.000000
0.000000
0.000000
0.000000
0.000000
9.130863
14.488884
9.100968
4.601143
11.720091
0.000000
0.000000
0.000000
9.675307
1.364654
0.000000
0.000000
0.000000
0.000000
0.000000
0.000000
9.138090
0.000000
0.000000
0.000000
0.000000
0.000000
0.000000
0.000000
0.000000
0.000000
0.000000
0.000000
0.000000
0.000000
0.000000
0.000000
8.507297
9.827998
8.692896
0.000000
10.247929
0.000000
0.000000
0.000000
10.612648
0.000000
0.000000
0.000000
0.000000
0.000000
0.000000
0.000000
7.723567
0.000000
0.000000
0.000000
0.000000
0.000000
0.000000
0.000000
0.000000
0.000000
0.000000
0.000000
0.000000
0.000000
0.000000
0.000000
7.497533
0.000000
0.000000
0.000000
0.000000
0.000000
0.000000
0.000000
0.000000
0.000000
0.000000
0.000000
0.000000
0.000000
0.000000
0.000000
0.000000
0.000000
0.000000
0.000000
0.000000
0.000000
0.000000
0.000000
0.000000
0.000000
0.000000
0.000000
0.000000
0.000000
0.000000
0.000000
9.403181
8.839256
9.187635
0.000000
7.711425
0.000000
0.000000
0.000000
3.665776
0.000000
0.000000
0.000000
0.000000
0.000000
0.000000
0.000000
8.400721
0.000000
0.000000
0.000000
0.000000
0.000000
0.000000
0.000000
0.000000
0.000000
0.000000
0.000000
0.000000
0.000000
0.000000
0.000000
5.594499
0.000000
0.000000
0.000000
0.000000
0.000000
0.000000
0.000000
0.000000
0.000000
0.000000
0.000000
0.000000
0.000000
0.000000
0.000000
0.000000
0.000000
0.000000
0.000000
0.000000
0.000000
0.000000
0.000000
0.000000
0.000000
0.000000
0.000000
0.000000
0.000000
0.000000
0.000000
11.993161
0.000000
0.000000
0.000000
0.000000
0.000000
0.000000
0.000000
0.000000
0.000000
0.000000
0.000000
0.000000
0.000000
0.000000
0.000000
0.000000
0.000000
0.000000
0.000000
0.000000
0.000000
0.000000
0.000000
0.000000
0.000000
0.000000
0.000000
0.000000
0.000000
0.000000
0.000000
0.000000
0.000000
0.000000
0.000000
0.000000
0.000000
0.000000
0.000000
0.000000
0.000000
0.000000
0.000000
0.000000
0.000000
0.000000
0.000000
0.000000
0.000000
0.000000
0.000000
0.000000
0.000000
0.000000
0.000000
0.000000
0.000000
0.000000
0.000000
0.000000
0.000000
0.000000
0.000000
