-43.895980
-54.678197
-38.597799
-45.412235
-28.843472
-37.895115
-35.451518
-32.668159
-35.025783
-49.694918
-50.830954
-41.040066
-38.385329
-59.949105
-29.663480
-44.184553
-28.447214
-31.410270
-35.207886
-42.696515
-40.726959
-35.268264
-36.315570
-54.322597
-30.733199
-33.433970
-50.124794
-43.633438
-35.480581
-58.433717
-25.806889
-40.829320
-28.354191
-37.790682
-28.462814
-44.853213
-38.913642
-32.140364
-49.561740
-63.434993
-57.611151
-33.495178
-43.931002
-47.587236
-50.983579
-69.920074
-39.747526
-40.518490
-60.160217
-34.431402
-38.189794
-47.106108
-33.506854
-36.090822
-31.883382
-44.590868
-33.958774
-32.204415
-34.076565
-38.354264
-69.540527
-38.926098
-34.717788
-55.475032
-59.091188
-51.586663
-42.128672
-33.471836
-49.566614
-30.103041
-42.200834
-47.891669
-63.178042
-49.429775
-36.334540
-30.761211
-43.709857
-49.410136
-42.754379
-32.327151
-38.120489
-40.946712
-49.906319
-50.307305
-31.731609
-52.700592
-55.995431
-36.970884
-60.330866
-35.708841
-52.579108
-42.490967
-55.690403
-36.058293
-32.820471
-25.838178
-35.036200
-39.500841
-35.159475
-42.160697
-41.245428
-22.645461
-51.437552
-36.369590
-58.049737
-23.621740
-41.674027
-42.667326
-55.506466
-55.934870
-33.752436
-66.860587
-59.736258
-60.639036
-57.149544
-38.714344
-39.099090
-64.368272
-58.412057
-33.069315
-40.449582
-32.938296
-51.888060
-49.954744
-41.611754
-66.196317
-39.544255
-61.638841
-27.404402
-35.083780
-43.349575
-28.807158
-27.449511
-64.230936
-30.362151
-53.841141
-40.729005
-48.000868
-46.636426
-60.643761
-48.509962
-51.689431
-56.733552
-52.405488
-41.510878
-54.315254
-52.466517
-42.982121
-28.537530
-35.642336
-39.716185
-29.707340
-36.817408
-60.849206
-35.358522
-32.786943
-34.733972
-30.843288
-44.757602
-41.657813
-35.199577
-41.043637
-31.786568
-35.245954
-26.073677
-31.783237
-46.634088
-64.857629
-43.969942
-32.860128
-71.365436
-48.251512
-29.132247
-41.361873
-41.916863
-52.755862
-32.283699
-43.288268
-50.969028
-45.264953
-27.842441
-27.740472
-64.785180
-54.666886
-33.917186
-41.771173
-40.763597
-28.239129
-40.357234
-50.567055
-26.132753
-68.451127
-39.980895
-56.786404
-31.566694
-42.041257
-41.378166
-34.090436
-42.798259
-34.766009
-35.163815
-42.026078
-59.317571
-46.160701
-21.886039
-41.221500
-40.657585
-36.331402
-56.022999
-29.224702
-34.039290
-35.288318
-33.987767
-61.564387
-37.101682
-37.780195
-28.335796
-65.292288
-34.621524
-41.462726
-44.926397
-64.762880
-46.122550
-36.930281
-48.278834
-59.403336
-53.865418
-36.229094
-43.889456
-64.460084
-68.912616
-32.318290
-39.662849
-31.299569
-29.533318
-25.819664
-48.257028
-55.098343
-33.810570
-58.683061
-24.374720
-45.172603
-37.238389
-36.433615
-66.599404
-25.342508
-48.448957
-36.074886
-37.200400
-33.407951
-43.785968
-47.620149
-30.829221
-45.185426
-57.958201
-45.913116
-34.251003
-33.379178
-40.879250
-66.890461
-17.696865
-47.661640
-62.393295
-38.796762
-39.441373
-32.910590
-45.373633
-54.280032
-33.744056
-36.387609
-52.921423
-36.250694
-44.333293
-43.979825
-35.510572
-42.544136
-24.884034
-31.283200
-45.905600
-50.373173
-42.852067
-55.313895
-35.041290
-47.082884
-49.605668
-48.725102
-37.327853
-32.859049
-56.167154
-45.449703
-44.520234
-22.983342
-41.934791
-45.790820
-31.175116
-58.372077
-45.771432
-38.491631
-62.217220
-32.740301
-69.164918
-58.309366
-36.881365
-53.093455
-31.145063
-28.556628
-58.740529
-27.683112
-33.817443
-32.283536
-49.848284
-39.828394
-36.166729
-41.229289
-57.265945
-66.750214
-33.313764
-48.307789
-57.279632
-36.847085
-35.013666
-28.065190
-68.318144
-50.774185
-36.777232
-35.615637
-31.297242
-50.568045
-63.271956
-39.177264
-56.251483
-66.348679
-44.775925
-39.038382
-42.298104
-27.913151
-34.488631
-62.256247
-36.239882
-32.701728
-37.669272
-32.788247
-33.644712
-51.157804
-36.688328
-68.521623
-43.515462
-45.118611
-42.896051
-60.870961
-41.070758
-34.875377
-50.404668
-32.239040
-32.479787
-45.804371
-56.978881
-31.881737
-37.489566
-33.637249
-43.054140
-53.430563
-56.679608
-32.523127
-42.490558
-59.236581
-45.054233
-43.539510
-48.705949
-38.304291
-40.725699
-28.829500
-30.258766
-42.225294
-41.289153
-29.858616
-31.470955
-51.083235
-35.425999
-37.503484
-47.231627
-62.692120
-29.288495
-41.768396
-58.291163
-33.808285
-58.404882
-37.828882
-38.697382
-30.340053
-57.711847
-46.639742
-26.249111
-48.836663
-52.068338
-37.912777
-49.515479
-30.668592
-42.095269
-32.585030
-58.380223
-44.455151
-27.374165
-24.588573
-31.845299
-41.585901
-39.613269
-74.140720
-50.574379
-36.841776
-50.172584
-32.762162
-51.813293
-40.512723
-41.807650
-37.963432
-39.496556
-55.381703
-38.008731
-43.496908
-60.996684
-24.241458
-63.694919
-41.384278
-47.740953
-31.331023
-41.381503
-29.542419
-56.560627
-40.890658
-48.472479
-42.673762
-56.386336
-41.009455
-33.452940
-30.932791
-60.552265
-66.095133
-33.967533
-34.461693
-52.635649
-28.092096
-48.301691
-48.033399
-44.459207
-57.333734
-43.088908
-45.460842
-61.898517
-37.588612
-39.775733
-53.554663
-41.823053
-48.607728
-32.799874
-23.192942
-49.237317
-66.897720
-68.692964
-37.911551
-50.037272
-56.096670
-57.175844
-44.990057
-31.056855
-39.335087
-53.398547
-35.694409
-46.843831
-69.748569
-58.511746
-37.228970
-48.077187
-50.555961
-47.758048
-51.771340
-28.771175
-39.786176
-45.837864
-34.908823
-40.457498
-42.613306
-44.825348
-44.792436
-29.626681
-69.518627
-33.706659
-42.194564
-28.543600
-35.784307
-49.764353
-42.151142
-24.330348
-44.019124
-33.703220
-52.447348
-30.179936
-30.981722
-54.472709
-39.780216
-38.017547
-48.521203
-64.263756
-61.486820
-54.789939
-35.566090
-56.744584
-61.611461
-49.922326
-31.202905
-55.094109
-28.914052
-68.086555
-46.420554
-46.222927
-33.902683
-56.450802
-53.905395
-41.934960
-60.990766
-65.586464
-43.968528
-55.210961
-47.420627
-47.038124
-48.077439
-53.409330
-39.613456
-48.488039
-69.448820
-22.230997
-60.578778
-32.422443
-58.112160
-28.937425
-57.933583
-27.120769
-34.152235
-37.102115
-35.231820
-56.875270
-53.432955
-40.363298
-62.991551
-34.723492
-68.357325
-46.920539
-54.028548
-58.642333
-49.638043
-50.067780
-44.541742
-43.424890
-37.508993
-50.058184
-34.544518
-39.453145
-39.633536
-22.323607
-49.572569
-52.379901
-54.274772
-34.051088
-41.687902
-22.879571
-51.486902
-24.812110
-40.872285
-40.105303
-59.042249
-35.969354
-49.624795
-37.680911
-38.931385
-34.360844
-53.730914
-35.889250
-51.282144
-42.304834
-64.507847
-44.049797
-45.418888
-37.413659
-41.905053
-42.823063
-36.664295
-39.811865
-34.104213
-41.453130
-31.337444
-38.410770
-61.180742
-55.823779
-45.185907
-45.042015
-35.747564
-39.832001
-40.602512
-45.979516
-41.262208
-30.928892
-46.034252
-35.727807
-26.266207
-36.079194
-26.126382
-48.801582
-44.189406
-64.749536
-58.721481
-23.705235
-34.453312
-38.500962
-41.503669
-29.215760
-55.988479
-35.165019
-28.417337
-45.710407
-43.113235
-24.494300
-40.567405
-28.088224
-41.196750
-31.605589
-38.353615
-62.518482
-48.634990
-43.146651
-42.873368
-47.514619
-45.051406
-63.048265
-46.800731
-44.822947
-46.058626
-57.930017
-35.128005
-37.173603
-28.489543
-39.906662
-56.088675
-38.657831
-30.953876
-32.424362
-38.504626
-45.538247
-48.036685
-32.970990
-57.742989
-37.328066
-52.563732
-28.249928
-32.432825
