-57.961654
-24.754714
-34.250666
-37.676397
-39.291898
-25.549598
-51.850007
-44.031611
-40.018137
-30.573861
-38.722181
-36.091818
-24.318549
-33.432764
-29.697031
-41.123679
-24.698949
-38.553937
-38.887182
-49.196726
-59.210560
-56.454017
-20.852586
-39.727305
-49.291914
-37.459314
-43.992263
-40.132439
-50.449505
-55.262912
-38.075577
-26.716850
-69.272635
-34.731741
-35.060218
-25.580320
-44.987727
-37.311065
-38.355427
-52.038594
-49.942730
-42.216413
-43.488246
-47.200944
-27.413810
-25.894494
-35.985662
-45.024774
-58.072335
-44.747826
-36.551877
-35.075025
-32.970581
-22.780420
-24.619804
-30.110072
-33.974659
-29.236876
-33.151007
-37.827414
-34.878400
-70.267096
-45.241550
-40.311216
-63.849977
-39.702297
-50.609637
-36.322945
-44.427690
-41.882190
-34.955130
-33.535182
-46.683617
-24.527856
-42.107265
-51.698561
-54.077368
-46.484912
-33.280095
-40.228362
-26.169922
-40.759657
-46.257913
-39.229685
-47.218609
-50.269069
-34.298594
-31.409153
-53.627860
-41.939021
-41.338498
-38.074059
-58.094542
-29.928140
-57.191786
-46.694488
-36.609651
-42.533802
-22.764796
-22.762983
-44.293384
-44.058644
-37.842287
-54.126849
-29.390737
-34.586896
-51.548958
-43.151524
-37.399148
-36.232346
-31.414323
-39.379550
-55.638606
-31.704013
-62.339426
-53.358061
-45.917659
-49.189298
-55.499035
-21.706557
-34.536300
-38.736609
-37.040991
-28.183285
-31.915412
-30.285539
-38.392418
-38.823389
-37.382356
-46.843250
-33.429438
-35.851942
-30.775922
-40.269711
-31.485366
-27.650332
-35.843049
-35.233268
-46.260074
-43.084628
-35.077047
-45.652825
-37.543276
-42.128805
-52.186984
-43.135329
-47.549735
-50.531205
-20.730026
-45.698164
-57.743930
-53.604775
-48.476705
-50.288405
-36.202676
-38.764598
-55.492127
-48.000336
-51.896607
-21.979518
-45.407268
-42.106814
-22.793763
-35.107620
-40.455445
-58.172375
-35.845250
-39.753591
-46.673394
-32.706187
-50.068854
-41.757655
-36.452695
-28.225512
-43.150600
-26.878572
-32.186255
-35.767971
-31.464417
-31.255597
-48.710651
-33.763568
-43.548081
-52.864519
-35.574211
-39.088366
-21.721337
-43.957726
-29.663430
-30.190779
-50.422788
-30.149175
-24.779695
-28.762264
-45.744455
-25.492044
-42.947998
-41.017722
-27.915712
-37.338246
-59.100403
-36.967175
-36.933724
-45.940964
-48.627307
-12.650962
-53.188236
-62.141747
-58.969810
-47.912709
-30.524138
-33.955129
-29.994667
-56.367544
-48.367874
-61.464249
-52.901684
-27.281200
-41.836552
-23.617603
-49.455544
-51.804223
-40.269316
-62.741567
-47.482524
-61.110551
-40.434377
-46.289664
-38.143121
-45.161708
-57.458011
-45.353432
-49.841769
-23.573242
-33.682928
-56.547067
-36.589171
-22.547690
-38.812253
-32.975320
-60.043238
-60.061689
-32.386651
-26.260668
-49.230454
-47.850650
-33.689639
-37.431492
-38.303997
-23.626076
-41.501011
-54.227023
-37.589435
-30.306761
-31.935073
-65.410736
-24.854298
-25.710003
-41.254012
-37.356792
-52.801795
-50.297272
-63.053462
-31.590166
-35.435155
-50.899967
-35.292704
-42.495740
-27.873821
-43.833880
-39.616865
-55.355832
-42.104114
-45.664575
-31.620148
-46.776975
-32.601336
-45.509682
-52.096779
-45.411159
-34.224878
-23.343849
-45.988186
-36.886901
-29.985712
-47.314705
-31.362632
-24.715622
-29.871857
-25.653516
-29.437549
-49.935227
-39.215474
-55.862043
-43.982285
-36.218708
-33.701662
-35.729466
-44.774722
-25.864611
-26.523634
-50.682663
-31.717909
-39.037401
-46.603766
-35.484593
-45.779183
-30.249089
-26.542705
-39.471481
-37.977971
-34.496077
-24.849176
-62.217240
-31.089899
-50.587147
-47.244151
-34.229216
-48.506775
-20.738694
-37.969996
-29.383853
-46.586962
-51.205865
-39.833106
-53.639470
-41.607032
-46.808502
-27.041048
-31.530259
-37.762905
-40.505264
-36.304625
-50.302100
-51.883276
-57.799847
-43.956667
-36.113373
-44.848463
-27.083848
-33.001749
-57.222749
-47.001616
-44.062817
-39.928811
-46.325633
-47.518432
-36.818690
-25.389754
-38.992284
-49.789101
-47.691967
-47.716404
-48.668796
-39.095422
-36.530714
-56.370066
-49.557881
-34.408533
-28.985149
-46.882374
-36.241715
-41.373032
-40.177770
-43.576074
-16.426586
-41.852042
-39.866744
-31.684976
-41.075138
-44.437337
-54.827158
-67.308750
-38.748311
-37.459469
-56.352992
-32.831239
-32.960809
-49.573068
-40.874716
-43.256961
-33.143344
-30.325264
-39.635253
-36.446571
-43.139129
-38.988922
-38.825540
-45.083399
-35.189148
-38.697809
-57.449935
-44.264094
-31.441648
-48.427128
-50.746482
-36.179516
-24.938768
-43.901888
-31.718038
-45.255063
-52.633087
-50.185872
-48.685472
-64.911667
-42.623578
-39.889018
-28.387791
-17.884307
-38.125511
-52.319854
-34.183921
-34.561281
-54.861828
-27.399504
-34.451122
-50.644410
-24.322912
-46.076118
-29.900944
-32.248546
-36.545203
-52.984898
-50.232373
-33.054929
-35.126775
-53.378979
-26.418534
-53.042489
-49.599525
-45.967489
-38.293096
-25.470309
-38.812227
-28.267334
-51.734342
-66.191230
-35.754018
-35.105390
-39.333192
-39.640866
-51.832945
-50.110478
-34.423259
-61.249269
-43.215291
-39.363196
-54.435019
-53.020082
-44.972972
-32.972077
-54.704394
-61.974062
-16.959951
-43.136247
-23.929161
-33.040847
-41.600203
-38.888000
-46.166760
-48.094449
-40.081624
-34.616918
-47.839999
-47.132090
-33.748683
-30.162257
-46.656479
-39.991770
-23.148989
-44.803509
-48.330332
-43.970036
-32.900676
-44.980217
-54.965838
-49.591124
-45.632777
-64.516153
-32.643507
-46.170612
-32.187685
-36.859272
-43.920479
-31.723847
-32.217399
-60.742501
-38.530727
-52.989089
-59.344847
-35.449146
-43.098094
-37.948508
-35.899694
-46.109270
-32.537935
-42.338183
-57.567098
-51.216565
-37.566541
-39.582463
-49.085696
-37.093757
-23.348067
-31.509358
-39.532291
-34.732141
-45.559037
-45.639049
-50.129046
-59.765052
-25.612097
-27.804182
-33.838664
-56.630798
-27.852225
-39.167157
-47.270317
-39.184475
-45.454615
-43.414406
-32.387308
-35.636903
-29.798305
-34.499750
-45.434797
-35.214977
-40.067448
-59.944497
-52.588518
-31.706348
-30.419784
-28.442157
-43.792662
-40.264818
-53.843090
-39.589652
-33.125719
-38.302232
-41.246908
-43.317092
-37.396728
-37.147071
-35.393516
-47.568706
-34.514706
-37.408584
-29.788945
-28.740643
-45.944082
-49.186210
-64.916866
-58.597200
-31.946416
-46.063885
-49.586478
-33.637520
-36.037698
-41.466333
-28.157444
-42.242278
-35.908261
-40.975494
-38.087678
-44.144032
-35.705168
-46.395244
-40.045465
-49.992707
-61.127555
-46.844292
-21.866176
-48.241293
-53.702273
-44.340460
-39.606695
-47.166132
-47.047804
-27.346222
-48.687977
-43.106365
-36.486770
-28.372434
-26.910635
-33.306225
-33.010092
-62.164612
-43.737461
-40.298316
-27.195324
-62.068126
-52.260341
-30.071581
-35.091432
-36.995797
-35.874674
-46.371154
-53.334104
-41.949454
-48.074765
-42.095219
-29.559683
-42.879269
-47.905539
-31.470288
-55.437670
-36.143512
-52.676197
-27.978767
-61.308079
-31.578487
-57.219582
