-361.886245
-302.171086
-356.671327
-308.848625
-301.424407
-302.021717
-286.947611
-239.888751
-279.606890
-272.770263
-297.034958
-326.139874
-288.502938
-276.335116
-290.912188
-287.846421
-305.433582
-317.767749
-348.354222
-245.383502
-287.340596
-281.541875
-267.122123
-300.379044
-269.614138
-297.090282
-320.675637
-251.687433
-253.564661
-262.809624
-268.028373
-339.643754
-304.486049
-262.447309
-289.518343
-295.639302
-335.339353
-263.521799
-313.445877
-314.686707
-289.058534
-264.818843
-295.635159
-274.734626
-348.523570
-314.286559
-285.997313
-288.724808
-340.159350
-296.320869
-302.354017
-340.749316
-308.258901
-293.910624
-337.123300
-294.802610
-274.705278
-355.847433
-375.937159
-284.089034
-281.908086
-291.378502
-232.072306
-345.291678
-241.799734
-327.665452
-267.837467
-351.545485
-263.519012
-313.974220
-309.748145
-253.449615
-320.896461
-321.418474
-312.092720
-311.547713
-311.744214
-366.174191
-244.723753
-314.982836
-395.630722
-266.183984
-320.544643
-335.499130
-259.302455
-313.839222
-265.551231
-260.967751
-261.762909
-255.344003
-293.028739
-293.414021
-414.402795
-344.103931
-287.481526
-255.059983
-286.564519
-299.990989
-288.571047
-297.556665
-246.701499
-339.391985
-283.972304
-280.678906
-282.445415
-300.641235
-319.886194
-232.750314
-316.023713
-320.612630
-235.948229
-285.984952
-307.638012
-293.321316
-252.878491
-290.121191
-297.256414
-320.013196
-270.707943
-384.510799
-237.015447
-381.220112
-247.801927
-305.520571
-326.500014
-308.878709
-266.012357
-266.867904
-255.534575
-240.864924
-273.941812
-306.680665
-367.800257
-304.393082
-295.075699
-301.714858
-307.037096
-314.678818
-261.810786
-317.298137
-234.246948
-298.158907
-269.940356
-249.907687
-306.845158
-313.177632
-322.082810
-258.980335
-249.844192
-346.599937
-323.045158
-275.154606
-316.591121
-275.720286
-270.488558
-241.150449
-325.411956
-245.742018
-269.285748
-300.896466
-265.554718
-321.393915
-252.255897
-298.256493
-346.875870
-303.526234
-287.642598
-270.216863
-267.857693
-284.833418
-316.861599
-301.656435
-269.902522
-320.274641
-344.767946
-300.065606
-292.469573
-333.307024
-254.356919
-296.129394
-292.567162
-321.776157
-260.679618
-286.469403
-299.041253
-338.912124
-312.071529
-267.499368
-297.556258
-320.413832
-330.188853
-336.120937
-321.535633
-319.710637
-257.714011
-282.292417
-298.631618
-246.318360
-247.268165
-305.596888
-294.236802
-238.401571
-282.389600
-295.914267
-354.304340
-255.043739
-300.902750
-248.106233
-283.862929
-309.341297
-307.001867
-395.651087
-273.843332
-237.467754
-290.080654
-248.494526
-265.687828
-303.369086
-399.937644
-323.442779
-243.652718
-274.588988
-321.110545
-281.626872
-300.644242
-286.824122
-292.415827
-323.904400
-329.575000
-283.658507
-279.922468
-280.570865
-349.129030
-271.794090
-359.800032
-300.000821
-306.778966
-310.422651
-272.996308
-300.922422
-304.613817
-305.059894
-299.509236
-278.770720
-292.640717
-307.635442
-320.739916
-267.667090
-315.678882
-308.655920
-289.470047
-359.139830
-314.589512
-304.293665
-271.177768
-276.345905
-303.047552
-299.097989
-286.964394
-306.390539
-324.880516
-314.760900
-248.093708
-276.021739
-306.554264
-296.171889
-240.740065
-329.529678
-280.551252
-272.415845
-374.380990
-257.500356
-277.855722
-303.548399
-290.614739
-323.126649
-248.834157
-319.118755
-229.387774
-253.100499
-366.915146
-280.424137
-382.766789
-328.941020
-292.923157
-338.052739
-273.377676
-268.317099
-265.893778
-313.006012
-298.438276
-317.481776
-282.502258
-247.856447
-286.401535
-274.125129
-320.094810
-291.428010
-259.355722
-267.732372
-300.163793
-303.608027
-285.732920
-291.611126
-275.689329
-283.570530
-333.659598
-231.354297
-321.257344
-275.362142
-269.933212
-265.611344
-271.349222
-260.072334
-242.901522
-328.541369
-276.349722
-331.371443
-344.593750
-296.470080
-217.686442
-348.109369
-278.024515
-317.144831
-290.268744
-253.603946
-311.332902
-299.301934
-295.587185
-337.250386
-302.212067
-294.095620
-324.024241
-291.803414
-322.346171
-268.991207
-274.601934
-385.456253
-309.769494
-259.277888
-307.674325
-313.118146
-258.943062
-275.079328
-262.479149
-273.673163
-313.178026
-243.013658
-338.327942
-365.930688
-353.574727
-339.204568
-288.933233
-274.335344
-285.113421
-265.530640
-325.373742
-291.367204
-244.122346
-304.661076
-340.356572
-294.272238
-256.138049
-365.482981
-327.766494
-336.177431
-248.780592
-309.950224
-234.382253
-251.300788
-297.280719
-342.690098
-279.708477
-285.650628
-320.936594
-318.339889
-289.981516
-300.230454
-352.941406
-244.861032
-316.216102
-284.824839
-287.555775
-312.563717
-285.168959
-325.575188
-319.182978
-258.391986
-296.092155
-300.017055
-301.137331
-254.295250
