-12.804898
-9.040605
-12.257908
-12.072085
-20.268708
-4.698140
-22.681573
-19.558714
-28.263840
-22.607818
-24.403522
-8.256460
-6.883313
-16.860307
-26.460950
-8.971691
-27.074751
-5.497061
-18.953449
-17.205337
-19.615551
-16.058735
-20.565158
-13.255314
-3.767891
-18.534761
-7.927886
-10.473678
-13.716685
-34.274121
-20.742295
-10.326186
-15.277103
-22.841283
-21.220591
-21.488791
-16.178614
-11.924544
-12.330309
-16.299013
-13.187661
-16.272440
-20.030722
-17.562231
-8.262525
-19.018377
-12.599557
-10.062107
-19.575979
-11.614493
-14.893378
-11.638622
-17.468932
-17.991428
-30.387449
-17.620036
-23.017378
-4.384122
-15.100994
-19.537020
-12.754348
-7.508993
-15.579668
-19.955419
-18.615175
-15.763275
-23.063577
-15.382132
-20.506978
-7.730919
-6.919629
-11.248276
-16.548133
-7.146654
-23.677253
-10.723443
-16.418299
-23.129967
-10.476104
-26.462044
-8.737305
-20.085006
-18.824819
-21.930110
-20.721203
-18.558440
-15.049738
-13.758270
-26.282556
-14.961160
-12.559053
-15.401002
-28.338853
-17.746955
-9.173512
-16.292282
-20.726132
-20.723327
-13.469709
-5.970059
-24.298516
-10.229157
-3.611378
-26.232583
-28.931980
-9.215668
-32.976239
-21.005074
-12.239108
-20.628946
-31.012070
-14.737969
-2.770720
-15.272098
-20.049099
-13.591042
-20.356344
-18.817843
-15.143450
-12.614396
-20.850169
-19.954099
-23.545472
-17.478734
-11.176297
-10.879489
-18.282346
-15.379845
-7.943097
-18.201784
-9.699327
-14.885851
-17.206271
-32.503143
-15.022538
-16.388022
-1.342887
-14.669704
-23.662405
-18.109013
-12.218293
-10.021991
-15.296634
-9.302359
-18.308552
-26.874704
-8.979910
-22.680461
-11.873483
-5.669754
-10.290664
-24.985612
-19.861331
-20.652518
-9.445703
-15.313499
-13.717293
-10.490697
-13.955067
-10.770053
-18.360146
-6.919660
-16.128678
-14.565210
-10.976698
-10.798934
-12.331382
-15.310814
-29.086095
-16.924525
-20.894768
-24.985306
-9.478619
-14.665130
-21.258241
-9.643754
-22.034930
-18.767808
-33.800963
-3.291990
-12.681400
-16.357658
-20.920388
-15.654610
-23.748332
-20.551832
-30.388892
-20.052122
-8.830929
-14.258392
-14.045002
-8.900675
-20.239035
-25.679210
-14.387032
-30.826070
-16.120490
-15.190955
-17.603212
-9.609645
-10.041203
-23.652569
-12.619829
-18.210410
-4.054490
-11.187553
-11.914836
-14.046870
-23.544441
-30.981599
-10.764118
-26.337358
-17.362599
-14.157364
-24.118192
-6.543498
-18.144121
-13.320941
-12.218753
-10.344476
-13.528903
-4.733739
-18.120942
-14.777281
-17.901106
-22.557211
-18.247484
-14.731774
-21.962928
-22.470072
-25.064081
-9.830604
-21.016045
-17.316036
-10.886773
-18.404255
-11.530948
-18.904463
-14.634526
-18.033253
-25.779945
-4.136263
-15.933933
-26.943580
-10.488151
-11.913731
-16.431368
-12.324974
-16.994209
-16.161819
-16.475954
-15.039336
-6.022787
-13.210103
-10.916812
-14.567123
-28.154554
-14.652561
-7.041185
-25.677564
-7.003448
-6.956422
-20.361440
-12.227005
-8.738940
-19.768739
-19.761047
-25.664529
-19.310762
-17.806250
-10.070545
-20.641099
-10.780261
-2.780259
-10.342342
-11.272922
-17.842830
-20.830673
-10.723812
-18.173665
-10.605417
-15.429226
-14.974195
-12.747166
-22.300322
-33.730735
-24.091676
-22.311306
-18.486489
-17.668180
-18.313151
-10.332122
-12.503267
-12.339823
-15.801012
-15.814393
-7.944553
-21.832997
-3.581599
-12.636710
-17.833231
-12.051576
-23.946768
-15.308509
-18.431607
-18.635055
-9.973803
-11.099569
-19.858030
-12.563799
-9.654522
-9.847964
-25.242087
-11.842898
-10.906384
-12.372399
-10.522599
-9.361085
-21.362896
-6.364758
-24.930757
-15.890627
-6.228785
-13.082262
-20.323556
-9.271203
-19.374304
-14.643574
-11.250525
-16.985570
-19.328903
-20.445312
-19.197601
-26.857533
-18.082640
-8.515481
-19.215615
-7.869803
-11.569457
-13.974108
-15.767969
-16.097962
-17.822148
-11.630426
-26.918709
-19.421438
-27.119454
-20.382641
-20.992927
-23.453282
-19.798426
-19.580790
-22.303196
-24.653077
-24.559581
-11.172732
-23.853388
-20.282566
-23.379620
-22.933569
-14.411348
-18.520291
-31.275844
-0.930062
-17.485157
-12.871753
-8.089288
-19.126943
-10.857236
-24.903177
-25.294187
-6.262070
-19.148841
-14.375004
-24.369708
-15.000204
-20.163987
-29.190845
-15.826105
-12.253680
-18.752205
-17.513651
-14.384801
-23.739948
-9.976318
-10.479433
-13.769126
-12.901127
-16.206220
-19.190362
-30.191819
-16.881675
-16.450016
-12.717852
-23.330752
-9.150469
-5.261445
-23.912499
-17.029797
-8.039011
-18.165047
-23.808314
-8.555880
-29.719787
-22.558333
-17.891433
-17.690303
-24.108623
-10.010913
-6.418490
-23.679622
-20.130764
-26.963506
-5.043681
-25.584317
-9.205998
-18.535405
-14.884687
-19.134049
-5.620199
-12.957160
-5.996290
-21.818487
-12.448021
-16.360708
-9.483839
-6.788570
-22.328314
-6.846856
-11.237728
-29.966564
-5.298636
-16.187084
-26.633584
-17.746483
-18.024665
-10.273216
-8.845320
-14.369932
-20.408848
-20.586637
-12.483328
-6.416839
-16.393218
-15.260960
-15.869375
-8.840127
-24.465156
-12.820345
-1.581643
-16.400798
-21.753060
-23.588015
-18.828659
-16.384884
-2.562412
-18.364749
-7.875846
-23.471742
-16.376222
-18.723839
-14.562570
-18.311854
-14.164215
-15.576818
-15.574649
-18.857828
-8.091279
-24.597419
-10.567957
-4.086964
-5.965271
-13.700214
-12.849573
-17.407906
-8.816313
-21.889340
-13.197697
-21.978416
-13.816704
-11.047924
-11.730832
-22.941289
-6.255776
-18.749792
-13.030461
-23.558717
-19.613699
-11.108219
-3.898086
-20.122513
-23.335665
-23.545736
-8.264968
-22.604856
-13.754227
-28.460089
-18.537472
-15.383971
-21.310723
-27.184262
-10.731546
-32.419847
-10.033351
-15.741951
-15.068521
-19.974118
-12.227797
-5.401868
-16.125337
-14.835534
-12.245106
-6.126905
-2.776913
-14.726658
-19.357654
-7.395627
-22.347503
-12.832043
-25.280685
-11.216188
-17.613701
-19.109603
-30.150824
-12.610325
-21.174874
-6.959971
-6.021933
-16.724630
-11.833872
-15.009137
-19.806579
-20.432689
-27.779836
-20.445637
-16.343776
-11.839411
-13.713213
-10.891234
-33.451027
-15.811796
-10.065287
-10.508677
-13.286746
-24.756639
-8.266161
-19.544984
-20.978928
-34.504221
-9.769506
-13.065360
-11.128327
-17.889444
-21.395980
-15.395539
-15.346226
-20.203289
-20.157667
-17.285130
-6.167427
-8.412699
-7.652785
-17.397517
-13.730635
-4.951070
-27.125860
-26.404694
-14.296328
-15.258010
-16.188252
-15.484867
-14.899754
-14.135933
-10.520402
-10.470327
-18.649528
-3.458817
-15.063412
-7.142870
-19.848373
-14.563277
-18.824923
-18.562475
-18.796813
-19.768127
-6.404620
-18.588468
-9.214714
-22.418882
-14.774925
-12.177852
-25.206493
-19.929150
-10.491969
-29.812212
-18.943499
-17.995927
-12.058083
-10.365665
-11.727324
-10.313798
-8.526959
-18.662130
-10.528225
-15.231015
-16.112429
-20.983867
-21.306661
-10.541744
-10.142373
-15.529414
-24.448189
-16.229082
-15.715116
-8.812688
-15.392152
-17.397159
-11.942909
-18.795159
-12.219630
-17.628265
-34.612192
-30.039051
-30.085543
-14.960325
-16.730865
-9.137019
-16.932494
-6.796602
-8.232951
-23.516411
-14.015915
-22.742257
-15.488282
-9.878317
-16.296405
-8.090501
-12.111114
-0.422311
-8.682168
-13.062695
-13.205727
-12.012480
-16.405983
-14.412827
-14.017871
-18.073101
-14.609404
-20.163528
-24.892501
-16.371772
-13.543260
-20.864812
-6.468271
-13.395654
-21.350831
-20.680634
-16.246857
-18.735101
-18.084740
-11.157195
-20.979760
-13.612397
-3.440096
-17.035628
-15.648291
-13.775722
-29.447787
-19.868290
-14.122308
-15.074077
-19.699911
-21.616469
-14.014923
-19.647883
-14.989915
-26.545282
-14.823496
-9.833565
-15.886602
-19.185659
-20.276993
-19.986154
-15.945485
-9.455069
-14.483127
-16.571484
-8.608399
-7.942910
-19.127631
-15.133900
-2.631328
-24.667581
-19.277843
-12.096387
-29.282984
-12.185314
-19.985664
-14.540842
-24.006964
-5.715974
-12.864644
-11.348656
-13.183445
-15.930048
-5.835547
-21.837038
-14.326621
-11.297257
-17.807275
-18.860007
-13.305779
-9.402545
-17.114244
-20.154823
-18.400255
-12.474523
-3.734542
-24.647328
-8.847819
-20.607915
-18.173062
-11.455306
-16.407867
-9.675643
-25.386321
-5.983458
-21.588872
-15.749636
-6.979538
-15.178609
-14.588172
-23.806077
-16.450246
-24.428814
-14.175199
-10.546345
-25.789017
-20.376427
-11.287387
-17.159638
-11.364468
-24.693277
-13.310200
-12.171310
-20.309571
-19.635998
-20.490739
-14.227637
-15.762825
-17.934774
-24.491369
-15.237909
-19.571639
-22.435739
-22.516879
-13.027482
-14.438575
-18.097062
-33.345703
-16.469219
-16.918781
-12.687534
-10.651756
-15.220819
-12.112802
-12.251480
-9.424650
-14.675596
-16.838024
-5.760166
-6.220627
-10.484648
-18.319643
-12.727306
-8.518158
-9.369218
-17.396727
-10.992795
-19.992586
-24.191527
-12.472710
