-598.270750
-578.181876
-641.163504
-556.782514
-664.707746
-649.855129
-inf
-610.482181
-656.970006
-587.783888
-634.778889
-576.636325
-inf
-570.930619
-650.306870
-673.190632
-579.336661
-600.394732
-inf
-590.859441
-622.886466
-586.327922
-612.063107
-602.594550
-679.345328
-622.564116
-550.904579
-648.839077
-inf
-634.445158
-576.640765
-599.709363
-inf
-673.622615
-635.487677
-630.785949
-646.481173
-650.862309
-595.502434
-577.884136
-632.738212
-638.948005
-607.871629
-617.999342
-578.356967
-614.096010
-625.531015
-669.092543
-inf
-602.641915
-677.323121
-586.483002
-683.518623
-640.612925
-611.903007
-547.390737
-604.035048
-649.698737
-547.563843
-613.819213
-612.084715
-683.924005
-inf
-588.786447
-566.399999
-633.577153
-623.466053
-666.609537
-607.529076
-575.199639
-587.917016
-609.333919
-642.334749
-677.725068
-684.325743
-618.113859
-587.237686
-617.196531
-651.519434
-665.391966
-655.150876
-588.711984
-inf
-646.063683
-585.574039
-620.443492
-inf
-591.169670
-604.654582
-575.909853
-634.049988
-575.429293
-642.531367
-602.777716
-623.851699
-621.427268
-647.984056
-575.268176
-602.895071
-576.297278
-524.406622
-583.734248
-608.522699
-607.286566
-638.186521
-641.141217
-646.697226
-564.448177
-586.912429
-606.029897
-636.369002
-581.567938
-685.994939
-620.168944
-607.252270
-606.549473
-560.682928
-547.725686
-620.868244
-594.990480
-670.901895
-608.144099
-560.778725
-619.127515
-635.783984
-621.061009
-591.428890
-552.524855
-601.201483
-645.188890
-595.739219
-625.360622
-656.528023
-inf
-584.496772
-578.555573
-675.763406
-628.741403
-621.937314
-642.298244
-613.187964
-627.164872
-550.864203
-576.721984
-618.474573
-564.157329
-639.332685
-614.221692
-574.859153
-585.919553
-584.303638
-640.472559
-648.512004
-590.064844
-616.041631
-668.322955
-623.211478
-641.841822
-640.653300
-600.205679
-579.641458
-673.918039
-629.875496
-591.942430
-654.531415
-677.871804
-631.200679
-582.551824
-613.072915
-595.095854
-569.933379
-617.499931
-587.525710
-597.853754
-600.348868
-621.751854
-605.750518
-677.213921
-596.438745
-inf
-inf
-587.077847
-620.434253
-683.362894
-563.274902
-596.001941
-657.449044
-582.551192
-602.909738
-606.597329
-654.676969
-545.832675
-697.052122
-583.139638
-573.339862
-569.265700
-525.522124
-620.656634
-646.466726
-590.365774
-587.276331
-620.705509
-580.669413
-634.788425
-636.006169
-inf
-624.898209
-598.135143
-593.783286
-582.154166
-603.944685
-557.484167
-642.007711
-647.035727
-577.255376
-686.353733
-541.657424
-630.725158
-627.451821
-675.962482
-616.749754
-550.822011
-648.487209
-589.107829
-619.860753
-614.957897
-571.972642
-724.589421
-617.983646
-608.465812
-706.617665
-585.919524
-626.973544
-632.824266
-645.092440
-608.402008
-638.133727
-559.658894
-598.814940
-inf
-624.862059
-607.076594
-inf
-581.335090
-626.322136
-610.309313
-599.421207
-602.771667
-554.253281
-618.371067
-631.511668
-inf
-inf
-629.059998
-inf
-615.912291
-676.672558
-612.326014
-625.000693
-660.963617
-627.114959
-583.798735
-667.000197
-584.570544
-605.374467
-662.068685
-557.208537
-651.227918
-615.091187
-641.968768
-653.007676
-inf
-593.921828
-630.638385
-609.204845
-600.244491
-588.535088
-579.922065
-569.396258
-642.389760
-661.851949
-635.525279
-618.501610
-643.184400
-565.036290
-606.239077
-658.690410
-620.900487
-566.625257
-603.926728
-616.408394
-634.817322
-614.878773
-635.773695
-687.367269
-567.565569
-595.299129
-647.070758
-585.946639
-586.254897
-617.646097
-584.892695
-inf
-inf
-585.872563
-598.519616
-582.583240
-641.255521
-650.306002
-644.513030
-inf
-570.613029
-616.940829
-582.522231
-600.651745
-610.858567
-639.495597
-547.962653
-573.268043
-645.149208
-588.509699
-628.032271
-643.266198
-590.319468
-575.659851
-617.000991
-inf
-598.138191
-629.496683
-655.946394
-665.946409
-613.328681
-609.003284
-613.088064
-616.292081
-627.698790
-579.813713
-643.458409
-inf
-622.025955
-553.348862
-599.678263
-624.021463
-597.943379
-559.333840
-642.358462
-593.656851
-617.197304
-668.500272
-637.758270
-653.483581
-632.298047
-598.797473
-679.176030
-654.134862
-577.907969
-630.559648
-577.184817
-664.799423
-654.910017
-inf
-642.934417
-565.814073
-591.199519
-655.888660
-564.374962
-606.352478
-605.876503
-699.825976
-649.081640
-581.217051
-605.416870
-inf
-583.067440
-667.174830
-690.886501
-639.339402
-618.296350
-533.649140
-649.159520
-696.542058
-581.812491
-638.761241
-inf
-612.927804
-602.219959
-679.097212
-626.438752
-561.908648
-554.360933
-631.211203
-inf
-593.717786
-591.658573
-643.147572
-622.210797
-664.819942
-598.986488
-678.256170
-672.599674
-626.481835
-641.496805
-617.710383
-inf
-644.052328
-591.874153
-609.380439
-601.381470
-620.280903
-inf
-566.345585
-593.473968
-614.556218
-643.855087
-656.864459
-inf
-606.473244
-606.993674
-618.173832
-655.935098
-627.484343
-655.200209
-589.773724
-591.220393
-inf
-628.701240
-653.006541
-600.795337
-676.135813
-585.136607
-607.615687
-641.250031
-579.159378
-567.049569
-584.279544
-645.395125
-627.022937
-690.465549
-613.305319
-685.695820
-547.598805
-652.810280
-603.206794
-622.411782
-inf
-601.103120
-594.464018
-619.944339
-571.103453
-574.385323
-587.010808
-564.977258
-595.162897
-inf
-647.405405
-666.754551
-610.135697
-624.304166
-636.553355
-605.622437
-565.053078
-625.191859
-616.982867
-650.611327
-681.221332
-612.280065
-648.474878
-649.168883
-616.426963
-647.441472
-558.803971
-602.803035
-613.546355
-607.544377
-645.772788
-617.981630
-631.094011
-652.648495
-651.176994
-634.644066
-619.985972
-593.488287
-654.726488
-618.769477
-657.108035
-676.770482
-650.489307
-inf
-607.767516
-646.317626
-557.512569
-585.051503
-617.584044
-654.898244
-627.063591
-562.409842
-606.112278
-639.472713
-663.317322
-601.018113
-612.339668
-591.612059
-614.691046
-573.445199
-563.079351
-540.724663
-inf
-595.895804
-627.413543
-632.931672
-591.030778
-inf
-596.488466
-613.467335
-657.225546
-594.614438
-622.005137
-624.425326
-650.280307
-inf
-616.903302
-550.127956
-600.943139
-681.190285
-616.143439
-567.829856
-628.759815
-614.695920
-inf
-618.140400
-584.062665
-623.639175
-639.284214
-630.362723
-inf
-583.581175
