-4.207432
-8.647893
-4.654213
-6.258845
-7.154544
-4.798804
-4.077605
-9.628649
-8.372311
-3.336018
-3.466035
-11.383276
-2.547199
-3.789661
-9.176917
-11.704956
-4.321207
-5.851071
-0.050496
-0.531763
-3.418333
-6.788400
-8.238268
-6.585363
-4.750752
-2.450800
-9.407991
-13.536853
-4.369450
-18.831981
-1.503264
-6.095732
-7.702706
-11.020823
-2.778488
-3.065737
-0.226405
-8.382256
-0.440967
-6.624067
-8.596421
-9.374099
-10.393999
-4.419448
-4.029861
-2.212438
-6.128226
-8.442500
-17.161752
-7.526926
-3.507854
-14.288692
-2.429326
-7.333117
-5.182949
-11.078640
-3.076258
-8.172096
-4.674199
-5.327212
-14.193803
-4.161002
-2.596947
-13.134529
-7.761874
-3.499003
-7.759455
-2.310588
-3.162444
-3.232434
-5.645089
-16.002909
-8.600933
-6.735674
-1.617322
-1.038862
-14.666848
-6.841777
-4.183582
-3.891105
-1.962482
-1.606558
-7.653363
-1.283158
-10.572736
-1.819515
-10.124545
-7.071634
-1.597323
-13.288789
-6.220554
-14.253971
-6.810822
-13.234038
-6.341843
-4.528972
-0.386196
-4.107947
-1.022278
-7.837036
-5.670719
-2.861799
-11.275106
-5.810928
-6.424747
-16.417907
-0.040866
-9.267496
-8.871950
-2.058733
-1.197671
-0.475036
-1.103783
-0.088077
-0.619954
-3.687634
-3.878913
-0.165522
-1.886012
-0.286683
-3.076509
-5.732594
-1.262844
-2.996071
-8.177497
-1.208297
-7.588510
-13.279973
-8.707431
-9.467024
-4.620199
-6.414869
-4.017136
-0.405780
-2.931921
-7.908515
-12.151278
-5.638806
-5.805576
-6.630825
-6.954569
-9.181020
-2.396348
-2.819768
-19.401145
-12.942154
-9.467464
-5.703873
-2.401967
-3.339947
-3.614701
-1.984301
-4.322640
-1.177760
-4.004576
-12.292486
-11.688037
-8.753147
-3.390501
-1.073873
-4.192555
-4.762190
-3.007727
-0.640930
-4.347800
-0.291381
-11.809490
-2.471141
-7.020593
-7.077194
-3.750245
-7.001326
-7.647679
-1.441046
-6.030536
-5.469957
-6.399322
-7.892354
-3.597700
-2.657505
-8.164084
-4.929453
-6.525806
-7.719690
-1.968289
-3.470202
-5.843891
-2.155368
-1.201951
-10.442485
-5.186436
-2.691078
-2.916865
-7.849506
-2.333569
-13.111328
-0.388851
-2.297825
-1.791627
-3.536450
-9.451622
-7.692573
-5.127553
-0.134756
-2.642160
-2.048227
-12.564396
-1.263981
-0.820355
-5.650654
-1.612061
-6.131072
-9.009656
-5.661765
-2.748124
-10.248901
-10.116532
-14.325687
-2.203350
-2.434575
-14.888966
-4.534891
-4.080694
-1.966147
-8.458133
-7.327276
-5.186773
-6.574627
-8.698989
-4.039092
-1.451746
-4.239636
-14.042648
-2.873168
-6.720611
-16.139423
-0.662311
-3.833366
-13.554620
-1.061175
-1.093926
-2.750346
-0.687992
-5.571896
-7.130835
-3.050446
-1.717668
-7.637896
-4.692523
-9.658512
-1.757089
-7.379443
-8.896577
-6.963180
-7.937414
-10.985040
-14.358329
-1.869229
-4.899463
-10.363374
-13.642594
-0.983324
-3.482913
-3.965514
-6.202282
-0.642300
-4.525679
-6.093702
-3.922602
-7.454924
-13.839015
-10.184230
-9.788314
-0.399807
-9.951413
-2.450619
-4.696022
-9.532999
-7.068165
-6.652034
-11.266340
-9.973568
-3.230138
-9.255047
-10.355961
-10.536111
-10.780115
-4.414181
-4.236123
-5.285579
-10.269424
-3.666476
-9.616257
-10.414300
-7.562803
-4.118171
-4.017896
-2.666438
-7.983279
-3.776430
-8.491914
-10.079125
-8.642275
-2.350288
-1.071287
-7.175499
-9.852903
-4.147315
-14.554687
-10.425935
-0.099312
-4.611028
-5.365557
-4.202385
-3.083900
-5.136417
-17.494635
-0.392483
-8.274953
-3.082875
-10.539436
-4.651633
-4.104123
-1.142225
-12.812881
-8.049056
-10.258658
-8.305890
-6.377343
-5.475934
-4.430592
-10.003885
-2.095810
-7.597996
-0.603591
-2.803846
-8.067953
-7.622784
-12.337976
-6.047463
-10.967978
-8.105308
-5.527296
-14.365018
-0.204825
-11.881459
-5.808723
-3.973178
-9.888749
-12.341062
-8.074877
-7.959703
-1.120427
-4.275964
-14.252508
-2.577535
-0.735711
-0.200616
-10.092880
-10.121613
-7.884410
-6.206613
-5.640019
-0.904616
-11.217507
-1.171783
-10.582286
-9.607530
-1.792644
-2.724713
-1.468811
-5.120214
-3.378576
-9.545332
-5.058431
-9.850857
-3.101590
-14.910517
-4.092307
-6.192652
-2.957956
-1.083807
-0.636125
-3.389140
-5.769621
-7.230788
-4.280447
-11.581068
-3.324778
-15.642603
-11.946014
-4.583336
-4.354647
-1.946003
-9.384977
-4.602802
-2.772139
-5.091271
-7.297760
-0.903974
-2.666742
-4.943399
-4.232381
-4.774003
-7.118219
-5.774902
-6.800907
-10.536105
-9.228183
-2.652848
-0.040676
-15.488193
-4.915750
-13.196684
-2.564376
-7.952567
-9.480704
-4.041557
-6.615957
-9.263912
-6.091383
-8.947030
-6.307876
-5.897441
-7.365932
-4.132734
-15.670866
-4.506596
-2.234682
-9.335582
-3.548053
-4.750139
-13.306145
-3.766887
-6.657439
-7.833613
-1.030110
-0.804502
-8.129912
-1.977575
-4.738592
-9.309708
-2.661256
-11.056171
-3.811268
-3.913981
-8.475076
-2.460589
-3.913677
-1.380900
-1.377138
-1.147995
-3.674311
-2.529229
-5.466510
-6.982161
-7.812157
-1.855565
-8.002968
-2.447245
-3.046935
-7.895346
-7.663595
-4.216741
-0.287923
-10.428155
-11.403340
-1.799159
-11.954845
-0.907793
-5.971011
-9.400537
-10.927717
-14.756023
-3.318311
-8.302873
-0.579943
-4.762696
-3.234014
-11.171649
-5.782849
-4.458397
-7.396330
-4.603950
-12.001648
-4.048295
-8.818792
-2.199192
-10.301134
-3.517140
-1.931566
-0.229243
-9.882118
-1.925944
-2.091510
-6.362870
-8.996723
-0.830375
-6.389310
-2.800505
-2.203863
-5.253028
-6.923594
-4.441915
-2.078035
-5.023809
-7.031887
-3.889728
-13.027539
-7.121022
-7.180191
-13.930676
-8.409477
-5.022567
-12.719682
-4.353877
-9.101537
-10.411998
-2.499270
-5.315176
-4.257452
-9.851678
-5.531636
-15.260133
-2.613758
-4.642113
-8.972677
-4.050050
-4.591992
-8.195014
-5.505768
-3.027596
-13.831478
-9.091926
-2.068688
-10.438861
