-6.482817
-12.181223
-10.814477
-14.116540
-16.102682
-13.567904
-7.563487
-10.223760
-9.617079
-14.719987
-10.671820
-9.031742
-15.843821
-7.333302
-4.664528
-5.403720
-5.021620
-5.967317
-6.825252
-5.070991
-9.827058
-9.466624
-10.243226
-14.803620
-9.066332
-8.194703
-10.304063
-7.231392
-13.075033
-13.788840
-9.415478
-14.061903
-17.256338
-14.098029
-6.562739
-7.867441
-13.399767
-7.147681
-9.117381
-9.681891
-11.196824
-16.265496
-9.715841
-8.335760
-13.166553
-12.889305
-15.202203
-13.581416
-7.553679
-14.481716
-8.568290
-7.448526
-9.528120
-12.050491
-8.854013
-5.582182
-5.731886
-17.236301
-12.487188
-4.169213
-15.668088
-12.214181
-15.770890
-8.688680
-8.864143
-13.796685
-6.510553
-19.644108
-14.944991
-12.570239
-10.035657
-12.767436
-3.206744
-6.764990
-15.762365
-5.413799
-15.187410
-11.389217
-0.086896
-5.626017
-12.729858
-11.713911
-15.337987
-23.612858
-9.461469
-12.407782
-7.774214
-6.039334
-7.066147
-10.419822
-11.225996
-17.417553
-12.481574
-20.814371
-2.685313
-6.445237
-12.488654
-8.860944
-14.037845
-8.917399
-11.565673
-10.856411
-4.046375
-10.573500
-19.455331
-9.505913
-6.809817
-8.880730
-13.280998
-12.038379
-10.279568
-8.105114
-10.215896
-3.671310
-12.148222
-9.763987
-14.767542
-21.098720
-0.856177
-14.873760
-3.406074
-12.570569
-13.249523
-7.762621
-7.970886
-7.955552
-0.984295
-5.028816
-12.594476
-13.557444
-11.383009
-2.562275
-2.745680
-18.019927
-11.744042
-12.147354
-2.881014
-11.915906
-18.306711
-5.458150
-4.001882
-11.263827
-16.153612
-2.036067
-8.244971
-5.238563
-11.453145
-10.770362
-1.036700
-17.300613
-5.481135
-8.885829
-18.808906
-18.142473
-18.354787
-10.421526
-8.434347
-16.316971
-8.269130
-10.828987
-19.290924
-4.221294
-13.315932
-18.195046
-9.894173
-18.664115
-13.674027
-14.496611
-13.477812
-6.648055
-10.627623
-11.060801
-7.716876
-13.383042
-16.854783
-12.828230
-6.338014
-11.482859
-11.885457
-8.377279
-2.065350
-10.558662
-9.568622
-10.371860
-15.178036
-16.090878
-8.722478
-7.016919
-9.151854
-10.858139
-14.224442
-9.567391
-2.642718
-10.930426
-17.622456
-13.809304
-9.406695
-1.857240
-8.523794
-9.767384
-14.892395
-9.501541
-4.950780
-10.493722
-11.145252
-7.838393
-11.371948
-20.386675
-11.782716
-14.385142
-10.300186
-15.385076
-16.364388
-2.456792
-14.243415
-13.999255
-8.185528
-12.922554
-7.242066
-11.373155
-4.220057
-10.450636
-2.811718
-11.971459
-14.365488
-19.130347
-7.683668
-11.019139
-13.136175
-14.586608
-12.131607
-5.490297
-15.756755
-11.148783
-0.460316
-12.931096
-9.014168
-12.663537
-20.075919
-14.884041
-15.822396
-6.936849
-13.525962
-18.804064
-10.002316
-9.710862
-12.135515
-5.699422
-10.894473
-5.291874
-11.069509
-4.772714
-5.001638
-8.862095
-13.907775
-12.005522
-7.815529
-13.585573
-10.869401
-16.071552
-8.971252
-2.976945
-11.896333
-22.023083
-16.202198
-14.462107
-19.268857
-5.128351
-5.434202
-9.751361
-11.578411
-11.508759
-15.926424
-8.363296
-11.120981
-14.375482
-15.398368
-15.154621
-9.677868
-12.939703
-8.439811
-16.302117
-6.346529
-12.537231
-5.445949
-8.563744
-5.410011
-16.739089
-13.538902
-13.916692
-8.555705
-6.662096
-13.603923
-12.727905
-12.276147
-14.612806
-16.186214
-15.991001
-10.263261
-10.907393
-2.144174
-9.719977
-16.018699
-17.311294
-12.033889
-2.463276
-9.191723
-13.561664
-8.205412
-12.872593
-9.010574
-13.805209
-11.466869
-11.220629
-14.949658
-9.182975
-11.675565
-7.826616
-12.389273
-14.720844
-4.318328
-6.319463
-11.207980
-3.171676
-4.234259
-8.077290
-8.205705
-15.133281
-13.222388
-11.102268
-15.066955
-18.908631
-3.833857
-8.651326
-9.070696
-13.571205
-15.726333
-11.571585
-6.774668
-12.963496
-6.115568
-13.705556
-16.700446
-10.479549
-7.017752
-9.871399
-1.703287
-12.595319
-12.270185
-7.040001
-9.055023
-16.152627
-11.524469
-11.550586
-9.938633
-8.555131
-13.181736
-9.278887
-12.103930
-10.058977
-10.074400
-16.087908
-14.158346
-13.841120
-20.710884
-10.456001
-10.742315
-10.512653
-7.792473
-8.501916
-5.381904
-16.011895
-7.060525
-5.972903
-6.543176
-15.660724
-22.195039
-14.760427
-19.009870
-12.720036
-4.273366
-11.830691
-17.056003
-16.867905
-14.708402
-7.153729
-12.342230
-8.832776
-14.052197
-6.919018
-3.862165
-10.644894
-13.687285
-12.761522
-7.327584
-1.214922
-6.658517
-16.779192
-17.258383
-14.108363
-10.308430
-5.362434
-11.286064
-6.985385
-14.739753
-4.087610
-9.927426
-1.279931
-23.206083
-17.597772
-9.544094
-12.550820
-14.006997
-12.407087
-9.440362
-9.462764
-12.607579
-12.925036
-5.894583
-12.748012
-11.376881
-10.635569
-5.398279
-10.009811
-4.944544
-13.347492
-11.673479
-12.914856
-12.885110
-12.737419
-13.000279
-9.027118
-16.501184
-11.332517
-11.550335
-21.916115
-12.402568
-0.631275
-12.325986
-11.608939
-13.736257
-14.904231
-12.773011
-6.218649
-7.129555
-17.094906
-7.988332
-5.244385
-7.375120
-8.188739
-13.011705
-6.404617
-12.569104
-11.660931
-5.001749
-14.524890
-12.571660
-14.560753
-4.595227
-10.791248
-7.333421
-4.634815
-3.477459
-8.524309
-2.161147
-8.287894
-10.194112
-12.346534
-13.466138
-16.646413
-8.217067
-10.839434
-17.258838
-5.886023
-12.244341
-4.760974
-11.041492
-5.590093
-15.443209
-9.566146
-9.153207
-7.397600
-8.411577
-10.072064
-6.330521
-9.849890
-9.866125
-13.961755
-12.905073
-10.434713
-6.182105
-10.800526
-15.602842
-9.525619
-13.797622
-13.429616
-9.793698
-10.939566
-3.661019
-9.476465
-14.013487
-5.882620
-10.488594
-10.309731
-4.481376
-12.750890
-14.418652
-16.639732
-12.498996
-12.896088
-4.280864
-14.166771
-8.709806
-12.303776
-8.867446
-10.504924
-13.129955
-5.464610
-1.708805
-6.317785
-0.193111
-19.979758
-20.555914
-16.298155
-6.701522
-12.449925
-5.246385
-17.836342
-1.737211
-10.204350
-11.806079
-9.976270
-14.113553
-1.842510
-17.823797
-6.477619
-6.519886
-14.771193
-11.316019
-19.969540
-7.252598
-4.465176
-16.689619
-8.419518
-16.772283
-5.774999
-13.151482
-11.462335
-5.374272
-11.552440
-14.997572
-17.323084
-13.538255
-6.836049
-7.538640
-7.438488
-8.736166
-7.014686
-5.956564
-15.814136
-9.297962
-10.795068
-13.807635
-10.499733
-14.641535
-12.403614
-1.929578
-5.569439
-13.787078
-10.615955
-11.050206
-11.632828
-20.548662
-11.867324
-8.238205
-15.411372
-11.044204
-7.227713
-4.882106
-1.724403
-17.000669
-11.018516
-11.586133
-9.047767
-6.956430
-4.868747
-10.824572
-17.353934
-15.369066
-11.499897
-5.165245
-17.243392
-8.389011
-10.968006
-11.442220
-15.079865
-6.641936
-17.233590
-4.626955
-10.855246
-3.797212
-8.138351
-12.962818
-11.215567
-12.879771
-11.341825
-16.647418
-11.136038
-15.508999
-1.999192
-13.055603
-2.221663
-5.570897
-15.615173
-16.170359
-8.839913
-9.386417
-15.984821
-15.201695
-14.286923
-14.505219
-12.446109
-9.722518
-12.121785
-8.787960
-11.030494
-10.184448
-16.879598
-15.203552
-8.375617
-16.662486
-7.328142
-13.388210
-8.172956
-15.192589
-2.534477
-6.305777
-9.995596
-5.705629
-7.438428
-13.353973
-12.213515
-8.409349
-9.251800
-13.722148
-9.254287
-0.106080
-9.941531
-12.607214
-6.758188
-13.669162
-11.637369
-10.174245
-7.938214
-3.005691
-13.380370
-12.778633
-14.993533
-15.239308
-6.764932
-19.784164
-4.023538
-13.964106
-5.216138
-13.729243
-17.332820
-15.070045
-13.211462
-4.267034
-2.158384
-2.383956
-11.451789
-12.626454
-10.315720
-13.084171
-7.940128
-10.564758
-16.117848
-5.624903
-4.281360
-8.407410
-5.526049
-17.292540
-4.462047
-15.281257
-10.391332
-9.216860
-6.553090
-14.017677
-17.251593
-10.892347
-12.010575
-11.690827
-11.079126
-6.384193
-13.338408
-10.433348
-16.527185
-12.124861
-11.565211
-19.939988
-11.387464
-11.487855
-14.761915
-11.713234
-11.772918
-14.486582
-16.761356
-7.383792
-17.990399
-10.087862
-9.368197
-14.593309
-6.801060
-15.627090
-10.964011
-6.946236
-11.375169
-9.385012
-15.474989
-13.302895
-19.770849
-12.188075
-10.654958
-12.386358
-11.109195
-12.543968
-8.610330
-3.754809
-6.413818
-17.598672
-14.260593
-8.497222
-2.870183
-12.850017
-12.167154
-14.227680
-15.249601
-15.799942
-9.814045
-16.860616
-11.522526
-6.336789
-10.890165
-4.217317
-2.838686
-9.310059
-12.352925
-3.636702
-12.009889
-8.274885
-6.195904
-15.206517
-18.974738
-11.659526
-12.904115
-14.540630
-10.934201
-12.695057
-10.449046
-13.116685
-10.028700
-5.865870
-4.319343
-10.660637
-13.634221
-14.564328
-20.286117
-11.633051
-12.047499
-12.330414
-1.129836
-11.869243
-13.305435
-14.747383
-10.879847
-8.645845
-2.699634
-13.810360
-6.228625
-14.096884
-11.970395
-0.231446
-13.252054
-15.750750
-14.249586
-12.730333
-13.735887
-9.819652
-10.843614
-15.659717
-19.307951
-8.713661
-4.655751
-7.879017
-14.532327
-15.257135
-11.736964
-11.455879
-18.905214
-11.569290
-10.572050
-10.485114
-13.200566
-0.965323
-5.138707
-7.747050
-13.394172
-17.783437
-2.065445
-11.367762
-9.095822
-9.726397
-5.618860
-12.345079
-8.018921
-17.279464
-19.872381
-10.374445
-6.524814
-15.335397
-6.548112
-15.191717
-12.268870
-20.635427
-8.998248
-2.708803
-14.904549
-14.160769
-15.973097
-7.109535
-6.216960
-7.860329
-18.954516
-9.553107
-12.323821
-3.681621
-8.318289
-8.660618
-12.659241
-2.253801
-13.440693
-11.618759
-7.471551
-7.316736
-9.960400
-18.192295
-10.884988
-16.868826
-16.095166
-15.314562
-10.365893
-0.208674
-14.006455
-12.961085
-20.943314
-4.103533
-10.434794
-12.257403
-11.803231
-11.366534
-13.172411
-5.134564
-11.457039
-1.076415
-11.478453
-11.623724
-9.768492
-14.658511
-15.087766
-8.317203
-17.811369
-5.658264
-12.271663
-7.062598
-10.717841
-15.227485
-10.371283
-10.293448
-6.421052
-13.796886
-10.078139
-0.274577
-6.058593
-9.919809
-14.515131
-12.608988
-12.009888
-18.939692
-17.378406
-12.826203
-9.085535
-12.513859
-11.738406
-5.812264
-12.000401
-12.631729
-10.055575
-9.248040
-10.476662
-13.543614
-13.318826
-14.562503
-8.884716
-16.724827
-11.725416
-3.128904
-7.219271
-10.105555
-5.933772
-8.060392
-21.421322
-8.064185
-9.905981
-4.428170
-12.260178
-7.216377
-9.572431
-7.215950
-3.031289
-6.331211
-10.354808
-1.072757
-10.805736
-15.115904
-16.927202
-6.588015
-14.654610
-13.806620
-17.824015
-12.393116
-12.568301
-14.719638
-14.600354
-2.140596
-17.258146
-10.683397
-15.314369
-11.357877
-8.361637
-17.013364
-13.666686
-7.934338
-16.557442
-10.464191
-9.781945
-13.970428
-16.313562
-10.285350
-8.782170
-10.541614
-18.854216
-19.955956
-5.045276
-9.792405
-6.903402
-7.043720
-13.188243
-10.681702
-3.983698
-2.215719
-15.312649
-10.327750
-20.557692
-6.794293
-17.004151
-17.066490
-9.916966
-14.179080
-9.664959
-16.491226
-11.222114
-14.229869
-6.257450
-16.837917
-8.168355
-9.447747
-13.189981
-12.399011
-8.361977
-7.232080
-19.908950
-13.980788
-0.810274
-7.209182
-15.192597
-12.817019
-11.690622
-10.483346
-5.739379
-11.172709
-14.975791
-6.126480
-13.756654
-17.984128
-16.350274
-11.311548
-11.428878
-8.349992
-4.194902
-4.662593
-6.115636
-10.118230
-8.964755
-5.349152
-7.782391
-1.534783
-13.595732
-14.155726
-16.006820
-9.086843
-11.914142
-10.996832
-1.293969
-12.926791
-13.412267
-13.415917
-5.438027
-10.008909
-7.009596
-9.245355
-17.555818
-3.251769
-14.093902
-10.129933
-10.024287
-15.653113
-16.615839
-7.735400
-13.059914
-15.044300
-3.914354
-8.297312
-14.046125
-16.928760
-13.774745
-9.911700
-12.334865
-1.355968
-1.431859
-5.631846
-13.690776
-13.656341
-13.334702
-8.685672
-6.877003
-1.141488
-12.608735
-17.904311
-1.001565
-1.920190
-11.168443
-10.549783
-21.020042
-13.041971
-13.368011
-15.169307
-9.308364
-12.684070
-8.925485
-10.411659
-10.926614
-9.578864
-3.256369
-7.988194
-10.671173
-1.095783
-12.150115
-6.810483
-8.196387
-12.843947
-3.818379
-11.112245
-4.903520
-9.074135
-7.962936
-7.720594
-14.375374
-9.603021
-8.856073
-11.118069
-13.395603
-14.397164
-5.135327
-11.929145
-15.398737
-9.660594
-15.139650
-2.565668
-7.699072
-6.996142
-10.160500
-18.341094
-17.621700
-14.568477
-13.472956
-4.711370
-14.822181
-4.647142
-9.406379
-16.038849
-12.821537
-6.246171
-6.255323
-9.313098
-17.419627
-14.626573
-14.657366
-10.670777
-8.086390
-8.778969
-12.181183
-11.262110
-12.782337
-1.419909
-6.998376
-8.020817
-18.195937
-7.378374
-11.778979
-11.613716
-18.507563
-12.504934
-12.509521
-9.636847
-9.701611
-10.071493
-10.951478
-15.550398
-8.388402
-15.277799
-12.658372
-13.828130
-6.937962
-9.676216
-14.357526
-12.089475
-5.089629
-18.039022
-3.907699
-7.735480
-0.229010
-12.581054
-22.727398
-1.534475
-8.857666
