-16.131276
-16.828341
-12.048843
-21.507285
-8.859974
-21.855677
-7.389068
-6.256122
-10.905859
-17.124630
-18.035944
-14.821194
-7.252773
-6.507687
-14.827655
-13.508705
-2.678156
-3.686213
-10.236244
-14.746963
-9.133779
-15.138097
-4.062368
-17.307642
-5.079655
-8.228132
-18.022934
-7.591639
-0.010414
-8.735376
-16.420624
-16.404641
-11.153842
-9.185461
-15.635018
-16.422555
-10.110932
-7.941367
-9.835079
-15.912902
-16.656113
-3.921099
-13.107659
-3.035618
-9.234494
-19.893321
-5.891209
-4.904976
-8.800287
-6.807248
-5.613137
-6.751161
-18.604083
-6.700418
-15.599502
-14.850095
-12.174444
-14.982874
-5.552839
-4.656079
-13.917458
-14.315185
-13.657343
-17.927856
-15.977174
-10.157558
-4.409797
-5.713456
-1.460940
-7.623754
-5.644317
-16.541656
-8.176507
-4.269034
-14.253541
-18.950100
-15.063885
-16.612968
-1.664634
-18.576289
-17.852180
-11.367716
-22.362795
-10.220873
-8.336537
-11.766319
-13.857173
-11.366666
-8.390436
-5.376261
-4.870703
-5.537677
-7.113715
-8.967164
-16.817968
-14.708054
-19.391590
-8.945376
-6.452666
-9.911423
-8.620325
-10.582839
-13.999256
-6.798578
-10.573167
-9.389787
-12.266552
-6.519078
-14.197694
-9.513268
-12.734034
-12.589629
-3.133985
-11.698788
-7.425215
-0.266293
-3.507982
-6.936792
-9.352900
-21.884944
-10.429160
-3.153622
-3.049071
-20.073696
-14.136996
-12.691026
-11.523024
-4.236138
-8.564477
-12.972935
-8.849189
-13.137528
-19.252440
-6.990069
-5.006045
-15.556994
-19.224230
-10.481267
-5.640983
-16.393671
-4.253141
-9.344345
-9.062975
-17.778299
-17.433148
-10.052403
-9.110081
-11.671331
-2.615015
-11.046722
-11.399462
-14.983320
-16.370481
-17.063990
-15.075277
-7.823718
-9.575246
-4.568524
-13.061353
-13.979563
-10.228466
-14.021695
-11.532884
-14.320784
-0.125426
-20.618194
-0.977962
-14.851627
-6.442032
-7.010148
-11.951728
-14.156461
-13.643006
-2.640634
-15.050508
-13.313949
-16.247462
-7.470858
-8.514688
-11.251710
-3.909245
-6.418226
-2.777626
-5.687671
-7.932431
-14.897087
-4.285091
-7.704721
-3.234434
-15.129349
-0.005398
-2.708884
-8.909233
-4.811496
-5.923043
-14.343797
-6.575369
-11.831487
-4.969446
-0.483356
-2.840759
-9.949755
-4.606967
-20.613276
-4.675689
-11.680142
-4.678017
-9.058192
-10.595386
-9.796323
-12.264602
-15.971872
-3.499836
-13.702622
-12.959796
-9.072138
-12.342866
-9.304218
-13.825504
-6.026574
-5.681666
-17.691088
-12.043613
-10.475144
-16.260744
-9.082700
-7.568858
-9.260150
-21.692726
-13.879521
-16.683177
-8.529404
-19.376095
-19.477933
-8.268388
-13.047041
-15.715255
-6.475477
-12.428307
-1.114860
-4.508643
-21.623349
-18.257457
-4.634797
-11.719396
-11.641446
-5.667300
-4.792599
-8.110760
-17.360449
-2.398125
-9.430347
-2.841598
-5.049679
-7.583874
-15.494546
-15.937845
-12.486913
-20.166687
-0.522277
-4.812342
-7.836912
-6.155235
-7.830947
-17.172054
-12.379829
-8.539541
-10.176338
-17.159450
-9.796668
-17.156625
-2.692352
-18.365717
-15.796008
-7.221269
-18.201045
-14.111998
-15.930591
-14.021590
-13.143054
-10.873576
-7.073577
-6.551452
-2.733046
-7.772181
-3.556835
-1.188218
-14.508831
-2.456534
-4.499146
-5.448934
-0.037355
-13.917696
-10.162254
-7.370756
-8.289296
-8.727480
-1.975529
-4.768542
-18.544430
-16.418337
-14.274117
-6.226580
-3.936797
-13.730676
-15.651556
-6.802701
-5.219480
-11.074516
-16.144422
-8.711861
-15.010413
-9.479217
-8.453831
-6.949548
-15.433171
-14.079425
-14.093837
-19.558533
-10.293034
-12.172419
-16.573790
-9.589207
-15.758909
-13.095092
-5.264821
-19.375798
-10.171674
-18.983395
-14.315509
-17.047521
-8.928889
-12.500285
-7.673521
-0.509130
-8.596309
-2.102364
-19.584436
-17.756725
-12.400068
-7.838440
-7.757256
-8.804643
-18.867654
-9.143058
-8.617111
-12.222099
-15.949245
-3.735606
-8.221012
-20.168275
-9.231105
-5.881610
-12.890954
-13.663541
-29.708459
-14.760887
-10.214958
-1.456269
-6.711286
-11.234463
-6.225573
-3.556277
-10.848281
-22.961731
-12.454243
-1.987686
-4.740101
-11.676173
-9.121917
-12.934751
-4.524717
-1.908268
-4.586678
-10.861503
-11.355936
-7.485788
-12.288170
-16.165409
-19.302339
-15.761295
-19.480545
-13.126120
-0.354951
-2.346127
-9.812275
-9.294658
-7.143887
-12.717375
-1.970602
-10.526761
-8.101787
-19.641204
-5.018424
-16.170036
-14.086900
-4.076051
-4.416844
-6.681622
-10.548534
-15.368126
-17.279310
-15.683802
-13.353977
-16.566545
-8.290661
-5.500052
-13.915801
-18.965120
-16.732271
-6.208587
-13.400282
-9.388354
-10.957352
-13.550111
-10.256965
-4.541721
-11.224666
-19.259535
-0.616277
-13.997313
-9.315968
-13.736529
-14.641958
-17.901421
-7.826063
-4.364909
-8.023428
-14.685167
-11.115147
-21.007117
-12.714176
-1.451777
-4.620895
-2.920353
-12.958717
-6.948433
-6.779719
-1.367697
-3.588664
-21.568247
-3.457470
-0.658225
-7.380019
-5.719383
-11.013100
-7.136201
-7.235374
-12.178043
-8.906180
-4.223121
-9.895566
-6.935888
-13.220821
-9.234546
-17.311331
-7.902984
-12.815806
-5.751946
-12.376559
-9.324659
-4.492860
-14.421133
-8.573593
-2.932218
-4.601206
-15.491747
-7.861167
-10.915978
-15.912664
-4.794713
-4.350283
-10.049495
-14.626741
-9.780773
-2.329653
-8.831280
-13.324176
-8.071323
-6.372736
-18.815436
-18.068472
-11.657256
-16.889841
-8.331562
-19.030412
-12.790172
-14.780503
-7.416556
-5.280614
-2.518840
-18.628248
-1.177423
-15.485462
-18.888265
-10.450752
-8.858160
-11.054825
-10.001587
-11.460256
-15.169866
-8.234756
-15.334445
-3.570520
-7.758239
-6.087655
-0.081347
-13.572405
-9.694521
-6.190363
-2.028959
-8.723256
-6.261533
-15.287880
-12.081497
-5.295607
-12.277881
-13.422926
-4.882483
-9.412232
-10.564582
-17.778584
-5.661046
-15.033040
-12.349518
-16.903475
-11.040612
-20.601395
-5.846400
-13.773328
-2.483681
-15.466597
-8.535766
-4.364614
-12.533978
-4.242133
-19.110356
-8.414967
-1.627390
-4.993014
-10.450805
-13.673325
-11.144867
-1.719794
-11.528995
-12.258339
-5.541658
-19.557945
-13.900957
-5.848868
-2.071858
-8.349054
-11.801221
-13.408184
-1.636825
-2.314045
-12.065244
-12.433483
-11.266715
-23.635699
-1.813926
-11.216783
-11.365241
-9.773830
-19.052630
-2.468457
-11.631631
-8.869405
-15.905084
-3.200507
-23.445119
-10.179401
-3.503819
-19.020590
-6.076835
-8.809194
-9.689362
-15.177773
-16.569020
-10.540739
-12.167981
-21.110336
-17.609634
-9.875569
-6.299843
-11.287158
-7.356744
-9.058852
-20.178973
-14.527064
-12.188158
-9.303425
-17.305777
-11.841092
-2.626499
-20.785205
-12.306303
-11.764026
-19.170095
-9.880063
-15.555706
-19.708136
-1.008517
-12.302860
-4.113641
-6.885622
-1.224523
-3.293205
-12.511807
-0.509754
-15.414708
-16.278534
-8.620637
-16.660979
-4.241978
-21.161605
-16.595191
-10.298967
-6.065354
-12.208171
-18.203069
-23.994426
-16.973859
-8.775245
-8.067101
-14.321735
-13.955443
-16.593414
-6.962803
-11.597862
-14.497970
-2.414892
-16.340264
-3.351208
-12.957185
-12.690365
-14.297228
-9.395033
-12.461096
-13.880141
-18.028184
-5.646530
-16.792494
-7.314923
-18.973194
-1.955846
-16.033243
-0.256595
-16.727435
-2.904780
-3.082941
-6.938640
-9.807854
-19.657462
-4.182243
-14.167371
-6.333523
-0.910762
-6.169455
-14.122346
-6.670932
