-1.249543
-0.984494
-0.137176
-0.781361
-0.151897
-0.749771
-1.210969
-0.108696
-1.469265
-0.347486
-1.237184
-1.213566
-0.747507
-0.072988
-0.701241
-1.593423
-0.730424
-2.013169
-0.005575
-0.126696
-0.256116
-1.284199
-0.080739
-0.158952
-0.585176
-0.395539
-0.322408
-0.777140
-0.001138
-0.283278
-0.757499
-0.017519
-0.876297
-0.233780
-2.560316
-0.041258
-2.649556
-0.449279
-0.096075
-0.999764
-1.011050
-0.188145
-0.976191
-0.741601
-1.058077
-0.140407
-1.581610
-2.050134
-1.419986
-0.062763
-0.184994
-0.057588
-0.715328
-0.153168
-0.678778
-0.212891
-0.040536
-0.940767
-0.564132
-0.704106
-0.238343
-0.071530
-0.191189
-0.613625
-0.305861
-0.152053
-0.070493
-0.220850
-0.203854
-0.017374
-2.273495
-0.080939
-0.449055
-0.245770
-1.040250
-0.771657
-1.354457
-0.133138
-0.094743
-0.503139
-0.256192
-0.540448
-0.012007
-2.159189
-0.113243
-0.274517
-0.100789
-0.037526
-1.340213
-1.017500
-0.755741
-0.508889
-0.581068
-1.588073
-0.533134
-0.002592
-0.765683
-0.260747
-0.472834
-0.199678
-0.637563
-0.704697
-0.606207
-1.681237
-0.244199
-0.410717
-0.007785
-0.825581
-0.404343
-0.104377
-0.400212
-1.914595
-0.990742
-0.001183
-0.191362
-0.357743
-0.220474
-0.140942
-0.016391
-0.094738
-0.008287
-0.254526
-0.973291
-0.022716
-0.522375
-0.586132
-0.187057
-0.608050
-1.723816
-1.280650
-0.324559
-0.144755
-1.955922
-1.127903
-1.953162
-0.120489
-1.398216
-0.440691
-0.284274
-2.216002
-0.969099
-2.033813
-0.613362
-0.001151
-1.171720
-0.721134
-0.066674
-0.430975
-1.168205
-1.880350
-0.465302
-0.042171
-1.528047
-0.195283
-2.446523
-2.586774
-0.292971
-0.742367
-0.132717
-0.759351
-0.013499
-0.117222
-0.046081
-0.524796
-0.055528
-0.143572
-0.067894
-1.935940
-1.025822
-0.364920
-0.061675
-0.005931
-0.310985
-0.440543
-0.643100
-1.644682
-0.020697
-0.331813
-0.371600
-1.153230
-0.120471
-2.532952
-0.805807
-0.445360
-0.392200
-0.466777
-0.016300
-0.191506
-0.514513
-0.039138
-0.126963
-0.055483
-0.144793
-0.169525
-1.545832
-0.225337
-2.547183
-0.062719
-0.391115
-0.189342
-0.643398
-0.329959
-1.984941
-0.012258
-0.002346
-0.038868
-0.495592
-1.248120
-0.882288
-0.157972
-0.992883
-0.889125
-0.164275
-0.026960
-0.775676
-0.397199
-0.234994
-0.095612
-0.070138
-0.052641
-1.288824
-0.762499
-1.972810
-0.232128
-0.000355
-0.451375
-0.336553
-1.671994
-0.051447
-0.725351
-0.333899
-0.000070
-1.424970
-1.485743
-0.955134
-2.370752
-0.382564
-0.110369
-1.805126
-0.473357
-0.983940
-0.077337
-1.834930
-0.743259
-0.441331
-1.854627
-0.570404
-0.137376
-0.338969
-0.205550
-2.002564
-0.471473
-0.427654
-0.148293
-1.868773
-0.270035
-0.050573
-0.291761
-0.257789
-0.093080
-1.370814
-0.089907
-0.312859
-2.923401
-0.066042
-0.502813
-0.804176
-0.084120
-0.184045
-1.406381
-0.068929
-0.099546
-0.080522
-0.525852
-0.373110
-1.734871
-1.871256
-1.326104
-3.418457
-0.655144
-0.020166
-0.204804
-0.025228
-0.464685
-0.138574
-0.345321
-0.519517
-0.013203
-0.398444
-1.633208
-1.360701
-0.181331
-0.252801
-0.725257
-0.048685
-0.631906
-0.098313
-0.042752
-1.462380
-0.670724
-0.178138
-0.597344
-3.969655
-0.372865
-0.235115
-0.138868
-0.158290
-0.695345
-0.670190
-1.035854
-0.164689
-0.778087
-0.201203
-0.256809
-0.010455
-0.019330
-0.003979
-2.837997
-0.899331
-0.035053
-0.012533
-1.742543
-0.021867
-1.215887
-0.958607
-0.033771
-2.106916
-1.065102
-0.044737
-1.236790
-0.006183
-1.852747
-0.890649
-0.605166
-0.048739
-0.597317
-1.615800
-0.054329
-0.348683
-0.113664
-0.158835
-0.299713
-0.088713
-1.343931
-0.374534
-0.408666
-0.570763
-0.030378
-0.612822
-0.041513
-0.442482
-0.061598
-0.007769
-0.057450
-1.271835
-0.202180
-0.179988
-0.062328
-0.412621
-0.711199
-0.775160
-0.002573
-0.092903
-0.730223
-0.099854
-0.022442
-0.033235
-1.078910
-0.819491
-1.799081
-0.500539
-0.301009
-0.256221
-0.658327
-0.354077
-0.285565
-0.103097
-0.125113
-0.047390
-1.943124
-3.998630
-0.616040
-0.073643
-0.686460
-1.575368
-0.015828
-0.180877
-0.119982
-0.717575
-2.438721
-0.209199
-0.064444
-1.963486
-0.623418
-1.913144
-0.023389
-0.091358
-0.067740
-1.860157
-0.164673
-0.339712
-0.300804
-0.844222
-0.272055
-0.564281
-0.507362
-0.431002
-0.087517
-1.234128
-0.781082
-0.518209
-1.363887
-0.328482
-1.748153
-0.890164
-0.193048
-0.191028
-0.003281
-0.029259
-0.014414
-1.605884
-1.065128
-0.058589
-1.525588
-1.041819
-1.362933
-2.089532
-0.060620
-1.200475
-0.005831
