-3.337560
-0.212777
-0.632634
-2.597696
-1.909921
-0.523745
-0.554011
-1.072953
-0.757567
-0.132257
-0.013093
-1.286613
-0.802915
-0.193663
-0.083743
-0.090226
-1.788786
-1.877082
-2.178807
-0.207400
-0.921620
-0.905898
-0.675331
-1.178453
-2.349668
-0.180011
-1.385010
-0.004222
-0.021543
-0.682475
-0.341025
-0.749584
-1.576230
-0.503483
-0.381825
-0.045985
-0.766481
-0.091122
-0.423644
-0.680893
-0.584590
-0.047498
-2.023630
-2.586169
-0.799761
-0.322416
-0.662860
-0.120134
-0.233769
-0.369160
-0.541380
-1.382619
-0.013138
-1.579534
-1.298231
-2.447333
-0.130323
-0.000001
-0.507799
-0.143488
-3.605651
-0.877138
-1.955260
-4.161187
-0.784048
-0.565456
-0.260474
-0.255973
-0.580034
-1.877432
-0.089395
-3.191536
-2.577905
-1.120351
-1.896127
-0.687510
-1.177246
-0.494185
-1.594105
-0.397874
-2.234913
-2.958872
-1.141568
-2.746699
-0.391897
-3.972166
-0.065184
-0.222018
-1.366479
-1.467788
-0.664962
-1.550501
-2.539595
-1.498168
-0.992342
-0.689935
-1.619716
-1.774053
-0.492810
-0.408977
-0.360937
-0.945564
-0.351252
-0.615684
-0.227759
-2.272349
-1.372187
-1.738360
-0.056262
-0.279883
-5.498330
-0.145107
-1.418810
-0.000685
-1.613593
-0.632954
-0.139162
-1.792738
-2.199667
-0.582012
-3.286668
-1.046227
-1.907405
-1.375812
-0.631839
-0.549164
-0.232882
-1.082436
-2.225118
-0.162291
-0.096024
-1.366038
-1.991776
-1.521352
-1.021494
-1.729412
-0.024202
-3.884180
-1.430717
-1.220350
-1.919788
-0.816821
-2.755128
-0.078221
-0.985399
-1.128211
-1.110738
-0.031981
-0.573658
-2.619818
-0.351687
-0.565882
-2.069994
-2.266228
-0.352404
-2.375681
-0.272055
-0.072255
-1.070987
-0.680012
-2.071986
-0.452514
-0.012864
-2.025531
-1.566176
-0.566072
-3.390468
-2.301184
-0.498637
-0.777433
-2.749374
-2.536992
-0.483145
-0.117409
-0.000550
-0.130779
-0.154536
-2.141278
-0.286155
-1.838068
-0.558865
-2.537568
-0.232431
-4.617240
-2.992217
-1.515680
-1.182281
-1.180135
-0.686636
-0.937351
-2.936310
-3.253243
-0.320954
-1.935310
-0.901176
-0.488597
-3.825046
-3.880180
-0.106685
-3.273356
-0.681284
-1.719124
-0.744113
-1.948237
-1.831069
-0.268692
-2.120408
-1.038241
-0.939819
-0.363064
-0.217752
-0.167657
-2.061009
-0.118421
-4.015745
-0.684060
-0.775969
-0.699590
-0.652808
-3.367508
-2.173266
-0.055981
-0.348570
-2.025227
-2.085461
-1.967914
-2.734099
-0.429041
-3.307295
-0.671821
-0.281049
-0.607289
-0.003915
-1.415528
-0.170416
-0.660038
-0.108153
-0.984663
-0.910357
-0.840689
-0.668865
-3.896371
-0.941391
-0.277909
-3.975405
-2.190663
-2.658929
-0.307646
-2.295596
-1.285462
-1.975838
-0.244420
-0.137200
-1.420645
-1.151920
-0.286522
-0.902330
-0.550284
-0.065942
-1.637579
-2.097006
-2.702259
-1.447063
-2.527689
-2.300617
-2.558551
-3.124452
-2.369096
-1.702316
-0.552320
-2.149060
-1.758250
-2.859227
-2.444144
-1.187549
-0.933297
-2.017260
-0.726250
-0.391180
-0.404183
-0.797610
-1.610261
-2.755708
-1.252891
-0.599416
-0.899671
-0.467145
-1.447297
-0.425780
-0.131909
-1.470488
-4.105609
-1.525983
-2.660982
-0.081375
-0.138588
-0.542731
-0.020674
