-67.513085
-67.593484
-61.963622
-41.860455
-62.960254
-65.684655
-66.038039
-71.627909
-61.478772
-85.957995
-64.183200
-66.713755
-60.867311
-54.886904
-66.731262
-74.831252
-66.659617
-84.493368
-61.968099
-68.551500
-71.949544
-77.375405
-46.616066
-73.900351
-70.239383
-64.039522
-70.542599
-69.159006
-72.584822
-89.457431
-77.764201
-67.106805
-83.409177
-74.144754
-81.105721
-77.178681
-58.536485
-61.378905
-85.645533
-80.484670
-58.682047
-83.772959
-92.804656
-74.478690
-68.347927
-66.682183
-62.272109
-69.149323
-64.284494
-55.044994
-59.943146
-54.611921
-91.162941
-71.207175
-63.394715
-77.223920
-72.864130
-61.263793
-77.201657
-70.645746
-45.374535
-59.472948
-72.858821
-76.208581
-75.157552
-71.876307
-77.253267
-84.586224
-72.853895
-63.638849
-79.156612
-68.009973
-86.559747
-66.361848
-68.614160
-71.375829
-53.431939
-67.347175
-75.874933
-90.914710
-54.947309
-70.623359
-68.845488
-54.741773
-51.211138
-77.447618
-61.309428
-65.309263
-65.883551
-76.287827
-72.085264
-58.960933
-69.209699
-89.257980
-58.232723
-69.656595
-80.054935
-93.749837
-61.569726
-38.807884
-92.150448
-64.414708
-55.937971
-69.970897
-67.098698
-68.008587
-87.384229
-77.375160
-93.089615
-86.678857
-81.100485
-51.898405
-79.400369
-79.905987
-78.836386
-72.644889
-62.536068
-65.330984
-67.566516
-56.077535
-75.834825
-51.893982
-70.874340
-57.712241
-76.228349
-66.929187
-71.827108
-74.105183
-75.271029
-67.230925
-93.029341
-93.300746
-99.995196
-58.717633
-88.452286
-83.181859
-87.938698
-99.851380
-74.773183
-74.057350
-84.731877
-54.872152
-88.561786
-69.849777
-43.091324
-83.448389
-84.845105
-55.000947
-69.501919
-68.454835
-91.790417
-74.711484
-59.664307
-54.931509
-77.299673
-63.494885
-83.940837
-60.075275
-73.219297
-63.057615
-72.250638
-63.459571
-84.030807
-85.374875
-71.947608
-54.342225
-84.406253
-92.499397
-64.432083
-73.376012
-92.324194
-56.368207
-74.776724
-90.300177
-70.881025
-69.109269
-51.455688
-43.397227
-64.425086
-66.907782
-78.652827
-79.628694
-92.215070
-88.949146
-46.224404
-71.874198
-58.585125
-74.366621
-58.023746
-88.126145
-65.528752
-62.834611
-68.018327
-62.575477
-79.295428
-72.369524
-60.194895
-69.241744
-77.816088
-70.660009
-76.955672
-74.675987
-59.048976
-75.781636
-63.459822
-59.673308
-57.791071
-99.045558
-73.307315
-68.725208
-89.376294
-62.513143
-63.490923
-81.190456
-70.917603
-72.327204
-89.866749
-84.777208
-62.558284
-68.844740
-81.748025
-84.639410
-81.890867
-67.043844
-91.253345
-92.159785
-84.091396
-57.010985
-78.173206
-86.272167
-87.814726
-66.820607
-61.340073
-71.055091
-77.819841
-60.318289
-94.306506
-78.632693
-89.155199
-88.765954
-77.833152
-62.653484
-59.300315
-65.040131
-60.430103
-66.777557
-70.660486
-83.977757
-70.562020
-65.188191
-83.402254
-75.847899
-67.210238
-70.777092
-52.304851
-74.792164
-89.103206
-74.349204
-60.608242
-85.460226
-70.838485
-57.667668
-58.674793
-77.948725
-52.471021
-60.389465
-87.205281
-65.115606
-70.975743
-58.324948
-73.821609
-84.350567
-60.342871
-88.446659
-70.907521
-53.968978
-64.962317
-94.577444
-68.283733
-63.548005
-57.971940
-72.040982
-80.986061
-66.113671
-53.852685
-74.642435
-61.998446
-73.313282
-56.489143
-98.228021
-49.957880
-73.988900
-63.254639
-74.738620
-80.589326
-53.316482
-82.495925
-77.073383
-76.435580
-92.988223
-71.818337
-72.293329
-59.268417
-87.856535
-93.817350
-47.570741
-61.226514
-63.762983
-75.658279
-75.187436
-56.189966
-79.911535
-70.440554
-84.125094
-82.571976
-53.514918
-57.011465
-70.091589
-84.244705
-67.501787
-85.968092
-98.579719
-64.587190
-55.723909
-61.966049
-74.924409
-72.847240
-74.667443
-76.449863
-87.760057
-86.669156
-72.221806
-53.072389
-75.578398
-55.665351
-88.374415
-82.943557
-71.973338
-55.568008
-59.027187
-82.351668
-68.482672
-49.085012
-46.619627
-62.023406
-74.661443
-72.563121
-69.039783
-80.303845
-82.258288
-69.492770
-70.527575
-104.122633
-67.065647
-56.891202
-62.556643
-63.641451
-67.310937
-86.626488
-80.241190
-60.973521
-86.366525
-57.138978
-85.863229
-64.123906
-46.210335
-47.468412
-81.035786
-81.126022
-92.164866
-85.481459
-68.781436
-78.312872
-69.740175
-76.870854
-76.705765
-64.156548
-87.496038
-57.062058
-68.840963
-76.100624
-64.158624
-79.307216
-82.887238
-69.810306
-90.494527
-75.582305
-97.723552
-80.232199
-81.577875
-56.878827
-84.501106
-72.717443
-95.449737
-94.899503
-52.544234
-76.222030
-58.096649
-77.234868
-80.430566
-78.755916
-64.603112
-89.678917
-80.629565
-65.477681
-58.386908
-64.242573
-69.260054
-67.003160
-58.396068
-58.434166
-79.041087
-83.055287
-71.698519
-52.567804
-68.767070
-56.089744
-57.303917
-70.572517
-59.990829
-76.853258
-56.567814
-93.095572
-81.257841
-45.894181
-72.355802
-67.956075
-77.620380
-60.268414
-58.752528
-65.751361
-77.740778
-57.056377
-78.936368
-59.001837
-87.843713
-50.771393
-55.991246
-79.915545
-66.868676
-78.573520
-53.973408
-64.675007
-68.993195
-91.797570
-71.478532
-57.389997
-78.163375
-89.801843
-83.451943
-82.965538
-76.223612
-54.754714
-74.003390
-87.381681
-54.360197
-82.412385
-92.703951
-74.178314
-73.358166
-72.070957
-72.567243
-68.565182
-59.395031
-59.754084
-70.529624
-44.653400
-68.371387
-85.300686
-62.266140
-77.809441
-82.904363
-75.413185
-83.243604
-70.110247
-91.414642
-73.162053
-65.032298
-82.785642
-50.318629
-75.127041
-59.943093
-66.228091
-84.388495
-77.401295
-79.257613
-59.173834
-86.437357
-68.877197
-67.156299
-82.774420
-34.988323
-96.263053
-63.634818
-76.514272
-60.002364
-52.278459
-80.947362
-82.819472
-70.038261
-58.618977
-59.582513
-53.978180
-76.078309
-56.072483
-70.320842
-82.347976
-67.407435
-72.209620
-50.184393
-64.282563
-75.593543
-67.500465
-47.885405
-70.141471
-49.853966
-93.310681
-63.833798
-67.744921
-77.630445
-80.108475
-31.559803
-61.498003
-77.105555
-59.951861
-78.915260
-78.197176
-66.213211
-72.406255
-62.891907
-68.954963
-102.766991
-80.863880
-55.566400
-91.435865
-67.502259
-63.230722
-93.213550
-78.410228
-73.656544
-86.740132
-74.660670
-60.058273
-65.780451
-54.484553
-71.092762
-71.112717
-59.783338
-72.211213
-73.484338
-69.962340
-58.880208
-62.524979
-74.928472
-60.682201
-80.610452
-63.391960
-73.403973
-78.043832
-86.112904
-99.893107
-78.556719
-60.481224
-60.802112
-85.448906
-52.390817
-92.166058
-60.009584
-75.396802
-49.695878
-66.610654
-69.411383
-54.264307
-63.605766
-54.751510
-61.691349
-70.761348
-88.258878
-72.381728
-65.234993
-67.042052
-74.609466
-74.857097
-67.038700
-54.734572
-65.900704
-59.085361
-63.903582
-74.537319
-68.106480
-78.426998
-67.976134
-65.557778
-65.139408
-52.272890
-61.187492
-85.399198
-76.536938
-64.439005
-56.993491
-83.671437
-47.464341
-68.810849
-68.518005
-61.348769
-69.177735
-80.940381
-61.871901
-75.842041
-51.511510
-87.249902
-94.226243
-65.224701
-68.747415
-81.671593
-111.892891
-65.508459
-57.676214
-63.780497
-81.140426
-80.530727
-58.194223
-74.453217
-66.049645
-94.809708
-91.073695
-58.328824
-63.699877
-70.978493
-45.602772
-57.160408
-60.070868
-70.837831
-86.403778
-62.792168
-54.132851
-50.680451
-63.209419
-84.285943
-95.139094
-66.231828
-55.233420
-69.784174
-71.062461
-68.464868
-64.088098
-82.063535
-63.345662
-69.148842
-52.415456
-74.436278
-86.486405
-77.923212
-73.152369
-82.734828
-86.944974
-82.445966
-73.890894
-57.481101
-65.001002
-73.555241
-55.336262
-62.383177
-60.841103
-88.816381
-84.941835
-70.339165
-82.362691
-73.672329
-85.456579
-70.789017
-98.345035
-49.252097
-85.244335
-75.710972
-83.805646
-60.167655
-82.450033
-67.512591
-51.476409
-87.188122
-77.618279
-98.921546
-64.411679
-76.294318
-67.775144
-63.097228
-63.136182
-86.031800
-86.763913
-79.316989
-91.556252
-67.148029
-95.034815
-69.437372
-62.030243
-54.498081
-59.199386
-83.168508
-67.890314
-72.642615
-97.423405
-65.251497
-88.217956
-77.297302
-81.560900
-81.018322
-75.801932
-86.204375
-56.815182
-57.054810
-62.257874
-80.339742
-61.442164
-81.228296
-62.514520
-55.991059
-76.672334
-74.631239
-53.202581
-56.863937
-85.613100
-68.694975
-61.758317
-83.674240
-60.558493
-94.210334
-84.163319
-57.982513
-88.559546
-73.003397
-58.148696
-40.714487
-63.783064
-79.438609
-70.995776
-75.498424
-91.617562
-67.729227
-64.367248
-39.957817
-86.116597
-70.507804
-67.453038
-50.684432
-66.568884
-63.312244
-72.412127
-77.324187
-82.636365
-96.210110
-82.697418
-66.021669
-74.648263
-65.376788
-53.542264
-75.458610
-94.307303
-78.273214
-86.380427
-61.923335
-75.769414
-85.875162
-67.497588
-74.113993
-77.433374
-57.574611
-81.471827
-46.743411
-55.889125
-60.411451
-65.535501
-66.343757
-54.478387
-42.227788
-72.918782
-67.090214
-71.063058
-89.546895
-55.413384
-69.050480
-57.185316
-69.339828
-63.497335
-54.860362
-52.825331
-77.483727
-44.519422
-91.615651
-70.091063
-80.477105
-71.490671
-66.395433
-70.110819
-79.768418
-66.357072
-62.629506
-74.106064
-48.893418
-71.857288
-54.701247
-66.186847
-64.210590
-72.626040
-78.049024
-54.635728
-51.501109
-69.278783
-80.630730
-80.561311
-72.431004
-77.177443
-81.729526
-54.722979
-71.168121
-55.185303
-67.455902
-78.282356
-71.411696
-68.056552
-56.039716
-64.077855
-46.129889
-62.662644
-65.290685
-39.953574
-68.042462
-79.026902
-91.224600
-97.563590
-72.469386
-92.143416
-63.894105
-62.063030
-94.117291
-78.391818
-85.238833
-67.818535
-73.226199
-66.257307
-56.896344
-79.725022
-72.701388
-73.925408
-82.161870
-74.666425
-66.475983
-70.959781
-79.340847
-69.448968
-51.556611
-87.662661
-72.338208
-76.153961
-58.104054
-59.249013
-73.302453
-85.485260
-97.575474
-60.838918
-67.265468
-78.656184
-68.478101
-71.629804
-78.247010
-68.675905
-91.039792
-63.103326
-71.948012
-57.654850
-78.125874
-85.788478
-75.008582
-63.760776
-76.380816
-65.771079
-95.934313
