-0.002908
-1.779935
-0.122645
-0.091486
-0.032398
-0.164809
-0.010796
-0.337952
-0.197262
-0.247500
-0.652389
-0.062888
-0.460741
-0.016962
-0.216152
-0.112630
-0.067551
-0.371666
-0.373411
-0.125000
-0.021445
-0.487954
-0.221449
-0.494220
-0.368736
-0.206327
-0.103588
-0.110418
-0.159062
-0.004020
-0.057954
-0.009743
-0.000211
-0.170290
-0.122321
-0.072010
-0.751982
-0.209971
-0.358472
-0.456935
-0.420690
-0.502666
-0.509427
-0.360893
-0.034469
-0.137160
-0.718058
-0.046897
-0.010533
-0.018360
-0.466256
-0.562405
-0.076379
-0.100590
-0.091920
-0.227368
-0.125997
-0.086809
-0.624503
-0.406398
-0.078669
-0.011948
-0.167907
-0.124087
-0.060395
-0.898064
-0.379164
-0.478941
-0.100214
-0.264332
-1.048194
-1.001846
-0.096710
-0.172282
-0.164511
-0.195177
-0.403506
-0.322549
-0.220025
-0.054737
-0.153756
-1.059887
-0.003062
-0.082608
-0.085948
-0.019642
-0.405650
-0.208775
-0.026138
-0.105796
-0.157270
-0.301688
-0.226868
-0.232805
-0.111654
-0.052120
-0.224481
-0.241812
-0.225671
-0.258802
-0.245204
-0.030461
-0.382299
-0.319418
-0.069370
-0.386727
-0.321346
-0.169337
-0.296018
-0.076028
-0.182169
-0.142700
-0.223262
-0.027079
-0.135886
-0.233509
-0.687697
-0.026326
-0.010182
-0.036080
-0.140588
-0.505987
-0.145029
-0.416292
-0.314718
-0.340442
-0.012802
-0.264059
-0.030527
-0.112543
-0.193177
-0.101167
-0.314033
-0.183442
-0.485755
-0.028639
-0.188855
-0.260482
-0.370841
-0.002084
-0.063479
-0.521280
-0.778894
-0.210543
-0.365353
-0.098939
-0.048930
-0.472103
-0.140475
-0.021169
-0.277768
-0.205800
-0.398216
-0.188297
-0.030469
-0.334662
-0.056987
-0.129038
-0.114263
-0.061856
-0.092743
-0.832775
-0.394628
-0.074565
-0.037857
-0.153227
-0.817849
-0.020271
-0.088906
-1.265914
-0.010676
-0.189620
-0.321862
-0.080939
-0.363414
-0.168782
-0.049112
-0.197587
-0.087075
-0.264288
-0.521680
-0.042936
-0.512042
-0.138446
-0.029667
-0.225537
-0.448651
-0.012492
-0.121023
-0.252797
-0.187128
-0.165421
-0.108984
-0.343177
-0.843537
-0.437351
-0.484985
-0.516391
-0.179020
-0.101049
-0.135513
-0.109368
-0.110983
-0.239735
-0.157139
-1.046657
-0.111600
-0.427051
-0.170358
-0.220008
-0.168293
-0.076823
-0.656869
-0.128199
-0.641310
-0.475477
-0.086487
-0.434522
-0.030969
-0.237251
-0.148708
-0.133103
-0.039081
-1.129481
-0.155500
-0.392405
-0.084198
-0.011500
-0.220180
-0.008267
-0.069906
-0.039090
-0.073602
-0.227558
-0.253467
-0.253871
-0.343867
-0.133154
-0.198709
-0.241228
-0.627323
-0.149522
-0.009650
-0.032432
-0.066812
-0.606730
-0.114494
-0.144731
-0.180959
-0.045981
-0.215741
-0.274636
-0.128572
-1.089446
-0.731652
-0.347215
-0.013249
-0.749245
-0.580660
-0.382866
-0.286030
-0.105172
-0.231498
-0.168682
-0.126489
-0.048795
-0.502653
-0.201136
-0.269724
-0.142066
-0.501749
-0.196350
-0.215333
-0.753576
-0.045729
-1.246454
-0.138550
-0.392847
-0.086649
-0.015280
-0.055632
-0.415662
-0.502792
-0.046957
-0.259040
-0.222943
-0.172007
-0.533946
-0.183026
-0.605137
-0.055540
-0.074206
-0.133749
-0.398006
-0.154004
-0.115866
-0.276117
-0.785984
-0.006383
-1.485587
-0.082128
-0.448149
-0.071534
-0.219951
-0.744462
-0.489626
-0.083686
-0.237767
-0.048751
-0.675860
-0.483418
-0.150310
-0.394228
-0.244607
-0.049443
-0.387629
-0.648518
-0.130180
-0.131559
-0.173308
-0.197233
-0.005283
-0.134589
-0.051312
-0.043163
-0.370837
-0.045689
-0.156908
-0.202383
-0.718967
-0.656391
-0.994698
-0.445507
-0.661953
-0.030239
-0.006539
-0.999297
-0.445447
-0.280647
-0.218954
-0.030433
-0.140387
-0.061436
-0.190709
-0.079445
-0.013804
-0.044612
-0.241208
-0.138035
-0.833222
-0.395666
-0.947607
-0.064480
-0.630331
-0.178084
-0.167027
-0.335855
-0.636667
-0.273750
-0.249782
-0.306770
-0.050634
-0.700912
-0.101857
-0.061587
-0.205896
-0.233797
-0.338733
-0.156877
-0.015308
-0.256515
-0.129688
-0.127192
-0.119565
-0.482411
-0.454164
-0.017966
-0.524436
-0.098781
-0.052248
-0.497346
-0.065421
-0.283209
-0.229591
-0.565146
-0.617540
-0.115580
-0.122741
-0.082813
-0.275045
-0.350329
-0.408330
-0.185240
-0.573683
-0.089603
-0.018227
-0.081044
-0.173913
-0.031733
-0.170409
-0.109003
-0.385458
-0.127064
-0.168089
-0.432367
-0.225054
-0.049419
-0.324228
-0.209526
-0.218342
-0.284423
-0.069209
-0.105996
-0.105435
-0.300551
-0.702107
-0.146618
-0.598989
-0.596214
-0.157127
