-17.973975
-19.301909
-48.094637
-31.438023
-13.172528
-29.833284
-16.663651
-42.413433
-24.959807
-20.935122
-19.873544
-27.080647
-32.338386
-26.912142
-25.438758
-12.311013
-19.177165
-20.300771
-22.539785
-25.352651
-29.169234
-25.600308
-22.600487
-10.056751
-35.045674
-16.742940
-45.386936
-28.547607
-31.291652
-26.414501
-19.334945
-34.066430
-28.658970
-19.861614
-22.524464
-33.119066
-17.262208
-22.339232
-23.991420
-14.893947
-34.785280
-11.714684
-16.836059
-18.771934
-44.820597
-19.216348
-21.940401
-13.254489
-41.583894
-16.780370
-27.300180
-17.318533
-27.991136
-24.367297
-17.104750
-21.115762
-34.361867
-21.439736
-28.640803
-9.656399
-19.398514
-14.246278
-12.593166
-28.435986
-23.797940
-20.429084
-20.499320
-26.908002
-32.277474
-21.454520
-15.962617
-25.085528
-29.537606
-29.158814
-36.107543
-26.533616
-25.583325
-17.815232
-30.071099
-17.534846
-35.714267
-32.024535
-28.305610
-24.027934
-11.749486
-22.829080
-30.412456
-24.696566
-23.014145
-24.650760
-13.860646
-19.785728
-31.472141
-13.353325
-7.917988
-31.321384
-11.320108
-31.932624
-13.517066
-29.708352
-33.190208
-33.545703
-12.690079
-41.745589
-26.655700
-16.481712
-25.187648
-27.045019
-17.169472
-28.190463
-17.227688
-17.709804
-25.242168
-29.268499
-21.727010
-13.173692
-21.725330
-32.625800
-26.657026
-24.466264
-22.659933
-18.361042
-36.202294
-12.091357
-43.681550
-19.662067
-16.940729
-29.289971
-18.799237
-21.001054
-27.563101
-19.001469
-41.920423
-39.728803
-41.932838
-33.854269
-18.483176
-18.277370
-16.535893
-15.097467
-20.084489
-14.676524
-31.958551
-20.972886
-24.216054
-26.713047
-16.258539
-35.417585
-29.714580
-34.878585
-41.755040
-34.459544
-14.050350
-21.552713
-43.281345
-27.169901
-29.356524
-34.901654
-30.510358
-32.321471
-26.644416
-20.983464
-25.274371
-30.481737
-17.851009
-23.280380
-9.687592
-30.393171
-31.826848
-24.687915
-31.904150
-21.191665
-21.127433
-32.481239
-20.777359
-27.059516
-47.992697
-19.665008
-32.466091
-18.142257
-19.562387
-27.445236
-26.551799
-31.355293
-33.281455
-21.099777
-19.074104
-16.923429
-15.777277
-20.838670
-22.090539
-16.043779
-37.586453
-17.629466
-22.066307
-25.665481
-23.080037
-19.504103
-28.290955
-38.543891
-21.271858
-23.051890
-18.357159
-17.839201
-35.593837
-12.066784
-24.954289
-14.753449
-20.194222
-25.261130
-27.879349
-16.934508
-24.661677
-41.271169
-14.740360
-39.583544
-24.688166
-20.910589
-28.461727
-19.073318
-18.863933
-23.090589
-33.976786
-27.911711
-19.215015
-22.018642
-15.564035
-24.115163
-25.568712
-30.311988
-17.267100
-23.439333
-30.092474
-21.958757
-34.817753
-31.100727
-38.355973
-16.581966
-19.213318
-22.611992
-14.496594
-30.559859
-28.764572
-25.216289
-32.790347
-19.386711
-27.981377
-29.909789
