-38.508309
-17.195789
-29.696562
-31.267635
-29.278110
-32.084015
-30.514649
-32.297031
-16.773102
-37.357299
-15.634577
-32.444408
-29.760284
-41.930061
-36.507596
-18.817683
-17.456425
-38.331272
-32.590059
-39.555612
-15.798347
-31.466540
-25.367244
-39.085699
-60.173043
-26.890294
-63.131575
-33.204244
-25.434530
-29.511140
-34.149023
-36.499365
-23.646923
-38.173590
-24.871885
-31.114770
-21.606471
-36.997798
-25.022255
-34.875998
-26.782751
-21.641863
-21.549690
-28.480792
-29.428983
-29.505757
-33.549531
-39.525957
-21.023000
-26.951421
-27.526638
-33.976261
-26.626866
-24.840721
-17.403430
-40.936715
-30.991692
-31.229812
-27.456272
-48.161305
-32.398313
-38.296709
-30.424912
-35.749699
-38.033965
-39.076728
-13.887459
-29.909692
-14.958851
-45.554924
-37.037887
-20.788017
-21.110010
-23.747645
-21.678307
-15.715507
-18.550872
-37.447057
-21.816437
-28.311602
-20.372644
-44.147589
-12.136486
-34.581688
-29.446003
-25.759960
-30.082736
-38.779831
-21.549940
-39.955320
-30.374355
-18.368988
-28.651500
-34.091106
-20.536235
-22.631846
-31.500314
-27.981111
-36.795979
-45.406671
-17.490354
-29.823133
-35.147719
-21.889988
-48.923642
-37.343766
-26.047809
-19.590200
-27.655325
-33.453632
-40.630751
-25.717234
-35.942826
-32.797189
-27.330408
-29.983676
-20.238773
-34.058280
-18.849887
-51.233573
-36.778881
-15.717583
-27.917567
-28.237524
-16.590539
-19.186587
-28.454224
-17.769092
-31.051295
-38.286415
-17.753755
-42.291675
-31.695321
-37.757989
-25.661325
-52.934357
-28.113882
-22.669222
-35.883847
-55.608551
-13.716449
-31.051449
-27.593602
-24.174169
-26.097724
-27.262979
-10.450730
-40.622000
-32.083986
-35.169134
-34.999654
-25.605290
-23.385061
-19.630593
-16.129198
-33.553152
-18.310374
-38.259751
-39.212192
-29.974873
-21.585077
-28.002628
-41.706860
-37.266383
-37.174390
-16.394803
-25.322388
-18.857759
-39.995985
-40.526148
-12.910810
-20.106088
-17.559725
-36.652790
-27.955682
-53.894741
-25.295098
-22.170678
-31.315517
-18.836939
-21.780434
-23.268376
-21.990483
-29.399825
-40.046537
-34.745932
-36.645151
-31.325250
-35.306013
-29.290631
-19.970955
-21.256719
-35.623314
-38.609777
-41.564294
-18.415614
-18.911294
-17.795530
-33.234251
-17.237071
-22.785024
-28.362620
-41.042200
-22.150480
-34.392242
-15.909049
-33.286751
-24.743640
-23.449221
-11.549847
-15.953850
-37.466315
-40.783104
-37.545659
-44.400321
-37.326568
-50.980794
-27.575301
-27.757006
-37.664095
-41.383097
-29.087499
-19.957184
-45.082759
-23.712720
-27.249551
-18.864273
-21.820115
-31.768592
-32.177749
-13.777068
-32.685514
-32.148176
-21.374539
-26.929013
-45.186942
-25.741910
-25.594576
-26.534916
-20.701891
-23.624662
-34.236519
-37.860786
-39.768401
-19.451483
-37.623476
-28.432902
-17.456377
-31.446298
-32.360723
-19.924404
-19.826632
-53.621669
-36.026786
-48.986981
-28.427529
-25.098163
-24.425611
-7.300084
-45.265090
-37.027689
-23.727098
-43.491125
-48.134246
-32.743916
-38.594603
-34.631464
-26.949644
-42.591392
-23.770896
-31.026326
-19.267799
-22.058154
-15.276489
-30.358839
-33.018904
-36.904569
-45.317196
-39.984545
-36.237982
-29.212398
-27.253392
-15.602337
-23.214148
-19.894747
-14.903639
-32.699208
-29.875255
-24.604926
-13.369620
-26.483162
-23.574601
-31.489278
-33.918472
-37.708480
-38.738634
-31.585591
-35.323198
-27.577940
-33.828115
-24.990291
-46.693865
-29.686680
-27.893563
-11.740797
-16.274577
-39.799436
-32.224647
-39.952734
-30.854900
-33.038061
-30.085440
-21.730185
-34.362097
-48.301385
-14.200324
-32.757406
-32.104174
-35.727797
-34.868141
-36.042004
-24.832245
-34.534562
-14.388473
-27.935884
-30.615528
-44.081521
-47.401908
-25.060706
-26.097146
-25.948497
-17.172779
-21.538117
-34.464524
-42.113869
-23.868595
-22.831436
-50.410401
-44.244362
-21.145601
-43.503072
-31.081578
-35.720414
-34.421470
-36.233943
-36.141220
-37.118658
-34.015857
-20.305239
-33.328472
-42.417276
-11.806929
-30.469254
-47.725834
-29.699098
-15.593879
-36.446611
-50.224275
-36.861407
-34.786827
-35.164439
-41.074313
-25.565923
-29.213362
-24.910335
-34.046581
-23.222871
-26.556433
-29.587879
-31.382143
-40.906271
-25.308699
-13.238469
-41.576799
-24.513766
-34.011049
-12.174635
-44.177712
-41.422430
-54.718210
-34.709589
-19.133061
-22.976786
-30.808602
-34.897765
-36.597308
-37.464440
-15.929645
-36.457735
-49.092908
-34.766928
-22.377628
-46.210715
-24.142251
-28.707551
-43.667244
-17.653487
-21.222129
-22.744297
-20.230128
-36.519497
-30.340781
-16.053016
-31.416849
-40.911190
-34.043375
-48.395635
-46.097008
-42.704314
-23.917026
-15.068437
-34.594162
-39.216162
-24.734508
-16.755917
-36.687341
-36.754084
-25.336028
-29.340048
-24.337855
-49.092605
-28.772177
-31.406981
-40.353401
-25.571192
-25.913482
-42.127424
-33.533862
-19.836729
-39.328863
-17.006875
-26.740619
-38.452041
-46.480418
-22.958661
-20.024187
-26.660280
-20.688287
-21.603458
-23.859934
-39.133751
-50.106070
-30.635467
-25.755502
-26.437415
-20.081538
-38.466360
-22.137932
-29.371046
-31.782901
-26.754627
-28.081037
-28.273160
-39.668060
-22.728274
-20.699048
-27.824067
-27.998170
-35.254358
-30.689130
-31.668351
-37.699617
-24.052121
-35.003613
-18.643641
-45.349419
-16.936559
-21.236174
-30.098451
-33.612510
-34.952401
-34.492623
-48.444184
-36.796819
-24.958126
-30.499374
-24.416013
-48.320829
-45.229729
-22.723493
-25.991270
-26.014692
-32.775011
-35.929280
-25.642103
-21.167761
-46.774535
-53.173568
-39.044925
-31.780901
-20.946782
-39.619848
-27.694612
