-0.024650
-0.002575
-0.092080
-0.201703
-0.288651
-0.000137
-0.000756
-0.126522
-0.048678
-0.051766
-0.465174
-0.028960
-0.680112
-0.053451
-0.018715
-0.418286
-0.075715
-0.293467
-0.030929
-0.055687
-0.056678
-0.000520
-0.010122
-0.138933
-0.088627
-0.055350
-0.024190
-0.000233
-0.022822
-0.008041
-0.004081
-0.033784
-0.150766
-0.023016
-0.005576
-0.012965
-0.473564
-0.002985
-0.237962
-0.060212
-0.529852
-0.001077
-0.025781
-0.002466
-0.218550
-0.001182
-0.025685
-0.023559
-0.000839
-0.002179
-0.018778
-0.010394
-0.123000
-0.007794
-0.011649
-0.001147
-0.060320
-0.015965
-0.104786
-0.000016
-0.003380
-0.738368
-0.055363
-0.001696
-0.289798
-0.289986
-0.061640
-0.080852
-0.053163
-0.181205
-0.002859
-0.000802
-0.000284
-0.087786
-0.008549
-0.000264
-0.102912
-0.023550
-0.005853
-0.000520
-0.035393
-0.043317
-0.001446
-0.000985
-0.147770
-0.400286
-0.092708
-0.001011
-0.133887
-0.105204
-0.000247
-0.167463
-0.033065
-0.153680
-0.005416
-0.000094
-0.002131
-0.076562
-0.022365
-0.122920
-0.002009
-0.176191
-0.065975
-0.131941
-0.007765
-0.110103
-0.001159
-0.717792
-0.004049
-0.000090
-0.010638
-0.005727
-0.254843
-0.000034
-0.057355
-0.116167
-0.004653
-0.016573
-0.022998
-0.011979
-0.007388
-0.004323
-0.238067
-0.012458
-0.036277
-0.189838
-0.102276
-0.157426
-0.451803
-0.038122
-0.000052
-0.000040
-0.001583
-0.000564
-0.019821
-0.006074
-0.002813
-0.038349
-0.335634
-0.148070
-0.146486
-0.000411
-0.074962
-0.001899
-0.094407
-0.000035
-0.058565
-0.008376
-0.000142
-0.036967
-0.320175
-0.257300
-0.001221
-0.020635
-0.232539
-0.076388
-0.056181
-0.000088
-0.297238
-0.001707
-0.136068
-0.284914
-0.001260
-0.032838
-0.089016
-0.089878
-0.488915
-0.202036
-0.197558
-0.003626
-0.136828
-0.101077
-0.005945
-0.000904
-0.046327
-0.026668
-0.117029
-0.065926
-0.000046
-0.003144
-0.002161
-0.075083
-0.003465
-0.000559
-0.002142
-0.021281
-0.107351
-0.101692
-0.220578
-0.014964
-0.001733
-0.001560
-0.000839
-0.016100
-0.034014
-0.019354
-0.017202
-0.004145
-0.029267
-0.035925
-0.024694
-0.140812
-0.112401
-0.001615
-0.021711
-0.119588
-0.098705
-0.005726
-0.000828
-0.010114
-0.059346
-0.001441
-0.001012
-0.001440
-0.217745
-0.003295
-0.003520
-0.001427
-0.015556
-0.133033
-0.260353
-0.000052
-0.056485
-0.060221
-0.009848
-0.620622
-0.010870
-0.011398
-0.045788
-0.018261
-0.005079
-0.016119
-0.278147
-0.000104
-0.190362
-0.000087
-0.008375
-0.133954
-0.000461
-0.678040
-0.072687
-0.062539
-0.002999
-0.002071
-0.001369
-0.000376
-0.043052
-0.000409
-0.024033
-0.001915
-0.027951
-1.118409
-0.042431
-0.000049
-0.002704
-0.000503
-0.614306
-0.002522
-0.134183
-0.058004
-0.001884
-0.000371
-0.536430
-0.812804
-0.013904
-0.015852
-0.022606
-0.008522
-0.583917
-0.042254
-0.653344
-0.167285
-0.171184
-0.012862
-0.005051
-0.031996
-0.006163
-0.008993
-0.200378
-0.001718
-0.021384
-0.019411
-0.068451
-0.056907
-0.021437
-0.029338
-0.182786
-0.116370
-0.004668
-0.000118
-0.082611
-0.378903
-0.080337
-0.125809
-0.352091
-0.000400
-0.003299
-0.132013
-0.037499
-0.042806
-0.044766
-0.003233
-0.045859
-0.006093
-0.107373
-0.001791
-0.844189
-0.030077
-0.146840
-0.371953
-0.060250
-0.035706
-0.269066
-0.004162
-0.684049
-0.001499
-0.170042
-0.073907
-0.970553
-0.001803
-0.002551
-0.000011
-0.000136
-0.028418
-0.085213
-0.528974
-0.051253
-0.022077
-0.057465
-0.013011
-0.008859
-0.028730
-0.007771
-0.433662
-0.003380
-0.360683
-0.045223
-0.108747
-0.171648
-0.022027
-0.234360
-0.000476
-0.004813
-0.521548
-0.011821
-0.039324
-0.104948
-0.058824
-0.089815
-0.010363
-0.000386
-0.048898
-0.676823
-0.005284
-0.138662
-0.157864
-0.003631
-0.456576
-0.012212
-0.001067
-0.004060
-0.093165
-0.023743
-0.000867
-0.086036
-0.513028
-0.003085
-0.029777
-0.012099
-0.190342
-0.001750
-0.064308
-0.117887
-0.009073
-0.409204
-0.045634
-0.048557
-0.030118
-0.058827
-0.026263
-0.001919
-0.103186
-0.185632
-0.268335
-0.017374
-0.354790
-0.018417
-0.000025
-0.052314
-0.094591
-0.000045
-0.051594
-0.028371
-0.049271
-0.039647
-0.001179
-0.001163
-0.174572
-0.000289
-0.093981
-0.000497
-0.023292
-0.235794
-0.000178
-0.015923
-0.077556
-0.072881
-0.062549
-0.074803
-0.186446
-0.001635
-0.039572
-0.004966
-0.097448
-0.016416
-0.027928
-0.076611
-0.109467
-0.226238
-0.008860
-0.051608
-0.062345
-0.018911
-0.009175
-0.068342
-0.354999
-0.496092
-0.009312
-0.509366
-1.632381
-0.008266
-0.007837
-0.242003
-0.667053
-0.101853
-0.008230
-0.075576
-0.000768
-0.011583
-0.002960
-0.000745
-0.106388
-0.015263
-0.001167
-0.064046
-0.008451
-0.000408
-0.055214
-0.082747
-0.009523
-0.073074
-0.083688
-0.352887
-0.050356
-0.022695
-0.000927
-0.202246
-0.011302
-0.442329
-0.067176
-0.069984
-0.662160
-0.227587
-0.453496
-0.063067
-0.050289
-0.154922
-0.706803
-0.002703
-0.093154
-0.241525
-0.005883
-0.143993
-0.008643
-0.014739
-0.011541
-0.005156
-0.050886
-0.011921
-0.640580
-0.005318
-0.050165
-0.005323
-0.013708
-0.452158
-0.031055
-0.004321
-0.102141
-0.019490
-0.461894
-0.001696
-0.060574
-0.085223
-0.000120
-0.004695
-0.132806
-0.357634
-0.017210
-0.067364
-0.417852
-0.011198
-0.008526
-0.003264
-0.005765
-0.001169
-0.008922
-0.137362
-0.042202
-0.040768
-0.187786
-0.056125
-0.000031
-0.221020
-0.066940
-0.017730
-0.002886
-0.147801
-0.199518
-0.046114
-0.000562
-0.000113
-0.038445
-0.017135
-0.031227
-0.087530
-0.241588
-0.047643
-0.015790
-0.019472
-0.000035
-0.008813
-0.011221
-0.005198
-0.007115
-0.484499
-0.002209
-0.020181
-0.021992
-0.002990
-0.037511
-0.112543
-0.000369
-0.014877
-0.372845
-0.007603
-0.046272
-0.417464
-0.258516
-0.204766
-0.006101
-0.157903
-0.094119
-0.018247
-0.032666
-0.135991
-0.042680
-0.000531
-0.077980
-0.055624
-0.118453
-0.054720
-0.443726
-0.018464
-0.028857
-0.000010
-0.043344
-0.008687
-0.003590
-0.001647
-0.011271
-0.006858
-0.000465
-0.030366
-0.059114
-0.000209
-0.000061
-0.075182
-0.005422
-0.002728
-0.001281
-0.009028
-0.041544
-0.011961
-0.011663
-0.019030
-0.354125
-0.254969
-0.007875
-0.020815
-0.002469
-0.028650
-0.027423
-0.042341
-0.011884
-0.091505
-0.001427
-0.000551
-0.006342
-0.000497
-0.000087
-0.106328
-0.457380
-0.075932
-0.508588
-0.014550
-0.006283
-0.000758
-0.248931
-0.000588
-0.125082
-0.002944
-0.008011
-0.005466
-0.000909
-0.003344
-0.000289
-0.108801
-0.002352
-0.000482
-0.062147
-0.018181
-0.001314
-0.081757
-0.000022
-0.146126
-0.001621
-0.163861
-0.138917
-0.005970
-0.011944
-0.115837
-0.063160
-0.151384
-0.361578
-0.544167
-0.002953
-0.009514
-0.115888
-0.015297
-0.000818
-1.131654
-0.143915
-0.019997
-0.196732
-0.000275
-0.001128
-0.001448
-0.266822
-0.101771
-0.494708
-0.002711
-0.010191
-0.007328
-0.247241
-0.186938
-0.056989
-0.013058
-0.000410
-0.001496
-0.168145
-0.055642
-0.000120
-0.063231
-0.325875
-0.074942
-0.018992
-0.005482
-0.004688
-0.037206
-0.006605
-0.001495
-0.008218
-0.139468
-0.000007
-0.001393
-0.048540
-0.004555
-0.019976
-0.012130
-0.094817
-0.015266
-0.000351
-0.000594
-0.000001
-0.123067
-0.442325
-0.002942
-0.069406
-0.411073
-0.001410
-0.078743
-0.001723
-0.000837
-0.015480
-0.028494
-0.039081
-0.002092
-0.139459
-0.013512
-0.054450
-0.000201
-0.580341
-0.042158
-0.000800
-0.059470
-0.024530
-0.004779
-0.207707
-0.072565
-0.000851
-0.335597
-0.000088
-0.006500
-0.232465
-0.233487
-0.235129
-0.000321
-0.012314
-0.010756
-0.015152
-0.000138
-0.101569
-0.095271
-0.161020
-0.164675
-0.018051
-0.027868
-0.476337
-0.105554
-0.033849
-0.148070
-0.000098
-0.006761
-0.134363
-0.053981
-0.001286
-0.441484
-0.011095
-0.032502
-0.155615
-0.180758
-0.323784
-0.048853
-0.008793
-0.331016
-0.007005
-0.013247
-0.320756
-0.009214
-0.358419
-0.065700
-0.120831
-0.042167
-0.022104
-0.011499
-0.000125
-0.010628
-0.310441
-0.016212
-0.154714
-0.001289
-0.045763
-0.002666
-0.000735
-0.037910
-0.063028
-0.000903
-0.000101
-0.003480
-0.139849
-0.013699
-0.005972
-0.016181
-0.045913
-0.171844
-1.014140
-0.544749
-0.000535
-0.000588
-0.101332
-0.002446
-0.047127
-0.003830
-0.000435
-0.034304
-0.005857
-0.115349
-0.004989
-0.009979
-0.033019
-0.078325
-0.647276
-0.000096
-0.000468
-0.002550
-0.041670
-0.004375
-0.001610
-0.000005
-0.066997
-0.001329
-0.035640
-0.000063
-0.018642
-0.000392
-0.004984
-0.004220
-0.012781
-0.244540
-0.082061
-0.025029
-0.009083
-0.021056
-0.008368
-0.005492
-0.025132
-0.035237
-0.000050
-0.000269
-0.009695
-0.017265
-0.002649
-0.000058
-0.005888
-0.027031
-0.046972
-0.018974
-0.000334
-0.026205
-0.010857
-0.206637
-0.155281
-0.102124
-0.000082
-0.160592
-0.012049
-0.015701
-0.001371
-0.026279
-0.044805
-0.019043
-0.273684
-0.007649
-0.028788
-0.337516
-0.235142
-0.007634
-0.004528
-1.657666
-0.212102
-0.331273
-0.015049
-0.010171
-0.001437
-0.000054
-0.011376
-0.000124
-0.013287
-0.085564
-0.006355
-0.292155
-0.088636
-0.002050
-0.106804
-0.584732
-0.164045
-0.120868
-0.035493
-0.005254
-0.010977
-0.076555
-0.002905
-0.055345
-0.201746
-0.015130
-0.047332
-0.004638
-0.004211
-0.262194
-0.003184
-0.002353
-0.004185
-0.009022
-0.007073
-0.000016
-0.012476
-0.170221
-0.079135
-0.005403
-0.000487
-0.014495
-0.016149
-0.055868
-0.464168
-0.001926
-0.033863
-0.040070
-0.020201
-0.013609
-0.180336
-0.039836
-0.007954
-0.111063
-0.008216
-0.000094
-0.045254
-0.009391
-0.013704
-0.062140
-0.001350
-0.321175
-0.069563
-0.005386
-0.034107
-0.151440
-0.000021
-0.067515
-0.000338
-0.022412
-0.002297
-0.001536
-0.000051
-0.005861
-0.228596
-0.000682
-0.000083
-0.078355
-0.017479
-0.002017
-0.004123
-0.008595
-0.306083
-0.017707
-0.012991
-0.160268
-0.223158
-0.002008
-0.192283
-0.013842
-0.092173
-0.026109
-0.010626
-0.000929
-1.258816
-0.001811
-0.406332
-0.017760
-0.005172
-0.003216
-0.007006
-0.035736
-0.002234
-0.008384
-0.029404
-0.041081
-0.164185
-0.659797
-0.065353
-0.235430
-0.011139
-0.177654
-0.015930
-0.015890
-0.054955
-0.196916
-0.281070
-0.120601
-0.006600
-0.050903
-0.000859
-0.003634
-0.006673
-0.749860
-0.037523
-0.007180
-0.005032
-0.008523
-0.000070
-0.000562
-0.011191
-0.000322
-0.017893
-0.000827
