-271.382337
-234.414722
-215.480344
-256.291722
-201.452318
-235.087953
-270.019111
-231.243066
-250.660809
-272.634836
-201.948758
-241.568679
-250.954588
-241.857640
-255.073163
-253.825826
-238.455037
-201.175787
-191.213165
-245.224829
-244.712221
-193.671509
-255.638730
-221.288009
-277.563685
-288.578184
-229.711164
-227.693938
-240.095214
-203.535838
-224.812000
-219.026214
-223.671790
-268.078935
-250.580475
-258.006542
-253.258813
-309.044473
-268.523159
-251.728107
-244.256769
-229.219728
-250.059994
-259.096220
-288.176408
-218.054258
-238.737787
-262.725524
-193.703240
-233.457030
-267.681071
-243.008523
-213.169145
-294.606361
-298.118582
-208.614534
-285.418563
-272.845576
-209.026710
-245.230479
-220.263231
-283.061492
-252.990518
-182.137857
-245.363916
-261.141396
-298.484156
-281.434731
-215.062254
-273.275405
-262.691801
-223.516144
-295.787520
-266.965715
-193.330841
-193.213792
-193.065014
-306.706769
-247.597964
-280.965914
-241.938502
-236.784730
-252.526634
-242.926222
-276.502863
-204.949831
-233.990903
-230.012998
-230.818615
-237.119469
-180.480892
-241.085564
-250.134924
-217.223137
-232.952496
-260.809603
-269.497704
-224.443254
-222.352107
-243.038082
-307.147072
-206.756874
-267.299479
-199.870234
-249.718996
-244.459590
-208.109528
-232.851111
-226.093722
-242.093711
-211.495387
-277.033177
-245.056346
-184.382420
-214.882901
-235.043588
-220.906152
-299.944542
-186.931256
-199.384863
-269.289258
-197.806702
-286.408423
-237.574617
-273.431302
-195.953395
-290.529017
-210.477052
-274.306804
-263.279235
-263.271595
-230.728177
-200.303598
-260.220443
-247.694600
-185.496320
-213.926065
-272.918129
-207.294690
-217.034309
-249.369615
-202.830116
-189.629844
-233.883700
-234.992099
-278.141431
-188.327194
-247.597254
-258.194083
-213.383518
-252.372423
-269.799227
-194.666919
-200.396819
-247.445998
-242.888170
-252.414302
-233.320221
-283.639874
-267.789342
-243.917489
-206.539449
-227.638332
-249.071576
-326.284061
-266.339898
-216.431811
-228.044208
-258.355014
-192.156475
-201.408839
-311.910742
-267.374208
-288.513413
-212.794104
-183.997742
-210.740266
-272.103830
-208.531904
-255.482822
-268.045053
-269.853491
-239.422432
-222.454397
-317.125397
-275.606456
-286.389701
-230.540297
-186.044506
-228.403055
-211.177376
-272.527509
-235.206316
-226.718351
-248.532402
-255.020070
-268.455351
-254.858891
-291.746882
-286.546161
-201.324243
-304.840213
-255.632502
-251.330106
-213.769118
-251.835105
-264.017250
-311.632227
-244.224652
-227.827095
-262.747250
-227.676555
-239.237294
-257.073611
-303.457242
-225.048223
-225.279855
-213.623993
-278.713542
-273.791248
-203.507243
-265.509411
-276.270536
-243.329564
-241.620463
-225.590889
-183.399846
-236.052825
-251.138622
-235.651502
-240.838093
-260.616743
-236.363218
-295.239133
-240.866980
-288.711473
-236.916432
-198.689820
-210.401319
-206.406870
-320.818027
-216.362039
-298.642554
-235.515916
-341.202727
-290.928239
-238.981872
-242.258958
-250.487136
-226.158634
-285.916556
-231.343375
-223.359959
-233.246857
-253.916063
-230.607719
-230.414534
-249.255532
-168.638952
-289.060793
-194.180220
-281.911335
-179.921088
-239.223345
-178.094035
-248.776848
-189.966518
-290.444221
-234.107029
-252.282613
-237.433296
-193.481525
-237.038097
-268.285753
-230.571664
-204.464404
-287.261659
-250.672502
-195.777388
-224.204573
-226.932175
-251.598107
-256.123499
-251.084581
-270.808836
-255.517182
-240.761492
-211.645925
-183.470782
-230.729465
-204.016412
-268.788285
-270.904048
-279.678028
-194.152022
-289.147901
-264.386415
-252.522266
-213.268483
-218.674887
-294.393724
-267.060237
-274.462733
-220.106116
-250.529661
-286.289604
-270.352986
-247.525527
