-49.920401
-25.361020
-22.286897
-17.592442
-41.223194
-31.879101
-32.746868
-25.966923
-40.005310
-19.657102
-38.741700
-42.477101
-37.458560
-28.456423
-39.997514
-44.663915
-31.106392
-34.291547
-48.461695
-22.623911
-23.870799
-48.929436
-26.927532
-32.695442
-28.874530
-37.861999
-19.986033
-32.879405
-34.955393
-43.175446
-35.960872
-35.985315
-40.293754
-25.950818
-30.371974
-39.957774
-35.125254
-36.049321
-34.910747
-32.767953
-23.659561
-32.211335
-31.564613
-43.631927
-49.618447
-42.869561
-36.560281
-40.346434
-31.933561
-36.395285
-28.532842
-31.490826
-27.852629
-35.711553
-43.619221
-41.688004
-31.614884
-27.640186
-30.407798
-38.795999
-36.780148
-32.531014
-24.754469
-26.437288
-32.938845
-30.186130
-29.994671
-31.311266
-23.266116
-21.285094
-36.466403
-24.688941
-17.414748
-41.694155
-38.150427
-26.666076
-27.406766
-38.047076
-28.686719
-27.905112
-22.703328
-36.625396
-15.784708
-28.824278
-19.387368
-37.921887
-26.946741
-26.359377
-33.401024
-29.026064
-27.441400
-31.837575
-33.743920
-31.142222
-28.060370
-34.339671
-35.138987
-32.984947
-45.345882
-28.483263
-41.314748
-26.640471
-36.016197
-42.347368
-35.308611
-37.503285
-32.553306
-31.749854
-36.071538
-40.824068
-27.724007
-22.835854
-43.203146
-36.319938
-23.719624
-34.632982
-16.790849
-34.738295
-26.511819
-43.637587
-44.644042
-26.006567
-44.412039
-36.403033
-24.025038
-30.051434
-46.636365
-40.488956
-37.229160
-31.311156
-31.457425
-24.851503
-33.329199
-31.757284
-33.941221
-35.487243
-37.844691
-39.435890
-35.367155
-35.306269
-39.293676
-33.102795
-35.140485
-27.212346
-19.069169
-16.916741
-36.003995
-27.781941
-35.470982
-17.421043
-40.366971
-39.430781
-15.034042
-43.935886
-28.588769
-26.707471
-39.025096
-40.580289
-45.453713
-37.243950
-32.213351
-23.941611
-30.996139
-27.475543
-49.018807
-30.355870
-19.964889
-46.495599
-32.092017
-26.805864
-38.320960
-22.368573
-42.285510
-26.549281
-32.695807
-26.383068
-26.889573
-29.695838
-14.860734
-16.951201
-18.615376
-26.085973
-33.160500
-20.136887
-33.639452
-30.995308
-31.516612
-30.321707
-29.454483
-39.764897
-16.372072
-19.989970
-33.288121
-28.872022
-33.346035
-38.690410
-14.171176
-20.813627
-31.110813
-34.979062
-41.783543
-33.147750
-37.978677
-36.650627
-32.295410
-39.760938
-25.866399
-41.496963
-15.417745
-18.470132
-39.753916
-44.290780
-27.583142
-36.694244
-40.216742
-21.886282
-39.358732
-32.439397
-33.931009
-31.060902
-30.309308
-34.619204
-21.905746
-44.422549
-26.083294
-45.292484
-20.063734
-33.988227
-42.472379
-26.302565
-30.992998
-34.872277
-40.226324
-28.455964
-23.491904
-22.978067
-27.719038
-31.325064
-29.312452
-32.378124
-32.782921
-32.606538
-37.380277
-32.808701
-33.445283
-41.396391
-26.381978
-31.225330
-27.928453
-32.271036
-46.885751
-23.803009
-42.186906
-34.763238
-24.527905
-32.517456
-22.044110
-32.386682
-39.860567
-24.816288
-47.107430
-24.531383
-29.336680
-33.884342
-34.726663
-22.068755
-40.798185
-31.263064
-35.002316
-25.282632
-28.229042
-39.781121
-44.924261
-19.241172
-42.633312
-40.148128
-25.039679
-35.835203
-24.030773
-37.281816
-35.257579
-21.955787
-28.865702
-13.837996
-28.956555
-27.661734
-34.482781
-10.851508
-33.116379
-31.360339
-23.055516
-26.487280
-48.554732
-21.961867
-40.980582
-38.049200
-37.345546
-34.086567
-20.037904
-28.603731
-24.233717
-24.892739
-31.061653
-48.340137
-33.491115
-20.944601
-36.428543
-24.535930
-51.217919
-28.079345
-29.470739
-29.319435
-29.982079
-30.050313
-32.493669
-35.730690
-47.668121
-19.476643
-14.475667
-38.640932
-35.651242
-42.153164
-37.913862
-30.971220
-25.885176
-38.085280
-33.986649
-26.191248
-39.592178
-39.497275
-27.030784
-41.867297
-39.876046
-10.806713
-34.970427
-41.836817
-25.462726
-27.864436
-23.660813
-32.990921
-31.575602
-32.076394
-35.991696
-36.054039
-45.716877
-36.902123
-29.855925
-25.969969
-25.156116
-41.086823
-27.754345
-21.504012
-26.927563
-33.212248
-31.623383
-39.318812
-24.486812
-35.764129
-23.074007
-27.234281
-30.930784
-43.751186
-28.998054
-51.826399
-36.468252
-28.006778
-20.495637
-27.565029
-35.551442
-23.577032
-24.421767
-36.482258
-28.394286
-20.624407
-38.552289
-27.848145
-22.449686
-21.509165
-36.468857
-33.770214
-34.647764
-30.339075
-39.624693
-26.972662
-33.733740
-28.103143
-13.257478
-36.796014
-25.608064
-44.734749
-37.082191
-23.950136
-31.687722
-36.084392
-33.870083
-19.463909
-27.426140
-39.011673
-15.940954
-32.490500
-36.455768
-28.464706
-34.869618
-21.239726
-26.682441
-27.104284
-28.149077
-36.102376
-28.669619
-19.896509
-43.214661
-35.218672
-48.244385
-28.630590
-54.723364
-26.931583
-28.878376
-34.677042
-30.126532
-32.782715
-23.708295
-28.917975
-35.534648
-31.722077
-45.739629
-33.494716
-42.721222
-31.984463
-28.233124
-39.350066
-41.646308
-26.057708
-27.395684
-41.651869
-34.783059
-37.059062
-25.728705
-29.172544
-24.430553
-17.857301
-37.341382
-39.626890
-31.170867
-31.710424
-29.518986
-49.061512
-31.682844
-39.414563
-28.029919
-33.226620
-16.642942
-20.178032
-27.549125
-27.590368
-22.038539
-49.897412
-17.554676
-29.367554
-30.924554
-23.797091
-29.745243
-18.513424
-35.986490
-29.674063
-36.518491
-28.594821
-31.068342
-24.706520
-28.001903
-39.744863
-28.405518
-29.633393
-30.290651
-26.405781
-29.128844
-39.651506
-32.384178
-26.141439
-45.616773
-21.621368
-30.169576
-30.382646
-32.599191
-33.840477
-42.882119
-30.149515
-55.766290
-18.420497
-24.113462
-21.195636
-33.774705
-26.464419
-36.324528
-40.763247
-14.342589
-43.826553
-26.589459
-35.328082
-37.711548
-44.326836
-36.688137
-33.680494
-37.262766
-33.362184
-38.225124
-28.693871
-16.981604
-32.407578
-23.230223
-19.516453
-31.889533
-8.998784
-25.876385
-34.507557
-27.258118
-24.305251
-28.253354
-33.523956
-28.648337
-33.714894
-28.072568
-33.906239
-30.132997
-27.001594
-34.161227
-39.687429
-22.651796
-34.358375
-28.709270
-27.613176
-35.377453
-40.181570
-21.417883
-18.228559
-20.961909
-38.887640
-35.877300
-38.333904
-33.546554
-30.945089
-24.257323
-27.622320
-38.494613
-36.360701
-29.817129
-21.577863
-22.479173
-29.432975
-36.712216
-34.762787
-32.369822
-44.164529
-13.532321
-27.070321
-32.893560
-39.506780
-34.147971
-24.346429
-27.685680
-22.295657
-30.625255
-35.864737
-19.632459
-29.541075
-29.292879
-22.013072
-28.663381
-31.027980
-31.118677
-24.412600
-24.598129
-35.905011
-24.839959
-47.659416
-29.900406
-29.987445
-19.236458
-38.704055
-48.113332
-28.131062
-30.284999
-37.012900
-43.932359
-29.111837
-20.085911
-10.659745
-27.770924
-28.564313
-34.048735
-28.964193
-18.875150
-22.084205
-26.174954
-34.730627
-31.032505
-46.855297
-30.031891
-51.743726
-26.026204
-24.967234
-34.074327
-22.012051
-28.332816
-44.845639
-15.422324
-46.544444
-31.777248
-40.006437
-20.968114
-20.153459
-35.148538
-18.304667
-33.069027
-38.544219
-36.017754
-29.960820
-45.281694
-31.634031
-34.779033
-23.027853
-36.267903
-38.631463
-29.602494
-34.833843
-38.417293
-37.091380
-37.357323
-45.097555
-39.400802
-44.762050
-20.059449
-33.654120
-21.508613
-25.552005
-30.080796
-39.983117
-22.744796
-43.172974
-33.513428
-38.689094
-23.691216
-29.907471
-28.266548
-28.085301
-53.328539
-22.684883
-30.904862
-27.355320
-29.468760
-23.627395
-35.680478
-42.382192
-39.357519
-22.210269
-43.233109
-40.065982
-33.639594
-17.646378
-37.695166
-13.979431
-22.167260
-37.894474
-29.484374
-24.862394
-33.436639
-33.428037
-31.005985
-28.648024
-24.214519
-34.208352
-36.037254
-38.576285
-37.812859
-39.972049
-30.699749
-44.570666
-28.464005
-49.576292
-37.369444
-44.392234
-33.265440
-32.460640
-46.877006
-31.053098
-31.082067
-38.286452
-38.193226
-29.665574
-34.208573
-33.119282
-40.689071
-31.248995
-36.680163
-23.588788
-38.214068
-43.448687
-40.210211
-32.905200
-24.311550
-26.694869
-29.981827
-45.700507
-34.016191
-30.626959
-37.510290
-38.372350
-19.104143
-26.558578
-28.751082
-20.152027
-39.302339
-26.866581
-31.686025
-20.849727
-28.914082
-39.733164
-41.505030
-31.069945
-27.891128
-46.769168
-37.109225
-38.887213
-32.535107
-18.574516
-34.124171
-48.252286
-34.134605
-21.038849
-37.257806
-24.133317
-44.395542
-16.745440
-31.617882
-28.840602
-21.421874
-36.779232
-37.726950
-33.441996
-26.212605
-24.308957
-29.853961
-46.006443
-20.614178
-30.780684
-34.049235
-28.144646
-35.073565
-26.930118
-44.493355
-30.458308
-19.101592
-39.398920
-26.029778
-31.505129
-26.174262
-33.221228
-35.690278
-30.920314
-38.338180
-28.597974
-22.288857
-33.248443
-29.552213
-39.980636
-33.163406
-34.202785
-26.164775
-19.776115
-24.749435
-38.820034
-33.187620
-30.415658
-21.258024
-30.767574
-13.304401
-33.992373
-33.245243
-35.944322
-45.786442
-37.656035
-28.116383
-24.827425
-20.352242
-27.562666
-31.858447
-33.070925
-26.690433
-34.417726
-29.770462
-36.217549
-38.037201
-32.071681
-36.445335
-38.175191
-39.053877
-32.758991
-11.886549
-20.311135
-38.710171
-45.959347
-40.525360
-35.945356
-49.814046
-34.013941
-27.383406
-33.675344
-36.498130
-35.306393
-46.994323
-23.152263
-23.137246
-23.903508
-29.021947
-42.787030
-16.582979
-34.292555
-27.894061
-27.885523
-26.770317
-35.627177
-40.598125
-51.281184
-38.634743
-36.650920
-39.585476
-35.166929
-23.156837
-34.617805
-18.621183
-34.230082
-38.480028
-40.243601
-32.563412
-26.439004
-36.987464
-23.045259
-36.334087
-28.026858
-25.403836
-22.119571
-34.527042
-25.149358
-36.853850
-34.752575
-40.939534
-47.952343
-11.128293
-33.788653
-30.353254
-42.221796
-38.106537
-21.471966
-38.857955
-26.251448
-36.323893
-32.987729
-26.499887
-34.979634
-41.194096
-38.658238
-29.502272
-43.434192
-27.273260
-21.722610
-31.400237
-40.211457
-33.984292
-26.029986
-41.966609
-43.659366
-19.284445
-25.398598
-31.826989
-31.374361
-43.629998
-27.819041
-40.468168
-35.401106
-24.537371
-32.611380
-41.261670
-37.553158
-42.761210
-18.063112
-41.716340
-44.606907
-26.577898
-32.842168
-28.524424
-46.817863
-21.418265
-26.376451
-31.818003
-36.442547
-36.968632
-21.912462
-11.646967
-24.349694
-31.542368
-32.170632
-34.884044
-33.336684
-34.567971
-29.252080
-29.035459
-31.143574
-23.396958
-30.047066
-26.108287
-39.004716
-30.354218
-30.425050
-30.226610
-31.159173
-22.425173
-32.820513
-33.049444
-45.178540
-47.835895
-23.714535
-24.449505
-30.418924
-27.833565
-42.750206
-39.280054
-40.403368
-17.080172
-27.378655
-43.990436
-36.940082
-32.907278
-33.873906
-40.604665
