-42.835142
-33.932175
-58.129208
-34.376051
-27.233635
-56.951594
-57.258878
-21.256986
-20.300422
-16.939794
-25.893147
-36.712620
-51.257648
-23.434259
-29.937698
-39.356581
-33.718652
-23.349121
-55.207090
-41.797515
-43.843721
-39.965416
-27.343704
-31.721636
-30.771085
-22.155669
-25.069548
-42.771490
-47.680501
-39.464051
-25.364770
-41.552138
-45.389799
-36.909993
-28.436794
-31.922309
-35.839598
-29.238404
-39.600273
-17.961241
-31.428570
-22.547619
-46.652680
-57.581207
-74.520660
-42.364582
-25.265388
-26.650391
-36.328185
-63.421096
-20.606007
-45.893985
-23.009819
-22.390561
-31.025151
-44.278069
-47.112309
-45.222281
-23.128846
-14.181020
-32.190104
-48.955907
-50.663609
-24.598485
-21.967417
-37.861649
-16.425028
-25.206883
-17.425601
-21.172266
-22.247955
-45.649143
-46.314015
-16.672101
-34.387668
-24.543514
-39.273538
-54.965479
-40.603321
-41.487584
-35.049182
-27.064373
-39.309025
-42.604964
-45.990084
-36.477307
-41.677857
-22.540264
-25.624382
-20.446913
-22.265225
-41.061110
-37.906927
-21.188260
-34.163896
-16.127445
-32.625234
-24.897713
-35.690246
-34.366128
-32.189120
-46.228383
-50.412046
-48.929854
-24.985455
-40.651039
-37.415007
-28.008025
-23.244595
-25.327121
-29.822227
-17.990773
-34.419450
-28.738161
-33.847431
-23.654194
-41.908531
-29.495509
-42.437798
-36.840762
-17.659306
-20.853237
-33.653084
-43.000284
-34.394904
-32.153003
-65.559966
-34.143052
-30.224163
-42.360059
-29.731256
-33.288845
-44.372209
-29.654612
-38.198591
-31.454895
-44.488231
-36.581966
-29.823446
-40.952190
-24.643724
-53.614203
-54.527639
-45.559000
-24.725639
-41.658730
-48.905257
-41.766925
-29.066629
-21.948380
-36.245143
-35.648841
-20.615903
-39.614179
-43.894774
-33.536992
-36.616053
-38.945068
-30.847929
-33.099421
-50.814028
-55.894600
-28.538434
-53.726072
-30.492409
-30.536766
-35.047354
-27.691988
-27.454765
-32.521813
-54.775064
-30.093461
-28.514862
-20.427388
-37.623695
-54.419498
-21.258514
-34.853224
-29.695198
-37.594711
-33.502392
-33.637142
-40.019810
-45.349942
-35.988629
-17.874613
-26.369994
-37.439956
-36.283189
-33.141083
-50.324318
-47.214666
-35.452236
-49.506232
-39.101028
-40.870803
-40.117600
-27.310786
-33.862589
-40.685281
-26.067849
-25.962387
-36.441449
-33.228369
-37.627708
-45.398503
-20.493031
-40.685291
-42.919405
-25.960159
-57.870630
-33.920612
-24.595616
-30.585424
-31.639933
-40.695522
-20.860254
-18.539385
-31.606610
-40.572258
-32.880711
-50.044306
-37.819591
-29.477951
-41.933879
-35.710141
-33.205116
-48.326446
-17.013423
-26.298611
-30.427910
-25.792043
-49.199181
-35.601734
-36.629996
-27.784880
-43.314182
-44.149337
-32.210696
-35.226408
-27.781024
-45.879256
-59.475152
-40.145227
-21.723073
-47.185799
-39.283302
-46.536553
-51.397583
-23.370448
-20.600696
-59.003020
-25.632116
-40.253796
-58.044295
-17.569257
-19.550156
-22.185575
