-107.076899
-131.733049
-80.913183
-104.660610
-93.939111
-98.796136
-112.798871
-108.866895
-87.046850
-86.288087
-92.048008
-123.408699
-98.198619
-113.205204
-83.270487
-80.513832
-92.163649
-112.556660
-135.972410
-86.479050
-112.586727
-129.133042
-93.829364
-78.078109
-87.223781
-105.458905
-103.893206
-95.330353
-104.111128
-125.118952
-78.224452
-99.299688
-107.789151
-106.692895
-128.431116
-80.932031
-87.003788
-74.711692
-95.805633
-80.296805
-106.511265
-93.189240
-68.154485
-76.588758
-73.891419
-74.755961
-106.944942
-111.987146
-102.190217
-100.740435
-71.655689
-104.158858
-105.408642
-101.711208
-96.446490
-92.523665
-123.263679
-133.119571
-109.651078
-107.523270
-93.330132
-98.666203
-98.970637
-102.521366
-114.610781
-93.757578
-90.165031
-108.633448
-111.735532
-98.771777
-108.202446
-96.352983
-131.887799
-94.972300
-119.033358
-110.764715
-115.606297
-117.828570
-134.343563
-94.677011
-79.663382
-89.820676
-88.040223
-84.595132
-111.964170
-92.771836
-74.916380
-102.846694
-102.280004
-98.498327
-116.956580
-105.032017
-100.899539
-97.229317
-104.424021
-83.136557
-113.661356
-88.871201
-81.924043
-79.618738
-127.899080
-113.872231
-117.645176
-73.073877
-82.940364
-102.437089
-77.463200
-96.439721
-105.417730
-64.227640
-91.337063
-105.870474
-154.047148
-127.102793
-124.924220
-71.486383
-106.919280
-80.715113
-78.603364
-120.928238
-92.078775
-89.287135
-120.956699
-150.131939
-88.536920
-124.095536
-108.706835
-107.514498
-97.450426
-97.653487
-102.673602
-116.648583
-107.476871
-68.075199
-110.477188
-71.291975
-113.936005
-88.892855
-64.268227
-90.023093
-104.523261
-107.611820
-107.352208
-100.217981
-81.900784
-89.464633
-80.572590
-100.242927
-86.565036
-101.098206
-106.566621
-114.661491
-135.333885
-145.848196
-81.269874
-124.451536
-126.037057
-77.487224
-95.693010
-92.085479
-134.905917
-96.002933
-80.369701
-111.936433
-93.601702
-86.433109
-96.218469
-108.927739
-95.741183
-76.139334
-132.527807
-96.334785
-94.548818
-109.869328
-87.780141
-112.911467
-117.163888
-67.421671
-83.571404
-111.527939
-81.118066
-81.526171
-91.257504
-115.380189
-87.056817
-74.301045
-133.048850
-116.154655
-100.802438
-109.593015
-114.684184
-108.482210
-87.537058
-96.175145
-70.853685
-88.621300
-121.222300
-75.442585
-96.077277
-82.410564
-99.994624
-94.983727
-90.502525
-106.504275
-127.764763
-80.940399
-123.030280
-114.884582
-85.233685
-77.663470
-96.837690
-89.487165
-113.600085
-113.326143
-95.199440
-94.711713
-93.763649
-106.440449
-130.663598
-125.489222
-112.200310
-83.302448
-97.876111
-95.770739
-91.637443
-56.570202
-82.260068
-90.369229
-115.620357
-111.528056
-108.213650
-85.987087
-86.913011
-92.706591
-102.459869
-98.766797
-75.745563
-77.932062
-101.853279
-75.361942
-104.094396
-95.129400
-119.981416
-104.558696
-124.784756
-82.413561
-77.964232
-156.083226
-95.751350
-121.775177
-74.401385
-101.096287
-89.809700
-105.837959
-99.702684
-125.436260
-114.189505
-78.334973
-70.314971
-114.062813
-112.046172
-103.825528
-109.710302
-75.021288
-116.628034
-104.429149
-150.403173
-80.573556
-85.791287
-81.312312
-80.073028
-97.338417
-90.819884
-99.328097
-86.490093
-103.974033
-82.597398
-98.995101
-98.823219
-96.166381
-92.421778
-87.343229
-126.752713
-133.125793
-84.215095
-121.801523
-130.719842
-85.529174
-128.777112
-85.874322
-111.321350
-99.068303
-89.940699
-100.612719
-83.664407
-93.930142
-95.374051
-94.575668
-88.394326
-99.367036
-99.164091
-126.111195
-92.783702
-111.436387
-130.896753
-120.921944
-99.231045
-96.541882
-102.813540
-110.668731
-117.665339
-98.385244
-81.090362
-89.369806
-105.408491
-95.464047
-84.759938
-80.336498
-100.718523
-94.846584
-139.149965
-127.442307
-144.384761
-78.353042
-81.463142
-102.157124
-112.670640
-116.873715
-77.266650
-82.993158
-98.872327
-79.343649
-86.779019
-107.129976
-97.898923
-134.595052
-106.962956
-102.005099
-136.301052
-120.471424
-114.656075
-97.552542
-153.300295
-92.373316
-87.423337
-117.668535
-95.271967
-67.879267
-94.274488
-112.254320
-98.280809
-102.127400
-87.373123
-102.597467
-104.857786
-85.803118
-119.160333
-100.959108
-87.206431
-84.315939
-102.417040
-100.776622
-100.513179
-95.086325
-85.069672
-94.239833
-106.684057
-98.032005
-85.844257
-82.206528
-85.700703
-93.802634
-69.348254
-124.570756
-81.292656
-106.378786
-106.129519
-60.629611
-92.393002
-112.838817
-106.751431
-91.229072
-100.982452
-110.861938
-101.678106
-120.408428
-132.150110
-101.548205
-89.748162
-111.110920
-92.793327
-102.304268
-96.632040
-107.916287
-82.782687
-96.411578
-122.857599
-117.682106
-96.608695
-118.153529
-98.517660
-133.226299
-93.898189
-98.947355
-114.545877
-116.905305
-97.776399
-111.155734
-121.946706
-122.651078
-79.381338
-79.992160
-91.358761
-93.568522
-90.396087
-72.235760
-95.174941
-115.870045
-108.658081
-118.072742
-114.994072
-94.471939
-87.147414
-88.178550
-91.152740
-84.058611
-79.289123
-96.123456
-82.557135
-119.269668
-101.648192
-129.732596
-111.862735
-99.767251
-73.180126
-114.803956
-82.369649
-105.120413
-86.688120
-104.825231
-76.281980
-123.130999
-110.516385
-68.466608
-108.398736
-91.848859
-110.351557
-95.070345
-104.235574
-99.675104
-89.122793
-97.076957
-93.880993
-74.960817
-94.967212
-81.244790
-96.507450
-114.254349
-87.013989
-123.359049
-93.481779
-73.699714
-96.869804
-88.857128
-121.614972
-63.813921
-78.788143
