-7.364333
-5.079151
-0.859287
-5.708954
-0.278339
-4.466553
-7.837613
-4.988043
-0.160446
-0.201882
-0.322053
-6.071537
-1.878663
-8.661584
-9.725133
-4.235630
-7.753000
-3.439891
-3.737244
-1.208132
-6.945973
-9.108915
-10.350512
-9.409206
-6.428764
-20.596302
-3.619109
-8.987833
-3.131877
-12.508072
-1.023240
-10.468209
-4.466666
-13.582872
-7.669304
-8.142767
-17.591813
-0.045737
-2.574471
-0.403459
-1.360064
-5.234242
-0.643928
-1.216603
-0.049559
-9.078735
-6.012486
-6.917410
-0.725551
-8.401723
-1.476309
-13.142003
-1.962898
-2.224649
-1.341352
-3.434261
-12.698387
-21.935801
-15.187827
-8.386108
-9.930045
-9.633035
-2.325833
-2.939099
-3.767515
-15.337920
-10.171809
-5.583493
-11.895489
-4.810791
-22.798315
-4.506778
-15.380433
-4.836543
-5.797897
-6.250977
-14.471276
-5.584431
-13.866944
-4.870287
-6.359129
-17.934737
-1.841746
-2.955471
-4.197401
-4.884831
-2.900514
-14.578267
-11.434360
-4.150181
-13.762377
-0.825347
-5.703994
-11.010910
-1.408844
-6.422202
-1.962595
-3.404210
-2.348706
-1.068463
-7.798299
-0.429417
-6.290286
-4.781354
-10.742267
-3.464172
-3.471709
-4.920828
-1.627688
-6.265264
-7.500006
-0.467770
-0.911564
-10.868628
-10.919147
-0.777961
-0.478502
-7.656195
-3.964362
-0.676137
-6.862671
-4.889760
-12.668551
-9.398295
-16.885055
-8.540235
-0.364595
-2.664062
-2.869082
-0.055897
-4.640492
-11.812269
-5.062237
-0.093716
-1.649255
-2.706189
-6.179809
-2.232947
-7.984048
-11.919448
-9.787828
-2.918699
-7.035681
-1.825006
-6.222456
-0.674916
-7.763855
-6.002659
-6.410738
-9.685172
-1.221604
-14.768590
-3.074187
-2.521878
-1.051131
-0.434589
-1.834342
-10.778778
-13.904983
-10.190968
-9.145138
-5.205022
-21.998170
-0.859527
-2.960101
-6.569501
-5.715147
-1.923561
-2.007233
-14.069481
-7.938034
-2.718014
-4.394040
-3.866339
-1.959344
-13.892935
-4.567391
-7.198873
-2.440373
-11.308479
-14.046838
-3.409399
-0.959500
-8.305615
-14.089854
-12.749929
-21.989956
-2.751439
-1.225326
-5.619726
-3.621462
-4.972238
-1.551241
-11.998714
-3.589685
-4.256005
-9.054061
-4.827043
-4.526046
-10.578197
-5.990559
-9.183221
-12.293480
-0.851857
-5.157060
-0.228226
-6.559356
-11.566140
-9.751497
-0.692526
-3.143913
-14.862595
-5.114317
-2.041150
-3.790107
-3.897493
-7.363210
-3.236305
-2.914262
-3.633165
-15.020717
-4.322601
-3.961537
-1.159999
-14.859537
-4.533628
-0.139820
-5.030540
-7.603726
-5.449475
-2.662586
-6.554798
-11.954788
-2.572320
-3.321536
-8.601697
-11.790069
-18.310316
-4.786778
-13.038084
-3.625509
-2.681139
-3.396007
-3.835620
-6.956404
-4.417275
-2.314407
-2.810554
-0.136484
-0.916225
-8.884617
-15.069798
-7.126521
-2.805573
-4.891248
-5.261110
-11.020429
-3.699357
-7.817247
-6.555315
-4.409698
-2.201949
-11.395464
-8.146631
-8.731472
-0.660902
-5.592386
-8.481839
-2.988698
-3.532479
-5.734337
-0.497833
-1.795206
-3.502390
-8.323963
-4.861214
-14.995980
-5.753716
-10.712775
-4.327336
-1.678860
-6.499562
-7.054847
-9.054517
-7.437179
-1.460506
-8.790910
-4.656802
-4.027870
-3.325893
-10.479986
-6.675590
-7.304854
-4.413880
-1.786799
-2.294784
-9.955608
-8.572447
-7.410754
-4.270517
-4.363053
-11.320325
-3.635229
-3.950278
-7.619137
-14.214977
-1.923769
-7.453773
-7.544450
-7.084283
-2.569821
-11.026028
-1.605385
-4.754922
-3.634674
-3.665220
-3.399998
-5.682989
-2.654173
-3.761841
-3.274729
-0.760946
-2.814785
-0.421187
-4.912513
-1.226943
-2.750347
-1.283768
-3.537030
-7.267878
-1.048184
-3.249616
-8.158587
-6.786978
-9.784052
-7.091084
-5.244169
-4.218565
-4.632987
-2.673565
-15.319765
-3.224701
-5.046724
-1.608594
-14.307067
-6.611100
-5.146439
-8.938762
-2.549077
-2.977662
-5.870135
-5.249138
-2.408885
-11.615873
-0.552384
-9.689419
-2.664849
-24.399556
-6.305436
-10.808221
-6.769189
-11.586289
-8.353486
-0.257665
-3.644134
-12.694734
-7.109205
-9.284731
-1.974593
-8.196547
-1.622072
-11.689857
-1.903996
-9.292392
-7.874392
-4.082563
-4.414240
-5.932854
-5.448892
-3.458889
-14.174311
-2.942602
-3.986332
-4.643498
-8.097179
-0.374765
-9.378656
-5.231141
-8.033566
-7.795974
-3.043273
-13.319672
-9.935485
-5.386269
-8.472354
-12.913418
-8.006280
-8.837820
-5.919475
-12.447706
-4.433673
-0.624539
-3.259314
-14.248075
-9.879945
-11.601653
-3.153849
-2.218571
-3.492589
-10.916657
-1.535802
-14.949941
-4.477416
-8.036477
-15.214246
-2.678011
-10.486811
-2.268379
-6.358826
-11.886677
-5.010364
-1.393918
-2.085597
-8.200597
-5.290198
-3.169968
-6.543478
-15.231809
-6.447879
-9.056205
-1.983181
-1.311919
-9.585510
-11.846046
-7.895521
-5.108000
-6.624265
-2.230822
-1.645163
-8.846112
-3.540927
-0.349295
-6.585142
-1.305293
-2.661231
-4.475063
-0.650457
-1.645373
-1.257687
-9.803184
-2.573779
-1.943803
-4.159668
-1.283518
-12.035507
-4.751427
-2.989252
-2.368188
-2.314868
-3.493163
-3.943657
-0.506261
-4.702386
-0.601063
-0.447816
-15.370972
-10.517677
-3.463024
-0.885234
-2.860420
-6.239235
-2.706987
-14.613198
-6.398186
-1.782353
-10.690855
-0.327282
-6.929120
-10.576464
-16.689271
-3.900682
-4.533104
-6.774811
-10.450199
-2.215854
-5.059889
-4.881829
-11.996779
-5.049259
-9.612551
-9.980028
-1.694260
-6.231882
-5.998639
-9.690336
-2.774668
-6.369206
-4.213269
-2.907227
-1.818464
-8.611530
-0.595166
