-0.007109
-0.207549
-0.012049
-0.050650
-0.008202
-0.000008
-0.068814
-0.028110
-0.017496
-0.000171
-0.002112
-0.000556
-0.000756
-0.011020
-0.001726
-0.000017
-0.000864
-0.000419
-0.051978
-0.055064
-0.000029
-0.064770
-0.000649
-0.135116
-0.000024
-0.013376
-0.080744
-0.000180
-0.015686
-0.005838
-0.004632
-0.002857
-0.031362
-0.014245
-0.014102
-0.001523
-0.003269
-0.034418
-0.001309
-0.020821
-0.015467
-0.001461
-0.001209
-0.001038
-0.005350
-0.003317
-0.198746
-0.010834
-0.000130
-0.000657
-0.000001
-0.000034
-0.000397
-0.026382
-0.251685
-0.000098
-0.000240
-0.001198
-0.002587
-0.011784
-0.002813
-0.053647
-0.000039
-0.008651
-0.000505
-0.003496
-0.002162
-0.003770
-0.000583
-0.000787
-0.000340
-0.143913
-0.013950
-0.193257
-0.000938
-0.003852
-0.004722
-0.042882
-0.002682
-0.010422
-0.000301
-0.000059
-0.001587
-0.172485
-0.011759
-0.012018
-0.074538
-0.283001
-0.003420
-0.000322
-0.003720
-0.000009
-0.012704
-0.000182
-0.068793
-0.014381
-0.000087
-0.000173
-0.000040
-0.002278
-0.000017
-0.000043
-0.001383
-0.025238
-0.020003
-0.013609
-0.001346
-0.000128
-0.004059
-0.000137
-0.009011
-0.071018
-0.004942
-0.000436
-0.000000
-0.000075
-0.002116
-0.000059
-0.001678
-0.000110
-0.000069
-0.000321
-0.000140
-0.000171
-0.001541
-0.180146
-0.002108
-0.033056
-0.001694
-0.000861
-0.003515
-0.001932
-0.000017
-0.007017
-0.002128
-0.001129
-0.009902
-0.001485
-0.002020
-0.000697
-0.000171
-0.006068
-0.001004
-0.003721
-0.000726
-0.002030
-0.004417
-0.007031
-0.037947
-0.000228
-0.000065
-0.000295
-0.000856
-0.010764
-0.007990
-0.010714
-0.001237
-0.001436
-0.059351
-0.069465
-0.000376
-0.045971
-0.007465
-0.000965
-0.003839
-0.049925
-0.016235
-0.071861
-0.034935
-0.231666
-0.000006
-0.000025
-0.001045
-0.002143
-0.010252
-0.000856
-0.000631
-0.001743
-0.002190
-0.000870
-0.013425
-0.059817
-0.003637
-0.001255
-0.011151
-0.000087
-0.001581
-0.000191
-0.000019
-0.000002
-0.012979
-0.000445
-0.101039
-0.000176
-0.000005
-0.003283
-0.003578
-0.000637
-0.004565
-0.000381
-0.003358
-0.000001
-0.011565
-0.002714
-0.278464
-0.004208
-0.105123
-0.000002
-0.000008
-0.000069
-0.041212
-0.009789
-0.072050
-0.300496
-0.001902
-0.026656
-0.003264
-0.000171
-0.000124
-0.009228
-0.219062
-0.001064
-0.000002
-0.000823
-0.000124
-0.005351
-0.004295
-0.018100
-0.000047
-0.007795
-0.061165
-0.000330
-0.000215
-0.026837
-0.000648
-0.008219
-0.000339
-0.000732
-0.006897
-0.001928
-0.064664
-0.001808
-0.095788
-0.001235
-0.000138
-0.001897
-0.048829
-0.007329
-0.000515
-0.004480
-0.003984
-0.011080
-0.002415
-0.176406
-0.000554
-0.060922
-0.086038
-0.000484
-0.023114
-0.061633
-0.002432
-0.057638
-0.001311
-0.051144
-0.041696
-0.115788
-0.063524
-0.000007
-0.009384
-0.002144
-0.000228
-0.000396
-0.005542
-0.000183
-0.003116
-0.003373
-0.000823
-0.020784
-0.046860
-0.005877
-0.162060
-0.007705
-0.000035
-0.000085
-0.110348
-0.329435
-0.000919
-0.000001
-0.000010
-0.000615
-0.000039
-0.043054
-0.020777
-0.005104
-0.000093
-0.000057
-0.001970
-0.040722
-0.010013
-0.000006
-0.000065
-0.012213
-0.000109
-0.001052
-0.001325
-0.142302
-0.000534
-0.000050
-0.000086
-0.000291
-0.011115
-0.011956
-0.113943
-0.060387
-0.023736
-0.000004
-0.000068
-0.028585
-0.000036
-0.000440
-0.000598
-0.014799
-0.012349
-0.000268
-0.183466
-0.000010
-0.000002
-0.199309
-0.005715
-0.012645
-0.106080
-0.002378
-0.010216
-0.008504
-0.005259
-0.000878
-0.000003
-0.026675
-0.002962
-0.003995
-0.152363
-0.051282
-0.001773
-0.155217
-0.003226
-0.043001
-0.053628
-0.001182
-0.022983
-0.000032
-0.020421
-0.001180
-0.001063
-0.278131
-0.000077
-0.000979
-0.000155
-0.000051
-0.006961
-0.000012
-0.019738
-0.003601
-0.045031
-0.010945
-0.037068
-0.000026
-0.000279
-0.000291
-0.000773
-0.000290
-0.000000
-0.005513
-0.083580
-0.047558
-0.001293
-0.027869
-0.000126
-0.002228
-0.004818
-0.089090
-0.000113
-0.004795
-0.016240
-0.001851
-0.000049
-0.000230
-0.011668
-0.039077
-0.001525
-0.010077
-0.001329
-0.003072
-0.032900
-0.010336
-0.001220
-0.004315
-0.094793
-0.000095
-0.000804
-0.000083
-0.003824
-0.007551
-0.000008
-0.011171
-0.001279
-0.000000
-0.003803
-0.000252
-0.001892
-0.000302
-0.004685
-0.000246
-0.000799
-0.007892
-0.111069
-0.013253
-0.003912
-0.005019
-0.002176
-0.107895
-0.000019
-0.000502
-0.245195
-0.045093
-0.001868
-0.001444
-0.001669
-0.000373
-0.000300
-0.017588
-0.067213
-0.000030
-0.000035
-0.001670
-0.001645
-0.000343
-0.000648
-0.000019
-0.007093
-0.002057
-0.000048
-0.000577
-0.118127
-0.013616
-0.001671
-0.052496
-0.000981
-0.000027
-0.009226
-0.000343
-0.006244
-0.006059
-0.103811
-0.006731
-0.025337
-0.000780
-0.000247
-0.000109
-0.036071
-0.000107
-0.006817
-0.000417
-0.000072
-0.066023
-0.000002
-0.000013
-0.001442
-0.000018
-0.692947
-0.000668
-0.023474
-0.000002
-0.027722
-0.006366
-0.016122
-0.000026
-0.000874
-0.000362
-0.014007
-0.000020
-0.003983
-0.000478
-0.043867
-0.001342
-0.000011
-0.002202
-0.000083
-0.000174
-0.000000
-0.034318
-0.057673
-0.000262
-0.064269
-0.000615
-0.001625
-0.173922
-0.000276
-0.000022
-0.011955
-0.004764
-0.014228
-0.018886
-0.000014
-0.000653
-0.004199
-0.011530
-0.002248
-0.005170
-0.000894
-0.030953
-0.013587
-0.005928
-0.000494
-0.000396
-0.000170
-0.023037
-0.000830
-0.012024
-0.002476
-0.006504
-0.004887
-0.041808
-0.000109
-0.004053
-0.005418
-0.013358
-0.036653
-0.003218
-0.083732
-0.105609
-0.002162
-0.004041
-0.001370
-0.062750
-0.000040
-0.001194
-0.050294
-0.000009
-0.000046
-0.038622
-0.000023
-0.007652
-0.003103
-0.103289
-0.012945
-0.002464
-0.008235
-0.000462
-0.000798
-0.000227
-0.002150
-0.003316
-0.004192
-0.028519
-0.000034
-0.000063
-0.093498
-0.000121
-0.001130
-0.000329
-0.000099
-0.076839
-0.000020
-0.031775
-0.046461
-0.000010
-0.255015
-0.097458
-0.054640
-0.022724
-0.000931
-0.000029
-0.020418
-0.002149
-0.000134
-0.205348
-0.297305
-0.022055
-0.012795
-0.000082
-0.000381
-0.011807
-0.000103
-0.000717
-0.006998
-0.012359
-0.213887
-0.000001
-0.064264
-0.019155
-0.000559
-0.005039
-0.001880
-0.014829
-0.000055
-0.033181
-0.000010
-0.001043
-0.000048
-0.000194
-0.001908
-0.062306
-0.082358
-0.023528
-0.003107
-0.021986
-0.002070
-0.013110
-0.010577
-0.001249
-0.001664
-0.000046
-0.240562
-0.194996
-0.000006
-0.005281
-0.008728
-0.004513
-0.018384
-0.012579
-0.000877
-0.006393
-0.000000
-0.110546
-0.027344
-0.000079
-0.071492
-0.013129
-0.023548
-0.000688
-0.000094
-0.001584
-0.000216
-0.001818
-0.001979
-0.001363
-0.000805
-0.002061
-0.000387
-0.000026
-0.001026
-0.007061
-0.000619
-0.016415
-0.014037
-0.000146
-0.000942
-0.000099
-0.000572
-0.004904
-0.007224
-0.001757
-0.001919
-0.002501
-0.000049
-0.677126
-0.014716
-0.000353
-0.040969
-0.046833
-0.017367
-0.025903
-0.005431
-0.000003
-0.000464
-0.013550
-0.000390
-0.003857
-0.041542
-0.000508
-0.000083
-0.000850
-0.021388
-0.000002
-0.003454
-0.006436
-0.381516
-0.000397
-0.005397
-0.000035
-0.000182
-0.001151
-0.000002
-0.052337
-0.000134
-0.000140
-0.156557
-0.000269
-0.000096
-0.172704
-0.002416
-0.000052
-0.004969
-0.002130
-0.000031
-0.000514
-0.000032
-0.011672
-0.005600
-0.129821
-0.271947
-0.002094
-0.026552
-0.000209
-0.008711
-0.008360
-0.000094
-0.005129
-0.000254
-0.034040
-0.000094
-0.007001
-0.000524
-0.000111
-0.000478
-0.000568
-0.000884
-0.000549
-0.002695
-0.031268
-0.000080
-0.000785
-0.009908
-0.000034
-0.041028
-0.000001
-0.025172
-0.176923
-0.000000
-0.001477
-0.012688
-0.000498
-0.013506
-0.000002
-0.000610
-0.001744
-0.003831
-0.007696
-0.000289
-0.008465
-0.059755
-0.011968
-0.000782
-0.012955
-0.000747
-0.003678
-0.000550
-0.004511
-0.008099
-0.000153
-0.000303
-0.002034
-0.001800
-0.003409
-0.003824
-0.030713
-0.121979
-0.076785
-0.032385
-0.153319
-0.000004
-0.030065
-0.065824
-0.004554
-0.035935
-0.000005
-0.088380
-0.001452
-0.093035
-0.000322
-0.000052
-0.037962
-0.000259
-0.010325
-0.000811
-0.000078
-0.011056
-0.002747
-0.005422
-0.000129
-0.000025
-0.000227
-0.006617
-0.010439
-0.001539
-0.055195
-0.002961
-0.000283
-0.032201
-0.002142
-0.000582
-0.012640
-0.000767
-0.005312
-0.004410
-0.000112
-0.001941
-0.008132
-0.000039
-0.000331
-0.001055
-0.000157
-0.032820
-0.110025
-0.078869
-0.000039
-0.000016
-0.250906
-0.000480
-0.000003
-0.000815
-0.014123
-0.218447
-0.000024
-0.023625
-0.000353
-0.000148
-0.000075
-0.000004
-0.004612
-0.000487
-0.000808
-0.000032
-0.014561
-0.287791
-0.001018
-0.000387
-0.007481
-0.149265
-0.002606
-0.016720
-0.000649
-0.003601
-0.008349
-0.000593
-0.036536
-0.003617
-0.000053
-0.002208
-0.000040
-0.000737
-0.003747
