-565.685613
-570.046178
-548.089911
-572.528876
-555.052689
-594.828802
-611.378660
-538.897800
-557.042779
-574.905369
-522.189725
-613.973543
-547.153124
-530.487210
-561.472617
-537.115801
-500.659686
-552.314330
-560.522208
-552.323188
-526.176898
-539.986117
-504.501930
-608.582793
-552.178670
-512.422876
-602.099764
-578.667821
-603.987912
-548.637907
-592.967596
-516.141448
-591.528001
-543.134276
-537.228432
-519.394227
-569.748558
-526.415449
-505.818570
-546.047751
-627.901466
-598.307082
-544.983023
-568.331885
-536.677826
-563.794773
-572.211189
-594.179695
-497.483069
-561.467551
-537.019666
-585.488090
-559.469289
-576.409973
-569.696701
-571.658706
-559.541044
-573.019386
-542.672240
-579.052532
-586.046936
-582.734552
-595.119083
-519.006067
-560.069163
-604.980695
-541.453158
-495.581114
-576.781510
-612.434338
-544.326417
-566.855844
-595.754272
-585.896958
-533.352218
-497.687792
-595.799695
-611.012797
-563.500974
-549.797319
-612.397268
-497.440925
-596.772564
-528.208877
-595.682704
-513.201941
-614.601564
-590.338426
-630.193846
-580.367773
-620.247506
-588.759736
-574.638653
-556.506912
-538.197417
-579.279694
-543.228526
-566.843413
-555.235753
-567.401738
-502.908946
-571.668577
-590.287538
-531.959170
-640.998818
-627.751660
-506.929134
-525.561127
-549.396417
-558.733857
-594.626021
-537.161782
-533.163984
-550.158074
-541.244939
-558.310868
-584.874611
-623.440199
-549.286427
-579.240713
-528.404870
-532.011594
-634.981115
-558.267690
-551.092129
-529.954910
-550.708571
-540.427362
-657.059677
-578.238348
-533.783024
-582.740744
-521.512044
-549.473808
-588.603017
-543.232208
-529.180370
-599.429564
-549.450497
-595.149995
-552.877759
-597.907334
-559.295086
-582.025492
-581.204021
-516.870282
-534.728136
-510.118552
-509.643015
-537.554401
-620.621354
-546.860148
-570.503468
-553.401493
-519.838640
-555.459859
-573.078930
-535.426999
-540.919812
-532.479240
-525.886577
-553.939173
-591.443906
-663.214908
-543.648665
-560.193084
-554.050102
-553.201769
-587.017168
-527.358735
-531.550029
-548.327662
-668.251260
-541.558663
-535.499561
-635.479027
-612.746342
-516.883896
-580.194242
-622.642651
-595.933977
-573.051434
-574.400655
-579.466007
-535.505736
-549.563842
-559.693568
-482.843585
-539.680195
-515.828071
-577.887402
-540.337070
-628.215132
-589.187886
-564.121482
-494.839102
-532.908012
-565.879024
-608.581916
-549.084936
-590.104228
-566.356977
-520.957750
-580.903086
-579.845334
-554.610549
-619.839160
-602.468469
-563.948196
-548.248641
-546.158776
-602.864867
-531.439783
-599.082421
-521.638302
-592.294796
-574.680913
-639.253196
-533.678472
-579.948388
-553.687477
-541.821465
-574.582271
-580.776278
-606.776131
-550.580022
-555.397506
-555.385141
-541.810802
-582.878181
-507.670207
-566.179791
-581.193564
-529.005307
-612.958823
-534.453449
-619.110156
-604.117646
-594.477111
-617.671064
-520.386719
-582.003432
-566.992484
-583.794117
-514.314564
-570.745783
-564.957148
-587.518588
-560.616628
-527.329586
-612.584385
-560.803551
-573.136893
-586.311705
-526.473336
-577.890725
-550.841288
-580.883820
-510.803373
-531.465875
-555.317864
-544.476445
-578.325171
-538.480400
-541.358323
-594.016609
-546.258146
-553.359079
-544.534793
-584.031628
-555.159777
-575.989306
-522.814361
-587.193772
-606.349480
-591.537048
-583.090913
-478.378724
-534.924416
-567.425247
-488.100291
-560.468140
-594.436622
-543.526884
-499.659511
-552.273376
-596.467250
-543.305472
-553.532050
-565.523871
-581.939511
-576.749439
-564.292167
-583.681238
-535.881377
-545.096263
-553.286682
-609.172107
-574.624005
-558.954466
-569.172621
-585.752279
-530.765596
-565.257416
-593.397321
-544.934737
-496.890982
-596.261802
-548.202707
-580.522967
-535.320513
-530.342901
-522.632459
-577.414062
-569.804544
-602.982013
-570.917094
-607.927361
-549.985824
-530.794722
-635.607102
-559.028182
-534.732024
-508.754131
-537.952064
-509.273784
-542.494712
-600.557883
-559.615253
-581.715818
-549.097188
-610.163719
-522.653503
-570.054670
-540.408005
-532.119284
-586.882404
-566.879748
-491.790360
-526.934776
-556.094088
-540.371667
-578.369326
-526.333690
-591.919072
-563.161237
-542.333008
-549.407476
-597.688861
-537.512687
-587.102411
-562.748793
-591.473582
-610.121277
-643.689057
-531.337412
-555.001175
-568.814317
-589.851529
-628.214340
-551.832601
-538.059691
-551.041876
-539.388183
-572.038895
-606.092530
-575.694425
-651.260668
-589.454525
-564.508248
-585.645741
-585.313394
-538.394849
-566.118043
-554.164828
-509.310029
-568.045672
-567.809294
-588.244724
-479.566766
-583.450746
-497.124822
-448.870763
-563.494109
-517.450845
-600.462250
-594.472080
-575.208534
-613.054063
-545.179268
-586.310027
-561.090151
-584.959419
-681.931898
-563.656185
-536.376518
-546.836159
-530.690781
-506.924259
-555.070309
-603.408858
-541.337124
-633.514064
-547.264378
-621.189895
-601.193816
-525.553447
-527.910054
-581.035103
-538.363460
-582.911113
-594.328000
-612.492450
-560.668873
-528.066837
-586.604158
-546.977984
-547.511019
-578.279532
-483.816989
-525.516636
-592.760799
-578.046147
-554.652457
-571.476597
-522.693649
-597.899498
-570.636733
-523.775809
-510.750806
-569.649936
-552.241806
-558.506897
-584.024858
-591.159915
-513.568569
-535.250505
-570.477567
-557.809295
-623.734386
-594.097398
-575.022753
-561.681975
-501.517277
-668.345277
-580.315058
-548.283260
-617.388529
-577.495582
-636.771552
-497.280171
-537.888151
-515.119444
-512.780892
-620.627041
-569.941252
-561.414790
-535.994694
-583.191510
-547.899512
-615.687990
-544.457245
-537.889173
-538.034300
-584.809237
-556.257270
-586.725265
-597.831042
-673.764719
-595.402234
-648.773380
-556.571727
-575.427722
-579.402654
-602.452095
-524.382154
-545.237395
-558.404909
-580.319219
-628.163380
-575.568949
-578.667094
-584.829291
-591.758758
-618.341805
-564.339407
-inf
-525.659679
-538.802617
-580.961463
-568.246504
-532.662110
-561.746392
-562.364442
-535.052740
-560.588834
-589.325479
-541.382933
-530.893982
-581.707034
-559.808209
-523.702074
-557.468489
-596.328421
-546.648064
-597.652116
-478.392690
-627.764407
-560.287991
-571.572733
-557.497971
-493.596847
-604.426206
-548.392386
-591.919179
-558.182769
-521.298903
-568.074258
-605.448183
-533.589876
-544.575459
-544.985902
-587.587280
-585.967978
-556.108570
-589.284321
-562.497522
-616.696565
-579.812612
-564.463106
-530.970931
-515.757227
-598.681811
-526.078287
-574.114776
-561.509605
-554.631007
-569.661554
-611.279435
-527.450418
-600.101619
-549.967656
-531.518300
