-0.024081
-0.000203
-0.002115
-0.007538
-0.019844
-0.009290
-0.068583
-0.011319
-0.000900
-0.017973
-0.006411
-0.004433
-0.543560
-0.314415
-0.019134
-0.005801
-0.000751
-0.011160
-0.000864
-0.000009
-0.023982
-0.000352
-0.000184
-0.049820
-0.050711
-0.000743
-0.009091
-0.009609
-0.000116
-0.010909
-0.071333
-0.048619
-0.006040
-0.012223
-0.025705
-0.000168
-0.003232
-0.007556
-0.002163
-0.000202
-0.009736
-0.006452
-0.000862
-0.000206
-0.107255
-0.022270
-0.032344
-0.001922
-0.000022
-0.027146
-0.023529
-0.094827
-0.001023
-0.000456
-0.000291
-0.002003
-0.012492
-0.201149
-0.000813
-0.000152
-0.001728
-0.011190
-0.000237
-0.015486
-0.056271
-0.052927
-0.005850
-0.000639
-0.016165
-0.027267
-0.044589
-0.001325
-0.053125
-0.010429
-0.005687
-0.012302
-0.012493
-0.070984
-0.000850
-0.002575
-0.057968
-0.001353
-0.051367
-0.150501
-0.096710
-0.000836
-0.003399
-0.108246
-0.003001
-0.117171
-0.000419
-0.050217
-0.012060
-0.010054
-0.000004
-0.000174
-0.000485
-0.240196
-0.018068
-0.166661
-0.035408
-0.000320
-0.000087
-0.190833
-0.000521
-0.005734
-0.258925
-0.379245
-0.000974
-0.004149
-0.003397
-0.001175
-0.000025
-0.000022
-0.010960
-0.006362
-0.000811
-0.000515
-0.006284
-0.015462
-0.004232
-0.001101
-0.000203
-0.012098
-0.131682
-0.014339
-0.000650
-0.003205
-0.005111
-0.810587
-0.128885
-0.013096
-0.008470
-0.013395
-0.007854
-0.002146
-0.004637
-0.007692
-0.024100
-0.000126
-0.065146
-0.000223
-0.023497
-0.171242
-0.013128
-0.107933
-0.007713
-0.002864
-0.008743
-0.018967
-0.001968
-0.031607
-0.006676
-0.041338
-0.019328
-0.001828
-0.004647
-0.013049
-0.197425
-0.062673
-0.025902
-0.000331
-0.009241
-0.001166
-0.001492
-0.018817
-0.121985
-0.026790
-0.001371
-0.010486
-0.000928
-0.065786
-0.000595
-0.001074
-0.000100
-0.013695
-0.030720
-0.017312
-0.000510
-0.006024
-0.051778
-0.001959
-0.025785
-0.002920
-0.015846
-0.001240
-0.000773
-0.000001
-0.000334
-0.005882
-0.000064
-0.003823
-0.020374
-0.000025
-0.000012
-0.103653
-0.067160
-0.022662
-0.012652
-0.009799
-0.014010
-0.000118
-0.000028
-0.000001
-0.006784
-0.000014
-0.006543
-0.003160
-0.001628
-0.034061
-0.046277
-0.002808
-0.000263
-0.188027
-0.024874
-0.001394
-0.072274
-0.001458
-0.019071
-0.000017
-0.004535
-0.016860
-0.001138
-0.023868
-0.000646
-0.000194
-0.008907
-0.001550
-0.000062
-0.009214
-0.000071
-0.001185
-0.000365
-0.016615
-0.008248
-0.000537
-0.003896
-0.001668
-0.141817
-0.003946
-0.060761
-0.038374
-0.324621
-0.060058
-0.000248
-0.000164
-0.057120
-0.000273
-0.000328
-0.037194
-0.192908
-0.007838
-0.006094
-0.029610
-0.000021
-0.000516
-0.030404
-0.135485
-0.000065
-0.029518
-0.001245
-0.005950
-0.001914
-0.000458
-0.048704
-0.000892
-0.142226
-0.000203
-0.102770
-0.005568
-0.007206
-0.004677
-0.017898
-0.388310
-0.000515
-0.026665
-0.000095
-0.076175
-0.000643
-0.008456
-0.036108
-0.018830
-0.163464
-0.002630
-0.002101
-0.140636
-0.000982
-0.011594
-0.002742
-0.001541
-0.001990
-0.003042
-0.000590
-0.031083
-0.000127
-0.008435
-0.010175
-0.003233
-0.000357
-0.000061
-0.000114
-0.014168
-0.005938
-0.905016
-0.003573
-0.000113
-0.000542
-0.263012
-0.063214
-0.001851
-0.013014
-0.001258
-0.017156
-0.000032
-0.095017
-0.000484
-0.003966
-0.020429
-0.000048
-0.023880
-0.000074
-0.027561
-0.004294
-0.000162
-0.006832
-0.000192
-0.008083
-0.044689
-0.000328
-0.000011
-0.015149
-0.012339
-0.000856
-0.016500
-0.055674
-0.003804
-0.017777
-0.001162
-0.000005
-0.002131
-0.025951
-0.178063
-0.025970
-0.116310
-0.007904
-0.000001
-0.136252
-0.090293
-0.304343
-0.024859
-0.005644
-0.006160
-0.000000
-0.000388
-0.000742
-0.001082
-0.001140
-0.000290
-0.278415
-0.074767
-0.013854
-0.001826
-0.005431
-0.002014
-0.060212
-0.048115
-0.000206
-0.001087
-0.011710
-0.001142
-0.105323
-0.002193
-0.000087
-0.003565
-0.014563
-0.000038
-0.000762
-0.091778
-0.003491
-0.000295
-0.000387
-0.021758
-0.085490
-0.045645
-0.000101
-0.000178
-0.024645
-0.087772
-0.265496
-0.018311
-0.728409
-0.000301
-0.018121
-0.000684
-0.000076
-0.010218
-0.188887
-0.036158
-0.000409
-0.010294
-0.001850
-0.001285
-0.035092
-0.152351
-0.000131
-0.064744
-0.003486
-0.039713
-0.020313
-0.047149
-0.000021
-0.000019
-0.311081
-0.000036
-0.000063
-0.001714
-0.031911
-0.007601
-0.000070
-0.012308
-0.000042
-0.008341
-0.000879
-0.000122
-0.020666
-0.000244
-0.108898
-0.004405
-0.007361
-0.000902
-0.000003
-0.001544
-0.047548
-0.000060
-0.034804
-0.015504
-0.107061
-0.013939
-0.258677
-0.000153
-0.010324
-0.085526
-0.000200
-0.001796
-0.001180
-0.218202
-0.000002
-0.000405
-0.110990
-0.001512
-0.031131
-0.049907
-0.001420
-0.000166
-0.104781
-0.205304
-0.000028
-0.002133
-0.000229
-0.000000
-0.001019
-0.002135
-0.008975
-0.030404
-0.002257
-0.013947
-0.030990
-0.000918
-0.004293
-0.000254
-0.012335
-0.000231
-0.014445
-0.000332
-0.000391
-0.002195
-0.032935
-0.046523
-0.035635
-0.000841
-0.001637
-0.009673
-0.782155
-0.046087
-0.008189
-0.250298
-0.009263
-0.015121
-0.285555
-0.047724
-0.000045
-0.001414
-0.054607
-0.001955
-0.000063
-0.005657
-0.002635
-0.602542
-0.044251
-0.001528
-0.010565
-0.026222
-0.000011
-0.006795
-0.008155
-0.000444
-0.014611
-0.002092
-0.001681
-0.000815
-0.000060
-0.022626
-0.093845
-0.000016
-0.000495
-0.001565
-0.011081
-0.038538
-0.000069
-0.003516
-0.008391
-0.048713
-0.013097
-0.000982
-0.000211
-0.000278
-0.000428
-0.002998
-0.003153
-0.000221
-0.134574
-0.009535
-0.006015
-0.001417
-0.008824
-0.027948
-0.079165
-0.005573
-0.030043
-0.005382
-0.000694
-0.034035
-0.170672
-0.045352
-0.041017
-0.000150
-0.017411
-0.309669
-0.000829
-0.000235
-0.000015
-0.006832
-0.000469
-0.009280
-0.055344
-0.002940
-0.347397
-0.124297
-0.004097
-0.046829
-0.005864
-0.000054
-0.016856
-0.001107
-0.010929
-0.002881
-0.020017
-0.027178
-0.001983
-0.201824
-0.006838
-0.001615
-0.000413
-0.000332
-0.003079
-0.049353
-0.037505
-0.109225
-0.052306
-0.002367
-0.048576
-0.000050
-0.022216
-0.013644
-0.063777
-0.012634
-0.012995
-0.016500
-0.216349
-0.005440
-0.126669
-0.038499
-0.000592
-0.079000
-0.018143
-0.004344
-0.000309
-0.023916
-0.001398
-0.000539
-0.018606
-0.003097
-0.000638
-0.017962
-0.022961
-0.001315
-0.063573
-0.199124
-0.007077
-0.219803
-0.000441
-0.349047
-0.000297
-0.001760
-0.000110
-0.017844
-0.087067
-0.000324
-0.006225
-0.005150
-0.000564
-0.010908
-0.006659
-0.013098
-0.004760
-0.002184
-0.001935
-0.000142
-0.058595
-0.003251
-0.014655
-0.027061
-0.001438
-0.022195
-0.000011
-0.000110
-0.053161
-0.000905
-0.013285
-0.000869
-0.000010
-0.181096
-0.037638
-0.000121
-0.086738
-0.018218
-0.441100
-0.064908
-0.124061
-0.039428
-0.058118
-0.006468
-0.006985
-0.000050
-0.001848
-0.002012
-0.003036
-0.001258
-0.129728
-0.002491
-0.009171
-0.000226
-0.046010
-0.003860
-0.000665
-0.002521
-0.001490
-0.001668
-0.045525
-1.408237
-0.031128
-0.002644
-0.000389
-0.018616
-0.632161
-0.219762
-0.056175
-0.001805
-0.077150
-0.000221
-0.354190
-0.013530
-0.001022
-0.022543
-0.000190
-0.002683
-0.144838
-0.018245
-0.000075
-0.012444
-0.000085
-0.137427
-0.006561
-0.000878
-0.006078
-0.005417
-0.000073
-0.022474
-0.014053
-0.000087
-0.018144
-0.023709
-0.008970
-0.018219
-0.000227
-0.000022
-0.001026
-0.417564
-0.000330
-0.028931
-0.008052
-0.002637
-0.098146
-0.000888
-0.001197
-0.040343
-0.013612
-0.078911
-0.000542
-0.048089
-0.001509
-0.000103
-0.201946
-0.000074
-0.001353
-0.000106
-0.004523
-0.017273
-0.006902
-0.040017
-0.001500
-0.000260
-0.000262
-0.000659
-0.000766
-0.280949
-0.477142
-0.001219
-0.001628
-0.000745
-0.000683
-0.029754
-0.010232
-0.000016
-0.001717
-0.096115
-0.001530
-0.170910
-0.003606
-0.043458
-0.000095
-0.000640
-0.000156
-0.012200
-0.375407
-0.000109
-0.126355
-0.033002
-0.019404
-0.008045
-0.000049
-0.112298
-0.020377
-0.296443
-0.019790
-0.004625
-0.000019
-0.066005
-0.029958
-0.000697
-0.003966
-0.007372
-0.008901
-0.007249
-0.072218
-0.090285
-0.001755
-0.000079
-0.000089
-0.073464
-0.017738
-0.048080
-0.000007
-0.001604
-0.000072
-0.594860
-0.006014
-0.000560
-0.000336
-0.000000
-0.000877
-0.014697
-0.056172
-0.035560
-0.388865
-0.005091
-0.019201
-0.000014
-0.003935
-0.037926
-0.076291
-0.032968
-0.000439
-0.243362
-0.220513
-0.047057
-0.376234
-0.004779
-0.000651
-0.005935
-0.000859
-0.002416
-0.001322
-0.000083
-0.038161
-0.026369
-0.042214
-0.005039
-0.847949
-0.350534
-0.003538
-0.002840
-0.006563
-0.416869
-0.012014
-0.000499
-0.006273
-0.001308
-0.008266
-0.640104
-0.013316
-0.010651
-0.083847
-0.010416
-0.096852
-0.012939
-0.023177
-0.003701
-0.001503
-0.078127
-0.022997
-0.006413
-0.021162
-0.020939
-0.003491
-0.033438
-0.006877
-0.006937
-0.000534
-0.002165
-0.000353
-0.001411
-0.002637
-0.000086
-0.041367
-0.007130
-0.000399
-0.000411
-0.000750
-0.000527
-0.015363
-0.052224
-0.001013
-0.038336
-0.014172
-0.006802
-0.021691
-0.007248
-0.003199
-0.003520
-0.000922
-0.073280
-0.000836
-0.000077
-0.088547
