-2.347083
-1.221083
-2.097928
-0.083335
-1.470735
-0.930627
-1.431438
-3.243065
-1.152241
-3.361953
-0.183486
-0.287189
-1.808785
-0.590691
-0.485098
-0.232536
-1.412756
-0.337541
-0.110257
-0.101614
-2.203414
-0.082664
-0.520744
-0.987267
-1.252805
-2.268534
-1.502892
-0.869375
-0.421117
-0.951122
-1.262476
-2.809070
-0.488575
-1.960052
-0.483040
-3.535744
-1.514319
-2.231809
-0.512359
-0.569495
-0.574428
-2.499874
-0.090684
-0.223677
-0.099263
-2.123571
-0.800443
-0.235365
-0.413231
-3.409997
-0.038908
-1.761007
-1.424061
-1.760705
-0.529172
-1.358788
-1.049253
-0.048222
-0.055114
-0.840216
-0.467177
-1.070336
-0.191365
-1.759514
-1.157500
-0.058314
-0.899781
-0.428689
-0.939172
-0.752502
-2.502048
-1.133215
-0.424622
-2.156139
-0.777929
-0.721165
-0.327689
-1.800832
-2.392168
-0.034882
-1.299590
-0.279009
-0.746796
-3.328329
-2.683963
-1.799481
-2.193357
-0.740400
-0.003354
-0.073352
-0.839405
-3.768911
-1.821830
-2.450015
-1.190619
-0.306681
-0.330285
-0.621730
-1.445381
-1.165550
-1.533289
-0.023763
-0.728921
-4.000097
-0.008839
-0.574590
-0.847059
-0.044080
-0.784468
-1.437581
-1.764253
-0.561368
-2.736890
-1.017216
-0.389193
-1.523936
-0.658682
-3.201470
-0.372061
-1.008004
-0.740724
-1.410028
-0.882556
-2.763179
-1.766933
-1.778449
-0.884641
-1.949600
-0.125067
-2.014788
-0.955262
-1.144130
-0.317002
-0.078551
-0.524183
-2.928438
-1.402672
-1.107120
-0.266555
-0.100341
-3.382736
-1.181464
-3.629066
-0.642389
-2.436584
-0.029970
-1.383502
-2.672198
-1.373038
-0.745667
-2.275491
-0.784888
-0.603286
-1.268955
-1.826215
-2.679745
-1.994383
-2.649980
-0.933216
-3.838958
-0.565900
-0.349975
-0.592249
-0.376557
-0.362450
-1.440954
-2.994976
-0.594269
-1.671406
-2.480909
-0.830304
-0.327020
-0.007920
-1.046534
-0.553786
-0.765106
-0.037468
-1.551719
-0.662573
-0.632202
-1.034577
-0.745084
-3.401176
-0.428646
-0.142767
-0.045549
-2.027141
-2.433985
-0.213468
-0.687823
-0.252380
-0.219389
-0.264336
-0.092130
-0.158738
-0.248565
-1.043925
-0.174298
-0.204716
-0.511841
-0.152148
-0.559787
-1.306449
-3.757752
-1.551298
-2.350033
-1.803092
-3.923791
-0.172903
-1.106375
-1.998154
-0.265408
-1.140879
-1.228560
-2.807277
-2.532769
-0.015892
-3.264055
-1.310486
-0.776960
-0.082886
-3.158418
-0.694284
-0.371619
-1.788685
-3.436949
-0.979249
-0.471032
-0.861475
