-44.329832
-71.936323
-53.678790
-52.629069
-30.746175
-47.072386
-58.100237
-75.095346
-38.180891
-76.811754
-57.971389
-33.453730
-36.191544
-58.818189
-45.099035
-39.939527
-28.461416
-34.161057
-48.867485
-36.397963
-59.335196
-53.886213
-39.242746
-30.486330
-40.305291
-40.178304
-46.975345
-50.043373
-50.021822
-68.081621
-37.508214
-60.388829
-75.312246
-48.740519
-58.009652
-62.723100
-54.219678
-45.455012
-52.601499
-65.533615
-43.033870
-38.608529
-53.032370
-32.734013
-50.641232
-51.365247
-54.182133
-32.527063
-63.409441
-54.071000
-52.185411
-48.750292
-33.459968
-30.943823
-62.107735
-57.144754
-64.216834
-56.538316
-62.735793
-48.707375
-26.113885
-53.280268
-38.109248
-43.478456
-42.937522
-37.205040
-46.293297
-52.885544
-54.530090
-28.398553
-44.862919
-51.914324
-41.075181
-49.366699
-58.615372
-49.288245
-37.723234
-43.424122
-30.386344
-70.085902
-57.895301
-54.752893
-56.072576
-56.595429
-33.330869
-33.410056
-54.003452
-77.167516
-38.472055
-26.342289
-36.717765
-69.716303
-53.480503
-50.133567
-40.655548
-64.794912
-64.525660
-64.727065
-69.401999
-52.423228
-42.863351
-41.222712
-46.462853
-47.641123
-39.672757
-54.266717
-63.133687
-28.319553
-76.227956
-55.285625
-66.173874
-49.961349
-36.870250
-37.396874
-36.067957
-67.966983
-66.166159
-56.196661
-76.392177
-48.234537
-43.644995
-42.432603
-37.903900
-45.769198
-33.520670
-40.821649
-65.094855
-44.779427
-79.486488
-52.315554
-53.710992
-39.443523
-45.881292
-49.625703
-59.832698
-59.989477
-26.223704
-52.624661
-39.577157
-45.156642
-38.238781
-50.572315
-43.665271
-63.138041
-80.021643
-65.023163
-47.958161
-25.242744
-37.857293
-55.730199
-51.967468
-45.292742
-69.812009
-65.016559
-43.726996
-44.991002
-62.630727
-53.600357
-44.532051
-47.821780
-41.030836
-37.409637
-48.696623
-54.067572
-53.613553
-54.353122
-56.094965
-39.947646
-51.179274
-34.796659
-45.992453
-53.179678
-47.928826
-59.387698
-40.478430
-63.326015
-52.134882
-30.185107
-76.416162
-53.921471
-37.789604
-42.222331
-33.846160
-38.388195
-64.381351
-38.203051
-33.536983
-35.488992
-51.474247
-57.786622
-74.130028
-18.163628
-35.639051
-22.993276
-62.270209
-32.722141
-61.932755
-48.951885
-50.050590
-61.060863
-66.513231
-43.153347
-62.226059
-59.646522
-56.130412
-57.929807
-54.672522
-67.927592
-50.592995
-72.945951
-35.441234
-26.323919
-33.667068
-50.671321
-60.331474
-40.313563
-50.556355
-39.792375
-60.177291
-51.602959
-31.058131
-58.613687
-26.995626
-35.784802
-40.738745
-62.803170
-59.056873
-28.225316
-66.606934
-46.815794
-61.391030
-31.978603
-68.308526
-35.759009
-53.164517
-67.383884
-50.337177
-42.084546
-61.235190
-30.854626
-54.292014
-75.055024
-65.214159
-49.569800
-48.552560
-45.958586
-47.550234
-41.363200
-48.982369
-54.540731
-28.912149
-85.462315
-47.576788
-46.930692
-54.721982
-52.026419
-33.063276
-52.561404
-57.021823
-69.392699
-62.171388
-70.734686
-42.755175
-38.422777
-45.694202
-49.046357
-60.051975
-43.117220
-29.585860
-50.174627
-32.601179
-42.012052
-56.073527
-37.108497
-27.940787
-50.947643
-46.653546
-74.667324
-43.209694
-53.926037
-51.637318
-61.176078
-53.818664
-35.968909
-59.132413
-43.723294
-47.473070
-63.623723
-46.029140
-69.993608
-53.297148
-76.517010
-40.927788
-41.417611
-70.766450
-37.131896
-59.465811
-69.929081
-46.505616
-73.299358
-56.762510
-39.416763
-44.651436
-28.587711
-66.743268
-75.837214
-45.205317
-52.847834
-50.180211
-55.149488
-65.185779
-50.927756
-52.059911
-24.982122
-43.273727
-60.111539
-54.948848
-40.784667
-56.032972
-38.943328
-29.605507
-31.739262
-43.166738
-44.587544
-49.530004
-29.135892
-31.794271
-41.265531
-52.828920
-54.157005
-30.487908
-47.785419
-46.584139
-38.428293
-44.788556
-54.557971
-54.834125
-57.750019
-56.615740
-73.100585
-55.776467
-33.721167
-37.439329
-46.740297
-56.977254
-39.152156
-46.183797
-52.817199
-32.929805
-41.175869
-73.053626
-50.965146
-35.962913
-48.193505
-28.514077
-36.985518
-36.132032
-47.144373
-49.535880
-51.810979
-72.822188
-50.541858
-55.978193
-22.565970
-51.630532
-43.917647
-55.946253
-50.220013
-35.397933
-41.216566
-63.722144
-70.168649
-64.069013
-54.332311
-40.546631
-40.970943
-55.186761
-38.763783
-44.544533
-70.111450
-45.661231
-64.494605
-39.380102
-51.519558
-59.570452
-38.350214
-58.664491
-47.112329
-48.253036
-26.991690
-33.499222
-82.762284
-45.891963
-61.813256
-50.106979
-31.374445
-47.311304
-60.140443
-54.045497
-81.226690
-51.371714
-60.086412
-58.308758
-50.202084
-36.316878
-53.033723
-38.946032
-36.700280
-34.577301
-69.697310
-58.649007
-67.975694
-33.579713
-49.264044
-54.075630
-47.355172
-63.430515
-31.988079
-66.082407
-26.884223
-43.777610
-39.802524
-30.660598
-48.688300
-38.811088
-42.284984
-36.198004
-40.682358
-69.064165
-32.389091
-50.576578
-36.382029
-58.395423
-67.438499
-51.036354
-38.011629
-37.100315
-59.499421
-44.816220
-70.984530
-49.620476
-35.787553
-24.826038
-57.057204
-45.779056
-46.593035
-56.714799
-36.458823
-45.910490
-60.475729
-64.403998
-61.080606
-59.085921
-72.740559
-70.859496
-54.364503
-74.354610
-32.248893
-73.701991
-31.171500
-70.782394
-54.709305
-45.355384
-48.125515
-50.660263
-44.526191
-52.712401
-47.227184
-60.538661
-34.391722
-54.082068
-48.768491
-47.136924
-32.716031
-34.684662
-57.580763
-47.067132
-47.519321
-39.127214
-42.539897
-53.988211
-32.151268
-43.726695
-87.413612
-42.255801
-60.827547
-41.374696
-49.631769
-64.744567
-54.668903
-64.938140
-46.225391
-50.153427
-31.798631
-40.380755
-62.805404
-57.862059
-47.600708
-44.193963
-37.827619
-42.722863
-21.932869
-36.172924
-66.399511
-71.313797
-60.913715
-63.245481
-38.851943
-55.842515
-67.528548
-60.274334
-63.783006
-71.245684
-37.998703
-42.469462
-58.109303
-23.490020
-52.327654
-39.094307
-37.945365
-53.356459
-42.984077
-71.079971
-44.254255
-45.868401
-37.023069
-53.052244
-49.705223
-49.355458
-45.607797
-66.897681
-50.254311
-26.433880
-55.639933
-39.858016
-71.677188
-45.670602
-68.090287
-64.718129
-57.586976
-25.664448
-42.736913
-42.442961
-76.630229
-47.544713
-51.279519
-55.589728
-60.758198
-51.559171
-62.196202
-60.681853
-67.578152
-45.985772
-62.321103
-44.246175
-66.012626
-65.120730
-47.292384
-31.518992
-39.517407
-78.324516
-38.232303
-37.050353
-53.551299
-54.686262
-69.358163
-55.501418
-52.191648
-52.594646
-52.794285
-33.031533
-57.369963
-47.462082
-37.185853
-34.839533
-54.896362
-48.364940
-27.003178
-49.810954
-44.400606
-25.849004
-46.196240
-61.926028
-28.206671
-50.910853
-37.773713
-46.290193
-69.068265
-70.045876
-35.659630
-61.075076
-42.053819
-29.276933
-58.626065
-51.616966
-59.940806
-40.233420
-42.788880
-44.573403
-43.667924
-49.836375
-63.892040
-48.607765
-54.536961
-46.855534
-63.320412
-55.071375
-47.446433
-34.646737
-70.655871
-49.727649
-70.571456
-68.355195
-44.419272
-38.429837
-56.666461
-42.781526
-22.209061
-63.053895
-44.156907
-64.218730
-33.571213
-52.133569
-74.425083
-40.797042
-41.550425
-62.681699
-59.426027
-53.340617
-67.676957
-36.411862
-59.312988
-40.877140
-26.581645
-29.496430
-39.943464
-49.922241
-51.131301
-53.992076
-45.993577
-31.773675
-51.932912
-46.653466
-49.340439
-39.346374
-41.352884
-32.737759
-69.581651
-41.550565
-47.566834
-59.650951
-34.836329
-69.758996
-63.639905
-74.427047
-49.147084
-26.758876
-28.500606
-59.812441
-76.419906
-36.655512
-52.634601
-38.139439
-64.584875
-43.598699
-42.025552
-44.035213
-44.413392
-38.857776
-59.031618
-66.119137
-53.177324
-51.063001
-53.798348
-66.994046
-40.473217
-64.221438
-56.066142
-48.987040
-56.564024
-49.952511
-26.041213
-69.621690
-54.372700
-60.385119
-26.003734
-34.400330
-52.567449
-34.454559
-64.787269
-30.670658
-60.687871
-49.218048
-36.594368
-50.716731
-24.930648
-40.964133
-24.765379
-40.452729
-71.665853
-28.249394
-36.570566
-47.326084
-43.658521
-31.718076
-50.802123
-43.347446
-57.123265
