-0.000082
-0.000026
-0.000043
-0.000000
-0.000047
-0.000541
-0.000002
-0.000047
-0.000009
-0.000001
-0.000011
-0.000000
-0.000000
-0.000001
-0.000624
-0.000000
-0.000005
-0.000000
-0.000000
-0.000021
-0.000340
-0.000000
-0.000010
-0.000000
-0.000018
-0.000010
-0.000000
-0.000007
-0.000000
-0.000276
-0.000038
-0.000052
-0.001113
-0.000001
-0.000016
-0.000005
-0.000002
-0.000001
-0.000000
-0.000001
-0.000001
-0.000000
-0.000000
-0.000476
-0.000002
-0.000001
-0.000003
-0.000000
-0.000009
-0.000002
-0.000003
-0.000012
-0.000003
-0.000011
-0.000000
-0.000002
-0.000002
-0.000002
-0.000000
-0.000452
-0.000293
-0.000291
-0.000007
-0.000000
-0.000000
-0.000001
-0.000005
-0.000008
-0.000001
-0.000000
-0.000201
-0.000006
-0.000000
-0.000000
-0.000003
-0.000000
-0.000893
-0.000086
-0.000000
-0.000003
-0.000014
-0.000002
-0.000001
-0.000004
-0.000003
-0.000004
-0.000004
-0.000000
-0.000001
-0.000002
-0.000002
-0.000000
-0.000028
-0.000003
-0.000000
-0.000471
-0.000030
-0.000000
-0.000001
-0.000025
-0.000001
-0.000111
-0.000000
-0.000026
-0.000002
-0.000000
-0.000008
-0.001369
-0.000000
-0.000045
-0.000000
-0.000003
-0.000018
-0.000048
-0.001796
-0.000002
-0.000049
-0.000001
-0.000062
-0.000004
-0.000277
-0.000091
-0.000022
-0.000859
-0.000002
-0.000027
-0.000000
-0.000008
-0.000003
-0.000092
-0.000377
-0.000000
-0.000001
-0.000001
-0.000045
-0.000002
-0.000001
-0.000008
-0.000005
-0.000010
-0.000101
-0.000058
-0.000009
-0.000018
-0.000005
-0.000001
-0.000162
-0.000000
-0.000000
-0.000000
-0.000008
-0.000003
-0.000007
-0.000001
-0.000036
-0.000000
-0.000000
-0.000025
-0.000078
-0.000145
-0.000000
-0.000000
-0.000000
-0.000318
-0.000050
-0.000000
-0.000000
-0.000018
-0.000000
-0.000000
-0.000006
-0.000005
-0.000007
-0.000000
-0.000000
-0.000000
-0.000002
-0.000011
-0.000001
-0.000000
-0.000000
-0.000001
-0.000000
-0.000001
-0.000011
-0.000000
-0.000012
-0.000005
-0.000002
-0.000000
-0.000027
-0.000007
-0.000220
-0.000077
-0.000011
-0.000006
-0.000002
-0.000011
-0.000053
-0.000007
-0.000021
-0.000026
-0.000000
-0.000000
-0.000122
-0.000007
-0.000002
-0.000291
-0.000003
-0.000019
-0.000000
-0.000004
-0.000000
-0.000023
-0.000013
-0.000284
-0.000194
-0.000001
-0.000005
-0.000080
-0.000004
-0.000000
-0.000338
-0.000000
-0.000001
-0.000056
-0.000001
-0.000000
-0.000013
-0.000015
-0.000343
-0.000000
-0.000010
-0.000000
-0.000000
-0.000121
-0.000000
-0.000002
-0.000001
-0.000063
-0.000020
-0.000000
-0.000311
-0.000000
-0.000001
-0.000059
-0.000043
-0.000003
-0.000000
-0.001530
-0.000067
-0.000087
-0.000284
-0.000000
-0.000060
-0.000000
-0.000013
-0.000066
-0.000001
-0.000014
-0.000001
-0.000450
-0.000000
-0.000000
-0.000003
-0.000013
-0.000008
-0.001269
-0.000000
-0.000003
-0.000012
-0.000004
-0.000000
-0.000001
-0.000120
-0.000001
-0.000011
-0.000000
-0.000010
-0.000012
-0.000000
-0.000000
-0.000000
-0.000005
-0.000088
-0.000007
-0.000088
-0.000003
-0.000009
-0.000000
-0.000008
-0.000018
-0.000005
-0.000004
-0.001046
-0.000000
-0.000013
-0.000000
-0.000023
-0.000002
-0.000072
-0.000192
-0.000066
-0.000000
-0.000010
-0.001118
-0.000020
-0.000577
-0.000000
-0.000046
-0.000016
-0.000001
-0.000002
-0.000010
-0.000008
-0.000029
-0.000002
-0.000002
-0.000002
-0.000000
-0.000018
-0.000001
-0.000031
-0.000001
-0.000000
-0.000000
-0.000014
-0.000000
-0.000008
-0.000002
-0.000009
-0.000010
-0.000004
-0.000031
-0.000001
-0.000000
-0.000002
-0.000000
-0.000000
-0.000000
-0.000137
-0.000068
-0.000007
-0.000002
-0.000000
-0.002673
-0.000070
-0.000136
-0.000008
-0.000000
-0.000003
-0.000012
-0.000000
-0.000047
-0.001492
-0.000006
-0.000005
-0.000001
-0.000001
-0.000000
-0.000121
-0.000005
-0.000000
-0.000000
-0.000000
-0.000001
-0.000001
-0.000000
-0.000003
-0.000014
-0.000018
-0.000000
-0.000183
-0.000002
-0.000002
-0.000000
-0.000003
-0.000002
-0.000051
-0.000219
-0.000026
-0.000000
-0.000019
-0.016838
-0.000002
-0.000000
-0.000000
-0.000023
-0.000001
-0.000003
-0.000002
-0.000006
-0.000000
-0.000000
-0.000003
-0.000006
-0.000000
-0.000000
-0.000036
-0.000006
-0.000007
-0.000051
-0.000017
-0.000022
-0.000011
-0.000305
-0.002331
-0.000000
-0.000034
-0.000000
-0.000003
-0.000001
-0.000000
-0.000208
-0.000007
-0.000000
-0.000001
-0.000091
-0.000016
-0.000001
-0.000127
-0.000010
-0.000195
-0.000000
-0.000078
-0.000002
-0.000006
-0.000002
-0.000064
-0.000001
-0.000001
-0.000000
-0.000038
-0.000002
-0.000000
-0.000002
-0.000048
-0.000144
-0.000032
-0.000011
-0.000000
-0.000690
-0.000005
-0.000008
-0.000000
-0.001429
-0.000034
-0.000008
-0.000001
