-234.011695
-260.762575
-220.326162
-253.354139
-219.987743
-238.354782
-209.248794
-248.857878
-228.665333
-293.738464
-263.262190
-251.095922
-219.719093
-217.893754
-210.604471
-214.835797
-245.387433
-232.157356
-250.789080
-226.182930
-232.699205
-255.590097
-273.698983
-238.221105
-229.516094
-257.168807
-238.663600
-252.301665
-245.369517
-265.953031
-250.239707
-204.679931
-255.867594
-235.314085
-285.900320
-236.248331
-250.783001
-273.068800
-221.894889
-219.379601
-258.421145
-247.189883
-254.936553
-229.208743
-276.226329
-240.789034
-227.647586
-256.895028
-261.505875
-255.433958
-245.488993
-250.554984
-253.346483
-239.319424
-230.293501
-222.413856
-234.171333
-227.548508
-230.972666
-298.806263
-240.131251
-215.585637
-251.141139
-231.606775
-244.423519
-220.407182
-275.413682
-225.699591
-251.432691
-231.767723
-229.359511
-270.100209
-247.244830
-235.571816
-230.116115
-230.443138
-242.397460
-284.056205
-241.302569
-215.911700
-248.964484
-228.117925
-229.817711
-262.003908
-259.165158
-254.096559
-253.568145
-246.587956
-283.171894
-238.111730
-247.910589
-267.380980
-290.180175
-249.915949
-268.591860
-282.550457
-261.777723
-263.242016
-237.103829
-236.779005
-266.722761
-250.049303
-219.593586
-230.609759
-251.173578
-230.146053
-226.122348
-236.654813
-237.000967
-221.240587
-237.695213
-241.324393
-252.856413
-228.989387
-297.512683
-278.552069
-249.025257
-239.863086
-220.429470
-262.965688
-232.807977
-253.050533
-212.949737
-270.482007
-257.455396
-237.355517
-253.788916
-219.446193
-227.372750
-210.778171
-232.435414
-271.342645
-247.312472
-253.239790
-259.978764
-227.770806
-192.144814
-246.780080
-236.069831
-265.611993
-229.662856
-243.196410
-262.122870
-238.065549
-253.285009
-231.833522
-241.733826
-215.061141
-256.691131
-256.745031
-229.065809
-212.538207
-246.086283
-255.391576
-257.351695
-258.921848
-253.309457
-236.474845
-231.491483
-285.732075
-207.463399
-232.967440
-249.635606
-266.270169
-225.830069
-214.316566
-253.010583
-250.517878
-241.256872
-232.491427
-230.679661
-217.440974
-262.753223
-226.170594
-252.113836
-234.854215
-227.226688
-269.676951
-241.822702
-236.061887
-256.466684
-237.567591
-234.284039
-278.969266
-270.270454
-264.241893
-287.308821
-250.110921
-256.530912
-233.835006
-235.513176
-257.507812
-238.825584
-248.328717
-221.420977
-240.022548
-233.354866
-246.711850
-232.221206
-233.439596
-231.268435
-221.601355
-246.902998
-242.115491
-238.776098
-208.456496
-224.418124
-265.573150
-225.442071
-218.286154
-241.581474
-226.111638
-241.583259
-288.562673
-198.528814
-239.821205
-209.731533
-232.625057
-265.719378
-258.720343
-270.509960
-303.474764
-262.045321
-224.610073
-269.806146
-266.044914
-250.946754
-250.760967
-227.636384
-236.025323
-248.955052
-250.414240
-242.402864
-264.177572
-219.931978
-275.978265
-253.562194
-255.994703
-231.588740
-230.928685
-236.800289
-224.967087
-231.734422
-210.848689
-237.942376
-242.299412
-244.200869
-238.219645
-240.858064
-193.196760
-260.665586
-270.225922
-244.702430
-252.654131
-229.307611
-259.729730
-245.962309
-220.515613
-226.037461
-234.281179
-213.353877
-283.038457
-206.542376
-264.510489
-253.969866
-231.738555
-234.880787
-276.196956
-247.184232
-218.283585
-227.643528
-249.287613
-239.401039
-239.356989
-269.780132
-219.384251
-226.117365
-241.199272
-261.654256
-246.828325
-204.770980
-261.488002
-246.332197
-238.081688
-281.423730
-221.028213
-249.120758
-241.322009
-270.359902
-235.360348
-318.322239
-223.851096
-257.800641
-255.727908
-295.257496
-272.383367
-242.925351
-250.285388
-254.697883
-249.883580
-263.204236
-272.033705
-226.091416
-230.275097
-212.999735
-244.196146
-220.583020
-225.214260
-260.970216
-204.629269
-272.483291
-242.039938
-292.194489
-235.431601
-252.379115
-280.689755
-245.897175
-246.603107
-237.412143
-221.006011
-253.784150
-223.733223
-237.566175
-248.788958
-221.674777
-296.276645
-220.909790
-274.842014
-289.555004
-233.113328
-305.698738
-258.155166
-237.085098
-255.904547
-222.483805
-280.675959
-233.212349
-277.898753
-261.233030
-250.279728
-262.244634
-229.664900
-233.108712
-234.904305
-236.392881
-235.741847
-275.421557
-263.849810
-238.184883
-230.813231
-229.069028
-224.484167
-247.054574
-260.009313
-252.450262
-228.410418
-209.979600
-282.163995
-203.247211
-278.540007
-242.457057
-291.935725
-250.967024
-273.674717
-220.868135
-280.120733
-239.937043
-236.548019
-233.711023
-270.393497
-226.032820
-229.531504
-273.047668
-269.037898
-254.599464
-246.962104
-225.984537
-228.632912
-226.297383
-222.384447
-277.675807
-266.374806
-240.819781
-245.051030
-251.796743
-246.593994
-221.329925
-261.478093
-251.078662
-225.914546
-237.281345
-273.519513
-242.563075
-307.021340
-263.352268
-270.921112
-230.864939
-222.879528
-234.572510
-232.360832
-269.585122
-230.975683
-267.666143
-235.382455
-255.079638
-232.134785
-267.231799
-263.994461
-190.471992
-245.559268
-239.367868
-240.167805
-232.811505
-231.606791
-253.863412
-232.417489
-243.154799
-227.750851
-238.656991
-253.427784
-244.014763
-261.493336
-291.637998
-210.270682
-255.605511
-283.971507
-233.959283
-213.825035
-226.659531
-262.057781
-239.207065
-259.891031
-237.000869
-248.872986
-229.053381
-274.934022
-240.602395
-217.746379
-243.830554
-230.875752
-241.004220
-232.685454
-253.107337
-250.781672
-218.956275
-259.995621
-260.276942
-271.177676
-251.986883
-275.162967
-251.254422
-246.114733
-265.733821
-225.463451
-215.791346
-262.236798
-236.693428
-253.334579
-213.650119
-224.176207
-207.642570
-217.351962
-274.360716
-267.861370
-245.768303
-253.508923
-235.254000
-241.294972
-267.850183
-241.345784
-271.844872
-215.681299
-244.749973
-259.562552
-234.995002
-237.915765
-267.312461
-197.901025
-254.827887
-229.662130
-265.153363
-223.792770
-244.009187
-242.666719
-242.798272
-263.554845
-259.761926
-275.029921
-271.005420
-246.712019
-265.636146
-267.554328
-236.375367
-227.125175
-211.615419
-225.480339
-210.471352
-242.149453
-307.416247
-219.107314
-264.108358
-234.224711
-246.201827
-214.141119
-243.893720
-236.105202
-267.803629
-231.593604
-269.002432
-258.325138
-231.873770
-211.217835
-260.875930
-241.771769
-242.001625
-248.354868
-244.104942
-277.378892
-232.544169
-229.177259
-262.901966
-241.464966
-239.487818
-260.455099
-240.807132
-254.409207
-244.941026
-241.709421
-271.372326
-234.267975
-246.186220
-222.787478
-236.035287
-252.895880
-203.471259
-226.822109
-207.504949
-223.636784
-248.832841
-250.803294
-212.730971
-240.415903
-225.937640
-229.165146
-217.272223
-235.879657
-241.219221
-210.685209
-255.298573
-207.979668
-255.652406
-234.228960
-237.689102
-277.867500
-263.307944
-221.812397
-237.278636
-202.457269
-217.392072
-235.829131
-284.334717
-284.655491
-242.304049
-245.219061
-275.055750
-241.373446
-251.456842
-258.069339
-236.661928
-222.295863
-231.286852
-284.949055
-248.307478
-226.964718
-225.964595
-227.641034
-223.844884
-255.222243
-234.562136
-214.495682
-222.036465
-261.712925
-236.083412
-284.011574
-289.729702
-222.962712
-273.237514
-239.096423
-237.552019
-257.917435
-252.626798
-259.715367
-232.422365
-226.777199
-245.734827
-223.579331
-201.579624
-240.398067
-246.160449
-245.705905
-234.556851
-235.599190
-269.569570
-266.111037
-241.546741
-318.134119
-235.637049
-254.694825
-238.931543
-256.226990
-252.322498
-261.816406
-263.114944
-255.249535
-246.486239
-271.732350
-254.595969
-299.490565
-256.377753
-220.832257
-243.574303
-240.673909
-234.926254
-256.296545
-220.194809
-234.935724
-288.679610
-237.130549
-228.958815
-234.050272
-232.932847
-221.678139
-284.855577
-242.805482
-232.324092
-258.904907
-237.773318
-247.591622
-224.242841
-236.915681
-251.090829
-200.453098
-212.775293
-253.211331
-242.512540
-216.632661
-273.456881
-243.656623
-198.912459
-252.181705
-229.365177
-208.286299
-221.049952
-233.411398
-251.318931
-267.168440
-244.157612
-270.108696
-275.471355
-239.735922
-250.070019
-236.035352
-266.550301
-249.551889
-265.173102
-249.583811
-248.179659
-243.649678
-234.731227
-240.927180
-234.798250
-257.716847
-238.135463
-215.346757
-239.356775
-232.455891
-269.608116
-226.808369
-243.419213
-267.825961
-303.117927
-224.195239
-238.160873
-260.200955
-248.280789
-230.981715
-227.555027
