-6.372860
-1.399052
-3.017578
-0.119692
-4.426840
-1.981497
-2.290038
-2.757006
-2.948235
-5.686842
-0.208858
-1.195881
-1.954237
-4.826896
-0.733492
-5.426270
-1.891447
-1.649661
-3.760891
-2.034860
-6.108616
-4.039838
-4.320537
-1.312877
-2.476619
-6.295722
-6.789615
-5.533492
-7.007988
-8.010993
-4.101530
-2.792099
-5.421485
-0.158998
-0.222229
-0.151973
-0.085738
-0.981906
-3.670695
-1.783489
-4.787550
-6.943383
-0.565373
-0.168594
-1.308275
-1.568605
-2.195758
-1.025446
-1.851947
-3.040646
-5.023648
-0.929247
-4.968940
-3.201763
-0.562750
-4.336793
-1.515616
-2.051754
-4.435429
-1.442663
-1.322640
-6.222820
-3.472798
-3.286706
-0.480452
-4.863108
-3.394217
-0.824042
-0.817345
-1.137245
-2.519156
-0.236699
-4.621922
-5.257918
-1.597972
-5.693852
-2.323044
-1.763075
-0.142699
-8.553906
-0.650106
-0.694573
-1.723827
-2.813826
-5.817706
-1.322590
-4.401627
-3.108872
-1.332973
-8.648436
-0.680313
-4.461914
-6.538212
-0.384158
-5.121588
-1.055831
-2.343634
-7.268868
-3.442535
-5.803333
-4.816585
-0.712956
-0.873303
-4.648515
-4.847901
-1.697421
-1.707023
-0.247241
-2.896280
-0.178779
-1.475930
-3.076550
-0.028920
-6.866790
-8.493000
-2.544511
-3.133641
-1.331354
-2.313552
-2.904429
-5.070329
-5.685201
-4.467005
-0.449038
-3.113459
-1.770112
-1.681630
-1.748483
-1.065837
-3.400172
-1.666921
-2.527128
-0.152990
-2.267691
-0.026822
-4.986120
-1.685430
-1.681057
-0.004607
-2.359758
-4.635736
-3.031964
-2.126841
-2.348740
-0.339711
-0.495997
-6.896398
-4.586236
-0.808739
-1.324022
-0.555092
-0.314743
-0.236107
-0.328489
-1.989409
-0.775463
-1.879021
-1.519334
-0.353457
-2.609193
-0.304163
-3.439722
-4.885042
-2.374637
-2.268294
-4.675596
-1.090297
-1.331070
-1.065369
-0.558079
-1.772361
-3.667911
-8.191829
-0.015177
-2.690511
-2.249893
-7.604346
-0.418590
-6.054922
-0.661679
-1.288119
-0.243060
-1.536865
-1.539573
-5.265008
-6.327151
-1.213066
-2.381423
-2.134601
-3.724586
-0.543988
-1.033196
-0.661533
-6.583053
-2.743296
-1.914551
-6.396111
-2.820835
-0.635569
-1.114333
-6.627596
-2.937653
-2.128221
-4.610823
-4.667852
-1.058054
-6.753207
-0.634292
-0.860222
-0.881002
-0.836612
-3.165856
-6.536783
-6.332023
-6.141897
-1.457008
-0.429149
-3.553019
-5.222579
-0.555846
-0.828249
-7.408188
-1.744763
-2.611120
-3.600653
-0.137942
-4.629015
-3.427580
-6.868520
-4.935365
-8.594490
-4.129574
-2.067709
-3.053962
-0.748419
-0.344757
-2.933021
-0.678213
-0.991197
-2.218388
-4.027803
-4.542227
-1.021118
-1.157524
-4.512242
-0.256234
-1.900856
-1.486217
-2.177824
-9.406952
-2.007695
-2.694536
-1.008916
-1.775661
-1.293899
-0.488872
-1.529667
-5.790346
-0.724799
-2.327283
-4.371933
-3.505955
-1.870008
-3.513834
-0.759489
-1.431348
-2.119999
-4.172645
-7.466549
-0.257688
-3.901393
-1.232872
-0.436595
-3.306584
-2.225226
-2.201942
-3.698037
-2.664473
-0.459069
-1.634127
-0.584785
-1.616452
-2.825608
-0.486432
-0.991663
-0.973514
-6.079894
-0.000289
-5.249075
-6.255756
-1.463359
-4.792572
-2.620998
-1.320720
-2.303361
-6.028921
-3.931773
-0.713899
-4.282237
-6.431317
-1.826051
-0.308502
-4.358088
-0.006271
-2.278368
-2.027510
-3.105194
-10.891639
-3.303662
-2.202610
-2.352949
-1.765990
-1.792053
-4.291746
-3.882393
-0.244581
-0.689654
-2.527566
-0.776745
-0.533985
-5.892311
-0.373768
-9.361534
-1.257539
-2.619157
-4.012234
-2.291838
-0.940142
-0.692121
-1.944184
-1.075362
-3.373115
-1.691773
-2.028394
-1.288106
-5.149004
-1.216806
-3.188946
-5.991423
-2.456516
-0.603874
-2.140717
-1.146051
-0.473193
-2.134382
-1.753831
-0.716131
-4.801893
-0.491783
-3.792442
-0.961476
-1.864669
-0.648521
-0.793649
-9.059193
-0.673696
-3.347913
-5.119764
-1.358203
-5.114157
-4.238860
-2.701911
-0.548042
-4.147786
-1.821794
-2.493037
-0.303559
-4.632801
-2.550847
-4.567896
-2.507517
-0.737391
-1.554956
-7.271168
-2.826715
-2.439655
-1.022235
-5.653044
-0.945844
-8.238602
-5.936472
-0.019534
-3.068807
-1.371976
-1.779032
-0.417153
-1.062565
-0.245980
-2.310532
-0.757415
-3.623446
-1.634126
-1.495713
-2.627932
-2.924601
-0.180423
-0.349484
-1.156457
-4.509892
-1.926661
-0.041334
-4.779136
-5.859526
-0.103786
-0.500674
-1.011981
-0.182236
-0.663659
-2.550005
-0.861526
-0.674564
-2.077825
-1.237648
-6.049530
-1.970960
-0.703907
-1.408285
-1.750693
-3.884925
-3.976837
-3.106344
-4.180641
-3.070617
-2.401086
-3.232266
-3.372901
-2.750878
-2.325559
-0.853107
-4.948383
-0.620095
-4.205864
-3.455062
-0.673517
-4.213521
-0.746418
-0.559598
-2.590553
-0.496029
-2.402538
-3.193485
-4.182684
-1.027144
-0.811755
-1.293218
-4.960610
-5.219944
-2.062859
-1.981019
-1.641498
-4.795625
-3.566453
-0.574406
-3.671763
-6.171401
-4.475772
-0.875836
-0.938689
-3.431230
-0.295972
-2.303656
-5.514569
-6.073945
-2.194185
-1.112984
-0.691417
-4.099129
-0.075968
-0.419816
-10.268503
-0.632611
-0.793011
-6.824331
-1.030117
-5.302366
-2.771404
-0.976916
-2.255726
-5.946220
-8.298054
-0.805661
-3.020198
-1.819091
-0.431456
-1.603274
-1.880307
-1.421434
-1.694448
-5.442362
-1.395602
-3.484914
-0.820880
-0.516354
-3.781016
-1.720403
-7.851053
-3.365977
-0.505704
-1.304146
-4.879625
-1.091354
-2.018110
-0.826167
-0.098533
-8.031861
-2.188494
-1.807759
-2.776979
-3.574038
-4.312719
-0.166351
-5.721925
-0.929342
-1.990089
-0.033576
-1.899335
-1.567233
-2.769161
-2.717053
-0.166537
-1.918678
-2.833362
-5.887869
-1.306639
-0.796068
-0.321872
-0.594657
-1.709443
-0.693733
-1.667664
-6.741823
-0.825819
-2.847642
-1.933111
-2.268837
-1.437810
-6.776030
-2.433768
-1.371052
-1.838427
-0.244524
-2.420246
-0.824880
-6.252530
-0.613702
-0.911825
-2.082711
-0.705068
-1.045506
-2.923991
-1.162614
-8.174464
-2.880707
-1.908031
-0.791450
-2.540263
-3.142792
-2.829322
-2.410526
-1.033308
-3.090633
-2.253917
-2.027995
-1.649162
-2.487010
-3.565466
-0.896156
-2.422990
-1.344701
-1.141113
-0.693956
-1.210787
-0.969827
-0.184271
-1.226412
-0.087795
-1.242336
-1.867806
-0.002110
-3.437371
-4.894657
-3.765035
-4.461504
-0.026362
-6.222615
-0.414023
-3.808152
-5.336607
-1.912365
-0.604612
-1.353174
-0.832098
-5.151059
-0.603988
-5.911236
-3.933615
-3.653250
-0.528312
-4.384295
-3.214325
-1.221913
-5.267007
-3.036653
-4.662848
-4.343910
-3.712319
-0.351030
-1.828762
-1.590575
-4.785326
-2.223209
-0.148141
-0.748775
-3.942457
-3.539247
-4.779935
-0.454084
-6.732795
-5.466314
-4.573901
-2.833371
-1.894865
-4.068780
-3.931561
-2.667707
-1.651893
-3.566398
-5.709776
-1.018110
-1.296642
-0.964320
-3.756152
-1.558814
-4.718534
-0.139702
-5.050800
-2.787714
-0.298001
-3.688669
-1.916077
-6.756798
-0.620180
-1.091317
-2.096287
-6.016242
-5.263723
-0.525977
-0.161429
-2.836550
-1.313152
-2.969153
-2.424089
-0.053314
-0.148534
-4.476503
-1.847820
-1.736153
-0.003706
-2.868066
-1.981877
-1.440449
-0.225969
-4.858688
-2.394210
-0.382101
-6.297784
-2.635580
-2.145921
-1.995381
-5.942316
-3.440676
-2.454936
-1.221270
-1.148805
-1.632193
-1.074122
-2.740807
-0.773831
-0.462384
-4.779082
-2.395032
-0.074576
-5.013220
-5.712477
-1.700248
-2.905193
-4.057607
-0.285571
-0.314166
-0.011103
-0.252052
-1.026422
-0.495554
-2.294466
-0.766364
-0.097364
-2.142051
-5.175742
-1.142847
-1.631501
-0.472635
-2.316869
-2.185131
-4.417177
-0.128817
