-0.954148
-5.284441
-2.036837
-5.290229
-3.486099
-2.467205
-6.277928
-2.247771
-2.823962
-5.816225
-2.752325
-0.588196
-4.701558
-6.958752
-1.154302
-1.153326
-1.607872
-6.078569
-2.046692
-1.307125
-1.783561
-5.607817
-3.095774
-3.129734
-4.211332
-0.080048
-1.114888
-6.777891
-4.338430
-2.083336
-0.438908
-10.276045
-1.528266
-5.358338
-1.008212
-3.907374
-3.235057
-5.398902
-7.064038
-0.079399
-4.846795
-3.259633
-6.260531
-1.886511
-5.448277
-0.218782
-0.633090
-6.497270
-0.652076
-3.560706
-0.483139
-1.552934
-4.150474
-6.954221
-0.313283
-7.647800
-3.289399
-3.146668
-4.887990
-6.771712
-1.418891
-3.094818
-3.077715
-5.433241
-4.807258
-1.989164
-4.666774
-7.857781
-4.174435
-1.112080
-0.367276
-1.493804
-6.639895
-3.058858
-1.204065
-2.054032
-0.812257
-5.826582
-2.896254
-0.531294
-0.400672
-2.753471
-2.283797
-1.042205
-8.032643
-3.050846
-4.308998
-2.901830
-3.944236
-8.000554
-1.524713
-0.767639
-1.637573
-3.597048
-3.188103
-2.516011
-3.829140
-3.571157
-0.476924
-2.737385
-0.041028
-0.540305
-5.565006
-5.297267
-0.938125
-2.757022
-1.444478
-1.110386
-2.255869
-3.476597
-5.264078
-3.143983
-2.928779
-4.015578
-4.752074
-7.008268
-2.169760
-2.482009
-0.402416
-0.961311
-5.208319
-5.285608
-3.561724
-2.112422
-1.875846
-4.477187
-2.896127
-4.227370
-2.851464
-2.779403
-1.781985
-0.935927
-1.301509
-3.290231
-4.806762
-0.396028
-4.088290
-8.442338
-0.724247
-4.099350
-2.446074
-0.021897
-0.000143
-3.904897
-0.403878
-4.826497
-0.606778
-2.875854
-9.378283
-2.924963
-4.825383
-0.946053
-9.173886
-3.470198
-0.130172
-2.183861
-8.259524
-5.912293
-0.043853
-4.335628
-3.747508
-4.056648
-2.207779
-1.899229
-1.903972
-2.682524
-0.602723
-3.710175
-2.773810
-1.196383
-5.151141
-5.901769
-5.109597
-2.791916
-1.682176
-1.529598
-3.484914
-1.616238
-4.084608
-0.261230
-2.238178
-5.263293
-4.660519
-0.657834
-3.932791
-3.434748
-0.580691
-1.080874
-6.353111
-2.780746
-3.068503
-7.041053
-6.910920
-6.681287
-0.280893
-7.401422
-0.009821
-1.379941
-0.659635
-1.866297
-0.284748
-4.575779
-1.636723
-0.764753
-0.355765
-9.189585
-4.723516
-1.331330
-0.481165
-4.119394
-2.325952
-1.727097
-1.384468
-1.875190
-4.059259
-3.406954
-2.101191
-2.689599
-5.932376
-6.999448
-3.116706
-1.783310
-0.038075
-6.936203
-0.871137
-6.344230
-8.701146
-5.347104
-6.170366
-2.355664
-2.523711
-0.942945
-7.293811
-7.139447
-0.684386
-3.018315
-5.442405
-5.060600
-0.010162
-2.700918
-4.753920
-4.155758
-0.755085
-9.428530
-1.241514
-2.273085
-8.493793
-2.802152
-3.165644
-1.919180
-6.490535
-4.176052
-3.569295
-1.799593
-0.888904
-0.825356
-1.645067
-6.545554
-0.549610
-1.677576
-0.826393
-2.704048
-2.353435
-6.795913
-5.653029
-0.967758
-0.474269
-6.232880
-3.322772
-5.242541
-0.102079
-6.710369
-1.891691
-5.796806
-3.529564
-6.179440
-3.353395
-5.008508
-0.056171
-2.813011
-1.661887
-3.847918
-3.870183
-1.310050
-1.211310
-5.458295
-1.132032
-5.592923
-1.065207
-3.465453
-0.604574
-1.580383
-4.670958
-4.080857
-6.313094
-3.759240
-2.572471
-1.638902
-2.656794
-4.915055
-2.140802
-0.351655
-0.952162
-1.874403
-3.129578
-0.204483
-0.037410
-3.220033
-1.473404
-10.300435
-6.958921
-1.752176
-5.655021
-2.708971
-0.255351
-0.814284
-4.802901
-3.219803
-7.520593
-7.099627
-0.404864
-7.517401
-0.836775
-7.072013
-2.479027
-3.847587
-7.530804
-0.401557
-2.551519
-2.338707
-2.644668
-5.251956
-4.927862
-3.545409
-1.634946
-3.642781
-4.564716
-0.970334
-0.396895
-2.544012
-4.492722
-8.276126
-2.128206
-1.423653
-0.057858
-0.047685
-1.657942
-1.893224
-3.345303
-0.119152
-3.899763
-4.716447
-4.580044
-3.710586
-1.665601
-1.942981
-0.759072
-5.787211
-1.849216
-3.997070
-2.031997
-5.858715
-6.942637
-2.033796
-1.482890
-4.962555
-5.966451
-3.647387
-7.159046
-2.833518
-7.630469
-7.560497
-1.085912
-3.073471
-0.789858
-3.831390
-3.330705
-1.036924
-0.350262
-2.812283
-5.399464
-1.884998
-0.130691
-4.095206
-1.505911
-0.589181
-4.771999
-2.168183
-6.022032
-0.064847
-4.646131
-0.760109
-1.869574
-3.853099
-5.108953
-0.327982
-1.410483
-4.331413
-2.259651
-1.859960
-0.385956
-6.810633
-0.932846
-0.299401
-1.176774
-1.726533
-2.066069
-2.672532
-6.672338
-1.513274
-1.410606
-2.266891
-3.405335
-1.867154
-6.050935
-4.071584
