-43.420180
-42.361963
-43.519771
-45.760262
-50.420186
-45.527724
-25.925036
-59.876411
-61.562556
-55.388916
-37.561250
-42.741198
-38.839527
-28.251120
-55.399126
-38.999856
-44.984102
-45.268743
-45.896622
-49.742670
-49.111952
-56.510239
-37.904931
-30.014783
-31.098006
-46.983741
-56.459821
-47.535454
-53.829068
-47.271833
-45.311696
-41.586855
-41.397675
-38.943301
-55.579785
-50.994219
-30.307067
-40.040740
-48.239022
-62.371109
-31.165002
-52.966587
-35.425183
-47.468989
-46.717250
-56.792516
-53.593149
-46.728235
-47.842879
-51.978356
-55.642690
-45.350834
-49.602176
-54.078797
-38.408239
-38.645106
-41.604294
-45.424239
-49.709487
-39.918565
-35.837196
-40.686924
-48.679982
-46.175960
-34.214121
-53.021183
-31.291023
-32.625646
-51.631493
-52.662026
-37.980321
-40.279376
-49.323136
-44.023831
-45.036425
-44.258427
-29.116139
-39.292851
-41.718348
-42.883284
-47.470093
-58.368183
-50.558419
-59.844458
-42.845821
-43.281995
-42.303099
-39.171307
-44.373517
-39.838843
-41.030643
-46.207813
-44.268678
-47.797269
-46.380001
-46.491268
-32.435688
-42.130093
-46.901301
-47.042482
-49.207795
-46.910103
-61.701369
-43.957639
-33.933872
-51.994854
-40.284084
-48.008669
-47.030048
-37.683295
-49.766393
-39.925879
-35.407438
-34.354821
-48.071739
-49.933628
-41.636963
-42.415824
-61.124206
-49.939115
-28.316997
-47.726362
-49.754250
-35.213882
-62.663415
-53.120858
-47.442039
-46.306968
-52.213199
-41.645338
-57.344824
-42.202107
-39.531439
-50.624342
-41.417618
-48.158444
-47.069401
-37.010012
-40.890275
-49.955991
-49.729761
-43.207320
-41.719884
-53.881662
-46.034909
-30.181820
-53.944492
-36.773666
-55.018858
-41.001266
-64.150560
-46.921582
-45.243480
-54.069387
-45.193118
-46.149139
-30.499257
-33.987640
-59.560028
-42.156738
-33.980473
-44.849748
-52.027959
-37.234900
-45.446475
-50.378468
-55.653105
-41.696901
-43.609506
-50.238496
-31.122753
-38.527869
-44.652473
-43.557016
-39.934099
-45.551211
-43.608589
-68.157682
-36.072595
-46.977222
-62.441772
-34.375951
-50.271732
-51.192543
-41.890903
-35.622686
-36.441400
-49.763380
-47.770205
-30.264924
-24.136124
-46.779784
-45.046584
-44.301170
-36.897776
-39.824964
-44.668270
-55.578245
-57.206124
-29.607645
-46.920104
-47.046673
-27.281159
-54.563299
-44.668197
-49.100805
-46.599917
-53.225733
-37.247748
-42.892307
-37.907129
-40.318191
-43.795880
-53.703333
-31.895512
-46.038677
-61.824063
-41.791343
-45.063148
-45.335941
-47.643727
-42.475217
-45.439591
-57.128224
-46.532672
-52.868578
-52.677949
-57.260213
-50.357914
-60.072680
-51.313951
-49.708189
-55.502836
-46.380039
-37.749341
-36.388548
-49.836330
-38.646951
-49.440372
-45.491052
-49.972415
-60.041615
-31.750500
-57.447521
-41.041945
-48.202184
-42.134741
-38.837558
-48.598476
-60.665551
-49.964133
-51.591528
-39.288404
-42.165047
-45.937617
-47.083338
-52.096446
-51.244035
-48.089639
-39.641188
-50.868626
-52.754395
-41.749812
-63.236909
-43.699618
-42.178828
-43.550760
-49.842794
-49.496358
-35.935526
-41.584639
-37.875073
-50.248174
-27.667547
-46.533115
-46.651878
-46.451525
-60.601135
-44.897800
-49.090243
-55.836256
-52.004841
-66.978864
-55.475515
-48.020419
-49.748447
-58.675963
-52.834921
-56.175077
-50.159384
-50.011224
-39.255778
-47.972954
-31.096389
-44.852920
-48.561658
-58.426483
-33.756601
-47.070599
-34.548961
-50.937985
-45.650269
-50.895250
-51.484804
-43.428253
-52.977485
-47.771935
-40.649096
-51.651588
-36.680208
-45.782891
-42.282429
-45.964598
-49.903559
-44.478797
-32.050438
-33.545690
-51.681506
-43.767084
-42.719048
-54.218639
-51.265466
-44.280473
-52.181102
-38.238663
-37.609466
-47.326552
-49.066893
-58.804568
-43.519551
-50.279901
-50.246102
-48.714378
-49.869870
-48.645170
-48.790085
-43.082168
-64.270956
-41.907771
-39.703487
-25.076944
-32.380407
-38.313991
-42.362489
-31.840693
-36.793585
-54.770051
-49.395267
-40.984469
-45.775408
-35.150490
-62.728424
-37.101289
-46.447058
-57.838107
-46.944872
-41.957576
-58.929216
-54.667685
-29.229087
-52.902086
-40.109865
-46.166728
-45.995983
-62.843307
-41.176176
-44.246741
-53.131097
-57.743473
-48.631636
-46.710128
-46.882075
-41.551113
-33.746665
-56.779001
-42.817464
-44.311507
-55.639147
-40.046888
-50.319960
-52.857689
-59.557934
-61.189971
-54.861496
-61.517927
-43.215491
-35.679120
-52.785474
-51.782915
-45.383549
-35.001075
-26.186887
-44.810764
-50.418338
-60.213543
-42.421200
-41.953911
-42.537830
-43.565256
-39.220824
-48.685410
-55.559820
-61.869684
-58.624526
-53.000743
-50.926483
-42.941115
-39.957978
-50.627773
-39.455705
-46.686433
-47.282336
-54.615621
-47.071954
-51.865040
-29.406409
-42.009777
-40.871593
-52.810614
-48.081836
-35.490878
-37.567160
-54.657610
-37.282874
-33.687659
-44.621849
-37.057579
-46.590041
-45.662362
-40.954166
-45.269486
-37.614471
-38.377152
-31.274220
-54.224979
-43.515475
-59.322432
-50.863096
-44.608038
-29.954801
-54.042967
-52.035666
-48.064585
-48.476640
-51.902666
-50.378033
-34.356531
-39.034150
-40.759086
-46.853249
-45.030756
-34.641193
-36.389310
-43.069278
-58.299048
-53.751319
-43.104508
-56.192573
-43.272158
-39.573531
-23.572010
-41.059932
-40.910865
-47.663937
-46.762582
-51.757984
-53.262606
-32.266380
-52.726217
-37.195475
-53.576643
-55.710605
-41.950153
-47.914433
-65.492309
-44.167329
-57.032950
-52.062902
-35.265620
-48.924461
-38.457315
-40.768902
-58.479296
-54.310113
-36.485699
-25.948425
-47.923850
-48.092121
-49.908138
-48.503982
-59.463164
-47.620240
-64.366588
-37.535402
-51.888662
-51.384775
-43.525667
-65.411894
-48.964686
-56.642798
-46.429558
-46.298737
-44.097962
-55.535682
-48.403207
-57.630281
-60.638329
-40.362774
-44.809620
-48.557662
-53.974996
-56.363340
-60.150326
-58.975138
-58.797571
-49.797423
-53.217256
-38.140518
-46.681797
-34.047309
-23.799728
-43.493693
-52.275158
-47.906530
-39.459670
-37.607436
-42.086932
-38.804544
-46.960873
-42.197405
-36.341457
-47.709572
-54.571441
-44.327237
-63.016455
-45.752474
-43.426113
-38.944657
-53.487326
-55.687993
-46.372265
-57.564072
-36.534586
-58.127191
-52.975676
-39.860543
-46.516885
-46.156279
-66.961291
-55.435199
-56.663654
-40.242657
-48.495537
-49.102955
-38.109923
-35.827078
-32.045395
-50.255495
-55.917993
-31.265595
-62.128640
-61.841838
-52.077115
-50.557714
-20.417361
-49.668810
-40.965761
-46.119861
-46.309072
-60.464713
-30.041065
-28.076905
-38.430067
-48.168094
-48.495653
-44.406914
-51.164343
-45.658903
-44.950354
-32.481669
-48.933345
-48.546428
-56.012821
-50.928644
-35.106215
-29.553595
-45.251007
-44.987074
-42.411802
-40.837836
-49.308434
-38.515220
-57.133406
-58.390115
-44.028093
-49.404000
-36.787063
-60.367051
-38.919774
-59.139056
-44.657648
-46.066189
-42.209676
-46.460217
-48.222551
-57.546227
-59.855957
-42.583639
-59.499434
-48.450163
-41.484596
-53.172393
-52.643308
-57.376518
-61.133873
-38.317661
-29.200382
-41.878129
-41.987429
-67.810876
-36.297046
-50.253007
-55.904404
-54.010141
-49.891713
-58.527465
-33.309598
-43.851632
-48.838631
-65.077756
-35.999476
-40.894590
-55.956904
-37.147943
-43.101556
-50.053041
-29.938228
-40.141913
-47.629749
-31.286929
-39.596297
-47.925022
-53.234975
-42.714702
-48.874933
-35.776477
-34.820032
-58.792368
-53.148749
-42.532059
-59.169006
-51.753507
-43.057804
-47.039861
-48.727178
-46.708045
-65.337883
-45.003261
-44.335396
-45.178103
-46.281653
-38.303305
-39.881514
-45.095214
-35.064834
-55.176879
-45.333817
-36.114886
-49.768277
-30.650712
-45.324066
-44.047994
-47.553794
-48.086931
-40.867184
-45.586941
-49.611285
-31.900459
-62.620432
-50.387756
-54.857898
-46.148721
-27.786630
-34.223940
-53.283208
-59.318189
-44.128942
-50.448581
-47.371619
-45.526540
-59.196491
-57.103471
-42.136149
-49.762002
-38.898250
-52.501809
-39.925731
-40.632196
-45.711518
-50.632560
-47.354165
-49.172526
-41.450611
-44.880563
-37.580005
-52.790310
-60.066437
-50.184910
-41.050253
-41.666675
-61.918460
-41.813520
-30.043954
-33.820393
-49.201793
-40.477384
-39.472500
-50.565828
-48.580555
-54.656106
-47.573608
-62.282402
-45.506068
-40.347517
-46.439713
-34.277691
-53.979983
-37.031162
-36.392571
-59.047654
-45.185032
-36.994573
-40.949430
-45.664055
-47.170631
-49.281019
-47.287939
-47.083334
-40.155268
-61.635976
-53.356509
-29.087029
-51.961278
-44.337521
-43.602452
-56.999798
-34.502298
-46.062310
-36.907507
-51.901246
-42.507225
-33.315409
-56.894717
-51.376828
-46.300826
-57.383665
-44.281695
-32.429869
-42.602417
-50.564036
-60.966279
-36.795548
-50.364995
-42.533029
-37.343586
-42.336755
-43.762683
-39.384069
-50.317449
-47.958495
-38.347653
-50.733015
-51.268156
-41.322460
-52.307453
-47.660225
-49.035397
-37.471009
-58.075678
-34.799231
-47.418309
-48.879576
-56.032986
-37.826530
-34.846500
-40.435119
-41.697364
-50.654614
-47.197065
-55.981710
-65.544212
-51.220465
-35.658357
-58.608876
-53.142787
-58.724155
-26.951973
-24.583394
-36.920132
-39.927618
-62.683683
-45.328739
-46.897325
-50.104852
-41.863258
-37.057192
-49.678569
-59.042980
-46.137897
-43.023613
-54.222828
-33.812446
-49.869575
-39.224258
-49.706838
-47.575310
-60.553043
-40.886470
-47.602271
-48.385944
-37.033652
-38.782663
-62.400322
-46.897369
-52.947747
-45.595058
-33.845757
-42.473180
-48.221070
-60.379693
-33.078278
-54.715774
-43.629942
-54.631588
-58.081498
-35.790720
-57.806733
-27.277965
-58.845402
-42.922850
-52.911349
-27.535430
-43.127751
-41.669539
-50.037914
-32.361572
-54.477516
-47.355429
-47.370193
-45.731469
-43.072617
-54.676495
-30.424597
-48.421696
-40.364799
-58.734670
-42.188971
-34.475660
-48.179222
-30.341975
-33.516710
-57.260556
-45.211093
-39.702350
-42.221041
-26.733146
-39.043800
-46.894289
-54.232342
-56.017490
-39.445560
-38.549050
-43.929694
-47.016647
-38.579744
-52.939717
-42.098304
-44.765733
-43.181856
-39.435808
-55.570763
-44.422245
-40.315231
-45.243458
-63.050808
-42.924927
-56.627459
-36.713650
-45.890691
-50.853067
-45.591821
-36.672539
-42.707222
-38.359069
-35.970302
-40.894650
-44.090037
-39.962919
-33.559183
-40.532313
-26.206193
-48.000294
-36.975439
-52.844266
-59.939765
-40.669067
-48.637575
-43.129181
-58.112293
-40.282624
-53.485381
-31.341581
-41.723364
-42.155702
-54.153940
-32.050995
-40.358241
-48.761765
-36.642849
-54.795204
-50.054965
-45.316288
-51.088960
-58.425087
-43.679773
-38.019192
-37.657548
-37.278360
-35.010582
-41.380160
-55.893631
-58.245037
-45.812169
-54.013299
-54.641712
-32.116250
-49.228894
-52.914389
-42.260239
-53.478505
-48.658448
-48.860491
-43.227490
-36.724200
-42.546948
-51.922480
-42.347866
-34.840546
-59.860815
-30.546658
-58.541895
-38.662349
-45.837416
-53.679420
-38.717274
-43.833276
-43.195720
-49.704935
-27.538526
-38.444968
-46.283403
-48.814434
-47.198926
-37.217737
-40.270852
-49.883674
-39.351410
-50.258414
-40.856070
-30.978942
-50.027932
-42.880928
-44.765280
-34.996948
-40.743632
-28.182562
-52.545536
-53.860892
-49.188276
-53.983587
-43.780756
-36.519361
-47.929285
-51.958286
-54.209911
-46.038809
-60.911570
-40.873782
-22.908789
-35.004621
-37.670289
-51.397454
-41.353821
-48.194828
-52.322151
-44.391037
-45.527214
-40.212763
-54.832088
-46.020115
-32.448330
-61.644154
-38.856527
-46.269206
-53.195141
-36.684925
-74.711743
-46.732012
-52.200620
-37.574989
-49.040883
-59.167252
-36.051551
-49.159319
-39.698114
-37.340296
-44.871433
-47.481632
-42.336472
-52.216961
-31.708904
-60.461686
-48.164190
-47.842792
-52.743882
-42.763700
-50.248761
-57.953168
-43.126660
-48.188956
-29.690168
-56.630069
-42.392185
-46.068570
-44.938259
-57.559238
-41.628709
-57.260028
-54.699072
-41.463052
-39.584834
-51.307072
-47.691103
-35.041903
-43.265872
-46.116430
-42.801569
-55.195641
-27.971671
-48.216446
-49.029841
-39.896576
-45.027883
-25.154565
-58.109434
-41.040332
-54.072901
-45.958882
-44.247527
-42.278317
-38.244517
-45.165528
-54.325850
-47.120209
-48.593725
-54.919295
-55.040597
-44.798986
-34.368087
-46.518881
-30.367730
-45.353481
-50.785243
-37.028764
-45.368227
-47.829044
-58.346086
-30.568201
-51.344868
-33.909074
-44.011450
-54.989484
-51.348805
-36.559464
-49.464385
-47.349813
-52.998407
-48.569567
-42.702400
-46.259168
-39.644448
-57.265303
-48.276397
-54.364255
-52.201139
-44.649595
-43.161597
-53.192602
-51.180917
-52.741585
-53.914348
-46.933773
-47.470979
-52.677564
-43.793897
-56.340035
-31.767415
-55.449582
-62.842489
-45.292695
-42.896416
-54.578728
-53.815263
-28.873750
-51.693106
-53.155257
-49.878390
-48.969707
-40.679041
-45.784202
-39.214852
-56.772208
-45.109568
-50.171982
-45.830403
-38.438111
-47.095056
-51.228427
-37.612211
-45.752892
-33.871670
-55.375164
-52.215673
-36.917233
-46.244800
-50.554655
-40.302399
-39.122652
-40.908517
-51.115366
-58.080666
-64.297352
-47.026389
-58.372505
-37.781428
-31.168060
-46.094693
-43.581036
-44.066781
-31.182561
-55.868685
