-51.864463
-39.129927
-28.433910
-33.069488
-45.235033
-32.021327
-26.506807
-38.609837
-47.493038
-44.813463
-26.571790
-29.755219
-35.335222
-21.880482
-54.657922
-26.168888
-51.909669
-28.177370
-38.991840
-36.751550
-20.239607
-38.379498
-19.437064
-33.863373
-39.951267
-37.412943
-38.410743
-31.015479
-41.899227
-24.601365
-16.846353
-24.459590
-30.281484
-31.223399
-19.961805
-41.923937
-29.872901
-36.928764
-45.306720
-15.418354
-41.516993
-31.618811
-46.256538
-29.347805
-24.481587
-19.626402
-31.387017
-38.806427
-39.336100
-23.373702
-26.004685
-28.825491
-24.086127
-24.191163
-19.999995
-22.635077
-29.856667
-35.131749
-20.379078
-15.902851
-45.180491
-17.710038
-17.872870
-39.522131
-30.936558
-37.509458
-15.337723
-48.271030
-22.682507
-35.881998
-47.070082
-23.867486
-31.397496
-30.299956
-45.759074
-34.760031
-38.902791
-31.946149
-27.664421
-28.520687
-19.071234
-36.832681
-29.899752
-19.057291
-38.295717
-46.184504
-27.006352
-18.257757
-19.442071
-37.861768
-41.880919
-17.820775
-29.083914
-22.111991
-35.683620
-32.353225
-32.285410
-37.414546
-30.499893
-49.477259
-36.210483
-20.945512
-15.407064
-31.370717
-35.404182
-32.693530
-49.871373
-20.734009
-33.093070
-22.166394
-30.273736
-20.744663
-32.013340
-32.355579
-22.417675
-22.340922
-31.154571
-25.799695
-28.280093
-29.099095
-22.897538
-39.437970
-18.453055
-30.556843
-23.508865
-27.032564
-36.309765
-14.999382
-38.171379
-31.630774
-26.633586
-32.368959
-21.169404
-28.591962
-23.759207
-28.523757
-36.606891
-38.859492
-34.948117
-41.099838
-24.044648
-39.639477
-46.770554
-31.339589
-30.179285
-36.138400
-35.642320
-34.087986
-12.126524
-34.061204
-39.273472
-25.812804
-22.469355
-27.822925
-36.828690
-17.241556
-30.498042
-20.537204
-45.447403
-25.816103
-35.841126
-22.385857
-29.496652
-26.140281
-25.665988
-30.112612
-34.310095
-19.574064
-30.671461
-37.906572
-24.250502
-25.093857
-31.373587
-25.592667
-15.251265
-31.632849
-19.392022
-27.043648
-37.461589
-27.482496
-31.950835
-23.741698
-20.269663
-38.716112
-37.388337
-20.022590
-35.243008
-24.629761
-38.802180
-46.202573
-44.895413
-30.077415
-34.211645
-22.292493
-44.874709
-34.980220
-24.191031
-40.247403
-21.041450
-41.608508
-26.981235
-23.369029
-40.535149
-32.154734
-32.881183
-20.744493
-21.209556
-30.769859
-31.986845
-44.833080
-16.192150
-37.778942
-25.672340
-30.165131
-27.500092
-13.089793
-26.819643
-46.149528
-15.180580
-44.905090
-33.684625
-27.450245
-27.587484
-21.821535
-21.292397
-17.099429
-32.648687
-26.635501
-31.286357
-23.069494
-25.885887
-33.175704
-28.200778
-44.810364
-23.566130
-43.457018
-40.804716
-34.231391
-34.985622
-23.636183
-23.754359
-17.516873
-24.415514
-19.509814
-27.706777
-30.225013
-42.155041
-29.438938
-31.364599
-23.160394
-34.546664
-33.116835
-26.914602
-26.022866
-33.503240
-20.273137
-23.277720
-31.177583
-52.016215
-49.983327
-23.323130
-39.736985
-20.811457
-20.893520
-31.871752
-44.263629
-31.439044
-37.369613
-31.449911
-39.484396
-42.110549
-37.200417
-50.152842
-42.073195
-41.111207
-21.090175
-30.502684
-30.305556
-35.557191
-30.616957
-23.687966
-31.980382
-22.306729
-34.217233
-35.642636
-42.658890
-49.430247
-27.976025
-26.315910
-39.637120
-45.697252
-25.263462
-37.786224
-29.556425
-21.574535
-36.276446
-39.744456
-23.887076
-40.351789
-41.362680
-36.146374
-36.292488
-39.524830
-30.938894
-41.695905
-23.384666
-21.537579
-40.544914
-47.496797
-38.707414
-15.349622
-25.204087
-23.784275
-18.945282
-27.884994
-42.641555
-39.976004
-15.516515
-43.501931
-18.845966
-16.540796
-28.288576
-44.604116
-22.885111
-27.927550
-35.828623
-17.147791
-49.031808
-34.459896
-19.912280
-30.428458
-20.652398
-41.148587
-32.413403
-40.263988
-46.329912
-23.277064
-35.377636
-33.670938
-32.418779
-34.944900
-50.227315
-20.487164
-15.733553
-22.116692
-22.553561
-27.641691
-28.700520
-32.159526
-35.184461
-32.073511
-30.343708
-54.291230
-22.667244
-40.970667
-44.859048
-32.992163
-23.013520
-30.365368
-42.357376
-11.778345
-28.810987
-27.303304
-24.951573
-33.426640
-28.803533
-30.771528
-40.590973
-30.057474
-24.826035
-32.843895
-43.131396
-22.330980
-31.394161
-24.739432
-39.371513
-46.702831
-30.978940
-22.094105
-29.881969
-31.196895
-36.046387
-24.935876
-24.881107
-39.468975
-25.126573
-41.632073
-28.519181
-31.516883
-28.161344
-22.507169
-33.416844
-45.905614
-22.102126
-28.203910
-28.881863
-41.484163
-25.588787
-42.128370
-35.727751
-45.755183
-35.619036
-35.962123
-26.928241
-36.890663
-32.607349
-24.926624
-45.276808
-24.660358
-25.517703
-17.476459
-39.145366
-37.994416
-28.147261
-16.073231
-29.864688
-39.718980
-35.018441
-36.221555
-51.797833
-26.794267
-33.954616
-44.513382
-32.173115
-38.990143
-35.830564
-40.815904
-27.852124
-22.121069
-15.031791
-33.214803
-24.207871
-52.741689
-29.040856
-43.419286
-40.144798
-45.587395
-34.131483
-26.287995
-24.153692
-30.700741
-34.677314
-21.689618
-14.495301
-23.190013
-33.217524
-28.601989
-35.158027
-33.745627
-40.276207
-32.210936
-25.742909
-28.217423
-34.428821
-27.723392
-38.910076
-31.591323
-40.925365
-17.988449
-47.046179
-53.271612
-17.813339
-19.932046
-22.167440
-26.964439
-32.598317
-22.056797
-31.872261
-11.634100
-23.196057
-48.992725
-26.471819
-33.423309
-19.182055
-27.500961
-36.374281
-29.705179
-50.268719
-42.878948
-33.137014
-26.227962
-19.203255
-23.454351
-26.782809
-28.252054
-32.806260
-31.938780
-36.810967
-48.677344
-19.256547
-21.301848
-33.564405
-35.700989
-42.316692
-19.749249
-23.419556
-37.742864
-48.312973
-25.604040
-28.446727
-45.452194
-14.798511
-31.320869
-32.206822
-29.711737
-45.751419
-31.632813
-31.387593
-21.905224
-25.136878
-29.401572
-23.961867
-22.894708
-26.394231
-37.053340
-52.355133
-19.611918
-38.660115
-27.031793
-44.137367
-30.677579
-41.863832
-23.531299
-29.736194
-29.622399
-29.908133
-20.363117
-25.118769
-23.262091
-31.126969
-40.697519
-35.641925
-18.950974
-24.464794
-46.650035
-18.980318
-24.268528
-41.075892
-25.999609
-22.457836
-26.960652
-42.014761
-16.652948
-9.491503
-35.967242
-20.600260
-40.703463
-38.817238
-36.788425
-43.516260
-43.846757
-35.079143
-21.841500
-27.257066
-43.432391
-42.169424
-40.490584
-25.630376
-31.448242
-39.648229
-31.604477
-29.327861
-18.420763
