-3.970573
-0.047732
-1.750385
-4.618557
-0.465870
-3.341959
-8.200938
-0.192722
-3.399953
-1.524364
-2.344658
-2.822494
-7.314600
-0.088480
-3.409728
-3.131567
-1.569835
-1.363381
-2.540416
-6.747360
-0.317078
-0.124139
-0.198611
-0.018947
-2.106604
-0.878755
-7.907235
-0.432468
-6.868983
-2.491681
-1.640787
-4.968003
-1.715783
-2.482232
-0.442741
-1.125155
-2.409905
-1.637999
-1.320674
-2.180967
-0.050083
-0.277934
-0.707170
-0.029120
-10.204172
-8.473010
-2.125539
-1.033252
-1.978248
-1.062218
-3.550804
-1.054805
-3.957543
-3.596331
-5.683548
-2.852329
-0.031251
-1.496304
-0.661334
-4.633965
-1.981505
-2.502563
-2.681889
-4.953886
-1.213437
-5.682641
-2.967944
-1.220535
-0.224215
-2.549075
-0.149913
-4.124054
-0.540387
-4.385752
-6.141736
-3.017841
-1.491642
-2.449823
-1.672169
-8.525173
-5.413720
-6.705425
-0.154321
-1.332626
-2.529595
-1.480170
-3.205966
-1.902959
-1.511434
-1.266092
-4.801004
-3.164837
-2.778856
-1.795350
-3.572379
-4.607359
-4.159103
-4.244246
-0.050484
-6.542236
-0.557525
-5.059383
-1.980719
-7.261109
-0.416982
-1.539575
-0.661025
-0.565320
-0.141349
-2.899596
-1.038041
-0.274506
-4.120869
-6.712337
-4.557313
-1.343635
-1.039469
-4.417249
-0.432577
-1.963744
-1.815660
-2.467457
-0.038950
-1.009244
-1.603430
-1.391315
-7.900110
-0.874876
-7.120572
-0.120744
-0.028614
-3.835400
-3.221808
-0.096014
-2.033367
-0.343228
-5.255756
-2.255662
-0.210523
-4.973394
-3.409816
-0.450514
-4.252072
-0.395717
-0.099961
-2.895522
-1.185356
-3.333202
-7.349894
-0.743763
-3.741925
-3.321588
-2.024164
-2.995965
-3.824825
-2.386763
-2.723271
-0.635904
-4.806577
-0.370628
-0.075382
-4.013099
-1.646086
-1.262899
-1.763333
-0.806205
-6.317399
-1.860645
-1.593701
-1.578528
-2.523356
-3.922154
-0.515450
-2.071869
-1.123351
-3.982686
-1.466418
-5.873715
-9.247533
-7.628102
-1.190411
-8.692085
-0.455618
-0.388998
-2.256662
-5.835114
-1.132399
-6.716098
-3.719714
-2.432768
-2.495814
-5.362356
-2.496861
-1.155495
-0.635537
-5.160542
-0.548186
-0.559659
-0.963189
-0.241885
-0.191915
-0.863021
-1.926130
-5.475361
-2.579170
-2.533173
-3.170637
-0.236257
-2.342784
-0.840326
-0.882747
-1.729935
-0.576980
-1.250171
-0.783437
-1.865378
-2.602694
-2.505144
-1.726931
-7.147004
-2.442778
-2.341524
-0.684654
-2.996695
-1.962172
-4.636326
-3.246381
-0.545978
-0.892396
-0.911337
-1.299453
-0.787694
-0.341527
-0.488018
-1.446029
-3.408268
-2.077775
-4.203252
-1.451240
-0.662921
-2.031486
-2.912099
-1.231414
-7.386187
-1.976810
-1.645420
-1.354546
-5.964733
-0.445397
-2.517024
-5.026406
-0.458410
-1.333973
-2.557637
-2.263238
-1.267324
-1.399011
-2.456716
-0.323916
-5.926632
-0.999612
-3.672817
-3.383275
-4.358748
-0.275341
-1.669075
-2.415359
-1.394915
-2.882866
-0.808932
-1.402776
-0.711712
-0.925897
-1.535898
-0.849972
-1.828525
-1.570919
-1.792310
-1.775834
-5.128221
-6.193638
-0.579093
-2.832051
-3.935537
-2.082049
-3.550978
-0.091590
-1.483215
-5.580682
-2.706083
-1.192527
-8.190763
-0.799488
-6.627133
-6.024755
-1.040043
-3.745794
-2.055619
-1.160089
-5.030849
-0.287208
-2.239228
-4.594355
-1.263617
-2.054384
-1.214786
-2.666428
-6.031151
-1.677167
-3.068095
-4.582204
-1.254597
-1.780760
-0.587186
-0.305637
-2.839128
-5.902796
-2.617750
-1.120841
-0.224465
