-0.027713
-0.032663
-0.465454
-0.095881
-0.108058
-0.060879
-0.021789
-0.319482
-0.095736
-0.017534
-0.066473
-0.056219
-0.024228
-0.016399
-0.051771
-0.010484
-0.502848
-0.029951
-0.409370
-0.031032
-0.055838
-0.017576
-0.089794
-0.034109
-0.228045
-0.080293
-0.060004
-0.011530
-0.008307
-0.011556
-0.014706
-0.033225
-0.076823
-0.211169
-0.028572
-0.041961
-0.019315
-0.274292
-0.125359
-0.298114
-0.321692
-0.028544
-0.019571
-0.005407
-0.195869
-0.019839
-0.033017
-0.070012
-0.038451
-0.034943
-0.091631
-0.001148
-0.026767
-0.155146
-0.046946
-0.086368
-0.021053
-0.005803
-0.004711
-0.066870
-0.202849
-0.011220
-0.044127
-0.051336
-0.121046
-0.025856
-0.055573
-0.021462
-0.039521
-0.043831
-0.041470
-0.041441
-0.103938
-0.024893
-0.158540
-0.170097
-0.031145
-0.001132
-0.008096
-0.041213
-0.376584
-0.069751
-0.104726
-0.277683
-0.199283
-0.014980
-0.013314
-0.637765
-0.340876
-0.023410
-0.156743
-0.047092
-0.246767
-0.001523
-0.004596
-0.018217
-0.002375
-0.069447
-0.553650
-0.006009
-0.000412
-0.035532
-0.007596
-0.029241
-0.001136
-0.134523
-0.013383
-0.042354
-0.016363
-0.707063
-0.114156
-0.156509
-0.165440
-0.057848
-0.004366
-0.072805
-0.012628
-0.163496
-0.114712
-0.080652
-0.024894
-0.007256
-0.000281
-0.020272
-0.014876
-0.000040
-0.012694
-0.051919
-0.073590
-0.066412
-0.109788
-0.172693
-0.004045
-0.001799
-0.015091
-0.351889
-0.005899
-0.026818
-0.034453
-0.173207
-0.017418
-0.070060
-0.144165
-0.141590
-0.042446
-0.467427
-0.392220
-0.156013
-0.163101
-0.007990
-0.006276
-0.002098
-0.017687
-0.148813
-0.486469
-0.125222
-0.558287
-0.094512
-0.021778
-0.395211
-0.070625
-0.127324
-0.314962
-0.008439
-0.115276
-0.007891
-0.048505
-0.134389
-0.001346
-0.499000
-0.348617
-0.023382
-0.007632
-0.016216
-0.113628
-0.003489
-0.007510
-0.210184
-0.039757
-0.632728
-0.233835
-0.001916
-0.018262
-0.226333
-0.158764
-0.054165
-0.122509
-0.440128
-0.005872
-0.121887
-0.144580
-0.232052
-0.027916
-0.000371
-0.000303
-0.210322
-0.001222
-0.036121
-0.018088
-0.063491
-0.005683
-0.027907
-0.062512
-0.037566
-0.001114
-0.027288
-0.054080
-0.037637
-0.000088
-0.057943
-0.190425
-0.469710
-0.243054
-0.060226
-0.107005
-0.005083
-0.001153
-0.160630
-0.000563
-0.150724
-0.179117
-0.031686
-0.001309
-0.021503
-0.000062
-0.038900
-0.021134
-0.117327
-0.469756
-0.027091
-0.060058
-0.024545
-0.126394
-0.007783
-0.000589
-0.021986
-0.056629
-0.047063
-0.506311
-0.006979
-0.014041
-0.082496
-0.070499
-0.233529
-0.008855
-0.031403
-0.026718
-0.049395
-0.263443
-0.058132
-0.001784
-0.011991
-0.120570
-0.001490
-0.002489
-0.087752
-0.175607
-0.167793
-0.203856
-0.001035
-0.000008
-0.110497
-0.010186
-0.029369
-0.245577
-0.114974
-0.023844
-0.007344
-0.005182
-0.228549
-0.122978
-0.049244
-0.081521
-0.013180
-0.073213
-0.060677
-0.080560
-0.452322
-0.000078
-0.176013
-0.001977
-0.057387
-0.648414
-0.001869
-0.000931
-0.005652
-0.628052
-0.274818
-0.018077
-0.025395
-0.197452
-0.178094
-0.066201
-0.007029
-0.074199
-0.023824
-0.255247
-0.040581
-0.001815
-0.037814
-0.108196
-0.045669
-0.033779
-0.164111
-0.406872
-0.092366
-0.084846
-0.009840
-0.066068
-0.256502
-0.087047
-0.015991
-0.057880
-0.237896
-0.291766
-0.690177
-0.125825
-0.167611
-0.156563
-0.102042
-0.074132
-0.012216
-0.173848
-0.058079
-0.289645
-0.102920
-0.137606
-0.020332
-0.006202
-0.021600
-0.065375
-0.377900
-0.106824
-0.052180
-0.030732
-0.308285
-0.047169
-0.299130
-0.003457
-0.039536
-0.074492
-0.096651
-0.002026
-0.143129
-0.150296
-0.255215
-0.011221
-0.412421
-0.009796
-0.126732
-0.003179
-0.019785
-0.065848
-0.297391
-0.014795
-0.149728
-0.004758
-0.055938
-0.008474
-0.133339
-0.037963
-0.224619
-0.062577
-0.007401
-0.030303
-0.014739
-0.246147
-0.146140
-0.342084
-0.009528
-0.019156
-0.102411
-0.010689
-0.026653
-0.187243
-0.297654
-0.010347
-0.094038
-0.051396
-0.042527
-0.006513
-0.181256
-0.018642
-0.027411
-0.243157
-0.111761
-0.064690
-0.003370
-0.007975
-0.012696
-0.115538
-0.007392
-0.046413
-0.079373
-0.022608
-0.001011
-0.013714
-0.215768
-0.011746
-0.161666
-0.204086
-0.002544
-0.028039
-0.091410
-0.054888
-0.514889
-0.295752
-0.046814
-0.001347
-0.188487
-0.000170
-0.008335
-0.036482
-0.148076
-0.135701
-0.001208
-0.026039
-0.126904
-0.023283
-0.007051
-0.023283
-0.016274
-0.017749
-0.147058
-0.004202
-0.154071
-0.041801
-0.025478
-0.215055
-0.020666
-0.124829
-0.004189
-0.083096
-0.158902
-0.062842
-0.276489
-0.119604
-0.307799
-0.085779
-0.197299
-0.132525
-0.000363
-0.082721
-0.120728
-0.486897
-0.423196
-0.018148
-0.443483
-0.012966
-0.073186
-0.124913
-0.010740
-0.392515
-0.323526
-0.707237
-0.019570
-0.669093
-0.049062
-0.088796
-0.234203
-0.046729
-0.615529
-0.019242
-0.127561
-0.006405
-0.027590
-0.138115
-0.017502
-0.000263
-0.014431
-0.061881
-0.013857
-0.085315
-0.189565
-0.023573
-0.003446
-0.108952
-0.075793
-0.141826
-0.514995
-0.144598
-0.018700
-0.055761
-0.012407
-0.157335
-0.045818
-0.040586
-0.006630
-0.053978
-0.041310
-0.140278
-0.231035
-0.008335
-0.191423
-0.184724
-0.266480
-0.003898
-0.097713
-0.207655
-0.086325
-0.023227
-0.034863
-0.147298
-0.032395
-0.027626
-0.090194
-0.000647
-0.018790
-0.007684
-0.143698
-0.102196
-0.040541
-0.030524
-0.005577
-0.006440
-0.052521
-0.167988
-0.092032
-0.013691
-0.058606
-0.435130
-0.165051
-0.032859
-0.190116
-0.006959
-0.109259
-0.022033
-0.287963
-0.077713
-0.049347
-0.014417
-0.010135
-0.001783
-0.003730
-0.004235
-0.002650
-0.001358
-0.144131
-0.020361
-0.001977
-0.523705
-0.125864
-0.635266
-0.060743
-0.031637
-0.087742
-0.011473
-0.010355
-0.020927
-0.081579
-0.031121
-0.013004
-0.186810
-0.097560
-0.334848
-0.184431
-0.281196
-0.009820
-0.074213
-0.006307
-0.105914
-0.000822
-0.016450
-0.096955
-0.031461
-0.227641
-0.000016
-0.000921
-0.130863
-0.138070
-0.000056
-0.057172
-0.005853
-0.114303
-0.262832
-0.011152
-0.088961
-0.027548
-0.051423
-0.179156
-0.304710
-0.157077
-0.043484
-0.215124
-0.002121
-0.018801
-0.245168
-0.038108
-0.126166
-0.013011
-0.084573
-0.072293
-0.033038
-0.083588
-0.069362
-0.421029
-0.374502
-0.066066
-0.353330
-0.100624
-0.019969
-0.010582
-0.039045
-0.002224
-0.012665
-0.061855
-0.201156
-0.027525
-0.005775
-0.255747
-0.331762
-0.103911
-0.004112
-0.051352
-0.091361
-0.002672
-0.081620
-0.176956
-0.264848
-0.008255
-0.009647
-0.078165
-0.068054
-0.056762
-0.059119
-0.134611
-0.104317
-0.444263
-0.241697
-0.612505
-0.331222
-0.161179
-0.065741
-0.153691
-0.035478
-0.003968
-0.015553
-0.000233
-0.006844
-0.055525
-0.072345
-0.167668
-0.029270
-0.037336
-0.303533
-0.283755
-0.002469
-0.156858
-0.114599
-0.086823
-0.125161
-0.081668
-0.204196
-0.093394
-0.016985
-0.029693
-0.001406
-0.037848
-0.487755
-0.033163
-0.135603
-0.213249
-0.069053
-0.173501
-0.342656
-0.061645
-0.005258
-0.000094
-0.062590
-0.036794
-0.034748
-0.092372
-0.065269
-0.137816
-0.483154
-0.073504
-0.010368
-0.057578
-0.029953
-0.007919
-0.056122
-0.020858
-0.086764
-0.559820
-0.653977
-0.139372
-0.002347
-0.024654
-0.000234
-0.189054
-0.207504
-0.000653
-0.022435
-0.109661
-0.205392
-0.530514
-0.108314
-0.026718
-0.311458
-0.198591
-0.004528
-0.015229
-0.040792
-0.716856
-0.015939
-0.000506
-0.273632
-0.058400
-0.377685
-0.001819
-0.036517
-0.056857
-0.191009
-0.001715
-0.023622
-0.020611
-0.330945
-0.599562
-0.007605
-0.015963
-0.002304
-0.094612
-0.050429
-0.242199
-0.307446
-0.061026
-0.001592
-0.141864
-0.022535
-0.004915
-0.042597
-0.004536
-0.063691
-0.005186
-0.123245
-0.111121
-0.452587
-0.192012
-0.119849
-0.000391
-0.062898
-0.099433
-0.070785
-0.024197
-0.065442
-0.062935
-0.032976
-0.220442
-0.004135
-0.090006
-0.002179
-0.029907
-0.039308
-0.119839
-0.019980
-0.006617
-0.035431
-0.098470
-0.007653
-0.101799
-0.151699
-0.055533
-0.023298
-0.178739
-0.003610
-0.023165
-0.215947
-0.003031
-0.076235
-0.013382
-0.000265
-0.218370
-0.002721
-0.043215
-0.194351
-0.024394
-0.007564
-0.000223
-0.343995
-0.053947
-0.008003
-0.018993
-0.026630
-0.058247
-0.083944
-0.037015
-0.002575
-0.113708
-0.073913
-0.006665
-0.154587
-0.231179
-0.079963
-0.195078
-0.003621
-0.072735
-0.009491
-0.067841
-0.102753
-0.028470
-0.165328
-0.092599
-0.087225
-0.338123
-0.343917
-0.095031
-0.097118
-0.166901
-0.016185
-0.011971
-0.082513
-0.179066
-0.173088
-0.267800
-0.048787
-0.145105
-0.064057
