-500.932685
-490.121827
-488.111071
-578.380920
-515.718310
-507.906772
-542.686418
-512.846392
-583.361413
-542.741715
-490.870059
-551.539101
-519.477113
-504.820813
-548.640832
-521.064159
-491.375437
-538.683570
-477.212236
-505.449934
-506.753605
-527.295983
-555.887172
-484.057396
-557.004304
-511.576511
-479.410070
-568.190222
-578.931425
-489.128498
-495.277272
-513.372074
-457.088566
-520.313036
-554.864993
-523.181927
-536.202749
-521.374034
-451.173612
-530.983478
-523.653451
-511.587198
-538.489140
-581.416355
-516.971968
-489.237520
-554.933577
-487.013736
-462.871799
-520.076209
-476.872251
-602.099087
-504.494532
-533.553110
-474.918032
-491.314823
-563.691898
-575.374510
-471.122245
-492.309377
-529.206008
-579.141116
-468.540399
-464.570261
-544.913021
-510.296894
-550.930883
-495.610822
-522.005497
-540.986579
-585.496660
-517.462337
-559.238177
-456.058132
-531.847478
-507.232785
-582.956947
-556.510945
-467.700501
-536.950796
-526.583637
-554.194380
-482.680000
-471.424939
-499.065666
-497.879638
-538.110262
-553.183313
-473.355383
-579.338221
-483.539556
-484.818444
-540.923991
-529.250586
-442.106247
-472.679561
-535.784562
-510.306518
-559.215781
-571.135681
-484.595154
-546.325162
-525.064297
-505.704756
-497.774151
-539.080835
-462.529081
-501.183874
-487.962238
-540.814262
-435.771359
-537.816987
-568.105550
-463.495038
-521.783668
-492.589052
-493.649092
-502.484560
-592.541002
-555.723216
-532.585715
-460.073371
-475.524518
-502.179322
-516.138473
-504.032980
-505.402363
-454.742586
-508.223744
-504.624165
-552.514066
-515.222590
-515.638455
-485.701774
-534.280753
-502.123388
-523.712519
-544.793866
-492.826943
-577.163746
-507.048978
-598.173619
-513.305998
-511.668849
-476.433515
-468.434728
-477.798316
-501.808435
-510.988598
-508.504128
-560.379902
-557.453609
-554.951162
-462.270084
-474.818901
-534.757924
-524.001819
-510.602551
-513.204741
-550.717034
-505.566217
-496.053135
-527.696124
-528.278207
-498.593320
-577.842925
-593.130479
-604.902256
-533.153194
-565.304155
-492.386678
-539.559978
-506.399296
-511.949541
-484.945022
-456.922653
-493.389124
-496.191229
-488.311352
-489.166567
-548.213843
-523.618770
-557.583485
-524.812818
-598.685640
-585.427940
-504.535086
-545.610432
-477.320121
-540.946416
-552.177703
-492.390097
-472.233058
-531.851704
-563.335197
-535.520260
-546.652578
-483.792505
-466.245259
-472.015582
-512.420796
-538.590871
-503.742055
-503.806563
-470.582451
-549.535641
-539.049778
-544.040885
-505.604400
-595.283961
-470.282213
-509.372057
-522.872410
-560.146714
-496.838381
-470.667760
-503.576746
-474.163428
-573.177133
-521.159274
-453.660660
-590.865604
-524.120531
-470.659280
-603.752657
-574.570341
-511.422583
-537.001326
-578.794397
-495.333383
-523.618636
-507.708687
-498.401100
-464.253586
-511.756944
-481.243942
-515.894614
-543.080445
-558.280639
-501.895918
-564.729103
-483.140880
-495.210557
-518.042891
-557.948913
-517.131592
-573.398437
-504.537856
-507.416766
-547.363740
-494.251823
-471.969073
-440.226242
-507.099639
-534.544358
-555.560405
-560.922078
-526.453423
-522.852011
-541.090536
-502.633715
-540.529430
-553.155358
-508.015184
-482.511830
-561.479022
-543.574268
-570.538290
-509.856416
-495.326830
-492.137914
-494.463376
-531.724130
-515.333842
-514.427451
-459.885546
-534.682209
-490.484349
-551.617517
-433.553822
-496.745112
-499.750465
-514.343961
-524.342421
-506.813110
-487.919247
-584.536249
-496.033573
-543.358312
-552.285921
-492.958127
-570.422591
-454.899022
-508.514877
-522.382455
-501.722063
-561.429975
-436.793613
-515.561554
-538.096298
-504.670960
-527.017476
-454.820787
-549.918322
-538.111714
-532.395907
-508.992574
-522.211008
-495.142497
-512.097640
-570.374686
-553.128741
-535.054171
-509.956015
-469.385716
-595.901314
-536.773617
-480.379731
-473.624730
-527.508936
-532.695978
-492.487422
-477.316230
-487.015217
-447.512837
-544.521675
-495.276637
-506.628794
-541.457111
-538.533112
-513.895779
-489.370549
-447.993624
-557.133996
-485.053510
-587.023670
-481.173308
-484.791882
-519.297732
-492.071676
-544.231429
-536.332617
-547.220856
-549.778429
-491.015439
-470.759871
-537.898175
-576.634064
-470.150815
-501.923221
-547.846376
-524.483562
-481.756721
-627.275826
-567.597679
-548.752224
-532.439564
-534.382434
-499.551241
-513.372396
-496.691357
-572.184581
-505.887747
-527.109164
-550.388955
-516.474654
-522.621394
-537.069104
-495.121256
-568.204482
-557.278834
-487.792694
-571.556608
-548.768549
-568.727698
-571.109118
-525.366249
-516.510180
-489.447218
-516.705141
-541.392954
-539.595785
-563.397199
-593.511890
-508.503173
-468.828571
-516.962167
-522.692933
-536.650825
-518.681694
-496.260517
-526.821218
-484.370966
-537.675936
-549.899719
-494.719406
-482.702296
-491.062940
-583.921671
-515.592740
-506.085899
-481.857461
-502.091319
-539.548719
-470.972617
-515.952549
-601.878446
-532.943463
-528.604878
-480.274293
-555.917685
-522.680715
-472.009277
-588.807706
-555.046431
-512.430469
-516.923748
-510.611585
-488.150595
-484.881713
-558.511862
-541.559999
-500.829073
-530.340108
-470.550529
-467.536529
-512.755885
-526.450311
-505.561749
-599.109683
-607.443612
-589.321620
-514.433822
-530.824125
-544.555523
-500.563293
-535.558940
-516.274725
-465.027490
-471.483282
-525.423706
-542.608113
-581.476228
-490.099927
-519.893456
-510.832503
-469.495049
-550.460621
-491.650819
-533.150529
-557.526590
-550.469189
-482.294250
-588.782543
-434.023111
-471.059936
-545.219788
-540.327874
-512.412733
-507.288194
-507.371213
-499.661438
-516.410662
-518.976734
-583.309989
-537.112711
-586.544115
-593.305230
-527.268145
-545.338919
-480.708661
-461.505121
-489.229943
-459.199515
-531.604059
-497.369054
-533.513175
-565.091497
-515.904380
-516.738581
-470.946554
-625.618122
-473.145323
-551.746134
-491.128220
-521.059838
-500.918374
-532.990400
-594.507921
-491.405783
-538.328598
-502.740237
-500.651527
-504.433712
-530.934998
-495.487409
-534.563324
-471.433389
-522.802770
-548.347187
-559.118201
-542.567006
-567.394506
-563.326679
-465.517523
-543.629855
-484.256504
-541.137499
-529.259723
-563.420200
-523.563372
-530.498735
-489.199011
-526.431653
-560.092199
-520.943121
-542.203526
-547.714502
-634.113336
-484.961749
