-0.121606
-0.131843
-0.180440
-0.011152
-0.000398
-0.011826
-0.000532
-0.100214
-0.000169
-0.003757
-0.000128
-0.007381
-0.003063
-0.001222
-0.001782
-0.168210
-0.000460
-0.021877
-0.005358
-0.004155
-0.001302
-0.012552
-0.011285
-0.001452
-0.000795
-0.000668
-0.016838
-0.000071
-0.003718
-0.005544
-0.043531
-0.094624
-0.002346
-0.003746
-0.019264
-0.000045
-0.163664
-0.033941
-0.000746
-0.005636
-0.172898
-0.020342
-0.005810
-0.008025
-0.007194
-0.002998
-0.011431
-0.000724
-0.019646
-0.002348
-0.076004
-0.012853
-0.000733
-0.001529
-0.003066
-0.053599
-0.008919
-0.012103
-0.000068
-0.005278
-0.011650
-0.090444
-0.000700
-0.003974
-0.008378
-0.003138
-0.011610
-0.001104
-0.014976
-0.055683
-0.009224
-0.019859
-0.025324
-0.027223
-0.011695
-0.000885
-0.030820
-0.067357
-0.071414
-0.002302
-0.000285
-0.002673
-0.019359
-0.005443
-0.000781
-0.000070
-0.000662
-0.005018
-0.000627
-0.082974
-0.007322
-0.004811
-0.017824
-0.220381
-0.014483
-0.009524
-0.014217
-0.005225
-0.014521
-0.015939
-0.000733
-0.074900
-0.025228
-0.008015
-0.000013
-0.004145
-0.049921
-0.009721
-0.046110
-0.000753
-0.084920
-0.005018
-0.027987
-0.004134
-0.004680
-0.011436
-0.096047
-0.009165
-0.024609
-0.049927
-0.001063
-0.011979
-0.068438
-0.029995
-0.000677
-0.010561
-0.002563
-0.006758
-0.004593
-0.017864
-0.009563
-0.001751
-0.007479
-0.000052
-0.009271
-0.028846
-0.070354
-0.006669
-0.041827
-0.005822
-0.000999
-0.054973
-0.033845
-0.029008
-0.011560
-0.002534
-0.235079
-0.036453
-0.019302
-0.030593
-0.014096
-0.108458
-0.025559
-0.009002
-0.019975
-0.009770
-0.001905
-0.024031
-0.010471
-0.002419
-0.001333
-0.002086
-0.000175
-0.001363
-0.001465
-0.025292
-0.001560
-0.036585
-0.003938
-0.076498
-0.000320
-0.005882
-0.027700
-0.008063
-0.001276
-0.003057
-0.001281
-0.008218
-0.001952
-0.008748
-0.001394
-0.004436
-0.008136
-0.008715
-0.001476
-0.011607
-0.003576
-0.007326
-0.023491
-0.056280
-0.009800
-0.019151
-0.010755
-0.005045
-0.000178
-0.094493
-0.037273
-0.021511
-0.002454
-0.002574
-0.016256
-0.002333
-0.003922
-0.036019
-0.007275
-0.001177
-0.006460
-0.000750
-0.111234
-0.007097
-0.058363
-0.034047
-0.024089
-0.002499
-0.012435
-0.010687
-0.001304
-0.162640
-0.020435
-0.049297
-0.027207
-0.002166
-0.002704
-0.002141
-0.047844
-0.001765
-0.007466
-0.005224
-0.005648
-0.005946
-0.050217
-0.008299
-0.005808
-0.012288
-0.000613
-0.048822
-0.004142
-0.003328
-0.002130
-0.000070
-0.028167
-0.007279
-0.011920
-0.011299
-0.006889
-0.009284
-0.004088
-0.009355
-0.009425
-0.014479
-0.019541
-0.022710
-0.004871
-0.001983
-0.003743
-0.021902
-0.006371
-0.071578
-0.012297
-0.021537
-0.001160
-0.000038
-0.107616
-0.003957
-0.018447
-0.004143
-0.034048
-0.004202
-0.002608
-0.013935
-0.023440
-0.021022
-0.011595
-0.003950
-0.001331
-0.036576
-0.007031
-0.000040
-0.019167
-0.000833
-0.026662
-0.048320
-0.005990
-0.025425
-0.064539
-0.005841
-0.000120
-0.003053
-0.011380
-0.008170
-0.023993
-0.005584
-0.003326
-0.002953
-0.022090
-0.006518
-0.004980
-0.007745
-0.003073
-0.014876
-0.037000
-0.068411
-0.001021
-0.007424
-0.000217
-0.022765
-0.008192
-0.005048
-0.071667
-0.002193
-0.027117
-0.010955
-0.014255
-0.068935
-0.018297
-0.064051
-0.002233
-0.035808
-0.012367
-0.023222
-0.002607
-0.000393
-0.004891
-0.011101
-0.100629
-0.011223
-0.169159
-0.016373
-0.009266
-0.006030
-0.001281
-0.253799
-0.011861
-0.002574
-0.008403
-0.036576
-0.001236
-0.001487
-0.005675
-0.008988
-0.005873
-0.018566
-0.025626
-0.046914
-0.011071
-0.010398
-0.001761
-0.000807
-0.001346
-0.063033
-0.044010
-0.034773
-0.000747
-0.032494
-0.018454
-0.011299
-0.039304
-0.001761
-0.012067
-0.014694
-0.003315
-0.106100
-0.000131
-0.011153
-0.001141
-0.025212
-0.002906
-0.006765
-0.004263
-0.010177
-0.035550
-0.418000
-0.031169
-0.011128
-0.033252
-0.009474
-0.004656
-0.000250
-0.001090
-0.000872
-0.005153
-0.001313
-0.000256
-0.001105
-0.015711
-0.000049
-0.000895
-0.008484
-0.044678
-0.008251
-0.002371
-0.000880
-0.010534
-0.021004
-0.023595
-0.008640
-0.006271
-0.000497
-0.008019
-0.022741
-0.065091
-0.021821
-0.007658
-0.000033
-0.007648
-0.002367
-0.011017
-0.011871
-0.003627
-0.011653
-0.005839
-0.003231
-0.008444
-0.014038
-0.027945
-0.004875
-0.002498
-0.111464
-0.011088
-0.000819
-0.075376
-0.002184
-0.006888
-0.001489
-0.008785
-0.065147
-0.013651
-0.057414
-0.009476
-0.000710
-0.022815
-0.026900
-0.005409
-0.059470
-0.079843
-0.010745
-0.002003
-0.001739
-0.008699
-0.002968
-0.021254
-0.004836
-0.006910
-0.002670
