-0.263338
-0.282947
-0.184255
-0.601038
-0.218079
-0.709801
-0.709718
-0.202181
-0.612926
-0.031638
-0.387948
-0.300432
-0.662244
-0.411239
-0.171967
-0.648574
-0.621686
-0.427859
-0.936978
-0.652076
-0.453907
-0.053652
-0.058308
-0.808767
-2.186117
-0.821733
-0.443957
-0.378995
-0.148575
-0.063756
-0.129123
-0.512333
-0.350897
-1.276585
-0.361437
-0.132058
-0.206988
-0.144579
-0.167810
-0.424344
-0.217259
-1.169690
-0.567986
-0.634011
-0.034995
-0.035062
-0.541114
-0.093287
-0.169787
-1.057553
-0.022964
-0.987044
-0.064162
-0.231199
-0.443802
-0.036953
-0.822818
-0.691827
-0.323016
-1.330592
-1.093379
-0.234575
-0.687478
-1.057949
-0.033142
-0.320129
-0.698944
-1.159266
-0.050996
-0.769437
-0.422798
-0.021151
-0.151320
-0.080433
-0.391978
-0.078091
-0.319552
-1.987427
-1.305141
-1.300103
-0.054407
-0.006727
-1.256738
-1.106302
-0.046059
-0.176610
-0.177761
-1.044172
-0.392253
-0.970629
-1.300299
-0.967991
-1.424789
-1.548640
-0.176727
-0.577346
-1.173665
-0.471668
-0.219165
-0.169789
-0.005640
-1.132815
-0.578383
-0.184098
-1.490270
-0.090002
-0.044314
-0.040220
-0.482204
-0.208192
-1.266595
-0.048614
-0.053274
-1.232206
-0.252541
-1.009858
-0.146120
-0.119809
-0.531991
-0.724054
-0.176136
-0.357093
-0.541236
-0.013775
-0.172414
-0.206550
-0.491245
-0.033732
-0.895466
-0.993702
-0.913249
-0.002390
-1.034789
-0.586073
-0.542553
-1.292032
-0.548057
-0.848883
-0.294676
-0.321312
-0.086266
-0.191605
-0.263504
-2.080285
-0.971860
-0.164696
-0.398510
-0.083335
-0.751177
-0.045832
-1.200004
-0.337364
-0.776799
-1.445209
-0.428515
-2.163345
-0.279936
-0.197192
-0.984314
-0.433317
-0.009378
-1.696143
-1.191993
-0.717672
-0.149644
-0.452259
-0.204052
-0.287488
-0.175572
-0.385370
-0.734706
-0.721343
-0.028451
-0.783774
-0.268432
-0.238707
-0.204483
-0.209214
-0.006793
-0.044913
-0.131605
-0.285110
-0.627438
-1.081620
-1.158625
-0.362384
-0.703244
-0.812060
-0.055272
-0.332900
-0.308244
-0.069172
-0.912100
-1.591993
-0.245659
-0.101446
-0.329250
-1.194607
-0.161718
-0.208094
-0.308444
-0.042608
-0.378513
-0.818851
-0.471996
-0.215852
-0.027234
-0.316216
-1.822558
-3.346752
-0.735808
-1.399536
-0.998919
-0.004352
-0.274558
-1.108365
-0.085113
-0.843914
-0.538601
-0.025554
-0.128019
-0.084350
-0.088658
-1.008842
-1.662363
-0.886208
-0.083475
-0.048498
-1.660855
-0.054277
-0.005770
-1.222770
-0.706316
-0.315078
-1.873742
-0.345087
-0.159087
-1.014514
-0.937597
-0.013702
-0.151489
-0.638970
-1.657712
-0.231746
-0.407316
-0.011764
-0.444363
-1.008638
-1.342034
-0.089192
-1.011148
-0.841770
-0.366143
-0.359784
-0.173220
-0.854074
-0.150896
-0.030296
-0.633074
-0.396556
-0.095458
-0.021396
-0.080171
-0.046565
-2.467119
-0.157819
-0.614560
-0.389283
-0.563816
-0.717166
-0.117891
-0.068936
-0.006273
-0.749396
-0.523088
-0.482386
-0.514125
-0.126596
-0.202587
-0.644342
-0.327428
-0.372829
-0.427381
-0.009134
-0.119026
-0.034161
-0.475951
-0.965802
-0.048543
-0.620506
-1.057170
-1.662965
-0.308260
-4.434627
-0.409239
-0.315209
-0.755653
-0.507800
-0.677370
-0.298719
-0.007206
-0.073945
-2.352393
-1.612897
-0.124595
-0.216153
-0.176635
-0.006426
-0.156097
-0.246404
-1.541013
-0.197049
-0.384892
-0.643741
-0.087893
-1.007971
-0.634201
-0.311728
-0.002652
-0.992219
-0.582051
-0.133046
-1.280200
-0.492474
-0.654876
-0.175050
-0.274442
-0.063653
-1.155008
-0.987240
-1.360628
-0.731503
-0.455433
-0.751812
-0.257303
-0.720944
-0.180784
-0.781572
-0.024441
-0.003624
-0.105192
-0.004094
-0.642583
-0.500245
-1.239750
-0.151149
-0.331596
-0.001057
-0.919080
-0.027457
-0.372635
-2.277471
-0.021737
-0.547096
-0.587000
-0.796725
-0.165450
-0.009215
-0.019905
-1.368264
-0.792136
-0.792896
-0.367614
-0.442139
-1.890615
-0.049036
-0.189033
-1.012649
-0.016916
-0.220993
-0.158934
-0.412755
-0.042110
-0.522809
-0.062822
-0.810062
-2.191078
-0.894187
-0.042935
-0.179849
-0.308178
-0.363681
-0.077973
-0.993290
-0.548332
-0.083315
-0.008677
-0.125497
-0.480443
-0.118442
-0.136335
-0.179950
-0.635806
-0.292851
-0.215714
-0.123600
-0.696139
-0.049444
-1.111683
-2.028492
-0.686332
-0.677016
-1.138129
-0.423907
-0.134601
-0.350905
-0.292469
-1.879488
-0.388171
-1.089398
-0.207471
-0.723178
-0.768557
-0.667538
-1.012222
-0.222516
-2.026790
-0.406254
-0.128303
-0.222306
-2.927488
-1.834278
-0.139436
-0.103185
-0.106395
-0.182377
-0.275622
-0.929233
-0.505996
-0.872887
-0.148758
-0.480228
-0.147251
-0.267293
-0.677751
-0.364975
-0.272664
-0.002056
-0.325473
-0.396443
-0.142262
-0.070926
-0.853688
-1.770710
-1.337727
-1.652037
-1.160019
-0.473196
-0.077074
-0.589402
-0.335396
-0.177108
-0.193379
-0.222914
-0.377234
-0.324469
-1.164946
-0.723024
-0.002107
-0.147075
-0.148376
-0.604512
-0.145244
-0.851583
-0.181171
-1.085375
-1.906250
-1.524501
-0.382523
-0.631525
-0.808407
-0.242728
-1.890096
-0.201396
-0.318401
-0.448353
-1.494675
-3.119432
-0.544972
-0.776713
-0.262984
-0.228330
-0.059270
-0.444477
-0.079938
-0.607069
-0.075961
-0.006492
-0.002589
-3.190870
-0.340279
-0.541916
-0.542687
-0.271812
-1.635229
-1.440126
-0.005884
-0.234977
-0.779460
-0.720665
-0.031605
-0.225156
-1.183804
-0.119433
-0.291525
-0.201998
-1.727197
-1.382074
-0.086627
-0.527845
-0.149182
-0.421891
-0.262406
-0.033903
-0.084903
-0.010235
-0.310370
-0.046928
-0.925463
-0.456530
-1.866782
-0.547917
-0.605953
-0.658792
-0.933228
-0.141510
-1.164451
-0.679232
-0.505965
-0.467513
-0.211951
-0.314638
-0.372164
-2.347276
-0.169940
-0.156126
-1.022261
-0.191013
-0.013699
-0.451418
-0.302567
-1.172685
-0.125285
-0.370420
-0.071112
-0.058083
-0.211671
-0.040933
-0.171525
-1.200389
-0.157454
-0.226771
-1.126961
-0.872483
-0.004533
-0.362312
-0.008185
-0.243574
-1.213626
-0.027660
-1.089307
-0.249483
-0.194865
-0.192483
-0.353390
-1.222821
-0.734148
-0.634394
-0.086270
-0.730623
-0.928753
-2.499933
-0.280128
-0.286780
-1.187672
-0.129957
-0.842537
-0.105521
-0.076427
-0.028949
-0.032115
-0.189976
-0.137546
-0.020219
-1.546987
-0.237878
-0.907620
-0.171963
-0.595144
-0.519819
-0.123441
-0.070317
-1.828131
-0.096045
-1.177503
-1.737249
-0.041220
-0.562720
-0.350287
-1.511401
-0.153664
-0.231196
-0.726427
-0.432284
-0.008126
-0.271652
-0.819407
-0.411735
-0.057476
-0.833014
-0.025239
-0.053068
-0.072112
-0.449589
-1.216982
-0.749676
-0.197285
-0.155204
-1.442789
-1.013636
-0.647336
-1.607469
-0.284985
-0.935780
-0.594402
-0.067491
-0.041964
-0.007511
-0.195049
-0.184115
-0.369755
-0.332113
-1.095309
-1.598149
-1.434035
-1.381582
-0.376050
-1.140586
-0.981930
-0.423612
-0.466003
-0.141841
-0.118813
-0.696279
-0.760769
-2.334368
-0.205871
-0.130952
-0.442905
-0.085641
-0.318462
-0.061593
-0.072956
-0.117467
-0.614300
-0.082454
-1.021155
-0.026396
-0.334710
-0.109586
-0.078666
-0.037369
-0.073887
-0.368868
-0.116423
-0.653686
-1.783181
-0.031987
-0.371817
-0.452930
-0.012347
-0.220006
-0.275979
-0.280254
-0.646760
-0.200207
-0.254781
-0.203948
-0.058431
-0.059437
-1.678488
-0.073187
-0.375347
-0.970822
-0.277203
-0.726773
-0.724381
-1.764513
-1.621550
-0.560904
-0.368447
-1.101084
-0.197852
-0.538029
-0.253756
-0.243886
-1.048006
-0.614547
-1.756457
-0.196144
-0.567490
-1.287215
