-162.983767
-123.303154
-140.451352
-143.668868
-152.069616
-113.890946
-97.025380
-132.922961
-164.000708
-127.386572
-122.485129
-168.558140
-151.922159
-109.366735
-137.415306
-116.992432
-148.265067
-126.549753
-135.515859
-121.505078
-129.339643
-146.413634
-120.331251
-141.697045
-112.419224
-117.883069
-106.821146
-121.757784
-176.574155
-113.972727
-138.128280
-151.667445
-143.568956
-125.586263
-119.512049
-151.229194
-139.267553
-163.123082
-128.016946
-161.032919
-130.445877
-126.726501
-128.160541
-133.774796
-158.226695
-118.532550
-124.377575
-111.326398
-111.590907
-166.888635
-137.088324
-150.602391
-178.010059
-118.595208
-151.455615
-144.573231
-113.113072
-145.175750
-191.326951
-117.392039
-106.840641
-148.164977
-107.043559
-167.160716
-102.830907
-148.092582
-123.956792
-138.663973
-133.227012
-129.104572
-142.403483
-149.013657
-124.585005
-132.259888
-165.514525
-134.036061
-138.342215
-126.233304
-112.255460
-172.616548
-125.560755
-146.522625
-155.639143
-176.255434
-144.509121
-141.319653
-120.751960
-134.555288
-151.466156
-114.003109
-123.775237
-167.085259
-140.379980
-123.984412
-143.789988
-133.784462
-135.979740
-138.634168
-121.391074
-128.954191
-137.933376
-144.085924
-149.742558
-132.613047
-135.782831
-156.713416
-139.598984
-125.105461
-143.069522
-131.364496
-158.516079
-120.291953
-164.588593
-137.746398
-160.891021
-128.433311
-134.948911
-134.510465
-156.450760
-83.261405
-131.676595
-134.110029
-135.119553
-141.488669
-130.047074
-131.074021
-128.086093
-154.980305
-117.039261
-120.953573
-174.927330
-130.432493
-158.537899
-117.883749
-123.358876
-140.071018
-153.008516
-143.409363
-117.483946
-97.027080
-174.485283
-145.985320
-117.657757
-137.241138
-122.767907
-142.421494
-185.884856
-153.960188
-144.542501
-142.451873
-113.195733
-148.153397
-133.472308
-169.940191
-113.788038
-124.281604
-116.697233
-130.368351
-175.863035
-162.866637
-100.505161
-135.584234
-136.072210
-140.606103
-154.472391
-146.367139
-111.201629
-111.100719
-155.104688
-147.584558
-146.156467
-138.972675
-151.474888
-137.092121
-143.776811
-145.658573
-106.802305
-146.845113
-125.750724
-116.747404
-165.908397
-144.692576
-147.803072
-131.417447
-100.658050
-150.902917
-160.495283
-145.553547
-144.507392
-112.213668
-130.272730
-158.417082
-174.334460
-150.137894
-150.008360
-114.313302
-126.405685
-142.369001
-150.907373
-114.337157
-115.435582
-157.065225
-118.718115
-138.606374
-119.113364
-113.688693
-136.261193
-113.385140
-108.193790
-132.104863
-98.788958
-129.518773
-135.797592
-139.143342
-128.065893
-143.347650
-161.020659
-106.284653
-138.962781
-115.251271
-112.581952
-125.716420
-115.617136
-107.023321
-156.818787
-144.272568
-128.811084
-106.710515
-163.184223
-149.241282
-166.719746
-143.889235
-147.341932
-132.660710
-141.758975
-151.102571
-110.516924
-130.524699
-137.287374
-137.792379
-149.266080
-135.075062
-135.483616
-156.174583
-139.582325
-136.436666
-162.778878
-135.459930
-157.592410
-135.190019
-148.475202
-184.156334
-110.095243
-112.559248
-136.316586
-100.226807
-121.475756
-141.748314
-135.783331
-124.375788
-143.746480
-127.620426
-130.980536
-152.221281
-118.005084
-137.747735
-140.338144
-123.516046
-131.076934
-173.329366
-88.167752
-149.959337
-120.103207
-128.285779
-153.102092
-118.643800
-140.935135
-148.334364
-145.626120
-147.693315
-117.777948
-105.721401
-139.282031
-124.506724
-96.684740
-125.371835
-152.130368
-135.135514
-167.844039
-133.590725
-127.333675
-166.954441
-99.364190
-135.020171
-130.924559
-151.847170
-130.149966
-166.141200
-137.855180
-123.400420
-120.639321
-117.449916
-126.123725
-137.113930
-150.935243
-132.390194
-124.733280
-124.193155
-142.829646
-158.469682
-130.696891
-142.056913
-130.623373
-133.597833
-122.247945
-140.432047
-125.846079
-120.582224
-104.327387
-157.424332
-123.342683
-127.775056
-156.609354
-143.722603
-135.482932
-125.074266
-143.356701
-132.997269
-155.360080
-123.669149
-157.426885
-140.164659
-107.608381
-167.772603
-167.682990
-107.191622
-145.680147
-169.086486
-142.110584
-115.361887
-168.136835
-152.152226
-159.642647
-152.550790
-96.781002
-124.506643
-129.965061
-160.303635
-147.617284
-135.179971
-119.814050
-117.676154
-110.619569
-128.760605
-127.638438
-146.557724
-152.922863
-127.368528
-143.922370
-111.395020
-156.746909
-150.758465
-154.585310
-114.051929
-124.791249
-127.312561
-114.533864
-142.631548
-134.884496
-158.888816
-138.470444
-143.625735
-129.928837
-156.489320
-133.466749
-124.761494
-135.645247
-122.468144
-137.058542
-157.578989
-133.547562
-136.335516
-132.813331
-167.876150
-125.682493
-165.269995
-147.546426
-129.316594
-113.659853
-131.625192
-124.827751
-146.903016
-133.351900
-137.647544
-140.546591
-119.917927
-120.873245
-156.106579
-137.087522
-151.319185
-124.373803
-128.533145
-120.361369
-156.035926
-140.469028
-152.040654
-174.672884
-136.644669
-149.341242
-125.464033
-126.639126
-128.495207
-161.881494
-125.750954
-119.728786
-161.756898
-119.687267
-128.882870
-136.297484
-143.370367
-166.157192
-163.443581
-117.787689
-109.673525
-187.241549
-114.312238
-133.113967
-142.093092
-142.781869
-167.796277
-142.560382
-157.752234
-106.017447
-122.804955
-132.026423
-126.117594
-162.716209
-122.716730
-184.855713
-160.847255
-118.780150
-181.614244
-106.481702
-160.243370
-120.638140
-131.959805
-121.287008
-116.248185
-120.668858
-128.671016
-173.212290
-139.219675
-128.037228
-127.423058
-110.468686
-139.823656
-115.586070
-143.015324
-142.509263
-144.605439
-162.982779
-125.717718
-108.111775
-119.366477
-127.329355
-105.610665
-127.347834
-140.023246
-122.793761
-126.429331
-147.406403
-139.279173
-126.478423
-133.791606
-112.998832
-118.428955
-147.472949
-155.007643
-112.772124
-153.780505
-131.436364
-135.828483
-115.841756
-137.303070
-131.455351
-114.070143
-127.896969
-139.939920
-146.791590
-151.407404
-147.832563
-157.373881
-145.952537
-169.761290
-149.123739
-136.789606
-140.114735
-140.678725
-140.051108
-150.211822
-172.811821
-133.767370
-150.583553
-158.323602
-146.903841
-148.322427
-178.825746
-166.744754
-154.095339
-141.663170
-139.058795
-127.859203
-141.962541
-136.509765
-143.308997
-101.780570
-139.234416
-129.231678
-130.261237
-134.348572
-166.653233
-146.907432
-136.788463
-113.300814
-139.372502
-129.866759
-108.767313
-152.079262
-127.136610
-150.581870
-141.413026
-138.915519
-137.232499
-155.058600
-142.615725
-143.529149
-108.316582
-118.885555
-152.513005
-142.111209
-170.622860
-136.498225
-147.978158
-146.522471
-107.948578
-164.525833
-143.818920
-146.925686
-129.497090
-154.479081
-110.916979
-120.485520
-158.539556
-125.144363
-124.291037
-143.518520
-124.863183
-136.651734
-152.586336
-107.280702
-141.480944
-116.032832
-138.181893
-157.886715
-144.824206
