-10.530746
-7.417110
-8.621306
-14.554833
-10.159969
-7.656768
-2.538738
-2.157913
-5.361008
-11.270209
-6.311519
-8.067599
-7.497670
-12.900649
-10.700282
-18.543361
-11.691771
-9.608116
-14.437016
-3.863259
-0.380525
-3.902674
-3.793822
-4.235070
-8.363167
-10.405348
-7.581603
-7.140903
-7.951863
-3.146523
-14.406886
-13.918823
-20.209429
-12.382071
-19.036918
-12.737381
-7.889893
-6.879454
-4.645999
-10.681235
-17.382440
-9.460886
-7.123202
-9.992939
-11.060623
-11.445391
-6.005656
-17.053933
-4.080615
-1.822970
-8.157763
-0.779057
-9.369599
-10.543140
-5.101066
-7.146553
-13.584243
-5.344036
-2.005000
-10.745852
-15.899910
-4.413912
-12.041684
-8.680521
-16.903858
-13.575907
-12.259302
-4.177186
-5.495313
-12.251788
-1.974504
-8.608028
-12.297590
-6.984383
-10.992834
-9.976684
-4.851581
-3.460062
-3.821760
-7.383127
-15.033692
-12.461137
-18.821398
-15.150866
-11.422094
-13.818715
-6.053117
-5.042712
-9.543289
-1.238563
-14.984392
-7.854635
-5.623970
-10.842531
-7.097998
-6.963522
-9.642262
-5.624471
-13.299981
-10.152610
-9.002068
-8.132689
-8.508270
-8.526649
-11.017414
-7.226056
-9.000035
-8.586662
-10.409285
-13.784152
-5.154046
-15.253219
-5.919807
-12.133637
-12.237920
-4.173505
-7.891023
-10.819339
-10.624358
-1.090595
-10.980869
-7.654479
-7.491704
-8.734652
-13.690710
-2.847552
-8.636527
-13.291843
-13.093942
-16.745140
-7.823430
-1.297136
-7.517508
-2.456149
-1.366562
-7.563396
-8.839133
-15.736963
-3.099174
-8.127077
-3.718055
-8.051775
-12.105204
-12.142705
-6.730279
-5.082854
-11.680460
-9.322753
-13.977637
-22.231571
-13.240294
-6.207040
-1.853436
-11.137341
-5.689916
-10.750307
-8.196377
-18.930247
-13.438503
-0.222742
-12.240091
-6.768862
-6.617848
-6.397708
-8.854734
-9.102430
-14.282099
-0.536646
-13.732953
-5.773622
-15.403274
-15.202273
-2.932442
-4.812882
-8.033437
-8.086781
-10.808953
-15.763931
-10.217450
-11.034445
-0.818258
-3.283226
-10.003771
-3.723348
-0.835338
-8.395039
-7.772046
-3.159826
-8.441037
-9.672708
-10.407104
-9.398404
-3.217798
-10.131173
-6.802136
-12.285357
-9.915979
-11.017972
-7.528453
-6.786708
-15.188785
-10.454021
-1.423826
-10.587801
-3.957540
-9.498479
-7.605066
-1.198725
-6.045743
-18.707139
-9.768721
-11.501149
-12.357717
-1.099851
-5.863783
-1.466523
-9.728901
-19.409495
-12.102976
-6.917572
-4.969414
-16.632144
-5.866348
-5.690928
-4.805438
-7.533847
-7.272061
-8.124857
-10.154432
-4.915239
-8.588955
-7.201014
-3.320920
-5.019674
-12.713212
-14.512862
-2.300971
-7.331077
-11.305730
-13.909164
-4.241196
-3.474741
-18.007139
-14.992384
-7.601623
-15.464026
-11.712446
-10.672984
-7.647465
-11.437973
-8.707061
-5.653733
-10.816475
-13.724111
-11.550792
-10.821043
-13.659937
-8.242843
-6.280464
-12.218263
-7.807161
-10.146904
-1.238069
-11.273850
-9.680248
-9.992436
-6.414226
-17.101498
-8.051584
-12.200387
-11.529195
-11.961473
-8.944159
-13.123316
-15.919908
-9.509297
-8.907873
-5.861293
-17.951306
-7.938808
-14.168967
-7.549530
-7.558601
-8.852028
-10.688046
-17.753836
-9.385526
-17.088698
-7.812664
-2.210678
-16.641280
-0.866390
-11.513778
-9.550460
-12.643693
-10.025928
-10.732775
-0.289791
-9.489866
-8.000298
-8.743690
-11.504763
-8.042633
-10.764890
-5.112282
-10.252391
-3.533314
-12.273902
-2.037010
-2.526666
-6.133126
-6.360869
-12.854351
-0.039541
-13.175430
-8.473411
-0.456750
-13.724297
-4.298339
-11.253816
-4.119670
-9.808552
-16.500872
-11.649484
-12.385619
-15.540623
-10.419228
-7.075927
-12.122143
-0.436819
-0.315070
-10.845604
-11.749826
-12.826272
-11.499740
-8.361055
-8.421311
-4.668429
-10.984160
-10.054833
-14.807842
-16.349229
-10.716949
-13.768117
-10.040602
-13.609639
-14.819315
-10.394163
-17.902237
-6.802502
-1.945431
-0.025054
-7.429124
-7.949491
-6.955546
-12.390545
-9.112321
-2.517693
-16.979539
-12.826457
-10.699030
-7.530644
-16.757610
-13.980454
-8.127482
-13.409793
-0.498908
-8.114141
-4.637289
-20.597467
-2.723446
-14.218452
-5.147477
-10.894227
-4.433382
-7.386458
-12.632015
-10.214124
-15.392458
-5.683938
-4.925828
-12.357855
-16.244047
-11.991507
-8.930139
-13.906670
-16.043252
-3.592305
-6.497372
-9.860336
-15.276933
-6.592533
-8.201200
-3.014591
-2.032020
-7.041344
-5.528403
-19.400020
-13.498524
-8.172507
-13.223739
-2.131742
-3.009902
-9.859992
-7.943327
-12.299595
-1.513573
-12.372342
-10.236646
-8.310850
-3.819855
-5.611971
-15.344292
-7.294548
-10.460994
-7.133379
-8.928520
-6.708180
-17.173264
-13.362758
-10.370280
-6.366561
-9.024007
-7.616621
-8.649462
-14.327718
-9.015284
-0.721873
-10.816755
-3.407274
-5.710274
-7.240670
-13.058992
-4.380108
-7.020261
-0.037609
-0.690651
-5.625397
-12.026252
-17.105125
-16.216733
-12.012603
-8.199409
-7.561571
-10.989572
-7.180938
-7.547004
-16.865002
-3.757352
-13.341849
-10.802349
-15.243649
-9.267014
-7.135849
-8.458338
-0.183290
-13.911513
-19.304788
-9.556882
-10.711978
-19.277917
-13.556747
-11.254446
-12.125517
-7.269095
-22.275363
-7.318823
-6.634145
-10.119411
-11.480333
-5.286458
-9.709415
-13.111129
-2.142978
-10.860912
-0.461653
-18.158591
-15.198365
-10.804132
-12.192883
-7.151749
-12.653775
-6.750832
-16.150942
-3.552024
-8.952275
-13.292232
-0.705892
-5.835401
-5.910056
-17.686228
-14.614112
-7.236486
-6.924045
-15.612079
-10.539579
-10.170118
