-0.005088
-0.176955
-0.018904
-0.133529
-0.031789
-0.030516
-0.003652
-0.039066
-0.014039
-0.001149
-0.097204
-0.003442
-0.002505
-0.026409
-0.286434
-0.017503
-0.473234
-0.020434
-0.206804
-0.000425
-0.077609
-0.000622
-0.033356
-0.007503
-0.356528
-0.001667
-0.002226
-0.512564
-0.018126
-0.055098
-0.019997
-0.013787
-0.060984
-0.071448
-0.006137
-0.233387
-0.004817
-0.039210
-0.025273
-0.000454
-0.020711
-0.003077
-0.018213
-0.004885
-0.013314
-0.010078
-0.005736
-0.004922
-0.003376
-0.027046
-0.000222
-0.091832
-0.060291
-0.034829
-0.000887
-0.022979
-0.041093
-0.025270
-0.010200
-0.002805
-0.003074
-0.052390
-0.174466
-0.040335
-0.136768
-0.002966
-0.080625
-0.011793
-0.001043
-0.166538
-0.049325
-0.002038
-0.118779
-0.002506
-0.027731
-0.008475
-0.538468
-0.008636
-0.109691
-0.267403
-0.398026
-0.006930
-0.005260
-0.040831
-0.093881
-0.134974
-0.029925
-0.059218
-0.238455
-0.117892
-0.000204
-0.151714
-0.084261
-0.006178
-0.025215
-0.077194
-0.012607
-0.012908
-0.001024
-0.000031
-0.021573
-0.067756
-0.005380
-0.109617
-0.145773
-0.119796
-0.298506
-0.014579
-0.090504
-0.096913
-0.130613
-0.003837
-0.018512
-0.000529
-0.242523
-0.398705
-0.445132
-0.024637
-0.382262
-0.141447
-0.030651
-0.384744
-0.007083
-0.007624
-0.001451
-0.022216
-0.005773
-0.000834
-0.003233
-0.155573
-0.056568
-0.025793
-0.016366
-0.209056
-0.027028
-0.523505
-0.049353
-0.005817
-0.000161
-0.001425
-0.005625
-0.097160
-0.041927
-0.004034
-0.026199
-0.006910
-0.001158
-0.116901
-0.018055
-0.006419
-0.008169
-0.000904
-0.016074
-0.549954
-0.009132
-0.195308
-0.000095
-0.018824
-0.005702
-0.001899
-0.052475
-0.219216
-0.049341
-0.013018
-0.016032
-0.012160
-0.000155
-0.108436
-0.066650
-0.011758
-0.022712
-0.062668
-0.142229
-0.024987
-0.042392
-0.099409
-0.009563
-0.133008
-0.002410
-0.026617
-0.121136
-0.011409
-0.001721
-0.479730
-0.035669
-0.147997
-0.020734
-0.016348
-0.022192
-0.246696
-0.075607
-0.004068
-0.130798
-0.054389
-0.135616
-0.066646
-0.193660
-0.011025
-0.002351
-0.018023
-0.108682
-0.050433
-0.021992
-0.060176
-0.008499
-0.038281
-0.000729
-0.021837
-0.126631
-0.016532
-0.004848
-0.003108
-0.003633
-0.111870
-0.006237
-0.122713
-0.085241
-0.114196
-0.000461
-0.003610
-0.044757
-0.047992
-0.064021
-0.010250
-0.016392
-0.035047
-0.006396
-0.161177
-0.137743
-0.001908
-0.007023
-0.169711
-0.002416
-0.002877
-0.092108
-0.018478
-0.000089
-0.061543
-0.209420
-0.036576
-0.523855
-0.058205
-0.155645
-0.481495
-0.030594
-0.107021
-0.000023
-0.095817
-0.002072
-0.003456
-0.126593
-0.009055
-0.030994
-0.110372
-0.001574
-0.040767
-0.045721
-0.000491
-0.004590
-0.039724
-0.432447
-0.026277
-0.026101
-0.000003
-0.009813
-0.012662
-0.016099
-0.116530
-0.180667
-0.434487
-0.005110
-0.263234
-0.070935
-0.034895
-0.129548
-0.349733
-0.320504
-0.145455
-0.075912
-0.035173
-0.029886
-0.020648
-0.344537
-0.247999
-0.105695
-0.017360
-0.052042
-0.005338
-0.004231
-0.207656
-0.020803
-0.001509
-0.043550
-0.158693
-0.010427
-0.006865
-0.001287
-0.047184
-0.297312
-0.035041
-0.094374
-0.030823
-0.023644
-0.055773
-0.087396
-0.034335
-0.057435
-0.000287
-0.016161
-0.000005
-0.202437
-0.033252
-0.005068
-0.050276
-0.000000
-0.000958
-0.004127
-0.045036
-0.135273
-0.020622
-0.000305
-0.075440
-0.001857
-0.376585
-0.021384
-0.003591
-0.064936
-0.000133
-0.035728
-0.023922
-0.036424
-0.052520
-0.186350
-0.122364
-0.000783
-0.005131
-0.000246
-0.170647
-0.400161
-0.065819
-0.006666
-0.004314
-0.009323
-0.010741
-0.009541
-0.002003
-0.352122
-0.443471
-0.003426
-0.326875
-0.012294
-0.018829
-0.091585
-0.066703
-0.163063
-0.028578
-0.002745
-0.000074
-0.025797
-0.020246
-0.019573
-0.038068
-0.151078
-0.005639
-0.001121
-0.007588
-0.075781
-0.003362
-0.058152
-0.087344
-0.183478
-0.085799
-0.042077
-0.000223
-0.005612
-0.037707
-0.000434
-0.117713
-0.017705
-0.086014
-0.002317
-0.065599
-0.104062
-0.043450
-0.002507
-0.000184
-0.046888
-0.003348
-0.084259
-0.000940
-0.011051
-0.541603
-0.067163
-0.001742
-0.042654
-0.004191
-0.000826
-0.123242
-0.164972
-0.000354
-0.131567
-0.316734
-0.190217
-0.014247
-0.034452
-0.000631
-0.036216
-0.101168
-0.422076
-0.028087
-0.096140
-0.009267
-0.009931
-0.010749
-0.056481
-0.102825
-0.014808
-0.011904
-0.038135
-0.008500
-0.020397
-0.062804
-0.012370
-0.020225
-0.031892
-0.067974
-0.111050
-0.194226
-0.003438
-0.016535
-0.023546
-0.020288
-0.007814
