-2.322069
-4.950909
-0.670694
-1.258678
-1.118480
-2.805796
-0.348394
-0.205268
-2.387774
-2.838772
-3.175417
-0.012838
-2.445371
-0.824883
-0.464275
-0.376062
-0.549438
-0.968395
-0.648313
-1.522717
-0.179636
-2.816087
-1.081593
-2.517975
-5.073004
-0.085445
-1.851862
-0.740712
-3.298740
-1.263460
-2.308456
-6.425519
-0.549207
-1.929323
-2.254201
-2.196030
-3.795420
-4.186901
-0.112570
-0.638210
-2.609911
-2.208141
-1.206841
-2.707644
-1.131481
-1.039789
-1.053221
-4.950818
-0.015541
-2.126567
-2.593736
-1.122752
-1.539928
-0.759260
-1.140270
-0.002312
-0.256067
-0.697554
-1.708254
-1.958300
-2.457251
-0.340892
-1.027617
-0.844560
-2.353842
-1.073676
-2.779903
-2.195459
-2.512187
-3.747138
-1.942899
-1.487913
-3.657174
-2.032585
-4.377327
-0.848481
-0.706997
-1.032762
-0.023329
-1.768955
-2.746706
-1.382413
-1.874734
-0.356189
-0.217624
-1.210676
-2.384357
-2.408986
-2.397551
-1.486608
-2.160325
-1.502486
-0.409729
-0.120014
-2.925060
-1.621561
-0.816548
-1.126141
-3.935562
-1.470970
-1.300017
-1.210009
-0.028504
-3.170198
-0.060429
-3.560412
-1.960918
-1.286498
-4.610169
-1.414065
-1.986249
-0.042901
-3.952810
-0.515945
-1.559724
-0.727888
-4.111874
-1.944172
-0.110923
-2.882852
-3.192560
-3.713812
-2.056265
-1.418872
-4.678628
-1.332149
-3.884457
-1.074939
-0.188766
-3.277061
-5.934326
-0.863079
-4.475117
-3.124029
-0.379959
-5.754237
-3.857557
-2.232078
-2.658224
-0.275656
-0.267642
-2.276388
-3.608243
-2.715558
-2.265515
-4.823917
-2.869933
-0.713745
-3.390208
-2.874387
-1.478065
-2.257544
-1.349136
-0.838336
-0.510635
-1.325799
-1.414160
-3.973746
-1.013704
-2.284048
-2.493527
-0.574286
-2.186177
-0.896025
-3.774014
-0.482083
-4.333723
-1.235681
-0.709472
-0.446908
-0.559875
-2.024275
-2.113122
-0.334816
-2.921561
-0.091037
-1.112959
-1.345171
-0.689354
-0.669482
-2.329121
-0.221073
-1.610366
-1.065365
-2.344785
-4.035806
-1.008377
-0.894788
-0.166877
-0.097393
-2.507278
-1.583422
-1.988949
-1.510994
-2.605552
-7.689797
-1.003564
-1.697472
-0.913025
-1.710634
-3.865795
-0.958442
-3.073935
-2.727975
-0.214776
-0.270681
-4.232064
-0.890191
-0.451604
-1.793000
-4.792693
-4.275824
-4.726631
-3.201255
-3.151317
-1.600037
-0.640115
-0.670865
-2.125182
-1.715692
-0.867001
-7.183161
-3.570807
-1.281552
-1.326659
-0.699725
-1.716821
-0.481171
-2.251871
-3.057731
-0.466074
-2.568316
-0.394880
-2.348394
-1.189821
-1.016523
-0.396849
-2.602045
-2.438189
-0.749099
-0.406316
-0.970686
-1.770180
-0.508581
-0.899059
-1.395634
-1.515190
-1.828619
-1.210562
-0.608993
-5.162072
-4.481551
-2.392698
-0.870844
-0.820702
-0.062462
-4.379532
-1.221241
-4.591362
-1.371700
-2.812800
-1.378247
-3.341318
-1.685846
-1.822878
-2.276388
-5.248668
-3.887368
-1.209260
-1.306324
-0.054695
-0.948681
-0.211895
-1.300252
-0.026931
-3.352181
-1.444605
-2.042193
-2.037808
-1.887488
