-57.439720
-32.750319
-52.343897
-50.891984
-53.519171
-62.494408
-48.663273
-57.942706
-41.568948
-52.183300
-52.513447
-56.646569
-47.059064
-52.129910
-54.860165
-45.392742
-54.893537
-43.300632
-51.468176
-58.577636
-52.505669
-54.215901
-49.697582
-52.305155
-47.531760
-46.368954
-64.038077
-54.036361
-50.063692
-55.561191
-52.502155
-41.764688
-50.478564
-58.900170
-48.360314
-32.844597
-53.458335
-49.538555
-55.316797
-61.855068
-52.365210
-51.309295
-43.792533
-55.902534
-63.101744
-54.269046
-42.592213
-46.115696
-54.264271
-53.772177
-52.101421
-61.678425
-54.151150
-50.380877
-66.158306
-54.841893
-44.082808
-47.150078
-64.903684
-40.544356
-54.253532
-61.542042
-59.070233
-44.894396
-52.646640
-45.917167
-40.237879
-54.851394
-46.865179
-67.527657
-43.040084
-50.439160
-51.685694
-49.850403
-45.339644
-62.216477
-62.470905
-50.365533
-58.804766
-51.723146
-35.851989
-56.396109
-53.157403
-56.113185
-63.535798
-51.938278
-53.873582
-63.860491
-49.499506
-35.924385
-65.644377
-57.881603
-51.109652
-46.813330
-46.587015
-42.435811
-54.107590
-55.774287
-51.922035
-47.101154
-55.518903
-47.052109
-55.087230
-40.099835
-62.918422
-55.714399
-57.541358
-45.084871
-64.647347
-42.302398
-44.405255
-56.617886
-48.828724
-59.826486
-54.928324
-59.797035
-54.182191
-45.974336
-55.903317
-58.692369
-52.935378
-56.337046
-30.783678
-57.915480
-63.551829
-52.303603
-44.808166
-49.722243
-44.996816
-60.640260
-53.122265
-48.287635
-48.521324
-39.948044
-67.129582
-60.868429
-52.851900
-38.123286
-46.013964
-50.529383
-59.579316
-65.339745
-55.828106
-34.804920
-50.338941
-52.021812
-58.760538
-44.250981
-62.981248
-53.968688
-43.719927
-58.556872
-54.616432
-59.813484
-57.416891
-53.832443
-49.315140
-52.494629
-57.658690
-57.971112
-44.501326
-50.147423
-52.423008
-53.969015
-56.768534
-51.660654
-45.062375
-59.599257
-52.764393
-62.778585
-45.668197
-54.244891
-70.016966
-62.955118
-59.218517
-52.883469
-48.064268
-57.596526
-55.044483
-57.806029
-51.920175
-46.980449
-57.847342
-53.308087
-44.166185
-53.428382
-67.589414
-51.293469
-53.280337
-47.237505
-52.516418
-52.395940
-47.304565
-37.573761
-50.548083
-55.493809
-60.941924
-54.231769
-67.760142
-42.636752
-51.043120
-59.571631
-61.628857
-54.896398
-54.047976
-50.098706
-53.058795
-63.240826
-36.713788
-63.572737
-40.494795
-49.896472
-44.374493
-43.568378
-48.381640
-63.525711
-45.706857
-57.810204
-52.117565
-62.679516
-46.371510
-52.021985
-60.824324
-53.016218
-48.961793
-56.224531
-61.570653
-41.546398
-48.320496
-57.677126
-40.743275
-37.945289
-61.590809
-52.244348
-53.811153
-45.261479
-52.064776
-41.108703
-41.436148
-43.775219
-53.787925
-36.938338
-64.082477
-42.003134
-37.749438
-61.105670
-55.540677
-63.172537
-63.630337
-61.687374
-54.875692
-60.253876
-54.723871
-57.225759
-52.438326
-54.965761
-46.514088
-56.199577
-50.667836
-54.218185
-57.498964
-37.715048
-60.136589
-52.478927
-65.829684
-44.676253
-62.355610
-59.813079
-58.990317
-52.227103
-47.284308
-59.154036
-48.341930
-52.325668
-57.643281
-45.718985
-62.990031
-46.870874
-67.851097
-49.672615
-64.183934
-77.273332
-34.661058
-59.503275
-71.368374
-44.421782
-52.910116
-60.397451
-41.353291
-52.386176
-31.975804
-55.087260
-62.723359
-63.363784
-54.223571
-48.016929
-46.358245
-45.744839
-60.334730
-53.977937
-61.617374
-54.431575
-59.525201
-55.752156
-55.456649
-76.115644
-58.643171
-55.848150
-53.242550
-58.872046
-52.032257
-48.311397
-46.564479
-62.891692
-60.574112
-30.908995
-57.676831
-60.368398
-57.169530
-55.816376
-54.563515
-38.617563
-55.439446
-50.231666
-52.299737
-46.709515
-56.550013
-59.705825
-63.187942
-47.168438
-55.906372
-55.362085
-36.893655
-47.307179
-43.226694
-53.203780
-48.530424
-49.782410
-38.739409
-63.008276
-57.894648
-45.154746
-67.150691
-48.596979
-40.222938
-55.954112
-49.651176
-54.379834
-41.739199
-60.348305
-40.009789
-65.425762
-40.963030
-50.822251
-48.891194
-39.181539
-62.853070
-58.041645
-52.946295
-55.373178
-48.096461
-55.136893
-43.190146
-58.094416
-53.848373
-53.729008
-44.161255
-59.570786
-56.502452
-56.551911
-37.274401
-54.169407
-51.516477
-51.523773
-39.617768
-52.255208
-42.025677
-44.628652
-53.707204
-46.332454
-59.090818
-50.235979
-43.731730
-44.273987
-47.092246
-71.895897
-47.673743
-45.507506
-56.603411
-51.701581
-45.157038
-56.053196
-51.460952
-43.879503
-41.565006
-63.241604
-35.453142
-67.002945
-50.572976
-46.306375
-67.008133
-51.676109
-51.919748
-51.725099
-47.275999
-52.203677
-46.001835
-48.456251
-57.322410
-56.182358
-48.902307
-59.974679
-60.402211
-62.984556
-60.826196
-56.417123
-70.302763
-58.569933
-54.658118
-47.162249
-50.237376
-62.016395
-61.229863
-48.187272
-61.409609
-58.300983
-69.719133
-60.275960
-42.651294
-69.587880
-51.058867
-57.795086
-58.783476
-53.460662
-53.282660
-43.684188
-54.133252
-62.024346
-61.766354
-62.544196
-57.579646
-33.961038
-47.215594
-51.062557
-64.613519
-42.111794
-53.328133
-67.138997
-52.267179
-48.501186
-55.448733
-54.286091
-46.686163
-41.025072
-68.541759
-48.208729
-53.084218
-54.239557
-66.904878
-44.776101
-35.449116
-54.559013
-53.510619
-50.358007
-51.342520
-45.704736
-58.545700
-43.183596
-45.485532
-41.620973
-52.434712
-63.342941
-52.145346
-66.148884
-43.076370
-59.375487
-40.553745
-46.880861
-46.309271
-62.379627
-59.423542
-49.472674
-54.384622
-58.332573
-38.217730
-60.905051
-59.389659
-29.162407
-46.629159
-59.302513
-48.867148
-44.581299
-45.186589
-59.726209
-63.518805
-53.356858
-53.635692
-51.361573
-52.084592
-53.606875
-52.007657
-42.599892
-46.784879
-55.748376
-46.621184
-66.748317
-39.166154
-39.371562
-55.864812
-48.310446
-49.904068
-53.733616
-44.051590
-66.659594
-52.557279
-52.316386
-63.515604
-56.107150
-38.165199
-55.852688
-54.669099
-52.052157
-50.415003
-55.604627
-67.026028
-47.278980
-59.028266
-64.897027
-54.244282
-52.904839
-43.343241
-36.824700
-63.263294
-56.223804
-47.504659
-66.247675
-45.150569
-59.210397
-59.224540
-54.701673
-49.129242
-64.981745
-66.990494
-63.701238
-62.616665
-58.982506
-62.680631
-51.841103
-54.264081
-39.200741
-52.128848
-68.848571
-55.744057
-44.612147
-66.155976
-63.021734
-59.967856
-45.755322
-54.251564
-45.226347
-53.094334
-67.301324
-59.625609
-52.669406
-62.561048
-53.175328
-37.769855
-45.805483
-38.685106
-71.852922
-66.183393
-49.769261
-62.954463
-57.687625
-53.673075
-59.765049
-43.764447
-49.024421
-64.213018
-64.796052
-48.700930
-48.983783
-48.720002
-54.098616
-51.464686
-58.544857
-58.339808
-70.529743
-53.869763
-60.649195
-49.517973
-55.957373
-67.897577
-50.308896
-48.721382
-60.462704
-53.789561
-35.388536
-28.757378
-45.830201
-53.270881
-31.790058
-53.997768
-56.337365
-49.168629
-56.154960
-48.580497
-55.359310
-54.004301
-57.262515
-42.119822
-47.195803
-38.091608
-46.698707
-57.023626
-57.767214
-59.245660
-55.369293
-53.951488
-53.656343
-65.068307
-43.272004
-47.883512
-49.158377
-47.763520
-48.688265
-39.505767
-51.007620
-44.091803
-49.111926
-50.264833
-52.640890
-45.309111
-59.841048
-50.773835
-58.036223
-49.672739
-59.943263
-52.058081
-49.197701
-37.600340
-59.916500
-51.595055
-41.410085
-47.672768
-50.856930
-55.892018
-48.490160
-54.207902
-41.993762
-50.413535
-40.305813
-54.849971
-62.216356
-62.414031
-54.737073
-62.278676
-55.101468
-58.861678
-41.580925
-38.356353
-46.779387
-50.469500
-46.428165
-57.371502
-46.827684
-54.336434
-50.852653
-56.106561
-58.878574
-52.929446
-46.891376
-49.996610
-49.477002
-55.707131
-45.467043
-63.878866
-56.460966
-52.434361
-55.800945
-70.451208
-40.812896
-69.334421
-46.534155
-46.598908
-71.966775
-37.907066
-58.263042
-49.061379
-51.862837
-48.989933
-31.816362
-50.262343
-38.462606
-56.902414
-51.443414
-41.597400
-59.468060
-62.898761
-41.680949
-58.644041
-37.896307
-55.940045
-52.734894
-55.523711
-49.228332
-48.164027
-35.757739
-38.270676
-58.037319
-49.991695
-41.471899
-55.179113
-56.089009
-56.539786
-51.164363
-40.853634
-48.194886
-42.933767
-46.602118
-44.102803
-52.790131
-45.377268
-46.892626
-49.506613
-64.015584
-60.024530
-54.423194
-59.753996
-51.561459
-58.845543
-52.204500
-52.020797
-46.476914
-52.457709
-38.620222
-40.129864
-61.491393
-73.091313
-45.209545
-62.738606
-54.805612
-45.485272
-49.558366
-52.628789
-50.818207
-47.278226
-58.019410
-57.506550
-64.093466
-49.865927
-40.427118
-64.249725
-61.010160
-54.915345
-68.079760
-40.342558
-62.882996
-34.633196
-64.190067
-53.650875
-47.801097
-53.516821
-44.089831
-28.985586
-54.934793
-49.993015
-58.096382
-34.668838
-73.311368
-55.630843
-51.214728
-52.217729
-59.773447
-52.528387
-54.462332
-41.358918
-56.041782
-52.498255
-64.650561
-54.127210
-45.185312
-42.188533
-50.244740
-51.861140
-58.722150
-55.156852
-53.022342
-57.465148
-39.482719
-40.332787
-40.117729
-46.677297
-34.229162
-43.232853
-56.235454
-48.508062
-51.271178
-50.163040
-65.628656
-53.814224
-43.135064
-52.792305
-46.895771
-51.139227
-44.444423
-53.256553
-63.671360
-52.712875
-54.385158
-52.035496
-42.869303
-41.768230
-48.462161
-59.997842
-50.768968
-61.183381
-51.238768
-64.119388
-54.420597
-46.518877
-45.423272
-47.674647
-35.782812
-59.640484
-54.759536
-50.486861
-50.415201
-55.820687
-48.344274
-54.193824
-62.604581
-47.964626
-46.932138
-49.987850
-66.707969
-65.376999
-47.815019
-54.635928
-35.312837
-63.041196
-51.209686
-49.616079
-62.131754
-38.557507
-37.511410
-59.657254
-32.442754
-44.997861
-53.309085
-61.405729
-47.395459
-38.887193
-41.621542
-64.525564
-40.433302
-60.138371
-50.185923
-51.991358
-54.767783
-41.724591
-49.695083
-46.777328
-54.614836
-58.630653
-41.956049
-47.267345
-43.962364
-37.541891
-59.823065
-60.932271
-48.067308
-50.383498
-43.399315
-66.385981
-44.634759
-54.368380
-32.857640
-43.896355
-45.501268
-58.104024
-61.091769
-71.267037
-53.491956
-57.879834
-32.146674
-53.237356
-65.599651
-56.135047
-44.978128
-50.695458
-47.739473
-51.073115
-54.851120
-45.844608
-45.204915
-45.963689
-47.864216
-33.536431
-58.929767
-57.351936
-38.006000
-57.824335
-40.197957
-55.789898
-46.241450
-53.072490
-51.093221
-45.418677
-43.731888
-68.302841
-51.794953
-48.808881
-48.554638
-53.619850
-48.104419
-54.593998
-53.118784
-63.449588
-53.107385
-63.225251
-50.185252
-52.543429
-44.771810
-58.648687
-51.219874
-46.144214
-45.418769
-51.399088
-43.366505
-57.002370
-52.135937
-47.269760
-42.063192
-59.223027
-56.371536
-39.794971
-55.976314
-50.388124
-57.353188
-58.191469
-62.737824
-48.961241
-52.050032
-46.318020
-43.289827
-32.218998
-53.259926
-40.583489
-57.925054
-37.985008
-31.635255
-53.819111
-46.458238
-54.739901
-54.446901
-54.680654
-33.618154
-53.623489
-60.143925
-52.026894
-48.089868
-50.017693
-55.158706
-33.273889
-57.322380
-57.700720
-64.836910
-47.972692
-64.947865
-49.571003
-46.526139
-69.566394
-63.089986
-51.236829
-53.968633
-36.454206
-54.687099
-63.721306
-52.846487
-55.358873
-50.403381
-56.702120
-36.247315
-59.142546
-49.259792
-58.875992
-54.041574
-38.512373
-63.566633
-42.281728
-48.460166
-55.716528
-58.006513
-47.140111
-53.019050
-53.058836
-50.858030
-49.699506
-57.545365
-65.430137
-58.955920
-40.468944
-55.120283
-55.704855
-63.203950
-29.611195
-33.308786
-47.491541
-56.579802
-55.472629
-52.262342
-59.479255
-49.255642
-50.707748
-53.597190
-52.185082
-50.366111
-55.851782
-43.471156
-57.273330
-58.997638
-56.536348
-47.199118
-44.243148
-49.351183
-65.628991
-48.056573
-51.553720
-53.953671
-56.457373
-55.196938
-58.399977
-40.973826
-38.070203
-52.669116
-60.218103
-52.609581
-47.953546
-46.218452
-55.666896
-65.369969
-64.309732
-60.709463
-41.535317
-24.575731
-48.616894
-52.535755
-60.479633
-49.673603
-47.202352
-44.165480
-59.799735
-59.156801
-47.767054
-38.296657
-54.686251
-39.640419
-36.901367
-59.753136
-44.418235
-47.300470
-58.507316
-58.245786
-64.987541
-55.734301
-45.665666
-43.319913
-43.080393
-61.006123
-55.433752
-62.941082
-43.763619
-34.848809
-49.460105
-49.760115
-56.154125
-53.179518
-60.664268
-39.043673
-64.573295
-36.391582
-52.704474
-56.887917
-56.423369
-44.468700
-49.279750
-55.433928
-42.827008
-46.703380
-47.990914
-53.724228
-55.944431
-57.147702
-56.596765
-62.559946
-49.593085
-57.025508
-55.309680
-54.519027
-66.766952
-36.635255
-41.944075
-38.143194
-47.297716
-62.694275
-54.029113
-39.626164
-52.100793
-67.079778
-46.845665
-61.185824
-44.452819
-55.389767
-56.044725
-56.437204
-60.541538
-55.853598
-41.516946
-47.992282
-58.987485
-50.495029
-43.515882
-50.336616
-47.992474
-49.044251
-40.636910
-47.137431
-40.415999
-36.942459
-41.039317
-53.868521
-43.207939
-49.151736
-50.550846
-54.077667
-52.733731
-50.216579
-57.578802
-60.730782
-47.914897
-45.271896
-45.876393
-49.483344
-54.375433
-54.450789
-47.090556
-45.088449
-42.714861
-58.221014
-47.733077
-52.050354
-44.634156
-48.468940
-51.359363
-59.367336
-55.370514
-56.010945
-50.046496
-49.809640
-56.099427
-50.023641
-69.621157
-60.119373
-60.599753
-50.780056
-49.944942
-52.592839
-66.539652
-52.071224
-44.566363
-50.099237
-53.446612
-56.873120
-54.773616
-57.775432
-38.554387
-41.955012
-47.848772
-52.525453
-30.941695
-44.420952
-51.745821
-48.249711
-59.498149
-41.729237
-61.163584
-65.994742
-59.252781
-59.508492
-49.888567
-60.977126
-52.840429
-50.280777
-68.658700
-58.238794
-57.122756
-48.110402
-56.515064
-60.282021
-46.019494
-51.253405
-56.807885
-59.022341
-43.788765
-53.767654
-52.686199
-48.284515
-49.313933
-53.717955
-63.966603
-57.260957
-41.638003
-67.180329
-55.564612
-51.108405
-45.261732
-48.534406
-48.656781
-49.622701
-46.986876
-49.977343
-57.599101
-57.769690
-45.936622
-49.681852
-54.778399
-55.888598
-72.203521
-56.088665
-55.775109
-55.546641
-62.511520
-39.777553
-48.920509
-57.903812
-62.594407
-45.771442
-54.078694
-51.775904
-50.239584
-50.784106
-47.985529
-49.964718
