-244.110727
-203.544999
-209.510792
-158.295991
-194.886440
-199.436636
-222.280169
-204.736358
-167.945752
-208.953152
-185.939899
-222.893761
-158.955599
-198.681934
-173.829899
-194.217494
-188.211969
-168.948989
-200.237041
-192.809264
-186.053013
-196.695611
-163.956229
-178.074799
-205.619744
-177.496947
-229.416727
-211.777720
-182.096102
-176.683599
-217.737647
-224.462534
-186.030664
-180.755028
-171.264961
-186.503651
-192.556191
-146.469866
-167.466144
-161.260740
-217.532695
-163.804185
-193.567192
-191.078298
-192.867892
-211.016838
-203.907535
-198.146563
-171.625529
-230.597349
-180.949962
-181.468755
-182.340955
-156.534658
-169.424089
-185.458734
-194.190169
-225.060545
-166.773057
-197.583705
-213.002439
-223.418059
-185.807050
-177.172391
-165.532757
-169.171917
-204.663755
-191.166076
-196.674487
-175.602256
-216.032326
-192.989722
-184.830609
-169.972483
-184.282873
-175.169943
-168.191527
-195.478470
-195.932572
-224.580118
-180.800389
-210.649306
-201.644948
-171.481677
-173.879190
-163.513066
-195.048990
-193.884136
-196.731366
-188.564083
-153.171346
-229.974405
-136.784884
-196.898253
-179.339916
-183.633775
-207.059479
-209.125623
-205.532354
-195.508563
-140.116437
-208.590453
-213.174866
-185.681521
-181.330174
-177.911938
-183.713916
-189.141230
-182.179606
-177.065255
-160.998854
-200.028976
-167.019799
-200.984636
-177.656100
-191.631032
-169.478669
-167.640606
-192.515592
-178.180514
-194.347713
-199.451492
-174.694593
-228.207869
-174.904818
-214.294765
-181.307435
-184.426300
-165.428726
-221.081093
-209.443864
-159.930768
-213.362246
-180.035689
-187.366540
-184.065261
-150.761525
-170.702914
-177.876649
-190.141837
-168.103850
-167.025402
-198.683584
-166.136371
-213.410794
-193.426180
-143.310636
-168.211234
-196.784151
-195.224853
-197.167123
-198.774116
-193.348418
-213.786806
-212.856109
-197.241972
-200.195822
-193.263621
-130.721784
-186.146672
-155.881233
-197.920016
-237.698435
-206.183079
-199.377147
-172.932211
-179.914697
-194.649043
-159.059707
-211.178353
-168.436759
-165.382422
-198.905561
-151.555249
-200.154840
-169.261161
-208.348916
-203.813895
-163.891912
-198.352535
-187.517388
-172.302188
-202.614202
-215.486440
-209.540287
-189.172369
-240.126669
-199.085669
-221.130822
-147.942893
-182.892657
-175.565202
-197.723989
-181.506910
-184.635955
-187.421566
-165.174466
-203.599017
-154.024034
-163.993100
-190.236906
-183.878628
-171.761567
-219.387562
-179.187611
-226.320513
-206.309130
-192.658108
-203.316450
-181.801871
-187.287513
-210.740083
-243.503018
-229.296837
-164.875437
-220.058536
-166.678563
-157.713529
-192.444059
-177.754849
-185.633149
-206.650892
-204.440362
-184.836263
-172.355267
-144.563176
-182.498301
-174.802403
-172.273229
-203.426198
-187.758551
-193.979097
-191.839592
-216.366032
-197.335782
-185.544339
-213.050844
-198.583584
-175.697597
-226.469492
-166.696469
-227.780573
-220.700494
-184.092810
-171.209844
-211.639836
-186.126563
-196.370059
-212.270502
-220.419910
-173.561407
-178.886744
-189.177475
-217.611393
-240.830589
-219.645882
-195.216295
-157.949341
-190.747297
-166.609846
-209.291470
-181.928799
-205.015003
-238.818018
-218.579340
-193.318996
-188.921112
-226.116147
-233.198363
-181.290160
-211.470306
-201.087371
-167.203822
-163.295497
-171.092281
-196.215125
-182.378227
-168.572208
-173.285631
-218.320647
-192.338683
-190.698928
-197.953774
-196.453214
-187.886221
-182.735500
-212.028855
-211.952792
-199.770769
-183.344170
-189.705531
-193.760187
-191.426804
-208.273212
-175.395563
-195.478242
-175.591992
-224.918618
-188.128389
-176.711512
-175.887941
-190.788237
-212.154960
-202.283894
-168.719058
-170.492751
-184.728869
-175.951224
-209.640747
-178.943801
-173.168331
-159.037662
-213.927207
-185.136371
-189.602035
-174.870144
-184.900678
-197.657756
-162.006864
-215.321042
-168.402144
-177.296546
-218.049981
-216.366862
-207.145836
-143.987380
-190.268878
-207.755598
-222.163427
-225.124593
-165.067299
-169.675309
-174.480380
-195.162933
-208.127247
-165.949332
-225.559891
-179.976245
-209.108706
-209.825587
-171.583216
-165.476658
-182.980058
-198.981158
-185.693394
-173.436564
-167.371712
-182.785674
-174.065669
-192.143713
-231.253042
-147.109095
-205.415655
-189.191615
-166.146118
-165.909525
-160.215322
-182.441224
-158.029448
-169.155693
-173.316051
-140.377089
-216.259928
-165.762952
-182.081022
-177.845509
-219.188805
-207.190184
-193.307779
-207.582540
-201.960404
-212.615998
-185.453431
-175.619732
-208.024763
-200.110826
-210.294403
-174.915818
-209.679255
-175.633001
-187.158699
-173.735964
-182.948917
-201.646078
-166.253536
-206.026672
-188.307494
-193.226824
-191.876778
-225.667714
-189.878236
-200.210815
-243.657895
-218.908393
-171.439966
-203.538491
-158.128344
-171.129671
-201.123268
-183.223203
-208.880285
-218.601535
-213.349036
-165.592304
-210.848030
-203.655995
-237.537364
-191.837187
-180.804804
-204.462709
-192.348177
-188.588286
-148.655584
-215.988291
-171.695361
-165.354116
-180.452481
-240.335462
-179.991923
-226.790394
-179.008538
-175.252706
-189.205017
-164.919701
-171.383580
-210.054532
-178.657716
-132.238406
-219.262569
-164.540029
-187.110229
-184.943843
-175.167761
-155.637329
-191.866258
-193.512384
-191.246903
-216.814257
-197.743460
-195.465532
-209.936211
-160.350070
-160.930154
-213.732907
-189.435439
-177.507290
-218.788838
-179.114720
-207.942865
-177.383980
-165.356785
-252.101381
-208.343590
-172.635747
-193.979068
-205.033086
-187.068703
-206.083329
-166.315554
-162.567157
-180.037991
-228.488296
-152.775333
-184.925457
-219.897410
-230.761521
-205.515979
-216.943525
-203.762868
-182.961327
-182.052473
-186.734161
-231.767816
-182.320600
-186.711308
-193.338204
-180.871490
-173.125690
-220.528901
-178.234210
-164.895245
-188.209719
-184.779277
-181.727662
-206.371217
-198.676315
-164.190982
-214.550319
-187.597716
-178.928073
-207.817123
-170.046993
-210.010435
-185.164900
-150.020123
-185.067224
-201.374047
-163.379579
-200.825733
-182.130285
-164.714780
-154.831131
-179.506504
-178.262054
-175.911364
-166.280512
-193.208293
-172.245912
-202.436995
-219.199541
-182.778765
-197.108057
-184.053203
-173.126250
-184.896297
-211.937797
-186.341162
-195.724845
-184.028589
-176.129393
-191.897594
-173.522251
-195.631919
-186.638732
-208.560585
-186.109569
-210.258308
-211.792896
-204.231041
-185.947193
-184.661345
-228.762425
-189.410185
-207.000000
-251.511368
-167.161586
-178.450585
-178.104740
-203.884441
-173.825748
-212.012986
-183.775912
-206.973051
-179.881492
-173.693416
-221.688019
-195.345438
-161.952949
-194.163474
-185.661246
-201.086878
-196.992950
-210.393016
-168.803689
-177.414387
-207.130221
-198.858999
-193.633114
-220.369170
-146.363012
-229.011200
-160.647329
-175.335509
-193.270804
-183.119634
-171.438232
-201.683542
-194.130122
-170.706133
-184.288755
-218.422272
-208.301581
-190.621085
-218.622664
-216.385361
-184.313053
-176.506006
-176.060204
-198.656386
-222.042297
-218.832773
-167.591524
-167.533994
-199.880076
-239.134506
-201.710946
-187.541250
-178.848755
-189.721903
-220.084111
-168.968361
-189.542186
-218.266306
-173.926367
-214.656490
-185.523382
-191.861724
-203.835798
-180.365329
-168.973991
-195.541957
-191.553377
-204.221787
-221.849012
-174.423964
-183.560705
-206.464899
-206.310949
-208.434251
-204.211957
-170.473092
-166.036883
-165.542103
-165.958387
-199.083315
-185.698905
-194.652652
-187.964021
-210.474143
-206.144132
-171.019050
-212.807039
-167.761316
