-1.631691
-0.251960
-0.124394
-0.023160
-0.309222
-0.208219
-2.933353
-1.325516
-0.367611
-0.154953
-1.954188
-0.663926
-0.361047
-0.887124
-0.000181
-0.100019
-0.478844
-0.505526
-0.039239
-0.059272
-0.702210
-0.759364
-0.058625
-0.476697
-0.247433
-1.333881
-0.108025
-1.678968
-0.114560
-0.075777
-0.649368
-0.024158
-0.215141
-0.377240
-0.464229
-0.045826
-1.807800
-1.364012
-1.515194
-0.524217
-0.354668
-0.562617
-0.698847
-0.219634
-0.034873
-0.018574
-0.123149
-0.094557
-0.949356
-0.887871
-0.201118
-0.035111
-0.172996
-0.351830
-0.027087
-0.987094
-0.381059
-0.121202
-1.766003
-0.475151
-1.828723
-0.009625
-0.319814
-0.930666
-0.202806
-0.108352
-1.816605
-0.009731
-0.536356
-0.504190
-0.062709
-0.055416
-0.026483
-0.222307
-0.123439
-0.003714
-0.068537
-0.260031
-0.214084
-1.152668
-0.557474
-0.619541
-0.153584
-0.171143
-0.227738
-0.013654
-0.046203
-0.056096
-0.297955
-0.178820
-0.561777
-0.243997
-0.615581
-1.029168
-0.018900
-1.168389
-0.008911
-0.471484
-0.184389
-0.524597
-0.032106
-1.808007
-0.381482
-1.255786
-0.007163
-0.017608
-0.213636
-0.815342
-0.011850
-0.000353
-0.173639
-0.183203
-1.656043
-0.446055
-0.149765
-0.377729
-1.645978
-0.198824
-0.465824
-0.847019
-0.152450
-2.977399
-0.159987
-0.164957
-2.106872
-0.668684
-0.760643
-0.534842
-0.094006
-0.039983
-0.291313
-1.172607
-1.666531
-1.308602
-0.141231
-0.424905
-0.018830
-1.106267
-0.124149
-0.930201
-0.136236
-1.335447
-0.261639
-1.008267
-0.245584
-0.194976
-0.516109
-0.163264
-0.007247
-0.158917
-0.213270
-0.923120
-3.248833
-0.170186
-0.189653
-1.158518
-0.100868
-0.063035
-0.006574
-0.039830
-0.034504
-0.356115
-0.686669
-1.009637
-0.313009
-0.300602
-0.008126
-0.006700
-0.708889
-0.561780
-0.194809
-0.418360
-0.993235
-0.268452
-0.613225
-0.138416
-1.530868
-0.496018
-0.670670
-0.141104
-0.002784
-0.250426
-3.427233
-1.553318
-0.115463
-0.551179
-0.016179
-0.586736
-0.541816
-0.595819
-0.912895
-1.597977
-0.402758
-0.021603
-1.399515
-0.360478
-1.677961
-0.005905
-2.052445
-0.568264
-0.997010
-0.479785
-1.589605
-0.283691
-0.136785
-1.937532
-1.393533
-0.893764
-0.028380
-0.144243
-0.003010
-0.146361
-0.414971
-0.242623
-1.438666
-0.090149
-0.713047
-0.285287
-0.430727
-0.101924
-0.113216
-0.387522
-0.415846
-0.649342
-0.084768
-0.043707
-0.106154
-1.144499
-0.210051
-0.951932
-0.025754
-0.064926
-0.006186
-0.477606
-0.172614
-0.002847
-0.006381
-1.231402
-0.619090
-2.355415
-0.345414
-0.838889
-0.009078
-1.234893
-1.236390
-0.747616
-0.474351
-0.562468
-1.350532
-0.651206
-0.174931
-0.026765
-0.114693
-0.203735
-0.266170
-0.577563
-2.845754
-0.912979
-0.339129
-0.990121
-0.786084
-0.012002
-0.105838
-0.914060
-0.195434
-0.186186
-0.043398
-0.706158
-0.370195
-0.060735
-1.044749
-0.608596
-0.419453
-0.272245
-1.320177
-0.890855
-0.112772
-0.460639
-0.194877
-0.288743
-0.015859
-0.614402
-0.445366
-0.114069
-0.691991
-0.025508
-0.002031
-1.246227
-0.219304
-0.028577
-1.800803
-0.457100
-0.063988
-2.017322
-0.505875
-0.276483
-0.316738
-0.666658
-0.991066
-1.042304
-0.145957
-0.140935
-0.250063
-1.028637
-0.014513
-0.126929
-0.117538
-0.652925
-0.792352
-0.340529
-0.144199
-1.198378
-0.055808
-0.357929
-0.212688
-2.494851
-0.423250
-1.915471
-0.104946
-0.118417
-1.743533
-1.122806
-0.822105
-0.774575
-0.029586
-0.162807
-0.090361
-0.093032
-1.211725
-0.455906
-0.098493
-0.608369
-0.696041
-0.009489
-0.454546
-0.088746
-1.075947
-2.992155
-0.018196
-1.770555
-0.158416
-0.292908
-0.124498
-0.626659
-0.002335
-1.925310
-0.089652
-0.552837
-0.022634
-1.230148
-1.065485
-0.993142
-0.010117
-0.116068
-0.011692
-1.238399
-0.206801
-0.003499
-1.542149
-1.905093
-0.357839
-0.184347
-0.087382
-0.087308
-0.424299
-1.994696
-1.599680
-0.000845
-0.033147
-0.002857
-0.491763
-0.163371
-0.814968
-0.096502
-0.796463
-0.405695
-0.243209
-1.982536
-0.894517
-0.024399
-0.428619
-0.012214
-0.073340
-0.221631
-0.023905
-0.197983
-0.272488
-1.210582
-0.015539
-0.006516
-0.101483
-1.812893
-1.034856
-0.353302
-0.048579
-1.006356
-1.812128
-0.622213
-0.664120
-0.633283
-1.220533
-0.196865
-0.023025
-0.192310
-0.367908
-1.038538
-0.970207
-0.511112
-0.917384
-0.359042
-0.186746
-0.110485
-0.025455
-1.384386
-1.858927
-0.015449
-0.706013
-1.280789
-0.161911
-1.219309
-0.278977
-2.220671
-0.160107
-1.331537
-0.290648
-2.772953
-0.139543
-1.302650
-0.123668
-0.003197
-0.169256
-0.045876
-0.110319
-0.094887
-0.593574
-0.004151
-0.471429
-0.064081
-0.001098
-0.017928
-0.427558
-1.479698
-0.180878
-0.045820
-1.038066
-0.726188
-0.931673
-0.223008
-1.091407
-0.312606
-0.132115
-1.400734
-1.030105
-0.160026
-0.266459
-0.663366
-0.837383
-0.252551
-0.049221
-0.383379
-0.007451
-0.133318
-0.543229
-0.215231
-0.659044
-0.167155
-0.000008
-1.663874
-1.762348
-0.127678
-0.776237
-0.016454
-2.724445
-1.844747
-0.023046
-0.052161
-0.353650
-0.002981
-0.248105
-1.003136
-0.752371
-0.432161
-1.077349
-0.548062
-0.177344
-0.048976
-0.170435
-0.084694
-0.110938
-1.011422
-0.150803
-0.102411
-0.037007
-0.596239
-2.506980
-0.261300
-1.396667
-0.185129
-0.342724
-0.576617
-0.970487
-0.222995
-1.459040
-0.156807
-2.079406
-1.286437
-0.533408
-0.538732
-0.228541
-1.454468
-0.508534
-2.761666
-0.791002
-0.691897
-0.101385
-0.338913
-0.220540
-0.015182
-1.548362
-0.501945
-1.174680
-0.010444
-0.410578
-0.113993
-2.455525
-0.105920
-0.220045
-0.038285
-0.032700
-0.073130
-0.015862
