-0.785836
-1.991592
-1.339768
-1.715368
-0.377554
-0.029064
-3.626329
-0.162855
-2.730830
-0.815314
-1.266197
-0.175198
-0.886417
-0.017799
-2.413726
-1.850308
-3.286464
-1.503963
-2.282414
-1.658137
-0.528239
-0.927424
-1.697253
-1.370407
-0.185588
-0.096731
-2.994249
-0.142686
-1.148188
-2.608743
-2.980656
-1.943264
-0.290123
-2.082449
-1.680755
-0.003813
-0.180142
-1.120498
-1.801373
-2.797834
-0.121670
-0.662635
-0.087215
-3.994198
-1.467053
-2.285572
-2.231867
-0.067747
-1.176940
-1.012421
-2.264447
-1.228884
-1.263611
-2.879491
-0.894997
-0.424489
-0.531450
-0.367919
-0.241560
-2.280224
-1.068265
-1.200246
-0.271987
-0.975356
-2.793242
-1.131496
-0.832459
-1.723454
-4.623692
-0.060924
-2.043689
-1.218228
-0.874980
-2.108161
-0.600022
-1.705850
-0.715791
-0.890018
-0.979167
-3.340059
-1.763208
-2.831346
-0.087200
-0.507284
-1.392558
-2.330639
-0.676205
-4.663669
-2.160471
-0.415728
-1.085019
-0.562499
-0.574367
-0.650304
-1.373802
-1.246448
-0.187042
-1.227900
-0.199993
-2.325681
-0.283279
-0.817614
-0.104103
-0.347719
-1.350331
-1.634215
-3.467472
-0.220023
-3.771455
-4.897124
-1.670097
-0.827008
-1.698712
-0.554560
-1.129278
-3.361840
-3.964705
-3.343693
-2.014791
-0.364489
-1.841483
-3.759880
-4.336495
-1.254580
-0.946369
-0.748774
-1.511892
-1.173150
-0.587295
-0.896032
-1.559810
-1.968480
-2.028776
-0.117175
-1.789260
-1.336289
-0.081446
-1.618496
-2.829235
-0.032442
-0.871165
-0.959285
-0.555967
-0.437785
-2.963665
-0.985564
-1.274259
-1.715196
-0.981385
-1.286893
-0.530319
-0.628605
-1.775443
-3.018866
-0.611975
-3.003478
-0.576725
-0.688627
-1.075471
-0.471693
-2.146532
-0.915832
-1.738661
-0.391518
-0.145571
-2.590076
-0.836094
-1.594652
-0.687133
-0.495035
-0.462050
-4.353485
-1.724609
-1.764515
-2.554093
-4.160357
-3.562032
-0.322088
-0.698961
-1.336188
-0.773312
-0.328608
-0.007681
-0.807320
-2.017426
-1.114655
-0.696025
-0.031186
-0.562846
-1.100882
-4.348152
-2.319231
-0.447518
-4.507069
-3.425707
-0.604137
-0.613860
-2.170232
-1.272859
-4.544064
-1.513609
-2.225480
-3.617905
-1.489484
-1.633742
-1.160406
-0.677240
-2.639345
-0.494236
-0.255956
-0.625411
-1.486166
-0.294708
-0.703454
-4.437029
-0.570221
-2.165179
-0.888949
-2.477981
-0.069911
-1.331289
-2.154154
-1.085171
-0.581352
-0.896305
-2.415665
-2.376830
-2.335941
-2.982503
-0.567937
-0.615449
-1.260367
-1.075211
-0.135251
-3.396362
-0.118959
-0.608934
-0.450567
-2.326126
-0.034015
-0.254221
-0.852396
-4.533013
-0.450576
-0.597888
-0.876210
-1.187948
-0.723549
-0.945047
-2.749699
-0.899473
-1.861692
-1.580476
-0.223705
-1.267068
-2.869883
-0.291725
-0.441720
-1.737617
-0.747808
-0.732902
-1.175941
-0.957505
-1.489650
-0.150076
-0.507699
-0.044415
-0.668595
-2.122473
-0.286985
-0.563079
-2.424370
-1.359327
-0.730629
-0.401850
-0.011076
-0.239856
-0.380962
-4.950722
-0.818166
-0.957472
-0.882968
-0.575773
-2.704268
-2.307098
-0.616441
-1.519291
-1.662874
-2.516477
-0.134234
-2.885704
-1.545106
-0.970173
-0.146809
-0.051176
-2.014113
-5.847720
-3.529054
-2.462772
-2.822958
-5.635114
-0.886691
-0.000092
-0.922857
-2.354159
-0.631809
-4.488713
-1.282178
-0.477496
-5.558518
-1.003048
-0.308674
-1.177728
-2.200654
-0.840002
-1.024163
-3.635718
-0.312124
-0.865736
-0.101891
-0.065196
-3.369659
-4.825714
-1.453644
-2.656416
-2.297691
-0.388949
-0.801209
-0.111302
-1.406884
-1.221360
-0.099862
-0.216733
-0.064463
-0.233532
-2.180962
-0.148476
-2.660358
