-0.160749
-0.793970
-2.456476
-0.524217
-1.281183
-1.186460
-0.345081
-0.185509
-1.943690
-2.604887
-0.722696
-0.229907
-3.446384
-0.475521
-0.009972
-0.331985
-1.863972
-0.102926
-0.012894
-0.119137
-0.210671
-2.051772
-0.636856
-0.081330
-1.296363
-0.181761
-0.872653
-0.351772
-0.119367
-0.943901
-1.282601
-1.214533
-0.840399
-2.376846
-0.773401
-0.007178
-0.122401
-1.455632
-2.433053
-0.901080
-1.416990
-0.026699
-0.729913
-1.263660
-0.353022
-1.454542
-0.593632
-0.006763
-0.031386
-1.280563
-0.024087
-0.113922
-1.270322
-0.002376
-3.588280
-0.021080
-0.070535
-0.367110
-0.053045
-1.138445
-1.793991
-1.618622
-1.671918
-0.392534
-1.699274
-0.019867
-1.212243
-0.196578
-0.024570
-0.663340
-2.096490
-0.612014
-0.858863
-2.589862
-0.108159
-2.335286
-0.264979
-0.705174
-3.199675
-0.482653
-2.227174
-1.233548
-0.967039
-0.119814
-1.574616
-2.280334
-0.022319
-0.059672
-0.658754
-0.604237
-0.269075
-0.140196
-0.675212
-1.289881
-1.135635
-0.017098
-0.999882
-0.698329
-0.117041
-0.281524
-0.270407
-0.010500
-0.471655
-1.651791
-0.221025
-2.268919
-0.664435
-0.355541
-0.160232
-0.196972
-0.082464
-0.831355
-2.195496
-0.698134
-0.729281
-1.014836
-0.602479
-1.196096
-0.566688
-0.477884
-0.877898
-1.280524
-1.277432
-0.214966
-0.064755
-2.225445
-1.107212
-0.296949
-0.282008
-0.767784
-0.618269
-1.051921
-0.211179
-0.605876
-2.034272
-1.024805
-0.336580
-2.154818
-0.675437
-0.010936
-0.008272
-0.470811
-1.004968
-0.252545
-0.242356
-0.043370
-2.042612
-1.529270
-1.510199
-2.416584
-2.177689
-0.006170
-1.911782
-0.392432
-2.464140
-0.288595
-1.972351
-0.925585
-0.248561
-2.023406
-0.629832
-2.490202
-1.009827
-1.022417
-2.026090
-0.185207
-0.123530
-0.128974
-0.544649
-0.318530
-2.473440
-0.095933
-2.171888
-1.337284
-1.103901
-0.698977
-0.560557
-2.330832
-0.023019
-0.717910
-0.179976
-1.406438
-0.089654
-1.728785
-0.051644
-1.727021
-0.838549
-0.017422
-0.742240
-0.209757
-0.703064
-0.251098
-0.601725
-1.463743
-1.138352
-0.479559
-2.317194
-0.464582
-1.122976
-1.209312
-0.243961
-1.469686
-0.002759
-1.276419
-0.882633
-0.958155
-0.851500
-0.968747
-0.696329
-0.585476
-0.012397
-1.962181
-0.297852
-1.996948
-0.541912
-0.900343
-0.281347
-0.237130
-0.449012
-0.285095
-1.175015
-1.821893
-0.046933
-0.060019
-3.454024
-0.233417
-1.441410
-0.881764
-0.742982
-0.803828
-1.442739
-0.022937
-0.009938
-1.102759
-0.090397
-0.144569
-1.599035
-0.737416
-0.167967
-0.081237
-0.218280
-0.154587
-0.984619
-2.311959
-0.009261
-1.880087
-1.272080
-0.561600
-0.029911
-0.375221
-0.014647
-0.429595
-1.534505
-0.595634
-0.016218
-0.495404
-0.018016
-1.177210
-0.052532
-0.058815
-0.474260
-1.191861
-0.677532
-1.486958
-2.058045
-4.658410
-0.230327
-0.035371
-0.012611
-0.588992
-1.796445
-0.829827
-0.048688
-0.737265
-0.119719
-0.146174
-2.850431
-0.313674
-0.549264
-0.302437
-0.953318
-0.117794
-3.043718
-0.026141
-0.243889
-0.236760
-0.114288
-0.124896
-0.177695
-2.842746
-0.125889
-0.570317
-1.108202
-0.252361
-0.241169
-0.027350
-0.647778
-0.047025
-1.054803
-2.337789
-2.202791
-0.248668
-1.673654
-1.150642
-1.761851
-2.636681
-0.105810
-0.969589
-0.711135
-2.873865
-0.043247
-0.653637
-0.110400
-0.879883
-1.008066
-0.991573
-2.690253
-1.248866
-0.620611
-0.482213
-0.115282
-1.692502
-0.460086
-1.152592
-0.604639
-0.085355
-0.832812
-1.006023
-0.003099
-1.490684
-0.370292
-0.014761
-0.113300
-0.429288
-0.187994
-0.145768
-0.178868
-0.638781
-0.108962
-0.476537
-1.232241
-0.731675
-0.809254
-0.458703
-0.285276
-0.171199
-2.121278
-0.634750
-1.018888
-3.955036
-0.692572
-0.482527
-0.032340
-0.684762
-0.049921
-0.733325
-0.231077
-1.655970
-0.058981
-2.692022
-0.263902
-0.283659
-0.093049
-0.243744
-0.871972
-0.632079
-0.172804
-1.913441
-0.747215
-0.232570
-0.547345
-0.007105
-1.160858
-0.166310
-0.563702
-0.453108
-2.712213
-0.648681
-0.427871
-0.662499
-1.751524
-0.536799
-0.472792
-0.451472
-0.231488
-2.082068
-1.764118
-0.504695
-0.083315
-1.120416
-0.694009
-0.270524
-0.103114
-0.154134
-0.280198
-1.326060
-1.937968
-1.991807
-0.828833
-0.149726
-0.227127
-0.395803
-0.072582
-0.081705
-0.646601
-0.378845
-0.169669
-1.454865
-0.064278
-2.087361
-0.890505
-0.129496
-0.163115
-0.131699
-0.441410
-0.681908
-1.465647
-0.042500
-1.429172
-0.256594
-0.213126
-0.185706
-0.162684
-0.094521
-0.578017
-0.503685
-0.085134
-0.698998
-1.761701
-1.505238
-0.349717
-1.217684
-1.344820
-2.126029
-0.015691
-0.099926
-1.818718
-1.215810
-1.655482
-0.601233
-0.377145
-0.629376
-0.510931
-2.197014
-1.752699
-0.080046
-0.587762
-1.733747
-0.118325
-1.208581
-0.711642
-0.265904
-0.384312
-0.020346
-0.849644
-0.249680
-0.030209
-0.185279
-0.957155
-0.183969
-0.123894
-1.031666
-2.032873
-0.097024
-1.605276
-0.235287
-0.133619
-0.594930
-2.380228
-0.536179
-1.165366
-0.423991
-2.301492
-0.161007
-0.030915
-1.049784
-2.220024
-0.600523
-0.086183
-1.567954
-1.296449
-0.499701
-1.324284
-1.738777
-1.822621
-0.505493
-0.389764
-1.637877
-0.162806
-0.155465
-0.893596
-0.363216
-1.927374
-0.386038
-0.396737
-1.389305
-0.418769
-0.862376
-0.001826
-1.736402
-0.875401
-2.532116
-0.109401
-0.432439
-0.012501
-0.197001
-0.280298
-0.192255
-1.454255
-0.446464
-0.319270
-0.484510
-1.077084
-0.077814
-1.277260
-0.966980
-1.250162
-1.090548
-1.851379
-0.140814
-0.020068
-0.337393
-1.058152
-0.405961
-1.411566
-1.759333
-0.610467
-0.003332
-0.684530
-0.535079
-0.995030
-0.675017
-0.236880
-0.989666
-0.078539
-0.054063
-0.662602
-0.518372
-2.872712
-0.567574
-1.074729
-0.987747
-0.105725
-1.303733
-0.289539
-0.178977
-0.674332
-2.074430
-0.007197
-0.082299
-0.397711
-1.482469
-1.600147
-0.017737
-1.656892
-0.314908
-0.074599
-1.697442
-0.477815
-0.248021
-0.040453
-2.694737
-1.524509
-0.171877
-0.951440
-0.525759
-0.871260
-0.747347
-2.615605
-0.332293
-0.604777
-1.762714
-0.642173
-0.410030
-0.003269
-0.971758
-1.041369
-0.677623
-0.373113
-0.308597
-0.070740
-0.003955
-0.104111
-0.206911
-0.599263
-0.076569
-0.269845
-0.178234
-0.723993
-0.631073
-0.348179
-2.399922
-0.049679
-0.507919
-0.670195
-0.032245
-0.321070
-0.012090
-0.761181
-1.073856
-1.867124
-0.344114
-0.446591
-2.667499
-1.587440
-0.058139
-0.604585
-2.001762
-1.895291
-0.753678
-0.234735
-0.567992
-0.414640
-0.358558
-1.562082
-0.300427
-0.042264
-1.622027
-0.534100
-0.152881
-0.384457
-1.549989
-0.034331
-0.725246
-0.846951
-0.514603
-0.062006
-0.613408
-0.884924
-1.547319
-1.085586
-0.953532
-2.353103
-0.218504
-0.380492
-1.448397
-0.743289
-0.987341
-0.782475
-0.380131
-2.673573
-0.504294
-0.085180
-0.362831
-0.096752
-0.108573
-0.689436
-0.222399
-0.176592
-0.599583
-0.000079
-0.062014
