-10.357377
-9.927955
-3.729700
-0.499641
-5.207301
-1.465523
-7.903646
-4.769572
-1.024012
-0.414559
-1.080940
-1.920107
-1.799173
-0.779219
-1.375800
-1.331290
-0.375398
-0.281323
-0.080199
-0.091830
-3.219343
-2.758022
-0.104493
-8.159173
-7.228275
-2.731872
-6.337853
-0.811523
-15.603004
-4.881626
-11.685356
-3.300202
-8.910696
-9.743608
-8.638605
-1.075110
-1.033516
-0.775530
-6.315917
-0.101610
-2.110227
-2.589845
-5.378973
-1.057195
-4.230617
-3.252288
-1.791520
-1.673578
-7.718150
-4.408688
-5.477536
-5.394392
-1.674720
-7.642201
-4.068638
-3.927277
-8.673564
-0.141983
-2.514601
-2.701148
-4.644013
-3.955404
-0.710559
-0.418451
-7.492113
-2.025215
-7.721393
-11.578902
-3.840494
-5.346151
-7.203550
-0.065793
-1.347668
-0.442807
-10.156935
-1.429188
-3.074478
-15.336131
-5.220492
-3.636747
-1.884099
-6.585889
-2.206342
-7.605652
-0.560380
-3.063236
-0.070948
-6.270936
-1.726124
-9.962686
-12.922542
-0.262472
-7.219520
-1.076430
-2.911193
-3.263807
-4.933427
-0.882565
-5.663729
-1.555097
-1.163905
-2.197536
-2.284322
-9.112102
-5.750645
-7.485416
-0.764717
-3.976346
-3.781779
-1.464675
-2.951270
-10.523310
-0.392801
-4.761584
-0.610520
-11.111056
-2.689408
-0.852002
-1.818568
-6.014888
-12.209705
-3.853540
-3.406708
-8.123230
-6.889296
-1.725942
-7.809366
-3.504340
-1.507952
-1.000257
-3.200346
-5.477473
-8.229206
-2.852091
-2.242159
-0.909757
-3.529344
-4.399235
-0.858528
-5.421459
-5.399704
-3.228085
-1.599104
-4.959070
-4.252319
-2.315614
-2.665559
-1.393059
-2.896034
-3.374461
-1.506609
-0.117494
-1.468220
-0.148866
-0.567109
-9.359246
-7.384448
-10.377037
-7.550148
-0.872089
-0.203477
-1.538234
-12.756551
-1.322591
-1.333288
-6.461687
-5.649727
-3.892166
-8.257582
-1.620323
-5.172201
-1.803049
-9.597074
-2.139148
-0.291556
-5.235060
-0.477359
-3.169814
-0.545968
-5.620303
-0.806826
-0.380153
-7.136372
-0.895848
-3.715262
-0.928850
-9.231712
