-2.468459
-4.126530
-4.085683
-0.695346
-3.256416
-8.338247
-3.581128
-2.958236
-8.314443
-2.432552
-0.729370
-10.582207
-3.593021
-4.601467
-2.400177
-3.417282
-1.709318
-11.317610
-2.137116
-0.572354
-13.866336
-10.790609
-7.310627
-3.552208
-1.154922
-0.590879
-6.979587
-0.677639
-2.748307
-6.504348
-0.338505
-8.862003
-4.282669
-3.796650
-8.361794
-2.243444
-2.148479
-9.383353
-1.857729
-2.839629
-6.195311
-1.242248
-7.050251
-2.257377
-2.381405
-0.356530
-2.698126
-2.069513
-3.854514
-6.838720
-4.875139
-2.583374
-3.488428
-4.072798
-3.960265
-3.505835
-6.602063
-1.213942
-0.713125
-4.370442
-5.559524
-0.609776
-0.105816
-7.540564
-3.856224
-9.267189
-0.960195
-10.745659
-8.483298
-4.362795
-3.689711
-4.785639
-3.151560
-5.209152
-4.216525
-8.287334
-15.797820
-2.777060
-1.294845
-0.062980
-12.353404
-5.942046
-1.730689
-4.691466
-2.859718
-4.220123
-3.128819
-0.323855
-3.869147
-6.326760
-4.383745
-1.772166
-1.987802
-3.313680
-0.671279
-2.810939
-1.779946
-9.859519
-13.891431
-5.946103
-1.667323
-0.715818
-9.817960
-3.590358
-9.746363
-1.701420
-7.314658
-16.783662
-8.539068
-10.751234
-3.411407
-3.105087
-2.508276
-4.706776
-3.808271
-13.549963
-3.324837
-7.233180
-8.380795
-3.512496
-0.007621
-4.326988
-1.743850
-9.559251
-1.776440
-1.178615
-0.457057
-0.753562
-5.442650
-5.966597
-8.503339
-9.138200
-5.506615
-7.146707
-12.175932
-2.519607
-3.229516
