-0.031310
-0.000769
-0.047633
-0.558593
-0.029046
-0.017951
-0.014343
-0.027257
-0.000298
-0.006272
-0.013954
-0.025975
-0.062376
-0.002611
-0.092484
-0.073853
-0.000365
-0.037902
-0.007641
-0.060171
-0.000532
-0.359167
-0.006020
-0.014909
-0.008492
-0.004468
-0.253143
-0.180986
-0.002267
-0.001119
-0.056805
-0.366835
-0.019340
-0.003162
-0.056616
-0.002219
-0.003443
-0.003219
-0.028470
-0.000841
-0.232402
-0.424587
-0.057067
-0.072619
-0.019757
-0.025009
-0.222141
-0.002059
-0.001234
-0.018942
-0.048628
-0.211968
-0.000253
-0.020617
-0.041567
-0.038456
-0.217196
-0.124229
-0.009997
-0.000913
-0.022193
-0.295569
-0.034706
-0.225638
-0.008012
-0.094905
-0.023191
-0.549972
-0.017708
-0.053800
-0.000087
-0.021176
-0.024748
-0.076526
-0.050121
-0.012824
-0.005146
-0.014994
-0.101759
-0.053343
-0.054973
-0.001917
-0.037772
-0.034602
-0.017646
-0.000004
-0.006721
-0.028094
-0.109144
-0.028401
-0.125737
-0.014205
-0.045408
-0.062354
-0.087474
-0.039304
-0.001203
-0.246043
-0.014684
-0.027398
-0.059763
-0.003122
-0.000919
-0.003696
-0.040470
-0.018860
-0.073518
-0.055303
-0.004943
-0.107294
-0.054976
-0.369424
-0.179133
-0.221041
-0.217803
-0.042599
-0.001513
-0.336716
-0.008433
-0.020540
-0.059842
-0.129688
-0.078567
-0.096588
-0.133152
-0.007532
-0.002386
-0.001390
-0.002945
-0.008096
-0.047557
-0.029816
-0.000489
-0.120006
-0.000139
-0.008360
-0.007900
-0.011018
-0.035501
-0.008427
-0.003720
-0.002805
-0.146426
-0.265243
-0.096143
-0.008224
-0.048573
-0.138272
-0.002562
-0.001863
-0.001840
-0.370470
-0.024928
-0.032592
-0.102865
-0.004341
-0.007915
-0.039242
-0.131594
-0.000142
-0.047326
-0.017915
-0.127175
-0.014137
-0.011369
-0.063192
-0.001454
-0.015094
-0.000372
-0.046533
-0.009690
-0.010995
-0.017912
-0.048799
-0.017732
-0.016217
-0.004604
-0.141469
-0.032461
-0.013994
-0.033643
-0.000139
-0.003871
-0.007184
-0.032321
-0.437498
-0.037035
-0.214237
-0.045486
-0.000531
-0.027721
-0.041305
-0.002968
-0.011606
-0.148073
-0.062518
-0.347665
-0.019131
-0.002579
-0.099044
-0.023370
-0.029513
-0.029029
-0.002088
-0.067580
-0.013791
-0.013214
-0.000217
-0.001988
-0.002713
-0.140511
-0.008522
-0.075853
-0.049210
-0.062716
-0.085128
-0.178808
-0.025343
-0.974322
-0.000220
-0.278229
-0.012638
-0.038361
-0.015482
-0.003609
-0.004192
-0.025087
-0.352063
-0.011989
-0.023460
-0.198268
-0.494407
-0.080385
-0.100457
-0.012023
-0.034906
-0.000774
-0.080398
-0.240508
-0.014045
-0.013957
