-122.905867
-122.531963
-114.743190
-146.740692
-114.150765
-117.591671
-133.860848
-130.612306
-140.976258
-136.611093
-133.474181
-144.817488
-135.224372
-134.264063
-113.707413
-130.915585
-150.855409
-145.188585
-132.811178
-135.870156
-148.461371
-143.151466
-122.783976
-150.128064
-128.844380
-147.888480
-133.837703
-147.871203
-128.679534
-149.362367
-140.432193
-138.805573
-141.310474
-142.641704
-139.346461
-119.866470
-144.661660
-122.481741
-138.823247
-137.216547
-141.160664
-132.502409
-117.779662
-150.428422
-134.015347
-129.521042
-120.794298
-145.636096
-150.660072
-138.732553
-148.499313
-146.866607
-142.872503
-111.806832
-157.013997
-151.617131
-126.799047
-158.784331
-135.251311
-149.846610
-108.514956
-131.206228
-134.352571
-123.079290
-150.982723
-135.717398
-134.703097
-135.105517
-138.591603
-144.436294
-121.559753
-157.904897
-155.504275
-144.939912
-133.558500
-119.526269
-139.263051
-139.915136
-146.787901
-142.310736
-116.061390
-136.201895
-136.824304
-130.366758
-105.579608
-145.553547
-139.394308
-108.417622
-131.425699
-136.477717
-127.639425
-149.042022
-148.168406
-128.146483
-128.035778
-140.530503
-134.570431
-140.565261
-138.440486
-120.269387
-138.219202
-146.444548
-120.902746
-130.789522
-134.205085
-128.927464
-113.746906
-149.557207
-140.971970
-131.265240
-148.987264
-145.491329
-122.568892
-127.970599
-110.857111
-124.839708
-148.168978
-156.243657
-128.932246
-136.683147
-158.483293
-123.549840
-115.282251
-113.594531
-116.732285
-110.171500
-142.052648
-141.275305
-125.334581
-135.783077
-125.893929
-123.822521
-114.177719
-127.237117
-132.432331
-139.467081
-145.226397
-150.631268
-143.205632
-119.278606
-144.636752
-157.086406
-146.571044
-133.960370
-127.899985
-127.042248
-119.865175
-145.657914
-151.378266
-119.978633
-148.159799
-138.085463
-160.746823
-141.409714
-142.258222
-137.588088
-106.846883
-136.863527
-158.287835
-139.967352
-124.224625
-133.189620
-145.085417
-136.434438
-126.119753
-146.224849
-159.216129
-131.035855
-136.359759
-138.080181
-133.577997
-133.149634
-117.972169
-157.797946
-127.518583
-141.961469
-137.639236
-141.345564
-142.161700
-152.227836
-122.023774
-136.961411
-130.215278
-105.576390
-142.079934
-140.770477
-130.060043
-134.424738
-129.209607
-121.953712
-125.824570
-149.116408
-130.492114
-102.673627
-140.988010
-151.882836
-134.961571
-135.738993
-144.960488
-129.429843
-140.074624
-145.743205
-110.364288
-127.745050
-114.662901
-128.263610
-141.043188
-104.291630
-132.366659
-156.651351
-138.457376
-143.661063
-139.047656
-108.877811
-160.927792
-127.900635
-136.331350
-111.460014
-123.163008
-161.946456
-135.261130
-116.256681
-150.047787
-122.874500
-125.768064
-126.466009
-166.025291
-109.054053
-146.214461
-147.826752
-139.821874
-137.021326
-132.307794
-120.971009
-137.629064
-141.032687
-149.552980
-143.534801
-173.631411
-146.668889
-129.979580
-143.914557
-125.660139
-125.507115
-171.680165
-143.014683
-130.949262
-146.967801
-143.128710
-145.691598
-131.433883
-131.887987
-144.377634
-139.272927
-127.072536
-152.868670
-120.924645
-91.144524
-132.076231
-158.530411
-135.595360
-136.187656
-134.887284
-108.071037
-131.533064
-126.041979
-134.646797
-139.800998
-137.067432
-125.977198
-125.654339
-119.730847
-139.099246
-134.402878
-111.406546
-102.802234
-138.036237
-109.584389
-153.393900
-154.045048
-119.189459
-140.953061
-111.687401
-139.167711
-131.008023
-120.456766
-137.882011
-114.731362
-118.168205
-111.341180
-143.629383
-126.011990
-151.686170
-136.995952
-126.435788
-147.699964
-135.567900
-121.108686
-140.182445
-119.371894
-151.041642
-139.121631
-117.563450
-155.725415
-131.200735
-128.821155
-130.857838
-136.201047
-126.525268
-112.720361
-138.792838
-133.038832
-132.991410
-125.189530
-141.362172
-134.381047
-147.004406
-110.510425
-138.239941
-157.070838
-153.715738
-123.605023
-134.210972
-120.364872
-150.372580
-146.134274
-112.267180
-128.156429
-135.755569
-126.629749
-144.376253
-113.932836
-128.985974
-142.931189
-130.668718
-125.070968
-146.239634
-146.611432
-146.206763
-132.889341
-125.847587
-119.087030
-145.966891
-158.499491
-149.180256
-117.979482
-130.666623
-137.717593
-112.275947
-139.135322
-142.673643
-152.369203
-130.348141
-137.759144
-145.835885
-121.316953
-139.995792
-146.924972
-118.801658
-116.588997
-147.475833
-141.958200
-141.017243
-148.050588
-123.275987
-127.113577
-155.144832
-141.531989
-122.612371
-133.372850
-128.828637
-139.140649
-127.130940
-136.805748
-118.426122
-130.716641
-102.244880
-137.686237
-150.725565
-139.363622
-150.846296
-126.473445
-119.534428
-140.356190
-134.909215
-114.821870
-139.156337
-130.115978
-138.799773
-157.191083
-110.427251
-110.371122
-121.396056
-137.573680
-117.034060
-154.383067
-136.113188
-152.189154
-141.174291
-146.027857
-119.663512
-135.693839
-160.560677
-154.681412
-124.551795
-144.570248
-118.658708
-117.204553
-128.692966
-140.081281
-127.487532
-128.050210
-144.123972
-101.315997
-124.364686
-118.755427
-138.972843
-147.906944
-108.238660
-140.050344
-155.143032
-157.134473
-157.481763
-144.724437
-143.059488
-131.128906
-120.347977
-125.378568
-141.164335
-134.978621
-135.047716
-130.755038
-146.090433
-132.653967
-142.009403
-133.995088
-132.148225
-147.253745
-142.299027
-157.827121
-145.299719
-136.722566
-129.223237
-148.839572
-146.667284
-135.227600
-152.037503
-139.704453
-123.932065
-129.451786
-122.520716
-142.324905
-152.032543
-147.383450
-132.634691
-116.782510
-136.330719
-146.057476
-135.228850
-165.147269
-140.239851
-116.211251
-118.049170
-137.186360
-114.368303
-141.346469
-140.741482
-130.209242
-119.673093
-155.845946
-134.007829
-131.181856
-147.930103
-137.620165
-134.142100
-113.973830
-127.262970
-120.300119
-147.621987
-137.788388
-112.390596
-105.564021
-128.769128
-120.232652
-125.472059
-132.845234
-112.761332
-145.298454
-126.972304
-113.565972
-131.666459
-110.362204
-118.479971
-133.429941
-151.663988
-148.571274
-151.038953
-115.141954
-139.588025
-119.970949
-122.094995
-151.071328
-138.316064
-122.049633
-136.067625
-125.490031
-121.087384
-139.416120
-108.718361
-135.936026
-146.454885
-157.347386
-133.072099
-109.997820
-101.350424
-147.456972
-134.138349
-153.889222
-123.236018
-140.015108
-152.808361
-154.085782
-105.946954
-131.071693
-137.581623
-125.084947
-122.865777
-131.641856
-140.349962
-117.425038
-131.118303
-154.530254
-143.979835
-135.649775
-130.301867
-125.872759
-148.847343
-100.154594
-112.870341
-109.510740
-113.752280
-133.137783
-137.333983
-133.074659
-131.915098
-154.596949
-133.890342
-142.026287
-123.403740
-127.304678
-127.148992
-134.931783
-121.071528
-129.659381
-140.064187
-133.524375
-139.667156
-157.966870
-161.635576
-158.145629
-106.036144
-134.668864
-137.516686
-128.351187
-129.935461
-142.577898
-134.484402
-130.111238
-146.676793
-134.100542
-144.556287
-139.722463
-119.886302
-120.084324
-122.194946
-103.942688
-143.310310
-108.897924
-107.172489
-143.574496
-120.026782
-134.647231
-135.400074
-145.193104
-112.922372
-135.831496
-130.827239
-116.830241
-136.266987
-121.684232
-174.594300
-139.323956
-135.873333
-126.592651
-150.171930
-141.495626
-113.966416
-142.572353
-109.341476
-142.448012
-117.939220
-150.977194
-143.466995
-156.477998
-138.258787
-148.087649
-122.894528
-132.177865
-122.486922
-139.594305
-118.214785
-122.997051
-115.901385
-121.900411
-118.201784
-164.292307
-131.266429
-121.079060
-145.822538
-145.983746
-128.334356
-100.682466
-143.283667
-103.275839
-157.586932
-118.934075
-142.507237
-154.690413
-117.981756
-148.508391
-101.015906
-132.978596
-142.062200
-140.634715
-127.797878
-137.499083
-113.994914
-132.792092
-136.036244
-115.686928
-170.250479
-124.280202
-135.816342
-116.093931
-130.739161
-135.155949
-140.370295
-134.498678
-130.337200
-125.364348
-111.857255
-125.694702
-116.143544
-132.487095
-142.793951
-128.766840
-149.474798
-140.043509
-150.791934
-143.842760
-108.836931
-146.125458
-124.936790
-141.293132
-150.630111
-149.904424
-119.974755
-142.483736
-113.428915
-123.563404
-108.104541
-131.531472
-147.319071
-126.578608
-135.623424
-144.961754
-140.643809
-144.649991
-127.002869
-140.741282
-129.654530
-143.976686
-135.877428
-153.238600
-133.782569
-136.817755
-127.880197
-122.153789
-137.483382
-132.777840
-147.374152
-121.826776
-119.847104
-142.379520
-160.911566
-96.445596
-150.229558
-141.909962
-147.146383
-100.700532
-120.680719
-132.600570
-140.323206
-128.524439
-121.559558
-128.596775
-103.717988
-126.379521
-132.317206
-127.040765
-128.503003
-133.253322
-134.053086
-161.663762
-121.059929
-132.118839
-135.607761
-140.055573
-124.143537
-132.525742
-135.424800
-126.303712
-124.676212
-149.888908
-124.999850
-126.081679
-152.511824
-129.012347
-143.750255
-127.952133
-144.442195
-120.775385
-133.357718
-138.418362
-127.941419
-109.083876
-139.239224
-164.501609
-132.643942
-132.569924
-141.735120
-141.010519
-137.285576
-130.499675
-131.589996
-136.262775
-124.200206
-127.493700
-122.543526
-149.693786
-129.366967
-135.852497
-123.318396
-124.465726
-128.444691
-133.947569
-127.812798
-117.298020
-128.034593
-153.514589
-143.287104
-136.317851
-129.477787
-134.765718
-165.310075
-142.695805
-152.991464
-124.119896
-146.591885
-147.289046
-135.723446
-117.890946
-119.496686
-113.014256
-120.661431
-115.921116
-122.705024
-132.680021
-147.605383
-141.722971
-124.281968
-117.486772
-116.356403
-127.001640
-130.139139
-130.386577
-144.995205
-121.849571
-140.156246
-122.761127
-128.905278
-128.795531
-148.023215
-119.440282
-117.354492
-111.248000
-127.496864
-141.343795
-131.695470
-140.289549
-132.031222
-143.918798
-146.764871
-144.542831
-143.436966
-126.166055
-140.812084
-127.505807
-138.410241
-141.172198
-105.383994
-160.574323
-146.750377
-153.269032
-148.600268
-138.730834
-143.682851
-130.249390
-136.648164
-129.570665
-131.246892
-115.470402
-144.005305
-129.951266
-149.253899
-136.381686
-152.306866
-159.371377
-125.088185
-131.812187
-118.766137
-105.435958
-141.740977
-146.283839
-125.882156
-107.569813
-139.319625
-136.197056
-125.937478
-120.846738
-133.658074
-156.801077
-147.114466
-135.733577
-128.442959
-137.556876
-146.288249
-136.532430
-135.675549
-139.904091
-155.931503
-150.523419
-110.844426
-135.458660
-129.971404
-118.769719
-134.106902
-119.420458
-132.097365
-130.196783
-115.518700
-126.767810
-145.800958
-116.704526
-146.064072
-136.793391
-126.408245
-155.056875
-119.661881
-128.690425
-111.324259
-148.928442
-126.349119
-120.321185
-131.491243
-111.845493
-145.716493
-147.457693
-121.701536
-134.654034
-145.295719
-143.025557
-144.114215
-139.340222
-141.237394
-129.767081
-125.652225
-111.142257
-125.365290
-141.820674
-127.322686
-127.874404
-127.609545
-126.768861
-151.473780
-148.095890
-114.515195
-124.836683
-146.613025
-131.385871
-139.504299
-107.852851
-122.949718
-144.737772
-132.377696
-130.836491
-119.579444
-126.166961
-150.140412
-142.967592
-130.431509
-116.463367
-106.923795
-135.231023
-134.752813
-143.640881
-129.147385
-138.902331
-152.622945
-145.831378
-102.334980
-117.499825
-126.050247
-143.840913
-107.140797
-133.144853
-140.046800
-145.354184
-126.617448
-145.513945
-137.963349
-126.896453
-148.295639
-154.795653
-131.331362
-116.237621
-138.266000
-135.269744
-152.054254
-147.240653
-149.617724
-137.744283
-136.696337
-128.947504
-109.234681
-133.274083
-127.516323
-146.462303
-138.135431
-130.376990
-129.898759
-124.945227
-131.012797
-122.586282
-112.720299
-108.465320
-117.041122
-114.386025
-142.506261
-131.632987
-141.965744
-98.112579
-131.818887
-120.898509
-124.077930
-144.287792
-127.405264
-136.800673
-139.563464
-124.595354
-111.955175
-123.861780
-129.590396
-138.198741
-140.309224
-131.755651
-151.381785
-137.006334
-156.049059
-132.200488
-139.859828
-116.375005
-117.148690
-129.853680
-119.917398
-143.818330
-116.469839
-130.606672
-153.116001
-128.817855
-145.720752
-136.187880
-123.460118
-134.593068
-111.820771
-118.142842
-144.425507
-142.052819
-141.410139
-120.111181
-120.858280
-145.922460
-105.870190
-134.423444
-141.953549
-145.266073
-105.890203
-110.284690
-151.964891
-134.149331
-140.163493
-164.800789
-123.775337
-141.684396
-148.316488
-110.830668
-109.405140
-131.056259
-149.867522
-129.835497
-128.765178
-107.630629
-139.055468
-117.302458
-126.485240
-144.292112
-107.839977
-140.807230
-157.377554
-137.348466
-136.661720
-145.162344
-108.617705
-138.323126
-119.273846
-136.805515
-143.102203
-123.161896
-120.685613
-126.950773
-126.387219
-152.871484
-138.583635
-143.989300
-124.801079
-110.148522
