-8.047616
-5.395272
-4.617184
-0.257772
-5.504688
-6.638505
-6.988415
-4.260418
-6.148570
-4.684954
-2.204175
-7.981701
-8.338385
-8.494923
-0.178978
-5.987793
-8.336410
-1.384330
-0.673720
-3.858237
-6.289281
-2.042958
-1.032123
-4.510390
-7.987760
-13.608247
-6.641010
-6.617564
-0.902092
-4.499718
-11.373957
-4.972469
-1.380796
-4.702589
-5.728344
-5.737066
-0.305927
-5.670267
-0.521157
-5.427190
-4.180950
-4.633716
-4.580855
-10.438711
-1.998608
-2.521727
-0.492789
-0.068865
-8.134907
-3.671043
-5.665592
-1.010767
-0.761426
-1.381058
-1.402922
-1.400433
-2.103068
-7.581129
-8.826276
-9.898236
-3.170305
-3.092198
-6.532629
-6.792691
-6.174670
-3.859228
-8.535969
-4.635535
-9.689229
-2.461999
-6.303288
-2.272985
-5.486530
-1.899593
-3.978128
-3.883600
-1.243300
-5.164559
-4.703381
-4.276007
-10.326570
-2.423514
-6.160701
-7.004901
-7.476008
-6.123979
-14.413692
-3.318370
-0.299355
-1.218294
-10.038348
-6.110246
-3.000736
-1.097246
-9.673608
-1.519383
-2.961315
-0.158308
-3.873209
-0.943098
-8.584172
-8.124119
-3.175435
-0.988160
-0.401405
-3.197406
-7.370466
-1.801639
-6.088006
-1.467198
-0.939254
-1.503464
-3.576545
-1.126689
-9.063711
-0.662429
-8.586434
-1.424488
-6.572195
-3.814855
-1.205051
-9.424115
-0.001226
-2.298127
-3.626106
-6.768736
-1.867176
-5.100439
-0.145242
-6.418843
-2.625198
-6.815110
-0.017338
-5.638643
-0.910560
-0.024868
-7.961419
-8.193509
-1.782169
-7.267992
-3.904232
-5.737302
-11.455216
-10.499860
-9.151837
-14.808569
-7.973245
-0.260796
-2.645567
-13.786005
-11.030205
-5.266559
-4.500798
-10.033560
-1.502446
-10.714105
-6.866431
-3.334708
-1.936497
-5.281918
-5.964853
-3.402089
-3.818861
-0.647863
-0.036571
-6.109795
-3.676088
-1.612895
-10.899319
-5.204910
-3.501445
-11.253677
-9.565968
-8.272434
-1.129216
-12.308341
-13.568942
-8.079947
-7.027197
-9.886960
-4.108848
-5.877469
-11.135808
-5.290512
-7.870924
-8.503980
-2.719073
-4.320269
-5.525870
-3.169099
-8.479909
-7.333691
-0.607891
-0.876196
-9.683996
-13.836246
-0.502882
-2.812288
-11.418645
-3.856510
-3.496015
-1.551102
-7.440307
-6.343396
-0.491631
-7.892984
-3.208617
-5.433431
-8.216067
-8.374232
-1.404787
-8.147069
-4.420850
-7.596132
-0.515892
-0.398566
-9.096563
-12.069590
-2.442877
-8.471852
-9.965020
-5.858465
-5.763547
-7.284438
-5.303437
-1.188843
-1.084992
-4.893276
-7.888145
-3.756154
-6.253017
-6.611319
-0.232252
-2.297811
-1.432117
-11.949506
-1.423761
-5.332184
-7.617523
-0.786185
-1.351115
-4.605408
-8.937156
-5.222646
-3.795749
-2.742227
-15.079433
-4.019120
-9.181142
-7.803550
-8.805588
-8.336573
-4.538010
-9.482164
-3.806678
-8.712825
-7.787729
-4.644397
-2.840114
-1.201358
-2.070201
-7.554034
-6.639873
-11.767182
-8.841147
-4.210251
-7.326330
-8.636793
-1.805879
-4.944356
-3.125487
-12.278285
-5.757876
-6.639092
-6.171422
-0.552781
-2.900864
-0.879654
-2.381689
-3.347507
-2.683972
-2.179915
-2.733669
-0.241472
-13.125718
-0.596559
-9.555727
-14.281310
-3.226818
-5.974802
-1.225576
-5.072323
-8.199894
-1.629634
-5.212728
-2.711979
-11.795860
-4.639556
-1.311775
-1.275440
-3.227355
-5.358236
-10.229909
-7.937524
-3.069805
-5.984335
-4.752646
-0.989417
-3.995598
-6.602225
-4.173595
-11.933522
-6.922191
-3.614082
-7.087308
-6.612507
-12.991586
-3.762605
-3.781821
-8.019390
-4.103070
-4.046783
-1.532861
-10.724433
-2.808268
-5.550122
-3.645773
-8.195738
-1.256450
-13.279532
-4.910057
-0.529320
-9.251187
-5.640960
-0.749852
-14.241315
-8.023853
-1.578384
-9.294814
-12.064723
-15.866155
-6.820415
-0.956018
-7.802736
-0.307274
-3.923767
-0.554766
-6.187821
-11.559380
-9.584438
-0.250271
-11.716623
-8.479739
-6.159593
-6.985299
-10.370945
-9.238574
-1.228998
-2.394403
-8.524830
-6.345738
-6.634832
-8.298367
-7.314220
-7.560085
-8.400823
-1.640916
-2.564710
-6.814175
-8.040959
-5.055194
-3.727333
-1.616906
-0.925095
-0.423019
-6.138342
-11.555213
-1.467123
-5.525134
-5.228005
-1.811150
-5.039083
-8.160065
-4.221669
-0.654321
-4.353668
-10.714835
-2.467934
-7.196401
-6.246182
-0.332235
-8.391153
-8.064639
-10.547475
-7.673187
-7.259013
-0.647663
-3.947784
-5.079704
-5.870328
-3.059161
-7.789629
-7.556700
-6.374955
-12.609859
-11.710310
-4.793964
-6.421354
-0.895676
-7.448731
-2.976730
-8.105596
-8.148629
-1.724466
-7.419337
-6.331344
-3.985193
-10.575146
-8.128741
-14.588018
-5.904365
-13.868418
-1.402492
-7.661886
-1.037040
-0.706324
-8.094690
-7.540328
-9.483102
-2.224239
-4.693265
-6.619445
-5.720179
-3.745352
-5.504304
-9.577597
-2.832246
-5.990818
-1.316705
-4.298954
-0.059320
-3.420961
-6.201680
-2.752621
-4.760019
-7.612800
-5.251066
-2.300788
-6.052120
-0.085792
-7.181569
-8.410808
-5.193907
-0.055931
-6.137470
-1.894897
-0.137890
-8.133322
-1.430234
-2.368177
-3.476987
-8.624763
-6.961989
-3.001140
-6.470068
-8.027659
-4.442436
-5.438290
-7.129562
-11.407855
-2.323754
-0.378527
-0.009663
-2.996734
-4.699758
-4.269113
-5.085889
-5.371005
-4.945866
-8.414731
-10.633315
-3.934487
-6.615073
-8.512990
-8.263183
-7.981147
-14.877795
-2.535799
-3.758539
-5.099907
-12.602816
-2.396233
-5.530416
-1.764520
-3.792693
-0.335765
-6.163121
-1.056150
-4.177809
-7.630527
-0.784116
-10.998519
-1.290472
-5.340944
-3.548324
-1.898041
-8.141511
-3.221316
-4.624831
-1.367311
-5.515155
-9.574539
-1.556316
-11.438481
-7.226697
-4.212282
-5.095414
-2.546471
-11.834825
-4.045180
-0.960583
-2.738063
-5.858897
-1.741013
-8.709064
-5.948080
-8.518481
-4.194099
-5.426810
-6.565289
-9.040760
-6.994450
-6.068371
-5.680999
-11.902542
-4.573579
-8.406226
-6.434094
-0.977576
-0.879290
-4.124872
-2.388344
-0.509245
-7.607226
-1.977353
-4.902757
-5.753809
-4.095642
-7.444645
-1.430516
-6.309399
-6.820179
-0.849525
-4.574742
-4.530596
-4.650615
-3.958594
-7.006827
-1.485415
-3.551084
-2.463357
-13.136835
-8.888179
-15.342402
-9.128304
-2.568479
-5.034571
-9.739467
-0.006827
-3.698789
-2.564313
-1.209251
-6.473758
-5.941621
-3.630894
-6.550358
-8.839151
-6.847245
-11.606364
-0.147077
-11.718265
-0.064656
-6.386115
-0.829452
-1.254108
-4.865951
-10.770183
-0.046096
-4.670000
-11.213939
-11.791682
-10.374963
-0.023147
-0.678908
-9.037736
-0.870354
-8.086171
-3.319127
-11.287165
-7.368115
-0.475382
-1.183117
-2.791832
-6.155425
-14.586814
-0.603112
-7.639228
-9.587204
-9.128577
-4.781175
-0.923049
-6.282683
-8.536518
-1.061016
-1.442557
-10.101635
-15.321888
-9.465555
-3.935997
-7.356195
-8.534232
-8.995647
-10.752704
-2.323105
-4.595088
-7.390341
-1.329813
-3.381975
-2.934166
-1.226572
-5.256607
-1.211158
-8.243732
-5.896367
-1.039862
-8.042731
-6.542608
-2.183480
-13.730950
-6.630999
-4.905701
-12.724428
-5.882775
-6.314698
-1.590358
-0.426610
-6.450781
-4.375094
-5.176743
-5.809655
-6.236227
-6.374995
-4.568127
-1.295173
-4.333209
-3.319899
-1.739493
-5.669301
-3.752424
-8.906594
-1.396140
-11.310307
-6.604759
-13.564946
-3.629622
-7.917567
-3.126257
-0.550308
-2.201373
-10.145047
-0.741533
-0.458960
-1.036948
-2.331403
-12.062536
-3.508491
-9.772167
-2.218645
-3.312511
-8.875937
-4.456045
-2.320625
-7.191472
-4.208481
-3.458684
-4.082248
-5.494654
-0.896159
-9.577256
-9.356155
-1.464407
-5.069573
-1.362212
-0.441381
-2.115856
-3.740595
-1.723267
-11.177787
-7.299989
-6.378601
-3.285836
-7.762992
-8.871654
-8.852566
-0.477930
-4.890149
-7.839275
-8.570362
-5.896848
-2.118695
-0.742899
-0.291988
-0.657602
-0.486299
-5.739329
-0.996206
-4.653725
-3.878121
-1.367523
-3.727302
-8.265959
-4.610737
-11.405163
-0.279107
-0.688022
-6.566555
-1.753793
-8.108524
-3.106751
-8.865951
-8.746415
-1.233081
-2.477586
-8.269360
-3.433311
-0.126254
-1.520223
-6.495726
-5.210750
-13.494236
-0.206624
-1.337576
-3.213413
-4.668260
-8.087356
-3.182057
-3.566604
-6.356233
-3.823281
-8.379026
-11.340996
-4.746749
-10.247882
-8.184378
-5.132988
-2.946928
-9.929262
-13.768047
-10.572614
-0.599664
-8.397640
-6.519550
-0.680620
-8.368068
-1.993042
-6.365923
-1.056150
-8.668718
-6.305634
-4.282026
-8.874856
-6.801877
-2.928690
-3.419218
-0.815603
-8.180212
-2.695365
-3.041187
-6.517675
-8.108558
-10.790314
-9.433367
-4.405032
-10.997096
-8.117117
-9.365199
-5.758190
-3.648403
-0.041012
-6.445362
-0.108220
-3.623420
-5.897766
-1.117973
-1.430586
-8.266965
-11.000200
-5.276248
-13.009414
-0.173674
-10.527558
-2.814012
-1.338081
-7.580583
-4.695282
-4.953330
-7.202950
-10.273616
-3.074163
-6.627634
-2.722293
-4.469372
-4.150672
-9.022518
-2.166067
-8.326201
-2.798712
-8.371803
-1.010138
-1.866515
-11.264110
-4.757367
-5.127098
-6.269909
-10.722498
-5.679095
-3.264815
-8.051477
-2.031708
-7.349445
-10.956191
-8.005556
-3.102842
-10.158694
-13.176248
-2.972569
-6.520310
-8.453836
-2.996438
-4.396999
-3.193193
-0.869711
-8.892716
-8.466572
-1.812348
-4.140113
-5.769732
-3.585967
-7.546667
-6.010661
-3.662956
-9.446071
-4.448945
-3.051332
-3.608616
-5.024819
-0.957203
-1.772324
-1.749784
-2.267187
-2.352077
-4.201042
-4.135316
-11.223687
-7.611012
-5.086236
-3.327904
-12.184237
-0.258685
-5.628425
-6.328513
-10.104828
-7.637807
-10.907384
-5.074843
-7.451124
-6.922851
-8.292995
-5.005380
-0.617639
-12.328483
-5.308503
-6.348863
-11.293608
-6.747545
-2.292816
-8.047808
-7.798913
-9.253997
-5.053254
-9.662499
-1.060763
-5.773172
-2.767105
-0.770659
-5.444050
-9.566782
-7.915468
-9.198894
-6.300965
-3.433787
-1.884276
-0.986935
-9.327867
-2.608291
-4.418891
-6.119601
-6.047118
-0.397563
-4.155099
-2.844892
-6.955780
-8.794315
-0.784480
-5.508257
-0.253137
-0.768677
-2.915116
-2.541570
-3.620597
-7.958039
-1.552625
-0.856127
-9.978109
