-40.908885
-51.224707
-52.364654
-52.326161
-37.862916
-49.864842
-34.570220
-40.490372
-61.306327
-55.986159
-64.712819
-63.773752
-67.196988
-57.153936
-36.835323
-58.775508
-37.914628
-46.468557
-42.433687
-40.500354
-40.924009
-54.463078
-38.882158
-47.336529
-51.418827
-26.129694
-46.258460
-56.985838
-65.824149
-53.813508
-61.952718
-49.008114
-60.230175
-60.408152
-49.366516
-25.070966
-57.874589
-35.864209
-33.526014
-55.858503
-49.979516
-38.151245
-42.472421
-40.468631
-43.949933
-39.578930
-38.106532
-36.350240
-47.073040
-27.951090
-56.797440
-38.792379
-25.444215
-45.688829
-40.147181
-31.159352
-49.699683
-52.099379
-32.754597
-44.053506
-53.109767
-39.391437
-41.489720
-39.375400
-38.254907
-48.907889
-30.875973
-63.414446
-35.218558
-31.618612
-31.652111
-38.565891
-59.164072
-38.725297
-46.828239
-39.341333
-45.920067
-40.820178
-40.606263
-36.803040
-30.141777
-34.296421
-31.514228
-25.714207
-33.455916
-42.788399
-48.057855
-52.476180
-61.773733
-50.051209
-29.003998
-50.883900
-34.878054
-69.254074
-44.505336
-59.006241
-42.695309
-44.745688
-52.839912
-45.887019
-44.286661
-64.189233
-38.984950
-51.620852
-33.902276
-44.388963
-46.473324
-36.078312
-39.643298
-50.123774
-34.516256
-45.367543
-28.229673
-43.557251
-36.026451
-46.341621
-54.995973
-63.384781
-51.923349
-56.589491
-43.776979
-59.003973
-56.530899
-64.271812
-37.094078
-24.638162
-38.935856
-28.349521
-61.482987
-47.473873
-53.643660
-39.369446
-40.525459
-33.352992
-39.779524
-34.533487
-60.395350
-26.589198
-30.913752
-49.698815
-25.215251
-47.950978
-46.805462
-37.422160
-41.282033
-52.383030
-46.119490
-46.848632
-34.920875
-44.780037
-39.791282
-21.796333
-18.275571
-25.200050
-45.306119
-33.449102
-54.508526
-31.507617
-42.824185
-44.836618
-40.029791
-42.806114
-31.626086
-47.317639
-36.791634
-33.535323
-46.501565
-61.720398
-34.814332
-33.537914
-47.290004
-59.383013
-57.222738
-53.896873
-45.597223
-51.531949
-49.502802
-58.195066
-37.482212
-44.478318
-40.859149
-42.780665
-41.471927
-44.322950
-26.818924
-35.213649
-24.289853
-49.698168
-29.614914
-32.179973
-25.682537
-45.766965
-46.935356
-58.263404
-51.873626
-24.185635
-39.157084
-44.744620
-59.142266
-37.442582
-35.757798
-49.308089
-52.786673
-34.071150
-33.571349
-37.279542
-33.553636
-55.024757
-25.825824
-42.811258
-60.086884
-48.094931
-44.333852
-36.820536
-42.901527
-40.669863
-45.210379
-57.861263
-42.325284
-55.157960
-44.846145
-53.297867
-42.948567
-33.813781
-42.067526
-32.803335
-40.116935
-57.042403
-50.886475
-37.596936
-37.255021
-46.287160
-31.546556
-25.135852
-52.910447
-67.696244
-32.370321
-38.699613
-51.576606
-32.054474
-44.588199
-32.328940
-43.350383
-48.120007
-57.134365
-36.223766
-43.926937
-20.803084
-49.981079
-31.680360
-50.961252
-47.008998
-61.420572
-49.796676
-38.214314
-24.194766
-49.607001
-44.772014
-34.330282
-46.308724
-48.424012
-55.609851
-49.868972
-55.854858
-38.934388
-50.651713
-32.354428
-49.037313
-36.434511
-32.033362
-47.405995
-40.350550
-36.568540
-58.655877
-41.066974
-50.686649
-55.829589
-44.401298
-50.036904
-41.556552
-42.066806
-53.367957
-49.827707
-58.229402
-52.271541
-42.153808
-32.001282
-33.338813
-32.122789
-68.996418
-51.874037
-48.593016
-36.013495
-46.506291
-40.156899
-40.481410
-32.257756
-69.876426
-56.351247
-61.658382
-43.515807
-41.373863
-32.574752
-34.890075
-27.590113
-45.207188
-47.243600
-33.105645
-37.315973
-34.669631
-46.551391
-49.495866
-44.557945
-40.873110
-55.321863
-37.449988
-35.455530
-46.637924
-45.701224
-43.736402
-33.837144
-48.014970
-30.297794
-36.271615
-62.093550
-43.737270
-38.369614
-41.520282
-47.525257
-20.385452
-37.305118
-54.332078
-44.870161
-33.304944
-42.157119
-36.391397
-40.735061
-28.370692
-39.663621
-54.516428
-41.218534
-52.788702
-42.556001
-53.513844
-41.105408
-38.327083
-42.845070
-55.476205
-61.158424
-56.111735
-20.643002
-38.254990
-33.394785
-45.916265
-37.837736
-39.898349
-51.659141
-45.785111
-27.450289
-44.256525
-50.253441
-52.052454
-41.913327
-51.010182
-51.436895
-37.301891
-43.722325
-53.560413
-42.827957
-50.427363
-29.368138
-35.449449
-37.835379
-52.924748
-45.976529
-60.518638
-39.427813
-44.308168
-52.020642
-43.485941
-23.949654
-50.161002
-52.793232
-42.412500
-51.729119
-38.934172
-53.516578
-59.570475
-44.359495
-36.558585
-66.182928
-38.655986
-23.899390
-52.915477
-46.611631
-57.935735
-28.069733
-61.468119
-42.257989
-27.554595
-47.763587
-45.542019
-52.617412
-58.568266
-38.227523
-34.880091
-22.410351
-37.503779
-46.813903
-38.959500
-37.876202
-31.006768
-41.502315
-34.465566
-34.036987
-46.186105
-59.861555
-50.830034
-47.433703
-60.981072
-34.601874
-49.993944
-44.209654
-51.886012
-58.789165
-40.643150
-27.400962
-32.389348
-35.254569
-58.001803
-36.158324
-50.609842
-29.966909
-56.364061
-39.687902
-25.679153
-61.922400
-30.668239
-39.823222
-48.627537
-45.142558
-41.885302
-59.196500
-34.912873
-29.017117
-46.627928
-38.771669
-57.271187
-45.711050
-50.972511
-27.717783
-35.891874
-26.031205
-34.578911
-38.632968
-48.121146
-55.674216
-33.817519
-27.185093
-54.520798
-48.317290
-56.359257
-45.737960
-59.888139
-23.557502
-32.327081
-60.608488
-42.954021
-21.464898
-34.312781
-58.217409
-47.581956
-52.864543
-42.584135
-51.294546
-72.563716
-39.148641
-65.403556
-55.190030
-22.677050
-44.931423
-47.708138
-72.394593
-55.807061
-45.814941
-40.746054
-61.795131
-32.029830
-51.313395
-42.465068
-40.114576
-46.185783
-43.756365
-22.368508
-55.848961
-45.379117
-30.808347
-49.199672
-52.290032
-40.139293
-30.986617
-39.996601
-29.340763
-48.458787
-48.651988
-36.292345
-47.955388
-32.164343
-59.286431
-55.878255
-48.005130
-46.376949
-45.672050
-49.205825
-32.930072
-50.240067
-56.311559
-64.892938
-59.473824
-38.387700
-28.016683
-56.526537
-56.788528
-42.943590
-37.672491
-51.764898
-28.979437
-44.347415
-65.102459
-29.590719
-38.356921
-52.572892
-43.439317
-49.259471
-45.508980
-36.162871
-57.113240
-57.330671
-30.321265
-52.777838
-50.006869
-28.999926
-36.887224
-31.698425
-40.562433
-45.254016
-43.252990
-39.567036
-34.412170
-39.499358
-29.542913
-33.438763
-31.836991
-36.271253
-22.189021
-41.366539
-45.980875
-53.618116
-51.899179
-31.291157
-40.679050
-51.532457
-36.473325
-54.223389
-47.110391
-41.928787
-58.251427
-32.680053
-33.915018
-30.148312
-62.990595
-29.616749
-51.450950
-34.348972
-48.746002
-37.699850
-44.967645
-53.099679
-50.371712
-54.776261
-48.919818
-42.507531
-52.708378
-57.277505
-44.608722
-37.991862
-27.226778
-51.336819
-31.315537
-34.497199
-47.802659
-50.089907
-50.542564
-24.988965
-54.911578
-63.852444
-48.979746
-56.644597
-32.069666
-51.226542
-39.895953
-25.262641
-25.664492
-39.912517
-50.537189
-43.096584
-51.901995
-56.201859
-38.543124
-30.964847
-49.946183
-42.028291
-54.060072
-45.136713
-39.909251
-48.868155
-46.916615
-47.164196
-47.972299
-47.109395
-47.382313
-30.941997
-35.140827
-43.407065
-48.601334
-30.955887
-43.390244
-39.945824
-60.848526
-43.439062
-48.242192
-57.156677
-42.180268
-34.772449
-40.493263
-43.985880
-52.449534
-34.131209
-32.328376
-43.779564
-48.182049
-50.577413
-57.794907
-32.087431
-67.462806
-35.980165
-65.182335
-38.997365
-45.319046
-37.217290
-39.837540
-53.985817
-32.763185
-50.091816
-48.910387
-29.089459
-54.408641
-63.122605
-48.012614
-49.095463
-24.953177
-52.601830
-39.841241
-39.527919
-38.797514
