-12.135195
-6.222813
-2.713452
-11.712247
-10.139151
-10.987617
-1.678363
-5.437646
-13.039252
-11.293753
-4.428932
-7.917451
-12.575211
-9.789736
-9.219201
-9.328037
-2.671694
-8.832002
-10.956281
-3.243105
-10.562364
-14.663015
-8.747263
-1.669583
-4.240083
-1.407505
-7.049526
-8.902647
-15.713837
-9.247944
-1.526219
-2.725908
-5.689712
-7.598380
-13.081642
-9.396014
-9.957903
-8.093950
-11.497901
-3.433323
-11.967577
-6.511891
-11.950942
-3.475368
-8.472544
-1.605343
-2.096832
-6.593586
-11.255981
-4.844432
-1.287318
-9.241456
-1.654693
-7.393599
-2.496132
-8.084613
-1.240615
-8.063535
-12.106058
-10.281759
-17.186398
-2.813772
-12.780370
-9.021372
-2.781846
-6.876382
-8.458885
-5.021582
-6.859279
-14.238262
-2.833417
-2.933179
-19.716847
-4.440766
-5.240427
-14.170863
-4.176692
-3.322271
-4.123907
-13.469894
-7.960934
-3.505140
-20.660880
-6.570886
-2.379389
-4.585723
-1.287866
-13.442380
-9.078988
-11.761483
-2.479581
-0.399343
-2.241147
-15.741836
-14.250647
-6.441252
-8.345505
-13.482785
-5.266369
-9.086020
-13.462987
-10.086440
-3.957771
-0.667435
-1.522381
-9.222285
-0.654168
-0.054657
-1.924606
-9.779434
-2.223986
-8.666521
-9.916059
-10.322465
-3.819746
-1.279612
-2.240270
-0.929236
-0.185178
-0.642762
-9.440786
-14.211271
-3.688359
-2.163070
-10.060675
-0.510458
-5.851192
-11.524389
-0.127102
-7.964094
-0.848746
-3.401025
-6.391955
-7.789608
-7.521276
-6.914386
-3.838338
-0.031001
-2.761111
-5.510662
-4.491602
-9.298835
-13.246700
-4.417174
-1.659029
-2.862888
-1.917294
-4.149794
-2.285412
-8.973591
-9.505627
-5.281138
-6.407647
-0.959138
-12.891936
-3.168737
-16.618967
-3.523814
-10.150801
-0.334200
-1.327929
-5.389794
-5.447575
-10.796541
-11.531664
-1.054931
-5.555921
-4.709984
-15.915335
-3.652769
-5.134243
-9.184802
-14.461919
-4.473101
-13.273055
-9.778220
-9.779701
-5.713034
-8.282517
-3.516469
-11.529122
-2.201102
-3.143588
-14.594630
-8.797795
-5.388961
-3.864121
-2.399101
-7.025837
-3.670802
-5.415415
-2.321251
-2.565993
-8.099181
-2.442974
-1.985066
-2.001753
-6.732559
-9.923566
-5.040165
-4.922791
-1.366907
-0.785306
-3.904929
-14.674706
-13.854733
-6.804947
-4.897163
-7.560711
-4.102321
-1.771098
-5.698738
-9.288743
-6.199878
-0.509243
-6.634316
-7.987379
-11.687360
-11.872367
-7.219613
-4.682218
-2.153826
-0.117813
-0.401947
-0.371838
-4.069622
-6.598120
-22.041417
-0.237579
-12.342728
-7.326753
-9.972939
-5.517322
-3.242459
-5.999823
-13.430763
-7.097705
-4.081538
-8.383472
-1.385676
-2.900772
-8.594605
-3.269928
-15.500090
-7.940496
-11.891278
-8.541686
-9.696789
-10.840388
-17.693926
-4.555026
-17.564717
-7.333368
-11.146060
-7.526810
-0.269739
-5.188979
-1.874569
-10.253240
-5.699103
-4.849968
-10.858296
-13.512139
-8.047756
-1.548884
-0.963249
-7.282533
-15.126784
-0.910574
-5.138958
-13.067177
-4.428380
-1.819326
-13.986922
-5.365217
-0.323464
-8.949914
-2.197992
-0.182074
-0.498146
-15.101194
-13.203034
-4.480799
-4.167144
-3.451942
-3.460597
-0.214537
-2.262516
-1.983319
-3.083465
-0.236342
-12.655939
-2.130718
-12.110553
-8.673699
-1.102739
-12.438498
-9.758668
-13.314491
-11.952883
-4.356258
-3.205190
-3.366241
-12.904983
-16.471538
-2.269302
-0.949040
-10.545318
-1.822679
-9.622787
-1.818782
-13.313797
-4.478171
-1.455799
-3.233662
-6.394258
-2.503334
-6.365848
-7.365650
-7.189450
-10.706926
-3.892171
-9.745395
-11.712364
-10.821241
-4.156381
-8.059327
-4.496084
-6.056397
-17.204631
-4.105929
-8.542386
-7.156774
-1.180645
-6.299742
-7.199425
-3.151627
-7.618827
-5.361992
-1.455837
-0.034237
-0.222046
-2.329180
-3.850414
-8.758092
-2.981567
-1.600948
-5.747878
-2.567059
-6.639598
-1.852419
-14.235555
-7.647372
-2.733202
-4.337318
-12.642335
-5.974363
-13.117675
-3.678109
-8.960676
-2.159276
-5.657926
-5.141563
-6.556877
-3.045899
-4.691585
-5.862122
-0.203911
-16.018627
-12.032611
-7.683041
-8.886104
-11.346057
-10.337346
-9.454452
-4.668883
-8.457706
-6.072249
-0.228800
-7.615906
-4.004755
-11.214356
-3.326505
-5.844629
-8.377114
-11.304934
-1.969062
-7.168298
-1.352880
-2.820355
-1.067465
-15.894480
-9.487996
-4.820839
-2.663865
-0.846959
-9.916776
-12.696532
-2.766822
-8.421660
-0.669531
-4.092380
-15.213780
-2.112366
-3.797199
-7.683234
-3.401368
-7.202576
-17.993339
-9.336486
-5.139425
-1.017921
-5.126224
-5.670233
-7.912136
-9.354948
-7.007911
-5.032600
-0.988828
-13.057119
-0.921028
-9.735792
-7.829840
-1.925735
-18.385806
-7.878045
-2.328852
-3.314014
-14.387809
-2.486019
-13.246144
-13.016019
-1.738358
-1.701301
-15.387798
-4.524363
-11.740838
-9.219383
-6.789264
-11.918304
-1.824267
-11.242553
-2.283333
-4.326332
-2.897746
-0.863193
-3.694468
-7.519364
-15.363456
-7.917988
-15.041994
-9.219022
-8.124828
-10.958465
-8.718269
-3.447487
-0.599970
-14.457313
-8.079224
-11.537472
-5.279441
-10.550506
-6.629990
-1.225016
-15.524247
-4.609300
-6.033603
-5.586869
-8.821206
-3.748253
-2.645576
-10.302538
-2.518657
-0.090344
-11.177012
-16.609613
-11.574559
-4.395018
-2.734812
-15.717620
-5.838270
-12.608646
-5.723588
-2.721311
-12.236306
-12.582175
-16.653395
-1.287484
-10.263354
-0.492772
-13.423669
-3.787013
