-54.006258
-56.091924
-56.311662
-58.227223
-50.965046
-46.799895
-54.724315
-41.015897
-44.642169
-51.445552
-45.920295
-50.978397
-35.032399
-54.305343
-48.296215
-34.094977
-56.844863
-48.911850
-51.054230
-27.743964
-43.431366
-37.687345
-51.658082
-45.432558
-30.643894
-45.077547
-40.589160
-40.183201
-39.501401
-50.511087
-41.916235
-48.953793
-58.764370
-50.906828
-37.045591
-44.043641
-39.625042
-57.959147
-58.457565
-38.968091
-45.217656
-36.846677
-26.618423
-37.277542
-29.439248
-33.672874
-39.466842
-28.801876
-53.806182
-33.080628
-75.278885
-40.976240
-46.940255
-46.482134
-53.676233
-54.371962
-59.351864
-40.957507
-43.778068
-37.275246
-50.487113
-35.327417
-42.010806
-45.631807
-35.142634
-69.661428
-39.521906
-61.415478
-44.934617
-47.615694
-43.128892
-47.317029
-46.130871
-53.064214
-49.851973
-59.395686
-50.953986
-41.753673
-38.786127
-40.787290
-35.210171
-34.325024
-45.871892
-48.593795
-47.227103
-46.886803
-42.370482
-46.096021
-35.029988
-37.122950
-68.694124
-44.412956
-49.452164
-46.651268
-54.369976
-48.342655
-55.593620
-50.461341
-53.035665
-45.597765
-57.797071
-42.844498
-43.481574
-29.272476
-47.652603
-36.063048
-55.487260
-48.875121
-31.103306
-50.298192
-55.965475
-70.960157
-46.231052
-45.352299
-43.689617
-41.129848
-32.402635
-39.566765
-76.612933
-18.465334
-41.733408
-29.093904
-40.332438
-48.298417
-31.927956
-40.584596
-49.755238
-29.504092
-40.698247
-34.331868
-55.333937
-30.567349
-32.464991
-64.183382
-65.731359
-32.353479
-41.676388
-38.110809
-50.204052
-51.453619
-33.004096
-47.965746
-31.549165
-64.531557
-52.745547
-44.405549
-57.357982
-37.870739
-60.603421
-53.096386
-67.926678
-39.079321
-53.032584
-37.796414
-62.310912
-37.123911
-37.911962
-23.445280
-33.530608
-42.326311
-65.134205
-62.794026
-51.536930
-33.548577
-49.295611
-38.206121
-49.256162
-52.963812
-48.675699
-37.294494
-58.031545
-45.910596
-47.574780
-55.420493
-36.315185
-45.384465
-41.507784
-58.898068
-56.450346
-51.149986
-64.774047
-35.023533
-29.302545
-31.237609
-35.356323
-43.322054
-32.055372
-64.907313
-29.713599
-59.159378
-60.942798
-43.736908
-42.800875
-39.847512
-46.450432
-45.603822
-32.005853
-48.582098
-58.812574
-63.288241
-31.975194
-53.363067
-46.682602
-39.587131
-38.757385
-32.437175
-44.538204
-51.887548
-58.869780
-26.787531
-48.956000
-50.688216
-35.194674
-44.003095
-44.386935
-54.350068
-47.297234
-28.030370
-60.232690
-31.192943
-26.865305
-56.913915
-53.669160
-31.063208
-48.570034
-38.129689
-54.739979
-36.572707
-57.171866
-61.732897
-35.471531
-36.629842
-46.103948
-36.583624
-39.472085
-39.836414
-48.380779
-54.827215
-45.996633
-29.941497
-28.029108
-32.292431
-38.948078
-46.004979
-56.868161
-73.285858
-61.223555
-50.308363
-42.480373
-47.227198
-53.758610
-57.228688
-48.939485
-48.458518
-64.639019
-62.322186
-43.169576
-31.604729
-80.854206
-23.236970
-46.873801
-45.773104
-27.599086
-39.919207
-55.530558
-43.692225
-29.392774
-36.290804
-46.060997
-45.221073
-35.636053
-44.215992
-58.458340
-41.654853
-43.681994
-26.490515
-42.514562
-72.193654
-33.539233
-36.900632
-30.996659
-36.040065
-37.857058
-33.693988
-56.957060
-50.798866
-52.367678
-45.437115
-41.110695
-61.839551
-37.919412
-49.079454
-27.047743
-25.486118
-51.633286
-56.822739
-39.885405
-54.641441
-66.110562
-53.129411
-30.059692
-50.693756
-66.294771
-46.621513
-46.989999
-42.459335
-55.412606
-37.626683
-49.606779
-33.381796
-70.706330
-38.402179
-55.744186
-45.775783
-56.487708
-31.226990
-46.986229
-47.945624
-47.132997
-37.300272
-50.949058
-34.122457
-47.324632
-23.882122
-51.611191
-45.097747
-63.225616
-49.414400
-41.866307
-40.695296
-25.251881
-46.093513
-47.700052
-35.472892
-42.967935
-37.633754
-40.435651
-35.310829
-34.370325
-27.861876
-56.795451
-37.892890
-37.288134
-46.518108
-42.926341
-37.791456
-38.067629
-36.348748
-54.556508
-43.704662
-50.998122
-31.195440
-14.373025
-38.206127
-68.871021
-53.418776
-47.133503
-37.732973
-41.109659
-25.979017
-34.322415
-32.826103
-65.816487
-49.148320
-31.470685
-46.226034
-44.168638
-38.873389
-32.894936
-46.887029
-23.501504
-32.884050
-34.928962
-44.100477
-32.767992
-32.038403
-39.444180
-55.716347
-52.787616
-37.586479
-57.374866
-48.187415
-55.090074
-37.231819
-57.309483
-58.915445
-67.462713
-32.023727
-41.383894
-55.326395
-39.213782
-61.613692
-44.354371
-48.436628
-47.797928
-48.912140
-49.606738
-48.569908
-61.697480
-31.001745
-42.850525
-39.827908
-66.640938
-44.191932
-39.682720
-45.716338
-36.727754
-43.027487
-28.143747
-65.885616
-33.442410
-47.706869
-28.841907
-26.678008
-56.976645
-30.837518
-43.855680
-42.383544
-40.254614
-70.560846
-40.369938
-53.449879
-52.985844
-46.989566
-63.367873
-30.751509
-37.625971
-34.484467
-50.805594
-53.819812
-53.520276
-53.125813
-68.925027
-40.352708
-55.745964
-57.971555
-35.435231
-52.350113
-40.749425
-33.494766
-31.689632
-60.569562
-62.982911
-28.888451
-44.002605
-41.686434
-28.977677
-59.059340
-48.149789
-52.903426
-45.235151
-43.911473
-34.064007
-20.903399
-31.894579
-27.936358
-44.317880
-49.967906
-31.986118
-32.584785
-29.920850
-31.501438
-16.732890
-38.406606
-34.251798
-59.535518
-44.173045
-32.581716
-61.276634
-57.240292
-37.656332
-22.572621
-38.214409
-49.121729
-53.304383
-36.906677
-71.150496
-28.765572
-54.891258
-46.400924
-42.442768
-35.568315
-39.639689
-28.994279
-28.079533
-24.489172
-30.214484
-51.511632
-41.555308
-58.155497
-37.913554
-55.238245
-29.574089
-33.860589
-44.166725
-43.888670
-40.627644
-61.647845
-33.966351
-45.569722
-43.369846
-38.188389
-62.549521
-59.542189
-35.663224
-51.996573
-47.981978
-54.697786
-62.050814
-55.206095
-47.644873
-47.893538
-49.288467
-45.433174
-68.650034
-46.882166
-41.495129
-34.031104
-36.419148
-45.553136
-39.275297
-33.638929
-46.083616
-58.183881
-51.054127
-67.420422
-58.827006
-37.104016
-33.713416
-29.793949
-46.289667
-35.669778
-47.384187
-53.362032
-46.901907
-30.413205
-72.222496
-44.933182
-41.026497
-47.537248
-46.132834
-30.587484
-30.351764
-38.006705
-46.932198
-38.076659
-47.898744
-39.162649
-47.181178
-32.601358
-53.079342
-49.556157
-43.917797
-31.747755
-68.328534
-48.328951
-53.401854
-42.362769
-55.323912
-56.387070
-44.136699
-28.845620
-53.283409
-31.478330
-60.872154
-44.509105
-34.392452
-44.603719
-40.122615
-39.058125
-39.219069
-32.320050
-42.295024
-49.612063
-57.333929
-32.900611
-37.305905
-39.518856
-68.536135
-43.101467
-46.538964
-38.792011
-51.519217
-36.608227
-53.998526
-51.922654
-45.157787
-50.435201
-44.989578
-43.328770
-46.148426
-44.518189
-61.476092
-50.022157
