-10.733858
-15.779862
-15.994785
-14.785317
-10.785318
-19.787028
-17.098291
-15.955831
-24.612721
-12.418614
-0.408043
-18.874674
-13.774914
-19.447813
-12.880100
-16.888662
-20.419409
-8.322452
-26.009961
-0.164170
-14.596629
-12.996836
-17.757817
-15.085512
-0.186109
-5.053444
-2.225075
-4.972422
-11.370292
-12.885832
-22.489403
-22.986689
-4.583015
-8.442294
-14.358177
-13.768774
-7.720352
-13.822586
-18.701452
-10.471929
-14.610026
-18.407391
-23.052317
-17.752199
-6.817745
-0.361740
-19.205545
-15.177933
-25.064209
-9.254026
-11.796006
-20.942178
-8.815528
-8.972831
-3.716386
-2.322967
-2.192814
-24.238157
-14.457582
-2.091377
-6.888662
-29.237039
-23.677101
-9.568427
-5.153658
-21.712979
-19.383661
-11.382506
-10.638573
-15.128575
-5.819188
-10.069089
-16.423491
-10.624849
-8.389505
-15.904839
-5.280362
-15.526051
-6.973351
-23.226846
-6.373889
-3.149590
-9.082154
-18.849831
-7.730140
-20.576186
-10.787168
-11.314140
-14.914008
-2.675008
-16.039383
-19.143027
-15.630672
-2.387052
-2.866589
-2.953755
-22.090937
-8.489503
-16.176829
-9.635984
-5.957369
-14.195221
-5.168780
-3.904113
-15.010763
-13.015438
-16.124267
-23.599115
-9.597709
-0.078081
-13.962272
-12.465980
-9.596187
-5.828611
-15.826851
-6.524683
-0.411937
-24.745058
-28.279081
-18.440525
-5.204944
-14.740615
-4.588261
-10.589953
-16.902068
-3.509359
-20.582993
-4.505216
-11.709930
-11.910089
-7.248747
-16.002902
-22.419519
-19.315749
-20.133293
-6.600909
-7.667591
-5.262350
-21.694526
-16.118660
-20.551961
-5.981890
-15.087050
-3.962361
-20.443842
-14.171367
-10.293373
-17.099993
-14.008538
-17.045355
-5.206268
-18.275710
-10.521441
-18.880206
-1.831320
-19.903615
-15.443367
-0.544135
-7.302025
-21.440333
-2.750226
-21.275375
-26.106055
-2.831041
-16.593610
-24.316694
-10.936045
-15.953899
-12.030510
-9.358961
-23.055248
-15.504230
-4.715996
-16.191966
-14.481880
-6.969499
-1.282279
-4.767425
-11.370936
-2.243852
-24.567837
-17.603300
-0.918932
-23.062205
-19.500815
-9.330858
-7.551638
-13.319169
-23.386738
-12.873364
-1.692122
-10.838061
-14.023451
-14.223443
-20.337309
-7.745166
-16.006717
-12.077947
-6.558686
-1.784770
-0.714533
-8.698848
-24.212262
-0.668796
-16.313260
-12.556538
-8.130510
-12.741608
-15.699172
-17.380571
-13.841168
-9.874644
-11.018623
-0.124623
-8.838731
-7.499035
-3.045061
-19.100897
-15.024801
-6.636374
-7.430268
-9.047011
-9.136514
-10.498309
-4.092940
-19.170698
-14.987815
-9.997041
-8.302559
-11.365577
-18.365953
-5.231091
-29.239783
-6.164457
-25.557652
-17.806227
-18.390626
-14.748224
-1.525682
-11.987539
-2.667867
-23.237839
-16.243738
-5.654209
-23.362308
-12.685242
-4.566326
-11.482460
-19.324230
-17.103973
-1.990133
-2.657683
-14.567985
-25.414579
-0.722652
-23.347517
-10.167356
-3.570134
-11.989400
