-27.537465
-8.831220
-6.588741
-37.634877
-27.091320
-28.971030
-32.845959
-16.879484
-6.035257
-23.963034
-30.128159
-25.639404
-22.419115
-12.378121
-32.826003
-34.461855
-15.607594
-31.421164
-17.646006
-18.603320
-24.361190
-25.909030
-23.320479
-27.602144
-18.503845
-15.142814
-16.997873
-26.509613
-21.714889
-32.126401
-30.626506
-33.084381
-27.611071
-13.780376
-31.093642
-28.744339
-26.044430
-15.588775
-33.781715
-9.866394
-33.588253
-16.944422
-28.963661
-25.356285
-35.826560
-20.895758
-39.991154
-25.228926
-12.579792
-21.233116
-33.423808
-23.236973
-23.715561
-18.731908
-34.337279
-24.640140
-27.069055
-16.401583
-17.787425
-25.468566
-31.369255
-24.849586
-25.844760
-15.508574
-15.136249
-27.665791
-5.799223
-2.788213
-16.594869
-33.807436
-23.052237
-24.437919
-28.013605
-23.705976
-31.016711
-8.527501
-21.116255
-12.184040
-18.046977
-25.031446
-18.667427
-21.939829
-24.438798
-27.271104
-34.256363
-24.203876
-24.212021
-14.413842
-12.828188
-16.237934
-17.394512
-20.449277
-25.188746
-20.388384
-32.943578
-17.205253
-19.941425
-24.584311
-19.737233
-27.628886
-16.187350
-21.295242
-12.404709
-13.079800
-19.870108
-23.226599
-7.041756
-27.435736
-28.787581
-19.668817
-15.735392
-21.443631
-27.183771
-17.523981
-21.981467
-22.911183
-18.428376
-12.009507
-25.852928
-13.492858
-27.634049
-9.687871
-32.649460
-5.058382
-15.995485
-21.164098
-35.684597
-25.474294
-23.266885
-13.127494
-19.661783
-32.451996
-11.974001
-29.882109
-29.653190
-20.658048
-15.741467
-19.235525
-12.052671
-25.220247
-13.656256
-33.014364
-22.705565
-20.028121
-23.522768
-1.645785
-18.195689
-29.742971
-24.274249
-28.447651
-14.034484
-11.607358
-27.962435
-38.566644
-22.740293
-17.932041
-29.280961
-44.502140
-22.437969
-13.313340
-20.400112
-29.437939
-10.889393
-21.552303
-16.993251
-22.452761
-15.071668
-19.419685
-32.676526
-28.612460
-13.709408
-38.128654
-21.502963
-12.150537
-19.518757
-11.573521
-35.974249
-15.578350
-8.428662
-7.117750
-15.622926
-21.453827
-23.900395
-36.813891
-8.963223
-27.537649
-19.870937
-26.286124
-33.132531
-15.440808
-20.020218
-10.232688
-21.438239
-21.863045
-25.841100
-22.749935
-23.684996
-14.430956
-26.590869
-21.930181
-36.195360
-42.121804
-8.894235
-12.464534
-29.614771
-29.703241
-6.770279
-26.584567
-23.049438
-25.528520
-32.048838
-16.140604
-20.110534
-20.905011
-14.090660
-14.768702
-22.314310
-12.077028
-23.440884
-27.378148
-24.953216
-18.801333
-22.278617
-28.848729
-21.224271
-21.646928
-28.440819
-34.830847
-27.834854
-14.492516
-35.740968
-22.272407
-24.321000
-30.025328
-28.879491
-16.447903
-16.318867
-15.802169
-22.258214
-37.092999
-9.261745
-29.964404
-20.227253
-20.967589
-11.687688
-6.604033
-5.567800
-21.376151
-14.012324
-28.505717
-36.706787
-23.255837
-13.209494
-17.918435
-29.968001
-16.328107
-19.532064
-18.708458
-24.836149
-17.387207
-20.449998
-27.394806
-20.182945
-19.767053
-18.421618
-24.230836
-28.903568
-24.334614
-33.853426
-13.238405
-9.208945
-23.185576
-18.123858
-28.293730
-23.952795
-14.243291
-26.606898
-10.318403
-21.027154
-25.539113
-11.698170
-24.974954
-11.808612
-26.009664
-25.123953
-7.409746
-31.570464
-40.084501
-14.607154
-20.333084
-39.734852
-10.908460
-18.018162
-23.977280
-19.549673
-16.105435
-27.079557
-14.793526
-22.995169
-11.708735
-21.548441
-20.213527
-15.022187
-18.251339
-15.918835
-19.644499
-47.231377
-19.702324
-36.052799
-19.147356
-18.741426
-23.832509
-13.174851
-26.144558
-30.895455
-23.478915
-20.990089
-24.247346
-26.877332
-18.272719
-26.684371
-32.710944
-17.454790
-35.578860
-20.617626
-19.868178
-12.607752
-28.539952
-30.967244
-10.885864
-14.894813
-22.908503
-44.454514
-21.821085
-14.521703
-23.498628
-30.047799
-9.618506
-26.934722
-31.927109
-33.500154
-28.883460
-13.377329
-17.126797
-6.907851
-22.971500
-10.611273
-34.112785
-27.729232
-19.860402
-17.616597
-27.388943
-36.473275
-21.602622
-21.050266
-24.222318
-9.857932
-35.044305
-16.408167
-4.759866
-15.638809
-35.324336
-18.128379
-18.654807
-13.843453
-21.231380
-14.732253
-16.656569
-18.368317
-31.707226
-21.413088
-16.497519
-18.425194
