-18.198981
-19.635014
-17.235532
-19.951829
-32.573582
-14.937459
-38.737976
-13.198206
-8.317802
-17.982389
-13.431044
-20.881149
-23.130655
-38.320148
-16.671708
-14.315138
-18.221917
-21.624387
-12.678265
-25.954938
-18.703345
-14.913265
-22.172819
-29.861167
-7.451924
-15.139558
-19.976442
-37.449220
-26.235569
-26.204706
-3.478671
-18.423665
-34.303773
-27.865427
-16.850739
-27.575032
-19.650346
-15.241455
-14.292518
-44.453810
-7.130392
-28.781000
-27.856433
-10.657262
-21.886086
-23.744004
-23.198246
-28.164816
-20.887402
-16.930087
-27.963494
-18.778113
-13.744974
-17.865196
-25.177664
-15.391678
-15.898810
-24.545290
-44.241012
-23.038048
-14.098444
-16.463276
-14.070734
-18.227677
-38.320834
-28.568735
-21.530562
-22.964497
-30.499433
-8.450079
-21.523969
-16.858631
-13.140914
-22.813702
-20.350873
-28.207994
-16.220670
-32.745762
-22.964840
-10.606866
-25.904126
-18.518028
-23.134211
-14.551042
-17.940822
-22.293914
-22.241481
-24.554239
-23.840181
-21.655623
-24.809912
-24.773680
-21.150835
-17.367662
-30.740982
-23.407423
-25.202333
-25.605386
-21.066322
-27.556238
-27.668087
-31.452040
-8.245818
-33.378956
-12.552154
-20.363850
-26.756376
-10.298712
-18.408130
-17.001178
-29.526357
-20.463758
-32.946126
-10.895730
-39.107303
-23.638126
-25.931002
-27.713086
-19.751392
-17.062966
-36.215024
-24.017861
-12.117547
-31.852850
-8.826122
-21.894230
-9.137825
-9.583008
-23.973713
-16.742915
-21.930299
-38.574466
-31.661347
-18.372211
-14.457252
-23.637387
-14.158816
-29.028384
-19.848396
-31.585219
-11.322684
-21.836679
-18.185692
-13.770199
-20.381345
-39.590508
-37.205373
-26.508683
-15.955999
-31.744444
-35.449314
-20.899877
-30.118276
-23.793415
-18.307853
-27.650083
-27.423872
-16.210614
-17.377703
-34.189164
-26.919266
-18.477496
-30.902598
-17.609558
-15.276024
-33.463434
-30.080253
-15.513759
-29.551478
-29.157738
-35.993675
-29.014826
-18.575111
-27.399439
-22.956393
-10.819092
-25.511130
-30.403527
-24.355768
-33.178173
-23.029459
-14.204175
-12.129031
-22.565882
-17.497100
-34.020293
-23.452761
-21.149608
-26.397406
-33.583878
-12.568669
-21.617655
-36.857114
-30.478099
-43.787166
-36.135520
-22.716687
-32.475234
-15.924976
-32.098679
-13.721312
-15.537995
-18.651423
-29.550115
-27.015508
-16.063081
-24.662313
-25.756078
-18.458771
-22.757168
-19.205539
-39.247989
-28.067803
-24.499673
-19.065704
-26.258572
-27.083631
-25.251538
-19.639739
-22.196540
-36.793560
-6.284497
-26.709537
-42.059779
-22.018692
-33.626475
-30.584316
-19.829573
-15.287910
-20.165307
-25.534042
-18.942917
-16.357252
-12.543171
-17.368077
-30.294300
-14.666289
-24.082071
-28.302411
-29.762687
-23.025571
-26.959100
-22.350504
-19.068318
-13.356134
-12.533544
-15.280471
-26.455321
-28.457978
-32.233426
-19.517010
-23.319716
-25.676318
-16.527487
-29.396627
-18.455601
-30.795783
-24.884597
-31.979239
-18.859622
-39.171041
-18.566410
-23.293865
-27.459620
-34.916056
-23.423925
-17.648391
-30.814093
-20.938594
-23.138325
-31.217455
-26.086527
-23.142171
-21.898268
-17.802494
-13.588500
-24.521628
-27.517397
-9.494234
-21.329230
-7.549462
-31.913214
-34.810760
-10.034219
-6.264093
-38.222290
-15.505536
-19.150202
-11.515327
-10.158037
-18.721530
-38.806175
-22.491603
-32.193500
-21.411757
-43.541439
-9.249241
-21.217345
-17.610306
-25.365910
-18.709284
-12.727602
-13.934746
-30.453063
-24.511704
-24.140730
-5.363231
-17.929146
-18.539213
-33.246924
-33.689680
-31.924276
-13.750934
-18.464233
-25.018669
-25.928199
-36.113347
-13.848465
-16.101586
-26.516372
-25.389380
-28.217605
-36.292728
-17.568547
-18.959018
-15.902951
-20.192895
-33.963205
-7.360010
-24.182137
-23.625701
-30.213645
-27.198099
-25.713788
-10.956888
-36.822242
-21.194041
-27.191796
-14.092767
-27.299425
-19.159956
-15.572110
-26.207369
-25.738168
-12.233192
-24.318422
-30.531983
-15.025839
-28.909589
-21.339527
-23.959411
-33.091616
-2.842062
-21.209905
-33.931733
-28.891241
-26.739977
-15.035996
-18.056538
-30.863622
-9.746072
-36.964504
-13.263225
-11.813486
-27.113974
-21.992511
-26.902267
-21.736009
-24.721075
-25.331865
-37.363125
-31.198486
-17.050619
-16.972518
-6.603428
-23.939582
-38.207385
-9.882799
-17.445535
-13.821478
-20.217861
-32.639573
-24.726489
-30.934925
-24.251844
-24.506245
-10.458201
-25.995686
-32.826751
-25.070906
-11.348394
-26.150186
-23.003632
-23.969741
-18.294813
-22.143580
-16.239935
-11.128576
-20.593046
-13.631078
-40.134924
-12.229943
-21.304448
-15.830386
-18.513155
-22.995764
-24.113353
-37.862353
-21.551832
-28.894065
-18.040503
-30.735650
-28.357463
-39.808751
-27.628737
-29.354330
-12.031785
-22.891450
-28.560672
-24.643283
-33.797549
-25.537183
-28.913339
-23.940431
-31.787818
-13.340142
-29.484448
-21.487836
-15.606687
-25.207419
-21.899424
-39.932838
-25.807058
-21.618709
-23.072212
-36.247811
-21.958128
-10.036617
-18.264112
-10.069460
-19.982393
-16.296358
-15.375811
-27.091559
-19.827874
-26.086253
-32.791325
-17.385709
-18.257070
-26.507422
-19.844516
-35.060404
-15.737785
-31.351272
-20.893516
-12.624114
-22.486862
-15.475650
-23.944000
-36.563337
-17.688932
-17.654733
-11.088366
-22.791625
-40.103176
-19.181377
-15.179057
-14.984455
-12.217966
-32.866389
-42.992793
-13.422274
-25.242916
-12.004975
-22.442054
-25.358555
-9.905573
-25.665471
-26.100219
-33.213300
-29.576434
-19.985720
-16.888166
-29.179191
-18.481221
-24.481739
-21.650097
-11.967841
-29.496444
-29.618139
-16.221534
-32.400584
-17.082574
-14.333631
-19.427715
-25.094093
-14.060363
-26.250485
-27.335181
-25.596188
-4.547754
-17.301331
-24.554888
-33.279589
-20.423247
-23.080525
-27.675040
-23.804493
-32.821437
-25.136728
-43.787101
-33.039478
-25.929109
-21.626020
-41.047223
-24.593684
-6.006949
-14.268159
-24.410159
-20.859393
-32.740265
-30.448390
-11.491540
-12.038075
-14.030428
-36.981085
-10.927320
-28.772330
-29.117966
-13.748042
-23.302879
-11.712315
-23.776201
-14.274523
-18.147929
-14.904496
-18.621414
-18.414280
-29.582223
-11.167888
-31.628806
-19.981232
-13.127853
-13.063080
-21.133280
-28.309962
-31.695030
-13.270345
-13.138718
-19.285963
-25.943482
-26.400647
-20.986849
-35.800415
-17.392021
-8.520219
-20.714010
-17.370315
-22.199443
-23.796183
-26.873673
-37.399461
-11.523214
-19.902471
-30.970377
-17.205068
-5.252644
-23.859768
-19.166887
-19.450259
-12.269035
-23.204776
-16.971093
-18.920707
-17.427107
-15.030400
-9.327379
-9.655010
-20.864758
-22.694080
-37.416228
-28.493487
-22.140918
-28.919077
-33.889946
-23.936160
-17.595714
-19.968244
-35.497877
-20.385312
-23.231233
-9.854244
-32.022570
-30.807792
-26.677653
-8.624311
-28.040333
-18.822581
-20.890355
-19.335306
-15.400235
-25.876273
-17.300650
-4.498421
-15.261121
-14.901142
-18.019468
-20.980156
-15.418608
-16.292004
-29.853349
-24.133048
-23.523173
-16.641153
-25.090976
-32.446796
-34.592097
-16.611382
-21.852332
-24.009505
-18.006995
-21.060577
-23.781038
-21.737160
-9.136165
-35.642944
-27.845090
-18.576391
-24.463571
-38.965640
-15.999734
-23.423323
-24.237520
-38.571789
-13.221996
-22.980887
-22.881305
-27.215712
-24.957081
-27.981797
-18.256096
-24.936904
-34.624570
-28.221912
-22.923926
-10.236818
-29.333239
-30.267979
-22.874769
-11.821056
-40.637205
-24.947724
-13.664507
-21.616788
-9.426355
-27.216951
-22.346322
-20.891881
-18.381964
-23.641583
-22.278329
-27.596724
-31.781921
-26.577720
-24.005815
-9.716863
-38.791187
-17.651630
-10.187779
-13.001309
-20.741772
-28.200336
-20.807194
-19.431287
-21.259148
-20.318188
-37.122589
-13.915606
-3.082998
-14.225022
-18.880937
-11.463271
-20.378641
-14.747856
-31.372824
-26.244390
-7.005147
-37.399337
-17.587005
-37.606289
-31.243226
-23.842360
-29.511390
-14.064648
-33.689006
-29.998999
-17.738036
-17.638484
-11.008317
-26.369045
-16.335420
-20.858430
-27.505738
-22.563226
-33.949038
-23.809947
-39.021434
-32.282378
-15.640381
-21.823927
-23.539575
-29.124464
-30.340868
-12.317121
-21.753990
-16.838764
-19.892120
-16.931911
-25.132157
-30.994606
-21.295529
-17.404840
-12.095065
-26.625706
-15.865159
-19.607828
-35.950552
-18.880958
-38.130283
-17.079347
-8.295967
-32.694900
-13.847185
-23.973208
-27.326862
-27.076166
-26.412670
-25.673331
-29.355072
-37.419749
-22.720534
-19.034700
-25.329938
-18.950870
-33.219665
-28.740233
-26.073847
-25.294163
-13.299166
-21.818688
-22.904662
-24.822215
-28.124468
-9.652471
-26.768928
-12.893422
-22.215714
-29.046633
-13.098391
-32.135189
-17.086378
-35.132989
-22.008068
-21.535668
-19.016229
-22.743175
-17.170193
-21.810206
-29.493310
-36.261534
-24.621706
-22.409059
-31.146130
-30.723222
-5.467879
-10.565883
-17.235730
-18.923057
-23.629555
-18.605467
-17.886548
-26.210771
-25.506782
-33.062018
-42.426689
-24.604455
-20.846927
-20.998393
-11.792951
-22.795536
-18.707110
-28.639048
-23.761277
-19.679991
-25.750553
-24.307600
-27.885357
-23.799319
-21.010183
-21.498594
-17.931266
-21.715319
-22.226312
-16.247547
-27.154674
-16.746402
-16.425746
-7.849777
-18.780178
-22.520056
-19.161221
-28.112646
-16.753735
-10.071101
-18.129304
-28.631543
-20.990235
-21.845858
-16.008757
-27.141737
-10.011424
-28.283237
-14.536308
-24.649175
-21.061343
-23.970651
-26.138617
-9.315294
-21.337840
-12.895392
-25.342251
-24.939447
-32.497557
-25.263528
-20.443458
-2.430155
-17.453960
-5.523502
-14.295274
-23.505297
-27.043497
-11.895984
-29.333512
-15.292452
-20.074616
-28.616078
-14.922496
-17.928214
-17.261942
-7.524202
-30.495478
-5.988969
-30.638387
-5.849812
-31.116857
-26.154381
-9.157994
-10.546861
-18.324693
-10.752394
-26.186085
-20.954746
-24.421877
-34.424422
-19.381000
-30.004545
-41.749156
-19.916013
-32.638889
-23.760465
-13.175136
-37.082674
-13.272844
-23.471800
-28.020709
-24.296892
-23.396652
-18.781660
-29.205879
-25.780402
-26.933679
-22.414328
-15.087810
-28.933138
-29.096260
-15.695723
-17.808179
-16.864431
-39.139344
-17.995024
-17.118279
-34.174841
-19.302029
-24.967695
-21.533070
-15.366922
-29.032336
-12.636419
-26.245776
-19.314603
-19.090396
-29.823251
-19.710513
-26.649392
-38.624709
-21.585638
-18.097434
-24.118853
-20.334869
