-2.625627
-0.029105
-0.713218
-0.292452
-0.396797
-1.308414
-1.061195
-2.087705
-0.978574
-2.879017
-4.000985
-1.745665
-2.192976
-3.825486
-7.692647
-2.207909
-0.063371
-3.896317
-4.148395
-2.207363
-2.358255
-0.163160
-2.642975
-4.814567
-0.268554
-0.203110
-6.111338
-1.180729
-2.632074
-1.153253
-2.138987
-0.832531
-1.206672
-0.419038
-2.157053
-2.611136
-1.316838
-0.264058
-0.044675
-1.428103
-2.068177
-1.108252
-0.830545
-0.670329
-0.802620
-0.811117
-4.312316
-0.287950
-0.880628
-3.298112
-4.026067
-7.497855
-0.521617
-0.793211
-3.006450
-0.579163
-3.489442
-3.128014
-0.304703
-1.603313
-2.376195
-0.336879
-1.969986
-4.672835
-0.471190
-1.388648
-5.984392
-1.580094
-2.926278
-5.941216
-0.901618
-0.110778
-1.498865
-2.031401
-0.908043
-0.250901
-1.155439
