-11.328965
-13.760782
-9.072766
-8.959204
-8.559623
-14.139321
-12.077481
-3.450483
-5.156577
-5.103697
-17.611239
-0.098950
-12.842103
-1.428525
-7.303766
-1.261957
-1.670097
-4.137534
-16.448049
-3.623488
-1.694194
-9.999490
-2.536065
-6.328082
-13.622873
-5.803118
-9.845820
-20.654810
-8.264776
-2.272132
-4.559803
-5.101750
-9.563153
-11.547849
-8.543340
-7.485098
-9.405257
-6.967411
-2.977642
-5.256520
-14.328173
-0.326121
-6.510036
-8.377701
-8.578124
-9.202160
-1.791140
-5.282413
-5.150746
-2.148701
-4.606822
-0.378593
-0.818458
-7.113723
-7.137589
-0.490547
-1.390789
-5.414339
-2.529920
-8.064401
-3.044260
-11.893859
-17.206510
-0.411737
-4.672661
-11.465658
-5.316834
-9.208334
-8.494668
-4.660804
-1.722889
-12.402698
-3.159604
-3.889952
-0.499981
-11.644265
-4.454737
-9.013778
-12.471540
-0.503189
-10.807181
-1.983873
-13.309719
-7.712664
-7.459558
-3.173452
-3.551863
-10.687581
-12.033215
-3.591276
-5.380357
-0.069444
-11.645378
-8.921813
-6.517290
-18.186301
-7.593458
-6.503384
-7.136667
-8.602520
-1.204829
-9.019331
-1.906716
-13.470184
-3.025889
-9.665712
-1.023412
-2.823569
-6.902802
-0.724133
-8.652460
-9.543750
-4.576845
-10.912533
-12.920318
-12.221046
-3.200007
-18.989968
-10.482274
-2.118977
-2.722023
-11.825197
-5.775102
-2.497230
-0.074954
-16.494483
-5.850544
-5.464833
-7.829668
-4.171827
-8.015947
-4.831134
-17.863659
-5.453636
-1.373681
-8.492599
-7.522715
-1.969652
-5.756542
-20.303755
-9.108494
-10.582785
-9.928871
-4.057299
-6.292644
-11.717132
-9.241202
-2.030176
-3.571726
-6.437375
-20.329277
-8.153712
-13.208465
-0.187423
-12.653080
-5.792940
-16.008382
-12.598813
-1.194742
-8.661015
-1.691699
-15.997819
-7.646398
-9.741735
-10.486404
-1.289747
-3.347438
-8.984391
-9.629609
-2.938110
-19.056108
-12.317395
-12.430198
-12.625882
-1.161104
-0.017098
-0.084131
-6.032954
-5.269341
-5.066672
-8.527673
-1.879860
-1.194493
-7.594202
-8.723756
-13.993173
-1.189091
-8.431630
-4.109184
-23.732453
-9.847229
-14.169995
-15.022146
-5.639877
-14.042819
-11.276615
-3.756917
-1.261999
-3.476252
-13.052037
-5.038173
-2.192013
-14.408152
-8.235082
-4.228455
-1.636454
-3.804107
-18.997292
-0.565368
-10.858367
-7.432144
-10.046653
-12.792493
-2.901833
-1.365153
-0.798647
-12.760516
-3.273423
-1.883518
-12.762213
-2.008062
-4.174499
-6.079397
-8.596385
-5.683496
-15.649628
-1.358436
-5.081968
-9.412043
-15.924963
-6.271168
-4.156770
-5.001893
-6.263786
-5.972598
-0.054906
-1.790095
-9.177033
-2.786579
-6.493909
-8.151522
-2.145422
-4.483514
-10.810992
-13.504579
-0.569063
-7.447967
-11.561830
-13.028918
-1.214699
-1.484500
-9.692341
-3.420353
-2.743326
-4.104230
-3.187093
-7.844652
-2.389394
