-35.885022
-22.862817
-21.635028
-30.088490
-19.247218
-22.582461
-19.286637
-20.095149
-12.227131
-20.163969
-19.495085
-29.974896
-16.576695
-21.942979
-21.761042
-17.370100
-16.847303
-20.187120
-17.987719
-18.434331
-17.036267
-26.465822
-16.877899
-10.958200
-12.898198
-22.760356
-17.817661
-28.230855
-13.688591
-20.045022
-18.626518
-19.162213
-15.552472
-10.109647
-20.257579
-22.309997
-25.633310
-16.497923
-15.718205
-18.347694
-20.970800
-16.694473
-22.129030
-16.277249
-31.838334
-21.454128
-17.889373
-13.006008
-3.932777
-12.958613
-16.485110
-8.548466
-13.127030
-19.505313
-26.831919
-24.059231
-25.063038
-23.136262
-12.304286
-28.588917
-19.989942
-14.735696
-14.302451
-22.554381
-16.503299
-9.163102
-20.356456
-12.584658
-16.881723
-11.629994
-13.135224
-31.152220
-25.387862
-16.839007
-14.096555
-8.823373
-10.130726
-24.287861
-30.272241
-17.484203
-25.522127
-11.282033
-12.655827
-17.346124
-4.753694
-5.538741
-19.367740
-26.150187
-24.473901
-19.353875
-13.891582
-17.785456
-12.323769
-14.530924
-18.628328
-39.934669
-24.632956
-30.777038
-24.425472
-9.392933
-16.597322
-22.791915
-33.030945
-11.879664
-22.135940
-27.047668
-10.947415
-34.270561
-10.435211
-18.815495
-19.486840
-18.527796
-15.563262
-18.250500
-6.272773
-16.645941
-14.710409
-12.977347
-13.665872
-19.028394
-11.662068
-20.890032
-8.649014
-13.394815
-19.574580
-28.077214
-17.978833
-20.416414
-19.177078
-24.584370
-18.588634
-22.119761
-14.419588
-9.656453
-21.291929
-15.723367
-14.974731
-9.841914
-14.508470
-19.333271
-19.648744
-19.362481
-19.615772
-17.150638
-32.271689
-24.802258
-13.247848
-28.935965
-22.467230
-11.615886
-15.234886
-12.034666
-14.462163
-21.013001
-19.660206
-32.706746
-16.824774
-20.128481
-22.046536
-14.139212
-17.785225
-24.203895
-20.834719
-22.320978
-8.814771
-22.728304
-25.743497
-11.765368
-12.387223
-23.975195
-9.432798
-13.649280
-38.396364
-25.128087
-13.087992
-9.604157
-17.246059
-12.848756
-22.651916
-7.644978
-17.118247
-17.466048
-29.966635
-10.569877
-14.663229
-12.194267
-15.577811
-30.502511
-19.696557
-18.844637
-19.382683
-32.766465
-33.718192
-29.411629
-15.769650
-8.749642
-14.330271
-24.821483
-7.324304
-15.556248
-10.368924
-20.110438
-8.003916
-9.894118
-25.922605
-33.210521
-13.024581
-28.867274
-20.259762
-14.855882
-18.673079
-18.518101
-19.278253
-20.476386
-8.385245
-19.411547
-12.398019
-13.856604
-14.374029
-17.619017
-24.606533
-22.927453
-18.983004
-12.046300
-22.600085
-13.501641
-12.772383
-17.217301
-14.892509
-18.606603
-30.273686
-21.798201
-16.829492
-13.295750
-15.704517
-20.066901
-13.261400
-12.697596
-32.635685
-13.236232
-23.159525
-13.468156
-17.953899
-13.389143
-16.458472
-30.418399
-28.631507
-17.085899
-10.044956
-23.213922
-27.739155
-6.646278
-14.912121
-14.614249
-26.624213
-5.916726
-22.867942
-17.022439
-14.333422
-26.057214
-18.525675
-17.750230
-11.515645
-26.892692
-12.070111
-8.929836
-17.268282
-13.876206
-27.822143
-19.415867
-6.446589
-11.181460
-27.339641
-14.568763
-10.076420
-20.471988
-15.718873
-13.463757
-14.281080
-27.541641
-22.338348
-16.728263
-21.138440
-20.964521
-9.240472
-11.581991
-13.952460
-12.562759
-19.303122
-31.353484
-20.031886
-20.014338
-22.397305
-18.909118
-9.608453
-17.556175
-23.856322
-24.576827
-16.615820
-12.052800
-26.519901
-15.775463
-15.334998
-24.689867
-26.980524
-19.639265
-4.150534
-12.360029
-16.641728
-22.828708
-26.968541
-19.283759
-19.796019
-12.641386
-14.498445
-10.233747
-18.827965
-18.485914
-18.372848
-26.197411
-6.962233
-18.446164
-24.112695
-20.934296
-20.992303
-14.986467
-12.554239
-22.839475
-25.594791
-21.737710
-12.014518
-24.558149
-24.936052
-20.634081
-17.704676
-19.545782
-20.380954
-17.468167
-9.991996
-14.961003
-9.580656
-14.646273
-29.704800
-15.812289
-19.393658
-17.523622
-11.366596
-12.086357
-13.269522
-17.043864
-26.117183
-22.729603
-37.856180
-14.305089
-23.392995
-13.226380
-11.085511
-20.874838
-18.725710
-24.866587
-14.697855
-20.186730
-18.973412
-10.635602
-25.588386
-13.558552
-23.097908
-14.103208
-19.826434
-8.796124
-18.811735
-17.401434
-16.996854
-16.076916
-24.243513
-28.239620
-26.784814
-24.396143
-15.131120
-19.970544
-17.089529
-22.018460
-10.917254
-28.883718
-14.712185
-3.972451
-25.389791
-17.543339
-32.634538
-8.692613
-13.862039
-18.324827
-20.486236
-28.030352
-12.649813
-6.725153
-17.120686
-19.165817
-12.513334
-17.670862
-15.019828
-10.502135
-24.096680
-14.027827
-11.001169
-17.322660
-23.395374
-13.857943
-5.736956
-8.100858
-20.481690
-5.345996
-18.715481
-21.383487
-23.857487
-19.397492
-20.547774
-12.761046
-15.852594
-16.160964
-15.382152
-21.422394
-19.291396
-21.225304
-21.596392
-9.758751
-32.832591
-12.417017
-9.434571
-24.794315
-25.165517
-9.918236
-15.117875
-13.330216
-24.491239
-29.165127
-22.774118
-19.723073
-29.205559
-13.211626
-20.644396
-14.878867
-20.301662
-22.781313
-13.995063
-13.049998
-14.972942
-1.232322
-15.747942
-24.269363
-18.505842
-12.229403
-10.709703
-15.684201
-5.679450
-23.594325
-23.433044
-23.353762
-11.109324
-25.661289
-18.909637
-19.349016
-17.619455
-6.668257
-13.854506
-18.823360
-29.300005
-35.722725
-17.204754
-23.405731
-18.413902
-12.402413
-24.360784
-10.511255
-11.159867
-21.635084
-17.703856
-10.458758
-22.413980
-19.373769
-19.410649
-12.979087
-20.901028
-13.147079
-12.791549
-13.715769
-19.145154
-25.063612
-16.573921
-15.234024
-25.453442
-27.837138
-20.146439
-17.805527
-22.241015
-18.920498
-6.955340
-11.808585
-16.728966
-30.590531
-19.026624
-18.655805
-23.238802
-19.370385
-30.675730
-18.802942
-8.914639
-31.567898
-27.069459
-21.112274
-34.986756
-15.264040
-14.669618
-16.752186
-18.507136
-27.295763
-7.219921
-29.983704
-14.805883
-18.866936
-8.717136
-31.044533
-11.741020
-23.782330
-22.314310
-18.607982
-21.983762
-13.827719
-14.395135
-9.508467
-29.163442
-12.038748
-16.270156
-25.955545
-6.279658
-23.680820
-11.653842
-25.055816
-20.232607
-18.192045
-15.000125
-20.782731
-17.808061
-20.465977
-19.484627
-25.328440
-19.236564
-17.286227
-14.803662
-26.058821
-12.561321
-10.698847
-25.087033
-7.978657
-23.660071
-13.748489
-18.205607
-13.238971
-18.713491
-16.361272
-26.105860
-13.064529
-16.838239
-25.870294
-11.673183
-19.390363
-11.176525
-12.908277
-8.445227
-13.199443
-8.379011
-20.944989
-22.762463
-14.013716
-27.279220
-12.080920
-26.136633
-13.467864
-5.929897
-11.618443
-21.518599
-20.286867
-14.696575
-18.395937
-28.919751
-20.158450
-29.242756
-21.836888
-22.225106
-7.373184
-9.489145
-19.703181
-19.540359
-22.647913
-18.091807
-14.139848
-20.257770
-13.677804
-18.111351
-18.201444
-3.017870
-24.442866
-20.421098
-16.678586
-23.825956
-16.410033
-16.529125
-33.246743
-23.242033
-22.596885
-30.037490
-17.345841
-27.591945
-27.569119
-16.647913
-21.066854
-14.815451
-1.405452
-18.086309
-16.211505
-39.037808
-8.461118
-22.810148
-18.619540
-21.812790
-18.561211
-2.987758
-18.308698
-23.035554
-17.011183
-12.587040
-24.944835
-18.437378
-22.104182
-11.597320
-8.916206
-16.760280
-24.948775
-29.655988
-16.842013
-29.114724
-21.898705
-23.719821
-21.109427
-25.312415
-8.619321
-8.627904
-11.105652
-13.241075
-22.854682
-11.866736
-13.459868
-8.312309
-21.012877
-18.793041
-20.561217
-20.863080
-8.083784
-25.002130
-24.705418
-21.080432
-19.454978
-23.846903
-8.639280
-10.556070
-10.276510
-19.626939
-23.787844
-19.246349
-18.140397
-20.149780
-26.083534
-37.739362
-23.013141
-22.342081
-28.336375
-16.642675
-19.320834
-17.687218
-18.092082
-5.620018
-17.267876
-25.725136
-29.801415
-14.759681
-22.171857
-15.622778
-20.761847
-19.779488
-15.315815
-18.266349
-24.175577
-17.212894
-13.126512
-14.889724
-21.951865
-28.983236
-18.330812
-16.660666
-5.798432
-13.273966
-25.946142
-23.502346
-16.678308
-13.890361
-21.899059
-25.103353
-15.814319
-29.824300
-20.031741
-20.149919
-10.663716
