-2.761857
-5.680358
-14.651778
-0.439850
-6.482931
-24.363935
-3.072193
-5.802831
-1.179149
-17.745234
-3.031707
-7.080835
-3.220677
-1.075106
-6.392564
-8.202310
-6.072520
-13.590260
-4.927099
-1.127987
-9.034263
-3.719554
-13.208179
-2.200111
-2.567287
-2.136040
-2.940124
-16.034971
-8.176427
-10.448338
-11.106989
-2.710360
-4.458191
-12.063722
-16.485563
-5.169318
-1.509534
-13.051946
-4.815506
-4.061881
-4.589615
-0.226999
-0.147427
-1.356860
-9.811612
-17.343133
-4.204192
-2.564936
-12.375938
-12.081121
-9.020757
-17.298080
-1.673181
-9.790961
-0.488043
-8.826240
-14.380812
-1.186532
-8.713969
-1.173533
-19.193183
-15.089228
-16.027440
-13.855445
-2.625315
-10.049368
-10.287743
-9.248392
-5.224782
-9.796575
-2.938853
-7.620490
-0.682564
-7.742200
-13.768976
-1.161301
-8.467182
-6.736511
-14.751459
-12.119486
-6.967184
-14.685671
-15.915747
-8.150194
-17.840607
-5.524065
-2.232091
-8.371937
-9.574139
-4.537945
-19.301932
-14.568285
-8.715074
-8.142329
-13.900552
-6.496718
-6.944634
-3.410308
-15.051740
-2.814691
-0.256650
-10.931182
-6.412637
-10.801376
-3.485431
-0.728453
-8.048509
-11.029016
-7.998264
-3.053018
-0.173523
-7.112307
-0.165237
-14.192817
-6.279950
-14.217522
-7.683425
-16.282960
-1.801856
-8.831657
-8.706681
-3.964370
-0.647370
-17.570411
-8.930624
-3.898452
-10.987433
-13.333881
-2.929057
-2.637981
-1.453658
-3.251531
-5.913300
-8.837365
-7.185252
-11.872463
-7.093711
-8.008722
-10.082654
-8.371878
-0.445341
-3.001109
-6.370621
-18.413828
-1.323224
-8.416162
-4.393984
-2.498658
-11.387719
-14.560079
-27.587337
-7.510666
-7.475371
-16.970593
-3.434885
-3.624139
-2.477256
-4.633094
-2.793748
-10.196643
-3.467478
-9.608356
-8.743565
-9.848714
-2.844482
-1.044341
-3.677089
-19.691632
-2.365455
-7.654772
-10.706776
-10.308889
-4.069692
-2.814350
-1.106022
-4.877589
-17.506654
-6.986542
-10.417636
-6.068139
-2.535840
-9.781930
-1.669501
-14.545658
-5.656165
-6.974564
-8.104534
-5.977528
-1.008613
-3.707312
-8.226603
-1.986997
-10.357422
-8.213195
-11.927111
-10.777751
-10.196787
-6.664458
-3.618112
-13.863803
-10.771559
-8.793197
-4.518048
-10.083422
-8.928918
-8.573692
-2.470426
-9.994867
-8.924055
-9.923367
-10.273125
-12.605870
-6.207262
-3.867884
-1.209871
-5.308741
-13.702899
-2.085521
-8.903178
-10.120286
-19.488582
-17.747063
-4.033975
-14.646096
-1.572995
-11.274013
-8.958184
-12.881511
-7.079678
-16.622723
-3.589325
-11.644705
-0.795425
-5.566604
-8.720872
-9.239597
-12.137520
-1.069737
-14.498508
-5.455724
-21.183216
-3.049027
-3.505506
-11.404280
-17.174791
-7.558696
-2.086858
-0.546469
-14.199967
-6.048626
-6.863793
-0.720852
-0.589063
-1.726536
-14.344799
-13.469336
-4.324567
-1.172354
-12.067700
-2.058719
-17.190289
-9.506741
-4.421815
-1.414318
-1.528985
-1.950954
-2.530756
-11.569869
-4.141034
-9.800562
-22.256328
-12.414525
-6.737602
-18.653389
-2.430553
-2.924799
-8.263683
-2.811143
-14.400467
-11.757186
-18.011719
-18.622047
-4.088033
-5.802549
-8.812070
-8.004551
-11.257183
-6.659683
-2.144812
-13.573503
-0.973215
-13.832047
-4.777331
-20.216820
-4.233851
-1.349630
-11.398999
-17.412454
-12.812512
-7.529174
-7.351216
-10.376186
-4.190115
-0.223821
-9.549197
-8.050881
-8.391867
-4.764026
-1.463846
-6.827408
-11.845664
-1.262648
-6.076908
-4.802191
-13.281436
-11.044258
-6.634987
-2.496375
-7.943878
-0.840592
-10.264600
-0.267099
-11.403794
-19.164351
-8.121619
-5.597572
-3.464425
-9.018558
-3.229333
-7.910435
-4.984680
-7.381658
-3.244232
-10.113510
-1.467274
-11.511210
-7.006809
-13.465570
-25.359845
-1.118060
-0.334808
-11.143000
-15.550060
-7.682287
-10.462021
-10.605386
-3.398361
-1.967228
-15.892622
-9.275985
-9.514540
-5.924760
-13.247181
-0.344258
-7.546160
-0.246644
-10.000842
-6.034623
-0.633992
-8.468405
-0.108861
-0.427337
-0.315142
-9.560306
-1.652300
-5.395165
-12.818600
-3.862880
-4.988571
-2.766093
-16.056574
-1.223973
-8.298902
-9.596791
-9.379120
-8.959548
-7.441965
-10.120412
-12.070315
-4.002687
-17.901417
-3.558974
-4.264068
-1.878713
-3.169376
-3.427246
-6.842548
-1.803510
-2.492580
-0.313684
-10.741825
-0.330312
-7.427539
-10.375378
-14.304408
-5.498039
-5.295435
-3.014921
-13.671811
-10.229127
-8.809222
-7.677319
-3.650275
-4.343375
-2.298447
-9.454052
-8.916670
-21.218169
-9.422347
-0.438926
-5.444571
-0.113712
-5.153830
-15.817108
-9.552502
-13.019032
-7.387815
-8.400779
-0.085607
-12.109593
-15.001281
-3.300541
-1.447522
-3.489925
-8.902548
-7.031538
-8.035003
-7.523916
-13.031428
-1.510630
-8.953887
-0.115225
-9.874036
-9.552978
-4.214579
-0.922760
-4.143129
-12.446414
-6.086832
-8.810533
-3.796156
-7.291936
-6.019016
-2.203857
-9.074009
-16.246323
-5.995343
-16.314475
-6.997169
-2.602692
-5.233886
-8.647118
-4.081605
-18.086412
-14.847572
-3.728922
-3.139822
-6.049978
-3.469167
-9.690639
-0.054618
-15.886410
-14.436209
-6.125191
-1.091064
-4.456757
-6.940231
-11.401189
-11.718687
-12.421144
-3.072104
-11.924291
-16.882477
-5.287539
-0.039477
-3.035964
-5.248500
-20.212479
-1.674433
-1.151958
-14.287391
-0.505203
-11.342927
-10.193088
-12.626479
-6.423259
-5.009902
-0.621057
-15.789413
-22.109585
-14.802157
-10.995842
-4.538328
-8.750108
-13.962161
-1.999931
-13.521882
-5.528386
-9.675700
-0.572933
-2.634217
-5.229358
-6.457785
-4.338163
-2.288807
-7.450515
-19.978849
-11.071763
-4.410019
