-0.000206
-0.007595
-0.030294
-0.034066
-0.104993
-0.004756
-0.002319
-0.001531
-0.000493
-0.008895
-0.164822
-0.000046
-0.015348
-0.029598
-0.024624
-0.000150
-0.039733
-0.007822
-0.001868
-0.002095
-0.002792
-0.014626
-0.002194
-0.003265
-0.031705
-0.004492
-0.000355
-0.002632
-0.017780
-0.018138
-0.003172
-0.000525
-0.022561
-0.000382
-0.018301
-0.003963
-0.003237
-0.013548
-0.021279
-0.010127
-0.021370
-0.002366
-0.002633
-0.011531
-0.043666
-0.001287
-0.001181
-0.023719
-0.002956
-0.001862
-0.001977
-0.005859
-0.000889
-0.004756
-0.000134
-0.010370
-0.022122
-0.023948
-0.000011
-0.000273
-0.015509
-0.000599
-0.062846
-0.084695
-0.003504
-0.002792
-0.105869
-0.003305
-0.000123
-0.039275
-0.000046
-0.004998
-0.000759
-0.001871
-0.001602
-0.000172
-0.000278
-0.011062
-0.002234
-0.000178
-0.008007
-0.043207
-0.020844
-0.000948
-0.000762
-0.049317
-0.000162
-0.012273
-0.005558
-0.023003
-0.001828
-0.001612
-0.005785
-0.003457
-0.013476
-0.008711
-0.002649
-0.006371
-0.000022
-0.001984
-0.001478
-0.000589
-0.007706
-0.001024
-0.000935
-0.012239
-0.000873
-0.009141
-0.003651
-0.003833
-0.002912
-0.006270
-0.003593
-0.000438
-0.078503
-0.027766
-0.000095
-0.007041
-0.000308
-0.001498
-0.010733
-0.041616
-0.018039
-0.000039
-0.000416
-0.002900
-0.000076
-0.058118
-0.008152
-0.036096
-0.001727
-0.001012
-0.010597
-0.006863
-0.004079
-0.004051
-0.001747
-0.007107
-0.004059
-0.022150
-0.012331
-0.001184
-0.002209
-0.001871
-0.054053
-0.000025
-0.010937
-0.035897
-0.026931
-0.003250
-0.000234
-0.006850
-0.003658
-0.060317
-0.003469
-0.038363
-0.001785
-0.000048
-0.001825
-0.005074
-0.016287
-0.001274
-0.000539
-0.144474
-0.000007
-0.003715
-0.000018
-0.092075
-0.002307
-0.000270
-0.003520
-0.004799
-0.017713
-0.215748
-0.059074
-0.020070
-0.000028
-0.018990
-0.024053
-0.025697
-0.183612
-0.006375
-0.355395
-0.026782
-0.000613
-0.002983
-0.002988
-0.002873
-0.000050
-0.000932
