-1.314178
-1.787908
-0.576713
-1.253504
-0.639760
-3.330392
-1.650887
-0.041010
-0.610322
-0.294944
-0.030129
-0.334895
-0.104862
-1.207544
-0.372349
-0.081252
-1.403029
-0.760690
-2.061790
-0.405600
-0.513492
-0.518234
-2.454885
-1.678713
-0.385048
-0.796709
-0.328968
-0.047063
-0.564401
-0.271407
-0.119835
-2.108446
-0.277089
-0.181819
-0.497923
-1.193896
-0.756243
-0.638540
-0.202238
-0.246009
-0.418968
-1.553922
-1.771558
-2.501575
-0.525500
-1.941415
-0.509830
-1.078925
-0.615326
-0.835034
-0.677982
-3.691009
-1.599134
-0.120218
-0.351321
-0.332215
-3.280972
-0.796857
-1.655300
-0.222075
-0.366010
-0.966184
-1.197200
-0.568630
-0.757110
-0.149128
-0.510768
-1.355024
-1.752703
-0.098546
-0.114403
-0.254687
-0.048531
-1.501650
-2.486944
-1.337172
-1.112032
-3.762296
-1.609957
-0.015729
-1.130597
-1.045556
-0.656824
-0.279614
-2.039212
-0.146472
-2.255563
-0.033548
-0.131767
-0.237375
-2.675292
-1.478715
-0.784618
-2.522592
-0.670971
-1.413759
-0.483206
-0.458776
-0.344435
-0.647789
-1.636703
-0.936160
-0.926128
-0.282294
-0.337779
-0.787147
-0.084684
-1.534367
-0.043501
-0.904730
-0.881086
-2.455433
-0.010830
-0.127487
-0.049790
-0.263380
-0.916772
-0.688558
-1.703337
-0.233628
-0.745088
-0.191801
-0.842409
-0.021654
-0.693960
-0.483919
-0.144031
-0.842561
-0.258158
-0.891007
-0.043851
-0.703118
-1.468406
-0.040415
-1.249462
-0.676238
-0.421403
-2.185616
-0.264784
-0.597759
-2.530266
-1.158844
-1.241241
-0.306221
-1.876535
-0.174782
-0.247205
-0.467763
-0.434080
-2.890751
-0.001706
-0.174004
-0.555216
-0.562719
-0.010500
-0.307879
-0.673612
-1.026062
-0.945639
-0.309731
-0.617760
-0.645297
-0.058517
-0.344108
-0.632931
-1.329649
-0.344898
-1.423516
-0.057013
-1.055687
-1.147572
-1.628989
-2.270029
-1.172208
-0.086789
-0.058890
-0.850245
-2.795175
-0.180062
-1.780411
-3.297486
-2.467211
-0.930066
-0.737520
-1.126267
-0.303221
-0.477041
-1.012612
-0.019676
-0.112236
-1.714310
-0.124493
-0.190827
-0.753277
-0.571644
-0.664917
-5.898360
-1.792323
-2.097109
-0.452699
-0.802757
-0.070574
-0.922265
-1.150264
-0.513684
-0.437173
-0.941495
-2.309922
-0.046883
-0.412931
-0.806715
-0.083296
-2.966162
-0.250902
-0.921915
-0.037416
-0.326236
-0.446841
-0.020390
-1.247227
-0.004301
-1.263172
-0.216177
-0.077912
-2.434320
-0.352053
-1.811105
-2.408068
-4.037849
-0.072368
-0.409364
-0.815409
-3.273054
-0.911910
-0.173314
-3.647061
-2.784600
-0.181139
-1.188405
-1.006736
-1.717626
-0.397717
-0.566454
-0.804193
-0.164397
-2.328382
-0.129168
-1.151084
-1.725471
-1.962068
-1.498131
-1.319499
-1.285223
-0.357443
-0.133217
-0.273348
-0.111834
-0.017591
-0.233539
-0.525255
-0.242966
-0.659984
-2.418135
-0.135863
-0.550312
-0.831729
-0.240881
-0.572754
-0.019041
-2.083518
-0.408092
-3.975026
-0.550385
-0.046301
-0.210642
-1.203403
-2.531578
-0.199808
-0.466047
-0.063851
-3.809322
-0.189018
-1.638812
-0.322848
-0.080854
-1.341067
-1.582683
-1.307659
-2.455719
-0.016576
-0.318461
-1.186804
-0.984514
-0.270006
-0.443956
-0.248570
-0.304178
-1.493884
-0.887841
-1.216424
-1.396663
-1.803638
-0.169745
-4.330498
-3.687012
-0.686475
-0.850379
-0.793393
-0.327849
-2.877612
-0.382859
-0.352887
-0.722111
-0.217937
-1.440201
-1.602121
-0.751981
-2.599765
-0.654653
-0.376652
-2.912602
-0.492590
-2.658426
-1.008686
-1.096832
-0.048149
-1.264342
-0.031674
-0.879725
-0.317002
-1.305404
-1.007403
-0.998223
-2.278223
-0.144796
-0.069112
-0.920514
-1.147536
-2.649009
-0.250555
-0.439629
-1.281102
-1.524557
-2.344882
-0.195982
-0.383847
-0.022736
-0.094120
-0.284221
-0.036695
-3.073935
-0.085102
-0.783034
-0.949389
-0.947282
-0.830140
-0.185535
-1.025542
-1.312255
-0.956278
-1.105033
-1.965105
-0.438041
-0.157094
-2.255005
-0.966641
-0.310344
-1.682624
-0.652751
-0.034319
-0.534935
-0.321713
-0.559465
-0.084737
-0.191414
-1.527004
-1.009272
-2.095713
-0.057718
-1.374395
-1.654071
-0.248889
-0.087317
-0.120827
-0.217946
-0.141597
-0.469049
-0.366372
-0.736952
-0.292535
-0.279212
-1.157035
-0.670152
-1.566686
-0.103846
-1.876237
-0.538310
-0.533935
-0.809933
-0.160701
-0.021628
-1.049969
-2.491257
-0.175778
-1.356647
-0.234705
-0.193806
-1.640202
-1.541121
-0.579594
-1.379580
-0.544893
-1.011936
-0.157593
-0.620960
-0.118578
-1.210603
-1.293924
-0.379751
-0.370581
-0.110763
-0.178547
-0.064956
-1.928787
-0.900818
-0.457798
-0.508065
-0.611065
-0.258207
-0.707153
-0.154984
-0.238019
-0.459992
-0.075674
-0.944869
-0.000595
-1.226995
-3.167654
-0.885982
-0.461710
-0.035721
-0.066385
-0.013276
-0.138583
-0.014995
-2.380415
-0.285714
-1.474444
-0.162682
-0.245614
-0.520181
-0.761060
-0.135333
-0.922277
-1.142727
-0.471582
-0.069358
-0.444068
-0.286403
-0.103715
-0.447847
-1.099082
-0.294613
-0.942249
-3.129412
-1.641788
-0.022041
-2.533268
-0.630359
-0.511209
-1.933167
-1.404213
-3.141231
-1.279204
-1.926064
-3.433717
-2.801639
-0.363597
-0.640679
-0.006569
-1.564000
-0.078566
-1.239739
-3.744697
-1.739331
-0.285080
-0.815039
-0.065561
-0.512937
-0.141434
-0.020461
-0.535362
-0.318660
-0.509947
-0.019898
-0.823701
-2.321166
-0.485222
-2.834433
-0.929839
-0.133632
-0.471374
-0.766302
-1.578829
-0.377226
-0.019492
-0.111650
-0.666427
-4.078626
-0.010977
-1.196759
-0.034203
-0.051872
-1.113823
-2.222261
-3.065923
-0.173637
-2.475591
-0.648979
-0.462174
-1.428571
-1.565103
-0.067923
-0.026302
-0.495471
-1.819194
-0.278625
-0.824293
-1.417917
-1.237661
-0.488460
-0.001808
-0.882458
-0.179971
-0.658689
-0.492664
-0.067917
-0.040194
-0.709972
-1.420272
-0.253812
-0.294434
-0.685827
-3.761338
-0.623162
-1.269136
-1.847583
-0.204512
-0.471901
-0.382882
-0.288668
-0.107042
-0.432068
-1.331825
-1.700760
-1.539186
-0.837496
-0.099209
-0.656633
-2.951216
-1.196069
-0.603922
-0.950545
-0.251218
-1.189862
-3.542503
-0.673554
-0.001042
-0.462194
-0.353194
-0.479081
-1.407784
-0.727222
-1.672211
-0.175309
-1.210341
-0.559647
-0.591248
-0.101286
-0.040649
-0.817650
-2.203677
-1.729209
-1.242112
-1.074334
-0.049063
-0.148243
-2.596789
-0.089014
-0.919651
-0.056370
-1.131338
-4.389021
-2.319796
-0.740502
-0.366939
-0.370441
-1.038989
-1.821182
-0.245381
-0.007003
-0.049067
-0.622112
-1.351436
-0.565135
-0.679819
-0.184810
-0.197527
-0.056128
-1.114931
-0.096888
-1.399183
-0.065685
-0.711866
-0.424008
