-0.127630
-0.158070
-0.054142
-1.611791
-0.276678
-0.001937
-0.045159
-0.039276
-0.140702
-0.080242
-0.004999
-0.014850
-0.000662
-0.001249
-1.621547
-0.272647
-0.055146
-0.583348
-0.198673
-0.032483
-0.195697
-0.330571
-0.331214
-0.000750
-0.067324
-0.082719
-0.229299
-0.098619
-0.927594
-1.283902
-0.173352
-0.062462
-0.147576
-0.458340
-0.155949
-0.215423
-0.036562
-0.014343
-0.220500
-0.371959
-0.038181
-0.382623
-0.000625
-0.017474
-0.003976
-0.000381
-0.145931
-0.580971
-0.158204
-0.719383
-0.012247
-0.293557
-0.001580
-0.004508
-0.277365
-0.551844
-0.572436
-0.299660
-1.490484
-0.110019
-0.019250
-0.009522
-0.164389
-0.123240
-0.383197
-0.484705
-0.549516
-1.007599
-0.107202
-0.034322
-0.030190
-0.040682
-0.892220
-0.300313
-0.001802
-0.003554
-0.182760
-0.732527
-0.033350
-0.008773
-0.016849
-0.021876
-0.259204
-0.344740
-0.006996
-0.193567
-0.027237
-0.081452
-0.000560
-0.011034
-0.405330
-0.153302
-0.001764
-0.002459
-0.032713
-0.029141
-0.095274
-0.126707
-0.400332
-0.057714
-0.054009
-0.039892
-0.006635
-0.341422
-0.057115
-0.666678
-0.054403
-0.071300
-0.059452
-0.887305
-0.083699
-0.050765
-0.000402
-0.037903
-0.251868
-0.045238
-0.020524
-0.000055
-0.025181
-1.519334
-0.043581
-0.001312
-0.029340
-0.004181
-0.745827
-0.024820
-0.021364
-0.321577
-0.088009
-0.591055
-0.007327
-0.227946
-0.151915
-0.136554
-0.309054
-0.049496
-0.004491
-0.061500
-0.150391
-0.090944
-0.032010
-0.330851
-0.255675
-0.049103
-0.823276
-0.051243
-0.310254
-0.761382
-0.027534
-1.309591
-0.002499
-0.044593
-0.667994
-0.000044
-0.662115
-0.000618
-0.155680
-0.011060
-0.214663
-0.006438
-0.085252
-0.087950
-0.325276
-0.328301
-0.014005
-0.002971
-0.000006
-0.008268
-0.001054
-0.000286
-0.162038
-0.066337
-0.552751
-0.497912
-0.064236
-0.133495
-0.878843
-0.006836
-0.162664
-0.005291
-0.007522
-0.469575
-0.014548
-0.057693
-1.041319
-0.325384
-0.002404
-0.047850
-0.971603
-0.298382
-1.149396
-0.063471
-0.097577
-0.475502
-0.035692
-0.057475
-1.012429
-0.022000
-0.005646
-0.664092
-0.027510
-0.163931
-0.030819
-0.002023
-0.202420
-0.093457
-0.063991
-0.000072
-0.122838
-0.292363
-0.864424
-0.192353
-0.032353
-0.328304
-0.113961
-0.159054
-0.599506
-0.477133
-0.014755
-0.146087
-3.249778
-0.169043
-0.001273
-0.027774
-0.296937
-0.026315
