-297.310226
-285.155465
-294.030670
-308.552610
-285.711472
-323.140828
-238.386567
-263.489130
-324.965758
-338.550003
-253.771901
-329.701829
-299.536126
-293.298537
-280.471488
-263.058198
-323.116048
-265.876704
-307.333417
-286.362558
-309.861113
-305.091752
-285.765622
-295.384107
-295.957707
-301.331613
-294.534347
-293.825764
-261.341754
-299.279225
-303.713427
-274.615313
-276.834574
-300.121515
-311.774020
-322.555587
-269.170251
-305.668940
-279.901751
-283.521669
-312.239083
-244.475082
-293.272351
-298.743752
-291.577114
-263.274231
-292.366439
-318.234366
-294.999530
-282.384694
-263.269085
-315.801778
-278.433448
-255.999125
-324.553848
-290.405316
-262.047087
-301.944209
-301.585749
-289.573569
-288.180401
-321.665828
-289.048886
-284.848914
-293.340108
-322.645648
-297.673137
-282.599178
-305.887914
-261.701807
-282.565944
-290.664986
-287.249935
-311.714121
-306.590482
-270.174423
-276.565750
-265.847483
-302.606466
-277.851472
-256.582278
-283.042859
-279.937120
-299.595511
-320.336763
-312.549113
-247.528658
-264.920168
-291.629610
-276.220922
-302.355036
-304.335611
-287.051031
-292.093200
-321.209322
-290.818734
-305.891565
-269.897710
-288.225031
-268.386865
-297.429710
-273.230830
-279.805441
-264.235368
-319.695041
-343.497380
-284.051527
-302.996460
-300.510626
-260.368923
-315.495689
-280.652025
-325.491258
-319.282654
-281.026557
-303.682738
-275.465639
-298.092338
-317.693656
-306.769666
-280.548053
-307.220649
-316.798157
-308.284877
-318.849810
-279.402016
-294.102117
-286.980465
-245.611755
-305.412680
-297.413980
-279.030062
-292.582179
-313.241848
-264.450373
-313.233556
-280.130733
-326.240469
-324.220180
-328.820518
-298.058647
-286.457669
-282.262376
-293.533216
-307.958092
-288.019487
-268.239757
-313.813767
-272.152918
-251.460691
-288.226013
-252.654641
-289.969803
-277.213083
-256.700049
-280.821223
-309.505703
-289.678335
-305.988985
-284.244992
-291.270541
-289.255890
-321.692071
-286.794418
-300.334426
-286.122280
-275.919219
-294.908248
-302.604261
-276.811440
-297.225252
-237.705469
-268.284094
-324.018330
-308.575427
-297.301214
-315.442332
-309.597943
-297.383925
-298.563256
-290.445396
-290.732473
-280.528534
-269.929813
-300.930905
-312.448821
-301.454995
-304.417844
-273.068767
-294.681117
-273.644607
-290.326943
-349.013570
-286.924509
-296.029438
-286.702002
-287.680055
-325.662957
-291.576254
-311.244689
-276.656551
-313.285570
-291.979550
-269.732436
-251.685936
-313.809253
-244.809067
-274.025122
-315.899123
-284.367849
-293.040981
-242.109189
-294.760867
-265.282543
-301.185010
-269.438516
-281.606578
-289.168563
-251.307202
-272.581493
-266.185282
-330.731017
-332.836955
-274.602566
-291.738505
-271.563982
-270.266085
-305.375139
-264.539897
-316.619092
-297.113708
-317.212590
-284.072428
-283.255763
-262.910239
-294.891412
-276.688081
-271.764214
-296.526055
-286.513161
-316.732523
-303.429391
-332.147146
-288.201551
-280.166633
-334.733016
-261.319205
-301.250220
-296.356556
-262.045736
-284.665439
-296.378432
-284.592930
-271.960659
-297.885181
-288.058206
-297.220083
-242.359976
-315.186812
-275.726871
-273.432133
-354.647735
-310.767781
-309.976174
-297.439601
-312.894785
-274.124357
-282.648963
-311.455832
-271.769053
-268.402907
-350.244224
-279.737909
-317.092582
-320.364480
-260.426930
-268.489796
-268.065906
-301.550934
-328.480416
-275.117212
-262.562462
-306.707759
-321.596340
-312.665361
-284.625826
-261.918553
-275.388908
-247.422330
-293.031365
-274.221669
-300.677088
-312.459546
-323.645304
-273.524896
-281.459259
-310.660433
-273.486192
-296.858963
-340.987202
-347.332575
-281.284247
-308.018638
-271.777949
-292.324736
-292.359759
-271.372592
-276.826364
-301.966884
-286.261506
-309.602004
-330.864314
-319.495223
-272.506226
-261.539177
-300.142123
-293.448494
-261.240622
-277.173927
-275.570297
-288.211333
-273.133309
-282.568559
-285.824000
-283.714089
-289.207192
-323.605402
-312.780400
-249.828340
-283.510564
-283.106809
-291.262343
-292.698774
-278.763916
-303.394765
-286.655111
-280.985680
-319.745320
-281.861229
-296.275742
-294.485951
-280.534000
-281.354864
-317.266973
-299.096541
-302.269516
-237.207654
-259.722107
-296.709215
-299.082963
-285.133509
-306.812699
-282.805027
-314.779580
-293.287417
-293.134197
-276.739833
-310.716832
-277.618557
-297.502116
-255.365581
-297.680515
-284.892379
-274.394226
-286.658360
-275.787429
-260.449163
-286.598670
-284.714586
-338.284627
-324.045337
-311.532968
-290.899352
-324.125859
-293.629405
-317.300310
-327.870661
-307.787700
-329.966443
-275.118918
-297.789256
-272.009981
-250.599938
-265.422462
-293.038413
-322.578450
-259.774445
-264.971279
-291.658496
-276.003829
-288.216976
-305.618367
-256.557228
-331.844419
-297.749876
-329.431714
-264.432142
-288.956993
-302.839533
-301.420093
-293.347342
-255.728885
-301.961148
-255.879000
-262.932037
-285.197293
-282.604750
-290.476306
-285.108449
-268.778346
-289.044853
-269.396383
-302.147195
-278.633571
-279.420225
-280.793626
-298.277330
-329.698371
-310.377881
-283.716677
-278.182290
-304.206875
-293.256431
-300.464578
-309.724104
-282.244999
-263.473679
-359.513700
-278.156258
-285.030864
-281.765063
-310.320847
-272.416640
-289.731115
-292.504720
-270.317538
-341.853191
-304.398444
-273.118646
-278.194407
-300.197646
-325.520796
-292.227869
-292.271873
-309.505498
-292.020764
-267.577141
-275.014907
-269.187954
-286.140928
-325.200071
-309.810774
-286.936233
-358.838034
-304.064855
-316.531361
-279.105690
-277.961988
-314.753165
-293.998035
-294.019663
-291.285946
-289.987078
-296.711562
-314.996449
-262.419056
-291.195118
-296.402126
-280.065834
-313.179433
-254.560500
-292.041941
-270.859230
-293.026122
-325.036457
-286.599245
-304.484843
-302.081880
-290.365247
-297.535269
-271.143583
-282.689772
-309.187640
-318.460858
-286.541186
-304.140132
-299.897762
-311.391008
-297.613350
-297.613167
-332.651530
-287.683511
-298.453852
-283.202831
-302.249605
-295.883643
-284.421601
-288.154742
-262.744139
-293.138891
-290.698285
-277.320344
-310.502958
-318.496273
-252.323541
-230.590541
-279.506387
-277.836727
-327.790272
-281.348229
-219.702807
-305.449208
-281.928157
-307.497710
-276.473166
-278.066951
-241.764182
-307.691668
-252.856155
-273.636810
-325.602056
-287.416167
-310.358527
-318.526154
-290.136269
-268.856673
-311.991164
-291.850453
-293.278301
-286.539805
-281.713599
-257.686302
-292.651819
-286.860182
-292.810870
-288.438684
-284.034025
-268.362967
-315.785281
-284.589641
-301.685096
-269.420426
-310.078256
-235.855570
-266.140823
-324.021137
-304.589002
-254.215179
-290.631994
-293.524068
-271.626953
-312.444793
-303.287250
-342.701925
-286.294021
-262.003715
-252.337277
-301.059658
-297.675728
-270.335814
-301.767735
-305.395433
-336.351470
-296.243222
-273.230502
-269.682998
-280.002046
-310.477837
-313.357978
-295.077274
-277.907745
-347.563932
-305.719441
-324.376914
-292.641395
-246.150787
-299.366910
-274.426552
-310.389892
-287.526269
-274.782782
-276.729322
-291.007551
-302.086197
-286.675428
-297.854621
-286.007547
-285.790507
-262.300608
-304.122772
-323.966687
-327.007344
-280.406152
-304.573603
-324.611146
-306.314352
-273.952321
-303.775358
-274.523416
-259.892534
-305.033226
-288.539765
-325.134166
-299.937772
-285.485563
-281.302460
-264.620918
-252.819988
-326.260388
-295.549427
-310.539865
-260.581058
-279.104194
-272.285774
-286.278955
-305.425357
-311.492857
-310.658820
-291.413294
-290.837767
-322.867521
-287.805476
-305.005230
-259.100419
-269.573700
-275.293783
-277.061305
-291.744226
-278.711791
-275.415050
-261.108592
-305.289503
-289.840131
-278.890990
-314.004234
-333.421897
-313.594160
-281.168738
-279.426546
-297.664251
-307.919527
-321.717224
-296.898362
-308.090020
-295.920574
-277.221961
-295.454108
-267.441103
-299.085905
-298.191032
-303.534742
-290.315189
-274.969750
-326.813898
-307.022717
-285.912912
-289.388342
-268.195521
-322.044349
-295.089887
-267.804251
-279.889049
-284.321764
-275.989714
-292.083905
-242.128791
-299.887767
-277.343722
-256.110397
-257.756123
-279.730533
-321.637446
-259.572493
-293.110101
-321.550701
-313.570003
-268.780398
-301.091761
-272.263279
-285.873585
-291.483461
-294.674505
-270.191859
-290.116724
-296.248873
-291.734729
-294.121048
-300.853798
-321.379899
-301.371078
-315.027858
-274.580774
-271.824675
-289.760053
-255.023238
-341.187128
-340.182839
-305.315512
-301.527663
-301.286234
-275.011255
-316.857678
-281.338754
-256.762615
-295.535059
-280.603435
-310.387055
-276.667766
-289.740626
-296.814346
-295.707079
-283.317201
-317.942243
-284.972255
-295.647993
-276.370782
-294.403550
-255.466489
-275.269239
-276.178994
-318.347044
-284.945205
-287.945512
-260.033035
-276.302084
-317.642915
-297.476955
-343.321924
-287.500196
-282.288799
-294.503912
-302.767152
-248.455536
-330.592647
-316.270962
-292.306220
-283.122850
-296.357287
-292.225423
-281.714870
-290.684488
-305.749308
-321.338863
-262.937822
-286.850122
-290.073548
-282.899192
-270.951190
-301.920383
-277.263756
-306.568913
-302.995728
-304.003409
-298.651771
-291.642620
-329.056601
-301.813362
-315.682822
-303.518464
-276.601304
-287.797713
-278.682443
-299.853570
-317.687271
-287.659950
-301.737579
-312.708594
-274.744764
-283.994400
-295.298873
-330.535321
-237.442390
-282.607864
-291.909132
-267.307460
-310.411214
-261.005455
-286.845220
-257.954276
-287.472085
-279.560023
-284.319876
-303.162675
-338.757738
-315.088455
-307.444071
-274.046800
-303.236183
-287.409948
-305.206636
-289.205745
-252.676844
-277.210845
-286.602874
-275.690943
-273.493410
-277.390504
-297.714377
-286.522273
-321.879794
-273.819589
-272.958457
-266.897669
-271.427948
-285.460537
-328.687229
-312.653956
-294.285812
-282.626761
-310.862488
-289.132595
-308.580733
-291.612394
-308.371513
-290.123330
-325.733596
-328.534873
-309.138912
-303.369969
-271.118474
-271.031433
-279.585764
-271.035707
-278.019295
-272.212281
-293.850316
-323.778916
-297.386111
-281.526531
-301.212808
-306.598566
-254.642356
-278.314242
-299.576539
-332.754233
-280.956216
-314.118612
-305.636681
-282.317945
-247.660707
-308.406067
-299.089392
-270.482625
-348.803971
-250.039194
-303.562837
-261.621384
-277.165084
-316.050892
-321.690282
-287.315437
-278.883625
-331.391126
-256.419720
-275.087330
-254.599325
-280.507510
-280.971349
