-88.617246
-71.325106
-83.416370
-76.882791
-69.094006
-96.604133
-73.998423
-77.765995
-100.672911
-70.018728
-77.131237
-48.171329
-62.086104
-86.883910
-85.316359
-61.282388
-83.106694
-88.146544
-68.001852
-78.979090
-69.416338
-49.896853
-67.464960
-86.347770
-60.445746
-80.796525
-78.020269
-87.356061
-83.249392
-81.675127
-79.161230
-75.700235
-75.700977
-88.191602
-75.770465
-74.438552
-78.918556
-87.026267
-79.279866
-61.865626
-58.405177
-80.091353
-105.131934
-91.195244
-71.680712
-64.268328
-75.705192
-75.533066
-64.045503
-72.164134
-87.791657
-90.794881
-96.206242
-69.236907
-84.594446
-70.325752
-80.340449
-71.011354
-84.096856
-75.100231
-64.946945
-45.003849
-86.368781
-80.246407
-109.097685
-78.296695
-69.583338
-65.581800
-93.710128
-76.298351
-79.046024
-84.207920
-63.041257
-77.413049
-77.545717
-65.392057
-64.015915
-64.323641
-74.205940
-91.833610
-71.489943
-73.455247
-98.717231
-53.949840
-66.512964
-84.335651
-68.289550
-87.197134
-80.259667
-81.721654
-66.173818
-70.942362
-80.372609
-70.133488
-84.131136
-73.356643
-89.991456
-63.126268
-62.146400
-70.627224
-77.666892
-80.632047
-79.616959
-86.309712
-96.681695
-83.486980
-77.325914
-96.805647
-62.889575
-64.720217
-94.238814
-91.328256
-80.339113
-94.681881
-83.344749
-91.662418
-72.405470
-70.500326
-101.329835
-81.044595
-76.967123
-84.686221
-82.773150
-71.097166
-77.333533
-91.452082
-69.482107
-60.273767
-77.005934
-81.622033
-60.519404
-80.160523
-107.879805
-83.216020
-55.927078
-81.233556
-71.136650
-65.870669
-85.446727
-83.406226
-82.067758
-82.849796
-74.916610
-84.039374
-70.437271
-82.343371
-75.032960
-70.123515
-80.674457
-90.541794
-74.396019
-52.336683
-82.481952
-57.659580
-80.900286
-89.982874
-79.356219
-103.577416
-77.310460
-82.211029
-72.477381
-88.945340
-78.435832
-75.059771
-78.466000
-88.674236
-71.090898
-91.646529
-60.169924
-74.398852
-73.288704
-98.657198
-61.895192
-70.419200
-76.541030
-65.781587
-82.437786
-91.758558
-51.007357
-57.174845
-93.309912
-67.330535
-91.155816
-78.652162
-64.149790
-71.182955
-73.970668
-77.946040
-73.718244
-75.964085
-67.778385
-52.140390
-70.752069
-71.050154
-60.104703
-75.610274
-58.831076
-85.883736
-83.756439
-74.477156
-67.937377
-66.591169
-59.340590
-71.401656
-86.097790
-82.304204
-77.003760
-81.733616
-59.841008
-79.466987
-85.101663
-69.401176
-69.811680
-92.028859
-79.457157
-68.108220
-75.373230
-88.560328
-68.968910
-65.902881
-87.256339
-72.018237
-91.368408
-77.387434
-76.793982
-71.894394
-62.592428
-62.647627
-61.546335
-81.482128
-75.386816
-89.685344
-80.611313
-83.261532
-82.152486
-73.870550
-47.429233
-77.340779
-96.895368
-84.699933
-65.701861
-67.132914
-86.883048
-89.538296
-72.958687
-82.480093
-81.529062
-86.697979
-70.802786
-78.067527
-79.275313
-73.904638
-73.876325
-73.881226
-93.266280
-63.805787
-58.199259
-85.286580
-86.004319
-92.358414
-87.514412
-91.794133
-79.778310
-81.663326
-79.594276
-101.779340
-85.678986
-88.273198
-94.138060
-74.063646
-73.737948
-78.388298
-62.203461
-65.599069
-84.766561
-81.937260
-74.546101
-77.381182
-87.781448
-92.662429
-97.351041
-91.761657
-95.263654
-106.071414
-79.215255
-65.853461
-109.968497
-95.324833
-80.804228
-55.563323
-74.095200
-97.560555
-74.410906
-96.387933
-67.231689
-85.803607
-84.880737
-84.237438
-91.766585
-83.751013
-71.581325
-56.687748
-96.285640
-73.719582
-80.181815
-87.331513
-67.615466
-86.811819
-92.894260
-73.956869
-73.838792
-63.109900
-65.182200
-98.691087
-68.290783
-65.982123
-81.180888
-75.689274
-72.794006
-75.992135
-66.009524
-68.471208
-59.616799
-54.443030
-52.596081
-74.920216
-64.189301
-74.973541
-75.541957
-68.315748
-70.764727
-102.218743
-68.587940
-89.919978
-96.764219
-78.372220
-94.576716
-88.606336
-83.212177
-68.472715
-78.465149
-103.602427
-106.707093
-74.968139
-73.100851
-77.351600
-79.366232
-79.156127
-58.085908
-72.180364
-81.434513
-71.894570
-49.367837
-50.154252
-85.057376
-80.756729
-74.179342
-69.162550
-64.798751
-90.249897
-88.958278
-82.606552
-64.577393
-67.472927
-62.579155
-73.522273
-100.201403
-62.591322
-69.248826
-84.708714
-50.970482
-88.324524
-84.183316
-89.102493
-67.941030
-80.978449
-89.903708
-75.921379
-73.248918
-102.597644
-76.174588
-57.178145
-66.995496
-69.710797
-63.270555
-90.934059
-87.527808
-98.362167
-85.324042
-82.199870
-72.627911
-83.541357
-67.872794
-75.657535
-67.882117
-105.777861
-77.968705
-78.547047
-86.057716
-70.828740
-78.376685
-88.558114
-72.895694
-87.256435
-72.078252
-75.573799
-76.689020
-89.674898
-84.721438
-92.836000
-80.304558
-75.515463
-53.612040
-89.573463
-71.414733
-56.383758
-84.442041
-92.465059
-81.761487
-66.381418
-81.726215
-78.297559
-72.832976
-97.907612
-85.591846
-72.795889
-73.623790
-90.177769
-79.075424
-66.606783
-72.855587
-82.161647
-76.146026
-89.256735
-75.448474
-88.766963
-81.025088
-66.264550
-71.128535
-89.630329
-78.364989
-88.319677
-88.595464
-76.740539
-63.806501
-96.817276
-86.147139
-97.431229
-62.940958
-102.730837
-79.255720
-72.993766
-86.849138
-67.921958
-76.352818
-77.582759
-76.310210
-52.470156
-99.265289
-90.940984
-86.418160
-85.017528
-62.207717
-92.665909
-80.761901
-64.293983
-86.157172
-70.737038
-79.937531
-66.408498
-68.773119
-64.878796
-82.930688
-67.777234
-74.983937
-62.546099
-79.227558
-78.845698
-58.449314
-95.451078
-64.147131
-99.203198
-93.292809
-89.123751
-72.581356
-75.986355
-78.133654
-96.213879
-103.517605
-103.576419
-93.413344
-88.365723
-94.217940
-83.222842
-92.075287
-72.921021
-97.619573
-78.426931
-62.269523
-82.046011
-74.643446
-50.934735
-74.277404
-64.433551
-76.492149
-76.904247
-83.313278
-68.143920
-73.760324
-84.831047
-73.702851
-64.532151
-87.786524
-78.633501
-79.680352
-85.398589
-77.950113
-86.708669
-82.616432
-89.766122
-89.822374
-90.603026
-59.299039
-93.421683
-100.385609
-96.694012
-85.191695
-70.081869
-63.358411
-81.406110
-68.434972
-66.977277
-63.869313
-72.987677
-99.107629
-83.398961
-70.473221
-89.459285
-78.874848
-91.665656
-87.149072
-69.186330
-97.485191
-72.388568
-79.902422
-51.617994
-81.365511
-79.900078
-82.381956
-97.613972
-68.952198
-102.938292
-83.030192
-78.427476
-71.281890
-61.769772
-91.325882
-66.417835
-100.891696
-73.390266
-94.779962
-64.028451
-62.954485
-74.540368
-72.016872
-85.049338
-57.855806
-100.104408
-58.344542
-77.652464
-78.197940
-83.762696
-89.316977
-80.260671
-76.738684
-94.990644
-97.574102
-54.231230
-70.904606
-97.266508
-83.283447
-71.023838
-92.863991
-79.269139
-98.836601
-82.697483
-89.535347
-66.739874
-87.927313
-88.727228
-88.481383
-94.245293
-85.439738
-73.167290
-76.399137
-74.561576
-70.669630
-64.388744
-69.258462
-68.751917
-80.852460
-65.313318
-60.083921
-117.414467
-84.483130
-91.410517
-63.635499
-68.155595
-57.760308
-69.380943
-57.955095
-61.854263
-66.169205
-81.337522
-65.968519
-67.403870
-73.283923
-75.396974
-74.654058
-77.617353
-47.424452
-69.591802
-79.414909
-63.943269
-88.899243
-59.310858
-74.812355
-74.905989
-86.036768
-92.483255
-87.862304
-75.106825
-80.240068
-80.211020
-89.407835
-85.089949
-99.020568
-86.208075
-73.627178
-87.713478
-50.608736
-76.628542
-103.374208
-98.844367
-94.599926
-83.487216
-94.076010
-102.835201
-81.479720
-68.429077
-88.468349
-85.108847
-85.824979
-53.594888
-64.665733
-52.912863
-67.777697
-90.477136
-77.148910
-63.495975
-61.719129
-83.361448
-70.363289
-75.806469
-67.153870
-70.345837
-72.228349
-88.792879
-104.587750
-96.847082
-90.760428
-59.151540
-74.644300
-83.645713
-109.545285
-99.126140
-49.775817
-76.215991
-77.889095
-73.206513
-96.997758
-92.659745
-65.947319
-71.503550
-72.343044
-81.127629
-73.972253
-71.684570
-64.283834
-73.753455
-80.902696
-60.397602
-55.891660
-100.512325
-63.439790
-56.154547
-70.036084
-97.557726
-102.600910
-76.445246
-75.677264
-93.083390
-70.000327
-86.960252
-80.499865
-75.842872
-92.050629
-73.007157
-73.658388
-69.882216
-72.603443
-66.756296
-73.876398
-65.178294
-53.362078
-83.384700
-70.911632
-74.202997
-70.480390
-81.709284
-88.303301
-80.136483
-73.864964
-48.553792
-59.597881
-67.824121
-75.679852
-75.642395
-82.656323
-75.468576
-70.535067
-82.880828
-69.737312
-70.888312
-65.648396
-80.311384
-61.534659
-93.369726
-82.519897
-63.480465
-74.397671
-60.862982
-96.196358
-85.424244
-72.796189
-62.100585
-69.369341
-88.564522
-84.894117
-42.552497
-77.491607
-80.877698
-64.098812
-73.051849
-71.451526
-57.613407
-78.402532
-66.181098
-92.050284
-51.422150
-68.390252
-89.075736
-97.565470
-80.903608
-83.441737
-79.670598
-68.232609
-69.394515
-69.862578
-81.454849
-80.748724
-82.961929
-83.160700
-56.520946
-72.440598
-87.295356
-69.309973
-79.232949
-50.688597
-73.688320
-77.645044
-84.259313
-73.922306
-77.798754
-70.626185
-73.963242
-83.932316
-56.617136
-93.289021
-74.290338
-61.682229
-67.666913
-60.607134
-81.150489
-96.639952
-78.869146
-84.676176
-93.475129
-59.241966
-85.697775
-94.654102
-84.267452
-115.884039
-63.317282
