-4.530642
-14.212854
-7.763621
-11.393236
-7.301497
-11.041588
-10.869912
-7.508074
-7.933023
-6.273937
-10.314603
-4.066769
-7.248294
-13.654963
-13.993490
-14.986570
-13.765135
-14.945711
-14.197795
-18.597197
-13.512963
-7.466309
-13.055488
-10.163771
-7.726618
-11.304296
-13.831322
-12.653050
-13.516010
-10.358529
-11.267340
-9.818557
-4.267454
-11.127468
-3.140298
-7.411267
-14.562299
-14.886569
-12.047552
-9.101865
-5.709240
-7.388495
-5.386118
-9.315011
-11.145791
-12.997996
-10.404377
-9.485986
-5.035564
-14.233434
-10.607313
-7.359891
-11.240162
-8.058963
-7.293549
-11.003271
-5.215861
-3.030090
-10.667164
-13.736761
-12.596871
-11.968043
-7.803185
-11.259057
-5.084179
-1.132591
-14.329290
-8.115826
-10.258272
-9.551749
-1.810662
-7.180050
-12.489675
-16.250072
-10.463821
-13.568155
-9.595005
-5.776857
-6.302859
-7.630882
-8.257028
-15.774439
-1.937139
-7.092477
-12.801217
-16.736739
-12.072524
-8.286224
-9.872338
-19.266671
-8.317219
-9.637083
-13.666678
-6.456050
-11.136621
-10.096651
-15.066730
-5.913860
-3.395583
-1.460757
-10.145394
-7.750288
-9.820895
-14.819514
-10.101522
-11.863624
-5.312768
-6.421748
-13.645066
-14.701370
-4.796673
-7.188928
-13.442322
-9.371766
-13.875626
-1.950169
-16.520841
-13.956485
-7.935581
-7.684479
-6.089606
-6.931487
-10.893170
-12.121201
-11.125195
-13.855931
-11.134038
-6.697552
-6.429213
-6.059153
-11.304039
-12.847564
-3.113662
-14.390379
-7.938863
-9.435961
-8.353801
-8.990136
-7.806676
-9.970840
-9.886089
-9.242945
-11.548649
-14.079075
-6.556767
-13.561865
-0.370770
-8.489118
-12.892626
-6.787604
-11.463632
-8.119369
-14.943117
-9.625427
-17.373619
-12.842122
-9.138560
-8.483806
-11.296793
-9.115814
-3.109920
-15.341971
-3.603343
-7.075421
-13.694160
-12.262837
-6.793332
-9.479791
-8.258151
-10.624630
-11.312918
-10.427145
-14.938033
-5.363772
-15.365816
-5.893317
-5.618186
-11.531367
-6.532262
-8.333364
-19.103165
-11.792090
-10.182915
-7.904309
-5.935739
-9.406839
-9.343044
-12.975087
-7.948997
-2.883379
-14.457836
-12.525010
-12.282294
-3.071471
-13.430987
-5.221715
-7.283090
-10.345277
-8.729190
-7.651946
-11.174817
-6.149102
-9.273467
-7.470962
-4.871939
-6.693403
-14.133885
-2.463470
-15.978501
-13.856479
-7.246021
-10.979380
-6.666879
-9.239895
-13.094538
-8.766766
-13.272460
-9.302101
-4.571690
-1.041483
-4.102038
-11.534170
-10.472087
-5.713364
-10.445994
-9.604612
-5.497320
-2.952473
-7.933263
-12.443263
-14.752595
-13.847680
-15.287198
-2.791564
-18.667972
-4.884929
-4.531972
-11.926585
-5.636438
-6.090861
-13.534353
-5.064782
-13.082410
-5.361904
-2.975214
-6.176990
-0.301516
-8.632131
-12.112360
-17.764495
-10.181929
-8.173182
-9.303518
-16.083136
-4.893624
-8.200920
-12.380717
-8.267087
-8.463128
-10.317556
-15.176949
-9.813556
-2.521284
-11.822997
-11.392055
-13.229700
-9.956511
-5.859558
-6.779505
-6.866163
-9.961019
-4.108709
-8.512860
-15.195597
-9.730560
-3.830795
-12.690123
-4.188338
-12.598928
-12.138741
-1.242399
-5.746561
-3.075865
-4.106109
-12.621253
-8.863611
-10.380702
-14.370506
-12.316636
-9.806962
-7.497633
-6.886234
-4.202875
-1.306551
-5.079427
-8.446280
-5.373751
-1.238061
-2.871308
-9.347985
-13.496144
-9.811590
-8.958184
-7.119591
-6.729064
-15.629553
-15.897801
-11.729791
-2.092902
-8.367895
-10.063663
-12.114560
-11.530665
-9.458128
-1.134056
-13.508925
-5.999268
-8.231529
-11.831365
-6.722709
-15.128051
-9.113646
-8.943414
-8.067026
-11.169540
-9.310279
-5.265742
-0.687175
-11.523902
-6.706754
-1.230076
-15.873984
-3.323099
-8.874572
-8.405959
-9.102738
-2.731862
-8.974573
-2.370315
-5.992868
-6.781706
-1.002536
-5.477433
-7.625808
-17.235168
-3.453020
-2.599106
-5.091386
-13.610409
-9.408398
-8.328943
-10.187878
-9.503184
-13.435417
-5.296161
-16.184913
-13.222384
-11.443300
-9.409990
-7.867132
-7.840670
-9.959786
-11.756594
-2.741759
-0.399104
-13.512868
-12.699597
-7.937200
-11.939156
-7.744985
-13.902866
-4.354806
-15.421335
-9.046457
-4.792269
-11.096495
-7.975126
-9.113820
-6.031330
-4.264859
-6.990819
-10.912728
-7.951806
-2.127170
-12.370442
-10.404134
-16.131846
-10.127671
-14.165572
-0.892151
-9.232050
-11.141169
-4.156679
-7.950362
-9.382581
-6.894070
-9.777392
-8.813470
-11.798357
-6.841886
-10.948198
-4.523664
-13.213970
-3.777754
-11.560118
-1.072787
-14.090074
-7.785786
-3.121945
-15.817243
-5.660304
-10.054163
-15.619941
-12.015292
-8.613714
-5.681911
-9.713081
-13.117591
-14.095237
-3.012768
-10.893919
-11.334204
-11.793644
-6.069966
-7.743699
-9.899238
-12.221745
-14.581507
-13.665343
-4.332165
-9.556297
-12.079976
-13.110434
-12.118392
-8.530838
-3.656893
-4.991031
-13.590981
-3.753490
-1.023343
-7.427580
-4.372012
-11.744761
-15.967818
-3.823381
-7.694146
-10.969124
-11.582451
-9.397002
-12.561580
-1.405096
-15.692998
-8.232782
-16.235564
-11.541504
-14.182311
-15.154080
-14.186234
-2.751163
-3.508728
-13.177173
-6.618654
-7.348564
-1.898946
-17.424534
-10.027888
-7.831761
-7.759442
-15.208024
-18.023335
-10.431291
-0.474465
-3.762804
-14.253544
-9.984313
-10.590272
-11.757775
-10.208748
-5.895933
-11.835403
-5.904890
-11.680674
-8.797753
-8.130043
-8.225324
-13.056266
-10.296484
-14.033034
-10.401343
-7.592345
-5.799597
-15.933089
-6.081309
-11.225055
-5.242041
-9.456402
-12.588580
-7.816071
-11.622907
-14.681339
-8.806717
-6.569796
-14.135063
-11.631253
-12.411861
-12.182253
-4.694242
-9.196676
-6.416199
-4.702811
-3.722591
-9.114405
-7.147140
-6.270956
-13.716218
-5.927644
-11.178142
-8.507292
-14.403266
-13.127747
-13.912055
-14.712531
-8.226319
-6.817027
-12.397411
-10.182219
-11.100902
-8.184359
-10.804219
-5.260679
-9.084697
-12.340342
-8.195350
-16.490266
-7.229770
-8.372645
-12.345600
-3.223043
-15.940970
-1.923524
-8.595191
-11.455467
-7.243353
-0.961611
-5.643186
-2.550860
-10.041539
-4.956777
-8.701527
-6.654018
-11.690428
-6.100801
-5.523849
-1.595675
-4.021639
-11.492340
-8.602654
-7.086030
-4.311030
-11.592746
-10.782344
-9.383452
-5.131897
-15.201850
-15.106384
-5.359982
-10.984523
-7.730514
-6.876140
-10.352988
-2.841711
-0.510150
-14.166859
-11.683329
-8.046811
-2.819955
-13.558406
-7.108945
-17.159458
-4.600199
-4.523768
-3.111801
-7.103612
-14.756939
-6.050542
-8.467646
-6.586516
-5.601704
-1.233531
-11.626923
-0.748410
-10.175767
-12.712767
-6.297036
-10.714562
-4.784974
-8.471071
-11.931432
-9.772562
-6.421910
-8.296961
-2.769588
-5.983161
-15.087176
-5.613911
-7.230372
-10.093177
-1.035479
-7.894745
-12.322865
-10.475688
-11.337976
-11.931624
-5.769117
-5.249384
-10.713612
-8.635752
-8.299190
-5.493461
-19.091624
-8.716949
-6.245876
-11.140767
-10.449239
-12.540088
-7.041513
-4.415968
-5.486470
-12.278063
-10.804855
-14.456340
-5.266546
-11.539872
-6.364005
-15.865245
-10.914922
-7.763106
-9.130808
-1.021188
-14.135919
-13.882995
-16.532584
-9.227114
-11.651893
-7.754920
-3.001901
-7.498055
-9.658825
-7.674424
-8.230736
-6.332480
-10.361485
-11.057919
-12.967114
-2.755165
-3.210628
-2.749105
-13.350858
-5.214585
-16.882590
-12.107837
-4.596263
-14.065948
-8.037061
-12.668622
-14.721486
-10.687909
-9.925490
-2.880594
-11.012602
-5.318430
-7.962816
-8.753241
-5.240780
-13.042235
-5.804491
-11.189005
-9.987956
-5.646642
-11.911347
-11.831733
-4.014258
-8.611459
-9.828809
-11.884270
-10.517761
-11.339532
-17.296093
-6.380912
-13.399454
-6.176027
-13.702698
-7.840892
-12.302025
-8.292136
-0.184155
-13.474176
-8.655885
-12.087683
-12.406661
-9.984846
-4.988063
-10.767221
-9.151186
-6.995051
-11.793783
-6.341905
-16.658832
-6.592410
-9.486670
-16.930273
-7.673028
-0.825893
-6.591751
-13.861789
-14.777989
-10.558106
-7.429185
-11.128867
-3.607776
-4.298893
-4.606899
-8.668653
-3.900331
-10.454445
-6.793702
-10.471048
-8.612922
-7.987159
-3.652685
-14.651907
-11.985139
-10.344962
-8.988075
-7.614648
-6.081732
-15.998772
-11.116669
-10.323445
-13.661292
-10.135707
-15.253821
-6.405557
-11.727023
-4.541078
-6.298471
-13.914660
-12.363425
-4.278793
-15.636995
-6.533101
-15.611985
-0.352980
-11.900726
-7.342613
-3.524753
-3.007826
-14.037793
-9.565982
-10.442720
-7.849597
-10.798786
-6.787359
-3.714316
-9.331693
-7.486584
-1.991557
-11.696437
-14.317519
-6.052203
-14.370377
-7.457272
-0.816290
-2.987880
-12.426403
-8.768948
-13.201019
-0.968226
-14.173645
-7.507199
-14.991671
-10.373509
-7.587396
-1.957258
-10.786865
-10.318158
-12.508456
-6.244805
-8.286172
-10.764960
-0.209895
-2.841083
-11.004312
-9.985456
-7.657357
-5.017913
-9.171146
-2.914642
-14.972054
-4.233721
-2.634436
-4.715544
-10.995028
-9.785255
-14.051256
-18.421757
-5.126626
-8.463572
-9.851059
-12.813300
-12.397447
-13.507892
-1.827162
-15.982557
-11.827367
-5.588491
-3.584019
-12.599159
-6.310061
-5.828392
-11.686050
-11.475499
-1.671371
-2.571487
-10.106687
-12.682523
-3.314006
-11.494054
-4.914535
-7.305487
-13.048448
-12.392811
-15.582850
-7.197629
-10.160046
-1.560860
-14.401407
-11.875690
-6.775030
-7.968037
-2.720435
-8.106849
-9.606886
-11.887379
-14.031074
-10.107771
-11.968878
-0.132226
-13.319661
-10.987114
-6.129140
-6.353056
-8.031574
-4.222595
-8.647552
-12.617803
-4.830787
-10.225340
-1.290138
-0.728848
-8.605674
-3.171225
-14.628587
-11.064307
-5.411569
-1.001229
-15.940652
-7.224913
-9.626353
-12.254715
-12.548713
-8.753762
-13.461438
-13.134597
-11.946485
-8.595315
-0.725285
-5.766823
-8.817870
-10.453874
-10.544830
-6.796940
-10.217619
-10.748060
-6.367374
-5.003002
-9.813058
-15.499996
-7.743778
-6.568527
-13.286796
-11.872657
-14.322559
-8.698747
-8.679763
-10.922571
-8.572529
-16.231382
-11.777507
-10.740822
-12.399313
-6.791761
-12.813236
-4.148147
-8.273094
-11.668003
-3.243077
-14.429756
-11.538722
-18.063855
-12.533209
-3.361537
-9.491955
-15.786400
-0.424895
-16.029885
-5.596727
-12.533210
-2.347126
-8.859923
-13.779214
-10.383792
-6.493838
-5.632172
-11.684721
-12.799064
-6.578830
-4.228512
-11.754580
-14.237755
-13.617107
-8.474772
-9.321262
-16.364327
-6.700386
-11.149169
-16.850151
-15.379169
-11.538510
-5.842071
-12.695003
-6.428309
-9.270656
-12.328937
-14.084514
-20.467495
-8.227128
-5.439888
-10.255626
-6.730683
-8.038314
-1.109084
-11.323262
-5.081300
-8.884921
-5.837350
-12.580506
-11.606440
-4.795874
-10.708703
-11.432956
-10.460693
-4.101743
-5.051025
-12.771547
-6.235203
-11.302393
-11.464806
-17.267775
-13.804095
-13.260449
-12.977231
-11.366482
-3.692447
-9.109202
-4.887102
-10.703255
-8.458800
-5.903449
-9.457681
-17.553957
-13.479848
-5.699187
-12.270982
-12.967453
-12.301266
-10.010807
-3.940161
-11.482250
-12.251335
-2.561215
-6.430030
-1.235266
-1.623214
-5.363910
-3.568976
-6.418031
-9.921089
-8.456713
-14.457216
-9.047570
-11.267306
-13.542908
-9.526237
-7.361701
-18.073001
-7.073448
-8.762884
-8.558441
-8.977666
-9.236790
-12.758958
-1.490322
-11.942138
-6.317393
-17.413532
-10.040252
-4.841132
-9.796678
-1.603628
-16.361560
-8.414768
-10.190046
-13.983705
-9.250295
-14.304439
-10.039249
-6.859717
-8.721551
-13.707217
-11.754152
-3.674280
-10.535818
-8.204405
-2.950765
-3.912141
-1.301810
-13.896123
-9.654133
-10.303533
-9.034221
-11.734847
-15.870709
-10.731202
-0.943439
-15.890043
-10.210142
-6.586577
-11.415808
-11.251341
-11.609896
-6.080454
-8.620682
-13.645888
-8.358992
-11.023272
-14.883295
-15.096956
-8.180300
-8.011292
-9.000915
-11.459164
-4.183652
-8.979335
-15.142340
-11.848471
-9.130020
-9.591180
-9.836622
-12.136095
-7.383162
-12.314700
-10.616530
-4.956328
-11.677888
-12.068935
-3.030141
-5.832378
-7.413260
