-153.346433
-121.117592
-127.771720
-103.807015
-121.153967
-148.764342
-113.948599
-144.845756
-108.349191
-140.084441
-142.854227
-130.206114
-104.154106
-127.928861
-125.509560
-135.153574
-121.525007
-98.737429
-103.388348
-115.066475
-116.164957
-139.652386
-136.012877
-122.423587
-132.393359
-141.808842
-116.230676
-137.571915
-111.741645
-102.359082
-119.675388
-138.841434
-108.448233
-147.703396
-102.483093
-133.414440
-128.391778
-157.034599
-130.576342
-123.736852
-121.731769
-127.202403
-133.009948
-129.220299
-117.039744
-120.591072
-110.977725
-105.190430
-122.980298
-130.653202
-97.780446
-154.771658
-112.836786
-133.757448
-151.394096
-132.783620
-147.361673
-114.471636
-111.451307
-136.408144
-132.690078
-144.203082
-109.274654
-119.882601
-132.560959
-127.572977
-127.282749
-134.492206
-123.929274
-131.556102
-136.768017
-145.601567
-138.397262
-128.681776
-152.464060
-128.884248
-107.517977
-121.463905
-107.679742
-129.314201
-134.815483
-139.660712
-138.747937
-131.972035
-143.396020
-131.475914
-109.822634
-111.526247
-126.372416
-123.900564
-117.942471
-95.776212
-111.833893
-120.505433
-133.459323
-112.307880
-98.290472
-122.662303
-148.993548
-92.815896
-113.420749
-130.461281
-114.579323
-121.204926
-138.675586
-124.423633
-117.435968
-133.740782
-124.397802
-121.203543
-123.139791
-128.595146
-120.170466
-136.352434
-145.241259
-140.351965
-119.074931
-104.480882
-130.231942
-118.537362
-141.986371
-110.108377
-152.794668
-130.061748
-153.988539
-116.128642
-150.888081
-124.444042
-109.488989
-142.606743
-127.504728
-137.049904
-148.875945
-130.805663
-102.986358
-136.848856
-141.656339
-130.660483
-102.372734
-149.073519
-116.792747
-130.570637
-137.642385
-116.535273
-119.199243
-122.256345
-142.087369
-158.149810
-156.088256
-135.601712
-138.030163
-153.128162
-124.746918
-145.802557
-115.709846
-127.689804
-109.664207
-143.640345
-129.657296
-145.895559
-120.021253
-123.244983
-151.680015
-128.960099
-117.069116
-126.688970
-151.654758
-121.289651
-129.387877
-136.337186
-110.493611
-101.954214
-131.278608
-146.034839
-137.088507
-138.495280
-131.441339
-136.604960
-127.786774
-133.133050
-145.998600
-137.019304
-129.252752
-113.520630
-138.800467
-121.790100
-149.320521
-111.382885
-130.206129
-128.127817
-149.769197
-145.755692
-117.979385
-151.306668
-135.143936
-126.612343
-133.201159
-117.362183
-132.541315
-121.493791
-136.799017
-115.540440
-119.128369
-118.080932
-125.611564
-136.298363
-137.849344
-129.426756
-127.944872
-142.002137
-144.851944
-105.215473
-156.545060
-123.775910
-147.457800
-121.948501
-112.334584
-135.626923
-127.552173
-136.924014
-126.201742
-136.366959
-155.528384
-117.887340
-137.670722
-125.847661
-140.072915
-129.169279
-135.326497
-117.821544
-137.753268
-152.528943
-131.500738
-107.840426
-138.334500
-137.823498
-132.748538
-113.838350
-136.843471
-130.385450
-133.526152
-119.597622
-132.090731
-162.519165
-93.070393
-161.065376
-110.880489
-125.652612
-140.419381
-130.814088
-140.124649
-129.802105
-119.507180
-135.199202
-120.518991
-127.316676
-107.961063
-114.630063
-122.979369
-104.282402
-148.054520
-110.012768
-153.404845
-124.552324
-128.079633
-152.271545
-107.601501
-126.098931
-165.641475
-126.347420
-99.685314
-149.837062
-126.160593
-130.738733
-107.889972
-144.292912
-131.230774
-119.226996
-127.156157
-141.075426
-111.419086
-154.084469
-119.906318
-111.532323
-115.323248
-125.926396
-111.109051
-150.613588
-107.086048
-149.152309
-109.116071
-138.123488
-140.424040
-129.477672
-111.133375
-130.548672
-146.368623
-116.246140
-123.406942
-83.232492
-120.920656
-116.271896
-122.164593
-129.799931
-104.370190
-108.787991
-123.751755
-132.290911
-107.342441
-135.248819
-134.494102
-121.384137
-89.926545
-121.544547
-130.716761
-119.948168
-134.207696
-142.009054
-156.298587
-114.470244
-152.294015
-128.666353
-116.783278
-130.269946
-151.414372
-118.281189
-151.329443
-158.811418
-124.764500
-131.487720
-128.392532
-119.364171
-107.072103
-127.092788
-128.800891
-122.521098
-142.983128
-143.624171
-126.342406
-145.085159
-145.412027
-128.006084
-113.623250
-118.714381
-136.363388
-111.156096
-128.458784
-148.517127
-144.218692
-139.957622
-119.013996
-111.519591
-124.703170
-172.713322
-133.145197
-116.720791
-143.526787
-109.387848
-130.301787
-80.290123
-118.519262
-137.189129
-139.005533
-130.931632
-148.685347
-153.595766
-120.296298
-109.603665
-113.913590
-109.481100
-118.234778
-133.779943
-127.882679
-109.334190
-147.169908
-121.923641
-113.889014
-153.918697
-113.536636
-118.997159
-122.269254
-154.399071
-123.843917
-114.198147
-123.677882
-134.536722
-98.534527
-109.212552
-129.707464
-116.099046
-104.073400
-131.563085
-131.938868
-141.551528
-149.740599
-131.060715
-124.817543
-133.085836
-135.221077
-138.434990
-132.047213
-102.372053
-145.170519
-111.618992
-127.987577
-155.219172
-116.009432
-113.440486
-135.601809
-123.810941
-146.040277
-131.018215
-127.311515
-148.651263
-115.178111
-113.833225
-113.903412
-164.072477
-112.920719
-120.564432
-125.059484
-154.293223
-142.841686
-111.918072
-154.369388
-137.445702
-130.603696
-136.926291
-144.472347
-145.325922
-116.213101
-163.875506
-117.739677
-123.461117
-131.677372
-158.806523
-126.050946
-128.460785
-142.611834
-139.777964
-129.797926
-110.817314
-149.935520
-115.469468
-91.188685
-143.904923
-129.182564
-140.027348
-114.803128
-149.924493
-122.401465
-123.014057
-129.494411
-161.246887
-141.049802
-155.364907
-95.050402
-136.355185
-143.534585
-140.878899
-137.695969
-139.459313
-109.330438
-128.761138
-115.176724
-121.027057
-120.757979
-145.818694
-133.748132
-124.280991
-132.247063
-122.978700
-144.320942
-142.923016
-123.873085
-121.452512
-156.994489
-123.811708
-119.311314
-138.340656
-139.864648
-112.748414
-131.772268
-149.600950
-122.773086
-148.254266
-131.876682
-134.845929
-119.583975
-120.330796
-109.919084
-140.157472
-129.965781
-128.251366
-113.961991
-134.030643
-128.931112
-131.809670
-137.294817
-144.107172
-116.699769
-120.502794
-128.938295
-125.065481
-138.188856
-114.226617
-115.607913
-138.704383
-129.040024
-123.228728
-151.276417
-124.829315
-113.260261
-111.199474
-148.908054
-143.853708
-149.277270
-144.950529
-138.683518
-121.379356
-132.877050
-113.491166
-108.097697
-129.398619
-128.349974
-106.506283
-121.611638
-134.224604
-116.129943
-118.503956
-140.815585
-109.138595
-119.054170
-153.597038
-116.928456
-121.161642
-128.877529
-116.421394
-129.457578
-104.531120
-133.085543
-112.971041
-126.085442
-127.040700
-140.483523
-131.335206
-105.746365
-109.537333
-144.916553
-131.868210
-133.174934
-123.002120
-131.613873
-136.427167
-127.641523
-136.043425
-107.677525
-127.235461
-151.899840
-134.512880
-127.164086
-136.274854
-114.129909
-124.418610
-122.513834
-128.525077
-147.008318
-124.573564
-153.099511
-113.595311
-137.347357
-127.115030
-108.363202
-118.343440
-128.991078
-127.360816
-120.887543
-147.970311
-109.410468
-136.030711
-135.323806
-160.411164
-118.654359
-114.411226
-125.905333
-115.647651
-137.246880
-143.460244
-139.379650
-135.914700
-99.783233
-124.164091
-142.912193
-112.642103
-112.395512
-153.084014
-120.684069
-132.265464
-124.718850
-147.793929
-128.836136
-126.693072
-105.655592
-126.510993
-120.194909
-134.296514
-100.519503
-123.388539
-121.875596
-111.639182
-112.607814
-147.481449
-122.490153
-116.422747
-111.545630
-115.620292
-139.059223
-107.285256
-125.953285
-119.257852
-118.434205
-128.965106
-133.189271
-117.501015
-143.879004
-125.172605
-112.330018
-129.042059
-146.381287
-139.268444
-120.081122
-137.241637
-138.661702
-147.636983
-83.962474
-120.550305
-106.324022
-133.233348
-103.423798
-125.634002
-130.909139
-119.812465
-109.917275
-115.676526
-110.208945
-122.283863
-132.623947
-106.383716
-122.304702
-156.165210
-130.875338
-121.961659
-128.387873
-126.618656
-130.596736
-140.306855
-109.303634
-139.159634
-130.302978
-121.494097
-146.315217
-98.738273
-117.583381
-132.122951
-133.946734
-107.193952
-117.370093
-114.391820
-122.485257
-125.305462
-136.837695
-120.983025
-125.565726
-127.523210
-113.826340
-158.556921
-127.858185
-120.352539
-136.930792
-139.764021
-146.016194
-119.141011
-153.416095
-103.849620
-83.991649
-109.519631
-125.230114
-143.046446
-150.232156
-126.376876
-130.023626
-129.251857
-118.144417
-110.753959
-126.582029
-120.933069
-143.746215
-147.620279
-133.185502
-128.003702
-113.072197
-129.330451
-120.134364
-114.348831
-120.791135
-116.929043
-158.160781
-126.419380
-113.275902
-145.478650
-129.705092
-122.228897
-130.817024
-138.615649
-140.788421
-117.383989
-126.234549
-112.409587
-125.538880
-136.144162
-137.856506
-130.204316
-137.699910
-121.867835
-130.259150
-102.538835
-140.590429
-107.296284
-145.687729
-130.968208
-123.260277
-113.006202
-134.063168
-150.588548
-135.381513
-127.035353
-141.357155
-111.515994
-106.740792
-127.220367
-138.729533
-145.746109
-137.911024
-106.029558
-132.473731
-133.041515
-139.255770
-123.776680
-128.690815
-165.449540
-124.165481
-139.744782
-129.414397
-131.131960
-144.209486
-135.966210
-115.570338
-121.117350
-101.353975
-123.463849
-135.259065
-114.718421
-128.184741
-152.694274
-113.154902
-140.064687
-141.017829
-143.331260
-152.085117
-121.604922
-135.162430
-138.912736
-147.323533
-157.932443
-113.665469
-124.681413
-100.890054
-117.449796
-139.520574
-122.313423
-160.171240
-134.807853
-116.714053
-101.763658
-124.147563
-106.528721
-125.906412
-157.225529
-126.539061
-125.712661
-141.451508
-126.151748
-117.448361
-139.770553
-127.188765
-133.432881
-123.600027
-87.280836
-132.796372
-111.573466
-119.115893
-140.781799
-101.006567
-106.063066
-135.070430
-117.912039
-141.964547
-119.402419
-82.240723
-122.695125
-129.606697
-153.744162
-152.736300
-121.711400
-131.044908
-121.875412
-101.794209
-140.960992
-126.362957
-115.153054
-146.964682
-111.804154
-142.735543
-121.306366
-123.401216
-124.835917
-137.866054
-105.785258
-89.788253
-143.951321
-133.115696
-109.202853
-145.606946
-137.533333
-130.690645
-129.622034
-145.345740
-116.271847
-138.202403
-121.310369
-128.958108
-118.296633
-156.695718
-118.051088
-117.654751
-136.528242
-127.913309
-138.422198
-105.398093
-146.021752
-132.128873
-125.123376
-125.798372
-143.470781
-138.498632
-124.918535
-133.835004
-116.989456
-138.303805
-133.906461
-103.750578
-138.231518
-115.472984
-116.066762
-143.651893
-142.641003
-115.106796
-157.168499
-126.079707
-132.182624
-118.578918
-130.257252
-135.308893
-115.148725
-126.626458
-129.002179
-119.362311
-132.543429
-106.716650
-110.890211
-120.914732
-118.786614
-123.510139
-125.724602
-120.068813
-138.326956
-118.601030
-134.769785
-115.831838
-120.343811
-111.016298
-106.952932
-128.239318
-129.737869
-125.922382
-113.188852
-124.670600
-157.200760
-136.577705
-129.447736
-141.749916
-124.577751
-129.287701
-152.266405
-132.209276
-167.447120
-122.230092
-119.164414
-135.991756
-141.303335
-144.652716
-104.572783
-131.321124
-147.056455
-137.079781
-126.943779
-125.783611
-123.382247
-127.979820
-127.822346
-116.389744
-117.066342
-127.939992
-146.275324
-131.771232
-108.549372
-110.243356
-133.623061
-122.116108
-136.624063
-120.736213
-125.468723
-125.441050
-133.748573
-115.025289
-119.561320
-120.706630
-131.875138
-129.455590
-128.368585
-127.945198
-147.175143
-120.535467
-119.355512
-142.394154
-136.277886
-121.784428
-114.817514
-146.836151
-148.155844
-117.521881
-148.507860
-122.962708
-128.757436
-126.055074
-136.713683
-146.755535
-116.992915
-130.225048
-141.601308
-125.159833
-111.478674
-155.987334
