-3.597752
-11.050777
-3.277714
-2.422978
-6.992026
-9.850290
-3.516589
-2.903111
-6.921967
-2.957731
-3.819905
-1.057935
-6.234883
-0.260707
-0.510299
-1.992714
-2.994910
-2.533383
-3.119637
-9.361757
-3.319125
-3.551362
-3.679673
-4.307356
-2.848356
-7.758330
-4.638269
-3.294281
-1.661186
-9.255699
-12.017869
-1.654332
-1.849103
-4.270222
-9.171558
-0.470627
-5.638349
-5.392795
-0.091533
-6.364042
-14.133650
-3.001336
-2.795046
-0.062949
-1.205960
-3.623713
-12.977781
-3.634458
-9.199138
-1.570231
-4.739214
-1.392270
-4.636448
-0.751152
-2.941906
-6.129469
-5.731373
-2.999546
-6.988134
-0.431828
-0.500635
-2.576443
-3.732537
-8.702256
-0.910323
-9.567892
-12.737287
-3.620838
-5.825191
-7.105203
-5.824158
-8.227001
-10.171387
-2.152329
-1.043425
-9.713315
-1.808098
-3.183763
-10.848921
-3.700406
-5.543669
-4.899281
-4.704033
-0.938611
-3.745766
-1.217985
-10.780858
-0.282486
-1.744243
-1.074441
-5.244225
-2.359524
-0.024063
-6.254956
-1.177989
-1.989368
-1.717166
-11.661072
-8.950846
-11.245268
-3.123534
-2.435341
-9.272698
-6.210849
-12.051124
-1.452424
-4.699184
-8.700444
-12.917172
-4.697457
-0.976753
-9.039847
-7.377805
-1.709697
-5.271885
-8.013623
-1.937411
-0.582118
-1.232998
-7.330679
-2.458073
-7.046546
-4.101364
-2.794175
-3.301081
-5.804355
-0.960104
-3.410845
-1.511148
-4.834108
-10.629476
-5.010607
-0.206151
-8.369935
-5.636556
-6.092850
-3.924813
-5.124707
-4.989813
-0.535388
-1.350015
-6.638378
-6.583208
-0.916982
-2.077126
-5.263106
-9.481996
-0.474471
-9.290140
-0.209337
-8.211861
-5.495000
-1.040880
-1.243520
-2.236465
-1.224210
-1.783003
-2.194030
-6.891404
-1.847555
-4.538941
-5.225883
-6.595537
-0.857860
-1.173695
-5.502137
-5.611614
-4.844848
-5.495583
-6.543136
-0.750503
-3.801851
-15.568862
-0.338831
-7.776179
-6.477664
-5.624333
-0.380913
-14.064544
-5.644394
-4.764838
-0.975054
-8.596819
-2.107908
-2.200530
-3.486415
-1.733960
-6.659151
-4.490454
-2.082998
-2.077182
-1.816329
-1.707613
-0.529873
-0.523054
-0.561994
-2.558268
-6.344763
-9.886179
-3.342832
-0.566335
-7.317359
-2.480786
-14.084277
-3.974723
-0.079157
-6.476970
-4.094619
-0.573642
-0.004121
-1.931576
-5.658992
-0.108803
-6.106683
-2.941479
-1.844113
-8.646688
-1.529970
-9.229683
-0.909756
-6.740149
-8.861365
-6.629896
-0.308060
-7.068265
-6.172475
-8.681865
-7.153167
-5.110106
-2.590436
-5.263542
-7.886244
-4.533017
-4.513669
-7.976286
-6.955880
-7.766945
-6.580026
-2.161705
-2.842991
-8.401227
-6.342658
-8.676670
-5.998989
-9.864677
-4.001111
-8.992552
-5.727141
-3.190255
-4.222020
-4.044449
-3.131264
-4.873102
-5.251122
-7.045869
-1.204456
-7.490599
-2.658362
-13.406474
-9.242923
-6.417278
-15.040762
-4.396223
-0.295425
-3.723297
-0.746795
-11.015609
-0.050610
-3.314272
-4.552082
-3.107985
-3.564103
-2.341807
-0.571773
-12.130138
-9.014077
-4.342041
-9.659649
-0.848013
-0.539750
-0.085242
-5.179697
-3.697749
-8.506184
-15.725170
-4.665295
-4.740520
-2.469820
-8.280899
-5.889236
-2.751734
-0.840860
-0.247924
-10.094669
-1.633206
-1.767294
-4.141832
-4.436358
-6.363410
-1.303189
-5.264731
-4.348257
-0.243808
-1.450334
-6.343567
-5.982046
-1.024643
-2.654500
-4.525308
-1.544324
-3.615088
-1.457797
-0.716741
-3.119944
-7.559394
-4.283876
-1.907480
-0.925496
-0.952991
-11.129512
-7.145958
-6.146489
-0.295159
-1.996872
-3.506353
-3.170141
-5.090736
-3.472087
-0.867248
-5.672198
-1.344786
-3.391091
-2.508375
-5.458692
-0.667677
-4.094530
-2.120684
-1.128892
-0.295651
-3.407265
-2.340513
-5.133379
-1.174761
-1.683268
-3.857327
-6.007739
-10.019187
-2.193313
-0.626886
-5.216289
-0.690981
-2.607256
-7.343483
-5.517274
-2.177963
-4.990970
-6.035254
-4.152655
-4.868648
-2.033169
-0.577148
-7.594100
-2.710063
-0.395706
-5.905750
-1.144119
-6.833199
-0.783784
-1.303144
-1.485442
-7.621643
-1.317061
-1.821934
-0.239716
-4.488184
-3.557808
-2.920366
-0.120481
-4.947808
-0.585521
-4.333462
-4.964516
-4.793346
-7.695498
-4.637841
-4.290618
-3.002518
-0.284305
-0.230619
-4.796355
-2.150959
-3.050221
-2.789913
-2.131151
-4.812305
-2.551942
-5.753002
-7.854392
-6.697348
-1.062265
-9.838117
-4.171973
-0.196582
-1.207631
-0.480716
