-36.641094
-22.565689
-30.430054
-28.896182
-28.817434
-33.837356
-33.234102
-32.532843
-25.537671
-33.346593
-34.239879
-26.211846
-22.184900
-29.059530
-34.455100
-18.993040
-31.745947
-48.693267
-16.080453
-18.255739
-15.777304
-20.763375
-22.414114
-25.743473
-10.625089
-26.620510
-10.021284
-35.351733
-38.365883
-26.607272
-33.706302
-18.454451
-17.752202
-21.170440
-29.134037
-32.787136
-23.223384
-29.836656
-32.242353
-32.814976
-26.364971
-28.274798
-33.974133
-12.163122
-23.500614
-25.734787
-31.489428
-36.526796
-40.248965
-51.469518
-22.084452
-13.140634
-40.494691
-31.181737
-27.659972
-46.522587
-35.243169
-35.594408
-34.206584
-17.161929
-19.207351
-18.419724
-34.448846
-31.353117
-35.251831
-35.188712
-22.905959
-22.409131
-27.047142
-34.689971
-36.822224
-35.838080
-44.285919
-28.263511
-14.885952
-26.126129
-17.074580
-34.127169
-29.136750
-36.876841
-19.889481
-29.141038
-19.729917
-15.444625
-34.169908
-35.403430
-30.531162
-26.936312
-18.450998
-28.704373
-33.274532
-38.630590
-26.627027
-34.108302
-32.127995
-19.293672
-36.232570
-49.728688
-38.797679
-21.958275
-21.044795
-12.386399
-17.540612
-22.401686
-28.669082
-50.875730
-20.272755
-20.810563
-24.572211
-18.650277
-33.371695
-30.137749
-18.331875
-38.650937
-29.286213
-33.850612
-35.334846
-19.190370
-37.100515
-21.228561
-37.456044
-30.891106
-14.283986
-28.755949
-27.521647
-18.622873
-25.781486
-23.209747
-30.073193
-24.345169
-28.145239
-31.363755
-6.909033
-19.761649
-37.159935
-19.972661
-34.272437
-32.563355
-23.142034
-58.232214
-17.550355
-42.489478
-32.528885
-30.186634
-40.976467
-22.860167
-30.012380
-18.151532
-22.784211
-14.680989
-27.385039
-18.776563
-28.685690
-45.802282
-45.597906
-26.537141
-23.049876
-24.292336
-27.530830
-43.395457
-28.695721
-23.417546
-12.223139
-21.625122
-22.389372
-29.297197
-28.350605
-10.600675
-29.071880
-45.822448
-37.879968
-15.396865
-11.444371
-18.565363
-22.879395
-46.030443
-34.947580
-26.273792
-30.732956
-25.359422
-40.937519
-42.370052
-45.384478
-33.784160
-29.051371
-36.804655
-8.446629
-20.982459
-37.763574
-43.368575
-25.281859
-23.138744
-37.762962
-16.723091
-34.054767
-36.766759
-35.674222
-32.005182
-23.369082
-26.357320
-45.393081
-30.770376
-29.072112
-24.530980
-34.466915
-16.498138
-36.382032
-41.480753
-40.742309
-13.029626
-20.779199
-25.701004
-29.842168
-31.974027
-18.032653
-27.708998
-26.573967
-27.006796
-25.371948
-42.759347
-33.995626
-21.301376
-23.272405
-47.934457
-37.312118
-34.736139
-20.568076
-29.427571
-39.691099
-38.587390
-55.740662
-39.371582
-39.724774
-26.933468
-29.287596
-41.401660
-43.850611
-16.963970
-34.314306
-44.899541
-36.705471
-29.607676
-39.572896
-31.836748
-31.769212
-28.314974
-46.574146
-50.106067
-42.380298
-24.028386
-52.052713
-22.251595
-17.810480
-29.262132
-16.746115
-22.156722
-29.005967
-18.378423
-45.332320
-35.393637
-17.888712
-49.407911
-23.227644
-20.491650
-22.100220
-28.331590
-35.673096
-46.728803
-22.543529
-32.419723
-34.638563
-19.939171
-29.371492
-15.357377
-25.378905
-25.416134
-27.026139
-11.759043
-24.880984
-14.241483
-22.399664
-35.327500
-20.864966
-18.562370
-40.569601
-28.764001
-46.861129
-11.382745
-17.152543
-17.830730
-25.054084
-22.111694
-21.235298
-29.032022
-10.509111
-37.120290
-36.078524
-10.662943
-33.715288
-36.349710
-32.676844
-29.466858
-18.971576
-22.693932
-21.255854
-36.766916
-21.689832
-36.138666
-23.954496
-33.246109
-31.390460
-22.490387
-31.238090
-24.932087
-18.251430
-22.693120
-22.151022
-38.148289
-15.713983
-27.574324
-37.575236
-35.022447
-28.267836
-23.980061
-21.010681
-39.101753
-32.555868
-37.748423
-39.752421
-38.725353
-37.612623
-20.312478
-20.398326
-16.487567
-52.794103
-39.514983
-14.275491
-40.110893
-24.310829
-36.594933
-29.797314
-19.960708
-49.717418
-24.425298
-28.298026
-17.707893
-33.170629
-9.206079
-32.572433
-11.589104
-21.393804
-31.498051
-35.112113
-17.099175
-19.049011
-22.530569
-26.572551
-21.776753
-25.161507
-22.767337
-13.624940
-26.330589
-13.869317
-24.340019
-43.776114
-14.520631
-30.877215
-12.063862
-16.350072
-15.940693
-21.411760
-16.607835
-31.439546
-25.515664
-15.199534
-20.235442
-33.430186
-15.634630
-12.403896
-25.578988
-33.382312
-20.177628
-33.528150
-27.438603
-39.010557
-22.106938
-36.420265
-36.510097
-37.548051
-27.180178
-26.811053
-23.139155
-20.461337
-40.565331
-27.602247
-22.779796
-17.129317
-22.959059
-26.966147
-24.440683
-31.648515
-41.217915
-29.890427
-24.095542
-22.997226
-26.564097
-34.167445
-48.141547
-32.418690
-23.502596
-28.209113
-24.739868
-34.193803
-23.925028
-27.146396
-30.898326
-22.455441
-24.673171
-46.742851
-36.354939
-34.451097
-33.617885
-42.139525
-32.136563
-16.658003
-30.809539
-25.517075
-44.111116
-15.344465
-24.488673
-39.141416
-38.456908
-20.900349
-16.882133
-30.130894
-42.634010
-32.416865
-24.304681
-16.682769
-28.559826
-19.557955
-10.013894
-39.155612
-26.421028
-17.319224
-44.813175
-27.918218
-33.107646
-21.242074
