-249.667464
-228.123784
-255.424148
-261.109475
-248.468468
-213.063148
-245.990204
-209.897436
-232.257282
-206.227305
-228.550912
-242.965235
-221.984587
-244.147658
-234.453652
-247.546085
-228.936669
-231.412540
-233.922166
-275.954112
-212.209793
-246.698445
-223.404304
-236.045120
-221.571720
-221.380731
-230.505616
-248.106130
-278.886657
-222.572560
-204.916254
-254.387907
-211.280908
-217.136471
-232.256845
-205.794487
-237.105154
-281.332849
-230.601442
-250.339356
-264.078825
-238.790587
-257.516106
-199.304478
-221.773949
-204.718704
-247.321864
-230.078091
-233.654409
-233.264162
-227.558106
-235.154373
-235.141643
-244.210420
-240.828784
-247.444046
-221.934883
-238.188285
-208.171495
-246.570740
-221.632634
-290.560796
-218.560684
-220.525573
-245.899259
-227.670118
-279.089463
-253.661683
-239.047265
-247.432360
-182.321658
-249.426416
-213.522727
-248.916081
-263.181548
-237.336993
-223.862674
-285.908839
-236.155745
-286.406392
-207.641390
-213.949935
-218.169245
-259.228437
-242.554516
-233.335441
-238.447581
-210.944077
-222.922405
-256.736826
-190.902192
-209.901064
-213.586690
-261.057515
-237.905916
-233.236339
-236.450332
-239.419090
-239.390249
-232.495680
-228.912203
-204.814672
-259.439666
-209.328763
-235.348723
-239.269663
-284.859812
-245.954073
-219.897757
-242.472027
-257.329912
-282.034890
-217.101365
-248.251700
-241.209992
-241.590070
-271.179535
-241.260539
-259.964864
-247.985747
-272.333035
-229.654680
-223.234074
-229.711287
-229.236646
-229.712139
-247.118884
-283.389627
-264.976403
-244.569877
-283.048474
-240.941532
-233.662986
-248.428972
-257.427926
-240.616550
-254.957912
-257.075269
-277.476287
-243.932429
-265.091887
-275.469436
-227.596868
-223.429257
-253.540280
-217.061517
-226.340913
-219.661036
-211.386521
-269.156886
-204.593990
-246.343044
-246.913545
-222.282866
-212.325766
-240.525062
-230.674517
-226.222376
-218.251970
-238.844790
-261.113110
-214.164890
-206.848180
-230.513827
-222.468363
-230.265621
-216.621290
-235.723763
-253.151789
-253.780726
-239.791378
-209.864783
-245.908999
-221.206332
-244.421593
-235.398626
-200.807067
-231.035589
-257.273907
-215.160851
-241.921978
-231.774256
-270.630786
-242.703836
-286.167587
-262.008797
-222.329698
-262.256699
-256.847924
-242.982391
-228.516383
-234.440429
-233.110501
-248.745410
-247.769810
-247.255594
-269.180773
-234.142972
-218.398042
-265.858654
-232.472160
-238.476405
-267.377059
-272.372044
-219.559428
-228.396936
-253.426445
-237.920514
-196.682127
-235.694828
-242.563195
-273.705490
-216.674196
-201.547244
-226.190025
-242.881567
-233.171971
-239.717875
-225.747414
-238.275349
-245.623924
-241.052316
-207.802141
-208.765191
-213.550072
-220.163487
-236.691587
-250.526527
-228.529420
-209.501929
-259.547573
-229.634956
-268.298217
-187.390775
-220.097938
-240.726947
-250.496111
-202.057031
-230.126078
-254.750105
-241.657850
-256.550759
-209.980809
-230.405717
-222.260469
-301.310097
-212.114315
-231.691696
-247.874252
-222.631367
-227.735372
-255.945032
-220.339636
-248.537670
-200.355044
-267.709113
-245.586325
-225.838028
-259.647432
-259.606270
-213.653816
-218.901242
-240.219053
-256.010068
-230.895127
-209.605392
-263.095921
-265.716452
-237.757444
-217.724351
-212.438814
-249.485577
-251.588447
-215.944831
-233.591208
-222.472665
-246.231030
-270.989133
-217.045968
-223.123962
-230.925276
-245.257904
-251.338811
-214.740367
-242.648701
-212.761148
-265.651140
-254.264325
-222.747852
-272.252308
-225.261623
-269.238089
-210.883059
-245.743792
-227.829901
-246.439932
-282.384715
-236.925733
-238.938792
-266.188693
-227.690794
-223.833339
-211.733167
-236.893404
-217.851749
-252.505361
-234.058231
-226.066245
-246.199050
-215.853716
-244.096862
-232.737095
-244.951982
-226.159168
-242.169647
-268.651724
-234.182703
-246.848496
-236.515582
-199.662475
-226.782358
-264.539167
-257.319557
-259.298623
-271.937059
-227.140843
-271.779718
-284.654941
-248.935825
-257.077129
-256.788314
-243.642292
-213.937554
-252.267636
-235.084523
-207.150337
-240.423905
-198.201817
-232.614170
-273.357199
-234.264726
-203.835661
-260.199146
-231.668822
-256.434382
-220.420515
-225.517193
-195.067717
-248.018034
-273.652350
-237.557940
-270.880303
-225.078801
-298.163198
-180.345797
-284.936272
-229.341301
-232.045924
-222.745460
-233.638147
-238.249344
-197.181386
-218.201314
-253.094095
-233.104808
-254.557557
-225.306546
-234.565701
-270.396236
-237.191826
-215.175868
-229.240667
-205.876517
-250.166465
-196.422031
-213.317449
-229.983827
-218.605905
-230.096144
-228.755207
-207.757803
-217.786327
-262.274760
-222.307483
-252.437540
-187.116613
-248.681203
-223.639429
-216.403569
-229.572359
-271.413013
-235.641446
-234.769101
-272.563747
-218.379906
-206.774952
-250.842923
-258.046366
-226.521930
-224.760047
-282.338999
-250.997758
-260.540536
-236.664646
-279.357478
-214.171331
-228.952659
-263.827312
-248.049196
-270.337292
-249.816225
-248.499948
-239.544343
-223.779308
-256.668006
-237.826535
-234.794349
-210.134983
-252.758138
-199.134706
-244.365517
-232.518684
-218.487803
-244.317801
-250.362071
-247.129005
-257.205083
-262.619831
-213.627217
-231.697135
-217.930360
-259.569354
-239.680220
-218.194485
-240.289677
-229.911127
-226.245206
-223.386896
-238.997043
-258.971874
-214.774372
-266.168931
-246.572981
-228.497051
-230.038545
-256.339040
-249.610014
-202.775271
-240.512375
-226.084163
-242.584390
-198.171958
-231.898304
-278.941836
-231.743896
-249.601579
-257.808365
-201.715214
-256.757791
-216.196467
-231.964788
-209.933818
-224.766007
-239.569755
-252.460746
-229.337810
-222.802802
-221.821111
-226.057192
-270.663488
-212.844008
-232.306187
-243.347486
-247.452008
-220.637235
-225.402264
-222.767916
-242.434589
-215.937734
-262.243658
-250.081609
-252.558644
-274.060933
-253.857377
-226.258855
-210.153672
-233.176117
-270.290677
-238.414846
-245.018861
-227.346324
-220.706967
-243.700985
-232.668734
-215.431418
-254.219206
-243.836102
-224.292705
-257.431804
-245.559737
-207.862917
-239.402817
-283.115525
-268.332149
-218.702030
-261.164092
-238.795552
-261.291692
-229.451415
-223.026803
-276.998581
-223.553424
-206.450034
-218.557369
-242.208822
-223.236152
-211.736415
-231.630460
-255.163638
-205.659799
-273.874310
-222.252190
-261.439089
-229.407613
-276.228350
-298.424226
-229.166830
-193.327803
-250.048072
-251.076089
-268.664129
-213.869126
-241.804490
-254.399852
-262.555067
-288.099759
-221.122919
-250.666140
-226.832545
-271.102607
-202.712023
-257.435489
-210.708576
-219.990905
-234.828429
-225.702752
-267.750287
-225.461893
-250.016093
-205.884133
-234.918450
-224.887586
-239.571286
-278.079238
-266.668100
-239.324825
-263.381244
-231.106385
-212.711790
-216.190616
-254.675522
-236.001768
-237.488551
-265.199384
-219.243092
-240.819292
-264.806646
-237.596909
-233.807252
-237.826038
-270.432353
-240.333854
-227.768604
-266.272492
-228.676236
-273.464600
-232.399116
-220.103421
-238.555176
-272.593793
-259.096701
-235.692907
-268.160341
-235.034371
-277.560061
-275.971219
-274.977842
-237.865334
-220.616485
-262.709877
-246.756855
-229.978761
-273.010078
-239.144397
-227.686611
-247.251497
-209.102986
-228.572331
-212.615023
-229.704991
-260.574825
-195.358081
-232.957516
-246.783893
-229.766192
-259.557370
-222.604039
-233.039767
-216.770720
-257.091862
-221.776080
-276.780317
-218.650585
-229.983468
-247.213462
-236.041063
-239.526608
-230.956195
-264.355677
-210.706726
-225.569657
-207.058211
-272.458201
-272.052644
-238.382577
-214.920523
-214.929897
-228.014633
-243.484397
-224.721139
-218.396608
-223.123695
-242.562206
-222.692829
-267.048070
-285.521020
-230.061646
-203.827866
-233.326838
-247.808969
-250.294391
-238.586531
-216.829254
-242.000323
-203.041723
-229.651372
-233.191201
-225.067397
-226.641885
-272.246988
-245.880940
-241.268974
-249.608139
-220.493742
-267.698393
-238.599702
-218.953114
-183.864179
-204.801141
-253.257804
-256.522932
-242.430506
-241.975478
-214.444668
-190.362859
-252.304721
-234.269043
-286.476526
-227.111410
-273.351263
-235.662875
-244.168930
-222.161449
-235.096778
-228.493951
-216.598345
-252.838770
-229.471693
-254.258731
-263.389587
-230.981127
-202.843103
-220.033699
-226.904355
-233.315694
-262.653642
-247.500240
-248.139944
-240.344176
-268.523985
-205.497249
-257.204023
-255.941459
-239.700435
-246.041932
-222.886558
-206.302976
-212.944105
-207.089151
-232.358890
-264.937872
-255.770342
-222.711207
-263.374620
-272.542456
-251.970621
-218.893528
-217.605714
-219.794822
-262.200556
-240.904793
-259.253333
-240.656617
-218.230027
-249.240478
-236.213426
-219.608378
-251.936268
-240.774689
-254.776818
-251.687923
-234.600978
-246.113783
-196.514996
-213.277329
-272.133759
-218.680068
-218.938060
-273.113421
-222.606523
-238.602049
-219.815409
-230.132889
-205.535443
-243.159856
-228.605748
-229.017472
-254.990078
-249.920910
-226.813029
-241.773918
-215.990639
-289.013807
