-3.824033
-5.230580
-8.701020
-1.986186
-5.868806
-13.891030
-13.538549
-2.290546
-4.274773
-7.179916
-4.427914
-9.128595
-0.483852
-6.452620
-2.329128
-0.654242
-1.229448
-6.211845
-8.412558
-3.954409
-0.969172
-2.052694
-4.124672
-0.468685
-1.141170
-2.002430
-1.869998
-5.368958
-2.573585
-4.243712
-0.355891
-2.930465
-2.032715
-8.178341
-1.370023
-0.839280
-16.670020
-0.709919
-0.800318
-0.710466
-3.556400
-2.760644
-3.131169
-5.270939
-0.215348
-4.878125
-5.291892
-0.462911
-7.628380
-7.488922
-5.394402
-1.341782
-6.294248
-2.373589
-4.292932
-4.553482
-2.477862
-5.812603
-2.273668
-4.902069
-5.970637
-4.450003
-12.907048
-1.070932
-3.075803
-3.998186
-3.431792
-15.279922
-4.356181
-10.867885
-4.542279
-4.256285
-10.552417
-7.178971
-1.200563
-3.965422
-2.275802
-1.802818
-1.698226
-6.117312
-4.064076
-1.455608
-9.322867
-2.040025
-5.749717
-0.095617
-11.114532
-11.112530
-5.495401
-2.983940
-4.645010
-6.698660
-4.131151
-7.478166
-2.529965
-5.928938
-2.760894
-10.499032
-10.123987
-2.693976
-2.154974
-1.503642
-2.924866
-1.167941
-6.472112
-13.515919
-1.242727
-9.505456
-9.901622
-0.527499
-10.107093
-1.376165
-7.384178
-6.320978
-0.219400
-0.202452
-7.333668
-3.920202
-1.542719
-0.526420
-1.465140
-4.433880
-8.399642
-4.470884
-2.441998
-0.051429
-4.013713
-7.321099
-11.695319
-4.046110
-1.465012
-1.667934
-5.036648
-7.999260
-2.551008
-1.788996
-2.716461
-9.423508
-1.879914
-8.513076
-7.651538
-6.987495
-2.610294
-0.674153
-7.238292
-10.054613
-3.689782
