-87.621746
-75.945724
-70.063704
-77.538589
-73.331321
-41.534592
-64.758422
-70.721725
-62.968589
-52.087089
-69.659186
-50.556946
-68.920335
-69.008364
-82.553204
-69.154754
-61.916060
-50.287623
-32.487591
-70.735103
-88.798817
-69.537410
-56.978113
-56.066174
-59.614207
-60.376190
-55.057703
-77.489408
-90.163573
-82.515964
-71.106482
-72.993123
-62.488162
-66.023135
-35.059153
-61.939068
-68.572502
-88.864832
-65.092826
-49.695367
-54.946510
-73.933371
-71.484428
-77.094149
-68.601769
-63.990905
-62.990229
-77.474737
-67.967155
-91.353603
-74.664941
-69.330488
-60.627767
-53.957075
-49.162564
-76.001344
-48.922947
-59.970851
-55.861705
-68.080697
-55.084859
-44.883020
-62.985848
-63.078116
-81.449263
-79.471307
-49.369485
-42.162420
-67.123513
-80.370315
-69.054152
-39.688125
-60.816086
-48.946084
-61.225341
-68.974339
-74.635871
-46.412823
-50.686274
-60.022026
-70.750120
-90.243771
-60.750875
-59.921743
-61.222889
-63.940743
-45.272489
-51.434568
-75.541070
-72.812252
-69.606529
-81.458719
-56.400508
-49.238342
-66.141626
-59.880696
-76.686551
-56.721883
-63.622983
-61.144567
-51.882472
-76.313968
-71.767097
-80.840246
-64.121033
-62.108038
-84.885460
-42.157035
-75.231338
-57.077803
-30.508319
-75.971962
-68.233964
-56.774943
-69.500853
-58.099546
-51.307602
-74.970474
-63.792021
-78.163709
-47.775577
-39.930711
-75.290533
-52.815918
-67.680552
-56.514382
-80.591516
-51.239825
-56.964041
-50.411957
-49.671528
-62.831978
-58.886769
-85.944097
-53.340697
-82.152987
-77.366481
-77.035692
-77.413508
-81.703511
-58.209230
-59.498382
-64.560505
-63.494784
-63.091566
-92.599269
-62.040542
-58.283024
-43.391590
-37.519080
-78.747684
-53.845690
-70.256113
-71.241028
-59.787199
-70.990049
-71.393485
-69.533879
-56.440123
-37.341599
-60.796316
-60.935632
-65.406673
-61.711959
-57.881249
-41.345387
-76.116881
-69.627415
-45.029699
-55.240823
-49.705083
-79.482738
-57.812896
-61.624572
-77.278075
-67.141340
-63.504429
-56.258668
-47.770062
-74.153887
-76.509492
-61.703718
-46.533435
-59.693444
-62.550883
-48.724242
-58.927389
-51.890639
-63.337101
-58.318748
-60.603063
-72.375358
-49.282839
-70.938093
-48.143122
-70.831647
-54.223053
-43.677148
-81.408439
-79.039526
-74.895675
-65.664663
-78.914606
-72.655047
-60.396793
-56.621423
-70.788681
-58.409832
-50.309512
-57.613612
-78.870853
-44.348051
-86.902779
-83.118220
-58.497033
-57.769281
-56.986811
-71.730672
-52.959617
-62.824089
-74.270263
-72.607494
-93.702398
-67.482365
-51.712718
-52.167767
-78.940540
-59.644037
-74.405842
-72.778613
-59.111886
-55.515905
-57.289442
-57.029601
-56.634434
-58.133890
-67.651610
-59.034672
-54.790593
-78.941598
-53.054187
-79.354480
-50.437489
-71.231513
-68.092610
-53.779550
-66.938512
-68.269596
-53.340998
-46.520370
-44.679179
-51.143704
-70.487037
-73.993100
-57.995400
-65.837719
-78.889269
-43.702208
-52.938545
-84.780540
-65.740610
-62.996199
-61.726239
-56.672239
-56.034010
-64.062742
-61.602645
-89.123930
-70.462084
-50.254627
-70.627225
-60.227644
-55.158636
-65.818976
-74.297562
-50.216867
-51.185352
-47.604852
-74.917197
-82.179177
-73.973609
-53.143339
-95.427065
-77.728158
-55.334933
-59.898453
-59.578710
-56.910946
-70.812931
-77.272971
-49.350092
-62.441705
-66.907187
-52.019605
-66.146753
-70.568366
-57.234984
-64.653989
-47.927959
-66.680449
-62.446344
-66.888874
-69.025323
-55.196699
-61.055247
-33.932756
-52.073304
-59.790443
-61.404874
-77.829791
-59.997439
-76.517756
-69.971648
-64.757694
-60.986363
-57.695265
-49.679284
-43.189422
-57.779659
-95.675672
-56.766722
-50.761982
-44.668168
-56.176910
-48.663478
-61.333667
-62.414308
-68.957803
-51.694272
-79.260544
-62.003773
-59.107380
-51.063850
-58.543702
-71.080319
-61.310992
-60.180420
-61.626016
-54.924483
-57.129693
-68.677658
-51.242702
-63.355450
-47.745188
-72.678621
-63.651247
-79.979792
-74.724909
-55.535794
-55.501942
-71.843684
-70.354373
-34.888190
-61.674265
-57.481391
-82.180592
-63.700344
-52.605317
-42.242348
-90.728347
-47.582390
-54.409667
-53.648745
-66.902989
-66.908798
-61.858254
-42.950932
-74.213470
-66.220253
-54.791774
-46.914485
-71.137552
-66.857281
-48.765441
-55.746950
-55.985797
-61.211026
-79.750052
-47.898184
-83.726565
-53.967470
-65.836371
-65.459662
-85.006798
-69.245432
-89.062576
-62.046941
-70.328692
-82.968549
-72.307882
-62.526636
-70.046642
-61.755996
-44.718772
-58.956767
-61.287708
-64.535917
-57.522659
-57.175319
-56.911606
-64.461943
-66.596245
-54.914625
-78.173522
-62.325152
-39.515265
-73.944268
-63.039183
-76.864610
-64.009011
-74.563565
-62.495538
-73.079306
-52.899571
-45.487514
-81.089608
-60.027270
-70.942789
-69.210256
-76.600592
-82.514501
-60.642298
-48.708165
-53.227854
-91.175747
-68.530591
-57.963924
-79.027307
-71.694259
-57.002792
-36.083506
-77.743643
-66.821385
-55.144054
-47.342206
-57.234093
-54.437924
-56.629450
-65.342056
-84.195401
-55.515976
-78.886203
-66.790490
-49.183267
-55.255144
-55.279965
-38.652997
-48.107543
-59.893049
-65.995590
-54.440077
-53.646689
-79.089936
-52.993284
-62.023101
-55.666703
-41.411022
-63.313344
-62.850905
-71.054572
-55.030264
-52.553522
-74.767711
-65.221174
-70.387526
-61.143966
-49.974441
-44.456264
-50.617969
-69.286330
-70.937991
-75.868011
-60.786819
-84.324427
-68.024277
-50.468700
-70.809259
-39.822215
-48.646085
-71.283556
-50.104929
-70.380143
-69.932702
-58.440170
-49.180343
-79.487427
-48.411027
-43.938637
-56.932695
-42.584786
-73.927134
-78.643195
-69.293489
-60.172071
-56.389232
-73.615258
-46.459159
-70.369240
-83.858347
-51.922950
-71.391927
-57.438023
-63.170806
-91.357574
-40.170353
-68.937418
-65.742434
-78.924981
-67.344797
-90.400117
-67.706884
-63.578596
-63.265441
-58.031718
-60.013816
-62.574368
-74.681664
-70.584596
-31.065860
-58.189892
-56.591988
-59.620782
-55.510000
-31.355466
-51.844858
-44.864354
-52.985679
-60.821429
-64.987814
-60.238377
-58.772074
-74.525627
-67.768197
-39.501862
-72.458571
-77.096748
-71.016519
-83.318129
-46.890317
-50.127330
-53.739985
-46.607539
-63.101890
-50.620204
-72.108619
-65.134609
-43.790882
-41.720456
-47.157737
-51.868206
-43.935103
-67.061456
-57.688166
-62.506878
-72.841603
-55.073706
-58.997674
-49.031105
-71.594486
-62.313375
-60.214067
-50.435861
-64.424029
-68.147679
-78.831166
-44.755049
-71.954597
-39.370894
-73.630890
-62.196458
-55.672036
-57.585366
-83.728320
-68.875429
-66.261820
-62.181739
-72.092584
-60.021633
-67.030372
-83.264224
-46.647618
-60.804862
-38.635823
-50.692604
-67.339295
-45.012343
-72.335477
-43.837463
-67.285872
-57.411968
-65.689407
-54.878146
-66.074353
-68.362648
-84.849939
-51.810290
-61.500691
-70.367759
-71.812353
-61.896987
-54.272220
-50.430875
-37.707226
-76.110904
-66.266217
-73.426540
-61.061123
-73.815598
-83.002231
-52.614268
-50.491140
-52.300290
-49.244848
-60.153784
-67.740016
-54.079266
-46.080527
-66.262069
-62.738157
-48.068366
-62.235484
-64.802732
-78.503408
-72.284762
-46.480945
-52.714095
-75.057472
-52.307747
-65.767037
-77.077179
-62.510338
-70.891484
-85.284141
-54.371071
-58.159867
-49.182319
-58.933652
-66.831549
-52.792039
-74.451052
-46.888381
-49.807178
-63.345932
-59.583458
-68.228113
-55.519682
-52.118948
-76.864300
-49.380858
-73.045688
-63.822410
-73.656646
-58.014825
-46.104322
-53.052701
-70.193487
-61.161928
-57.839747
-39.578946
-69.655648
-61.625754
-71.149059
-53.513642
-74.737013
-48.559357
-59.951110
-50.616397
-64.568144
-74.487260
-73.606993
-64.676451
