-83.339012
-50.853843
-72.285706
-65.803631
-76.918750
-57.547004
-75.637157
-55.355298
-66.558304
-54.418067
-82.446699
-68.129777
-46.339063
-87.708081
-80.359364
-91.751121
-45.435293
-64.808696
-93.384786
-64.133977
-60.972895
-68.323398
-63.071966
-65.549347
-45.824182
-70.545163
-65.112073
-72.067545
-57.884776
-86.282570
-67.515791
-61.937539
-94.797682
-72.997007
-82.050016
-70.147620
-80.222236
-62.043133
-77.436768
-44.189912
-64.339075
-59.316992
-56.883464
-65.272445
-59.366652
-68.099993
-74.156053
-46.853022
-82.030902
-70.434172
-72.108716
-64.978333
-54.358967
-56.786815
-72.412141
-69.644092
-50.241835
-51.794033
-64.058696
-70.979054
-59.116109
-51.604126
-59.726962
-62.447963
-62.678722
-50.009388
-55.197686
-54.094091
-66.793673
-58.772984
-64.992218
-66.716206
-60.876899
-69.442471
-58.222867
-67.209746
-62.413061
-58.872040
-80.317583
-77.140181
-46.458268
-78.132176
-78.473971
-57.918631
-62.027450
-64.347401
-86.853883
-61.696953
-79.568127
-57.886441
-69.822356
-75.568826
-56.572762
-44.950945
-59.045715
-72.001562
-53.358949
-64.924544
-64.364584
-60.670470
-63.136654
-72.005748
-71.831774
-69.229942
-62.296717
-89.314572
-65.125298
-62.003741
-67.010038
-72.245608
-70.987145
-82.994148
-57.167281
-52.509712
-77.132813
-58.597452
-50.694036
-62.496457
-62.835831
-78.024938
-63.304194
-60.043571
-71.330572
-65.118911
-66.995161
-86.344890
-75.258152
-65.053249
-74.397292
-72.272579
-38.820897
-54.317208
-84.150566
-68.829183
-53.966208
-59.649256
-67.659057
-51.429469
-51.908107
-76.606118
-72.700244
-45.824365
-56.351542
-54.186206
-65.361807
-56.173587
-47.057667
-71.812595
-43.763396
-49.493759
-65.507059
-85.334945
-65.899318
-55.430434
-48.696438
-56.705216
-71.951011
-70.290229
-53.912029
-66.101998
-50.795068
-74.982792
-88.636502
-59.298656
-65.464090
-61.967992
-62.254122
-80.333516
-83.442154
-60.060345
-69.811132
-52.511115
-60.892984
-69.009996
-64.801317
-43.798073
-56.338138
-70.316134
-80.303674
-78.904829
-51.930761
-60.735255
-69.023417
-59.230122
-50.329791
-60.160650
-62.885172
-71.101574
-66.447779
-55.381002
-57.666773
-57.633886
-58.261613
-77.354682
-73.786809
-56.486254
-63.930024
-72.085791
-74.053968
-76.800528
-51.127930
-72.146915
-65.528566
-57.167026
-62.596566
-65.922343
-70.237366
-61.383424
-64.855518
-77.789684
-70.479634
-66.450510
-70.698195
-53.751718
-75.939588
-57.686548
-51.550286
-74.643523
-72.771650
-61.515904
-77.494839
-70.801507
-67.832542
-71.591000
-51.193522
-69.036107
-75.525295
-71.702989
-76.043704
-57.687084
-78.301393
-61.036507
-44.187984
-55.885864
-80.521810
-53.007110
-46.597512
-57.397053
-67.214722
-68.042786
-77.682114
-75.279409
-56.948916
-47.663406
-40.083205
-53.281600
-71.025223
-52.436624
-56.876116
-78.251723
-70.662145
-45.384721
-41.673369
-68.984377
-80.275763
-63.553998
-83.473680
-71.385726
-74.169014
-82.979976
-64.739662
-64.143279
-72.220891
-73.354144
-63.738866
-80.986877
-60.767567
-73.079319
-82.095720
-66.935127
-69.057548
-61.897941
-67.799485
-56.857265
-52.460799
-54.607487
-77.350359
-55.867791
-72.860239
-66.992273
-62.371825
-53.467162
-58.512077
-54.792351
-69.476286
-67.082193
-71.316098
-64.700845
-55.898408
-80.877593
-47.601850
-61.697394
-77.771490
-55.845410
-66.638601
-84.166177
-60.330803
-62.079166
-73.241226
-57.453403
-66.136275
-55.841012
-78.601902
-73.859099
-50.542430
-69.370914
-60.869698
-60.686047
-45.277934
-79.443397
-47.537152
-73.583048
-66.166745
-56.270362
-43.350198
-63.510186
-50.244247
-59.593085
-77.841066
-76.952304
-58.417566
-59.682097
-46.104013
-63.941214
-83.275693
-69.675212
-69.628795
-67.864941
-67.155128
-65.580808
-66.150454
-64.096067
-74.585274
-58.325577
-47.911007
-70.638976
-57.910782
-68.824528
-74.038826
-47.613631
-96.742330
-84.721214
-79.463657
-51.318345
-69.320915
-50.006300
-71.715151
-64.256228
-73.541224
-52.819965
-66.266815
-63.662701
-88.200639
-69.362886
-74.602318
-60.527718
-79.295593
-47.736271
-86.182868
-51.855121
-62.594877
-58.571740
-63.288871
-54.054133
-91.352119
-71.198908
-57.006829
-65.542140
-55.108938
-51.285395
-85.902295
-58.894560
-79.549871
-54.120392
-60.698850
-57.543256
-61.159896
-54.786055
-69.652224
-34.673961
-53.965512
-62.692016
-66.877365
-44.699613
-54.168330
-65.479440
-69.020933
-77.061653
-53.545213
-77.971660
-51.447428
-52.385285
-100.854167
-86.436654
-58.782354
-79.918046
-44.345462
-65.230905
-58.703420
-78.770907
-90.785841
-68.422195
-58.889777
-60.947133
-63.450263
-82.608137
-64.491493
-47.924916
-65.615201
-52.931136
-59.247474
-59.934176
-93.550914
-71.158701
-77.117097
-50.760527
-74.169092
-53.588498
-68.660052
-49.516217
-74.718351
-74.292317
-37.337763
-58.379805
-68.280229
-62.675182
-56.614985
-87.321104
-85.361317
-57.572025
-81.317428
-64.966877
-46.280793
-74.945393
-47.287344
-68.528168
-59.170899
-61.208184
-64.580794
-72.540971
-87.395548
-68.440051
-55.008902
-37.516826
-78.311548
-50.340229
-93.444706
-62.181426
-75.524446
-51.811699
-46.587733
-60.899880
-45.980384
-58.922019
-48.821822
-57.513500
-55.578073
-77.138197
-52.780990
-71.959741
-79.311574
-55.253880
-52.760399
-59.150405
-69.669757
-62.650857
-52.281044
-50.420853
-58.079662
-92.781516
-80.080163
-77.377299
-42.237214
-63.422451
-80.699010
-51.388795
-48.600138
-58.751593
-69.600254
-67.607466
-62.915971
-56.243419
-80.107580
-49.927290
-63.182265
-51.572994
-78.433416
-83.306449
-71.029935
-72.646922
-87.174670
-69.449601
-74.859925
-55.137734
-63.169402
-73.692335
-85.513593
-70.455213
-57.522816
-49.698629
-82.418203
-82.936215
-53.818974
-78.237681
-80.068457
-59.479614
-97.061260
-58.592108
-66.741960
-69.668408
-56.376310
-65.143659
-73.379539
-56.020808
-60.588382
-41.898261
-45.418463
-57.953884
-60.268567
-57.304881
-73.894486
-65.978770
-67.026576
-80.539883
-59.648957
-68.199268
-92.537460
-42.285953
-74.999746
-78.113035
-58.764726
-54.879436
-52.382101
-71.324375
-52.804436
-60.511664
-58.617837
-59.923168
-71.991871
-60.488454
-73.246370
-61.163284
-68.265264
-74.664437
-75.658585
-76.765572
-47.878837
-72.112442
-67.009807
-69.803971
-83.023332
-60.968847
-69.601717
-58.535947
-83.939124
-81.132702
-57.225040
-52.104203
-74.495240
-63.512461
-53.273902
-45.369467
-57.442409
-76.752590
-78.276163
-64.837579
-59.914674
-78.942315
-65.684249
-75.794765
-55.608946
-81.854556
-86.699441
-47.553667
-70.056013
-91.201176
-72.285192
-79.676622
-65.658058
-47.280894
-76.444296
-73.759351
-63.041991
-44.367535
-71.739482
-71.280152
-65.544413
-81.296035
-60.845858
-69.992326
-64.575436
-69.223632
-58.523285
-81.216103
-72.574150
-52.741103
-75.038859
-50.019978
-69.072663
-54.871576
-61.289432
-75.091504
-51.655035
-66.659004
-67.249661
-81.305676
-68.891526
-63.418565
-48.255751
-54.816660
-46.509270
-81.398809
-76.618377
-64.867820
-66.095339
-74.593317
-63.134594
-77.557382
-59.545674
-64.071055
-65.139976
-70.732460
-66.610494
-88.634996
-61.548327
-62.411279
-78.895800
-75.382835
-54.299521
-71.446724
-50.203209
-64.523092
-59.361644
-58.641557
-90.616988
-83.148916
-55.213715
-71.049077
-57.656315
-42.535504
-62.544395
-60.061351
-54.239737
-60.683970
-44.326097
-51.982161
-29.620585
-40.227082
-65.031486
-57.059048
-58.101482
-63.732382
-57.201632
-58.589447
-52.464727
-74.778659
-87.429262
-78.853191
-56.666328
-50.768819
-81.293523
-69.795606
-72.139627
-43.234152
-74.601291
-69.687946
-74.529278
-35.656091
-76.001912
-55.698840
-58.733275
-72.768424
-86.809968
-66.630994
-52.310123
-71.547001
-81.447861
-48.365805
-58.983811
-70.651710
-68.644010
-66.742319
-67.664033
-66.384424
-57.365155
-73.485276
-87.485851
-40.086767
-35.086363
-69.994604
-41.485173
-56.544613
-60.687812
-77.276045
-87.562665
-66.575014
-61.840424
-69.904780
-49.499798
-85.617702
-47.118384
-75.761009
-54.790537
-61.626550
-75.900324
-82.405571
-67.096151
-65.760223
-70.057859
-41.189211
-57.183349
-49.346388
-55.968409
-54.923239
-83.335897
-65.289357
-67.469915
-59.959655
-56.783834
-91.738213
-52.345967
-61.442838
-72.470411
-65.481410
-73.128380
-42.397823
-74.947393
-78.670859
-68.921993
-49.189216
-72.413118
-68.235690
-83.329649
-72.871664
-58.972608
-86.423558
-77.254792
-52.528052
-64.753392
-66.865894
-79.432027
-72.003704
-53.411332
-83.111229
-59.956812
-76.594645
-61.984528
-63.644788
-84.410752
-59.202530
-51.977498
-45.550448
-80.504070
-56.524351
-85.101458
-60.955955
-74.791895
-40.925033
-62.882902
-79.745152
-65.649363
-47.957623
-60.920294
-57.220279
-79.946102
-51.332273
-52.284744
-89.947842
-54.884314
-50.963301
-45.976953
-66.258995
-57.213008
-63.092496
-73.184432
-80.601398
