-66.659214
-62.154299
-73.667081
-54.394127
-74.970734
-61.455333
-52.993888
-56.812018
-57.045078
-77.662759
-51.123734
-55.912479
-54.609455
-74.482627
-62.651731
-67.603762
-59.985081
-57.063635
-74.976180
-66.130034
-67.866270
-73.397625
-49.248687
-58.091488
-47.885907
-91.706518
-59.666094
-67.123484
-60.316549
-59.329337
-59.007066
-61.993948
-60.040966
-67.145003
-61.709514
-64.626465
-85.616132
-56.442437
-56.964292
-59.019257
-56.719554
-59.528703
-68.009100
-68.858429
-80.037175
-69.949655
-81.100243
-48.086213
-79.477864
-69.348043
-54.848447
-50.656154
-44.125032
-64.831701
-79.071596
-74.675183
-96.354309
-64.301513
-70.463312
-63.550237
-91.243542
-56.271230
-69.671090
-66.318707
-59.631852
-71.092789
-93.803651
-51.458748
-45.884774
-65.122807
-62.188840
-67.684394
-71.370588
-59.323784
-77.969660
-52.557916
-81.758901
-75.888635
-63.254460
-48.966479
-64.947006
-48.271348
-70.414612
-46.272691
-62.319464
-62.029257
-72.744146
-51.179767
-59.814664
-63.363265
-62.650807
-53.050997
-77.352341
-76.402654
-44.714196
-52.282331
-75.288269
-55.289895
-67.181883
-83.668298
-67.556382
-93.572451
-58.767330
-96.425763
-87.722315
-65.303405
-86.769789
-63.291723
-72.165844
-57.625197
-63.083597
-52.389919
-64.923708
-66.758181
-58.087954
-75.063803
-60.381718
-68.854952
-65.495141
-64.450236
-97.338591
-66.001953
-52.983683
-72.366366
-80.023152
-83.962465
-76.035052
-70.623192
-72.060471
-62.561468
-59.779522
-91.759048
-69.780738
-53.905929
-63.220513
-61.430181
-62.104789
-62.293315
-73.441422
-53.366566
-76.643475
-79.478972
-63.751437
-59.996280
-57.697487
-78.638019
-61.693579
-59.119762
-71.948233
-63.580474
-56.977179
-63.361966
-43.472184
-64.667512
-61.323321
-80.271773
-83.141743
-86.627110
-74.916420
-75.482080
-65.244735
-71.609531
-65.743214
-67.376915
-86.176212
-89.693132
-69.751737
-80.419212
-74.672521
-53.961568
-66.427001
-59.659166
-76.366244
-48.556151
-76.411614
-67.194593
-48.704076
-87.965602
-58.372358
-57.237467
-41.563850
-80.491590
-63.420417
-68.053976
-56.444863
-54.245738
-68.187319
-70.999422
-72.772141
-54.740099
-52.062697
-57.115620
-73.117828
-46.873923
-58.232616
-54.571956
-53.562194
-65.115743
-78.713069
-57.923694
-52.571642
-74.492554
-58.022096
-78.006364
-62.488817
-71.555160
-59.176054
-45.344671
-66.978064
-58.734559
-55.250621
-52.710927
-41.111518
-71.748457
-73.956761
-82.088745
-61.580268
-42.694558
-82.878982
-71.298246
-79.184081
-102.374020
-74.868891
-56.253482
-56.571367
-65.439256
-61.289097
-48.223386
-71.046202
-70.219749
-57.769985
-48.127798
-72.565773
-63.574878
-103.259075
-48.009020
-70.325443
-46.285726
-68.574192
-61.222807
-72.136267
-53.961210
-51.965960
-59.805594
-81.262278
-80.318989
-78.627778
-66.013143
-56.141129
-79.519112
-87.679434
-62.018836
-57.700928
-71.424079
-72.490165
-49.974163
-66.751250
-71.130113
-63.376036
-81.693730
-67.761435
-75.459730
-44.915163
-92.904787
-57.058414
-57.587365
-60.772369
-71.696596
-70.495966
-77.667937
-77.364725
-68.263146
-64.266361
-58.798881
-67.493664
-64.531160
-69.662949
-80.550345
-83.454718
-71.119794
-73.679483
-68.155743
-75.647894
-39.885165
-70.132987
-61.707833
-82.539405
-73.925245
-58.930524
-80.846915
-65.029842
-75.456274
-59.291719
-70.183318
-74.411955
-90.761152
-73.723869
-75.630549
-59.915335
-60.892027
-61.206108
-72.607056
-77.137274
-94.824906
-80.082946
-77.496293
-54.529216
-78.087510
-86.626180
-54.848769
-64.027552
-55.382626
-66.766955
-78.215148
-69.177346
-63.352322
-76.481408
-46.380841
-79.146493
-53.801704
-63.339920
-60.631876
-54.144652
-71.656148
-77.399769
-62.229910
-58.277706
-64.186680
-55.631609
-57.823439
-60.802525
-61.861647
-49.684593
-60.228571
-67.467179
-53.494646
-65.745404
-70.913061
-83.460447
-64.204030
-79.653204
-84.255767
-67.864058
-72.193859
-51.295275
-87.444059
-59.895169
-79.433273
-80.531683
-72.475395
-69.249098
-46.775234
-68.941597
-82.112753
-75.092615
-76.897638
-50.714081
-35.902775
-89.365079
-52.251334
-77.286279
-59.489145
-79.700636
-68.329771
-69.304932
-84.171768
-82.204298
-57.333336
-26.862383
-66.544957
-60.327423
-73.106299
-64.433284
-58.390697
-59.782724
-60.800766
-55.736645
-64.976307
-46.982295
-65.977161
-83.288699
-60.557654
-81.402946
-48.790485
-69.295696
-67.917247
-83.632858
-66.600566
-94.822914
-68.319590
-61.872795
-85.726952
-55.868723
-56.863355
-67.618540
-70.822291
-48.761024
-46.955237
-75.494213
-81.076611
-45.421670
-62.096055
-50.220880
-62.752272
-46.298307
-85.087104
-63.877249
-42.481138
-80.662801
-79.404097
-67.222136
-80.323130
-68.460701
-57.884059
-69.852137
-64.734546
-69.643706
-59.091377
-48.388078
-84.371104
-61.470294
-73.196378
-82.045768
-67.344579
-70.905912
-58.774110
-58.454328
-62.529385
-67.077341
-67.780544
-56.654319
-78.114175
-74.489429
-57.126389
-75.724779
-62.465135
-79.988356
-60.563673
-62.593152
-70.200773
-47.666426
-43.705790
-74.561435
-52.836275
-94.041452
-57.782824
-59.781257
-79.224131
-53.313993
-54.259399
-56.797642
-70.146425
-64.827036
-77.219605
-68.803706
-77.435217
-51.866491
-67.668354
-81.569882
-66.836648
-71.816687
-63.305199
-82.875610
-64.007888
-50.230225
-52.546779
-46.444466
-90.914206
-56.417889
-78.873203
-54.688191
-81.664955
-72.870179
-60.060835
-63.124606
-80.929941
-48.101276
-64.601111
-74.871044
-56.926004
-82.138983
-45.946344
-79.251182
-62.464337
-64.043300
-60.625013
-74.250524
-72.212846
-57.011037
-66.450806
-67.773932
-49.527709
-79.885614
-64.230555
-54.043545
-73.221397
-70.461734
-54.562859
-57.701381
-60.624657
-76.442853
-54.466313
-61.782958
-55.974529
-73.435334
-76.450595
-64.800157
-60.288485
-69.898215
-47.714721
-98.948502
-82.142886
-70.610821
-56.868305
-84.564016
-70.780402
-56.848475
-66.627539
-67.434668
-54.344082
-60.983517
-50.620661
-80.122058
-50.032587
-58.221877
-92.177783
-61.331631
-97.444696
-54.629563
-68.004026
-49.174147
-71.730961
-66.029347
-80.147931
-74.185613
-66.805817
-47.921717
-51.483250
-74.343271
-62.628678
-68.637580
-61.453166
-92.564486
-66.339438
-79.380216
-56.466971
-74.415324
-55.174711
-63.378251
-68.995117
-67.516223
-75.599921
-57.460640
-52.455435
-66.663010
-80.653150
-77.901877
-81.274312
-91.755387
-53.109774
-60.975170
-65.148397
-71.773060
-57.340700
-81.514224
-60.462699
-49.629207
-78.071151
-79.531170
-92.656341
-77.572160
-69.184251
-67.576626
-86.148040
-52.240905
-62.628384
-64.728973
-40.813804
-68.853218
-61.547738
-61.504989
-84.770694
-59.986948
-52.768422
-64.063172
-79.476503
-81.885514
-48.187304
-68.248103
-69.465051
-59.176596
-58.625046
-62.015033
-73.026114
-87.246712
-57.855411
-81.983182
-62.416674
-50.051086
-49.606847
-79.301379
-54.910788
-72.200074
-81.511125
-56.176011
-84.340270
-49.199119
-81.430810
-77.797931
-80.698847
-66.985910
-45.542706
-53.044605
-59.702153
-76.485131
-70.241608
-67.246735
-74.710936
-71.991762
-77.176929
-61.991112
-49.934717
-60.651135
-61.481383
-74.524173
-92.113615
-66.404219
-73.529574
-73.855340
-48.281574
-65.233223
-65.489696
-64.322884
-60.708148
-71.296286
-62.369779
-56.067244
-56.492435
-63.560220
-82.791131
-83.294841
-72.048582
-68.134680
-54.375798
-81.582205
-48.477171
-49.641705
-83.049406
-76.644963
-60.332066
-69.886486
-91.286496
-70.326147
-69.605273
-47.674513
-81.221741
-63.937917
-66.995451
-68.815329
-73.811239
-74.225421
-67.239848
-44.363769
-67.489611
-75.690705
-58.152881
-79.359732
-76.686966
-46.793224
-79.133844
-56.932349
-76.489811
-57.332150
-66.076813
-45.786226
-63.102569
-65.255725
-46.682381
-67.290663
-88.016953
-64.860757
-46.401131
-88.051665
-61.504868
-60.002369
-77.000680
-69.000394
-42.935341
-92.010799
-63.145142
-64.293656
-51.772524
-74.972671
-64.213028
-56.933257
-78.946720
-57.625977
-71.517452
-61.437000
-47.950527
-55.193744
-66.867476
-52.309146
-70.342473
-90.566009
-73.948107
-61.295568
-52.563376
-68.278205
-56.429037
-74.341037
-73.377308
-60.207062
-59.372031
-65.001551
-74.714936
-70.818360
-47.476967
-60.564780
-60.274172
-79.602086
-53.211497
-93.934632
-70.761439
-72.840350
-53.128052
-71.172371
-85.863872
-65.266588
-56.851635
-63.231674
-71.267979
-55.223896
-81.383205
-67.345707
-48.973920
-51.041794
-54.411555
-72.573110
-56.725173
-62.086803
-60.872868
-57.975176
-56.833757
-85.875098
-55.610953
-59.850521
-75.713491
-93.645307
-50.620448
-61.610667
-70.932073
-60.057400
-83.988995
-73.695655
-70.953751
-70.396425
-68.741304
