-596.861366
-547.366364
-616.059829
-593.670817
-653.451042
-591.521104
-544.439760
-594.824424
-611.461642
-550.560528
-655.594335
-648.192618
-632.918424
-530.786945
-615.282264
-592.094085
-589.963295
-552.036244
-532.661785
-618.488706
-590.457390
-609.396792
-646.611221
-607.541559
-579.722783
-636.374724
-618.135085
-599.423622
-528.936787
-636.440867
-575.548600
-576.984581
-610.597097
-582.512105
-566.339043
-564.848173
-633.232508
-591.095816
-568.589454
-555.438111
-inf
-618.566019
-562.977029
-584.184039
-566.802809
-569.226604
-556.970166
-557.386213
-571.602226
-530.472490
-670.327899
-576.106751
-560.747739
-548.526371
-552.955752
-573.243911
-624.578705
-592.801228
-643.996707
-606.973717
-552.897033
-599.590422
-564.271950
-615.378822
-579.818995
-573.789802
-562.842033
-666.018429
-597.871770
-601.010475
-600.829320
-568.758113
-603.557565
-567.393694
-610.113060
-625.932315
-646.530408
-612.774433
-560.567999
-571.903199
-549.136110
-640.394963
-575.694659
-549.612447
-573.406554
-527.046808
-625.256413
-583.654941
-543.108371
-603.491047
-640.808116
-613.128543
-546.873942
-619.212258
-562.805118
-584.516782
-616.294355
-585.016192
-540.945554
-504.215304
-570.428886
-549.652657
-587.799537
-571.937440
-608.003255
-508.496105
-589.858809
-590.988346
-546.305781
-595.129298
-657.376699
-577.542014
-575.888099
-585.124281
-619.092495
-558.319501
-679.024321
-555.995377
-532.594045
-575.383029
-579.894873
-584.117020
-557.837460
-553.634418
-601.808315
-584.271970
-572.463614
-614.120153
-597.011677
-577.169513
-596.265855
-616.259895
-622.496875
-629.662507
-632.119224
-531.122790
-593.873605
-605.720280
-567.759287
-583.851660
-541.487543
-611.878049
-523.776202
-541.012168
-608.248285
-553.597878
-599.195100
-553.232535
-642.458245
-577.573301
-553.994596
-602.861438
-577.334246
-560.332083
-652.369645
-540.131846
-640.989472
-690.825128
-533.107886
-635.990636
-610.855944
-608.163207
-604.900218
-605.561266
-612.142326
-623.764642
-529.482338
-621.281576
-596.160605
-571.543503
-574.347440
-556.962109
-655.605677
-623.732538
-617.094949
-617.885047
-571.757423
-569.106956
-599.575799
-557.059360
-613.029243
-666.313726
-564.095944
-599.822791
-607.618572
-611.561108
-563.110584
-561.052292
-556.047401
-551.146757
-637.518862
-613.202320
-594.385062
-587.002625
-632.064886
-569.514863
-621.368536
-597.412911
-629.960304
-546.701608
-587.503341
-596.322576
-601.308210
-582.664456
-487.149286
-696.675287
-610.533608
-628.515574
-663.385585
-662.528180
-662.003918
-582.965622
-607.982577
-608.726080
-583.421892
-591.712012
-597.490789
-589.267260
-559.552403
-585.948088
-554.695488
-571.268119
-552.443714
-644.554057
-560.989149
-645.141534
-564.710748
-591.308474
-592.745857
-636.772112
-584.130606
-552.941830
-567.108717
-558.377969
-inf
-636.996735
-inf
-585.979333
-557.025200
-586.863816
-675.990019
-582.166833
-537.184336
-569.420795
-645.909070
-601.046752
-597.729742
-593.626894
-647.558306
-578.538365
-553.192466
-591.230780
-595.454726
-556.149064
-575.656081
-625.182944
-593.871556
-582.081234
-538.628587
-607.319435
-622.380377
-598.210515
-607.129059
-551.408111
-526.843269
-648.823857
-548.006388
-582.048776
-641.175335
-538.318832
-655.464879
-576.609582
-579.131385
-570.412136
-585.526832
-640.654398
-589.723589
-598.741385
-574.731824
-533.093856
-591.952287
-609.095002
-615.416431
-619.437023
-559.333401
-568.931594
-594.534278
-596.670814
-579.478393
-552.832229
-698.500157
-569.085009
-607.623540
-578.179497
-554.269630
-612.214329
-570.654813
-606.375057
-596.021237
-554.007728
-557.253107
-604.104072
-540.742620
-553.376828
-595.174931
-597.516209
-645.355348
-528.919464
-627.208336
-588.164698
-589.105446
-644.947797
-669.009745
-619.505072
-641.922146
-633.507678
-543.819827
-536.521778
-572.338720
-587.926927
-627.241544
-537.530478
-546.987949
-587.192052
-570.760949
-584.266290
-587.745222
-585.162308
-621.967231
-560.213725
-594.063722
-634.815307
-571.968842
-588.707194
-656.338112
-613.662433
-591.997385
-537.377450
-627.767837
-617.923193
-616.795798
-649.784734
-614.657216
-639.871047
-568.144233
-608.227332
-615.327121
-607.719595
-618.132678
-648.724618
-563.110598
-552.325578
-521.369680
-661.539484
-614.710487
-575.857955
-588.274093
-633.481725
-546.833801
-605.528290
-600.318352
-590.207369
-640.032510
-609.431939
-631.747070
-596.550940
-565.779203
-568.614392
-647.297471
-658.875800
-571.593345
-563.430926
-589.691579
-667.514955
-563.158362
-595.668862
-668.748252
-573.653366
-633.925861
-606.971562
-629.930604
-649.082917
-629.286343
-576.056351
-636.557452
-556.285383
-614.461842
-598.429916
-585.708828
-537.685591
-650.612112
-586.362305
-578.172802
-590.443073
-628.745762
-599.069683
-606.262705
-558.470818
-560.996812
-619.493113
-636.984381
-554.522302
-552.226369
-581.389794
-585.743107
-636.758528
-620.239973
-548.777641
-590.292112
-525.063128
-532.274890
-561.519153
-576.938194
-587.313546
-584.569020
-606.501705
-603.184204
-647.032870
-601.043860
-577.753180
-526.287661
-670.356734
-637.247715
-620.449575
-inf
-651.329722
-598.619719
-610.237154
-628.167549
-562.026352
-564.966836
-551.040148
-603.892270
-555.994198
-600.591292
-558.861015
-570.135368
-543.191901
-565.811373
-540.206172
-644.847941
-538.214615
-614.811787
-554.497233
-613.675649
-588.878346
-544.267175
-579.801343
-601.366524
-580.664883
-561.484097
-578.685198
-612.597603
-651.629650
-623.112375
-523.455823
-583.108486
-596.525393
-605.686210
-668.009820
-625.744806
-502.430340
-582.141054
-538.166398
-614.223440
-619.782770
-612.999471
-590.614203
-622.736863
-586.319479
-550.039073
-582.163184
-572.857412
-622.539491
-587.285901
-575.895965
-507.860973
-569.661651
-603.663466
-584.078594
-613.137192
-542.974405
-589.535094
-595.911165
-561.992795
-582.281307
-528.738235
-587.304490
-565.620653
-553.442185
-607.855161
-573.531622
-663.083817
-595.039051
-555.666025
-553.050497
-592.470226
-576.754416
-553.084476
-606.683805
-inf
-554.628888
-609.596741
-583.376058
-inf
-571.535596
-610.269639
-600.243463
-612.822613
-599.107173
-594.506919
-559.901704
-584.066597
-575.676552
-510.297811
-622.334228
-617.351854
-585.570277
-611.451379
-604.354094
-604.664414
-641.479747
-582.635383
-549.435230
