-31.943693
-24.254777
-20.224009
-19.810721
-30.637264
-32.009336
-34.755571
-29.216462
-16.612795
-28.214366
-31.535792
-26.569819
-29.322243
-32.769033
-25.274841
-38.292437
-32.693515
-20.808972
-33.865962
-30.818678
-30.520132
-17.768615
-38.748809
-26.434740
-28.051151
-31.834268
-26.498338
-25.415212
-41.261631
-28.558390
-20.604652
-28.631337
-34.072384
-14.584796
-36.756738
-27.205510
-34.680328
-29.945135
-23.994711
-28.388654
-20.011295
-37.472963
-36.749139
-44.719429
-28.214282
-24.472439
-28.883564
-28.146280
-22.383918
-28.409992
-30.631207
-27.536493
-19.968289
-28.600525
-27.202648
-27.491644
-32.732343
-37.615684
-21.823873
-34.333415
-27.700459
-27.309322
-30.279932
-33.762339
-29.982768
-21.406284
-35.614629
-34.751021
-21.348351
-33.504731
-22.786917
-34.724962
-36.197318
-26.311032
-22.633462
-27.069930
-21.873906
-31.575251
-37.115429
-23.918777
-23.830520
-29.397560
-27.222137
-26.958205
-44.457704
-21.423706
-30.830948
-28.841235
-28.568467
-20.071042
-17.369330
-21.641620
-22.470240
-21.858796
-25.378594
-24.116587
-29.790159
-31.580790
-17.208679
-26.573757
-36.281503
-34.461055
-30.999765
-27.994835
-24.535700
-14.966378
-30.441808
-33.144648
-24.831239
-27.544500
-32.864335
-40.907844
-31.787235
-14.991763
-36.371618
-33.928044
-42.289706
-21.624212
-37.407853
-34.765358
-25.228778
-28.637161
-35.256154
-31.842651
-28.724219
-30.632482
-29.904307
-28.719360
-33.010160
-27.296440
-29.212688
-33.631422
-21.450265
-28.244100
-27.885991
-15.266656
-25.007531
-28.002003
-32.041899
-23.635306
-30.827378
-38.764640
-33.418312
-40.683908
-26.999390
-30.222758
-26.782082
-45.896499
-36.149852
-38.405179
-28.475739
-41.096017
-30.722241
-28.596241
-35.459380
-34.156560
-37.238001
-32.331363
-18.605359
-40.002839
-26.951784
-42.529606
-23.774400
-29.467540
-16.798858
-42.037623
-35.564371
-29.801239
-32.885161
-24.331734
-33.761163
-38.267185
-29.784625
-33.717067
-36.077719
-25.169253
-24.115532
-22.781398
-28.782667
-34.068250
-35.789915
-27.502500
-24.199852
-28.383866
-40.649745
-33.519544
-27.533986
-35.816967
-36.082609
-38.075800
-28.493775
-33.218504
-20.362685
-28.231224
-30.424285
-29.260782
-26.706302
-20.240934
-40.176204
-28.524369
-28.546266
-36.597487
-38.172893
-37.463874
-23.430426
-26.854830
-19.320202
-34.776725
-43.769891
-31.889471
-19.993836
-20.790071
-15.514761
-27.670590
-31.939347
-32.011694
-31.810953
-21.686753
-33.146775
-38.561290
-35.380506
-27.754267
-29.966517
-27.469825
-21.784762
-21.612022
-33.421871
-27.210448
-36.960112
-25.226497
-25.296679
-32.257092
-38.090736
-28.164121
-20.523700
-12.548923
-40.685106
-28.818161
-26.055797
-29.002724
-41.120976
-36.467143
-24.966717
-34.219959
-29.234041
-23.407300
-27.376830
-28.364541
-31.764377
-36.547807
-30.752102
-33.512890
-14.072705
-29.517987
-27.932235
-36.581773
-29.315997
-25.622664
-25.732085
-36.822218
-39.326708
-34.791157
-18.156549
-28.945576
-27.265633
-35.963399
-29.074820
-24.234481
-29.482607
-24.314341
-36.507370
-29.422452
-34.542257
-31.620138
-37.703246
-29.733558
-22.783591
-39.859869
-37.868850
-28.241708
-31.831150
-40.289224
-29.154296
-32.738077
-26.652700
-28.585937
-23.411235
-39.250914
-34.065087
-40.597814
-23.016660
-31.377237
-24.513921
-32.895635
-28.104620
-19.707930
-32.727900
-32.473161
-43.351838
-23.682063
-19.164569
-37.333345
-30.944289
-32.114872
-33.292981
-36.421627
-26.174895
-25.003675
-30.134802
-24.310886
-40.150793
-33.206773
-25.651168
-28.241003
-29.563291
-35.573407
-26.144404
-27.463262
-25.765718
-25.205008
-18.056621
-37.513133
-24.228889
-26.787860
-26.171848
-37.854569
-26.938700
-28.469438
-29.553706
-24.806483
-36.825386
-28.802300
-34.145198
-29.460963
-27.838052
-38.866069
-16.987950
-46.182847
-23.666391
-36.250669
-20.793121
-26.866245
-26.230919
-27.033138
-27.536810
-25.145750
-29.932300
-35.185878
-36.204131
-36.945066
-21.046584
-22.765195
-27.177995
-26.439757
-36.295316
-41.134874
-25.496333
-26.719297
-23.001096
-35.444391
-35.797154
-19.995002
-20.730810
-28.526385
-29.906692
-23.094640
-32.836217
-23.727214
-31.956489
-26.646507
-24.592723
-34.783365
-20.203083
-36.967614
-27.008049
-24.439538
-18.324096
-39.411074
-23.033907
-31.313445
-25.784720
-35.602885
-40.847561
-36.498065
-26.912869
-17.428097
-35.166982
-26.440006
-35.204983
-24.542469
-16.268666
-27.135904
-36.376625
-27.095434
-28.107894
-39.325304
-27.399560
-42.476277
-25.483608
-34.330924
-28.076477
-16.912617
-37.473790
-31.846597
-27.520338
-29.340635
-30.859710
-32.223840
-20.600067
-27.736607
-31.814690
-33.954754
-32.766258
-37.958580
-27.793459
-41.221091
-35.209093
-32.474108
-26.967662
-20.704873
-19.040143
-35.243614
-24.577182
-30.179789
-22.015703
-14.714181
-30.340838
-31.340639
-24.237274
-35.861253
-27.590082
-35.987182
-35.553292
-17.288616
-34.439633
-37.955596
-18.997597
-37.260331
-33.287596
-24.563015
-24.614226
-35.672368
-21.678037
-30.790890
-28.084741
-30.815574
-28.143397
-23.777383
-38.413816
-33.024638
-29.043230
-20.489093
-21.685386
-36.403404
-30.097339
-28.820391
-30.001792
-25.459773
-29.679535
-36.234658
-41.119496
-29.575636
-25.632075
-31.554990
-30.354179
-15.139621
-38.728663
-28.580941
-31.259769
-18.338693
-26.346633
-29.303703
-18.408334
-40.580619
-25.111886
-24.791421
-26.646842
-34.835575
-30.870814
-38.606603
-22.723648
-14.903694
-27.832308
-34.286200
-20.068833
-14.000327
-31.528152
-27.332054
-19.479774
-36.958930
-31.717673
-32.318943
-33.495740
-21.306085
-36.923167
-22.115378
-23.049637
-24.027906
-26.763573
-20.866208
-34.309508
-32.989358
-27.815143
-23.066050
-23.267782
-35.846747
-24.427117
-28.255045
-32.676190
-17.878506
-18.565829
-31.268104
-29.287510
-29.121572
-33.911357
-35.219855
-33.143361
-26.705428
-30.364413
-26.933736
-19.256613
-39.297766
-29.367481
-22.578017
-37.027304
-25.913527
-24.826637
-19.359415
-23.094881
-28.452865
-27.043983
-34.103570
-22.711174
-23.989321
-31.178307
-36.193284
-31.515301
-29.315446
-32.181626
-32.278524
-33.790922
-41.579343
-24.104432
-36.721243
-36.799163
-26.618445
-29.709772
-13.406382
-21.662897
-31.235075
-26.118346
-30.754490
-28.160927
-27.706014
-20.468172
-27.395615
-29.344291
-37.087150
-23.097062
-19.922257
-39.372021
-37.046050
-25.081642
-25.605245
-38.779242
-33.525484
-19.161812
-27.068435
-37.397323
-32.954067
-34.851637
-22.498086
-40.996382
-27.537867
-29.780785
-30.315505
-36.309901
-22.783488
-37.907454
-29.102432
-25.106931
-23.487814
-32.620859
-31.768260
-25.049446
-35.406657
-39.549337
-35.105548
-25.051319
-30.329256
-41.037054
-17.766505
-26.737423
-17.768248
-12.743609
-39.199037
-23.461979
-34.161758
-23.818481
-23.559045
-23.863000
-34.703248
-27.092704
-28.573354
-23.546093
-29.689694
-20.892250
-25.326940
-28.614684
-35.913307
-29.258674
-24.221400
-30.707799
-31.929771
-30.649838
-22.056097
-27.647953
-30.296071
-19.045944
-48.527649
-20.452102
-33.919235
-17.274430
-39.410114
-18.298179
-29.814807
-24.546776
-30.042708
-29.287643
-24.334121
-13.049536
-48.835758
-23.264779
-22.662295
-28.475385
-36.376805
-33.952129
-30.298044
-32.415668
-29.231415
-28.976674
-27.663715
-17.271740
-39.629526
-23.834116
-30.583559
-37.094844
-33.400254
-29.525445
-37.707762
-26.331796
-24.881863
-21.102364
-24.480953
-34.183765
-37.973768
-35.834222
-20.521173
-30.305476
-30.425492
-29.786606
-30.966760
-20.312051
-37.537644
-25.352593
-31.113334
-29.676884
-42.449835
-29.643330
-33.803735
-29.419963
-20.290327
-34.418553
-35.791663
-25.173964
-36.092910
-27.987033
-34.246890
-28.742299
-31.284192
-30.252068
-23.834151
-18.898667
-31.472959
-29.087979
-18.213983
-23.947996
-26.379549
-40.679903
-27.918813
-27.442275
-31.877674
-35.482784
-20.175088
-37.193392
-25.836689
-27.866289
-27.738748
-29.412787
-22.597498
-25.024182
-27.227297
-24.446024
-25.053938
-23.363760
-32.668259
-35.902366
-27.573575
-22.836425
-23.032661
-27.206621
-31.028357
-32.049234
-23.133798
-30.841899
-29.836019
-32.460038
-25.296431
-20.765017
-24.837024
-36.051278
-15.859996
-31.055859
-27.680285
-28.606524
-28.888655
-30.731037
-27.360904
-32.494523
-29.164257
-24.588279
-29.486593
-30.054209
-29.805230
-32.910834
-26.670460
-23.837499
-29.232035
-30.100962
-24.126732
-28.184880
-28.329453
-26.508781
-32.500500
-40.166356
-22.243025
-22.125499
-29.980247
-37.285464
-24.623666
-35.972607
-21.095506
-31.451648
-33.541948
-35.333457
-36.589845
-21.922327
-29.640733
-24.931847
-28.802671
-23.867687
-29.929127
-22.325666
-28.616795
-29.998466
-25.996056
-30.696217
-17.459053
-26.765284
-27.272590
-42.193062
-27.403983
-24.851953
-22.799798
-31.916732
-21.607109
-31.567059
-30.602037
-33.414478
-27.371319
-33.732737
-31.091748
-32.141785
-35.159047
-33.492099
-33.406535
-24.204558
-30.683668
-25.939927
-36.098247
-26.112072
-27.253774
-34.381854
-32.520685
-22.719315
-39.013943
-39.007029
-41.066557
-37.533618
-29.350232
-26.093256
-34.147393
-14.566886
-29.333859
-27.493305
-35.860078
-38.286264
-24.854355
-28.572724
-29.361563
-33.104194
-34.249401
-49.756920
-24.348493
-35.608014
-27.006084
-25.012897
-30.439786
-27.139882
-36.481926
-34.878177
-29.083533
-24.422367
-44.050527
-32.712331
-23.065313
-37.188783
-35.279483
-24.604121
-30.319506
-29.165818
-22.591086
-18.414705
-34.934333
-36.414691
-24.634999
-41.454373
-36.660496
-33.003736
-35.435445
-37.128452
-19.377023
-26.528114
-33.163926
-29.486418
-26.178530
-27.027154
-25.329325
-30.989730
-27.408813
-38.418249
-28.444819
-25.678369
-44.265879
-25.794241
-33.926265
-36.572909
-15.417551
-26.233812
-30.107419
-28.839475
-45.514256
-29.160298
-19.730410
-40.304953
-29.584883
-41.352260
-17.186187
-33.923595
-25.154495
-35.786041
-33.426936
-26.850099
-30.338148
-24.922253
-29.525535
-34.724967
-25.575565
-22.467524
-29.970702
-26.183530
-24.990257
-30.162325
-32.277234
-33.017604
-29.505678
-40.946906
-18.642162
-28.367934
-30.239888
-33.933544
-31.996330
-35.369465
-22.200694
-30.861994
-40.699887
-27.686873
-31.932345
-40.248975
-33.995446
-28.726295
-20.862510
-21.336496
-31.034613
-27.634929
-19.158682
-33.038644
-36.659213
-30.392739
-22.714351
-40.264730
-34.160394
-34.064271
-42.958344
-34.862291
-39.881737
-31.024440
-39.618817
-36.836970
-18.853967
-25.860683
-34.904189
-27.782850
-16.320860
-34.859125
-23.409839
-19.886364
-28.696046
-28.928723
-29.194981
-25.531406
-25.414850
-23.767883
-33.582105
-21.694915
-18.890214
-24.028260
-26.772635
-33.242913
-29.336028
-31.726032
-22.087808
-26.022716
-20.717936
-39.385303
-34.836803
-30.413083
-19.950006
-30.988016
-27.203117
-35.348322
-35.592472
-19.620426
-30.908946
-27.832553
-33.388047
-30.958710
-22.008044
-25.572148
-30.519736
-20.463946
-26.894719
-32.177361
-22.290878
-28.379544
-28.934679
-16.094778
-25.778274
-34.209693
-36.670077
-35.390459
-35.045894
-22.047637
-28.136448
-23.040779
-24.334120
-28.091226
-26.614090
-26.110148
-26.314470
-15.281672
-26.265230
-16.841862
-33.430589
-32.469768
-39.102567
-22.963094
-22.140212
-24.464454
-37.086794
-31.749494
-33.254137
-33.148676
-26.108072
-32.272643
-30.661098
-24.747070
-32.932998
-23.233634
-31.978668
-34.283992
-29.164174
-33.272197
-33.793095
-25.060284
-38.599684
-28.080190
-42.956048
-22.963436
-27.237658
-32.405522
-32.884538
-35.626265
-26.148868
-33.427381
-34.346967
-26.200435
-44.560397
-16.878573
-18.387244
-24.405201
-43.482857
-21.459965
-22.019007
-23.373341
-27.348441
-30.733256
-20.436743
-28.933030
-32.638182
