-0.062550
-0.274317
-0.003666
-0.049002
-0.268672
-0.014026
-0.000249
-0.005230
-0.082917
-0.038518
-0.004091
-0.012421
-0.000185
-0.081408
-0.078423
-0.028029
-0.006327
-0.298580
-0.064373
-0.025124
-0.042457
-0.013269
-0.003634
-0.224939
-0.014161
-0.177181
-0.004060
-0.105168
-0.065162
-0.016261
-0.114130
-0.060783
-0.084532
-0.000261
-0.277461
-0.000918
-0.004146
-0.145581
-0.000568
-0.001068
-0.016463
-0.194625
-0.152709
-0.022406
-0.005516
-0.178698
-0.154199
-0.363505
-0.095757
-0.004184
-0.011839
-0.039699
-0.035921
-0.023433
-0.009794
-0.001160
-0.025674
-0.002785
-0.050187
-0.008233
-0.130235
-0.005575
-0.057274
-0.214548
-0.007500
-0.032018
-0.371670
-0.001994
-0.000218
-0.051448
-0.056520
-0.010170
-0.237898
-0.011004
-0.085387
-0.072186
-0.083401
-0.670238
-0.022374
-0.003486
-0.002425
-0.813286
-0.099464
-0.001636
-0.261608
-0.000618
-0.014957
-0.106521
-0.017030
-0.014090
-0.936090
-0.048236
-0.748009
-0.019199
-0.117479
-0.000054
-0.014755
-0.015204
-0.706264
-0.003797
-0.000961
-0.003940
-0.248611
-0.018453
-0.001415
-0.047372
-0.461355
-0.043905
-0.546465
-0.042064
-0.036670
-0.063716
-0.091183
-0.001167
-0.186958
-0.000353
-0.000951
-0.088732
-0.234868
-0.007403
-0.132071
-0.042989
-0.042451
-0.228904
-0.027789
-0.004643
-0.006706
-0.028753
-0.021186
-0.004000
-0.901758
-0.003240
-0.046393
-0.003269
-0.020169
-0.171743
-0.001884
-0.004871
-0.261037
-0.005013
-0.046528
-0.005328
-0.011202
-0.194074
-0.000070
-0.050201
-0.000854
-0.131260
-0.002672
-0.107446
-0.041499
-0.016912
-0.033935
-0.369547
-0.028157
-0.033273
-0.246070
-0.002792
-0.105623
-0.195491
-0.022445
-0.014641
-0.000426
-0.001368
-0.185235
-0.347888
-0.015626
-0.112853
-0.019503
-0.232270
-0.004105
-0.011464
-0.068166
-0.026859
-1.121683
-0.002410
-0.133634
-0.048329
-0.020639
-0.136251
-0.002457
-0.302809
-0.350231
-1.696072
-0.260135
-0.608234
-0.044705
-0.028102
-0.016216
-0.378622
-0.013993
-0.143151
-0.020621
-0.044285
-0.299959
-0.012765
-0.011364
-0.159545
-0.002875
-0.018081
