-46.126146
-63.722405
-57.006671
-30.867915
-55.436915
-44.679315
-58.473434
-58.993930
-59.714948
-39.070392
-66.427650
-25.754647
-76.675334
-74.443130
-70.080383
-56.485154
-51.894349
-49.068672
-43.427071
-54.410307
-41.215319
-22.881046
-57.519404
-43.533089
-52.579163
-45.700303
-52.741437
-64.710724
-62.091624
-59.811776
-45.144869
-67.004128
-60.808107
-49.207932
-59.083116
-57.610457
-62.604044
-60.164464
-59.940008
-44.706616
-50.079679
-58.914961
-47.432853
-55.450516
-59.648786
-47.964946
-68.393312
-46.344680
-50.470583
-47.401369
-56.131575
-51.254564
-47.254362
-64.138270
-72.915698
-55.400815
-68.699061
-47.126178
-60.391769
-55.415586
-49.800621
-53.720169
-50.524760
-53.455224
-66.118395
-55.517315
-75.276319
-55.324292
-48.244456
-50.498957
-47.669072
-68.913966
-46.046441
-57.469433
-38.946795
-65.031326
-48.460134
-32.371262
-40.035345
-35.262315
-38.303045
-55.385271
-60.859885
-43.471330
-70.800886
-41.952069
-69.254892
-76.957002
-52.666830
-30.204975
-46.208225
-32.041153
-53.034140
-35.428241
-36.593053
-69.850138
-71.612037
-34.261507
-68.718929
-61.858639
-61.271409
-67.263704
-48.228134
-68.389655
-39.010070
-47.402765
-51.789620
-68.822597
-71.748547
-28.716280
-65.469643
-38.523505
-37.920311
-53.094319
-58.881166
-57.902992
-46.989255
-43.487382
-60.773834
-55.754674
-26.610124
-76.307597
-42.124946
-27.981617
-59.311301
-49.302784
-60.191539
-60.628027
-62.861476
-56.951818
-46.439071
-42.567445
-47.589096
-56.302568
-59.060961
-58.574310
-59.245464
-36.697026
-44.138634
-46.525252
-39.387353
-60.838980
-44.957164
-38.324248
-54.345756
-57.947387
-55.453432
-56.058181
-56.549869
-45.123824
-66.199998
-53.129484
-55.726892
-27.168354
-47.536100
-61.854481
-60.183056
-44.494439
-47.522994
-53.882783
-59.630717
-59.325621
-53.724615
-46.566313
-65.040536
-46.154131
-47.068126
-54.182082
-63.457474
-34.632002
-53.100880
-46.042178
-54.789940
-66.285488
-60.106597
-49.849682
-38.487974
-79.106200
-63.703777
-39.368041
-39.615560
-50.377323
-47.509128
-53.580966
-39.755304
-55.327003
-38.176018
-39.096103
-50.222579
-50.389846
-39.708426
-66.963962
-64.318982
-43.260969
-31.273612
-46.499446
-53.605703
-54.017764
-35.875901
-42.574700
-67.066188
-61.253660
-60.232714
-56.554172
-64.693909
-65.889197
-52.174525
-66.907766
-57.891790
-51.122373
-34.249659
-65.994853
-64.933823
-42.059345
-47.479510
-64.549107
-46.884670
-45.312509
-69.995615
-48.713392
-50.725556
-47.738987
-64.381448
-41.764168
-62.423719
-58.602978
-57.751916
-63.481979
-42.624198
-40.730136
-35.589842
-43.284149
-53.691719
-72.986657
-26.832862
-61.077594
-58.523312
-81.764831
-51.020296
-44.346417
-74.144433
-68.830858
-55.748939
-44.526466
-27.608573
-28.634819
-52.757256
-51.812475
-47.224619
-49.063037
-47.942276
-56.317844
-47.899121
-47.532407
-49.855863
-48.205517
-69.695251
-55.003932
-65.866677
-57.866514
-37.073125
-58.193277
-48.581185
-60.235638
-39.609204
-38.961078
-46.466083
-65.610202
-43.651400
-82.752893
-47.168909
-40.697097
-41.827316
-33.800588
-38.379157
-31.764560
-60.196243
-42.592992
-75.035839
-53.920247
-40.994414
-60.307739
-40.118213
-36.270057
-37.301122
-64.827716
-76.237918
-65.596360
-60.277497
-58.240854
-55.893287
-57.798398
-57.341546
-70.758563
-36.505480
-42.683110
-70.814761
-51.851323
-66.839956
-51.429183
-46.703658
-49.242684
-53.332164
-55.426808
-44.330419
-45.134902
-43.082723
-50.369426
-51.414970
-61.090009
-45.073491
-55.350165
-78.125816
-41.561155
-41.669983
-55.059681
-52.506362
-31.924025
-48.693148
-51.989487
-35.212153
-58.038096
-53.424275
-61.216997
-52.905233
-43.482413
-34.011448
-41.361977
-52.196509
-36.353986
-59.166817
-55.163027
-44.617261
-49.990088
-50.654964
-45.154673
-46.055769
-54.334322
-42.691984
-47.051396
-19.622712
-48.916698
-45.346847
-57.444618
-60.597470
-45.380010
-60.569792
-55.731814
-58.404139
-33.016449
-66.890652
-36.253863
-60.700782
-48.740337
-34.442853
-42.128983
-28.195914
-46.291370
-27.469416
-38.093248
-55.106642
-40.014176
-59.125372
-50.400047
-58.256422
-61.622567
-56.605223
-32.663482
-63.292387
-74.999661
-37.636857
-59.253156
-66.406197
-53.827105
-37.798602
-68.506712
-49.937592
-40.549177
-50.315671
-37.784660
-82.017975
-48.080648
-58.423580
-74.083185
-58.504199
-79.838674
-54.739434
-31.803956
-55.261214
-54.526670
-48.427964
-50.492611
-60.508460
-59.538044
-46.344944
-65.942738
-78.631052
-37.978063
-55.642754
-48.589831
-64.218214
-50.359558
-60.008439
-52.494416
-81.723353
-43.559619
-44.814559
-35.153017
-35.790052
-39.254661
-74.153949
-77.324795
-53.387133
-29.456428
-56.825806
-52.548102
-45.520938
-41.192765
-67.450381
-59.455371
-65.633178
-69.589886
-50.528019
-57.395299
-62.282367
-46.469875
-67.022074
-47.172278
-71.903399
-49.374642
-69.170980
-53.286996
-53.960859
-36.343558
-36.017691
-73.356137
-49.351270
-60.455086
-58.740043
-56.764267
-67.255233
-61.675949
-23.340750
-70.655444
-56.624011
-70.920055
-68.462624
-46.403577
-61.060240
-71.846233
-45.426617
-50.636728
-45.415762
-42.339268
-34.073520
-54.594366
-64.120875
-47.929559
-55.188700
-27.246534
-61.669307
-49.630238
-38.507733
-73.086065
-80.501446
-58.708349
-41.570092
-38.972616
-65.789804
-48.710758
-82.752627
-40.267063
-52.175451
-24.574648
-35.625353
-57.349998
-46.915090
-38.859287
-32.356282
-75.204428
-34.349585
-26.736898
-54.529731
-75.444959
-57.896867
-61.403755
-44.544657
-43.286634
-49.694648
-54.670231
-58.880161
-30.841253
-37.012457
-67.237330
-73.800657
-44.730386
-32.774565
-63.272193
-46.099788
-49.971263
-42.272259
-47.815544
-29.290511
-58.217649
-73.118305
-59.423699
-52.126266
-92.137853
-68.258639
-49.777358
-44.055908
-69.881963
-45.281289
-72.010418
-44.627884
-46.469501
-28.424849
-44.554487
-50.528739
-42.147243
-81.184844
-61.333681
-55.165536
-41.121856
-59.808223
-66.750546
-36.227369
-52.014732
-68.854924
-69.097842
-48.858420
-35.278205
-71.954921
-60.620990
-80.415537
-60.377220
-65.035534
-72.889779
-54.370568
-52.666049
-38.275280
-56.828485
-73.078346
-42.769745
-50.124972
-52.229967
-61.283735
-39.975072
-48.712537
-53.069866
-66.319752
-57.900994
-50.591031
-70.644903
-58.000687
-30.070958
-59.498333
-50.064278
-54.160994
-63.939533
-33.979068
-54.741229
-71.235188
-46.125793
-51.587155
-55.571954
-59.218044
-45.196486
-45.301189
-47.656323
-46.013707
-51.609598
-48.037320
-48.066170
-34.049099
-46.383889
-46.891240
-60.911162
-43.973357
-53.021381
-68.109796
-43.227873
-40.812999
-45.916850
-70.066590
-69.472727
-28.865111
-72.418129
-50.361291
-42.701305
-55.752750
-52.291672
-72.566580
-53.535115
-41.566976
-51.853331
-36.055553
-56.128217
-45.326839
-60.963692
-54.162163
-38.275209
-63.806775
-53.529019
-56.628616
-40.772271
-34.475291
-51.082331
-75.928603
-46.654395
-62.104708
-37.312040
-65.974915
-46.639511
-44.629954
-59.146706
-63.299145
-52.478521
-36.282779
-56.722624
-75.703942
-50.927199
-51.987558
-52.491429
-42.763157
-59.081983
-44.579396
-62.525550
-56.529425
-62.116495
-61.825490
-51.245589
-55.043206
-52.251253
-30.582745
-82.220878
-45.116254
-46.808030
-60.751033
-75.106019
-51.717731
-72.630028
-48.680507
-70.647133
-53.441661
-63.096848
-59.109516
-67.021301
-58.988487
-38.340489
-58.120772
-61.831396
-58.912052
-56.743205
-35.817085
-72.928664
-63.032301
-82.423107
-49.756278
-30.355763
-39.319878
-51.985333
-78.584056
-41.651339
-54.776706
-48.127794
-37.334078
-44.698457
-40.702217
-65.757564
-46.912762
-57.558481
-64.712491
-75.391949
-60.607961
-70.683658
-69.165701
-72.705134
-57.666294
-44.200764
-30.608942
-54.338241
-56.341832
-76.937813
-51.486167
-54.369608
-49.599273
-71.682796
-44.284495
-51.830838
-53.483025
-60.531058
-44.402051
-55.258664
-35.024536
-36.204875
-51.230799
-53.670205
-31.480756
-54.933096
-42.953856
-62.346421
-58.771133
-35.547960
-60.714489
-61.493781
-43.947112
-66.767349
-62.987977
