-105.681815
-108.929692
-117.850125
-94.720515
-112.763914
-101.891956
-111.313518
-109.415522
-115.342364
-94.668201
-117.518969
-97.056303
-102.805217
-101.068903
-93.776124
-106.987868
-105.385260
-100.272712
-107.121103
-113.637926
-114.163824
-119.280757
-116.002768
-107.028496
-122.803187
-106.700030
-104.438678
-107.103019
-109.290124
-136.471623
-99.768507
-106.427181
-99.762352
-92.713858
-100.603696
-98.420705
-100.547719
-121.816629
-130.443851
-104.327147
-109.493963
-105.625513
-133.271377
-99.359371
-112.138591
-106.993187
-118.749922
-96.560935
-130.868461
-115.696530
-101.814958
-108.281799
-96.318149
-104.293710
-119.965805
-91.434679
-96.378277
-86.630490
-107.934622
-102.007795
-115.196233
-126.856178
-126.198685
-115.307706
-102.866275
-88.779693
-114.309640
-95.751456
-103.143406
-108.189922
-87.036960
-105.346261
-108.719667
-121.162809
-115.439077
-95.001169
-115.806776
-122.061718
-100.752436
-126.622283
-99.108616
-135.097533
-103.688832
-106.929515
-117.248465
-109.756272
-101.741602
-95.221012
-113.433163
-121.407771
-111.690541
-105.357234
-99.190983
-123.285291
-74.921549
-97.283896
-114.397883
-118.322432
-77.239247
-112.331937
-89.452062
-99.421699
-101.591606
-96.591672
-83.564853
-96.947073
-106.555395
-85.462418
-120.578559
-107.515119
-117.739149
-84.929739
-104.221236
-94.689294
-80.578370
-119.518152
-115.331897
-90.263997
-120.931055
-108.197313
-111.308154
-113.654743
-119.782452
-104.758682
-125.791830
-112.887953
-99.749182
-114.045801
-115.217443
-100.969910
-88.770288
-109.766529
-127.729103
-116.737134
-102.337085
-117.968600
-132.514349
-120.431484
-109.261495
-95.643008
-104.820003
-116.025355
-114.767287
-107.860370
-111.494885
-113.400373
-106.509896
-104.751703
-135.410455
-113.833632
-113.318377
-105.638408
-124.234357
-120.970844
-109.100485
-88.418372
-99.154939
-117.616371
-105.413328
-106.980834
-113.979314
-111.975700
-112.598337
-113.825837
-118.255384
-117.218098
-130.979713
-92.835043
-97.570601
-110.697302
-102.530500
-112.470382
-101.638990
-115.327763
-98.637210
-114.435474
-126.990833
-130.060423
-114.245045
-114.597505
-122.957719
-113.011652
-89.190124
-111.987494
-107.627625
-127.505212
-110.031129
-100.062098
-94.011406
-126.508711
-106.064847
-109.663647
-131.523670
-110.884617
-124.913887
-120.421477
-111.691829
-112.116324
-114.897827
-107.275856
-123.561839
-99.087383
-131.693633
-93.488432
-124.294695
-105.756718
-113.611758
-129.534973
-127.078992
-95.651646
-101.146757
-115.725209
-134.425121
-106.499645
-101.964346
-82.893593
-93.369725
-108.323726
-101.711812
-94.365650
-99.423512
-116.428890
-104.591085
-108.948876
-118.298458
-93.747171
-84.917449
-104.443112
-107.339411
-128.380446
-119.248393
-118.345004
-110.285575
-125.374109
-102.881391
-108.830903
-106.309353
-105.219881
-112.407281
-111.616909
-121.801421
-131.090972
-116.411451
-114.787728
-119.024379
-108.854219
-124.013719
-108.420577
-94.071524
-118.456342
-125.984697
-110.100488
-106.526787
-99.101723
-107.695891
-105.125877
-101.158875
-98.377424
-95.141092
-119.986396
-108.185331
-112.893926
-115.292940
-112.937418
-108.713498
-106.444908
-109.738313
-83.522896
-108.461033
-119.295282
-101.579080
-112.941034
-140.465030
-105.294882
-85.367255
-115.855526
-130.915878
-103.097520
-106.533032
-104.799095
-108.673584
-93.839462
-126.517443
-97.382414
-80.730153
-123.630311
-105.856529
-88.487931
-100.093874
-71.602746
-106.305717
-126.638891
-101.597544
-83.856674
-107.150765
-119.935384
-100.748928
-107.990987
-113.640284
-113.840444
-94.619112
-103.658546
-100.909382
-107.139731
-106.789107
-119.433871
-95.508621
-103.363038
-122.838710
-106.545403
-111.188716
-80.993280
-111.642711
-96.606183
-101.458772
-107.283943
-113.157636
-115.248714
-122.848237
-95.807105
-129.199241
-109.117926
-106.658595
-103.660802
-90.289444
-140.236877
-130.575419
-89.127937
-94.799659
-115.015216
-70.375969
-113.912870
-109.279110
-116.768250
-95.828868
-96.788148
-87.115110
-106.496544
-128.691154
-105.748344
-96.571888
-115.405349
-94.474507
-101.821489
-109.608352
-118.870274
-121.392970
-108.099301
-111.354658
-121.628225
-98.587727
-101.074694
-98.465017
-116.858644
-104.320717
-112.247420
-98.473303
-101.190078
-113.484474
-99.651578
-111.504059
-125.118197
-137.459289
-104.039833
-117.340367
-105.396136
-101.213750
-102.714389
-122.665270
-113.885404
-109.863645
-105.595954
-108.739869
-128.775559
-108.805127
-92.319159
-104.636189
-97.210087
-122.885636
-93.628506
-107.947465
-106.989334
-108.108210
-118.665812
-126.300018
-101.932330
-105.659325
-109.659095
-127.205934
-91.854376
-94.071598
-129.047252
-106.562960
-122.915942
-125.063515
-113.851336
-94.636210
-111.145863
-109.295196
-120.688523
-102.903102
-112.434575
-98.496316
-102.140320
-91.431811
-123.776212
-100.700051
-124.533136
-122.663507
-91.466603
-91.522315
-94.094392
-121.678517
-118.809498
-98.837673
-92.798588
-121.530439
-111.875596
-122.105148
-93.359830
-103.951164
-114.564135
-121.910408
-93.425015
-108.333387
-105.103970
-92.251394
-123.468893
-116.141540
-102.722038
-104.645212
-110.457832
-122.504854
-108.452832
-115.893520
-100.275965
-112.565998
-134.614876
-136.301753
-116.791141
-123.146416
-111.506465
-85.108932
-70.194813
-98.090756
-119.671244
-94.677595
-114.788509
-112.569232
-129.760419
-131.547628
-101.962572
-116.889090
-101.323434
-99.734565
-106.601297
-83.742393
-110.321534
-124.000210
-110.738880
-125.058718
-96.434444
-108.080129
-95.917549
-84.263172
-102.259436
-133.417236
-125.707477
-92.150038
-116.793182
-103.058962
-136.197975
-108.521848
-116.718277
-120.160602
-85.332141
-127.430573
-107.585012
-105.484972
-92.775374
-124.333167
-104.321780
-107.450947
-89.380197
-112.389747
-93.228678
-113.611169
-103.872203
-112.004673
-110.232510
-108.831486
-106.438620
-102.980438
-132.779858
-103.133000
-120.919926
-96.812984
-89.854834
-111.617129
-110.843847
-118.884143
-81.795005
-103.900272
-102.755507
-98.067982
-101.587773
-104.037341
-129.782415
-106.165390
-96.343266
-107.137964
-101.636187
-93.448321
-106.703651
-95.946125
-131.508618
-127.118051
-93.813449
-91.557179
-126.072212
-115.858269
-124.229613
-105.714726
-82.270356
-120.332891
-123.867923
-111.881177
-132.095787
-111.767773
-93.239116
-111.603732
-104.194826
-96.615654
-120.575532
-109.055174
-130.136740
-93.859589
-123.527010
-105.115811
-126.836721
-111.104485
-108.253556
-104.195886
-132.233992
-94.618915
-114.521583
-119.287666
-125.116761
-111.087533
-101.406312
-100.519715
-98.242579
-107.352897
-113.022303
-130.180064
-123.984140
-106.324579
-85.710158
-113.657954
-100.760489
-117.873104
-115.938515
-106.154912
-104.262649
-129.510453
-105.936532
-114.040077
-106.374106
-117.168097
-105.236351
-90.898378
-91.836126
-88.498547
-125.670460
-83.532190
-98.399323
-110.478340
-96.572540
-84.153286
-110.706131
-100.408505
-123.581140
-104.334782
-123.282461
-83.336444
-91.055842
-102.854731
-124.006656
-108.581073
-94.023784
-106.621178
-96.832320
-116.121511
-136.085474
-107.273407
-111.530703
-102.383218
-104.940507
-115.473821
-118.244530
-108.370055
-111.838662
-106.159244
-102.405903
-101.230641
-105.261551
-117.050112
-98.846143
-104.778619
-98.792670
-110.911939
-89.716737
-137.745845
-117.665372
-136.198086
-109.622010
-86.591190
-115.674533
-120.853223
-101.768184
-127.106244
-118.356397
-134.159177
-103.426598
-93.380616
-108.537193
-95.913443
-95.822436
-115.277463
-107.544738
-127.666668
-79.766093
-107.198059
-103.850382
-86.481678
-120.883359
-97.767071
-106.722082
-115.900561
-101.497713
-121.528643
-108.043934
-108.723529
-111.557962
-108.777589
-105.227171
-113.538424
-111.853589
-97.682607
-130.953518
-102.619766
-108.028406
-108.363802
-110.349959
-88.166873
-97.483527
-112.180390
-97.989880
-108.951521
-121.493239
-89.126905
-118.832460
-103.368510
-88.925606
-117.379816
-115.291005
-108.609094
-110.112552
-91.077058
-126.838400
-101.581329
-113.813191
-116.235017
-98.529817
-97.316960
-92.429901
-116.674649
-119.696290
-88.286023
-121.834033
-122.083893
-101.659499
-104.058025
-113.334727
-104.408532
-107.840710
-121.978652
-107.323890
-102.924848
-102.795497
-142.897539
-77.239651
-90.525260
-97.882469
-107.906096
-114.433580
-116.998982
-116.292886
-105.255543
-110.192751
-102.601226
-116.947569
-108.685130
-97.939583
-115.904416
-110.750208
-94.493784
-109.357692
-127.570465
-107.860270
-99.734410
-99.602800
-117.265906
-122.680733
-102.966267
-111.849413
-125.618516
-125.414964
-109.536196
-98.789773
-109.412273
-126.649180
-93.542587
-102.991617
-89.217479
-104.189113
-101.284152
-110.020725
-120.200028
-120.399741
-142.309943
-118.276797
-134.668333
-103.695748
-134.268636
-107.366124
-111.844812
-112.529023
-123.588659
-100.108777
-91.744528
-98.252672
-98.738891
-96.854482
-103.905847
-89.874636
-94.506917
-115.762513
-95.509773
-135.696958
-120.526961
-102.862911
-100.572773
-116.380309
-123.255590
-94.146849
-99.876836
-115.542339
-103.461299
-100.960726
-116.165702
-108.647691
-109.364844
-100.828589
-113.357567
-123.650088
-131.592964
-120.635812
-100.627955
-93.216939
-107.397202
-91.978471
-111.379255
-113.363008
-104.076757
-101.163487
-122.452423
-104.496219
-122.606251
-79.122459
-85.970345
-114.167619
-122.949819
-112.668974
-112.662796
-108.334381
-113.434988
-119.304309
-101.757533
-111.269855
-106.617360
-97.943976
-126.458894
-113.223538
-124.394416
-139.846515
-100.510379
-108.377285
-96.747328
-108.233984
-97.774115
-121.089427
-126.966389
-95.828505
-111.689948
-135.769280
-107.063793
-134.366004
-123.369750
-113.155779
-91.033340
-126.729051
-122.885011
-115.806147
-97.069958
-96.258769
-112.251149
-105.415894
-90.013622
-129.466216
-119.657731
-112.564187
-142.184639
-119.779435
-114.830959
-79.628326
-100.464427
-95.898199
-104.105487
-121.770254
-108.927791
-108.036490
-83.256019
-121.590560
-119.174821
-128.176760
-102.701872
-121.582223
-111.053803
-107.404175
-100.984811
-121.020660
-123.878095
-125.880054
-112.356991
-133.321700
-94.304177
-120.063553
-104.943624
-102.849722
-126.468230
-110.038356
-105.133796
-117.593481
-109.948183
-84.831364
-102.800336
-105.806682
-107.882940
-134.810859
-114.431672
-99.141880
-117.895562
-103.165347
-112.050945
-109.710228
-106.069586
-108.483281
-91.188453
-105.600637
-113.070412
-110.865645
-100.698465
-107.793271
-98.421254
-118.504205
-101.949421
-102.097174
-103.457273
-110.327137
-111.532755
-124.664647
-93.045463
-94.550176
-84.096506
-115.182711
-95.219774
-90.310107
-127.173906
-108.714991
-119.691217
-108.622998
-105.067173
-111.209741
-107.279783
-103.359871
-112.490693
-123.120870
-99.482406
-109.978922
-102.622544
-97.858898
-100.686601
-111.821704
-126.135628
-111.048632
-103.036443
-94.297715
-115.602952
-121.091836
-108.926904
-108.044658
-126.635741
-109.084545
-126.432685
-111.833372
-106.472971
-107.627087
-114.622550
-100.635011
-93.249003
-119.550178
-103.725316
-103.831941
-101.494568
-123.784383
-116.347706
-136.510800
-120.451690
-119.755458
-110.994243
-96.736335
-102.673038
-147.992786
-95.008685
-115.005364
-111.915807
-110.031369
-94.536725
-76.624108
-113.786606
-123.658685
-121.523689
-105.358799
-116.775590
-97.760639
-120.975096
-119.966421
-112.949279
-98.727744
-109.080548
-110.085761
-92.799762
-112.712756
-109.968359
-97.859632
-89.555069
-100.642529
-120.400448
-93.056326
-97.358917
-107.776507
-118.024410
-121.243891
-123.353236
-106.477420
-126.638764
-130.314141
-107.941763
-104.797333
-95.200794
-118.958260
-110.827628
-117.648795
-112.930936
-98.662522
-111.464366
-101.630470
-105.591936
-102.160099
-126.107254
-114.335647
-113.891608
-107.868949
-100.588971
-105.344663
-106.614129
-108.682379
-88.511979
-109.908531
-112.619323
-95.803625
-97.331405
-113.505358
-127.453838
-114.409210
-103.521663
-118.850816
-98.041930
-136.047001
-111.204944
-125.184045
-108.376002
-116.174546
-106.104166
-130.365844
-111.428404
-88.005060
-124.251468
-89.636080
-115.774999
-130.996601
-87.791944
-104.460389
-119.914912
-109.811193
-104.691587
-150.693940
-116.080523
-101.347722
-102.199358
-106.559694
-133.909186
