-0.292916
-0.234386
-0.045652
-0.870359
-1.217818
-0.794613
-0.464069
-1.395475
-2.146608
-1.137462
-0.368465
-0.464140
-0.853970
-0.353233
-0.979834
-0.670483
-0.163981
-0.149964
-0.163115
-0.031373
-0.403800
-0.005681
-0.069884
-0.117298
-0.396153
-0.075332
-0.294122
-0.281412
-0.101548
-0.406270
-1.392960
-2.381647
-0.826415
-1.866408
-0.473593
-0.284762
-0.150101
-0.016796
-2.321180
-3.094069
-1.980459
-0.211798
-0.729054
-0.102813
-0.381584
-1.064165
-0.635503
-0.413877
-0.278724
-0.010617
-0.089398
-0.174247
-2.385997
-0.852576
-1.372159
-1.331048
-0.461767
-0.473280
-1.737232
-0.181251
-1.126521
-1.066113
-0.482689
-0.002318
-0.005941
-0.179005
-0.919960
-0.148290
-0.023669
-0.110733
-0.023947
-1.709323
-0.215392
-0.442914
-0.757011
-0.381502
-0.232056
-0.837957
-0.205040
-0.310247
-3.498854
-0.056227
-1.893744
-0.552599
-0.003646
-0.858914
-0.815113
-2.036699
-0.436974
-1.429800
-0.069253
-0.155257
-0.503219
-0.432238
-0.554457
-0.267058
-0.482588
-0.344225
-0.522814
-0.871602
-1.832525
-0.763448
-0.162863
-0.387304
-1.026655
-0.091807
-0.697957
-0.162773
-0.036017
-0.138548
-3.642498
-0.018433
-0.039561
-2.075923
-0.334925
-2.222709
-0.326760
-0.165271
-0.525471
-0.915363
-0.949612
-1.339055
-0.836930
-0.124673
-0.628391
-0.068961
-0.109370
-2.090833
-0.184245
-1.126785
-1.766073
-3.356389
-1.211817
-0.511541
-0.275427
-0.359651
-0.420167
-1.802598
-0.563766
-0.109732
-0.415093
-0.318147
-0.618275
-1.854186
-0.002222
-0.590676
-0.059793
-0.428102
-0.000945
-1.457331
-5.124330
-0.023169
-0.844779
-2.174192
-0.185962
-0.212245
-2.532373
-0.159857
-0.021844
-0.458665
-1.468724
-0.214394
-0.025384
-0.103662
-0.282381
-0.429008
-0.280553
-1.638651
-0.039437
-2.991272
-0.339636
-1.915147
-0.156746
-0.004044
-0.348143
-0.090498
-2.163169
-2.302726
-1.733302
-0.085025
-1.874197
-0.748088
-2.592614
-2.215125
-1.337734
-0.002300
-0.001857
-1.851373
-0.865602
-0.228753
-0.027185
-0.253958
-0.229461
-3.075664
-0.161722
-0.278144
-0.046170
-0.621677
-1.419665
-0.198642
-0.738428
-2.100637
-1.770229
-0.899835
-0.080427
-0.164506
-0.745848
-0.389285
-1.727344
-2.111787
-0.001276
-0.006930
-0.699902
-1.072316
-0.276363
-0.123741
-0.159413
-0.279000
-0.059727
-0.542766
-0.588432
-0.773446
-0.517563
-0.986215
-1.250163
-2.734300
-1.352141
-0.224738
-2.443368
-1.184729
-1.840239
-0.010801
-0.101469
-0.059489
-0.300734
-1.597726
-0.263592
-0.169276
-0.005991
-2.007340
-0.178775
-0.053662
-0.757054
-0.470446
-0.159646
-0.215461
-0.765249
-0.840761
-0.175835
-0.016904
-0.398878
-1.649410
-0.004804
-0.746523
-0.450775
-4.087973
-1.609080
-0.045140
-1.002820
-0.864093
-0.850497
-0.925351
-1.004801
-0.437195
-1.469777
-0.732506
-0.451077
-0.004591
-0.011894
-0.144129
-0.894170
-2.686390
-0.687401
-0.080206
-0.286359
-0.045558
-0.365572
-0.747984
-0.010645
-0.125228
-0.462617
-1.496111
-0.084727
-1.345253
-0.049104
-0.064038
-0.094015
-2.794514
-0.010140
-2.434536
-0.649569
-0.258173
-0.187891
-1.316325
-0.459081
-0.522166
-0.458026
-0.678271
-0.170539
-0.127101
-1.034168
-1.021506
-1.214656
-2.616843
-0.511391
-0.833164
-0.916903
-0.346327
-1.216041
-0.216968
-0.041149
-0.020754
-1.743800
-0.093411
-0.427185
-0.357339
-0.207378
-1.223691
-1.074778
-2.189755
-0.934034
-1.278678
-0.116904
-1.348070
-0.152420
-0.524339
-0.437386
-1.423545
-0.330330
-0.808203
-0.727126
-0.095608
-0.780793
-0.106435
-0.035053
-0.558965
-0.315161
-1.187351
-0.013214
-0.554504
-1.813309
-0.149551
-0.622798
-1.933958
-0.249583
-2.135184
-1.571196
-0.574119
-2.157393
-0.352468
-0.076229
-0.173958
-0.952322
-0.181755
-1.825916
-0.037559
-0.096564
-0.026082
-0.272360
-0.128135
-2.369508
-2.099966
-0.515815
-1.029806
-0.936583
-0.312042
-1.193505
-0.452214
-1.416858
-0.466229
-0.259973
-0.185448
-0.062883
-0.115696
-0.506893
-0.153711
-0.292532
-1.698490
-0.410519
-0.583958
-2.148181
-0.108046
-1.410510
-1.428652
-1.345613
-0.011345
-0.182959
-1.594649
-1.336849
-1.618340
-2.747609
-1.774840
-0.148162
-1.079691
-1.669864
-0.120190
-0.529258
-0.006485
-0.478465
-0.232508
-0.207344
-1.603310
-0.292390
-0.030166
-0.847652
-0.215468
-2.180300
-2.347879
-2.885546
-0.141781
-0.254505
-2.590574
-0.376693
-0.241462
-0.000820
-0.148937
-0.702693
-2.055193
-0.123541
-0.554834
-0.956939
-1.019191
-0.020756
-0.070397
-0.078559
-0.211549
-1.936801
-0.062998
-0.101710
-0.012343
-0.256870
-1.208738
-0.386892
-2.906185
-0.012308
-0.362802
-0.980782
-0.014467
-0.128039
-0.077974
-0.990927
-1.413316
-0.847281
-0.158942
-0.313003
-0.298311
-1.662740
-0.043077
-0.229434
-0.221307
-0.359212
-1.320212
-0.390560
-0.429664
-0.468159
-0.605771
-0.135522
-0.482886
-1.981162
-0.733297
-1.014412
-0.806653
-0.126286
-0.057161
-1.350015
-0.383652
-0.393516
-0.037623
-0.075122
-0.003267
-0.193529
-0.224108
-1.030576
-0.043967
-0.001903
-0.209755
-0.420595
-0.324026
-0.242257
-0.508555
-0.149513
-0.585141
-2.539540
-0.269482
-0.277816
-0.143408
-0.812461
-0.119211
-0.004694
-1.261325
-0.129223
-0.181279
-0.244504
-0.062475
-0.434236
-0.704210
-0.622698
-0.761285
-0.378317
-0.121579
-0.670843
-0.369328
-0.799339
-0.869699
-3.570152
-0.010207
-0.241176
-0.197772
-0.339060
-0.027664
-0.171341
-0.392214
-0.298452
-0.088302
-0.244365
-0.081886
-1.474656
-2.755567
-0.244083
-3.691755
-0.584416
-0.473765
-0.514891
-3.025449
-0.218152
-0.729866
-0.517509
-0.431402
-0.086781
-0.160760
-0.217463
-1.053063
-2.434794
-0.208071
-0.004905
-0.006551
-0.068678
-0.736981
-0.911334
-0.475760
-0.922201
-0.284003
-0.742048
-1.327931
-0.340523
-1.110637
-0.077945
-0.595027
-0.090659
-0.923476
-1.829119
-0.124236
-1.845821
-2.974001
-0.040683
-0.054900
-2.557468
-0.050503
-1.777008
-0.027429
-0.024840
-2.198135
-0.140223
-0.687539
-1.011379
-1.832825
-1.085872
-0.334786
-0.179540
-0.166967
-0.579286
-0.994709
-0.663033
-0.038102
-0.410823
-0.069665
-0.063008
-1.517617
-0.339533
-0.009725
-0.263397
-1.196437
-0.830002
-1.810828
-0.095802
-2.541851
-0.159871
-0.442524
-0.802054
-0.808002
-0.342669
-0.729733
-0.020268
-0.779179
-0.996625
-0.165844
-0.172504
-0.917761
-0.118857
-0.109101
-0.119532
-0.546166
-0.325545
-0.392646
-0.810984
-0.947832
-0.519909
-1.193966
-0.025902
-1.061109
-0.273213
-0.879314
-1.418295
-0.030863
-0.606566
-1.391082
-1.247003
-0.725775
-0.506854
-0.133869
-0.094824
-0.116569
-0.092354
-1.587825
-2.403108
-0.202441
-0.182418
-1.117399
-0.195077
-1.074674
-1.707293
-0.170590
-0.253657
-0.030876
-0.183536
-0.110398
-0.634641
-0.745410
-1.170470
-0.133666
-0.060283
-0.220962
-0.078111
-0.531618
-0.038894
-0.703336
-0.089474
-0.379433
-1.371121
-0.311250
-0.177785
-0.058837
-0.364079
-0.041900
-0.372965
-0.237867
-0.185006
-0.177353
-1.427199
-2.200989
-0.484887
-2.056444
-0.882769
-1.013260
-1.527587
-0.419098
-1.741063
-0.774090
-2.343545
-0.059511
-0.400793
-2.619717
-0.272537
-3.211570
-0.422652
-0.629094
-0.100955
-0.557013
-0.000633
-0.126056
-0.168013
-0.235864
-1.023561
-0.104402
-0.891766
-2.377360
-0.008274
-1.759523
-1.217617
-0.037784
-1.079067
-0.549911
-0.006063
-0.855828
-0.019333
-1.803031
-0.417799
-0.664044
-0.493562
-0.200758
-0.568094
-0.233817
-0.201180
-1.338652
-0.625687
-1.035094
-1.659717
-0.386086
-2.974655
-0.199846
-1.444579
-0.073700
-2.693029
-0.076570
-0.177970
