-113.255051
-102.527775
-112.556892
-143.840315
-83.888477
-108.431916
-104.993246
-125.606172
-114.729932
-123.913217
-124.027968
-132.821772
-104.446980
-96.434695
-90.519655
-106.929495
-105.263907
-89.894812
-102.341246
-128.692216
-107.730211
-90.399844
-125.673298
-146.001991
-118.815916
-142.872855
-109.551601
-102.420778
-93.967380
-111.519291
-80.505782
-131.700231
-89.682036
-99.232408
-97.885802
-123.234336
-128.072725
-129.309643
-74.042317
-107.278372
-136.517589
-90.612396
-97.362243
-82.996300
-114.206073
-85.348806
-96.898935
-113.626814
-142.900759
-114.116913
-95.330267
-92.590662
-103.062230
-141.544623
-95.918958
-106.024341
-95.614376
-82.935901
-102.568019
-110.358181
-97.551525
-98.128167
-113.137232
-99.094517
-95.663665
-112.855204
-114.192312
-113.160129
-112.529467
-107.374176
-111.395007
-135.450038
-95.618417
-125.190613
-134.056967
-79.527003
-96.322372
-139.972273
-140.832062
-112.398956
-84.971153
-99.457523
-107.601519
-91.296865
-112.463311
-100.870484
-128.003110
-89.893998
-129.710939
-99.314264
-101.756596
-126.576486
-130.333177
-72.192783
-89.091277
-112.383662
-145.642817
-111.997659
-118.722290
-116.300747
-133.756372
-87.365966
-112.845000
-90.252171
-117.820969
-86.930120
-112.840736
-73.593265
-115.518152
-116.093090
-99.762639
-86.496458
-116.761307
-83.833210
-82.180562
-119.330916
-110.122881
-93.129298
-87.119961
-126.618355
-111.827513
-75.615271
-80.965056
-118.399337
-95.039809
-108.513255
-99.049958
-149.152925
-119.203624
-99.357229
-100.008911
-75.768178
-112.000794
-143.398155
-102.937720
-92.080189
-100.833742
-105.500459
-84.331627
-92.395311
-83.582509
-104.488432
-68.718110
-94.146901
-132.415045
-110.639322
-82.190125
-85.324595
-139.426513
-111.419288
-82.407698
-119.575589
-99.361740
-93.472108
-118.275336
-84.231278
-117.174318
-126.830254
-99.610278
-97.520787
-101.523553
-87.273331
-130.067853
-99.592152
-106.146826
-99.545005
-110.451039
-100.079242
-121.317386
-113.144455
-130.598541
-122.530661
-114.496686
-79.506045
-123.725202
-94.699021
-104.848009
-111.298016
-101.841427
-87.411934
-123.399765
-139.234782
-139.442924
-112.417485
-114.794362
-105.939230
-96.241127
-119.199915
-77.618949
-108.015198
-114.752900
-110.072578
-118.382123
-96.363190
-96.015604
-76.481407
-104.850967
-104.732901
-130.033671
-98.576872
-101.790748
-76.417588
-107.638374
-107.434478
-100.267997
-83.968353
-127.608485
-111.996560
-122.230739
-77.940255
-108.967482
-114.086913
-96.731553
-139.550125
-105.035698
-94.726997
-113.404502
-122.829183
-91.012972
-102.716445
-105.298439
-127.950003
-109.132496
-101.399069
-139.725546
-123.588609
-102.175759
-92.229605
-118.240656
-103.294814
-98.697908
-106.029955
-86.161261
-90.185405
-84.264348
-82.447711
-127.081141
-100.165719
-120.360786
-83.409566
-83.760247
-111.327153
-128.633909
-118.655937
-108.977499
-122.632530
-131.111696
-124.467547
-117.483046
-110.045823
-98.194512
-113.837916
-123.406311
-103.631171
-93.025134
-113.698155
-122.286855
-69.927067
-113.914926
-92.664430
-111.511264
-68.920607
-96.854852
-114.201402
-114.960785
-102.774323
-142.551014
-100.892741
-94.403428
-105.290580
-114.438405
-89.969213
-98.567120
-91.479637
-117.843717
-84.184996
-107.626732
-87.365489
-116.725022
-103.429097
-94.053429
-101.698321
-112.471705
-89.163109
-91.153227
-98.337429
-105.566005
-111.450690
-79.505361
-114.635801
-83.753050
-95.392268
-78.974854
-106.090643
-84.244515
-114.332151
-132.913491
-111.892399
-126.080433
-112.143014
-125.890024
-127.556315
-114.426335
-84.193109
-91.503314
-89.519025
-135.717060
-88.134659
-129.993737
-113.613312
-100.892868
-126.083243
-92.694492
-116.698976
-97.511603
-118.469276
-106.553771
-78.503070
-100.424014
-107.123433
-105.733182
-113.281030
-80.383252
-97.243790
-97.483993
-115.081481
-93.404466
-72.483126
-77.786273
-119.773363
-119.514699
-128.464971
-84.948373
-134.509001
-90.816334
-108.457105
-143.342724
-81.361289
-126.537014
-95.765552
-119.990227
-89.418976
-119.270920
-147.617741
-88.231865
-141.506012
-141.688143
-115.378894
-149.622039
-123.267019
-119.182486
-122.342757
-85.722388
-110.378431
-119.748128
-127.673024
-96.827108
-90.750218
-92.994159
-111.699836
-114.485914
-95.351957
-77.745261
-122.975022
-117.822543
-129.126463
-102.346284
-76.436243
-143.786455
-88.638645
-75.627389
-114.463814
-129.084088
-109.359018
-98.858324
-123.231993
-96.476650
-103.543082
-119.101802
-80.360991
-132.813344
-135.796713
-92.755001
-121.596457
-114.460835
-79.236538
-95.848436
-104.378750
-92.461567
-95.744498
-88.232441
-82.208451
-90.581631
-96.470764
-113.295748
-111.996294
-101.886402
-111.556804
-107.024181
-123.838979
-114.959102
-105.302044
-101.301979
-113.626281
-104.002166
-108.269218
-86.221040
-85.069308
-92.026450
-134.510968
-99.133396
-120.949458
-99.323429
-126.853335
-97.582942
-85.114809
-105.802144
-102.943040
-124.031343
-118.909298
-102.038681
-127.423835
-113.507462
-119.804824
-111.099674
-99.569444
-80.330392
-113.391166
-121.996773
-81.821009
-122.995556
-100.343948
-132.323639
-62.000576
-110.869892
-94.405430
-111.831595
-104.724823
-106.810751
-99.542047
-116.339752
-85.634709
-89.575733
-111.380352
-89.916052
-117.195523
-120.153097
-110.413610
-112.198071
-120.442167
-95.089982
-82.749635
-109.642183
-116.145583
-95.013000
-96.668146
-99.728088
-112.190247
-114.738379
-115.704875
-117.057356
-126.691926
-101.273610
-136.958671
-105.773668
-109.429237
-93.251252
-95.137346
-129.903386
-115.584872
-92.871774
-131.688538
-99.584979
-121.655173
-107.084478
-81.715407
