-14.130851
-15.576636
-26.048297
-24.440817
-12.674132
-10.101048
-26.751367
-12.452136
-18.251254
-11.497791
-9.219814
-10.735349
-11.556137
-11.644315
-12.131678
-29.558017
-14.493850
-5.914039
-23.428433
-5.499370
-12.773740
-7.856358
-17.434909
-18.670103
-8.662901
-6.714150
-17.639318
-9.197386
-13.042105
-26.412366
-13.795386
-16.238210
-20.392579
-15.567574
-12.224354
-7.199995
-5.515308
-11.639308
-8.144205
-8.017797
-14.759156
-14.893227
-24.081967
-14.710225
-17.931440
-2.633219
-8.970595
-9.665824
-5.528635
-7.106327
-21.390668
-20.871179
-9.001271
-14.505202
-29.467145
-15.284533
-3.380447
-25.354408
-16.036355
-16.165582
-17.831360
-12.699175
-25.683790
-20.270343
-12.215555
-11.605298
-11.273769
-12.065956
-17.527030
-18.424116
-10.119894
-20.086921
-13.773421
-11.618827
-7.793019
-9.060869
-9.009104
-17.554775
-19.710633
-17.492820
-15.987510
-15.066640
-5.095355
-15.362068
-7.285253
-18.113960
-16.472700
-12.913634
-17.968501
-11.677989
-25.353377
-26.116257
-15.270442
-14.616844
-12.506691
-16.040387
-13.280849
-20.957758
-13.654464
-14.180679
-18.816421
-6.979512
-10.216732
-14.477152
-5.469655
-24.459032
-22.834691
-11.856966
-17.236841
-20.697938
-7.236544
-21.957244
-18.212944
-27.017790
-13.071349
-9.530970
-13.038743
-12.513521
-12.108635
-12.015878
-14.761924
-23.491703
-10.330291
-17.175254
-16.210199
-13.192067
-12.182777
-14.754456
-10.917807
-4.061244
-17.073925
-13.685577
-11.145763
-18.096542
-9.286338
-19.040747
-7.487184
-7.221458
-6.503784
-21.473011
-18.531017
-36.649076
-23.198079
-14.040206
-17.726360
-18.475119
-17.859594
-9.308767
-26.715507
-11.045232
-16.294097
-13.243272
-24.996499
-15.823266
-17.630644
-24.203004
-13.427601
-11.590883
-13.033989
-13.641320
-27.446993
-9.640112
-13.782445
-25.108179
-18.485228
-11.785191
-24.046771
-10.500744
-7.013978
-13.496627
-18.851938
-24.743812
-15.809219
-13.679407
-12.091042
-19.974337
-13.149829
-25.619796
-19.474985
-17.565220
-8.773777
-21.146647
-13.855366
-17.887828
-7.927394
-29.537607
-8.503698
-15.534532
-28.714142
-16.139451
-21.295080
-10.187423
-16.134033
-13.345589
-13.067411
-19.048825
-10.631509
-10.292837
-7.416834
-24.666505
-8.874593
-14.848102
-34.984812
-15.085255
-18.180850
-12.637862
-22.653728
-12.871650
-19.981107
-18.727471
-12.240577
-19.927502
-15.823590
-17.855951
-11.334187
-16.139550
-19.709315
-15.995966
-16.888621
-19.244243
-18.850294
-21.297480
-13.542369
-16.059586
-19.869566
-9.640401
-12.560435
-15.143830
-6.594889
-15.182368
-16.942254
-5.839456
-1.301469
-23.568831
-13.230479
-30.299925
-11.850587
-10.614489
-12.369120
-29.075586
-18.699292
-8.321424
-13.693171
-15.145818
-11.748623
-28.697224
-13.631392
-19.734094
-9.462402
-18.862829
-6.457696
-25.509183
-12.659435
-12.271989
-15.322196
-15.779147
-13.673120
-16.714281
-2.825650
-18.619769
-7.571811
-15.824201
-19.420056
-9.550163
-9.909214
-12.094886
-11.343279
-17.346602
-12.991357
-13.553335
-12.312404
-2.519695
-27.209369
-10.652245
-13.131511
-16.187894
-23.129117
-15.281741
-14.559894
-17.520901
-22.459795
-18.406145
-16.299637
-25.755202
-14.664781
-12.534888
-10.306335
-19.628551
-14.119163
-18.329179
-29.426310
-9.780238
-12.179905
-11.806421
-13.267436
-19.469990
-12.487873
-20.361503
-25.634750
-10.427238
-16.259500
-13.370819
-1.937810
-16.807125
-8.169610
-16.625890
-13.394496
-16.167497
-16.681808
-24.330108
-19.277770
-18.376411
-7.379294
-20.452769
-13.868523
-15.307935
-12.716450
-13.250481
-21.552647
-19.350689
-20.966980
-25.399670
-14.673856
-9.708707
-22.137943
-13.626877
-12.777272
-25.560238
-15.558408
-11.205342
-9.749831
-30.450347
-9.640143
-17.654806
-19.845753
-10.000052
-18.427734
-16.444553
-10.173372
-20.063147
-18.976081
-15.136914
-23.366730
-5.640509
-14.560541
-18.807918
-15.717157
-9.657474
-3.791911
-8.197861
-14.532839
-7.835571
-20.903168
-8.773751
-19.433186
-23.617046
-19.101603
-21.072854
-13.414164
-21.311459
-12.735449
-12.848182
-15.013171
-17.923369
-10.714550
-16.925953
-11.278960
-8.874898
-14.200373
-20.128340
-24.957626
-13.239710
-13.094241
-18.471973
-8.055548
-4.728574
-12.356478
-14.158420
-8.880073
-29.565269
-19.449274
-5.548732
-14.646685
-12.001045
-18.363191
-10.536134
-12.075066
-8.664364
-15.225509
-9.760112
-7.395722
-9.277745
-7.809222
-19.835084
-8.659743
-25.870200
-12.540032
-8.540334
-6.942061
-10.333431
-15.038649
-12.723011
-18.872029
-6.992122
-18.109470
-23.291942
-11.403550
-11.193930
-24.326228
-15.880876
-22.079910
-15.864059
-30.624506
-3.377761
-13.513046
-19.816561
-15.287669
-20.764500
-21.244546
-9.832162
-22.817955
-14.249310
-18.108854
-11.911148
-13.496494
-21.535455
-7.669962
-27.289434
-12.205823
-28.393502
-19.328017
-9.019840
-15.093852
-23.615071
-15.071809
-21.142784
-25.845702
-13.880826
-19.162262
-14.669529
-14.645047
-22.464489
-23.945032
-12.387833
-13.751844
-3.372557
-10.394876
-12.650981
-6.678280
-12.090140
-17.496829
-23.224512
-15.334697
-7.973668
-21.827486
-14.417436
-29.533738
-27.749467
-12.139279
-5.930602
-13.095622
-14.210957
-12.770667
-11.455303
-18.494628
-7.684270
-17.136283
-27.520488
-9.721421
-21.492352
-9.359688
-12.276842
-7.695090
-17.560657
-20.809515
-14.944975
-13.811178
-5.794770
-14.326520
-6.597372
-19.105139
-9.511343
-9.514621
-14.417215
-18.500520
-16.003991
-2.545184
-30.347936
-6.477373
-13.617135
-27.616355
-14.213263
-14.984671
-27.267815
-10.966329
-19.802241
-31.334044
-24.929964
-8.985468
-13.105068
-15.610219
-9.429497
-17.528443
-11.967055
-16.899705
-13.997083
-11.717596
-23.927842
-10.612946
-8.514181
-7.862702
-20.270382
-26.651390
-15.154869
-9.132013
-15.036012
-35.258093
-0.909086
-7.680593
-7.930389
-14.130312
-24.314410
-10.962104
-16.746068
-23.241987
-14.127668
-12.765251
-15.252803
-25.795277
-17.392339
-23.707249
-16.007780
-21.364162
-2.329625
-17.009773
-8.772603
-23.300814
-15.192968
-8.678486
-25.547935
-17.486707
-15.555883
-13.558676
-10.891238
-8.231918
-27.109638
-15.097422
-3.559116
-4.078223
-18.171917
-7.524923
-18.543801
-23.657837
-20.951787
-15.113506
-20.303746
-8.463455
-10.174224
-17.526354
-19.733253
-18.133251
-18.470239
-9.151744
-20.285503
-19.485161
-15.617436
-12.297707
-8.499623
-12.683764
-27.553536
-18.051999
-9.959379
-18.578041
-14.808443
-16.820808
-25.645168
-12.743904
-8.758191
-10.430864
-16.837779
-17.246472
-24.289771
-18.547627
-15.702741
-18.684709
-4.817146
-23.007324
-11.119400
-23.134852
-25.569954
-14.104457
-13.040372
-15.343039
-8.509409
-18.741025
-6.919343
-13.300762
-30.110188
-19.078998
-16.158742
-13.239227
-14.052868
-19.531142
-11.078633
-7.463678
-21.603557
-14.949284
-9.223402
-10.060773
-9.266683
-20.081500
-25.399280
-1.920214
-11.134253
-8.563155
-23.548284
-29.277615
-9.564346
-20.516624
-18.949508
-15.987748
-6.790688
-28.440574
-20.254350
-16.171027
-14.802302
-11.897908
-15.445021
-16.355675
-12.201094
-8.847237
-16.786682
-3.437332
-16.341849
-20.001742
-5.651047
-8.144741
-14.490065
-13.988812
-15.626906
-5.680933
-20.211674
-30.272236
-27.808888
-24.234481
-16.885810
-16.702432
-5.157106
-12.874355
-16.525444
-18.657787
-27.469023
-14.744178
-13.505871
-13.216044
-17.047625
-10.545538
-15.919385
-13.020373
-9.646411
-3.452276
-6.449665
-14.743651
-22.175641
-6.962714
-14.662650
-2.927425
-11.594630
-14.937852
-12.619756
-21.460016
-7.520829
-30.543111
-16.088097
-22.888085
-20.144755
-6.006189
-12.916002
-18.366089
-9.047548
-6.945066
-23.869526
-16.577480
-5.278774
-19.463448
-21.672990
-20.926703
-11.935905
-16.257810
-17.477703
-15.035643
-11.744713
-18.067214
-7.401581
-17.156896
-19.257155
-25.002138
-12.779442
-16.604252
-16.467910
-17.563747
-18.353538
-20.120606
-26.165490
-19.715371
-17.078385
-12.081439
-17.164717
-10.406740
-16.870995
-10.351041
-26.788129
-15.990577
-15.714692
-11.175950
-18.191825
-20.693396
-16.687989
-16.425833
-20.392338
-10.725324
-26.254604
-16.906574
-19.789226
-21.730812
-17.036382
-23.576163
-14.731788
-2.950586
-5.752824
-20.997474
-12.802058
-16.430358
-11.517436
-8.489306
-24.212349
-21.723933
-8.942519
-16.898004
-5.486625
-10.861148
-14.449526
-3.896585
-10.102128
-36.649916
-14.526625
-14.996742
-21.236389
-26.200669
-11.288030
-23.934372
-19.603019
-14.155814
-20.364680
-11.764610
-20.285361
-18.021734
-2.321653
-25.953128
-14.210454
-12.032015
-11.886617
-3.945972
-21.389892
-11.833287
-3.434586
-27.282540
-13.102996
-13.645697
-24.668793
-6.302073
-2.486841
-14.955602
-4.946547
-16.175489
-13.738545
-3.162321
-11.830473
-19.401238
-28.288130
-17.057443
-11.126054
-17.534735
-10.959332
-8.120685
-11.947700
-10.895439
-21.794830
-23.540919
-10.146456
-8.584858
-25.998626
