-25.282580
-18.288528
-11.759634
-10.168316
-24.291667
-2.665774
-21.370073
-26.143605
-18.981237
-2.290264
-21.144224
-23.026884
-14.886497
-25.050909
-22.767035
-20.217498
-15.796712
-19.990355
-27.414847
-1.342859
-6.077084
-20.720880
-2.482585
-19.508616
-20.253517
-16.298642
-18.052871
-17.937293
-0.710147
-25.665313
-15.256041
-29.296964
-22.511425
-14.790088
-18.855416
-16.312292
-13.666170
-14.257443
-12.259841
-16.877392
-17.313338
-22.838242
-9.997157
-11.385060
-7.691051
-2.689977
-17.062566
-8.976096
-13.113883
-7.521902
-15.504592
-15.754004
-17.616714
-20.698767
-12.729348
-12.795573
-21.816462
-16.458142
-12.832695
-7.640151
-12.309057
-1.590580
-1.833311
-11.292303
-18.647246
-17.325809
-10.597790
-9.522635
-9.900703
-11.035279
-22.571188
-6.641601
-21.596269
-22.736818
-21.610398
-15.114320
-24.913130
-19.625232
-23.010049
-17.596574
-10.923481
-32.436221
-16.126087
-8.105419
-17.942165
-7.590235
-15.781285
-17.394464
-1.154877
-13.293524
-10.631150
-16.046633
-30.364269
-6.029944
-7.465928
-19.795180
-16.437029
-2.566749
-24.536958
-21.451860
-26.192976
-6.902490
-5.078491
-17.407517
-12.040077
-28.733567
-14.719253
-3.162524
-1.834643
-32.877909
-17.475827
-4.296702
-22.163998
-21.045088
-20.973752
-21.205023
-13.579456
-17.838993
-8.902182
-16.776973
-19.662852
-19.374469
-10.085874
-19.276686
-25.076950
-28.880875
-17.123504
-1.124439
-28.168077
-13.531206
-10.160729
-15.329821
-8.891845
-18.594834
-22.160540
-0.754455
-26.235880
-13.151824
-15.291495
-22.188321
-8.896573
-13.473667
-23.686534
-7.539994
-4.934664
-3.052704
-10.894971
-7.335718
-16.487274
-10.095082
-13.667466
-9.739794
-21.862009
-29.643450
-24.405647
-6.962986
-22.729894
-10.168885
-4.891230
-14.849803
-3.489834
-2.967455
-18.964307
-1.383244
-16.311570
-32.047235
-14.569831
-0.677152
-17.139065
-5.706535
-20.386238
-13.435905
-5.845812
-17.743343
-16.526801
-22.439830
-8.092581
-1.947937
-5.450907
-24.061012
-22.656123
-12.882628
-6.406779
-15.228020
-5.426529
-13.075410
-23.456107
-11.744238
-23.615887
-5.604820
-0.908360
-17.892275
-16.838136
-9.107876
-18.975041
-18.343053
-11.524835
-19.365866
-14.900088
-3.099004
-13.064435
-3.351042
-12.603294
-3.850219
-37.977289
-14.711049
-5.362003
-28.136989
-17.851534
-18.428408
-1.869030
-17.018232
-12.578786
-14.526774
-11.743461
-21.221100
-10.164014
-28.748980
-10.412496
-8.200134
-3.523911
-5.165279
-14.397080
-16.025280
-15.448270
-7.253493
-12.222603
-13.546392
-17.247096
-12.165587
-13.201301
-17.437542
-18.622355
-24.782960
-4.486179
-10.330856
-12.326791
-11.538650
-4.908170
-18.654645
-8.469382
-15.413844
-11.913081
-28.253560
-14.897599
-16.831856
-10.831613
-22.962420
-14.370231
-20.281392
-20.092038
-15.646664
-21.341124
-20.952979
-24.911258
-8.108686
-13.258302
-24.059886
-22.902451
-16.454056
-25.024812
-15.389321
-3.885362
-16.251017
-5.859823
-28.179479
-8.469442
-14.551945
-0.036816
-16.491547
-16.396977
-24.785965
-5.729711
-9.775119
-1.673582
-14.539227
-7.426591
-5.220722
-13.549982
-24.544298
-12.228019
-19.767953
-17.741454
-18.120759
-11.801175
-5.606962
-9.244537
-18.485416
-27.026163
-9.680856
-19.580292
-15.227608
-18.555168
-19.106498
-17.877650
-20.768155
-21.038907
-22.900950
-9.132540
-7.395782
-7.810083
-18.481169
-14.561323
-17.564730
-10.089266
-15.117379
-11.239717
-4.580437
-26.110217
-7.939857
-11.961810
-19.915940
-21.606282
-7.180697
-9.595484
-23.928580
-7.573759
-36.688731
-7.721006
-27.576369
-5.902771
-16.449817
-12.271902
-26.493653
-16.949576
-6.068665
-21.268230
-5.300443
-10.585516
-20.588549
-12.777787
-7.700755
-30.823403
-2.063451
-9.787592
-5.259279
-5.367650
-13.300065
-22.092497
-21.528505
-0.159749
-14.187275
-16.756365
-11.857912
-17.982436
-17.853635
-9.505581
-1.359271
-17.551556
-14.149538
-11.193019
-25.968456
-13.672410
-12.451597
-20.934095
-18.259999
-6.371115
-19.511202
-8.634352
-12.984751
-20.082327
-19.708833
-11.312214
-9.895742
-20.844345
-12.727410
-21.446282
-18.388089
-34.871445
-23.693428
-23.568061
-35.969968
-16.259647
-0.523508
-13.763589
-4.004181
-22.205233
-12.188642
-24.157038
-17.386381
-25.349042
-5.424410
-1.006870
-21.008030
-16.549828
-22.451796
-10.880452
-7.014620
-12.048658
-17.972362
-25.581698
-11.727560
-11.021036
-24.377049
-18.212880
-12.467758
-7.237346
-25.057261
-24.646599
-22.192743
-26.017460
-8.053935
-3.515198
-5.472849
-21.596523
-8.442635
-15.735953
-14.582327
-12.804849
-21.079344
-21.805088
-0.623063
-24.687211
-20.204221
-21.072190
-11.455782
-14.570299
-18.352042
-15.008524
-15.415450
-28.740616
-6.432591
-1.956209
-17.094043
-0.220341
-23.382525
-24.067412
-10.430750
-8.027917
-13.371067
-6.417298
-14.730961
-32.443509
-7.612488
-27.609708
-1.402798
-13.203275
-20.110963
-22.618395
-13.103162
-8.075476
-18.531032
-4.218168
-2.659404
-21.650689
-16.834881
-19.577873
-15.480204
-20.896623
-7.043593
-9.990872
-17.782260
-12.017746
-2.026043
-34.457522
-13.259546
-9.425964
-15.214620
-12.112330
-17.329915
-5.658174
-13.027982
-15.337588
-14.021209
-7.242333
-10.674599
-20.580167
-25.793136
-16.993747
-10.782626
-25.160961
-11.707225
-8.436481
-12.671827
-19.964043
-17.853766
-2.500066
-10.710677
-22.048797
-12.458508
-20.845520
-13.875796
-11.760960
-13.854918
-17.494886
-12.067339
-8.145067
-10.506051
-10.969910
-5.591756
-7.425652
-13.331601
-24.973210
-30.270934
-5.899134
-18.728416
-15.831945
-5.900208
-15.410889
-7.643742
-34.958247
-13.403278
-9.536765
-5.449564
-3.249037
-15.206982
-28.070733
-21.053259
-3.861758
-18.052327
-23.467211
-3.830528
-4.789072
-14.246622
-15.606133
-19.057809
-22.071749
-17.810669
-22.392979
-9.346258
-6.451559
-16.393629
-6.687415
-16.768731
-14.717468
-11.852120
-17.052483
-17.045592
-8.355205
-20.443684
-8.297093
-15.609536
-6.416645
-22.303054
-13.765407
-17.498614
-27.890584
-9.484539
-18.285658
-3.255020
-23.646182
-23.374516
-11.137887
-0.112421
-15.439487
-14.285316
-7.215588
-15.089115
-9.172597
-15.745148
-4.660032
-12.600843
-15.881121
-17.283376
-16.419258
-24.722798
-10.029937
-15.367458
-25.195212
-19.636298
-25.738644
-14.826230
-23.958959
-28.775342
-19.195711
-8.896619
-19.232740
-7.111066
-21.894580
-24.121276
-7.386341
-16.996953
-9.640150
-10.821632
-20.049452
-16.271159
-17.402449
-28.051037
-6.733579
-15.523258
-16.859248
-5.523357
-19.438311
-15.190306
-19.226525
-4.350682
-3.065607
-21.866149
-25.279785
-0.551483
-4.604151
-10.987407
-10.457649
-7.602193
-21.721903
-4.988157
-12.308524
-12.599086
-26.987027
-6.198068
-8.983718
-19.304295
-19.370937
-18.870440
-14.746182
-6.527927
-19.288029
-22.664001
-10.758898
-0.889155
-11.828856
-7.036345
-7.576288
-15.159614
-1.391046
-16.383950
-14.403081
-16.500601
-29.805668
-1.627364
-3.769832
-8.046398
-14.717631
-22.112128
-1.976562
-9.805259
-11.176508
-10.745122
-18.074740
-12.856723
-18.400183
-5.629092
-23.974620
-0.642187
-33.757598
-6.946542
-14.434939
-20.179201
-1.604571
-12.385038
-17.028724
-16.126131
-3.853619
-9.057083
-0.809650
-33.043414
-16.377525
-24.034444
-12.426873
-18.813641
-14.370281
-19.463885
-6.364292
-16.856776
-21.659028
-23.083235
-3.197863
-23.170107
-13.381591
-5.302538
-15.750088
-5.667763
-18.509691
-10.647397
-17.905030
-23.866520
-18.256191
-4.267616
-17.333243
-12.379997
-24.271530
-6.415905
-25.470528
-15.041809
-17.872166
-28.537077
-5.639713
-9.296449
-0.338048
-23.541176
-2.621095
-11.218247
-22.009677
-8.375971
-15.977988
-11.066325
-17.271193
-11.188875
-18.470470
-22.485134
-18.442367
-22.381844
-18.439145
-28.048642
-12.764617
-18.539389
-18.613334
-9.319207
-24.349119
-11.792042
-18.194765
-8.681500
-8.478808
-14.636538
-15.849530
-25.484239
-8.007930
-19.285113
-11.408355
-11.765760
-6.844126
-1.944274
-17.653971
-13.569306
-17.909463
-7.576779
-17.863040
-13.872234
-10.561094
-1.708178
-12.718243
-13.426589
-1.069989
-20.976580
-27.040312
-19.580111
-27.363566
-19.484048
-21.212623
-10.621973
-20.703069
-12.148838
-18.849897
-8.078375
-14.629945
