-0.064358
-0.196218
-0.005069
-0.026084
-0.056415
-0.047989
-0.411903
-0.385544
-0.424235
-0.011016
-0.123348
-0.038431
-0.000161
-0.113573
-0.021308
-0.012993
-0.026281
-0.023154
-0.468927
-0.019497
-0.001427
-0.290356
-0.000298
-0.006781
-0.092761
-0.210358
-0.306130
-0.001537
-0.043824
-0.255057
-0.502788
-0.358279
-0.106379
-0.202665
-0.359329
-0.061998
-0.112625
-0.057653
-0.000759
-0.006950
-0.126277
-0.031805
-0.036150
-0.077618
-0.086234
-0.364684
-0.051535
-0.052724
-0.040134
-0.240718
-0.326595
-0.108252
-0.067071
-0.143118
-0.080847
-0.423987
-0.108734
-0.055959
-0.020906
-0.038071
-0.039707
-0.022578
-0.021257
-0.151562
-0.107934
-0.125451
-0.052147
-0.081962
-0.011749
-0.089585
-0.336007
-0.014857
-0.047917
-0.016211
-0.022548
-0.357114
-0.520854
-0.016805
-1.077608
-0.033311
-0.035813
-0.025096
-0.070234
-0.150676
-0.102424
-0.002112
-0.028585
-0.445162
-0.011041
-0.438009
-0.314758
-0.019274
-0.260564
-0.013150
-0.090181
-0.065153
-0.102185
-0.141559
-0.112550
-0.015575
-0.528113
-0.000871
-0.364208
-0.293990
-0.164382
-0.024474
-0.001033
-0.001004
-0.003937
-0.017055
-0.013488
-0.062288
-0.010566
-0.136819
-0.044736
-0.186550
-0.097735
-0.006883
-0.003926
-0.008028
-0.096491
-0.001317
-0.013370
-0.027848
-0.002240
-0.206518
-0.089230
-0.023433
-0.116476
-0.040722
-0.026661
-0.018802
-0.156676
-0.402219
-0.089235
-0.044977
-0.082789
-0.632082
-0.001157
-0.089319
-0.236529
-1.463265
-0.001361
-0.087937
-0.105604
-0.013969
-0.039936
-0.044598
-0.053756
-0.127753
-0.080544
-0.081293
-0.019868
-0.017373
-0.086935
-0.038733
-0.113326
-0.019205
-0.024493
-0.049336
-0.001591
-0.139989
-0.084806
-0.011539
-0.490041
-0.027643
-0.012127
-0.039742
-0.021906
-0.219356
-0.021687
-0.024882
-0.132446
-0.442488
-0.071733
-0.031514
-0.064254
-1.335959
-0.016164
-0.038616
-0.443953
-0.003373
-0.217502
-0.006551
-0.168333
-0.094793
-0.172854
-0.312151
-0.083180
-0.000321
-0.034643
-0.010555
-0.007723
-0.086672
-0.027061
-0.036661
-0.005032
-0.031820
-0.030788
-0.008918
-0.005656
-0.103097
-0.174792
-0.031454
-0.006175
-0.018468
-0.041405
-0.190619
-0.249963
-0.024827
-0.082335
-0.149427
-0.003559
-0.348323
-0.002790
-0.048320
-0.056684
-0.029785
-0.010307
-0.103446
-0.034452
-0.190791
-0.336520
-0.104203
-0.061218
-0.061088
-0.312166
-0.063128
-0.071765
-0.623776
-0.027189
-0.267647
-0.017323
-0.024807
-0.020390
-0.038681
-0.715595
-0.264852
-0.245337
-0.159895
-0.017144
-0.009843
-0.038001
-0.069848
-0.356231
-0.012678
-0.088655
-0.045230
-0.091503
-0.182464
-0.160959
-0.039147
-1.018548
-1.265266
-0.009187
-0.350009
-0.286714
-0.026616
-0.000064
-0.140738
-0.075419
-0.027455
-0.020543
-0.070187
-0.099949
-0.369289
-0.035818
-0.178964
-0.060016
-0.044213
-0.016775
-0.072981
-0.026427
-0.241106
-0.036173
-0.008472
-0.410824
-0.004600
-0.013773
-0.062063
-0.083072
-0.261452
-0.256677
-0.088386
-0.017140
-0.246043
-0.144510
-0.181154
-0.210455
-0.042783
-0.054890
-0.006350
-0.320934
-0.491047
-0.011125
-0.363756
-0.496405
-0.008682
-0.191315
-0.031724
-0.262461
-0.328842
-0.036639
-0.143184
-0.014503
-0.188116
-0.288706
-0.062615
-0.345779
-0.262288
-0.011049
-1.432996
-0.014572
-0.005799
-0.029813
-0.000611
-0.661873
-0.076637
-0.007208
-0.193722
-0.003083
-0.239007
-0.185751
-0.042897
-0.416075
-0.096954
-0.065719
-0.050520
-0.064054
-0.247378
-0.377616
-0.033535
-0.120750
-0.202921
-0.024179
-0.017108
-0.071948
-0.268050
-0.189398
-0.118987
-0.203614
-0.139015
-0.051883
-0.100518
-0.026012
-0.000115
-0.013265
-0.004591
-0.044819
-0.002397
-0.329510
-0.428431
-0.098659
-0.071833
-0.044679
-0.104116
-0.067111
-0.054401
-0.002770
-0.042404
-0.068871
-0.063755
-0.028279
-0.592240
-0.033273
-0.050462
-0.243574
-0.225303
-0.009655
-0.016537
-0.501796
-0.263247
-0.007967
-0.068075
-0.220898
-0.466201
-0.723268
-0.351098
-0.030311
-0.139977
-0.040818
-0.000099
-0.013145
-0.029496
-0.027109
-0.000685
-0.011643
-0.034957
-0.075581
-0.400956
-0.226018
-0.180321
-0.485214
-0.005912
-0.050743
-0.001414
-0.012866
-0.311613
-0.058726
-0.085214
-0.102136
-0.009278
-0.151669
-0.179913
-0.003956
-0.050630
-0.037896
-0.119059
-0.004858
-0.146807
-0.039627
-0.005706
-0.246386
-0.058553
-0.010536
-0.025437
-0.137196
-0.214756
-0.059830
-0.015527
-0.012700
-0.033259
-0.282635
-0.019427
-0.103682
-0.061992
-0.102172
-0.021110
-0.370238
-0.006843
-0.082059
-0.202708
-0.540314
-0.112453
-0.077598
-0.021152
-0.093656
-0.005128
-0.002354
-0.139907
-0.001739
-0.015560
-0.221367
-0.091604
-0.006796
-0.012246
-0.609120
-0.295400
-0.272317
-0.355841
-0.030917
-0.306046
-0.334621
-0.026280
-0.038340
-0.030119
-0.575536
-0.094955
-0.003087
-0.831197
-0.013199
-0.006408
-0.085875
-0.162348
-0.041546
-0.242054
-0.014227
-0.091580
-0.125223
-0.649232
-0.013178
-0.010073
-0.009018
-0.028663
-0.169148
-0.049676
-0.016654
-0.046985
-0.203042
-0.029116
-0.142403
-0.000237
-0.103420
-0.136844
-0.181178
-0.111483
-0.067558
-0.050474
-0.063975
-0.040485
-0.003423
-0.046901
-0.536423
-0.000709
-0.070122
-0.085467
-0.055441
-0.009389
-0.000573
-0.427491
-0.125849
-0.079412
-0.456466
-0.369119
-0.003800
-0.072690
-0.017705
-0.133644
-0.031728
-0.070573
-0.144918
-0.007456
-0.220371
-0.551442
-0.152242
-0.231889
-0.002246
-0.045466
-0.019455
-0.154458
-0.005713
-0.285424
-0.025260
-0.004653
-0.088676
-0.382712
-0.105250
-0.183259
-0.949418
-0.037162
-0.115341
-0.038615
