-0.071985
-0.130598
-0.329956
-0.001079
-0.004707
-0.096558
-0.181232
-0.013986
-0.123674
-0.937201
-0.116448
-0.101372
-0.530586
-0.656678
-0.063013
-0.208064
-0.446699
-0.023344
-0.477999
-0.922306
-0.098161
-0.637853
-0.004529
-0.129557
-0.209825
-0.216284
-0.019348
-0.521551
-0.019663
-0.071907
-0.000312
-0.354490
-0.000003
-0.037219
-0.047661
-0.051939
-1.098179
-0.262306
-0.170568
-0.183969
-0.097086
-0.000852
-0.341172
-0.008112
-0.024310
-0.068438
-0.059954
-0.053666
-0.188609
-0.007197
-0.195121
-0.052434
-0.071038
-0.185101
-0.009900
-0.166199
-0.270242
-0.016314
-0.010702
-0.808124
-0.069272
-0.173475
-0.002397
-0.042939
-0.605064
-0.260319
-0.033427
-0.281283
-0.039426
-0.479874
-0.042633
-0.025792
-0.150585
-0.225631
-0.065767
-0.025378
-0.038045
-0.033716
-0.002971
-0.013838
-0.162749
-0.007843
-1.051654
-0.000543
-0.068554
-0.036461
-0.180705
-0.162549
-0.662748
-0.055730
-0.109687
-0.002722
-0.002716
-0.103523
-0.005773
-0.025225
-0.111067
-0.208788
-0.023550
-0.059803
-0.061924
-0.363927
-1.194243
-0.139246
-0.702235
-0.735519
-0.033434
-0.150099
-0.003704
-0.042193
-0.332520
-0.188227
-0.212926
-0.012523
-0.073614
-2.333397
-0.053119
-0.141190
-0.302054
-0.210532
-0.087298
-0.008935
-0.049050
-0.045742
-0.447685
-0.012211
-0.718535
-0.020808
-0.109137
-0.156870
-0.012932
-0.138909
-0.009894
-0.634907
-0.151433
-0.024300
-0.006604
-0.825389
-0.038717
-0.112805
-0.039238
-0.025464
-0.043211
-0.272339
-1.036545
-0.924133
-0.027991
-0.035368
-0.163390
-0.300923
-0.161706
-0.039639
-0.313677
-0.029792
-0.250916
-0.002240
-0.060422
-0.028131
-0.091677
-0.151896
-0.028308
-0.033178
-0.380848
-0.099759
-0.026390
-0.057394
-0.251555
-0.402086
-0.011327
-0.006342
-0.289588
-0.491648
-0.038710
-0.590038
-0.001723
-0.016300
-0.341696
-0.064963
-0.611019
-0.128370
-0.255901
-0.001033
-0.312466
-0.076610
-0.021144
-0.028192
-0.193452
-0.277993
-0.057241
-0.066573
-0.969167
-0.348776
-0.008771
-0.288847
-0.009790
-0.405831
-0.288408
-0.007084
-0.047647
-0.196026
-0.074532
-0.497240
-0.068753
-0.021278
-0.166779
-0.225610
-0.076169
-0.030328
-0.330749
-0.035912
-0.022578
-0.017581
-0.083090
-0.000175
-0.371029
-0.076787
-0.085421
-0.104770
-0.000818
-0.014135
-0.011670
-0.053194
-0.157612
-0.030569
-0.041834
-0.537039
-0.023344
-0.003479
-0.055722
-0.201098
-0.242341
-0.000805
-0.064856
-0.033740
-0.002783
-0.155997
-0.069440
-0.001048
-0.008163
-0.037518
-0.150136
-0.035612
-0.010312
-0.057261
-0.606035
-0.001018
-0.030806
-0.016171
-0.235974
-0.143056
-0.044505
-0.014143
-0.382445
-0.089694
-0.006127
-0.000349
-0.634183
-0.460839
-0.016038
-0.005762
-0.015921
-0.883332
-0.152767
-0.009658
-0.044569
-0.021858
-0.125658
-0.151850
-0.028013
-0.052330
-0.036019
-0.004126
-0.008987
-0.183552
-0.066848
-0.077138
-0.075918
-0.159617
-0.004722
-0.615906
-0.003666
-0.405580
-0.049968
-0.096022
-0.042769
-0.240651
-0.425653
-0.360908
-0.019948
-0.030427
-0.401451
-0.092875
-0.389808
-0.134508
-0.118958
-0.702970
-0.002114
-0.000387
-0.094965
-0.182897
-0.003055
-0.000348
-0.200514
-0.039925
-0.058928
-0.023583
-0.227391
-0.266373
-0.849519
-0.052345
-0.050347
-0.082971
-0.070397
-0.043956
-0.294565
-0.043169
-0.073621
-0.002799
-0.011883
-0.181646
-0.242188
-0.250254
-0.042002
-0.048867
-0.632116
-1.223773
-0.001779
-0.046907
-0.294765
-0.354132
-0.001979
-0.065055
-0.094114
-0.411646
-0.400392
-0.492322
-0.218525
-0.290205
-0.045822
-0.159801
-0.245414
-0.148550
-0.022384
-0.367198
-0.167127
-0.126518
-0.003411
-0.156651
-0.032817
-0.445186
-0.676124
-0.612003
-0.161820
-0.829984
-0.127662
-0.048650
-0.266036
-0.142970
-0.221991
-0.204670
-0.175490
-0.504057
-0.013374
-0.249457
-0.030124
-0.015374
-0.086256
-0.004930
-0.232825
-0.484440
-0.093144
-0.492529
-0.005132
-0.153162
-0.069149
-0.004605
-0.081244
-0.004025
-0.575225
-0.454191
-0.062131
-0.194043
-0.470424
-0.054269
-0.033788
-0.198942
-0.059422
-0.009805
-0.074778
-0.261869
-0.002068
-0.037055
-0.046764
-0.001997
-0.461154
-0.206887
-0.204395
-0.000336
-0.507581
-0.411980
-0.062960
-0.002805
-0.762103
-0.065879
-0.106273
-0.071682
-0.441081
-0.161704
-0.529804
-0.016350
-0.041017
-0.000417
-0.203688
-0.000207
-0.259012
-0.027807
-0.002153
-0.042550
-0.130024
-0.003898
-0.352262
-0.213247
-0.126286
-0.010040
-0.004386
-0.084536
-0.008088
-0.005531
-0.032821
-0.009808
-0.170313
-0.020213
-0.216136
-0.054574
-0.114957
-0.006384
-0.457840
-0.082141
-0.180388
-0.014807
-0.417160
-0.107412
-0.577664
-0.010925
-0.176125
