-4.192592
-1.465891
-12.409561
-0.313315
-1.370996
-0.929404
-2.796670
-0.918744
-0.343220
-4.088200
-3.387891
-2.416479
-3.609073
-7.578299
-4.754484
-1.229859
-8.698560
-4.705567
-0.292031
-3.297740
-4.546692
-2.163936
-0.355459
-0.155813
-0.563993
-7.681843
-8.907171
-12.396841
-0.247605
-0.345051
-3.285157
-1.460041
-1.409184
-1.936777
-0.506718
-1.356931
-4.567672
-4.619107
-0.392842
-4.425699
-1.036136
-0.833342
-0.118689
-0.905288
-2.900852
-2.482519
-3.078830
-0.671331
-0.948389
-5.443029
-5.615620
-5.852393
-5.954759
-12.571516
-2.686055
-3.444248
-0.461344
-0.266867
-6.774786
-0.755472
-0.194013
-0.120538
-2.725839
-4.173262
-7.263761
-1.769004
-0.350232
-0.737305
-2.301597
-3.170027
-1.752541
-4.145029
-0.217180
-3.083727
-0.384431
-5.524047
-5.885471
-1.722100
-0.294849
-4.308067
-0.216216
-5.575886
-2.525103
-2.772824
-6.020404
-2.798244
-6.025930
-0.198278
-3.841431
-0.736593
-1.014715
-1.111462
-7.260477
-4.194579
-7.305776
-0.332041
-2.216336
-2.685864
-0.617499
-6.234488
-1.992977
-3.988982
-0.683921
-0.128817
-0.176408
-0.618937
-1.939281
-3.983158
-0.746608
-4.638763
-0.601935
-10.076778
-0.509901
-3.978745
-3.489716
-1.376380
-8.167091
-2.348317
-4.003194
-7.215528
-0.279842
-2.994223
-6.778119
-5.346344
-0.094917
-12.513406
-2.464810
-3.681439
-1.093412
-0.996716
-0.494971
-2.940647
-2.756931
-0.073772
-4.657435
-2.516741
-0.804456
-0.109191
-1.791285
-0.708300
-0.372900
-6.022104
-0.518637
-1.291929
-2.977534
-2.112340
-0.493654
-0.494899
-4.877899
-6.155195
-1.341903
-7.808466
-1.154772
-1.734307
-2.680675
-5.493095
-7.063305
-2.019674
-1.611915
-3.424376
-3.165057
-0.238155
-4.936634
-10.394431
-0.816862
-0.136367
-1.071150
-0.592838
-0.291328
-6.736796
-3.725779
-1.897286
-4.725168
-2.294267
-0.779970
-1.989742
-5.273537
-0.956474
-1.360709
-3.484586
-0.506576
-0.805514
-4.277929
-0.408966
-7.928402
-2.261414
-7.721773
-1.008087
-1.944793
-0.164232
-0.767690
-2.772212
-10.243535
-6.528761
-5.691654
-0.929514
-1.994923
-1.176460
-3.980915
-0.985030
-6.139416
-1.722016
-2.418111
-5.125661
-4.962995
-7.198163
-0.105251
-3.735246
-2.326876
-0.181620
-1.707582
-4.458546
-4.603852
-2.918939
-1.545423
-0.843647
-8.674148
-2.302006
-1.824164
-3.451691
-5.299776
-7.483046
-0.607307
-3.184468
-5.920984
-1.497825
-1.247931
-3.549998
-1.996524
-1.693977
-6.839795
-4.166438
-2.319872
-0.067784
-2.087937
-3.601043
-6.156023
-1.480118
-2.927923
-8.098325
-5.436019
-3.330190
-0.550020
-0.893064
-2.183681
-2.133487
-1.017041
-1.818651
-1.731820
-3.558974
-2.036444
-0.343914
-0.192386
-3.476732
-3.065649
-1.783119
-6.127097
-1.594950
-0.205653
-3.506425
-3.282410
-2.203590
-4.011090
-0.561239
-1.426032
-1.817500
-1.582802
-0.591343
-6.047261
-6.043564
-2.009989
-0.299606
-1.716748
-1.357854
-0.594789
-1.421327
-4.454011
-3.549259
-0.094853
-1.329851
-2.371171
-0.505274
-1.282260
-9.655344
-1.716624
-4.716153
-4.076218
-1.468829
-1.519856
-0.331165
-8.725287
-1.489360
-2.600514
-1.984128
-0.577456
-0.132418
-1.470359
-2.022380
-1.372107
-4.236731
-3.621574
-4.559304
-2.259357
-1.462904
-6.467383
-1.613710
-2.843083
-5.722633
-0.092363
-4.724621
-2.193668
-1.629734
-5.651076
-3.917640
-9.805452
-0.433706
-3.278898
-1.055236
-8.439021
-5.265534
-0.583150
-0.936554
