-0.034045
-0.000055
-0.006171
-0.043996
-0.012654
-0.002539
-0.008499
-0.000480
-0.023015
-0.003395
-0.015539
-0.180503
-0.049520
-0.016421
-0.001016
-0.009353
-0.007451
-0.007142
-0.239338
-0.009340
-0.188494
-0.002457
-0.016605
-0.150901
-0.079694
-0.003717
-0.027918
-0.000381
-0.006175
-0.081093
-0.010631
-0.025398
-0.048701
-0.007893
-0.389411
-0.043134
-0.000795
-0.194823
-0.007961
-0.006993
-0.032072
-0.009967
-0.096590
-0.014630
-0.198178
-0.002192
-0.059984
-0.195138
-0.000078
-0.072023
-0.013405
-0.417840
-0.013002
-0.000659
-0.111203
-0.014880
-0.175207
-0.090700
-0.000654
-0.044690
-0.000208
-0.088581
-0.006893
-0.000806
-0.005439
-0.395550
-0.286700
-0.030129
-0.021722
-0.005440
-0.133351
-0.014187
-0.118164
-0.001584
-0.004068
-0.009095
-0.036149
-0.000067
-0.007301
-0.040419
-0.007182
-0.002444
-0.000013
-0.129106
-0.019478
-0.047691
-0.047225
-0.016470
-0.111105
-0.112638
-0.063169
-0.019010
-0.043693
-0.039032
-0.002230
-0.000261
-0.035804
-0.000748
-0.126964
-0.032104
-0.018719
-0.000154
-0.001415
-0.088645
-0.005153
-0.008934
-0.031574
-0.056017
-0.116761
-0.102552
-0.009158
-0.358305
-0.000691
-0.000583
-0.489007
-0.108909
-0.368868
-0.062722
-0.043216
-0.001461
-0.122054
-0.000725
-0.000208
-0.014078
-0.096069
-0.025142
-0.128980
-0.023820
-0.002981
-0.390335
-0.071556
-0.060306
-0.104575
-0.002175
-0.018213
-0.173637
-0.007363
-0.136043
-0.116559
-0.004057
-0.030970
-0.059444
-0.099530
-0.004758
-0.019243
-0.052335
-0.050426
-0.001389
-0.004120
-0.002071
-0.000336
-0.760059
-0.002440
-0.071977
-0.243120
-0.000343
-0.019404
-0.031898
-0.006094
-0.011058
-0.003767
-0.073715
-0.006906
-0.009137
-0.004333
-0.016191
-0.097147
-0.050758
-0.019500
-0.028133
-0.066013
-0.000177
-0.004331
-0.177584
-0.081616
-0.118881
-0.006692
-0.042720
-0.005721
-0.001911
-0.001317
-0.000371
-0.017252
-0.009444
-0.003209
-0.001059
-0.091343
-0.029606
-0.019312
-0.000435
-0.009229
-0.021307
-0.065034
-0.004821
-0.016385
-0.006941
-0.001791
-0.071594
-0.265976
-0.513326
-0.007462
-0.007386
-0.004947
-0.094413
-0.003243
-0.003367
-0.113766
-0.055738
-0.113632
-0.001404
-0.006399
-0.009286
-0.029152
-0.001269
-0.009407
-0.226845
-0.045034
-0.045431
-0.007455
-0.027188
-0.084874
-0.213700
-0.001978
-0.024534
-0.007599
-0.085812
-0.114218
-0.190806
-0.433937
-0.018872
-0.000222
-0.001257
-0.033419
-0.152562
-0.005031
-0.122808
-0.012957
-0.000073
-0.307057
-0.015686
-0.021110
-0.093884
-0.007646
-0.039182
-0.123001
-0.055665
-0.001899
-0.007380
-0.096316
-0.025756
-0.004785
-0.003195
-0.171806
-0.014424
-0.010157
-0.020065
-0.008177
-0.036846
-0.120467
-0.091129
-0.000763
-0.051260
-0.004021
-0.010546
-0.067846
-0.002708
-0.058592
-0.028913
-0.002452
-0.012576
-0.017801
-0.081420
-0.001948
-0.059423
-0.015207
-0.002202
-0.022493
-0.006926
-0.020601
-0.023348
-0.191512
-0.013666
-0.024342
-0.043668
-0.069080
-0.013946
-0.039140
-0.026389
-0.005980
-0.009964
-0.013849
-0.007777
-0.174435
-0.058520
-0.074305
-0.169303
-0.032122
-0.139910
-0.001043
-0.027288
-0.112817
-0.028588
-0.036179
-0.096107
-0.000486
-0.002910
-0.131451
-0.108372
-0.008036
-0.071222
-0.074731
-0.150556
-0.008014
-0.016135
-0.003045
-0.036241
-0.001094
-0.081756
-0.000038
-0.000080
-0.135444
-0.217447
-0.041112
-0.002753
-0.008367
-0.014088
-0.090843
-0.000266
-0.194663
-0.001146
-0.176220
-0.387719
-0.001520
-0.094264
-0.017369
-0.463899
-0.014448
-0.012293
-0.149953
-0.018752
-0.043722
-0.011607
-0.068115
-0.017393
-0.001671
-0.012532
-0.026572
-0.022749
-0.003315
-0.008164
-0.008686
-0.206287
-0.002835
-0.008182
-0.006420
-0.036161
-0.082816
-0.001233
-0.196704
-0.140209
-0.092164
-0.007598
-0.009932
-0.005559
-0.026974
-0.001281
-0.029592
-0.192077
-0.012162
-0.029482
-0.062157
-0.047600
-0.036783
-0.254551
-0.015573
-0.002194
-0.002778
-0.000422
-0.005103
-0.562062
-0.011504
-0.019079
-0.000181
-0.111239
-0.063516
-0.005070
-0.340124
-0.254194
-0.081072
-0.010735
-0.000590
-0.023147
-0.005085
-0.078089
-0.000915
-0.163577
-0.150552
-0.109889
-0.040228
-0.092423
-0.004812
-0.019082
-0.037441
-0.007906
-0.001636
-0.007862
-0.256780
-0.006923
-0.069343
-0.011181
-0.013391
-0.201889
-0.001924
-0.000528
-0.000248
-0.045375
-0.015583
-0.021720
-0.000438
-0.005252
-0.097687
-0.056767
-0.007564
-0.165028
-0.038831
-0.001617
-0.026212
-0.024049
-0.007842
-0.002816
-0.290961
-0.003264
-0.002249
