-68.338656
-55.372087
-56.802441
-59.517755
-51.714826
-43.100688
-45.585088
-60.705814
-36.451840
-58.302731
-70.685531
-43.202746
-34.543412
-30.897843
-54.678276
-34.118988
-47.495413
-45.998930
-38.848771
-52.177001
-59.066437
-47.507223
-41.308606
-50.108407
-48.462828
-46.040785
-53.508757
-43.873992
-67.570903
-64.452059
-55.353734
-45.186161
-51.489523
-64.587205
-54.422703
-46.666826
-52.181958
-21.615210
-36.374022
-42.892600
-43.354944
-56.226470
-60.900824
-50.999516
-49.211969
-34.556276
-29.822508
-37.838499
-45.211398
-58.342041
-37.297505
-44.345462
-50.745113
-54.642203
-37.519910
-40.348672
-43.865932
-45.258148
-60.237695
-46.260023
-55.115951
-27.048591
-56.431379
-38.986022
-48.426659
-54.728792
-49.138679
-29.884998
-58.845381
-53.748680
-45.451507
-42.171141
-45.577847
-47.478392
-59.504218
-57.516689
-39.035811
-58.993730
-40.419695
-33.434716
-59.609407
-45.290075
-53.917942
-26.559829
-50.666824
-60.257546
-52.608901
-45.125595
-61.704076
-59.760790
-66.660986
-56.358369
-30.884278
-46.893311
-27.234032
-23.487828
-38.217163
-45.070287
-47.228832
-58.613453
-58.695661
-26.186549
-49.838628
-42.555175
-34.054945
-37.717757
-66.631793
-38.905670
-44.195971
-40.314308
-54.318562
-26.603968
-49.934829
-48.108171
-62.862881
-28.816112
-30.423306
-36.771522
-58.458034
-39.330998
-63.263541
-44.170388
-34.688895
-52.856974
-37.372197
-63.897663
-34.683406
-52.632943
-34.846062
-50.758369
-59.077637
-56.481196
-38.585032
-73.447859
-45.129125
-64.490687
-72.639518
-35.525767
-44.669400
-38.505831
-44.545393
-57.167230
-40.256292
-42.895606
-83.999326
-48.034066
-34.429795
-42.960570
-53.983318
-42.529735
-38.890434
-44.385151
-40.330105
-51.284162
-44.144076
-31.604220
-52.283318
-48.241898
-57.390381
-63.983617
-60.059506
-46.385302
-26.202699
-57.215194
-38.212092
-38.050498
-35.811130
-54.213120
-62.719056
-58.891687
-61.385844
-31.887015
-36.673550
-54.791554
-60.972648
-73.434211
-48.892930
-19.111798
-44.970210
-42.714115
-44.834563
-53.676167
-63.259694
-47.958917
-51.033273
-60.255095
-42.637713
-56.825085
-60.204651
-62.288166
-52.431799
-40.086473
-37.506331
-48.526862
-36.581219
-47.424948
-28.759195
-36.557208
-37.392984
-36.806220
-66.044798
-40.163576
-40.659282
-62.679159
-63.447059
-47.476960
-50.284634
-51.213442
-38.750144
-51.914692
-59.876018
-32.236399
-60.514017
-25.866424
-47.459258
-56.914753
-60.591081
-47.136147
-49.189797
-49.486446
-37.164539
-57.028829
-36.284857
-54.886148
-41.570373
-33.863420
-74.741255
-62.727720
-49.581542
-61.475972
-52.782153
-41.899138
-61.275238
-67.287480
-66.982205
-47.297402
-57.805378
-33.278539
-54.967179
-48.654591
-70.626593
-58.042620
-51.293376
-58.535070
-72.530446
-49.031361
-37.171668
-59.899186
-53.660851
-58.971781
-33.117964
-73.543057
-40.905620
-39.672535
-44.993036
-59.338540
-47.837732
-44.302937
-51.876973
-63.150277
-48.857472
-38.098898
-56.914288
-37.507747
-59.399823
-34.890017
-64.805820
-49.228284
-44.126553
-45.960452
-46.195951
-41.381790
-43.187734
-49.525878
-40.236059
-45.516309
-39.501619
-37.829781
-37.526093
-52.032394
-43.487939
-56.532572
-37.374012
-24.552993
-50.998577
-47.796926
-31.960562
-57.837361
-55.347458
-61.500588
-47.799025
-41.912122
-59.273093
-58.236290
-60.417140
-44.686909
-43.158291
-34.912920
-63.348080
-52.132578
-46.383612
-67.789838
-50.492070
-50.004775
-48.190132
-37.055579
-39.905634
-62.071243
-48.393526
-44.056911
-72.279430
-58.852524
-57.909665
-33.876976
-37.891396
-32.442989
-33.015995
-39.247746
-40.041030
-50.971082
-55.381873
-45.498312
-42.136622
-59.354930
-55.368521
-50.040341
-77.353092
-34.944461
-74.061204
-45.816687
-40.471544
-48.355659
-61.873794
-63.261480
-49.934247
-47.374881
-70.398982
-43.187513
-62.793026
-42.633917
-37.945816
-73.066253
-46.415015
-43.599131
-60.494932
-61.795243
-63.441544
-47.984391
-39.249809
-43.822435
-43.956728
-54.925668
-70.807168
-45.340403
-30.040286
-49.464959
-36.219714
-30.074754
-81.196661
-32.119145
-31.177363
-53.099106
-53.549433
-53.263025
-41.947400
-53.906657
-35.683570
-36.953979
-31.953566
-30.617554
-43.342027
-62.832319
-30.057722
-30.136400
-77.888927
-63.843727
-70.387939
-60.021460
-37.879770
-46.015573
-49.080308
-67.721726
-48.889603
-52.549978
-53.119347
-53.825234
-56.332071
-66.006171
-35.899318
-51.048445
-36.363554
-38.770178
-46.396928
-47.408538
-62.721497
-47.022207
-36.694945
-47.041869
-58.950028
-58.928181
-38.862489
-58.151393
-46.693295
-76.215901
-62.244737
-68.606574
-34.423631
-59.232512
-43.528961
-32.299512
-64.739244
-37.492363
-57.411066
-52.759870
-57.457599
-53.626188
-44.484701
-44.697959
-52.221763
-75.562114
-53.509523
-46.889993
-61.454700
-58.044454
-56.652676
-47.367083
-43.833745
-42.541097
-44.381239
-33.319194
-43.334809
-47.148471
-36.849251
-36.866746
-32.993356
-61.346238
-34.746831
-46.811376
-47.776287
-45.066657
-52.237157
-53.915168
-62.510355
-44.622403
-44.259431
-39.345059
-54.065620
-42.154733
-43.967213
-55.092117
-52.326965
-54.411270
-46.362192
-46.054025
-60.626775
-45.298330
-75.481134
-71.959829
-58.280226
-53.545813
-56.444355
-55.318976
-62.332090
-54.406105
-57.534831
-57.932940
-48.149788
-45.874432
-39.173516
-32.244547
-59.796681
-47.733526
-48.481544
-51.991458
-45.297997
-72.283517
-41.445442
-51.538783
-59.180340
-60.059259
-79.499133
-63.468838
-42.042866
-45.806379
-46.378185
-43.325168
-48.015920
-63.889792
-52.355971
-49.985668
-31.820238
-22.243682
-60.901642
-66.570413
-48.998944
-35.282198
-56.303163
-46.570611
-37.356074
-36.133847
-42.517816
-53.087725
-44.171684
-37.026888
-35.862685
-43.002628
-58.417776
-50.954284
-58.446344
-65.698262
-57.494645
-55.709281
-36.099344
-51.421792
-31.750675
-44.348017
-42.922780
-44.331098
-41.726142
-42.578881
-34.118574
-38.864991
-55.778519
-51.781863
-61.194581
-77.325407
-34.330390
-36.615988
-63.939270
-25.471402
-48.847078
-48.074576
-39.642116
-47.204653
-53.001401
-43.745214
-37.284356
-43.408009
-48.974552
-45.067260
-49.045965
-45.524605
-49.283347
-21.309865
-50.554134
-51.733964
-60.480311
-47.073388
-63.141347
-41.975942
-56.224792
-56.021518
-44.680360
-80.611275
-49.944534
-34.546720
-40.419845
-43.099833
-61.274578
-53.600820
-42.639869
-36.776635
-41.715517
-70.796347
-43.451804
-43.236152
-55.253888
-49.292024
-62.805789
-48.676881
-58.276398
-35.340509
-55.860556
-69.164781
-52.655676
-46.777178
-31.507989
-59.219770
-28.970349
-60.004827
-47.072222
-48.797986
-52.020674
-54.969885
-61.298062
-41.784148
-36.724267
-57.263301
-56.516237
-53.608026
-63.681920
-51.038610
-30.415021
-50.335144
-35.767607
-34.155719
-53.340730
-40.249740
-56.412273
-51.197658
-38.770672
-38.990890
-36.994678
-46.800892
-38.536623
-66.131343
-39.142542
-32.039085
-57.874760
-48.923729
-43.859543
-41.696955
-51.744468
-52.166657
-35.585260
-48.362962
-27.773843
-36.272723
-41.228750
-57.289695
-40.548826
-44.012147
-33.368785
-54.958568
-46.714057
-60.604434
-37.583572
-45.829854
-57.529275
-57.050813
