-1.125290
-4.396619
-1.116921
-0.175388
-1.163198
-0.063804
-3.224698
-6.016836
-1.945426
-2.965452
-1.675712
-1.758263
-6.072460
-5.377354
-0.671561
-2.314184
-4.335127
-1.544222
-13.944126
-0.951977
-1.821436
-6.632674
-1.433546
-1.213703
-2.481776
-1.829426
-0.829587
-6.528007
-2.259697
-2.686177
-1.086563
-5.575106
-2.488819
-5.146497
-3.337494
-1.361294
-3.626223
-1.002825
-2.527640
-7.411774
-7.120968
-1.737428
-0.196520
-3.881172
-5.935733
-2.813876
-4.543329
-0.385482
-0.006856
-0.859999
-0.284441
-0.451613
-7.359372
-4.845383
-3.347943
-15.372860
-4.191226
-1.782420
-0.873845
-2.693977
-0.487490
-2.999266
-3.163351
-0.031202
-2.969160
-1.560789
-3.493158
-9.299307
-0.106916
-1.538401
-3.708539
-1.370745
-1.334719
-0.342056
-1.041212
-2.271444
