-66.582225
-62.880191
-27.716936
-52.680827
-51.788881
-53.609791
-36.504683
-24.133823
-39.363183
-45.171985
-56.416791
-61.265320
-24.457476
-50.437626
-43.660542
-41.918272
-32.253717
-64.008324
-54.099673
-44.472903
-42.632559
-34.108216
-56.337716
-45.807026
-35.272137
-37.315011
-44.968379
-36.450850
-43.678890
-48.373336
-39.037165
-33.722255
-58.445249
-41.129584
-51.250269
-49.904834
-37.368706
-36.965840
-46.665561
-49.019331
-54.589014
-49.514912
-44.067250
-41.308671
-34.046732
-34.282558
-38.916262
-37.074833
-37.248179
-21.465797
-31.865636
-47.558938
-65.774656
-55.902769
-37.600857
-41.799686
-41.797826
-49.660111
-45.026037
-29.640506
-67.484983
-34.614081
-31.016201
-35.956086
-36.658273
-55.128158
-39.614714
-65.990638
-46.742944
-42.349081
-52.350021
-38.988233
-56.970657
-59.016916
-50.396486
-31.804090
-53.748255
-66.998296
-34.678450
-44.117312
-41.039974
-40.239243
-42.452654
-67.373962
-27.793410
-24.700982
-54.658152
-59.039323
-61.781760
-55.087638
-41.474506
-45.678578
-36.595252
-41.781692
-38.874712
-53.243065
-65.180213
-56.240557
-59.337184
-50.129048
-27.878864
-25.583846
-50.144937
-65.260646
-31.499714
-28.132750
-41.961505
-47.410518
-68.322174
-60.283639
-51.432284
-42.436835
-42.343201
-59.041077
-48.129193
-25.825509
-30.641409
-33.348574
-45.403618
-34.778570
-38.111410
-48.492915
-32.727402
-45.488025
-32.557416
-54.624204
-28.343177
-42.652951
-45.663590
-63.702810
-43.563955
-25.531118
-36.984963
-76.085852
-40.707850
-40.635824
-70.581329
-32.551115
-48.673837
-34.480221
-61.700674
-57.454771
-31.617677
-47.214615
-37.544564
-38.947551
-52.589829
-37.268173
-74.640994
-36.624488
-27.805410
-30.245883
-37.563147
-43.040773
-40.384625
-54.402529
-40.828903
-41.684317
-42.020193
-43.838990
-56.763289
-36.906365
-51.238752
-48.441305
-46.332483
-45.383140
-40.779555
-77.340876
-45.759501
-47.879529
-55.769537
-46.817017
-48.152724
-24.998795
-48.236275
-48.627110
-50.326133
-30.530930
-37.825769
-41.768995
-37.306960
-45.281140
-41.256715
-47.679416
-51.267958
-28.012594
-32.108082
-49.037597
-33.673858
-37.766486
-42.960551
-47.985128
-36.927557
-44.390605
-41.941061
-64.697472
-22.535442
-40.826933
-56.972632
-22.451989
-43.099167
-52.045446
-43.887785
-61.260986
-34.693471
-74.093213
-44.445250
-38.247619
-65.599405
-30.805740
-45.521400
-44.779044
-28.732803
-35.589478
-50.029481
-33.670928
-59.300590
-46.134142
-60.773849
-54.914045
-56.868593
-53.322804
-43.117777
-25.296614
-46.926854
-40.783607
-37.141083
-57.755650
-71.492842
-39.405059
-31.939102
-42.672869
-30.589212
-33.050437
-24.449414
-54.337309
-38.926630
-46.231229
-36.584248
-34.020381
-57.026248
-39.352913
-31.133909
-55.876431
-38.815491
-42.905467
-48.225085
-44.836466
-40.523773
-54.406210
-33.563683
-44.938167
-48.189661
-36.393752
-38.734598
-50.579259
-60.457608
-41.509931
-37.760870
-35.399715
-40.898416
-40.438566
-49.788480
-39.193948
-52.630782
-44.464754
-34.471172
-28.503641
-60.980724
-21.300388
-36.475323
-39.169208
-49.001037
-22.829120
-47.074483
-33.027029
-41.806623
-56.708638
-59.535947
-42.039782
-32.059194
-60.823651
-41.086300
-63.567777
-34.144993
-38.378333
-43.169620
-41.239088
-35.871709
-33.318926
-40.070254
-33.535307
-45.781596
-30.238847
-32.750983
-35.614509
-43.007184
-50.808801
-38.571935
-41.147738
-36.405806
-63.303041
-51.080958
-33.652417
-65.616306
-39.603994
-36.550059
-50.772888
-21.862408
-64.197061
-28.542850
-37.935136
-44.926607
-42.629141
-57.293067
-45.574508
-43.420837
-51.661658
-34.649687
-46.188327
-56.069002
-52.576371
-39.801323
-28.298197
-47.314269
-44.322396
-43.735389
-72.355070
-52.778443
-59.938149
-28.020011
-73.974361
-35.580983
-45.677386
-48.870143
-52.545406
-48.255095
-34.635148
-50.738814
-37.499288
-42.382099
-58.751969
-43.876814
-40.055403
-50.702284
-33.901537
-49.905859
-55.420649
-46.311361
-29.028833
-24.420472
-45.429146
-37.715503
-47.653111
-51.230550
-63.872446
-39.194242
-57.020595
-38.629053
-46.049315
-33.944737
-38.054644
-46.238524
-56.672271
-31.130486
-41.212240
-62.073310
-34.814572
-36.694501
-61.154077
-59.817788
-47.921678
-38.310975
-38.285036
-54.605933
-60.713646
-47.975941
-42.601910
-65.677117
-43.174507
-28.762894
-36.661991
-41.061476
-44.938137
-39.489342
-29.522879
-28.680235
-34.247207
-35.591063
-37.708506
-51.165937
-53.519097
-42.392175
-36.307305
-27.723491
-33.939289
-40.735452
-66.338267
-35.567563
-29.407336
-32.226678
-57.413948
-34.193358
-52.813771
-58.552084
-28.461771
-25.758897
-51.605842
-32.940648
-41.852542
-60.055521
-52.916274
-38.524230
-40.013803
-33.656448
-30.593616
-43.386448
-41.445365
-42.993494
-38.004386
-52.936636
-46.814418
-48.711448
-35.849365
-36.736969
-49.656524
-58.166552
-50.376417
-43.591613
-51.259241
-43.366966
-49.852636
-68.469766
-30.626159
-49.344553
-43.823915
-47.804330
-51.111281
-57.941324
-48.988963
-33.468127
-35.759862
-48.322057
-37.474988
-61.267123
-32.311137
-39.336108
-35.535340
-37.366239
-48.054411
-35.494261
-38.829963
-44.669478
-62.186308
-50.715766
-42.068465
-40.921418
-60.846923
-48.010103
-55.968625
-35.712877
-50.423410
-46.571454
-47.049005
-47.525640
-52.146119
-62.926827
-42.022578
-54.626807
-45.636361
-42.543313
-38.650923
-64.134523
-37.535052
-41.819840
-35.149062
-41.899763
-42.515585
-51.040012
-46.691979
-32.723745
-63.925161
-35.140488
-57.218733
-42.721110
-54.878052
-62.088071
-29.038857
-48.887281
-53.782969
-33.124015
-44.606459
-45.183124
-38.997456
-33.659621
-57.160034
-50.898258
-37.576691
-52.581257
-45.711995
-56.299463
-53.031278
-72.030001
-40.721906
-49.256692
-41.375960
-42.191829
-38.400643
-41.708539
-49.280898
-31.803611
-49.949012
-38.689102
-48.338310
-47.343273
-23.897466
-45.054515
-45.197737
-23.041532
-53.819009
-30.530420
-52.079455
-49.377788
-34.902416
-48.132275
-45.089770
-36.047269
-44.662352
-38.944175
-56.169296
-32.479091
-54.731561
-42.856590
-30.299310
-39.291746
-40.100276
-26.910754
-53.206589
-46.765657
-41.411479
-43.808452
-60.998924
-44.402018
-46.586725
-41.102519
-37.267235
-48.655453
-36.899718
-36.722344
-48.130762
-45.368691
-47.456102
-31.360029
-46.842943
-35.659536
-32.855432
-56.867265
-37.106775
-44.411855
-43.484544
-68.938898
-38.987063
-26.365905
-35.523423
-35.622957
-40.159056
-42.344843
-32.972594
-38.071548
-40.198808
-54.534703
-50.360113
-42.305661
-27.211903
-33.959413
-48.052866
-49.039631
-41.747869
-45.944945
-58.273644
-27.608264
-30.811031
-32.045444
-58.013751
-49.795830
-54.753513
-43.202527
-51.629320
-50.599109
-46.270366
-54.548165
-31.397574
-35.772564
-50.173447
-32.312581
-52.292426
-35.476719
-61.125920
-44.376307
-26.085398
-26.160917
-40.692673
-62.671285
-49.583185
-29.576404
-51.368125
-53.795171
-40.587342
-38.504028
-63.410300
-44.420781
-35.142176
-30.012455
-58.118963
-40.556032
-67.935934
-45.068768
-43.651721
-33.469198
-52.174184
-56.503784
-35.320373
-54.691536
-34.985695
-38.073330
-49.112218
-49.210934
-40.530467
-57.153744
-31.770467
-41.571832
-45.645663
-65.366058
-56.164659
-39.020731
-32.564697
-47.719342
-41.136914
-41.517712
-52.107767
-28.544635
