-0.681250
-2.415914
-0.811801
-2.512026
-2.377729
-0.022616
-3.175997
-2.446916
-2.113626
-0.559211
-1.295655
-0.194337
-0.369082
-0.657320
-1.356405
-3.291283
-0.189615
-0.258194
-0.602796
-1.448601
-0.160879
-0.099336
-0.560219
-1.594784
-2.138388
-1.222039
-0.053815
-0.354694
-0.925298
-2.312985
-3.481596
-1.767319
-0.801549
-1.452786
-1.238471
-1.184160
-1.188232
-0.611187
-0.022208
-1.861236
-0.999435
-0.099863
-1.343636
-0.746850
-1.268820
-1.637988
-0.096035
-0.552637
-0.776349
-2.067693
-0.884279
-4.128188
-1.765943
-0.438614
-3.016679
-1.283465
-1.028264
-0.000535
-0.307202
-0.644622
-0.299660
-1.635016
-2.753190
-0.007713
-2.486331
-0.254599
-1.205980
-3.265392
-0.157821
-0.095432
-1.729679
-0.865687
-3.350668
-0.366928
-0.886621
-0.137782
-0.216287
-3.149041
-1.856047
-1.597278
-0.249044
-0.306162
-0.890313
-0.075012
-1.336554
-0.471259
-0.349560
-4.368613
-0.538229
-0.207802
-2.952327
-0.219679
-0.333405
-0.325464
-0.075382
-0.931798
-2.647460
-1.720887
-1.458536
-0.145402
-1.726139
-0.220188
-0.939361
-2.026122
-1.465314
-1.620087
-2.073076
-0.360765
-0.193147
-2.116465
-1.523359
-0.076761
-0.471986
-3.563548
-2.836543
-0.454952
-0.193740
-1.702540
-1.625232
-0.952767
-1.224344
-0.224622
-0.131572
-1.314644
-0.954091
-0.694040
-1.153862
-3.257372
-0.282814
-0.734601
-1.324469
-0.214729
-0.176527
-1.584099
-0.020374
-2.134641
-0.301307
-0.222078
-1.399651
-0.384498
-0.467743
-1.152557
-0.360259
-0.962398
-0.286735
-0.349449
-0.196913
-2.698965
-0.600381
-0.347456
-0.578879
-1.863722
-0.057437
-0.103310
-2.469097
-1.507548
-0.864335
-1.805306
-0.299964
-3.185376
-0.298897
-0.921874
-1.019864
-1.568966
-0.450460
-4.117818
-0.167404
-2.846142
-0.493958
-0.333269
-0.503397
-1.744367
-0.259958
-1.384421
-0.262118
-1.292796
-1.700792
-0.709403
-0.161178
-0.685078
-2.756110
-2.889905
-0.104671
-0.070667
-3.931437
-0.200364
-0.998633
-0.773139
-1.486770
-0.801445
-0.424530
-0.108007
-0.346855
-0.043579
-0.737575
-2.907612
-0.256257
-0.242901
-1.279296
-0.614716
-0.348871
-1.242754
-0.035029
-0.284756
-0.396041
-0.242379
-3.782766
-0.453005
-5.828755
-0.990364
-0.530449
-0.962517
-0.947252
-0.034641
-1.425256
-1.474159
-1.081028
-0.448111
-1.960483
-1.769733
-0.079962
-0.159959
-1.202664
-0.991883
-0.315836
-2.860092
-0.311509
-0.921208
-1.878680
-0.670860
-1.381421
-0.522537
-0.102318
-1.617938
-0.048197
-1.129361
-0.029299
-0.039712
-0.065775
-0.070200
-2.424717
-0.375304
-0.742308
-2.866558
-0.220005
-0.239893
-2.197559
-1.225097
-1.542626
-1.171865
-0.089359
-0.378124
-1.052980
-0.609056
-1.692618
-1.010332
-0.022106
-0.977431
-0.905035
-0.148168
-0.063039
-1.588602
-1.770859
-2.224903
-0.546395
-2.044366
-0.841314
-2.584287
-0.230276
-2.092007
-0.044917
-2.878782
-0.194223
-2.514475
-0.588644
-0.913499
-1.608194
-0.831307
-1.392379
-0.482877
-2.600075
-0.148506
-0.258740
-0.373120
-0.336398
-3.499498
-2.497638
-3.843324
-0.068823
-2.206532
-1.589276
-1.378032
-2.076459
-1.053582
-5.417278
-0.573492
-3.025802
-0.145183
-1.812529
-0.476096
-0.160182
-1.626901
-0.479909
-0.088142
-0.342401
-0.416048
-0.278282
-0.199407
-0.613942
-1.671491
-1.779176
-2.476507
-1.734716
-0.721490
-0.316175
-1.412400
-0.385122
-0.969468
-0.673463
-1.704848
-1.117603
-1.270728
-0.757929
-1.929162
-2.761780
-0.962171
-3.944052
-0.213999
-3.358351
-0.256706
-3.841528
-0.514553
-1.064773
-1.572445
-0.081152
-1.472930
-0.162733
-0.188523
-1.438275
-3.554415
-1.368631
-2.290613
-0.376168
-1.026136
-1.703243
-0.998812
-0.155536
-0.009244
-1.265709
-0.114543
-1.934400
-0.242419
-0.802653
-1.817622
-1.778457
