-24.841738
-32.935370
-18.322056
-23.096376
-17.459105
-26.685110
-16.211122
-22.854639
-26.029637
-16.221531
-17.983423
-26.745525
-28.031560
-10.952152
-23.379567
-23.417415
-17.626981
-25.601607
-31.336096
-16.109517
-22.898399
-23.906950
-18.760404
-36.567094
-25.524014
-25.692822
-27.455590
-15.985910
-12.499940
-21.632352
-24.573714
-24.138715
-22.648333
-34.192036
-12.173916
-22.426897
-29.808325
-11.823499
-12.195707
-21.421718
-15.273220
-28.042144
-22.426685
-28.293555
-23.139932
-22.344743
-17.202106
-21.011276
-19.885697
-12.422284
-23.083187
-35.865170
-16.814135
-33.812849
-31.848579
-11.229863
-12.938977
-26.582357
-33.461370
-8.631095
-21.519649
-26.823727
-19.126854
-15.726505
-14.571053
-22.369029
-21.264465
-13.949423
-28.316345
-20.566507
-13.340828
-23.569299
-24.578301
-27.467991
-31.141335
-12.577419
-14.306541
-26.080388
-23.950843
-14.111366
-14.299357
-25.788208
-19.074348
-23.244508
-19.584809
-35.051962
-19.362793
-22.318537
-17.745027
-21.461863
-16.056654
-32.146529
-21.676000
-21.986130
-27.045709
-24.393281
-30.100358
-20.815919
-4.461857
-16.960076
-29.195516
-15.563681
-18.400006
-24.459496
-19.429403
-18.814870
-18.648305
-18.362456
-22.542520
-18.245705
-19.922482
-9.476378
-32.696473
-33.703908
-19.730711
-26.461966
-30.456438
-27.051957
-17.992991
-28.114406
-22.976691
-15.889786
-16.736528
-16.274524
-29.061243
-13.676258
-30.437390
-17.158373
-12.956052
-17.134657
-8.327988
-16.640887
-16.286417
-21.203526
-33.838843
-18.646334
-32.983598
-30.664331
-15.398284
-10.181202
-15.335973
-20.769352
-15.506290
-32.551571
-13.860806
-21.998156
-18.714523
-18.154900
-15.932402
-32.639972
-18.894967
-21.622582
-26.331277
-11.203071
-21.922201
-22.500515
-26.672038
-17.656304
-30.370581
-28.098623
-29.869803
-28.639403
-27.094204
-14.913979
-20.810103
-33.961955
-26.400471
-23.876381
-21.383417
-19.463412
-25.981367
-23.448803
-27.936072
-21.816276
-21.063414
-21.795420
-24.388217
-14.446833
-24.114242
-22.163169
-32.363678
-16.304127
-19.831488
-23.157504
-29.073741
-17.723301
-14.666203
-36.802961
-33.623202
-20.006250
-34.048884
-22.443207
-16.336333
-23.486822
-27.720888
-21.425941
-10.607732
-22.479981
-11.503218
-22.014809
-12.635036
-13.608982
-31.971786
-16.593503
-17.235499
-21.047697
-30.650779
-11.578663
-33.239827
-25.190268
-28.526132
-18.496084
-24.345780
-23.243420
-14.200231
-13.185741
-18.407918
-32.558680
-22.673451
-24.278276
-15.415941
-21.659581
-23.016063
-32.321995
-24.987258
-15.620098
-25.467352
-21.325331
-19.556050
-28.614602
-19.732504
-30.183327
-28.615180
-33.245521
-18.483794
-35.758735
-23.155102
-21.882075
-9.263258
-25.434313
-16.410954
-23.412343
-16.320366
-14.520442
-20.993397
-27.107121
-30.342711
-18.576863
-28.141574
-26.855545
-16.769354
-21.005003
-18.065094
-14.544771
-14.405301
-27.554911
-19.662184
-29.379974
-17.067275
-12.260288
-23.892715
-29.466863
-23.753563
-25.896810
-32.149901
-27.049504
-21.907825
-22.339236
-25.839033
-25.073265
-39.973585
-16.781830
-30.840030
-19.605254
-20.515750
-16.823538
-19.315399
-25.146208
-15.760431
-16.968865
-18.550376
-32.457913
-25.655776
-26.448761
-21.484244
-25.155308
-13.252832
-23.461653
-15.675028
-24.688789
-19.308356
-27.666982
-29.393086
-19.490980
-38.480759
-25.104154
-17.287462
-21.512380
-25.578761
-43.084950
-25.479131
-31.238596
-14.553765
-33.921877
-29.716501
-19.035680
-23.290975
-13.735133
-22.674364
-26.652807
-29.297233
-32.010437
-25.013203
-23.327072
-28.168084
-29.691726
-24.396036
-22.183835
-32.783845
-20.606997
-24.457928
-13.651562
-29.524483
-15.904391
-21.985905
-23.065080
-28.094324
-7.363105
-31.210572
-19.341149
-25.693221
-16.837616
-33.896635
-11.857753
-29.244210
-19.766720
-26.543903
-8.095114
-14.310299
-33.289259
-13.361275
-10.949696
-18.514629
-20.453598
-22.945035
-12.038027
-28.281165
-21.816464
-17.501193
-12.211138
-15.831751
-9.878450
-29.272825
-19.800613
-28.949402
-33.190144
-21.997798
-23.052570
-26.006160
-19.398816
-22.159854
-32.334238
-23.280892
-26.178663
-30.527578
-16.060936
-18.343540
-26.233069
-13.147014
-24.321047
-21.450354
-19.641459
-14.661789
-29.318827
-28.829049
-28.643459
-36.779221
-16.930493
-41.431547
-16.736743
-3.880141
-18.272021
-20.202082
-26.508061
-23.318089
-16.304015
-27.249343
-36.058187
-19.264109
-14.949905
-31.874536
-15.412583
-19.564819
-11.501263
-6.364167
-18.746530
-22.873693
-13.967568
-21.030918
-14.573895
-21.174379
-28.350022
-25.107748
-12.096060
-24.092479
-12.123774
-25.148869
-22.028477
-16.032608
-13.408708
-12.412305
-19.642575
-20.912354
-32.160246
-41.445385
-21.286063
-22.829530
-22.338739
-30.057478
-23.137341
-17.600170
-26.512116
-13.006270
-17.937330
-17.084632
-28.996889
-29.325209
-23.611731
-18.681157
-27.022347
-23.661281
-24.995604
-18.457994
-16.936434
-27.149256
-8.573062
-16.228927
-17.164692
-21.121135
-25.159045
-30.659040
-27.564893
-24.483457
-26.333151
-18.097451
-25.828223
-11.692350
-26.830344
-19.307390
-32.913164
-35.675525
-17.927434
-13.471582
-24.887139
-19.615154
-17.762270
-19.178933
-35.178396
-17.241147
-27.234276
-14.735294
-18.472152
-19.674095
-31.763838
-19.304977
-23.615148
-16.364063
-22.983828
-26.869104
-22.730351
-15.158458
-33.870897
-14.629906
-18.722393
-21.516596
-12.417281
-15.227595
