-0.001342
-0.585952
-0.003457
-0.792078
-0.290483
-0.000107
-0.036050
-0.005021
-0.024861
-0.009380
-0.403558
-0.018993
-0.001601
-0.677200
-0.050972
-1.019731
-2.610215
-0.191358
-0.006324
-0.048310
-1.023182
-0.000006
-0.307552
-0.000249
-0.004694
-0.426271
-0.693667
-0.143666
-0.205489
-0.013327
-0.213099
-0.006257
-0.007306
-0.000098
-0.001584
-0.067810
-0.306846
-0.699772
-0.083923
-0.008730
-0.814489
-0.002134
-0.077358
-1.183088
-1.225264
-0.130764
-0.130316
-0.000309
-0.003032
-0.288300
-0.168897
-0.008974
-0.102157
-0.036290
-0.000780
-0.562086
-0.041516
-0.019774
-0.027144
-0.008778
-0.032542
-0.072983
-0.000128
-0.106315
-1.106764
-0.028610
-0.223359
-0.176361
-0.018374
-0.044441
-0.014972
-0.244268
-0.003004
-0.010325
-0.055558
-0.018884
-0.015426
-0.460100
-1.455900
-0.185271
-0.028307
-0.013722
-0.125381
-0.325645
-2.181753
-0.148482
-1.803518
-0.000510
-0.287227
-0.232180
-0.198577
-0.000052
-0.040433
-0.093996
-0.242435
-0.426922
-0.029936
-1.406146
-0.009577
-0.021655
-0.085767
-0.077333
-1.010767
-0.000786
-0.002020
-0.125002
-0.001479
-0.426453
-0.072879
-2.921755
-0.006479
-0.031116
-0.053368
-0.172338
-0.090365
-0.201847
-0.172514
-0.186926
-0.002884
-0.343196
-0.159345
-0.012497
-0.000078
-0.124829
-0.055934
-0.007374
-0.003532
-0.092741
-0.018548
-0.673060
-0.201954
-0.218532
-0.052306
-0.000222
-0.565257
-0.329463
-1.918517
-0.001057
-0.007588
-0.436414
-0.858908
-0.132919
-0.591071
-0.125268
-0.381765
-0.049830
-0.029331
-0.112263
-0.157064
-0.003569
-1.023484
-0.035588
-0.423794
-0.001127
-0.235850
-1.265151
-0.005313
-0.002424
-0.063666
-0.009658
-0.002679
-0.009184
-0.000094
-0.006224
-0.025778
-0.039045
-0.297518
-0.155133
-0.029628
-0.085872
-0.002537
-0.000004
-0.002019
-0.788090
-0.079490
-0.065004
-0.010779
-0.395077
-1.574525
-0.306201
-0.000625
-0.000336
-1.176708
-0.001239
-0.226299
-0.079229
-0.588470
-0.025405
-0.000417
-0.021191
-0.246835
-0.855579
-0.030111
-0.021601
-0.144210
-0.368288
-0.107750
-0.274570
-0.021809
-0.019400
-0.117553
-0.000345
-0.174659
-0.016788
-0.000179
-0.319776
-0.003338
-0.097120
-0.029916
-0.284816
-0.062320
-0.005724
-0.067160
-0.203986
-0.011785
-0.000012
-0.001450
-0.672639
-0.078071
-0.496081
-0.015385
-0.036690
-0.618896
-0.443486
-0.783896
-0.044733
-0.741819
-0.141709
-0.037425
-0.007979
-1.782196
-0.354675
-0.000951
-0.455170
-0.650246
-0.299234
-0.000007
-0.230598
-0.005980
-0.231802
-0.127586
-0.000410
-0.005333
-0.082619
-0.233900
-0.432084
-0.000047
-0.001338
-0.071997
-0.356497
-0.000262
-0.742682
-0.004622
-0.000017
-0.984579
-0.000680
-0.057520
-0.001955
-0.014979
-0.002157
-0.040266
-0.007399
-0.093845
-0.751198
-0.020279
-0.252626
-0.033586
-0.432032
-0.000766
-0.003455
-0.000099
-0.033823
-0.014342
-2.287035
-0.083578
-0.059397
-0.040940
-0.341421
-0.107257
-0.014835
-1.770459
-0.206059
-0.000880
-0.373132
-0.004671
-0.290206
-0.052567
-0.189390
-0.383033
-0.035744
-0.000014
-0.023590
-0.001309
-0.003268
-0.519110
-0.598509
-0.230878
-0.011693
-0.006184
-0.142565
-0.135363
-0.371180
-0.021584
-0.001538
-0.079057
-0.099480
-0.152928
-1.841392
-0.100306
-0.083847
-0.036552
-0.227819
-0.001916
-0.107903
-0.001357
-0.712397
-0.385851
-0.008138
-0.000589
-1.290145
-0.088754
-0.754733
-0.056509
-0.000398
-0.238279
-0.001377
-0.158598
-0.012160
-0.028634
-0.101684
-0.487869
-0.415660
-0.011309
-0.026989
-0.014196
-0.000050
-0.000529
-0.585689
-0.127156
-0.360732
-1.286928
-0.712154
-0.006535
-0.525048
-0.665171
-0.017707
-0.105032
-0.002893
-0.216358
-0.308846
-0.340299
-0.387548
-0.813414
-0.223264
-0.000622
-0.345412
-0.099590
-0.029907
-0.063716
-0.003571
-0.039172
-0.789041
-0.005369
-0.037909
-1.624044
-0.082872
-0.315316
-0.115006
-0.150237
-0.737162
-1.098753
-0.133995
-1.675132
-0.008183
-0.447613
-0.613673
-0.002036
-0.023042
-0.292125
-0.404890
-0.011976
-0.000188
-0.082928
-0.048864
-0.015429
-0.000402
-0.179676
-0.795719
-0.075088
-1.245543
-1.097831
-0.000182
-0.432834
-0.064391
-0.459216
-0.111906
-1.024691
-0.019580
-0.173534
-1.008987
-1.217196
-0.001115
-0.098641
-0.068104
-0.173444
-1.475201
-0.572595
-0.037952
-0.000062
-0.349443
-0.326463
-0.037642
-0.039130
-0.083668
-0.252689
-0.147394
-0.006220
-0.040536
-0.005060
-0.313721
-0.500696
-0.120454
-0.005711
-0.019687
-0.080293
-0.456562
-0.990580
-0.073238
-0.019298
-0.005833
-0.090193
-0.209135
-0.397413
-0.102644
-0.490371
-0.020968
-0.250803
-0.101450
-0.000212
-0.021400
-0.793625
-0.127578
-0.089673
-0.209640
-0.001897
-0.029672
-0.077349
-0.023744
-0.024505
-0.015890
-0.087498
-0.314206
-0.096563
-1.674597
-0.271244
-0.197135
-0.011179
-0.528558
-0.004177
-0.692554
-0.701846
-0.159639
-0.277020
-0.501606
-0.003936
-0.605463
-0.005040
-0.026257
-0.453526
-0.165686
-0.903129
-0.204145
-0.251145
-0.594859
-0.138230
-0.742855
-0.094922
-0.089208
-0.067103
-0.009210
-0.022417
-0.006450
-0.005009
-1.123452
-0.594338
-0.002132
-0.073418
-0.020156
-0.090533
-0.044889
-0.000027
-0.063084
-0.001970
-0.036752
-0.001035
-0.024467
-0.327361
-0.079095
-0.004591
-0.023440
-0.013326
-0.098094
-0.010546
-0.000078
-0.614360
-0.071796
-0.836675
-0.003014
-0.357102
-1.741408
-0.018091
-0.157751
-0.077343
-0.000021
-0.005618
-0.864293
-0.742522
-0.085389
-0.004804
-0.289008
-0.067911
-0.060575
-0.020975
-0.032700
-0.102845
-2.015854
-0.387675
-0.048533
-0.002567
-0.009845
-0.169673
-1.141671
-1.648653
-0.078590
-0.003240
-0.312771
-0.094605
-0.308925
-0.150962
-0.003576
-0.014880
-0.000671
-0.065692
-0.032129
-0.135726
-0.032287
-1.151134
-0.394400
-0.971961
-0.195467
-0.418655
-0.908177
-0.026115
-0.580370
-0.379489
-0.001381
-0.017464
-0.399335
-0.774318
-0.018232
-0.001838
-0.000417
-0.143956
-0.005204
-0.076973
-0.186027
-0.026451
-0.002246
-0.019376
-0.086717
-0.002093
-0.001158
-0.761384
-0.282699
-0.075895
-1.208684
-1.476101
-0.000183
-0.000035
-0.012264
-0.389897
-0.198356
-1.539523
-0.501287
-0.245535
-0.015485
-0.032891
-0.028025
-0.103682
-0.239741
-0.143661
-2.317214
-1.118492
-0.000049
-0.499456
-0.504550
-0.001660
-0.019600
-0.327656
-0.001877
-0.148383
-0.995328
-0.000380
-0.002152
-0.342640
-0.086219
-0.013343
-0.604607
-0.081901
-0.841451
-0.546958
-0.100129
-0.093746
-0.052258
-0.003092
-0.022664
-0.144731
-0.042408
-0.000008
-0.115313
-0.334246
-0.121967
-1.040186
-2.831079
-0.158340
-1.439319
-0.216455
-0.055824
-0.149645
-0.004967
-0.004509
-0.432787
-0.259237
-0.004413
-0.121724
-0.001490
-0.334567
-0.265342
-1.063459
-0.000095
-0.059375
-0.382827
-0.713079
-2.528773
-1.181942
-0.003449
-0.000625
-0.024115
-0.042274
-0.084377
-0.795289
-0.902888
-0.972203
-0.097452
-0.036051
-1.067575
-0.060290
-0.189198
-0.098524
-0.938295
-0.117923
-0.094945
-1.158242
-0.328052
-0.001438
-0.043071
-0.026173
-0.094901
-1.553991
-0.006592
-0.000066
-0.000000
-0.000227
-0.005719
-0.002911
-0.132846
-0.297731
-0.027888
-0.030249
-0.004601
-0.004509
-1.636146
-0.001336
-0.056821
-0.049188
-0.525387
-0.698290
-1.492428
-0.365940
-0.002984
-0.402576
-0.229201
-0.008623
-0.015993
-0.046788
-0.043957
-0.030379
-0.023328
-0.493452
-0.008548
-0.001489
-0.802226
-0.072478
-0.001226
-0.161496
-0.055401
-0.000012
-1.166529
-0.261900
-0.000603
-0.002183
-0.156692
-0.358339
-0.000087
-1.108940
-0.002716
-0.806102
-0.895530
-0.163937
-0.005994
-0.000729
-0.504816
-0.000539
-0.033445
-0.031435
-0.069272
-0.007153
-0.344218
-0.012434
-0.005821
-0.608061
-0.001270
-0.006219
-0.013420
-0.002810
-2.642092
-0.005932
-0.008210
-0.043157
-0.000460
-0.256913
-0.966639
-0.664321
-0.898602
-1.601206
-0.000906
-0.200289
-0.877281
-1.068914
-0.078004
-0.014910
-0.061864
-0.000014
-0.193944
-0.380900
-0.039279
-0.030205
-0.004741
-0.003141
-0.000140
-0.045574
-0.806662
-0.537987
-0.041707
-0.719612
-0.032094
-0.363796
-0.747681
-0.014601
-0.140716
-0.104430
-0.004132
-0.034548
-0.284600
-0.030517
-0.001578
-0.034083
-0.004124
-0.533956
-0.281050
-0.494264
-0.038794
-0.789716
-0.096833
-0.000596
-0.976214
-0.009201
-0.137585
-0.004919
-0.024029
-0.352221
-0.481870
-0.820945
-0.000477
-0.127041
-1.146949
-0.236077
-0.000803
-0.015520
-0.024572
-0.094269
-0.083265
-0.099430
-0.034547
-0.000138
-0.015996
-0.000668
-0.000069
-0.112007
-0.007168
-0.901856
-0.186054
-0.012288
-0.815208
-0.522242
-1.827203
-0.023967
-0.018925
-0.000029
-0.972288
-0.381747
-0.051465
-0.288422
-0.287558
-0.303134
-0.000143
-0.039405
-0.035332
-0.026132
-0.149314
-3.148514
-0.003912
-0.001185
-0.018081
-0.198960
-0.009067
-0.511143
-0.160604
-0.136659
-0.002781
-0.086064
-0.004659
-0.002102
-0.062720
-0.057550
-0.006443
-0.034361
-0.508783
-0.117333
-0.010094
-0.000001
-0.350118
-0.020049
-0.006582
-0.478499
-0.002320
-0.623788
-0.000544
-0.169395
-0.405660
-0.000529
-0.000923
-0.017965
-0.500634
-0.271622
-0.196930
-0.095957
-0.221786
-0.458820
-0.031062
-0.143285
-0.009892
-0.740946
-1.052577
-0.013116
-0.504195
-0.002540
