-5.223405
-0.193177
-1.049736
-0.273307
-1.936988
-7.939951
-0.939902
-2.101962
-4.682052
-2.153805
-0.568202
-0.597336
-1.433718
-0.067743
-4.538056
-1.161634
-1.501811
-1.993238
-1.551409
-1.153689
-1.892494
-3.116075
-1.838332
-2.272492
-1.062443
-2.234603
-5.046025
-0.097914
-1.356209
-3.121463
-2.113296
-0.065160
-11.912902
-4.031940
-2.385148
-1.621941
-0.275934
-1.209035
-0.365064
-0.558740
-1.165969
-1.987944
-1.611171
-1.364756
-2.670245
-0.814283
-0.947107
-0.302808
-0.662466
-0.863776
-2.272075
-2.708487
-3.539393
-0.654432
-1.429303
-1.935584
-1.504759
-5.480444
-3.704115
-1.965601
-0.575326
-1.224946
-1.892968
-2.414583
-0.690795
-2.014250
-2.489420
-4.574960
-0.488915
-1.689670
-0.087277
-0.237489
-1.674317
-3.342758
-1.263823
-2.676632
-3.139877
-2.266842
-0.630570
-0.413278
-5.310736
-1.855437
-0.754379
-4.610654
-1.860348
-0.633332
-0.604338
-1.480778
-4.332625
-2.520440
-0.779196
-1.111041
-1.553676
-0.396748
-3.221929
-1.526248
-2.893530
-1.055853
-7.454622
-1.744971
-0.362644
-0.268248
-4.257180
-1.956571
-0.702944
-2.085337
-5.718974
-0.980344
-0.753953
-2.847800
-0.830723
-0.350637
-1.823159
-2.835645
-0.191695
-2.286194
-3.761932
-3.559408
-2.712104
-1.989539
-0.040063
-1.154074
-0.807787
-3.174757
-0.491437
-0.500574
-0.348348
-1.719037
-0.134212
-4.262289
-3.384063
-0.751430
-0.190756
-0.835612
-1.360017
-1.927620
-4.509965
-0.160353
-0.288901
-3.258414
-3.822731
-5.671120
-0.097994
-1.862441
-2.570097
-2.902984
-0.775781
-0.822301
-0.418569
-1.469426
-2.404085
-3.355909
-0.596858
-0.500735
-1.996542
-1.968596
-3.326062
-0.267477
-1.987778
-0.122586
-2.672595
-1.834102
-3.136816
-6.050139
-3.105367
-2.772764
-0.140981
-2.352974
-0.378879
-0.933116
-0.637486
-2.013358
-5.860939
-3.593500
-4.736514
-0.588620
-2.670206
-1.404633
-3.100415
-0.603360
-0.054863
-2.708784
-5.182884
-2.829674
-1.638476
-1.022517
-1.073470
-2.498311
-1.142468
-1.355300
-1.351836
-0.334360
-0.246020
-0.346039
-3.338359
-0.233283
-0.157925
-1.152406
-4.075309
-0.120570
-3.537198
-0.479334
-5.257562
-1.991853
-3.465523
-0.719380
-0.796927
-6.608214
-0.248682
-1.924010
-1.827246
-0.796446
-1.189971
-4.427680
-3.250663
-1.598049
-2.045363
-2.387666
-0.227689
-3.856704
-0.955387
-0.478997
-2.736873
-1.054575
-0.415590
-2.895265
-0.534749
-0.065241
-2.653780
-1.601008
-1.043669
-3.616543
-1.140329
-4.484751
-1.376831
-0.543517
-0.390620
-2.380180
-1.075094
-4.551680
-1.415025
-3.308580
-2.224102
-1.730926
-1.078761
-0.178933
-3.009734
-0.640592
-4.290637
-5.211070
-0.949076
-2.995175
-2.159515
-0.225816
-0.020748
-0.823623
-0.046487
-0.866815
-0.484847
-1.147924
-4.172138
-1.874360
-2.951604
-1.511411
-1.700560
-4.404744
-5.610124
-1.684633
-0.386764
-1.503250
-4.071513
-0.612693
-0.281643
-2.083379
-5.319902
-0.418400
-0.040871
-0.352208
-0.015943
-2.008323
-0.282739
-0.271893
-1.607951
-3.134246
-3.719725
-3.453039
-2.852710
-2.941637
-0.474806
-0.490864
-0.850596
-1.698532
-0.223619
-1.029295
-1.795614
-0.707475
-0.560417
-1.731444
-0.792327
-1.150980
-1.590915
-0.904542
-0.166673
-0.237320
-1.209912
-2.789218
-1.763886
