-0.849634
-1.328306
-0.539323
-0.153953
-1.938964
-0.485477
-1.687474
-1.877328
-0.232403
-3.018049
-1.570383
-2.542475
-2.148206
-3.169303
-0.610700
-3.210565
-6.627738
-0.911857
-2.704346
-0.644367
-0.853112
-2.998088
-0.723759
-4.072257
-0.296921
-2.664265
-1.115680
-0.726460
-2.541605
-1.857987
-0.986691
-1.952787
-3.207532
-6.190169
-3.036865
-1.377341
-0.676829
-0.698023
-4.044203
-0.935863
-1.322989
-0.445968
-3.216423
-0.219224
-1.802303
-1.968848
-0.121001
-2.176533
-0.614788
-0.502014
-5.734106
-1.024006
-0.846578
-2.521671
-0.887720
-1.796319
-0.215341
-1.425372
-1.343765
-2.596361
-2.125884
-1.092020
-2.511825
-1.609074
-4.681200
-0.708564
-0.025385
-5.591981
-2.349399
-1.022671
-2.104462
-1.964209
-0.213052
-4.051736
-3.865737
-0.339692
-1.391525
-0.428892
-1.420553
-0.344083
-3.197326
-0.361873
-1.085548
-0.860936
-1.727211
-1.178624
-6.603740
-3.639112
-2.144064
-2.365375
-0.416787
-5.642989
-0.681041
-2.346633
-0.154037
-1.846612
-3.334399
-0.473324
-1.394438
-5.587402
-0.165117
-1.208307
-1.997256
-1.253412
-2.554049
-0.682138
-1.449060
-2.761528
-0.381258
-2.065955
-1.282086
-0.839165
-1.557363
-1.019808
-1.085584
-2.704428
-5.243000
-0.627326
-0.052276
-2.031508
-5.342761
-0.037189
-2.866177
-1.056698
-2.351983
-0.194590
-0.965069
-0.506713
-3.848626
-2.799722
-1.445455
-2.394242
-2.700889
-3.240599
-0.007541
-0.085679
-3.561926
-1.076595
-1.186036
-2.246440
-3.204209
-5.373665
-2.278741
-2.846024
-0.592993
-1.766004
-1.734353
-3.557286
-0.040097
-1.239539
-0.440224
-4.312608
-5.172212
-3.613377
-0.019843
-0.502003
-1.693312
-2.672980
-0.322585
-1.361949
-0.135343
-0.003808
-6.066467
-1.954086
-1.484825
-0.412293
-3.322581
-0.786506
-1.557910
-0.768892
-2.682928
-1.488653
-3.377419
-0.833908
-0.363771
-0.235224
-5.564468
-0.953631
-0.023088
-1.268779
-1.257292
-2.193981
-8.570528
-0.734560
-2.401097
-1.565938
-0.169041
-0.515981
-0.669979
-0.024926
-2.111808
-2.357001
-3.921736
-3.786802
-0.473718
-1.532117
-0.387757
-0.622153
-0.654785
-3.224569
-0.257477
-0.194342
-0.639323
-0.114097
-0.815487
-2.545822
-0.641401
-8.101423
-2.363134
-4.378715
-2.074383
-0.042668
-3.379614
-1.987867
-0.242159
-4.261877
-2.523577
-2.047860
-0.391658
-3.463595
-3.300484
-1.156444
-0.547831
-4.601128
-1.183428
-0.849004
-0.341936
-0.401099
-4.298261
-3.519519
-0.698630
-1.537579
-2.725678
-2.595865
-4.532839
-2.037876
-0.495898
-1.728747
-2.973054
-1.228832
-0.840902
-2.333350
-3.854376
-1.060576
-2.041126
-2.177120
-0.997805
-1.292104
-3.236747
-0.800129
-0.638161
-1.599425
-0.269039
-0.054113
-3.972176
-0.134411
-0.265498
-2.734947
-1.670548
-0.646339
-4.712851
-3.169016
-0.974921
-3.941075
-3.480423
-1.422034
-3.717757
-1.891095
-0.415723
-2.555211
-0.175662
-4.700097
-3.879899
-0.116099
-0.839096
-2.409988
-0.972042
-5.818025
-0.874542
-1.350050
-1.731136
-6.234695
-2.505020
-0.291017
-2.451003
-0.961489
-1.195297
-3.351923
-1.981481
-1.349557
-0.430014
-1.954774
-2.477128
-6.177445
-1.914408
-4.637434
-0.119876
-0.583760
-1.447357
-4.766147
-0.040671
-2.907447
-1.628940
-0.619946
-3.871627
-0.782613
-1.266227
-0.098961
-0.246786
-1.059127
-0.146823
-0.582281
-3.678122
-3.992985
-0.482470
-2.663929
-2.402031
-2.326611
-1.121978
-0.209561
-2.216734
-2.335283
-0.510281
-0.413905
-2.985102
-0.665929
-0.904003
-6.026585
-4.542086
-1.321284
-4.261069
-3.475237
-4.708826
-0.714637
-0.056241
-2.274830
-0.196699
-3.803110
-0.746623
-0.453766
-0.128670
-4.311636
-8.707080
-0.894085
-6.830721
-2.433009
-2.202677
-1.664923
-2.436271
-2.425400
-0.836745
-2.984249
-0.882789
-3.153038
-3.988881
-2.086548
-2.356234
-0.971303
-1.585586
-0.299876
-4.444987
-3.740611
-2.822753
-1.283294
-3.556410
-5.557656
-0.130466
-0.940179
-3.978100
-2.511485
-0.013328
-0.070005
-1.334167
-5.686538
-1.568339
-1.616151
-5.273389
-0.730140
-0.589180
-4.738318
-5.542241
-1.002262
-3.199332
-1.498030
-3.147174
-0.714646
-4.801985
-1.191713
-2.496469
-1.200101
-3.915768
-8.637610
-2.811457
-5.160128
-2.205865
-0.735242
-1.192714
-4.068992
-1.328118
-0.366874
-2.769472
-2.222651
-0.335055
-1.020400
-3.697771
-1.317682
-3.800225
-0.864214
-2.742564
-0.000648
-3.406676
-1.753304
-1.138984
-0.391490
-0.752976
-2.190413
-1.176476
-3.495784
-2.586070
-1.446185
-0.075767
-1.118702
-5.653537
-3.453374
-0.532080
-2.329440
-3.741594
-1.285266
-5.804045
-1.315114
-2.724882
-2.104518
-1.157932
-1.963968
-2.125404
-4.366041
-0.518274
-1.791574
-2.117839
-2.002352
-0.446252
-0.063854
-0.797820
-3.262970
-3.345876
-2.290661
-2.583695
-0.311058
-1.258406
-0.902906
-0.719443
-1.675538
-0.133125
-1.923282
-6.397561
-0.716957
-2.091595
-0.374431
-1.094380
-0.627068
-1.851878
-1.575045
-1.359990
-3.545267
-2.699731
-0.805050
-4.177998
-0.825444
-1.653162
-0.563581
-1.953349
-4.366525
-0.159444
-0.568471
-5.274907
-1.392870
-0.297282
-0.266058
-3.497834
-0.047317
-1.001744
-4.397242
-2.768859
-2.200717
-0.531271
-1.057872
-0.118002
-1.468305
-0.146140
-3.960014
-3.605538
-3.612107
-1.034784
-3.702552
-2.090467
-4.610098
-0.248218
-1.729585
-0.258570
-4.543113
-2.705512
-2.918220
-3.125513
-4.099259
-1.783323
-0.407897
-0.697571
-1.902193
-0.370978
-0.042829
-1.445150
-1.455371
-2.628836
-5.647618
-1.739920
-2.023742
-2.059151
-3.909505
-1.452221
-2.860990
-6.210516
-3.126237
-1.057434
-0.068838
-2.099772
-4.011480
-1.177352
-1.975357
-0.869443
-2.603309
-5.169727
-1.265098
-0.365103
-2.293469
-1.911354
-2.297263
-0.288539
-2.162513
-0.059974
-0.275626
-4.761881
-2.217306
-1.762112
-5.548069
-0.611917
-0.963594
-0.099982
-1.309608
-1.630181
-0.041024
-0.479610
-0.678005
-1.858480
-0.302113
-0.172023
-0.379473
-3.362543
-1.267756
-3.493779
-0.018135
-9.342759
-1.929884
-1.078072
-1.334257
-3.629660
-5.494699
-1.176485
-2.908949
-2.430516
-4.417495
-4.124237
-1.634229
-1.031966
-3.902641
-0.193609
-4.034812
-0.510800
-1.024373
-0.055289
-4.186985
-0.254356
-6.605910
-1.829645
-0.522924
-3.151916
-0.125345
-1.108899
-2.567269
-2.001343
-0.999127
-2.082288
-0.051761
-1.146372
-3.891198
-2.082772
-0.355127
-1.139664
-3.535385
-3.556817
-1.267716
-1.494215
-3.510837
-1.824895
-4.238556
-1.119066
-2.255074
-5.381425
-2.965566
-3.822228
-1.650036
-2.702551
-1.269532
-1.743810
-1.409144
-1.680386
-3.248244
-0.871073
-3.363016
-2.007797
-4.235266
-0.593373
-1.643579
-2.670294
-4.055638
-7.032317
-1.378719
-2.172027
-1.237732
-1.133410
-0.782252
-2.490676
-1.052660
-1.793992
-5.683107
-0.684776
-3.188128
-0.270211
-2.091134
-3.877277
-0.121913
-0.639641
-3.576414
-1.831667
-1.259508
-1.908783
-1.994153
-5.080524
-1.623339
-5.863493
-0.035565
-0.241570
-2.239930
-0.206135
-0.932930
-2.549314
-2.035655
-1.786478
-0.852274
-0.752261
-0.021783
-2.750128
-1.857758
-1.096720
-1.404817
-1.236711
-0.818012
-2.477488
-0.253148
-0.400234
-0.916058
-1.634649
-3.960240
-1.859958
-0.025999
-1.014327
-0.402349
-0.474224
-1.578427
-1.481365
-0.227179
