-0.581860
-0.693242
-0.460098
-0.169030
-0.877921
-0.020962
-0.377587
-0.364432
-0.004896
-2.275014
-0.305674
-0.237740
-0.418830
-1.439117
-0.874330
-0.064088
-1.892130
-0.802574
-0.272660
-0.749821
-0.390730
-0.299492
-0.431960
-1.233447
-0.178580
-0.624028
-0.200537
-0.013743
-1.249608
-0.155274
-0.037969
-0.089106
-0.726680
-2.219891
-1.378076
-0.004806
-0.073766
-0.604364
-1.144551
-0.127839
-0.494474
-0.776756
-0.979184
-0.563456
-0.209562
-0.359189
-0.117228
-1.269444
-0.006399
-0.583248
-0.105731
-0.842062
-0.162221
-0.121826
-0.038159
-0.135136
-0.004377
-0.117675
-0.000472
-2.319552
-0.432981
-0.290113
-0.184657
-0.534369
-0.939535
-1.246764
-1.905858
-0.017263
-0.229259
-0.403361
-0.285995
-1.490068
-0.158363
-0.273285
-0.077628
-1.418049
-0.047488
-0.222028
-0.309870
-0.314414
-0.601938
-1.467401
-1.032974
-0.714003
-1.881066
-0.600249
-0.845243
-0.091050
-0.947576
-0.001082
-0.127758
-1.900411
-0.547979
-0.519170
-0.198872
-2.889125
-0.171850
-1.980519
-0.016653
-0.038702
-0.000353
-0.382516
-1.109315
-0.016071
-0.034632
-0.360770
-0.243141
-0.157109
-0.007385
-3.247764
-0.204285
-1.567893
-1.129660
-0.360743
-0.294990
-0.193225
-0.054641
-0.350774
-1.011589
-1.172785
-0.000138
-1.019581
-0.017500
-0.454156
-0.012683
-0.418901
-0.290080
-0.343415
-1.492656
-0.060997
-0.263668
-0.013398
-2.425680
-0.389403
-0.104959
-0.894473
-0.099018
-0.245729
-0.013911
-0.151094
-0.141146
-0.550498
-0.073589
-0.200438
-2.544089
-1.139594
-2.466880
-1.756527
-0.705891
-1.285975
-0.092743
-0.292838
-0.148450
-0.111828
-0.239359
-0.797409
-0.798517
-3.198441
-0.017807
-0.709549
-1.840091
-1.311997
-0.225806
-0.197434
-0.344131
-1.109263
-0.151958
-0.272862
-0.289590
-1.114828
-2.166356
-0.094011
-1.371188
-0.105618
-0.121039
-0.229726
-0.051810
-0.011188
-1.280163
-0.363904
-0.035410
-0.268069
-0.716211
-0.169961
-0.062240
-0.156044
-0.204469
-1.803716
-1.370866
-0.619077
-0.911478
-0.312985
-4.068672
-0.447999
-0.935959
-1.991943
-0.001292
-0.818143
-0.203215
-0.500457
-0.088232
-1.145141
-1.443452
-1.637387
-0.911734
-2.973575
-0.207884
-1.017040
-0.128672
-0.082029
-1.786683
-0.151663
-2.312298
-0.093417
-0.044569
-0.625876
-0.014907
-0.015250
-0.270099
-0.325824
-1.180273
-1.348512
-0.015993
-0.121607
-0.803569
-0.170049
-2.054529
-0.318349
-0.166926
-1.236724
-0.719122
-1.930766
-0.504922
-0.624078
-0.070962
-0.892078
-0.842365
-0.431197
-0.126147
-0.304716
-0.326446
-1.833944
-0.866033
-0.605460
-0.575168
-0.268105
-1.980705
-0.509139
-0.303517
-0.045531
-0.111819
-0.209803
-0.765101
-1.746763
-1.747327
-1.098149
-0.048353
-0.335768
-1.386500
-0.233807
-1.185560
-0.649492
-0.520608
-0.006286
-0.901146
-0.031615
-0.026450
-0.084027
-2.210680
-0.076352
-0.255302
-0.672129
-0.013554
-0.036188
-0.370551
-0.230847
-0.138150
-1.055152
-1.034047
-0.011848
-0.766295
-0.017668
-2.094027
-0.033828
-1.650255
-1.689468
-1.092026
-0.060877
-0.054586
-0.748249
-0.117874
-0.090632
-0.157419
-0.415274
-0.979251
-0.090143
-2.490048
-0.011531
-0.369076
-0.314308
-0.322704
-0.158048
-0.782321
-0.149377
-2.431719
-0.524594
-1.260631
-1.435877
-0.614629
-0.980332
-0.545169
-0.212133
-0.201202
-0.701051
-0.132809
-0.161852
-0.758932
-0.001616
-0.083576
-0.131561
-2.699700
-0.879741
-0.272889
-1.412973
-0.100434
-0.001772
-0.251047
-0.038549
-0.985885
-0.835108
-1.507971
-0.133765
-0.324204
-0.781962
-0.693162
-0.195020
-0.807022
-0.124409
-0.288677
-3.400792
-1.583099
-0.514717
-0.866795
-0.224623
-1.506605
-1.649656
-0.094904
-0.323831
-1.737867
-0.982241
-1.085210
-0.008615
-0.039382
-0.399472
-0.022376
-0.331718
-1.160233
-3.690344
-1.849223
-0.024914
-1.019148
-0.667743
-1.997951
-0.023003
-0.735717
-0.420192
-1.116415
-0.343093
-0.888564
-0.313768
-0.008061
-0.600136
-0.197908
-0.063557
-1.421778
-0.590463
-0.068592
-0.374788
-2.270135
-0.166109
-0.175871
-1.358073
-0.277494
-0.849744
-0.123122
-0.881998
-0.073656
-0.574022
-1.581378
-0.165807
-0.083274
-0.144224
-4.065539
-0.886909
-0.000503
-0.096269
-0.005583
-0.275670
-1.409047
-0.017104
-1.433212
-0.488488
-0.017819
-0.298950
-0.171450
-0.029876
-0.093112
-0.087274
-0.534590
-0.431192
-0.479239
-0.291555
-0.646902
-0.235040
-1.136925
-0.315286
-0.026198
-0.364985
-1.649837
-0.254559
-0.033994
-0.816719
-0.006621
-0.872997
-0.231530
-0.326263
-0.167800
-0.266720
-0.376199
-0.106246
-0.225762
-0.557129
-1.022590
-1.210364
-0.093638
-0.367890
-1.927325
-1.651066
-0.029646
-0.900770
-0.081455
-0.506377
-0.040448
-0.035263
-0.565932
-0.630142
-0.731132
-0.051751
-0.187128
-0.000810
-0.257303
-0.558447
-1.866728
-1.868974
-0.462507
-0.865369
-0.090896
-0.421699
-4.280267
-0.296223
-0.305656
-1.549716
-0.828548
-0.004548
-1.830107
-1.833741
-0.407366
-1.041850
-0.502101
-0.847235
-0.958497
-0.862013
-0.104854
-1.815438
-0.196679
-1.399899
-0.575421
-0.759284
-0.117193
-1.146002
-2.278481
-0.113539
-0.518320
-1.293914
-0.266718
-0.019757
-1.113972
-0.211975
-0.621293
-0.171163
-0.074139
-0.009238
-1.322840
-0.094430
-0.975888
-2.285845
-0.106331
-0.676586
-1.347374
-2.086753
-0.006275
-0.150948
-1.316275
-0.653554
-0.087904
-1.716878
-0.166964
-0.231872
-0.706074
-1.820117
-0.532479
-0.238756
-0.756095
-0.548879
-0.470073
-0.456608
-2.017248
-0.248730
-0.108627
-0.580230
-0.469790
-0.047371
-0.173466
-1.212267
-0.258075
-0.013699
-0.395505
-0.001423
-1.097305
-0.148545
-0.248048
-0.248338
-2.017789
-2.535354
-0.007400
-1.164653
-0.080535
-0.247985
-0.119238
-1.419645
-1.311695
-0.396901
-3.110596
-0.001051
-0.414875
-0.396193
-1.948027
-0.002242
-0.678558
-0.997869
-0.909413
-0.044372
-0.077483
-1.110039
-0.060448
-1.002874
-0.548476
-1.849010
-2.411624
