-265.286297
-276.951295
-265.171940
-248.662442
-247.014047
-260.924371
-282.663068
-251.168148
-282.160714
-249.348189
-263.293695
-279.680449
-299.279054
-250.954085
-276.710855
-306.919112
-295.626342
-225.681320
-298.451829
-281.632663
-213.812482
-275.891258
-289.873735
-256.105074
-274.566459
-256.014600
-248.234423
-282.732709
-252.378798
-242.657963
-250.312243
-241.625380
-259.041629
-266.469526
-273.089857
-269.883153
-241.427663
-268.087751
-291.596091
-253.454404
-195.888368
-270.126261
-258.113598
-302.504669
-264.410738
-261.529949
-268.110264
-271.321210
-289.306531
-284.950254
-284.677378
-270.876130
-262.698098
-254.274211
-246.497530
-277.679030
-307.063879
-267.712676
-248.193946
-283.425781
-283.618590
-255.880910
-278.355192
-277.585954
-293.481239
-268.072643
-269.215087
-270.409087
-258.760270
-258.630122
-270.233540
-248.391572
-250.191708
-298.679306
-256.861139
-262.330009
-271.687917
-240.585335
-289.218470
-245.509455
-244.976449
-222.198472
-302.118301
-268.291906
-277.225033
-216.319157
-257.821074
-229.994014
-267.065053
-251.665637
-245.452812
-280.566165
-269.102120
-247.198240
-249.329592
-273.493477
-273.785001
-297.876026
-250.905176
-290.397708
-288.627097
-254.886224
-297.173216
-296.439491
-278.030811
-289.279940
-305.394358
-268.883754
-273.441392
-238.756707
-277.568999
-268.061991
-255.238107
-289.077121
-271.389371
-280.426456
-253.784581
-257.414885
-250.936874
-258.519706
-254.032835
-263.569959
-237.895879
-276.244474
-294.677805
-255.039448
-274.597140
-235.593910
-271.206606
-262.886536
-260.752555
-230.758358
-242.074768
-312.329401
-227.900650
-245.484794
-272.984866
-283.436742
-281.180004
-256.234627
-292.593910
-227.138777
-251.294815
-247.952345
-271.932329
-252.658622
-279.541786
-241.707263
-266.941924
-252.702270
-276.107723
-233.757095
-285.768114
-278.629299
-269.161087
-252.141783
-259.149007
-277.673165
-226.038670
-293.920918
-264.522546
-264.474250
-265.083326
-246.789349
-279.659865
-264.459337
-293.211339
-303.415831
-248.889933
-292.783087
-238.140270
-259.474318
-261.627638
-244.383445
-250.672380
-277.169604
-273.244897
-298.853284
-255.415795
-288.436845
-260.690709
-259.179143
-304.107522
-267.483879
-267.841875
-259.950238
-247.136695
-241.049433
-250.619004
-262.014229
-258.400019
-255.444240
-275.766338
-274.603124
-244.613844
-261.684334
-230.211777
-280.859230
-252.545647
-265.918351
-263.092901
-281.115080
-262.003160
-258.250338
-305.598450
-275.095482
-267.014666
-253.616574
-259.845801
-266.607411
-225.885769
-322.632713
-244.021626
-256.216001
-292.321174
-228.750484
-239.529053
-274.274134
-268.234312
-272.558151
-241.037366
-264.074369
-244.838274
-250.421411
-282.866311
-271.554565
-258.231503
-257.529330
-254.105388
-242.584702
-250.831687
-235.634908
-284.358062
-265.846893
-232.159958
-264.390507
-271.227221
-266.539327
-250.090364
-228.947247
-293.158383
-252.739939
-253.355375
-295.932012
-237.201563
-229.732284
-263.851343
-274.267304
-242.752559
-293.912047
-277.793400
-306.452212
-292.894947
-237.705204
-250.396830
-269.268211
-244.511954
-285.904348
-252.644277
-268.852807
-239.525352
-290.973659
-265.998313
-267.275335
-255.512626
-259.072390
-270.118155
-246.404547
-281.320820
-276.872999
-275.543118
-290.550858
-315.010592
-305.412580
-250.346745
-250.087759
-259.514825
-266.147430
-251.785473
-251.211802
-273.636510
-284.970228
-231.242863
-268.564257
-258.565578
-288.172880
-208.653006
-253.396706
-263.733066
-275.798664
-250.534812
-262.619587
-296.475918
-262.009542
-240.343169
-215.847890
-278.939088
-283.028619
-274.758388
-220.150432
-261.104447
-233.562639
-228.570413
-270.761779
-245.145580
-276.707263
-276.647028
-267.891666
-244.366266
-256.169073
-251.623531
-249.134037
-260.663017
-268.786548
-274.510677
-264.078269
-263.841691
-234.339609
-286.316706
-245.169660
-297.723615
-230.290979
-271.595429
-245.461753
-221.266192
-238.989230
-262.341903
-243.670063
-265.225583
-265.111588
-272.069088
-295.381386
-254.938009
-275.905686
-243.036594
-324.142324
-265.228807
-269.166000
-276.643839
-283.084089
-268.918658
-245.338223
-316.710331
-312.065504
-281.957256
-291.314098
-264.702933
-304.521349
-265.213960
-277.864512
-236.536174
-284.551064
-229.539784
-271.282051
-252.204179
-264.012945
-283.368890
-255.120105
-277.154702
-287.364407
-292.845358
-260.136402
-292.810177
-254.670710
-249.832883
-262.731692
-267.469116
-257.349224
-298.868954
-231.859190
-218.594487
-273.158584
-269.141673
-234.714787
-271.383136
-244.028403
-249.951442
-287.392510
-249.966528
-300.156931
-268.545737
-286.934375
-257.438133
-250.795217
-268.404814
-294.096268
-256.782967
-273.582570
-280.337559
-270.964573
-254.864259
-300.560290
-262.361806
-243.010292
-249.341758
-251.539963
-241.160829
-261.334351
-263.372234
-249.351838
-255.960306
-266.790755
-272.890003
-237.945673
-268.620278
-251.438112
-273.813339
-209.507513
-231.586383
-258.848467
-243.770413
-279.535092
-282.190148
-281.712486
-277.664132
-270.118878
-277.376588
-284.574890
-231.199243
-264.099449
-252.330555
-277.106023
-247.673393
-257.906359
-241.878268
-228.881405
-266.166997
-246.746238
-264.567365
-254.726656
-254.221433
-249.558250
-267.705080
-242.057299
-237.010288
-229.153231
-247.010415
-239.818464
-262.006404
-269.939139
-259.123440
-233.915068
-329.086504
-248.173357
-243.539301
-251.229429
-303.082072
-237.960784
-250.370825
-271.989732
-262.538986
-263.280005
-249.155464
-281.520683
-294.726776
-253.152044
-240.709449
-220.460682
-237.882203
-267.779996
-244.354770
-273.911583
-264.334188
-250.973787
-271.465103
-281.627104
-239.809875
-265.105470
-274.708098
-302.232620
-267.862008
-262.115534
-246.415674
-285.687114
-253.987737
-260.390108
-293.279114
-274.488796
-266.818925
-248.481022
-235.121636
-245.659864
-258.000948
-294.772020
-263.910591
-236.585894
-246.013682
-246.253168
-271.254492
-258.334933
-305.147892
-263.734562
-253.770952
-289.211290
-285.566820
-274.930196
-272.426434
-255.114886
-244.916535
-271.097822
-250.994837
-270.449144
-306.859455
-262.759793
-267.594047
-256.431963
-240.092070
-293.189464
-281.054644
-205.517883
-264.103689
-239.407728
-252.341638
-279.069419
-220.605595
-237.196223
-291.092229
-257.363979
-276.055335
-247.236994
-280.428932
-276.496257
-287.520400
-276.120844
-263.654018
-245.531849
-269.349666
-279.001764
-294.096613
-265.013833
-279.362853
-237.381429
-270.922909
-260.834056
-300.055747
-239.259734
-253.754846
-294.764094
-240.702335
-297.842036
-286.543936
-293.858729
-272.986248
-303.334095
-252.065255
-269.367593
-260.209481
-287.249119
-284.175312
-273.860228
-249.035928
-251.793290
-248.283136
-286.640306
-282.776725
-271.568520
-266.313601
-213.560345
-259.502600
-321.752192
-243.917860
-276.585948
-261.461344
-259.727657
-275.694850
-238.856271
-293.899710
-276.336605
-254.358875
-280.935252
-269.289551
-270.970727
-259.753605
-260.034963
-280.200904
-303.882721
-241.762686
-265.053197
-289.540559
-217.795482
-258.137451
-252.885185
-252.565516
-233.134961
-285.127193
-240.218517
-222.992909
-267.483014
-231.087419
-263.781028
-252.920749
-291.918677
-261.481630
-251.163009
-268.546500
-258.229891
-268.149472
-232.934795
-267.283370
-284.864578
-272.641109
-244.986934
-236.586323
-278.704837
-273.449995
-295.606333
-261.944943
-299.232866
-269.659526
-248.143657
-279.438395
-269.488843
-231.792291
-272.393410
-273.165824
-234.688240
-234.664493
-238.896278
-280.314638
-277.090687
-266.420195
-313.881842
-245.815007
-268.025232
-296.307258
-232.756718
-263.762774
-273.563274
-293.377406
-244.384745
-253.339566
-249.305217
-248.165148
-254.950978
-237.880961
-232.978038
-252.195425
-260.717534
-243.281025
-228.207617
-244.010752
-245.012535
-258.141208
-246.418891
-296.048314
-254.173819
-280.925602
-298.355329
-239.452112
-249.305805
-261.729629
-250.366218
-260.016459
-243.020681
-231.608733
-246.146168
-257.699083
-300.747916
-276.537146
-259.679432
-305.977098
-273.553761
-251.943699
-237.174818
-258.321843
-289.653722
-260.107808
-272.552202
-279.521767
-285.524971
-263.433815
-261.732376
-272.028137
-232.351054
-278.387557
-249.649755
-247.073874
-275.365889
-321.766427
-243.957676
-262.095271
-233.469829
-271.047155
-299.016738
-266.368633
-245.788062
-223.082465
-228.675874
-266.855365
-280.203127
-284.087912
-277.908914
-278.974155
-246.115526
-265.980179
-256.357843
-267.731372
-266.867841
-265.846150
-253.066941
-272.332425
-220.444224
-239.803483
-270.451402
-249.865564
-260.508219
-238.739719
-267.195279
-249.164202
-256.440046
-286.184015
-256.327747
-275.877446
-241.297133
-252.325474
-255.360235
-246.631120
-305.691570
-264.288920
-250.503879
-264.866054
-272.673659
-261.790028
-279.059581
-304.709945
-269.965201
-254.024537
-262.803526
-271.461236
-252.449247
-273.167392
-262.278533
-255.084082
-269.116865
-262.282354
-270.962005
-227.003293
-245.034247
-245.800538
-306.207923
-266.381104
-263.712845
-274.429762
-235.183269
-248.080889
-276.400706
-207.661533
-266.411713
-238.544951
-278.481936
-324.843348
-260.975150
-275.248992
-253.873080
-267.608789
-260.854892
-256.799151
