-18.763507
-18.994535
-5.725624
-18.631276
-21.552102
-17.660745
-16.490629
-18.179185
-7.436059
-20.509134
-27.093790
-14.579690
-20.987348
-11.527696
-13.872655
-17.928158
-12.642838
-26.466298
-14.418586
-14.076395
-15.700948
-12.977956
-22.283582
-22.758158
-25.719583
-6.950614
-16.826947
-15.416624
-26.075408
-22.791553
-17.673605
-26.718663
-19.246929
-19.451543
-20.097612
-3.727406
-21.360196
-22.844198
-15.608224
-6.135209
-12.068936
-12.759302
-20.410513
-13.045534
-23.709681
-10.852537
-21.564682
-17.661178
-14.496143
-14.842728
-15.332977
-14.647240
-24.989357
-19.210313
-7.190685
-12.867518
-19.777825
-21.920618
-15.110175
-19.732695
-22.359740
-18.318627
-9.255102
-15.022544
-21.547921
-17.636810
-10.951064
-11.989359
-16.055350
-19.131497
-23.132469
-19.874204
-13.769766
-22.090107
-14.118584
-23.653024
-11.669314
-22.678733
-20.519326
-17.230357
-24.478024
-12.604603
-16.942062
-18.642236
-7.149212
-15.033993
-19.733766
-20.108826
-16.324613
-24.893986
-4.178890
-19.090887
-26.190725
-19.097429
-17.686606
-22.793770
-12.457895
-16.851631
-22.953768
-9.631555
-17.153505
-13.411237
-19.247293
-17.594209
-16.498467
-21.258642
-22.504944
-17.464133
-19.237309
-8.934893
-25.571546
-25.505353
-10.613562
-7.855167
-12.572525
-16.383944
-21.874804
-16.301366
-16.914082
-25.355227
-26.469234
-18.866245
-13.188031
-16.850261
-12.624580
-19.973252
-15.003588
-14.057017
-18.061487
-25.746192
-5.801996
-23.643308
-8.005900
-15.437173
-20.490196
-19.786168
-17.935181
-27.759190
-13.787519
-23.432480
-14.731394
-7.768949
-25.863502
-11.254615
-17.786274
-25.082836
-18.688622
-16.851013
-16.928387
-22.243421
-24.486793
-18.729290
-7.683533
-20.434661
-23.204697
-7.881226
-14.974597
-13.069490
-17.301053
-27.144711
-21.043052
-19.467959
-23.485756
-17.460020
-18.933259
-17.746931
-18.438280
-12.895104
-26.255263
-22.256029
-17.447432
-19.518689
-22.473702
-15.376048
-26.291165
-24.075619
-20.469973
-21.430214
-20.442941
-12.458233
-21.998014
-8.423981
-21.698881
-23.524040
-25.201902
-13.510669
-12.637020
-21.187745
-15.796120
-16.723462
-13.588051
-11.101172
-17.941701
-9.692254
-19.348464
-16.659902
-11.075909
-11.958788
-22.380768
-18.148165
-21.003312
-20.988486
-11.117491
-30.907415
-13.775604
-10.523520
-17.047010
-28.951841
-13.911179
-23.602103
-18.700967
-18.643943
-19.375948
-19.129613
-13.438739
-8.877923
-15.144229
-13.079303
-28.863977
-16.422183
-11.495749
-15.564481
-22.612312
-14.060992
-8.710862
-20.154799
-15.913833
-22.026346
-13.826718
-18.026799
-14.710137
-23.516537
-11.438411
-16.385993
-7.005112
-21.409484
-13.604083
-27.776768
-16.372841
-13.055736
-21.400190
-19.193138
-17.688199
-22.112927
-24.311500
-19.131957
-27.427554
-23.006103
-23.839918
-22.216697
-21.266050
-21.790005
-19.037336
-15.247854
-16.349397
-7.691569
-17.966724
-13.786947
-28.387842
-15.587180
-15.427414
-2.220748
-23.545685
-27.641715
-14.443567
-17.056451
-22.982645
-19.770707
-16.212749
-11.073447
-26.566400
-18.419384
-22.073780
-27.742696
-10.772812
-20.531326
-14.550360
-24.780955
-20.400232
-20.372274
-14.040353
-20.104190
-18.870292
-19.827230
-15.717543
-13.212737
-14.510020
-28.992328
-23.734821
-20.725725
-12.572557
-13.204455
-14.235274
-20.048462
-20.441084
-0.817435
-17.369588
-19.627004
-17.526702
-15.354167
-24.355567
-18.620852
-26.944434
-19.508864
-19.352911
-20.130452
-19.000027
-23.810418
-17.367625
-14.098535
-18.321502
-15.949598
-19.841696
-23.791261
-12.041007
-13.497223
-9.644864
-7.959090
-16.567043
-18.803979
-28.326831
-23.025960
-19.755923
-21.315021
-26.754893
-20.360377
-11.376188
-15.676670
-13.172809
-23.706095
-20.842269
-20.854516
-17.824335
-22.912044
-11.645785
-18.968093
-16.610853
-15.579209
-21.620424
-19.792276
-10.807997
-27.567780
-17.474834
-11.741888
-15.400285
-22.648757
-18.093805
-23.686503
-22.374256
-8.635498
-11.065638
-15.987418
-11.766525
-14.793204
-16.851469
-22.486039
-18.306585
-16.002535
-15.941002
-18.450001
-14.835882
-17.532208
-21.391154
-19.194536
-11.570127
-20.215983
-14.217592
-23.008319
-16.974902
-21.162757
-17.042665
-17.127457
-22.011440
-16.427925
-21.527921
-17.378374
-31.260910
-15.363711
-16.423095
-12.836076
-16.801755
-8.505781
-19.949376
-9.985878
-25.618833
-11.347325
-17.058831
-2.953857
-20.793925
-29.247229
-13.274959
-19.308531
-22.540429
-11.838632
-17.995814
-16.831255
-20.060490
-17.690821
-19.834452
-6.379412
-16.038438
-8.991601
-26.038147
-14.899297
-15.228128
-18.659544
-6.820508
-17.564464
-23.346088
-17.347771
-13.845011
-19.714227
-19.008712
-15.175073
-8.455957
-22.564721
-19.971036
-20.586703
-20.596134
-18.140273
-16.034843
-14.610413
-23.232438
-7.923227
-16.771449
-13.030302
-9.159441
-20.632876
-25.725444
-21.084235
-20.732867
-28.957827
-26.073383
-6.198960
-21.757696
-14.713278
-22.176725
-24.264736
-13.318033
-19.529048
-19.101557
-24.725149
-11.683742
-24.765377
-24.923882
-22.417442
-14.050865
-17.180547
-20.463937
-12.663827
-18.889637
-11.345310
-23.333120
-20.431941
-21.246047
-25.152993
-6.031258
-13.943520
-23.912610
-25.010911
-21.894864
-21.191674
-17.937808
-14.422110
-23.540972
-21.339493
-26.779947
-15.815230
-9.842849
-18.080591
-21.737234
-19.452672
-16.329747
-18.549737
-24.168159
-3.319849
-25.522144
-9.093996
-10.705813
-11.805175
-22.513626
-13.966956
-11.209758
-20.873050
-11.716419
-13.334110
-12.410237
-21.335836
-16.153991
-21.384586
-19.669725
-16.478883
-18.703790
-17.968866
-29.112020
-19.477420
-18.192010
-20.466990
-14.641584
-20.555774
-20.605776
-22.944706
-12.312164
-14.652886
-20.361013
-17.193550
-11.239803
-17.832574
-17.042127
-12.501145
-19.350569
-3.586671
-18.105601
-12.994080
-18.002294
-25.684437
-9.177474
-7.526972
-10.483513
-13.749444
-12.841746
-20.730311
-20.916245
-24.877254
-25.032280
-17.984610
-19.278361
-27.499483
-20.381592
-13.250762
-16.124514
-16.988777
-19.858811
-31.013900
-16.762442
-13.485605
-25.187608
-15.494091
-13.499005
-20.617058
-26.721973
-15.727348
-19.650749
-5.758418
-22.335993
-12.067913
-24.878296
-18.833258
-20.794637
-22.890863
-19.946412
-15.715003
-18.497891
-24.703053
-16.652590
-15.819926
-16.403623
-22.585632
-19.138325
-20.962348
-28.876355
-25.339563
-22.396523
-4.568413
-19.877483
-15.945870
-21.972233
-28.042612
-3.247740
-28.982493
-19.095835
-17.079921
-21.633801
-12.578320
-21.904530
-27.197107
-26.750273
-25.312633
-12.951948
-25.647560
-1.639590
-25.977738
-20.792034
-19.828365
-19.806807
-10.649817
-21.498363
-14.246415
-2.419951
-17.258023
-14.247249
-14.556085
-19.511984
-19.142228
-12.492965
-20.225444
-20.740267
-28.920321
-19.839867
-15.218940
-8.531373
-11.550888
-15.978388
-24.560033
-21.529116
-18.825349
-17.527157
-18.364245
-16.817734
-19.711870
-14.426402
-24.973276
-9.035800
-31.719807
-15.660656
-8.312329
-14.659105
-13.906832
-9.777839
-3.100120
-15.222896
-18.797352
-14.991568
-2.879110
-22.688665
-8.857488
-10.025222
-25.293812
-24.592011
-21.904285
-19.478873
-18.438526
-15.982905
-22.036904
-15.538744
-17.404604
-27.236745
-15.774448
-15.844926
-15.002665
-12.468183
-20.117405
-18.192621
-11.993956
-10.889539
-23.777992
-16.475802
-23.583416
-12.991804
-21.292337
-22.532007
-18.117933
-8.190092
-4.906596
-20.746372
-19.159923
-11.578807
-16.611215
-20.262986
-5.537624
-21.572342
-16.867188
-26.004960
-11.178787
-12.212736
-20.882249
-7.381206
-25.816803
-16.044695
-25.355481
-21.017159
-30.751492
-13.105388
-18.786249
-27.377832
-21.474101
-25.860816
-10.650029
-20.552846
-16.717777
-17.815338
-16.034645
-10.262970
-26.515572
-20.955317
-14.438578
-18.551203
-26.450846
-15.514568
-9.486996
-19.091509
-11.123903
-18.164120
-22.418545
-16.870766
-21.258720
-12.902732
-14.305589
-19.229570
-21.187358
-23.443412
-9.906441
-17.687244
-24.221466
-8.625385
-26.238524
-21.817746
-26.567517
-7.208620
-11.274379
-24.410596
-17.607479
-22.604246
-24.272463
-16.195977
-21.562885
-12.464539
-16.589092
-22.417382
-9.490943
-15.235413
-19.588061
-22.546981
-13.785659
-14.311608
-17.404179
-23.333990
-20.471654
-8.934342
-25.389306
-13.579754
-15.944031
-16.353540
-18.455375
-16.819331
-24.596239
-17.065091
-13.697770
-16.442042
-15.691086
-15.872020
-18.485628
-18.564777
-21.588620
-27.845282
-17.694028
-14.969699
-17.763250
-22.603991
-21.659033
-10.056220
-23.269336
-11.888373
-27.357312
-18.221195
-17.722491
-15.580011
-21.778352
-15.528399
-14.994159
-14.234171
-20.879213
-27.050317
-19.455589
-28.324579
-30.320979
-25.625866
-22.255343
-20.363632
-17.270099
-17.481444
-19.534206
-24.618012
-23.716769
-13.024876
-18.913681
-19.081142
-19.351881
-19.810462
-15.091961
-21.538985
-28.053773
-18.245312
-22.352826
-14.217232
-19.619783
-25.385317
-4.527645
-22.763358
-25.797711
-11.656131
-12.963606
-29.797403
-15.149696
-9.783648
-16.177428
-20.200476
-4.240121
-13.804685
-14.685485
-21.704633
-13.457759
-24.617283
-8.644890
-19.432064
-21.790946
-21.637710
-13.046704
-13.378056
-22.270223
-21.397895
-15.431792
-24.253769
-18.776134
-10.258984
-16.590182
-18.476317
-21.073713
-7.082143
-21.736208
-20.521081
-20.973169
-22.334268
-17.870817
-16.717631
-21.223281
-7.973370
-5.889809
-21.134536
-24.557589
-26.158091
-13.879582
-18.511830
-19.622734
-11.971239
-17.243302
-8.215712
-15.639778
-22.671073
-12.890294
-13.116729
-19.884443
-22.499657
-18.109033
-23.474377
-20.105681
-21.791971
-10.597454
-13.044748
-20.497461
-23.052759
-14.760736
-14.611497
-14.885150
-18.126340
-13.605837
-12.617778
-21.197161
-15.031225
-13.624997
-17.834466
-21.553248
-11.501222
-17.141001
-16.989677
-24.716127
-20.197776
-13.754499
-21.853517
-15.493271
-15.423988
-23.542594
-13.674433
-22.059318
-24.805595
-10.430480
-28.278613
-20.013533
-11.120418
-12.181625
-17.646788
-8.807508
-11.223000
-10.648191
-16.885078
-15.178902
-12.384055
-18.134580
-17.042027
-14.977261
-26.656044
-17.448900
-9.846903
-21.766075
-21.365516
-20.199630
-29.068318
-8.807776
-14.264035
-11.456979
-27.651275
-25.768370
-10.877687
-24.092813
-11.216984
-17.597682
-22.003160
-18.946637
-21.901646
-15.674894
-20.191626
-10.382451
-16.902932
-22.099613
-21.267089
-26.181128
-12.722576
-23.279193
-6.374635
-12.045971
-13.134274
-15.707483
-6.413538
-21.720273
-18.106397
-24.763215
-24.583314
-21.707034
-25.127525
-22.395314
-7.134788
-25.033046
-15.242219
-29.498174
-22.687609
-23.094008
-4.191375
-9.969574
-12.698904
-16.921127
-11.509557
-22.894227
-1.735391
-26.061642
-8.996305
-24.439892
-18.201644
-21.847964
-1.822211
-20.151983
-16.070292
-20.166590
-13.681323
-10.603828
-24.283274
-20.364777
-7.749912
-19.010522
-17.810011
-15.668910
-15.403520
-21.924507
-21.437288
-17.445517
-17.305547
-21.206691
-19.858853
-0.633273
-21.665846
-12.712121
-8.467636
-14.323884
-19.327660
-18.788882
-12.186322
-16.804860
-14.928536
-14.931079
-2.924477
-16.380344
-15.622461
-21.577101
-7.704925
-24.442664
-16.112588
-15.131596
-11.141956
-22.134115
-22.283562
-4.072166
-16.285793
-18.696680
-19.013263
-21.218637
-13.292594
-17.716645
-15.096619
-14.772072
-25.127202
-11.672351
-20.057145
-19.876543
-15.664141
-17.908883
-13.368902
-5.784977
-15.321401
-2.439055
-19.122590
-19.684836
-4.515561
-26.495824
-15.563140
-15.696811
-24.083555
-17.893847
-23.876023
-6.931179
-23.202599
-25.662661
-8.834716
-17.126461
-19.549759
-14.422336
-15.787061
-4.824600
-24.151938
-17.148353
-13.653131
-20.418789
-23.372689
-18.623058
-11.603925
-15.435309
-15.234974
-17.082414
-15.385108
-6.509069
-19.060966
-22.858733
-16.825726
-17.232761
-18.142798
-17.088527
-27.219751
-20.371467
-19.322520
-21.322629
-15.825879
-9.077477
-14.257960
-26.512388
-19.204437
-24.710231
-19.722527
-18.111548
-20.017792
-18.507075
-21.434730
-20.931830
-15.846398
-9.126790
-8.855508
-17.477342
-24.549724
-23.641901
-16.000461
-5.860667
-27.907852
-13.127124
-26.167449
-18.729272
-18.981568
-15.294829
-23.915783
-20.415110
-3.595961
-15.471581
-16.060983
-12.315754
-20.720328
-5.458107
-19.509164
-21.877292
-12.621200
-23.572169
-14.709464
-17.719058
-20.888428
-1.316027
-17.178455
-1.192313
-24.561358
-13.035777
-14.712347
-18.300260
-9.433216
-27.628610
-11.107673
-24.001781
-21.113326
-21.126147
-21.511702
-21.377064
-19.510508
-21.698682
-9.669756
-22.598216
-25.097090
-17.947258
-21.840599
-15.871834
-17.555692
-18.291822
-27.209734
-20.882821
-20.813859
-19.063567
-25.359721
-13.674399
-21.821240
-26.659800
-13.395056
-17.989527
-13.360227
-23.511595
-25.119266
-12.476237
-17.966012
-31.349549
-15.353402
-20.721461
-14.300958
-6.422001
-12.477747
-5.957636
-21.621494
-13.971653
-17.026581
-23.011728
-18.572563
-12.989393
-18.648519
-18.177826
-18.294478
-23.898493
-18.906147
-11.922736
-25.327926
-12.875589
-22.073456
-13.185021
-29.023449
-8.246934
-20.115400
-25.750176
-21.022699
-23.535731
-19.491145
-21.583771
-23.405643
-18.895615
-20.864781
-5.904707
-18.702415
-2.045305
-12.875686
-20.130790
-26.238896
-19.963513
-11.025831
-15.887658
-14.950780
-18.388267
-25.470571
-16.301737
-21.635872
-19.256068
-17.248286
-25.217300
-14.847413
-16.956027
-21.854059
-10.879570
-21.368732
-3.039622
-18.970472
-26.391155
-19.529433
-18.138743
-16.738560
-22.330291
-18.665933
-27.356897
-19.465740
-23.335943
-6.957563
-14.051810
-7.795429
-19.108426
-22.593627
-15.918992
-24.572036
-19.166248
-22.789380
-17.098406
-24.514312
-14.219286
-18.167908
-15.696741
-4.475302
-13.488363
-12.017462
-15.674995
-13.416847
-11.779891
-10.931538
-19.589725
-17.920245
-9.109535
-18.498686
-5.858211
-21.248588
-17.370714
-18.736461
-21.470451
-16.954944
-18.015253
-9.823337
-22.878515
-22.447554
-10.672889
-26.852057
-9.680421
-18.066224
-14.746606
-15.235697
-21.756264
-19.219925
-12.339873
-15.664851
-11.037407
-25.339545
-24.659741
-19.683822
-16.609626
-15.514912
-17.512664
-25.787390
-25.434232
-15.523428
-18.357737
-11.185008
-20.885907
-19.246301
-22.515814
-22.502903
-22.995257
-24.357505
-23.056530
-13.648097
-21.599067
-25.778387
-16.665352
-7.328772
-19.406749
-7.440487
-21.091607
-18.873919
-11.507951
-9.748194
-24.454669
-17.849431
-26.539092
-16.605329
-5.149377
-23.831604
-10.804911
-16.557735
-15.787003
-18.431831
-14.460465
-13.781867
-17.419025
-13.585669
-7.261896
-17.609176
-21.890746
-16.907418
-22.707331
-21.590810
-13.107477
-24.529056
-10.712753
-14.054128
-16.844122
-16.255699
-14.089775
-19.745320
-12.471627
-23.014913
-17.487778
-23.350841
-19.006509
-28.085506
-17.738484
-24.098711
-12.965401
-18.677084
-22.676218
-15.821757
-12.663189
-22.328230
