-0.316681
-18.945998
-7.828672
-20.331856
-1.791181
-11.628597
-13.394522
-21.591225
-11.779523
-8.185228
-16.054221
-9.662173
-4.987304
-21.626169
-4.828770
-12.185234
-8.639423
-6.747819
-1.387095
-2.416749
-1.463311
-12.325237
-9.650935
-3.598233
-11.675163
-8.646961
-4.554128
-14.976907
-12.981371
-9.521832
-11.392802
-22.372590
-3.514796
-0.623387
-14.286248
-15.585507
-17.638315
-1.044959
-17.937551
-1.208745
-9.237644
-11.999775
-7.913995
-20.416732
-17.246588
-13.548501
-11.594274
-4.605549
-5.796916
-8.907311
-9.685954
-9.081038
-9.150727
-11.837855
-18.156411
-12.469276
-19.389320
-12.119166
-16.032459
-8.480976
-5.964340
-2.028402
-20.236476
-14.111970
-13.743132
-13.000125
-5.113343
-24.458224
-6.158950
-7.527910
-18.554587
-7.916151
-6.554338
-25.880585
-18.569154
-18.560352
-12.758472
-15.657750
-13.430288
-10.959339
-24.560523
-0.278400
-13.099185
-9.463474
-15.453135
-11.657530
-3.710959
-7.864586
-5.966662
-17.795123
-16.460632
-9.325500
-8.727230
-24.897337
-2.076048
-10.896890
-11.011661
-6.709454
-16.718417
-8.415963
-17.246881
-14.838807
-5.116920
-17.836834
-12.107664
-7.181434
-24.669014
-1.531359
-16.095170
-21.461596
-7.447777
-14.680638
-26.689763
-5.446944
-10.180651
-7.163865
-7.528848
-9.563655
-12.030735
-17.279326
-5.506802
-12.388334
-17.402659
-1.718379
-18.406813
-32.897002
-8.374602
-19.762601
-23.729340
-10.233570
-2.462472
-5.251738
-14.772272
-10.603152
-16.862094
-4.063922
-18.401707
-11.238277
-5.978849
-11.990986
-10.135384
-12.843104
-10.232125
-6.816311
-5.256242
-10.675656
-16.251547
-14.731396
-16.352601
-2.356944
-10.628771
-17.618690
-2.689896
-13.117168
-23.238272
-22.295288
-3.211811
-11.318869
-18.003102
-18.416152
-28.381218
-20.694522
-2.365974
-11.599475
-19.289054
-11.312045
-16.986274
-13.281878
-19.755983
-7.217176
-10.708799
-16.380287
-17.771444
-10.409253
-7.819696
-7.205860
-9.369708
-13.282749
-16.169766
-0.382662
-4.759464
-16.939064
-11.119881
-2.554191
-20.054866
-24.026431
-9.578196
-9.017464
-16.440212
-6.998307
-30.667222
-17.122547
-15.629435
-9.916831
-11.168903
-0.083750
-16.316186
-18.457019
-11.362619
-10.642801
-0.614316
-19.446576
-14.614423
-12.901471
-10.353489
-5.520078
-13.347527
-19.375267
-18.200470
-10.435440
-24.162852
-21.985018
-6.401585
-8.383676
-1.146282
-18.491951
-2.655918
-1.128225
-14.292554
-3.124154
-2.743748
-15.601714
-12.107683
-6.006857
-1.328761
-8.334176
-5.444153
-23.223935
-17.059203
-14.484320
-17.454759
-16.001205
-13.337548
-12.448348
-11.259985
-4.673094
-14.125587
-16.476501
-35.745187
-10.993017
-18.714767
-5.455172
-18.381747
-17.307397
-19.044379
-2.552105
-11.982227
-9.943376
-12.514659
-14.199938
-11.786211
-18.969344
-13.905183
-0.305220
-7.603425
-10.213429
-12.411476
-0.253030
-13.707278
-16.059914
-18.312730
-5.966185
-14.676836
-10.018360
-4.183465
-8.850852
-20.288364
-22.942160
-4.510464
-15.173881
-9.131182
-20.252553
-10.512182
-3.367720
-7.733917
-21.599075
-12.221241
-6.999657
-15.687190
-3.203679
-10.638274
-10.833039
-14.037421
-7.321752
-11.034688
-8.689322
-9.576839
-12.626589
-3.056365
-23.781285
-0.701882
-18.947334
-9.879147
-21.306136
-14.301392
-24.426879
-10.245246
-20.698239
-17.047117
-13.324323
-14.170922
-13.849370
-2.168739
-14.303454
-7.635797
-31.131803
-16.650427
-10.841733
-12.846788
-22.119814
-13.039571
-16.714836
-11.849479
-17.892831
-9.335135
-16.044033
-13.489254
-1.593680
-5.976020
-16.975079
-13.687354
-22.820611
-15.844386
-13.973745
-20.350229
-11.880184
-3.938006
-10.574683
-9.720235
-6.121651
-12.750387
-19.150592
-0.389510
-4.137353
-14.752974
-19.869468
-18.217333
-15.889013
-20.943077
-12.868598
-15.305597
-3.824073
-17.408034
-2.040503
-9.186019
-13.901411
-13.397263
-16.185880
-21.759731
-9.454301
-21.752735
-18.877932
-4.771986
-4.150836
-20.074397
-30.229756
-14.955090
-3.939659
-1.154309
-21.010620
-3.312115
-10.473097
-9.140269
-0.727117
-14.932652
-17.073357
-16.172740
-14.314921
-17.361064
-22.735841
-5.425141
-17.137914
-8.194708
-9.850345
-26.067862
-9.382558
-13.516477
-16.255107
-21.948905
-11.978662
-26.798963
-3.945936
-9.265600
-0.088675
-13.999948
-14.183900
-2.760773
-5.732708
-11.834532
-2.392233
-1.899916
-24.506090
-12.035938
-19.898391
-9.605115
-11.807192
-17.531739
-6.928334
-14.127615
-15.606267
-2.544184
-0.533287
-21.390429
-6.144154
-16.842939
-19.635510
-3.174309
-11.650095
-14.126331
-14.186037
-18.069193
-4.571777
-8.435455
-10.633118
-13.456080
-14.314618
-11.357841
-11.551645
-20.630747
-9.973701
-11.322328
-12.130858
-14.231994
-18.962644
-13.343693
-12.752902
-15.305244
-17.639293
-13.946741
-18.417875
-10.974076
-13.561414
-11.227585
-17.502357
-3.151110
-10.976298
-14.413886
-10.754335
-10.109407
-12.549892
-18.287197
-15.181296
-23.025857
-27.049750
-0.313179
-19.312894
-10.559594
-7.340548
-23.743648
-8.567137
-11.283136
-3.239968
-0.546016
-7.687386
-22.489496
-11.023609
-20.172656
-4.710063
-22.452929
-9.160705
-13.821079
-26.028365
-0.001163
-17.437104
-17.682155
-10.128857
-26.802928
-2.620394
-10.385518
-13.439474
-23.452304
-15.817200
-22.184554
-24.692093
-5.783911
-6.525611
-13.995920
-29.156236
-0.044059
-8.011342
-23.984630
-14.254698
-1.758228
-7.019462
-15.785771
-25.351386
-1.730462
-10.636154
-20.949672
-3.131092
-12.463592
-0.831750
-15.385403
-3.005013
-18.107066
-1.162129
-2.778795
-19.371415
-22.985970
-9.385117
-6.646540
-2.457054
-12.958520
-4.597387
-4.598317
-22.521957
-15.527839
-2.538375
-9.239884
-18.863731
-12.932282
-0.694115
-16.072991
-11.602394
-5.590321
-12.275865
-0.734929
-22.596832
-22.315516
-13.246397
-14.154783
-22.584652
-19.912379
-9.950281
-22.293122
-14.529303
-12.983370
-27.879271
-6.591312
-13.308041
-3.940605
-14.752679
-9.141528
-29.058961
-12.835750
-11.687206
-18.617518
-9.131993
-11.655243
-7.964515
-6.281801
-2.388501
-18.726727
-7.184087
-14.137972
-3.505679
-24.772342
-18.229179
-7.801123
-19.465574
-30.590961
-7.538613
-1.946525
-0.366750
-24.234366
-11.601651
-12.892574
-9.899810
-9.742485
-12.489774
-8.575627
-12.972957
-17.365517
-5.455517
-13.249987
-5.309163
-14.693250
-11.599962
-14.198990
-17.597207
-1.817091
-12.791283
-12.937618
-4.877915
-30.361237
-19.748774
-22.300712
-8.821654
-3.742844
-10.858426
-3.580716
-12.922053
-10.826209
-10.326425
-1.738567
-13.047272
-12.273014
-17.698533
-6.357887
-15.782340
-15.499890
-1.860615
-15.804912
-27.342489
-9.651616
-10.962244
-23.937286
-17.025042
-12.300999
-4.148410
-4.270062
-17.218943
-13.232316
-7.008439
-19.131668
-12.853006
-8.131374
-13.803766
-31.500337
-4.954402
-5.893526
-30.447587
-17.931552
-6.068989
-15.830989
-12.262417
-1.885871
-14.396911
-13.160377
-5.008236
-8.315391
-12.513869
-22.789609
-11.241410
-15.009754
-19.923788
-8.611917
-23.649710
-4.896620
-20.113971
-3.652698
-10.251136
-14.891655
-17.192066
-10.265193
-4.219480
-18.723249
-24.969115
-21.040409
-16.529638
-3.341967
-7.754541
-14.491399
-12.558375
-18.403950
-3.966684
-12.468311
-13.570841
-12.525914
-10.927846
-7.374607
-15.739192
-12.631117
-11.284174
-23.357372
-1.477057
-0.564242
-8.728339
-10.942236
-18.587175
-21.839977
-17.231503
-17.210981
-5.786993
-5.285467
-6.530634
-14.594556
-8.560085
-4.056180
-2.391955
-10.493022
-16.981895
-6.664949
-9.558076
-9.533287
-7.758137
-13.187074
-21.899149
-17.628144
-14.071926
-17.178000
-4.435777
-19.718002
-9.175594
-14.760215
-26.192551
-20.594724
-2.187856
-16.728510
-6.963520
-9.986708
-18.227603
-13.647235
-8.742723
-15.693188
-13.872197
-12.635773
-1.254618
-2.788966
-14.356730
-10.592445
-8.779161
-5.921209
-15.939816
-13.668706
-13.909274
-13.940714
