-26.720375
-43.930595
-31.514802
-44.550575
-28.752301
-33.040267
-24.880176
-40.239245
-26.956812
-45.201216
-45.132844
-39.582037
-29.781266
-38.916268
-29.583385
-24.649892
-35.727997
-41.505485
-34.605883
-29.950232
-42.931134
-31.569615
-27.533945
-47.527972
-42.207005
-32.966338
-37.515263
-31.118808
-29.864744
-30.751070
-39.265099
-31.573242
-37.832632
-40.311656
-35.629376
-48.255951
-30.389101
-32.060649
-38.343203
-45.570460
-38.461654
-40.648428
-22.979269
-38.595965
-37.124041
-32.264735
-41.879830
-33.350011
-54.352061
-35.139523
-42.345349
-40.120049
-27.701220
-44.389434
-39.430896
-37.866654
-46.545369
-28.018278
-31.263584
-35.198397
-30.766540
-41.693701
-31.951276
-22.929327
-41.190595
-45.044774
-37.657165
-33.366169
-27.308209
-39.871725
-39.103954
-22.496596
-38.903429
-45.748248
-28.040248
-40.471652
-43.104129
-35.655081
-37.349589
-38.574179
-27.905726
-44.573373
-45.208734
-22.324969
-35.422085
-38.311143
-33.937765
-41.396343
-33.284313
-21.339450
-42.146884
-42.427712
-41.062969
-33.475259
-33.081056
-36.355813
-41.423388
-33.351828
-47.137690
-57.682188
-31.567311
-35.706171
-37.996117
-40.079435
-33.454905
-42.762505
-26.978797
-49.885624
-45.325165
-27.537543
-21.159512
-41.922308
-48.597289
-45.893208
-47.427600
-26.965041
-35.095417
-31.952134
-52.020966
-31.807195
-27.951179
-30.260582
-37.393451
-17.598051
-40.001511
-54.666442
-45.058638
-44.096047
-34.363616
-34.548835
-44.395992
-30.954517
-41.929383
-39.851890
-34.193241
-44.984086
-35.423817
-35.572534
-41.919108
-37.223150
-35.861507
-43.972685
-46.146012
-38.698885
-40.255837
-36.070052
-33.448826
-44.018770
-40.128579
-40.653510
-43.011061
-30.831249
-43.908316
-28.857922
-44.342220
-32.228146
-35.650865
-33.826817
-46.299533
-34.980959
-37.497686
-42.791536
-31.067807
-48.584655
-39.078326
-29.679202
-36.062408
-36.207217
-43.319593
-43.425975
-35.197480
-36.945724
-38.950365
-57.671532
-29.718869
-37.174549
-37.037524
-50.279776
-40.044992
-33.615619
-31.901557
-45.659664
-35.287873
-38.315973
-37.900134
-42.250117
-35.497781
-35.439927
-35.597426
-35.618135
-27.535891
-41.384781
-42.602348
-46.583415
-45.890471
-23.231790
-36.058375
-35.943078
-24.632475
-34.643594
-41.798894
-32.051599
-35.624799
-44.417264
-42.922372
-47.556634
-27.454960
-28.930877
-29.043579
-34.569956
-42.726614
-38.879885
-35.324089
-26.931512
-27.818414
-18.601046
-42.323178
-36.553148
-41.818796
-26.939430
-43.764001
-40.854297
-30.867783
-42.585206
-36.070588
-39.177129
-35.302843
-40.552701
-52.302591
-36.352107
-28.969845
-46.475113
-31.760455
-52.885122
-29.698611
-49.199849
-34.121374
-27.897650
-39.113089
-33.928935
-26.326862
-26.775125
-36.869498
-34.241571
-49.837897
-20.925238
-44.715279
-25.448493
-43.123143
-31.319612
-43.288443
-30.517350
-37.676115
-26.513938
-24.177178
-48.682284
-34.782548
-48.612342
-40.278635
-38.925958
-41.190220
-29.673959
-30.599970
-37.328447
-26.993858
-33.680381
-34.467898
-36.036118
-26.579524
-39.892312
-39.425074
-49.347625
-45.137656
-38.873600
-34.299749
-33.341242
-39.555676
-37.358831
-35.906679
-34.716126
-33.912368
-34.495004
-38.581821
-27.859649
-16.713379
-35.646368
-53.508939
-46.180812
-39.064761
-41.714839
-48.969301
-33.585019
-37.532390
-41.843558
-21.409795
-36.301964
-34.292121
-42.227548
-23.367324
-38.599095
-20.033583
-38.593611
-35.872820
-39.023173
-38.123132
-29.582623
-36.205546
-42.577319
-35.830374
-35.552765
-25.249965
-36.629076
-33.397337
-23.844692
-48.995041
-35.797584
-51.035227
-29.546223
-25.581291
-28.037620
-41.591347
-31.399622
-49.759146
-25.266772
-28.935593
-28.721153
-49.624807
-31.179829
-32.134474
-29.233117
-46.992577
-38.609395
-21.577886
-39.181613
-33.240092
-44.039438
-27.076669
-32.698721
-30.679767
-42.507623
-30.912895
-30.448782
-38.683422
-32.188814
-34.684507
-34.863257
-51.691717
-16.997651
-39.552975
-42.936080
-31.316752
-49.961553
-34.200475
-40.927317
-33.945402
-32.828639
-42.952974
-31.110065
-48.581569
-30.815355
-35.425690
-49.477885
-47.777179
-35.654144
-46.106827
-31.909876
-23.039197
-34.507562
-40.637075
-37.621435
-26.647500
-42.046763
-32.003271
-24.894348
-17.500076
-40.541318
-30.080032
-46.425310
-45.070138
-46.495256
-40.881156
-33.783634
-43.504585
-39.944889
-33.128552
-38.103767
-34.126597
-39.604782
-47.271457
-37.899505
-39.712062
-43.657149
-40.998766
-44.192115
-32.261773
-36.999290
-35.743231
-37.626628
-47.798970
-21.821338
-25.826984
-39.744713
-35.099360
-30.288910
-30.208944
-33.862810
-41.829863
-41.811508
-40.561577
-40.082650
-31.005795
-35.310543
-37.197455
-32.439383
-40.739848
-47.678032
-29.158218
-34.906839
-24.786796
-21.232438
-27.087113
-50.873927
-32.040559
-32.001052
-35.551907
-43.473972
-38.644226
-31.892450
-42.941796
-44.284798
-46.340303
-40.237658
-36.460811
-29.264564
-33.098602
-32.557791
-34.293258
-32.579812
-37.126358
-28.680518
-36.155995
-27.395370
-32.343467
-34.946625
-42.933641
-22.121152
-32.725043
-23.032537
-29.816461
-31.554125
-25.425414
-26.052498
-29.771399
-28.413716
-38.351611
-25.168466
-26.875026
-45.485624
-36.801055
-29.071793
-28.796040
-41.705555
-46.613198
-31.494369
-30.595757
-36.347229
-37.060137
-33.332069
-28.297571
-35.896868
-40.571301
-32.733672
-43.261948
-42.245101
-34.647589
-43.377698
-43.833528
-39.102817
-33.965986
-34.537347
-35.849958
-36.748003
-32.434339
-33.967774
-49.044953
-38.680971
-36.938619
-33.251891
-26.654270
-26.283134
-26.268922
-38.143706
-51.963981
-44.934393
-36.196895
-35.409904
-36.783475
-40.110389
-41.219189
-35.246339
-42.144103
-51.423839
-38.458790
-30.151345
-38.904331
-27.984866
-35.184847
-32.549911
-38.654712
-45.007114
-31.244973
-43.642000
-21.587239
-25.016943
-34.092216
-34.471035
-35.214236
-25.113977
-39.441809
-46.570368
-33.901278
-29.840010
-43.364204
-29.398843
-43.033489
-47.726801
-35.789788
-51.516741
-37.036734
-33.638152
-30.595348
-39.645390
-37.007903
-34.045997
-29.102993
-39.027699
-32.650313
-35.463300
-38.778588
-42.565739
-50.673269
-25.616820
-48.504494
-36.600632
-44.445366
-34.185406
-34.720744
-42.149493
-36.653710
-41.467213
-41.298601
-29.891962
-35.978089
-32.684775
-29.345339
-43.191947
-43.153371
-20.523864
-19.851389
-36.544422
-32.989201
-48.211073
-32.227320
-41.950792
-44.718908
-49.492533
-34.961153
-33.471896
-38.521236
-36.134501
-27.417085
-30.125088
-30.946206
-27.888391
-28.018769
-48.594417
-21.537178
-36.256504
-36.932961
-33.011189
-35.572789
-46.129212
-40.810372
-34.364005
-41.662876
-30.380412
-45.241390
-43.771085
-34.501398
-36.870500
-23.982861
-36.376912
-35.107565
-47.112367
-43.669316
-38.645902
-46.603602
-27.104169
-29.383648
-48.643345
-36.117251
-38.204413
-27.411228
-31.732927
-27.337505
-27.865214
-39.028460
-37.635739
-40.445056
-46.656499
-33.722725
-32.582991
-33.654135
-27.965026
-31.613917
-36.135316
-48.368183
-42.406486
-34.584202
-16.194167
-51.013775
-31.252468
-32.681637
-25.020143
-32.476957
-28.064504
-58.250829
-37.559764
-42.853443
-35.460515
-30.337359
-37.433228
-35.585323
-34.000292
-30.739560
-45.008816
-40.027338
-48.165497
-37.551895
-39.243537
-15.391911
-34.611473
-35.081544
-47.087449
-28.857155
-39.039073
-34.426941
-31.653375
-35.046146
-25.453555
-46.928700
-37.991091
-38.799262
-28.437612
-39.228429
-25.869364
-36.412143
-45.519596
-28.469334
-28.811721
-40.351922
-46.345215
-50.626149
-30.565995
-47.885280
-36.118130
-37.650056
-30.717422
-26.829025
-42.257149
-37.397320
-44.530429
-37.698116
-48.790672
-36.945208
-29.566486
-37.178969
-43.166287
-16.918272
-37.774676
-23.813073
-42.160347
-44.948462
-27.544883
-37.421689
-35.855193
-32.115507
-39.806595
-34.431933
-32.053800
-29.668024
-35.877273
-39.369420
-40.031131
-41.581520
-36.145298
-35.967898
-50.006449
-42.556573
-38.194505
-32.346045
-41.740632
-39.997390
-32.587554
-42.332110
-37.285006
-26.448734
-43.583939
-36.582496
-41.119351
-37.356668
-44.192133
-35.696560
-41.515492
-28.844420
-36.396803
-36.799960
-37.732376
-30.161276
-44.834584
-33.042060
-33.406678
-44.607070
-33.205900
-28.488862
-27.220918
-45.397511
-31.208553
-31.933268
-30.605716
-42.716109
-49.088258
-42.335249
-35.855538
-18.185447
-28.469246
-26.772237
-31.769685
-44.248692
-41.734473
-38.530696
-28.580853
-27.973217
-28.882450
-38.098505
-39.863237
-45.215913
-27.514954
-34.929927
-42.256638
-43.919844
-32.085576
-34.792395
-37.022647
-36.196562
-33.707306
-46.911859
-33.786765
-25.407452
-38.849445
-45.007510
-25.139842
-27.720506
-37.053060
-40.610042
-38.854054
-33.197441
-34.005857
-32.400413
-42.303430
-38.385982
-34.766490
-45.577436
-36.146884
-27.439806
-30.982443
-36.707000
-37.734204
-39.273450
-38.930455
-34.805235
-33.310808
-31.663311
-29.868073
-38.791208
-47.085698
-24.363289
-32.293571
-35.652749
-28.713393
-54.150539
-36.477301
-30.079951
-40.101817
-32.209175
-29.698105
-32.263832
-30.481136
-50.002249
-34.096296
-49.286772
-45.128426
-37.579593
-36.954352
-27.236144
-58.548349
-42.524885
-41.084936
-51.521013
-35.795459
-33.745409
-31.179298
-35.940773
-40.602189
-27.714902
-30.306865
-34.061074
-40.596840
-29.104893
-29.492481
-26.067546
-43.174864
-33.314707
-28.954213
-46.711217
-40.445457
-41.245451
-26.296627
-45.897545
-25.804537
-36.339031
-32.416479
-36.248245
-29.154278
-40.932979
-41.578153
-31.336140
-37.366854
-20.456320
-45.907611
-48.850021
-40.283374
-32.885450
-33.867550
-29.437664
-39.911732
-38.901902
-44.040617
-47.797409
-37.347218
-37.732535
-36.674632
-38.834090
-40.501202
-40.504613
-16.961833
-43.383230
-52.523189
-38.025355
-38.131653
-40.083099
-31.474859
-33.048100
-29.595792
-34.862703
-30.753731
-41.389831
-47.236447
-39.021749
-34.282282
-42.544206
-29.987336
-43.865261
-42.890394
-43.270496
-32.232789
-47.134651
-45.570393
-23.414071
-46.626272
-36.762033
-35.507178
-28.209386
-34.850566
-33.120904
-24.293319
-45.896779
-39.920703
-44.505320
-47.006594
-38.616244
-32.064127
-43.132470
-53.040914
-31.922104
-36.377741
-43.724997
-44.312397
-32.296666
-37.511539
-31.181201
-39.649233
-43.034674
-56.963952
-41.148565
-26.914602
-34.057018
-33.883511
-26.508985
-32.213193
-33.131104
-37.263348
-28.155526
-44.193837
-42.528159
-51.011954
-38.780586
-44.644044
-29.359455
-35.564106
-32.671654
-29.052175
-42.607515
-54.282396
-27.904787
-36.999784
-31.238215
-32.161576
-36.328494
-52.389542
-35.609879
-47.942768
-39.012232
-27.160855
-41.998256
-35.730102
-43.474984
-30.653708
-42.699501
-41.436615
-31.655366
-43.847295
-32.110746
-36.937549
-46.438411
-40.924213
-36.214917
-36.242874
-38.191899
-45.198971
-38.704540
-34.551855
-40.162691
-36.764940
-38.847631
-30.967080
-37.519593
-31.416802
-30.754649
-28.842092
-42.200364
-30.325200
-34.523316
-24.326772
-22.402827
-27.700611
-43.019203
-39.442133
-47.371102
-40.742212
-42.946502
-40.920600
-20.151092
-41.530392
-46.474508
-39.746145
-47.471782
-39.112979
-28.316823
-39.630564
-39.157873
-34.524053
-32.911147
-37.749112
-42.067978
-49.487102
-36.766867
-36.178031
-46.686813
-37.246493
-44.026256
-43.302997
-43.329048
-42.239411
-35.823374
-35.399001
-38.093717
-34.986863
-25.066609
-36.905074
-48.902938
-39.035007
-44.963751
-35.296920
-28.745564
-34.528721
-45.578906
-44.492040
-24.200425
-32.680775
-29.029465
-29.541152
-36.612633
-25.918227
-41.453409
-38.631658
-55.480483
-42.198775
-44.781949
-31.428522
-34.604240
-52.548331
-30.763727
-37.929524
-34.379331
-37.621740
-38.186016
-26.119317
-23.822180
-20.460583
-46.395305
-36.027151
-27.820439
-45.197118
-32.649769
-39.396701
-34.704335
-35.335543
-37.670843
-30.263665
-37.056049
-31.833829
-33.032176
-29.028865
-40.893719
-31.053918
-40.127304
-44.023729
-40.556294
-46.929898
-32.815113
-41.006792
-47.741434
-37.981431
-26.640901
-35.297233
-31.406571
-44.829353
-40.054052
-35.224618
-33.519207
-40.397230
-37.313201
-45.402050
-40.741815
-35.534229
-33.871906
-49.833813
-29.505383
-35.458960
-28.755471
-31.671081
-32.165756
-36.905793
-32.932837
-35.766484
-39.057807
-31.017590
-45.221599
-32.662043
-44.675259
-32.514690
-48.514485
-35.085544
-44.931266
-41.763668
-42.561954
-36.756465
-42.590894
-42.297284
-24.075158
-44.633933
-28.762071
-35.028635
-45.796817
-33.780677
-25.936952
-34.946468
-46.386791
-45.093459
-28.075334
-38.730216
-52.824375
-40.226336
-24.174058
-32.726376
