-0.492414
-2.486881
-0.837351
-1.362367
-5.177778
-0.704724
-2.938464
-1.090561
-3.549723
-2.438215
-0.343689
-3.738039
-0.752603
-0.700909
-3.430116
-0.810804
-6.849038
-0.260974
-4.916037
-0.579692
-1.553094
-0.964499
-3.336339
-2.879723
-0.984913
-0.003273
-2.508529
-0.371598
-2.258276
-0.050814
-1.673352
-5.789025
-0.976323
-0.233443
-0.189319
-0.891231
-1.241358
-0.566767
-1.796002
-10.767671
-0.643940
-2.764325
-2.307153
-1.466989
-1.492794
-1.336453
-1.160346
-0.146767
-0.418729
-1.505096
-3.917408
-0.854415
-1.000603
-4.153230
-3.602847
-2.437252
-3.286260
-4.063344
-0.513637
-4.597231
-2.049572
-2.044268
-2.510812
-3.000020
-4.147514
-2.133415
-0.431978
-1.280568
-0.565080
-2.688839
-1.031367
-1.712506
-1.690737
-1.661296
-0.100630
-0.342605
-1.914136
-3.817441
-2.133251
-2.459805
-0.377085
-0.833825
-1.890553
-2.254021
-0.159232
