-19.889155
-12.577062
-19.966778
-15.702246
-31.563914
-20.380675
-17.557010
-20.022220
-18.610596
-24.700772
-10.022916
-13.891167
-11.646011
-21.199949
-20.786236
-30.118283
-14.209318
-20.194171
-22.537808
-13.492768
-16.227421
-35.135288
-13.573479
-17.155197
-17.703183
-26.974539
-9.857845
-27.038411
-10.270794
-26.664132
-41.911895
-17.648344
-22.939971
-21.755786
-21.905325
-23.611501
-33.052557
-23.062942
-21.431229
-31.764803
-18.143192
-20.666554
-5.387575
-23.006660
-19.448943
-12.487026
-23.196809
-14.859393
-18.693520
-25.259938
-21.450330
-16.249327
-16.755471
-33.510849
-28.724590
-35.573964
-27.520250
-21.706061
-24.296706
-29.510296
-20.736508
-31.820445
-37.407241
-24.403170
-19.198836
-7.249354
-14.217314
-12.702650
-8.263137
-11.994980
-22.839872
-31.238058
-24.973334
-20.745015
-20.673625
-26.967495
-18.711388
-26.772879
-21.548442
-18.250282
-27.425569
-29.213382
-14.377845
-23.725173
-16.883680
-22.373019
-28.002954
-23.113792
-15.931750
-29.233291
-15.249520
-21.911419
-6.531548
-16.025296
-25.927657
-14.143682
-17.808673
-26.076824
-18.657169
-24.560958
-23.105697
-34.407364
-18.060846
-31.159740
-11.618723
-32.731082
-31.256224
-32.285698
-34.098897
-28.131830
-8.828988
-23.299599
-31.578419
-11.873882
-16.901794
-13.814867
-7.115065
-19.952296
-16.734996
-6.869408
-17.532503
-32.777961
-12.365116
-14.648127
-33.123513
-12.350752
-33.020368
-27.989813
-22.806980
-23.195042
-28.321029
-35.238045
-17.446698
-29.390334
-10.951830
-14.728001
-27.658578
-22.167573
-33.936320
-24.743633
-23.854397
-30.733567
-23.376686
-22.406063
-24.782920
-14.566063
-11.681791
-21.027924
-28.130834
-17.711987
-43.137747
-27.434110
-24.041526
-14.756788
-16.596642
-28.847462
-22.908399
-27.176711
-21.024533
-17.576867
-33.906143
-22.195631
-16.917265
-6.869961
-14.789252
-38.116079
-27.449083
-26.718736
-17.965008
-22.908740
-10.190419
-28.469683
-13.465416
-16.834426
-21.374134
-29.968279
-28.620057
-16.479580
-14.464121
-15.447675
-23.611209
-22.716811
-28.432971
-12.120493
-20.531412
-23.317685
-3.424974
-22.406610
-19.959404
-1.764961
-14.806103
-20.150976
-21.979266
-18.340691
-16.359878
-38.979792
-26.726057
-16.367207
-30.703229
-15.804237
-10.811314
-28.435206
-16.297806
-15.463053
-18.911913
-27.330164
-15.730765
-16.901058
-27.635885
-16.789197
-29.648877
-16.762795
-16.766284
-17.676283
-22.326665
-4.939573
-7.552659
-8.761045
-25.073809
-15.921379
-22.380492
-12.363637
-22.069684
-25.544042
-15.731415
-8.746396
-16.674485
-25.212789
-21.915944
-14.768958
-27.145153
-11.200538
-21.386784
-15.734884
-18.918125
-12.353027
-22.340303
-7.224814
-23.270897
-18.797624
-22.034064
-17.373938
-42.282488
-25.825005
-37.758668
-8.162864
-14.148225
-27.565850
-14.938644
-21.334189
-39.130105
-13.466344
-24.755849
-26.775354
-18.872157
-33.092812
-16.826630
-15.705288
-16.512861
-10.495466
-15.047315
-15.723458
-26.756800
-25.344042
-12.844898
-14.932435
-22.672913
-17.613448
-16.183652
-25.964841
-8.925960
-35.418911
-11.761440
-30.050814
-33.464382
-18.270473
-7.686093
-25.953245
-20.018355
-20.366554
-27.672246
-32.303346
-30.868619
-16.180745
-16.980880
-17.987956
-12.554804
-18.397159
-24.452826
-19.493723
-22.166561
-13.693737
-20.252320
-10.823305
-16.936937
-23.229610
-26.630995
-25.352211
-24.434480
-19.951876
-11.345299
-31.794158
-32.189753
-23.808170
-17.145547
-24.584229
-13.787935
-26.578150
-17.249124
-33.849220
-30.350685
-29.319927
-17.415861
-20.907773
-18.910382
-29.906393
-20.570513
-23.278887
-23.350783
-21.522880
-16.004011
-12.937449
-19.539070
-23.474506
-14.536434
-22.386087
-19.429618
-30.602496
-11.181367
-22.081898
-26.497605
-24.968364
-17.318285
-18.966605
-35.859911
-15.490294
-21.673293
-30.401374
-6.993755
-10.740616
-19.817430
-27.417681
-10.873717
-23.641452
-26.381106
-40.707845
-22.164325
-7.803398
-29.580356
-24.082945
-27.987348
-31.751344
-27.118302
-21.995406
-15.036300
-25.525631
-30.518459
-23.366165
-17.650340
-11.505959
-17.173149
-31.198915
-17.663075
-23.501765
-16.861585
-11.198249
-18.279967
-14.818071
-25.575339
-33.048997
-13.593863
-17.676885
-28.617345
-13.966106
-17.623957
-22.621844
-21.036375
-15.240073
-25.380143
-7.225224
-35.760318
-21.834224
-14.418644
-16.536856
-19.064766
-16.631832
-30.594843
-13.553360
-33.341466
-24.157236
-16.451791
-19.189307
-31.840541
-23.474194
-27.832834
-25.171906
-30.746769
-18.482487
-26.028676
-17.653606
-23.507777
-20.817823
-33.587775
-11.376742
-7.894298
-26.226642
-31.431750
-24.543292
-20.365893
-14.978810
-16.042846
-27.220257
-27.735577
-41.947415
-27.255955
-24.150839
-14.151141
-21.508573
-18.946876
-27.195263
-14.198060
-25.838292
-10.076353
-18.700244
-27.862436
-24.283161
-22.337069
-13.467694
-42.772180
-32.238591
-19.425398
-23.709258
-26.178097
-26.009515
-16.945088
-16.175196
-18.412740
-20.113341
-21.866626
-24.917457
-26.921577
-10.067834
-22.276551
-20.577076
-20.133276
-24.419606
-28.882331
-24.757461
-22.391825
-28.056840
-19.090018
-27.175341
-31.359908
-14.807747
-29.487182
-36.235231
-25.259816
-21.693209
-22.395521
-10.996887
-17.547203
-23.613242
-20.497526
-18.872026
-25.740513
-28.669867
-30.893619
-19.044749
-13.699052
-23.122412
-23.746907
-25.579720
-30.843827
-16.477380
-17.193680
-15.441479
-14.382933
-18.640200
-20.008070
-17.581245
-22.915439
-25.722490
-14.307274
-10.224808
-28.395233
-20.902269
-21.776767
-25.323708
-12.561660
-11.698074
-25.873740
-24.145496
-30.629790
-17.710376
-30.825200
-14.190920
-16.252320
-18.347859
-8.298054
-15.433758
-21.976391
-22.162254
-19.516905
-24.738744
-28.477028
-22.920711
-12.622729
-16.800728
-19.391318
-6.206481
-27.748495
-21.727125
-14.837717
-15.023272
-7.641761
-20.443418
-20.993077
-9.711398
-24.373002
-29.028120
-21.618486
-13.860706
-28.095311
-25.784284
-7.734404
-31.561287
-8.496137
-38.415455
-38.137959
-18.879874
-22.815321
-19.554654
-5.341498
-7.995189
-40.336224
-10.611108
-12.720263
-13.394086
-14.550062
-21.452764
-18.399708
-25.350655
-28.171805
-19.234724
-10.613458
-13.434746
-27.272407
-35.327241
-19.680514
-16.908403
-22.500895
-16.848529
-15.260474
-24.309648
-17.931830
-29.112706
-23.195207
-21.809877
-16.288833
-27.879946
-13.229488
-32.086641
-34.742994
-37.318498
-28.345462
-30.200775
-22.140518
-16.174189
-32.907454
-19.897581
-34.961571
-14.505856
-27.099932
-23.558893
-22.246935
-11.430647
-22.279069
-26.264340
-19.539939
-37.176352
-18.339254
-21.606108
-21.589877
-30.921218
-19.682231
-4.764411
-18.749915
-16.471573
-28.827151
-21.831644
-31.438452
-30.982634
-30.388227
-16.275126
-28.528611
-15.251336
-25.225390
-30.006951
-20.483535
-20.756202
-12.853285
-22.476568
-25.156128
-9.643941
-21.632840
-7.970082
-4.832145
-7.218036
-19.828850
-21.271075
-29.764272
-11.765994
-14.423357
-15.079119
-25.977152
-20.538042
-11.312345
-18.626757
-23.857069
-14.420851
-25.962845
-12.814299
-23.904219
-19.244966
-21.061823
-20.716475
-25.719772
-9.726236
-17.457262
-27.286810
-38.039224
-19.824502
-12.978429
-27.647938
-17.952780
-24.581067
-5.088040
-18.650779
-28.717315
-26.406899
-31.339907
-15.176372
-19.311092
-32.043608
-11.570897
-18.775316
-26.779735
-23.299507
-20.428525
-13.852048
-31.067292
-25.177907
-22.938677
-17.945840
-20.549364
-20.232888
-26.883041
-11.345354
-36.057957
-25.117773
-17.381782
-23.452941
-23.230786
-19.188852
-23.538871
-26.009896
-15.553891
-33.794159
-19.963536
-16.485578
-24.829054
-19.358493
-12.779189
-8.586170
-14.548752
-7.974906
-24.668108
-23.163049
-13.005029
-14.487326
-5.903368
-23.435960
-27.019219
-18.893824
-12.720798
-31.388725
-5.720363
-24.470576
-24.531306
-23.524525
-30.471710
-21.957887
-12.545523
-16.499268
-20.903983
-13.696100
-21.616787
-18.024850
-22.092957
-22.156774
-38.316399
-30.078074
-37.250190
-16.131142
-35.399223
-15.552978
-22.295349
-24.980762
-15.797022
-6.532783
-19.497228
-16.585279
-29.978131
-31.981399
-29.448799
-20.567137
-19.229508
-14.642390
-23.370140
-26.642369
-20.837976
-30.469932
-20.630669
-6.390081
-30.040274
-18.981134
-17.844930
-19.144386
-18.660931
-14.756589
-18.390564
-10.293002
-17.354372
-17.952091
-11.550798
-19.000134
-14.913687
-4.232164
-35.098228
-7.246809
-14.503792
-18.497779
-22.581780
-18.800126
-8.289856
-22.117257
-24.653478
-27.775469
-14.980544
-18.254251
-25.581313
-17.793826
-20.889753
-21.050327
-17.119265
-14.332381
-13.956445
-11.354367
-22.976743
-9.397216
-15.925620
-20.321856
-33.152247
-7.288525
-32.319872
-4.839675
-13.812838
-29.175606
-27.079716
-27.353161
-28.708752
-17.732020
-10.124046
-11.723352
-23.335571
-12.974146
-23.184136
-33.920530
-4.941645
-21.643712
-17.496690
-25.397435
-26.879123
-36.255503
-27.984253
-23.304914
-21.023232
-10.608686
-20.091154
-23.922881
-32.553942
-14.352853
-26.146251
-22.685254
-26.599972
-18.136782
-26.618413
-22.957787
-17.677858
-14.518352
-34.970927
-19.564823
-21.840791
-13.738883
-12.376905
-27.088280
-6.387176
-23.001039
-3.957677
-14.404451
-22.436003
-9.059358
-12.814841
-27.626500
-27.168189
