-181.395870
-164.065255
-166.059093
-121.724815
-189.238125
-162.514707
-180.740530
-173.858304
-153.831078
-167.071973
-148.913291
-174.684827
-177.017765
-152.859659
-155.619895
-134.787279
-153.592261
-164.314154
-147.202832
-168.584359
-118.373102
-126.936444
-168.320598
-110.386800
-171.208282
-158.174596
-153.014879
-192.884041
-160.152951
-156.232599
-164.587485
-156.907572
-185.402107
-176.059815
-161.094563
-157.300517
-168.488435
-168.836120
-149.126776
-159.607980
-158.340290
-146.771976
-153.940256
-160.287799
-123.533279
-122.017915
-129.527383
-142.478088
-158.448535
-133.654346
-154.239283
-176.159832
-126.154939
-136.966700
-111.278243
-166.762619
-156.774810
-141.150554
-187.139233
-152.296211
-161.776637
-148.323392
-128.253138
-164.676843
-166.579313
-162.801825
-156.104524
-121.989785
-131.424873
-142.594463
-155.867767
-167.314341
-145.146164
-164.259862
-149.170459
-141.839166
-179.501359
-144.340631
-170.655704
-133.361268
-179.555699
-119.414981
-171.344801
-181.743130
-149.738255
-147.569632
-131.627035
-143.217852
-146.823156
-173.287319
-115.194143
-131.318301
-118.245224
-137.692193
-148.468294
-181.418294
-131.461456
-191.132311
-182.861181
-112.169616
-128.802687
-181.117098
-107.066074
-187.785075
-154.071297
-111.839699
-140.144473
-165.514796
-152.844930
-141.598885
-125.021980
-118.747552
-167.144586
-176.466012
-122.352156
-143.762338
-142.426700
-156.347995
-155.934648
-202.104458
-155.424971
-140.082875
-150.188876
-115.384076
-123.012287
-123.903459
-161.685566
-141.391815
-149.989106
-183.241397
-182.189149
-138.328227
-185.992829
-179.826763
-145.335865
-137.698752
-153.424077
-180.809588
-132.650667
-163.656339
-207.880811
-141.627256
-128.852472
-143.242509
-116.257044
-141.054124
-109.922174
-159.125923
-132.686665
-176.986959
-161.557015
-137.276971
-119.831135
-184.134073
-148.207675
-153.022661
-163.905452
-157.439092
-187.375801
-127.807224
-197.961903
-183.804184
-171.068843
-123.471436
-159.963214
-191.063006
-143.468234
-183.621209
-159.113908
-135.646674
-166.651589
-112.655649
-174.616697
-178.523369
-185.687988
-145.355353
-145.702585
-158.351044
-164.447957
-179.980980
-183.909088
-157.412962
-166.501771
-163.958105
-124.398258
-168.511484
-123.884722
-180.532058
-164.359860
-164.347251
-183.764422
-151.375903
-152.763691
-166.834747
-155.010022
-142.283576
-154.266526
-146.833294
-146.547046
-128.849994
-147.952157
-172.104279
-119.059483
-162.824103
-119.294822
-161.298156
-172.938005
-212.041605
-142.927545
-156.489395
-178.621334
-137.692471
-153.661668
-140.360692
-131.901948
-147.955887
-180.733761
-158.044466
-118.036797
-134.983502
-141.854392
-145.764675
-168.059547
-166.680299
-196.147941
-170.734361
-134.997111
-121.205968
-152.388163
-171.236034
-154.461318
-156.263002
-143.614371
-177.706042
-150.441166
-159.372734
-136.444552
-127.196926
-158.599473
-188.112003
-125.147625
-182.086676
-140.782072
-143.333574
-141.537361
-144.448269
-186.402720
-171.939515
-197.566813
-194.046329
-158.459209
-134.308659
-159.974072
-151.919489
-139.227317
-147.601026
-118.625999
-163.469005
-167.120558
-181.129253
-173.568002
-144.797715
-174.976833
-191.235692
-133.841064
-142.792765
-162.564550
-118.317037
-134.113077
-149.362769
-149.068419
-153.270517
-193.558042
-122.438982
-141.620705
-188.893923
-152.272320
-132.916138
-199.915438
-108.810679
-142.619340
-155.375666
-149.694170
-157.355066
-158.730706
-125.930425
-171.575938
-150.089949
-132.807749
-148.955000
-195.842681
-131.978170
-147.124236
-163.622325
-158.450193
-146.490680
-161.964321
-137.599648
-135.196222
-163.474603
-157.744119
-158.005966
-103.814865
-124.618099
-172.173133
-182.318907
-166.898732
-181.742831
-150.622239
-144.860713
-149.309784
-139.628171
-180.791812
-157.439577
-123.971511
-159.654525
-158.996572
-165.664178
-177.808611
-126.763275
-159.826202
-191.204930
-122.287315
-138.928427
-171.309823
-148.877935
-139.828656
-119.037418
-154.014072
-158.963751
-195.233361
-118.686822
-124.134608
-138.781782
-146.427221
-150.629117
-148.797685
-166.133898
-130.594441
-171.136192
-139.566592
-136.878925
-156.748134
-154.005118
-136.982828
-175.948702
-118.050865
-177.114468
-125.921283
-171.122783
-174.562021
-195.755197
-177.728370
-148.020704
-150.354009
-153.540066
-192.016387
-159.931256
-161.454473
-116.674626
-131.103576
-164.207658
-126.620913
-122.319238
-159.696668
-148.624149
-158.418323
-135.240566
-143.041035
-160.715432
-139.684641
-178.197243
-156.889675
-153.738851
-178.845495
-118.567989
-160.316094
-162.384816
-158.021102
-167.625237
-165.787087
-126.349938
-170.084435
-166.613003
-159.471613
-135.987235
-181.933790
-147.434881
-219.261722
-166.062359
-172.471593
-167.361159
-182.800488
-130.468996
-126.081068
-157.927920
-163.038210
-207.893896
-150.153804
-161.003609
-130.812449
-131.053704
-200.649977
-147.197558
-161.426014
-136.503704
-155.028820
-109.397990
-171.362543
-135.747846
-154.122558
-155.195653
-147.081142
-147.524576
-157.899194
-148.574395
-93.318234
-167.840167
-156.225095
-140.333015
-192.599788
-146.880925
-182.334240
-138.817179
-159.696559
-180.265940
-161.997888
-122.754218
-176.620592
-159.097798
-160.345624
-158.243031
-137.727723
-129.999266
-123.465739
-126.378457
-169.609433
-169.169524
-161.574300
-171.829418
-183.393325
-151.078046
-118.786452
-185.864214
-177.124409
-176.043192
-171.524327
-133.025731
-138.046401
-147.137772
-201.383623
-145.336935
-139.075193
-158.195185
-129.145670
-157.262594
-150.670615
-166.374078
-203.056689
-150.322556
-114.937346
-176.233963
-130.687262
-116.870854
-121.422772
-132.531424
-158.401809
-112.975796
-172.922968
-173.558763
-101.746220
-141.178944
-141.126112
-119.956551
-147.403872
-110.101602
-167.944943
-190.693629
-184.942829
-134.926060
-155.772202
-165.832782
-151.514503
-153.069269
-133.886292
-160.697815
-125.551976
-169.813659
-164.288105
-166.615206
-141.497254
-161.394143
-176.914979
-184.440767
-144.878019
-134.936156
-166.800830
-155.225227
-129.831827
-161.440840
-135.282094
-211.464069
-147.533779
-183.314110
-142.101799
-170.974704
-172.348964
-138.386344
-170.893233
-185.712167
-162.476572
-152.062874
-168.199034
-149.773530
-183.828688
-136.986272
-141.395981
-127.250916
-164.972502
-147.147715
-147.605407
-159.128650
-133.044373
-151.815580
-145.881899
-114.296102
-169.529692
-167.673841
-193.642307
-147.757597
-144.364961
-170.821384
-109.819082
-140.947833
-170.951558
-121.766333
-174.121544
-144.836058
-174.023648
-129.824119
-170.212398
-161.574658
-136.170142
-185.260062
-144.590656
-172.950402
-182.454049
-163.985107
-180.793467
-138.922734
-111.871775
-129.111906
-129.727918
-165.608447
-147.785334
-125.556124
-119.140846
-106.638250
-154.519244
-143.207646
-170.891726
-177.799713
-119.664845
-167.803657
-140.764964
-138.267479
