-0.977847
-3.987550
-1.720864
-1.720891
-0.767423
-1.464745
-1.684078
-2.072259
-1.073050
-0.181982
-2.406624
-1.980374
-0.971782
-5.821447
-1.526211
-0.320004
-0.910610
-1.150469
-0.552093
-5.035220
-1.155936
-3.166285
-2.249828
-3.794158
-0.824697
-0.959158
-0.621279
-1.654611
-1.969896
-0.206095
-2.045316
-0.268687
-0.993950
-0.488738
-4.686599
-0.456809
-0.326372
-1.726030
-1.191103
-1.539390
-2.892390
-3.547866
-3.421008
-1.860064
-1.526711
-1.406332
-2.959012
-0.757653
-0.018739
-3.712804
-1.945300
-0.350142
-0.473864
-1.755730
-0.177188
-1.767320
-1.875532
-4.828099
-3.198629
-3.071175
-0.773503
-1.866050
-0.587209
-0.386363
-1.338206
-3.697022
-0.218838
-6.596790
-0.469877
-0.168155
-0.313164
-3.828539
-3.084940
-1.551056
-2.817315
-3.593093
-4.270088
-3.627008
-0.373570
-3.709658
-1.584576
-1.075191
-1.156758
-3.831909
-0.986349
-2.563996
-1.143675
-5.454097
-4.644072
-0.383630
-3.431914
-1.622865
-1.368787
-3.171101
-0.350928
-1.263148
-1.236129
-2.722639
-0.517559
-0.461967
-0.508545
-0.227159
-0.290017
-2.106296
-1.630063
-1.081314
-3.516103
-0.514902
-3.267725
-2.096224
-0.014135
-3.828637
