-0.025224
-0.001471
-0.005343
-0.003101
-0.000454
-0.009766
-0.000499
-0.139437
-0.065285
-0.062008
-0.003154
-0.000044
-0.001190
-0.021213
-0.000267
-0.016335
-0.000423
-0.000297
-0.002726
-0.002884
-0.019223
-0.000788
-0.000197
-0.041517
-0.000556
-0.002793
-0.007418
-0.000439
-0.000094
-0.000507
-0.000296
-0.000576
-0.001136
-0.003781
-0.000138
-0.012982
-0.001742
-0.006546
-0.000408
-0.003356
-0.005063
-0.000387
-0.129209
-0.003662
-0.000375
-0.118187
-0.005885
-0.000148
-0.002789
-0.018051
-0.008994
-0.073467
-0.001471
-0.001616
-0.108224
-0.004013
-0.000016
-0.000011
-0.000252
-0.000798
-0.000155
-0.007600
-0.000743
-0.000076
-0.186910
-0.000387
-0.000713
-0.000045
-0.000069
-0.000247
-0.002317
-0.023045
-0.000123
-0.004906
-0.002224
-0.000001
-0.004237
-0.000149
-0.000000
-0.000041
-0.000526
-0.000359
-0.001681
-0.000111
-0.004830
-0.002536
-0.000949
-0.000436
-0.000003
-0.002184
-0.006395
-0.000634
-0.023304
-0.002648
-0.000734
-0.002390
-0.003345
-0.000202
-0.120138
-0.002843
-0.033484
-0.000221
-0.000103
-0.000014
-0.000020
-0.000986
-0.000084
-0.003074
-0.008200
-0.000267
-0.000033
-0.000006
-0.046587
-0.032615
-0.000165
-0.000228
-0.000351
-0.000639
-0.000056
-0.007838
-0.008647
-0.001961
-0.015133
-0.000780
-0.004563
-0.000013
-0.000209
-0.008075
-0.000200
-0.068703
-0.001356
-0.007445
-0.005333
-0.013427
-0.024654
-0.000116
-0.000001
-0.004848
-0.026362
-0.027229
-0.000613
-0.002954
-0.000472
-0.000745
-0.014301
-0.000001
-0.006772
-0.008314
-0.001272
-0.008877
-0.002180
-0.000007
-0.004132
-0.002673
-0.002276
-0.006781
-0.024471
-0.000070
-0.016131
-0.140409
-0.000198
-0.000001
-0.002634
-0.000039
-0.001165
-0.000259
-0.004429
-0.001457
-0.026289
-0.001372
-0.000294
-0.000018
-0.003617
-0.003806
-0.000024
-0.010960
-0.000563
-0.001830
-0.002123
-0.000485
-0.001309
-0.000970
-0.126309
-0.001246
-0.000359
-0.003253
-0.018216
-0.003051
-0.000394
-0.008901
-0.004638
-0.000034
-0.023666
-0.000078
-0.000008
-0.000004
-0.001863
-0.053927
-0.000289
-0.006118
-0.000360
-0.000974
-0.004840
-0.000468
-0.005166
-0.054906
-0.000689
-0.005054
-0.000380
-0.000267
-0.001288
-0.027305
-0.042214
-0.001861
-0.023129
-0.000191
-0.027538
-0.004833
-0.004327
-0.000006
-0.000020
-0.001155
-0.043985
-0.000271
-0.015210
-0.000992
-0.000039
-0.000051
-0.000079
-0.001396
-0.000110
-0.000005
-0.000015
-0.000137
-0.004971
-0.000281
-0.028986
-0.007376
-0.000669
-0.000189
-0.009486
-0.093855
-0.000336
-0.018358
-0.000202
-0.029833
-0.000050
-0.040498
-0.101149
-0.001770
-0.031627
-0.000449
-0.001529
-0.000000
-0.002890
-0.000004
-0.000004
-0.002838
-0.216463
-0.005420
-0.000078
-0.001000
-0.000448
-0.001779
-0.001988
-0.010107
-0.001921
-0.002924
-0.026836
-0.024590
-0.001766
-0.007827
-0.001524
-0.000524
-0.004571
-0.000607
-0.000485
-0.000102
-0.000533
-0.001253
-0.064951
-0.030667
-0.004542
-0.000106
-0.001399
-0.002897
-0.001567
-0.000214
-0.000273
-0.000001
-0.003961
-0.000136
-0.001045
-0.011699
-0.000274
-0.000000
-0.119119
-0.024181
-0.000005
-0.002296
-0.000291
-0.008091
-0.001774
-0.051217
-0.083129
-0.015473
-0.000746
-0.000000
-0.000074
-0.000025
-0.006440
-0.000099
-0.000905
-0.000891
-0.000861
-0.061483
-0.142834
-0.023102
-0.000468
-0.012091
-0.005055
-0.000926
-0.032786
-0.001862
-0.008085
-0.014687
-0.016768
-0.007679
-0.001114
-0.000013
-0.011246
-0.000579
-0.054744
-0.007231
-0.001202
-0.000058
-0.009276
-0.035578
-0.019634
-0.009755
-0.000301
-0.000005
-0.001588
-0.031075
-0.001294
-0.103757
-0.000070
-0.000301
-0.000001
-0.000228
-0.001074
-0.000242
-0.000068
-0.000300
-0.000044
-0.000037
-0.000049
-0.000150
-0.013563
-0.001466
-0.063044
-0.017753
-0.014076
-0.000322
-0.002275
-0.000302
-0.002512
-0.000001
-0.002073
-0.006043
-0.000901
-0.007240
-0.029623
-0.000909
-0.001711
-0.000497
-0.000029
-0.015180
-0.001534
-0.006520
-0.001856
-0.000615
-0.000033
-0.001632
-0.009696
-0.025948
-0.000142
-0.000482
-0.000060
-0.025112
-0.000187
-0.020912
-0.001395
-0.002482
-0.000232
-0.002502
-0.001350
-0.000007
-0.000111
-0.051103
-0.001225
-0.000380
-0.003877
-0.001608
-0.000002
-0.000903
-0.007586
-0.010165
-0.040908
-0.003635
-0.000474
-0.000108
-0.003205
-0.109726
-0.002386
-0.000085
-0.005848
-0.000025
-0.000247
-0.000000
-0.000001
-0.000330
-0.005591
-0.000004
-0.002088
-0.000010
-0.005505
-0.005996
-0.000275
-0.022085
-0.181920
-0.001270
-0.003097
-0.000018
-0.000059
-0.001765
-0.006726
-0.000096
-0.000376
-0.000028
-0.000212
-0.001625
-0.001332
-0.000034
-0.000234
-0.000595
-0.000048
-0.001610
-0.001692
-0.000685
-0.002716
-0.007573
-0.006059
-0.000156
-0.003815
-0.000063
-0.000223
-0.000075
-0.011333
-0.000473
-0.000053
-0.000853
-0.007040
-0.037156
-0.025571
-0.000657
-0.001310
-0.000485
-0.003497
-0.000002
-0.056927
-0.000001
-0.003175
-0.005018
-0.011062
-0.000819
-0.000014
-0.008711
-0.010707
-0.000137
-0.005153
-0.000026
-0.014078
-0.013261
-0.003934
-0.003643
-0.000060
-0.004023
-0.017105
-0.000131
-0.000418
-0.000003
-0.000049
-0.000051
-0.005812
-0.000056
-0.028578
-0.000038
-0.004059
-0.009225
-0.000380
-0.000403
-0.007063
-0.001994
-0.004146
-0.045170
-0.008089
-0.001250
-0.223387
-0.022877
-0.000876
-0.007124
-0.000750
-0.016656
-0.000309
-0.001618
-0.003666
-0.001107
-0.000006
-0.040042
-0.000034
-0.000547
-0.001000
-0.000715
-0.001147
-0.000254
-0.000149
-0.021850
-0.079754
-0.042485
-0.018099
-0.002069
-0.000132
-0.000034
-0.040031
-0.009664
-0.000146
-0.007694
-0.000083
-0.000156
-0.056028
-0.000537
-0.009695
-0.004212
-0.000104
-0.010922
-0.015243
-0.001262
-0.002308
-0.000120
-0.000447
-0.001222
-0.002429
-0.001543
-0.000250
-0.000019
-0.001030
-0.017158
-0.001534
-0.003704
-0.000007
-0.002041
-0.011420
-0.319839
-0.000069
-0.001464
-0.000746
-0.001054
-0.003952
-0.001894
-0.037434
-0.004597
-0.000605
-0.093940
-0.000290
-0.006376
-0.000088
-0.000008
-0.000157
-0.001673
-0.000101
-0.000002
-0.000729
-0.000607
-0.009191
-0.035693
-0.000029
-0.000992
-0.000298
-0.000016
-0.000423
-0.002448
-0.003884
-0.004955
-0.097475
-0.000010
-0.001248
-0.000005
-0.040405
-0.000186
-0.028621
-0.001826
-0.001052
-0.000052
-0.002149
-0.000419
-0.000193
-0.034079
-0.000062
-0.003826
-0.061041
-0.000001
-0.004458
-0.059159
-0.001252
-0.016110
-0.001524
-0.000036
-0.000277
-0.009611
-0.025750
-0.001077
-0.000697
-0.000008
-0.002479
-0.007866
-0.000208
-0.004216
-0.007724
-0.132791
-0.129361
-0.000769
-0.000060
-0.000059
-0.010125
-0.002580
-0.004896
-0.000047
-0.002132
-0.023364
-0.026733
-0.000770
-0.001152
-0.012520
-0.000107
-0.000300
-0.001872
-0.094427
-0.008145
-0.002435
-0.004924
-0.001645
-0.000006
-0.011112
-0.003983
-0.009399
-0.029778
-0.007639
-0.011207
-0.003060
-0.000340
-0.090604
-0.000140
-0.001580
-0.000097
-0.000016
-0.000000
-0.024411
-0.000111
-0.037694
-0.007332
-0.011233
-0.014554
-0.001739
-0.005396
-0.000383
-0.003399
-0.183428
-0.001725
-0.000342
-0.000084
-0.000041
-0.021268
-0.001452
-0.000043
-0.001257
-0.000329
-0.040187
-0.000007
-0.025125
-0.000036
-0.000293
-0.000379
-0.000014
-0.003520
-0.001235
-0.012471
-0.013129
-0.002946
-0.008308
-0.035444
-0.002267
-0.000166
-0.000048
-0.062267
-0.000002
-0.000007
-0.002242
-0.054927
-0.001942
-0.000385
-0.004779
-0.004512
-0.000046
-0.003430
-0.001086
-0.075117
-0.002879
-0.026600
-0.000214
-0.000299
-0.000147
-0.013207
-0.084801
-0.008220
-0.101115
-0.002906
-0.032185
-0.000011
-0.000042
-0.000004
-0.002393
-0.001070
-0.001810
-0.067220
-0.005071
-0.011428
-0.034996
-0.029446
-0.279133
-0.030832
-0.014636
-0.000343
-0.000475
-0.012369
-0.000216
-0.012618
-0.000054
-0.000116
-0.000194
-0.034143
-0.000460
-0.000187
-0.009331
-0.177965
-0.143421
-0.000482
-0.000322
-0.001067
-0.017682
-0.000132
-0.000093
-0.014724
-0.000121
-0.000047
-0.000181
-0.023361
-0.000003
-0.008245
-0.000205
-0.000062
-0.000095
-0.000776
-0.002683
-0.000006
-0.004376
-0.011378
-0.000027
-0.000410
-0.000022
-0.000023
-0.023335
-0.000049
-0.000358
-0.000060
-0.001481
-0.000617
-0.000015
-0.000401
-0.031904
-0.000064
-0.017729
-0.012140
-0.003563
-0.018145
-0.001652
-0.002821
-0.000001
-0.037689
-0.040340
-0.000314
-0.000017
-0.066523
-0.000028
-0.009043
-0.003510
-0.000073
-0.000203
-0.023166
-0.000169
-0.000030
-0.012043
-0.000624
-0.007629
-0.234150
-0.000049
-0.000445
-0.000097
-0.001162
-0.001382
-0.000483
-0.153901
-0.002495
-0.002294
-0.002796
-0.000001
-0.002764
-0.000032
-0.000005
-0.000014
-0.016884
-0.027007
-0.000340
-0.000022
-0.000455
-0.000018
