-47.775893
-47.076796
-42.599869
-41.037515
-33.460641
-39.460108
-50.066557
-33.970160
-26.855705
-45.864863
-49.941554
-28.985049
-41.514988
-43.481779
-31.171279
-27.721424
-27.798005
-37.625748
-40.054832
-40.413092
-34.250262
-36.391691
-28.104688
-42.086091
-45.313303
-35.298289
-29.284517
-48.993966
-38.306211
-45.120905
-28.758047
-37.938051
-42.171450
-41.115586
-36.088021
-39.636659
-39.920933
-38.144967
-29.169835
-37.930411
-28.083019
-32.635145
-33.195523
-51.101242
-32.625438
-37.174624
-32.116439
-40.232075
-44.422039
-33.873917
-38.242493
-28.447573
-28.662778
-43.273293
-40.839610
-54.408063
-33.966054
-40.961895
-31.739577
-25.906123
-35.525178
-30.782278
-40.962872
-40.047710
-51.552348
-25.833823
-26.520734
-40.191897
-45.199953
-44.209202
-38.547613
-29.381770
-41.184836
-26.166811
-31.438596
-45.737622
-19.265665
-33.607146
-45.121732
-16.561547
-39.116323
-34.545650
-26.448583
-41.737213
-21.201309
-26.059014
-31.995855
-43.960437
-36.288345
-42.919190
-42.776190
-34.794285
-42.046065
-37.315887
-40.629192
-47.424600
-43.641182
-31.658370
-44.820429
-22.858544
-33.162921
-38.799227
-39.491904
-25.782597
-41.479996
-39.177873
-39.156313
-41.876258
-54.195097
-30.247709
-40.139302
-45.004107
-49.487389
-52.809043
-34.762351
-48.405256
-38.799462
-31.489503
-28.739188
-38.882984
-40.441935
-33.417300
-55.105918
-42.773203
-41.457336
-37.337480
-41.860136
-39.694286
-42.127111
-38.799434
-39.561022
-38.662928
-42.569499
-41.164545
-27.015529
-25.533040
-44.714703
-37.319076
-36.339285
-40.165667
-30.754909
-34.673648
-16.442945
-28.220476
-36.573554
-45.707911
-34.510331
-52.014107
-39.386311
-39.870110
-27.196767
-47.691769
-53.355559
-28.498642
-31.109358
-39.757580
-44.204336
-38.340739
-53.406427
-38.086406
-22.103155
-28.729607
-41.595733
-43.606548
-42.812200
-37.936444
-39.472682
-35.722665
-36.173840
-41.941276
-40.161158
-47.979386
-37.115100
-44.186832
-21.344828
-27.554781
-28.774151
-40.649855
-37.245501
-35.799799
-44.467794
-37.188709
-29.856349
-32.972951
-32.522177
-45.287211
-41.051105
-30.378767
-44.127889
-39.108392
-53.709503
-34.005051
-37.942535
-35.371431
-47.868207
-33.901408
-33.523233
-51.988387
-37.344666
-33.269360
-46.660650
-39.374170
-51.864919
-32.550920
-49.015315
-52.609652
-32.344054
-42.314823
-44.358586
-45.216059
-23.323916
-43.679524
-40.619303
-29.952494
-31.484413
-31.094189
-35.262580
-39.121053
-49.882201
-52.265654
-21.405650
-40.722161
-46.882325
-39.868413
-34.254652
-26.304285
-44.872422
-54.171065
-49.419327
-40.236616
-39.652697
-32.870023
-36.111557
-32.069467
-31.415811
-32.626358
-41.273737
-47.247038
-54.859830
-31.902827
-26.139783
-35.739408
-44.939058
-36.881161
-43.021781
-41.647056
-39.869576
-30.095312
-37.960149
-53.197310
-41.652339
-32.724450
-32.666929
-37.051282
-49.848234
-36.166250
-38.176861
-46.940463
-37.417101
-35.828631
-17.228061
-26.646022
-48.575033
-49.115021
-37.757505
-50.780558
-41.707210
-41.343365
-29.168496
-31.469623
-28.122807
-27.558396
-42.870548
-48.265632
-34.520850
-55.909871
-44.979907
-35.725984
-32.727396
-38.117113
-51.235282
-46.458129
-35.572165
-28.923367
-34.498602
-25.114968
-44.849535
-40.578658
-27.385005
-29.073688
-42.768142
-52.187544
-36.224281
-31.994180
-39.377324
-38.622184
-35.228407
-20.797765
-33.296103
-26.921733
-36.469413
-33.267369
-37.471045
-40.996651
-36.771372
-40.517399
-41.763469
-47.127194
-41.432803
-38.540528
-29.843586
-31.535582
-35.184487
-44.641543
-39.355555
-50.925571
-32.342751
-39.605945
-43.787788
-40.256281
-51.453198
-52.692758
-37.168129
-55.314997
-32.505409
-33.695046
-54.725131
-50.723472
-36.353523
-40.196190
-32.647268
-52.717111
-32.435767
-40.410854
-27.234002
-42.927170
-40.982878
-37.640353
-40.842122
-36.357890
-46.998685
-32.610860
-31.408963
-38.769366
-33.708326
-47.017632
-26.069570
-37.515229
-52.258128
-43.530892
-32.687635
-27.200848
-39.144666
-56.020066
-37.198505
-44.632731
-38.209757
-28.225060
-33.089524
-27.396073
-53.005968
-29.086999
-30.871628
-35.361358
-38.654694
-40.756273
-30.066223
-38.129784
-59.824050
-43.180335
-33.758023
-38.704476
-52.944179
-50.655134
-46.341268
-39.699180
-44.924309
-47.516602
-41.421912
-39.097558
-31.713412
-42.187438
-33.687036
-45.159854
-51.970731
-26.238269
-32.660796
-49.395859
-37.659845
-31.582328
-24.577550
-39.569515
-36.663891
-53.260087
-29.794657
-45.511340
-53.786726
-43.137967
-41.565848
-38.151227
-42.267890
-29.616324
-33.216618
-30.551214
-48.028360
-40.994569
-51.812735
-41.565322
-48.027308
-42.961810
-29.784897
-18.848344
-60.760131
-43.624884
-22.515821
-46.336907
-35.493079
-44.323090
-49.735495
-47.845804
-37.052214
-22.849874
-40.958074
-42.417669
-26.500323
-43.136170
-40.643117
-52.994125
-34.411511
-36.110897
-33.988433
-43.469139
-57.173635
-48.107748
-38.087094
-47.743556
-31.469273
-39.216105
-42.630867
-42.407823
-36.229974
-23.803616
-31.241685
-36.178041
-45.451874
-39.523233
-35.902265
-61.559258
-32.296798
-51.895123
-47.736585
-35.426356
-47.363304
-43.015526
-37.920546
-45.140903
-40.696106
-27.351418
-38.137081
-53.124100
-29.782593
-41.904330
-25.908884
-24.248749
-44.093748
-39.923834
-33.186698
-27.864706
-46.699399
-44.305277
-34.421193
-30.173792
-37.450032
-26.943171
-28.398784
-33.268022
-38.815844
-27.982495
-22.805743
-49.106488
-43.080071
-50.034444
-34.825869
-45.405908
-36.755743
-20.525702
-39.450808
-51.365023
-38.493392
-28.389549
-25.476626
-28.226160
-45.018930
-38.471147
-44.048508
-32.670793
-44.859012
-42.020854
-28.715832
-41.482323
-43.392552
-45.862569
-48.821896
-40.204687
-35.376415
-28.728367
-23.875215
-48.862456
-43.067255
-38.376922
-47.085824
-36.418164
-41.670969
-26.867574
-46.394225
-26.525571
-33.663217
-42.261667
-29.687709
-32.800026
-26.826358
-51.459342
-51.286572
-43.738660
-36.985410
-44.476161
-30.208289
-34.031886
-40.030370
-37.296487
-45.713636
-43.288080
-26.149741
-40.270538
-44.132691
-25.578103
-36.673613
-42.526066
-42.946572
-21.912898
-37.168904
-39.900320
-28.079957
-31.426541
-46.506063
-46.272011
-34.274042
-44.026283
-45.139677
-35.364578
-25.390683
-45.004098
-25.164711
-33.505589
-37.090215
-40.430753
-32.540932
-43.414057
-57.748832
-22.513600
-37.389238
-42.728192
-42.065576
-25.137387
-47.760983
-40.826914
-44.705746
-32.589133
-36.440598
-43.307819
-33.469096
-43.969711
-36.501297
-45.299684
-38.109440
-33.203400
-36.383067
-40.106309
-32.845941
-29.685564
-45.196559
-32.133027
-37.187153
-50.541247
-41.289236
-33.034808
-31.650693
-41.703377
-43.852855
-34.686112
-39.144494
-25.298529
-36.615202
-44.510554
-20.986609
-46.966758
-23.511878
-12.502088
-44.124728
-37.229298
-34.105941
-42.656855
-29.919876
-43.902345
-50.874998
-43.031198
-38.088819
-41.125923
-37.907395
-34.713724
-31.852146
-29.533477
-29.212874
-30.991421
-55.778633
-40.659640
-38.037035
-38.756020
-40.445580
-42.830248
-44.623563
-44.507768
-33.109661
-28.648237
-31.292641
-29.589731
-44.627121
-52.059936
-34.917249
-43.897919
-27.719524
-46.567463
-32.509568
-45.498580
-33.908998
-35.857846
-35.193219
-33.370449
-36.210856
-28.185267
-35.403392
-44.608894
-46.181871
-42.583134
-49.809567
-49.230073
-27.604306
-30.858457
-42.709429
-40.260716
-31.045312
-39.899020
-32.752113
-32.594992
-51.771758
-28.334708
-44.083634
-39.269049
-46.453468
-37.269568
-17.191806
-34.620225
-17.383234
-36.828582
-48.601037
-23.371329
-36.803756
-46.976959
-41.604748
-25.199470
-30.903007
-31.552183
-27.181659
-45.782842
-22.003141
-35.562832
-45.067422
-38.452752
-33.018665
-32.733898
-34.568368
-33.954364
-26.295103
-41.010363
-32.811500
-29.853482
-36.019394
-49.590382
-33.717454
-45.801248
-34.753561
-31.566283
-44.879509
-37.952753
-36.063035
-43.521211
-27.740922
-25.774160
-35.649928
-34.804722
-28.507513
-37.278375
-39.922901
-46.117631
-23.792637
-31.383864
-42.196018
-51.099330
-28.509621
-30.046287
-44.089110
-50.298311
-36.783606
-45.602902
-35.985354
-39.722336
-30.149420
-39.869084
-49.233250
-38.548263
-43.340950
-32.699030
-37.499160
-37.472545
-55.080689
-51.192220
-41.646745
-49.152213
-43.910380
-23.701094
-29.899707
-37.574260
-42.342299
-42.592798
-35.658983
-31.856890
-52.207018
-50.060687
-34.044757
-37.557666
-44.518435
-37.207817
-50.210449
-47.820800
-42.840621
-40.123785
-43.941921
-39.913365
-51.748549
-33.041365
-31.913650
-33.802093
-42.247803
-39.039582
-23.745718
-38.121557
-33.599723
-50.666553
-34.148101
-36.059474
-25.889339
-45.588210
-25.890912
-46.606375
-39.000465
-46.775548
-36.288702
-34.870602
-43.518875
-36.551942
-45.710937
-50.091740
-42.538896
-36.670148
-44.460493
-26.317155
-36.715301
-55.200955
-48.823915
-50.217710
-43.913622
-11.579403
-25.841297
-33.485495
-34.937985
-33.019761
-28.742122
-39.554896
-37.796890
-38.013692
-37.002433
-51.356527
-43.204857
-51.067850
-29.457867
-23.754483
-35.549315
-42.423941
-34.092725
-52.531902
-16.553441
-39.215418
-45.213085
-29.115493
-29.474002
-39.015498
-34.505416
-45.029246
-39.762418
-40.311537
-33.589295
-27.361283
-32.626007
-24.598245
-42.694376
-55.837747
-23.300545
-21.522516
-49.039240
-44.238112
-49.678283
-43.607319
-49.541072
-35.535652
-28.017995
-47.300730
-37.655022
-42.368243
-50.772232
-38.265654
-52.783573
-34.976634
-35.924482
-42.069819
-43.278320
-50.602040
-36.099361
-45.810410
-30.786271
-40.007960
-41.163301
-49.438693
-32.100913
-41.881103
-48.550275
-31.560117
-33.180857
-45.393810
-42.402197
-40.620375
-59.273293
-45.324234
-48.684824
-36.578452
-34.319942
-36.028808
-51.021752
-34.905072
-31.020920
-39.840859
-48.573360
-41.015967
-23.588566
-41.738282
-23.581894
-53.638994
-41.884993
-29.329879
-42.418645
-36.856316
-35.935407
-39.445899
-27.186391
-44.252764
-41.290953
-30.265021
-41.536300
-45.614171
-47.172569
-46.699479
-48.590908
-38.474742
-34.746307
-45.060465
-36.101324
-37.765563
-42.090532
-32.052789
-34.643807
-38.778590
-39.051009
-36.630722
-51.371954
-17.184160
-49.731429
-46.035148
-34.947743
-44.024810
-35.138921
-37.377909
-27.361697
-24.750339
-31.672302
-32.873689
-20.488521
-29.724668
-35.921882
-40.341381
-35.578623
-41.025651
-37.268379
-32.472154
-35.366850
-33.317594
-26.171437
-24.440022
-33.306475
-45.599238
-46.632509
-40.656853
-31.657726
-32.104926
-52.542408
-35.874838
-52.599878
-43.547184
-34.370864
-18.160389
-47.988555
-28.493049
-61.594672
-33.731255
-52.878862
-38.237815
-33.541500
-54.479085
-50.066714
-28.136848
-46.075926
-34.026487
-36.276509
-47.729400
-25.291307
-42.039215
-34.773203
-52.373943
-47.117050
-30.437914
-46.247944
-33.715998
-42.188527
-43.657417
-18.251168
-36.527405
-38.025504
-39.735640
-28.182839
-31.445301
-46.515595
-39.303216
-29.077387
-38.137874
-36.457213
-44.161688
-33.883540
-40.489003
-45.367465
-47.028253
-51.170979
-37.746050
-29.404895
-28.917566
-32.851545
-48.105649
-40.300472
-47.963284
-43.998134
-25.259591
-40.033659
-46.920998
-39.166050
-40.640710
-43.358425
-48.970737
-52.875007
