-280.971848
-252.355283
-284.438469
-241.999798
-245.107943
-246.596618
-262.818615
-267.152646
-238.849356
-245.600885
-296.205236
-268.504940
-245.198445
-233.196632
-280.710933
-281.499694
-254.127610
-233.052019
-254.292365
-261.655868
-271.889339
-232.024714
-264.594898
-264.033284
-266.458003
-250.757739
-231.885457
-265.132205
-237.403110
-252.119291
-236.307339
-215.027379
-278.476837
-247.894577
-242.926605
-278.330578
-245.799667
-258.515662
-258.051178
-240.326243
-240.369097
-270.483511
-261.353770
-263.303022
-250.759387
-239.076568
-260.407887
-252.696751
-221.475558
-279.415961
-284.869737
-251.852429
-227.983729
-239.427367
-248.151724
-244.574142
-213.958340
-237.873024
-254.153777
-236.929162
-261.025435
-237.479721
-257.633396
-243.555697
-260.381569
-266.846625
-216.632047
-285.122533
-235.557207
-229.705272
-258.049691
-249.246806
-264.258476
-258.744304
-245.653144
-266.160824
-265.963199
-247.855646
-245.013238
-233.274728
-234.044164
-286.595565
-270.554385
-260.945027
-242.320554
-272.317801
-224.072519
-212.397119
-268.012902
-239.602190
-244.308343
-265.305467
-246.374539
-260.553184
-231.542271
-297.519307
-275.836082
-223.606001
-240.645578
-252.231995
-218.894750
-229.934833
-244.673476
-294.299703
-275.657288
-272.682508
-235.114561
-279.533177
-304.636621
-263.931474
-228.978735
-213.562704
-269.099989
-263.563577
-254.675074
-267.155424
-275.096573
-244.938764
-226.687673
-236.549690
-265.708239
-222.279508
-263.361004
-243.938008
-272.135113
-258.727122
-250.840538
-225.704854
-269.806644
-223.909435
-256.567284
-251.892637
-268.519031
-224.478406
-228.467915
-243.792372
-268.950191
-233.013281
-236.426401
-242.503236
-239.384716
-259.025710
-270.200566
-235.990685
-274.604090
-237.261674
-253.998886
-251.740554
-296.968815
-228.987531
-238.931823
-234.582842
-249.532931
-274.475289
-238.400107
-257.494424
-229.147187
-279.607469
-289.408026
-301.063189
-274.303898
-233.135852
-246.191474
-265.617803
-268.600857
-221.983775
-239.184692
-245.751449
-236.426550
-300.230132
-252.231048
-231.947001
-253.160527
-238.918083
-260.795189
-251.964881
-248.336769
-240.668312
-257.512501
-257.764153
-264.176692
-292.447262
-261.360619
-226.006147
-253.249245
-236.159190
-224.110248
-234.059339
-268.452403
-235.690599
-247.575284
-254.508011
-289.341042
-247.409903
-202.999137
-263.663161
-264.997969
-248.738643
-258.824119
-241.389834
-281.733476
-235.123129
-266.496478
-251.685607
-281.513104
-229.122898
-244.653475
-250.960761
-273.672538
-246.046235
-259.269378
-259.796304
-236.781399
-244.356428
-239.689450
-278.899465
-248.743643
-288.906225
-262.582888
-273.398941
-240.869009
-240.397257
-231.013862
-249.391873
-233.954908
-266.043808
-237.695082
-261.887848
-251.911096
-223.953822
-254.845077
-256.958922
-263.005009
-234.457236
-234.736345
-261.189654
-253.569614
-299.228365
-232.474305
-259.735956
-265.765733
-299.795020
-264.743016
-269.074760
-216.086992
-264.843558
-264.956778
-224.693788
-263.128638
-274.057157
-267.950258
-242.606288
-246.382974
-228.342725
-270.974151
-224.227505
-250.967486
-265.459850
-237.034110
-256.196408
-249.025857
-206.343533
-244.996557
-274.225325
-246.524811
-267.826214
-259.361287
-221.648609
-236.328271
-264.819517
-247.080567
-260.065223
-305.257702
-223.535568
-290.488362
-231.380209
-279.042267
-275.356613
-260.710262
-230.832158
-237.140138
-254.405905
-224.346609
-282.572646
-246.523347
-237.641587
-235.910333
-244.234002
-255.965454
-231.648469
-259.469257
-247.770321
-294.292114
-247.272944
-236.440046
-241.030377
-291.677793
-228.822076
-241.095686
-266.585598
-256.875128
-281.848125
-227.000383
-230.737268
-216.814491
-219.571043
-231.069170
-234.884381
-225.415937
-246.276017
-259.396660
-267.934198
-256.868362
-228.278880
-306.308127
-226.674076
-257.107592
-258.694312
-265.961145
-254.047350
-298.520147
-273.405814
-246.555617
-232.559757
-256.525892
-241.302618
-253.829595
-223.486713
-280.615548
-284.840682
-253.979649
-242.294316
-245.459962
-238.218113
-235.827906
-282.005411
-240.074341
-256.280637
-256.776721
-259.001071
-278.673490
-246.160244
-236.235794
-273.228336
-288.055011
-295.934960
-289.692830
-248.787055
-268.563887
-218.180027
-231.548638
-215.439591
-234.823504
-230.783054
-277.631517
-257.343580
-251.623590
-244.799836
-254.202205
-244.622625
-242.983050
-232.518179
-291.847316
-246.154349
-243.828005
-262.913825
-262.408708
-292.968334
-248.265644
-255.604329
-267.080788
-271.948493
-267.159390
-225.783370
-236.685059
-272.505241
-274.015513
-240.605576
-259.433032
-194.206201
-272.496432
-256.905675
-232.131185
-275.845071
-245.558547
-274.983162
-249.390064
-271.208568
-252.015110
-220.706839
-256.516746
-240.910734
-255.633809
-250.373954
-251.209895
-263.702968
-267.090522
-252.696301
-268.155426
-258.060487
-279.402005
-247.496495
-288.328573
-270.877714
-252.256093
-250.835107
-249.417255
-244.832203
-238.152448
-280.785030
-232.921755
-239.731671
-253.845930
-268.144777
-258.605064
-289.286263
-236.070179
-219.865128
-287.176065
-249.521201
-240.934272
-262.812210
-235.386487
-272.978183
-266.545482
-266.757283
-291.398548
-251.454150
-256.991613
-267.655969
-239.386080
-246.840513
-250.013011
-261.019386
-257.388867
-208.270366
-235.398289
-249.081080
-243.295792
-258.043725
-275.660564
-256.664717
-255.562863
-240.077628
-243.986157
-284.576416
-238.906744
-202.948242
-255.475347
-247.195514
-310.754397
-265.695406
-272.448469
-217.902550
-214.865576
-211.971995
-267.686190
-280.394162
-278.598780
-250.144047
-255.720433
-224.844538
-229.709354
-274.053825
-233.623990
-243.779719
-267.309368
-262.846144
-261.194435
-288.540091
-234.985982
-239.346785
-254.145496
-227.962412
-215.094475
-249.274278
-234.011738
-261.417816
-260.485452
-228.805965
-249.454767
-249.883662
-239.631054
-226.589478
-221.722103
-258.978918
-233.567083
-263.119312
-301.374061
-244.527099
-253.087710
-233.234143
-276.802156
-263.038951
-232.322072
-261.281957
-248.827989
-255.176300
-292.827125
-255.024152
-269.839197
-251.578614
-261.935848
-236.190662
-240.628105
-283.087820
-296.757596
-225.044976
-276.926393
-297.759770
-220.796232
-237.618773
-257.132281
-252.430931
-303.018131
-241.946489
-214.422213
-264.000266
-270.261317
-267.605239
-250.492719
-233.484893
-256.111174
-221.651463
-234.166191
-286.629537
-261.771459
-301.907225
-255.811298
-244.857656
-275.432223
-267.927749
-240.047867
-274.784490
-257.465834
-252.139898
-261.131735
-243.262749
-253.087946
-219.971052
-241.738950
-263.932392
-260.460918
-255.987490
-263.131171
-255.801242
-268.794177
-292.348778
-255.744025
-272.146782
-254.916797
-274.347939
-277.926412
-261.308424
-252.393789
-287.388359
-293.607906
-262.877677
-252.032522
-260.954449
-239.396656
-250.991061
-239.964661
-250.584447
-244.840040
-257.580510
-278.894553
-243.464235
-224.851296
-262.773358
-229.857693
-262.730002
-212.550502
-238.103890
-246.937505
-237.292793
-228.257734
-279.024247
-261.821577
-251.234354
-202.980990
-259.460057
-268.030482
-271.303788
-225.361892
-283.348428
-283.247826
-228.618474
-263.079010
-254.485964
-262.413740
-243.269041
-264.967816
-250.230772
-222.416084
-287.622834
-243.716032
-256.656734
-289.519318
-228.226956
-245.956454
-232.303770
-252.206269
-270.253783
-225.902296
-246.183510
-233.302954
-222.695284
-265.740197
-276.747907
-219.162903
-277.912372
-297.350858
-259.485597
-229.052294
-242.490443
-296.610882
-257.072283
-296.635463
-216.510041
-248.531564
-288.189798
-237.822378
-261.892200
-220.445694
-233.401385
-217.289742
-244.177303
-284.866968
-227.165361
-239.841092
-265.891101
-285.007726
-232.328189
-273.333952
-242.408053
-241.094359
-260.193052
-222.864217
-249.427321
-255.063473
-265.792959
-255.643146
-259.434186
-246.395549
-219.744760
-245.296802
-256.537315
-239.484819
-291.902096
-249.616754
-222.711423
-244.046456
-282.878011
-256.183451
-269.693940
-270.998673
-231.515666
-246.839589
-275.347866
-254.390725
-304.797064
-278.200508
-231.559449
-265.457101
-265.977288
-238.685726
-227.669422
-256.564473
-229.672456
-247.098593
-245.583131
-267.774223
-254.254412
-247.558121
-260.904323
-247.204237
-277.146031
-277.476578
-255.717521
-255.301229
-248.440816
-250.058749
-218.942681
-277.138708
-263.433650
-237.970839
-250.786995
-247.671892
-273.659051
-216.171963
-274.054992
-272.289486
-272.307087
-254.866595
-225.259294
-253.169965
-287.313324
-202.237944
-274.825052
-282.479098
-264.478620
-234.736018
-247.461150
-245.769863
-235.762209
-250.307529
-230.620603
-288.096096
-243.842017
-260.523460
-277.264473
-282.708012
-243.616759
-215.456642
-249.056607
-311.423278
-213.139535
-259.576200
-236.733688
-252.714462
-247.528991
-278.050859
-236.465993
-233.678900
-255.165747
-251.542602
-252.451811
-292.552173
-256.231485
-245.166288
-270.992798
-256.370617
-255.043195
-246.700817
-233.260778
-215.211757
-249.692144
-252.535256
-265.002800
-231.005955
-248.135436
-266.626056
-238.845572
-266.930765
-260.624844
-258.383549
-242.973194
-261.967408
-223.136640
-230.911903
-266.124856
-268.021954
-233.784536
-249.599736
-274.020380
-258.647836
-224.785642
-248.376446
-227.325305
-228.100263
-250.074622
-246.403806
-270.602973
-234.345405
