-19.362776
-21.911511
-23.571268
-23.718132
-19.449211
-20.360036
-26.605364
-25.517100
-32.769025
-23.160316
-15.928599
-35.270670
-33.798840
-29.707486
-14.025540
-18.333006
-30.104186
-17.785074
-13.606025
-19.250266
-29.863396
-27.535262
-21.396844
-24.465578
-24.797336
-24.581854
-41.457217
-26.816626
-27.630209
-22.433653
-21.852498
-21.077831
-19.896995
-17.232325
-23.500354
-25.290456
-25.515318
-31.606865
-21.362370
-31.464155
-33.725427
-22.279111
-22.963082
-42.975531
-19.350266
-22.924397
-23.021477
-28.428724
-31.270288
-27.092750
-25.337683
-13.135831
-29.818262
-22.586193
-17.687224
-24.289869
-26.883418
-12.239676
-41.479775
-20.942637
-21.999454
-23.491143
-25.107259
-46.039701
-27.296329
-16.974358
-23.151519
-26.455583
-25.238917
-16.673594
-28.069409
-22.356731
-20.700898
-31.423459
-17.308325
-34.412756
-42.460988
-27.794990
-26.202422
-22.944884
-19.513491
-27.476677
-18.187623
-37.407917
-19.405283
-30.403632
-26.881883
-27.864795
-21.137865
-25.556058
-31.061687
-41.583305
-17.444187
-29.680779
-20.588915
-22.298211
-27.010816
-20.566391
-21.743341
-29.803757
-31.805303
-50.382405
-26.671698
-18.606141
-36.972055
-24.920185
-28.380969
-18.511662
-15.645120
-15.327609
-20.773591
-36.717911
-22.917790
-34.299396
-14.463263
-22.431488
-25.361509
-27.684691
-30.745556
-36.951845
-21.964479
-26.013265
-20.705320
-17.541363
-16.843819
-29.276056
-13.817359
-24.203889
-33.774142
-21.366390
-23.287392
-41.764102
-21.573503
-24.787257
-14.522922
-22.169929
-21.705603
-20.469398
-31.555479
-32.819981
-39.843805
-21.253229
-23.156526
-31.194403
-32.079199
-21.979540
-15.211954
-24.947463
-20.377488
-21.327263
-23.441769
-32.554140
-29.655991
-27.300512
-12.526518
-45.419308
-24.128954
-21.668876
-29.151117
-24.386588
-25.416545
-25.447049
-31.873821
-31.495563
-19.370256
-22.719381
-24.540880
-18.604098
-19.652819
-12.467600
-22.676176
-30.325867
-19.326406
-21.804125
-51.228537
-34.876039
-16.667888
-28.285676
-26.649323
-16.398331
-22.080705
-19.725579
-18.759665
-44.380250
-35.001334
-23.671039
-36.566314
-23.387942
-29.779178
-25.558966
-22.454108
-26.941897
-16.862204
-19.124080
-20.097004
-13.067864
-31.723317
-38.399204
-28.327382
-21.647853
-46.945411
-29.587837
-36.323756
-33.645820
-34.727043
-23.162786
-37.823804
-22.815129
-21.371736
-20.307510
-16.215893
-14.307220
-26.337263
-34.822825
-20.200816
-27.675640
-29.216449
-17.020844
-27.088311
-25.789351
-29.877374
-31.830329
-31.607824
-18.693207
-17.488969
-35.135476
-50.036236
-25.186580
-21.799585
-18.092203
-22.256760
-41.606459
-27.598909
-32.082564
-26.899876
-29.288211
-28.437383
-28.599902
-17.817441
-49.401033
-25.458716
-37.198506
-23.272237
-24.459450
-25.538139
-34.460564
-32.990560
-36.886533
-39.200842
-37.528878
-22.310611
-23.052668
-19.547033
-15.841696
-35.029060
-27.806646
-28.503224
-15.167643
-37.810791
-36.891642
-25.664206
-41.874116
-41.428040
-21.898595
-30.959203
-29.829823
-20.048508
-32.417059
-40.682445
-36.503636
-17.006921
-31.724167
-29.317954
-43.636575
-34.889775
-28.192705
-23.822977
-22.721972
-16.435905
-9.905207
-20.281860
-22.881248
-19.146474
-41.607609
-25.557638
-17.063143
-26.436185
-38.672861
-17.832597
-30.916858
-18.768659
-15.210689
-21.329274
-18.646350
-23.492834
-34.009533
-22.672990
-19.228629
-44.020804
-19.905389
-39.628506
-32.447483
-15.794531
-22.529415
-23.502700
-25.796293
-26.202885
-26.565097
-30.404786
-13.038856
-30.791675
-22.106957
-26.946534
-37.582669
-28.851912
-27.320279
-19.606506
-20.464927
-32.390843
-40.950248
-26.470773
-15.637787
-36.043527
-39.178939
-25.302289
-30.901427
-36.217241
-22.861201
-24.921666
-29.758791
-21.809752
-25.408203
-31.733247
-36.358059
-22.971240
-39.300432
-28.996611
-30.212552
-25.859694
-17.080211
-36.074531
-22.445672
-52.180539
-35.847983
-31.477406
-24.782772
-21.348378
-34.963855
-17.334066
-23.079476
-39.649507
-32.769491
-47.980687
-20.508064
-19.976412
-28.199088
-47.488971
-35.444425
-19.881798
-36.740343
-37.395273
-35.828247
-27.156533
-29.090150
-40.468207
-34.770242
-24.031325
-24.336128
-14.000717
-27.130406
-22.058454
-26.997796
-38.659866
-18.115117
-34.999965
-34.111343
-24.694377
-44.233560
-30.487704
-28.942890
-41.120745
-16.778975
-47.972969
-29.898157
-28.134887
-17.563417
-25.880116
-22.875108
-31.204892
-19.930070
-26.952387
-19.056458
-28.620645
-23.861014
-11.130981
-36.346651
-31.371535
-22.520064
-19.296672
-28.944004
-35.624042
-40.396889
-21.454409
-16.847435
-16.748883
-24.882547
-14.932208
-38.609154
-16.573773
-40.191091
-27.355330
-28.698844
-18.118984
-28.793391
-47.405382
-24.252221
-22.740087
-17.508281
-27.161593
-14.451674
-19.060153
-27.181774
-26.733286
-21.149524
-40.484781
-17.578337
-26.475286
-21.838883
-22.380072
-29.093818
-24.646486
-34.435266
-27.151386
-18.424381
-28.144055
-25.074304
-25.567604
-27.174907
-17.476651
-27.090368
-27.729161
-24.267657
-32.513676
-19.921783
-20.066771
-30.793931
-43.500905
-20.259709
-22.301811
-25.007299
-17.660454
-38.077332
-21.986212
-21.470976
-19.106049
-23.146674
-24.981062
-24.254867
-24.517574
-21.014265
-22.452674
-35.761112
-32.305936
-18.896642
-31.736002
-32.467685
-39.771281
-21.700669
-29.152468
-26.402308
-24.491484
-31.863409
-24.784919
-27.518521
-22.173915
-34.426925
-22.223873
-30.695071
-31.708269
-28.981729
-36.145426
-28.953902
-32.088492
-32.281140
-20.521713
-39.103247
-16.227882
-22.578706
-30.877859
-40.993231
-28.489770
-26.225375
-35.892236
-27.467157
-19.086582
-45.738267
-20.319983
-22.990327
-29.275265
-29.888576
-28.508722
-28.751728
-41.586732
-15.428248
-25.333792
-35.096660
-31.955007
-27.220655
-17.929226
-16.341544
-26.929708
-40.101662
-25.363612
-18.141398
-35.615440
-42.578105
-48.790036
