-99.640127
-93.527794
-84.828008
-96.753226
-104.481813
-117.799481
-104.308288
-105.793483
-100.828015
-110.900367
-120.299927
-107.759884
-63.772401
-101.000284
-83.146469
-97.374306
-95.409146
-108.389110
-101.904025
-102.369525
-109.830041
-103.334575
-97.827973
-89.935064
-103.224537
-126.091409
-94.907479
-95.075204
-102.683184
-85.063413
-84.114150
-103.315918
-101.150124
-101.500010
-114.177696
-85.375224
-106.859204
-111.310737
-97.921300
-72.112982
-92.044393
-129.179494
-87.548883
-80.712463
-103.147976
-94.317792
-97.954480
-129.987155
-82.740380
-110.941626
-87.767288
-94.558672
-101.484991
-120.007728
-55.917001
-93.917529
-90.454640
-116.550829
-73.277485
-85.242061
-97.288599
-97.650550
-98.541241
-85.212138
-96.907522
-100.230971
-81.095719
-94.134281
-126.917281
-116.515846
-112.753233
-92.829970
-119.912984
-99.812082
-128.009362
-102.442648
-85.696601
-94.104061
-121.240711
-94.762225
-118.608809
-109.552861
-125.094586
-106.797329
-97.508048
-97.595445
-93.799417
-102.428764
-106.266587
-73.693221
-86.087950
-102.531945
-84.092702
-100.516691
-98.259280
-116.942425
-116.231657
-103.593314
-92.590570
-105.089755
-80.986424
-98.703436
-101.286820
-86.801458
-102.609060
-101.503835
-105.886652
-119.134288
-113.101128
-102.637497
-106.931773
-119.309773
-92.997200
-82.848601
-102.314890
-89.810671
-107.541525
-118.571242
-85.289292
-92.177957
-77.002973
-118.796604
-68.938797
-107.471133
-106.328982
-98.132035
-109.905182
-106.510712
-102.409391
-78.293068
-98.729086
-90.807491
-77.553196
-114.665563
-100.986239
-85.907684
-108.253755
-95.537391
-99.336582
-113.678272
-89.363241
-90.519701
-86.388236
-108.659800
-83.278548
-109.181598
-91.165234
-95.100445
-110.554474
-112.076008
-89.492956
-115.849347
-78.136290
-105.468434
-99.466925
-99.301696
-107.197709
-101.007492
-85.310746
-76.519258
-117.901948
-108.806261
-112.369450
-106.155721
-107.773483
-98.815357
-95.689113
-74.253251
-119.647822
-94.472782
-103.854954
-99.066652
-91.923547
-107.217035
-111.193742
-103.887282
-94.672015
-114.304466
-117.179088
-118.478066
-103.495670
-109.499763
-82.328515
-118.782490
-83.480831
-81.371342
-94.553243
-110.209977
-108.692174
-128.534537
-82.397059
-108.063411
-99.129317
-115.185275
-76.957104
-109.187966
-97.354650
-89.104200
-101.995898
-121.216738
-93.021385
-108.971604
-85.845833
-95.530320
-94.471936
-90.871329
-128.371155
-121.765897
-84.690977
-89.259978
-96.594815
-96.722443
-90.876954
-103.310002
-113.830866
-91.305718
-104.813621
-85.068149
-116.389368
-111.229344
-89.110846
-103.436464
-114.488534
-109.152830
-110.860282
-72.958800
-111.528015
-85.938982
-93.506225
-132.443691
-117.624067
-103.558726
-93.295139
-100.971885
-110.689664
-114.438543
-117.577585
-97.942376
-94.293703
-82.334533
-113.843918
-77.388518
-93.064461
-73.072909
-90.106191
-100.172033
-108.214550
-124.815504
-129.109330
-104.899679
-112.363082
-85.824246
-106.876225
-91.137706
-103.062417
-83.476024
-114.735131
-95.091770
-90.943429
-95.364674
-104.735793
-107.480867
-89.827026
-112.395622
-102.970606
-90.322052
-104.939597
-107.260146
-83.301984
-115.349986
-92.158859
-92.502469
-86.284946
-130.908859
-116.741919
-99.669213
-124.624427
-103.605038
-100.343121
-98.569601
-81.348357
-105.756823
-105.672631
-83.775397
-108.396099
-83.583457
-106.455568
-95.829604
-85.328447
-121.192655
-122.406919
-60.471910
-79.968648
-104.461530
-113.097404
-100.503050
-92.981873
-78.394922
-90.093137
-106.675833
-94.611694
-95.110520
-106.573642
-86.351090
-88.416590
-93.100501
-104.532486
-108.761864
-106.039142
-99.890852
-83.098056
-115.574241
-77.366717
-125.494898
-102.431979
-114.612808
-56.837068
-90.281884
-96.509964
-108.375913
-106.816336
-107.312585
-96.414653
-77.293157
-113.593274
-102.320181
-68.044098
-98.320503
-101.905191
-134.138569
-84.285911
-76.290567
-96.710183
-78.793648
-89.675709
-96.671150
-89.024326
-82.632635
-91.172577
-100.934045
-103.405428
-93.447268
-98.033663
-105.952114
-112.371158
-114.893671
-85.534040
-117.132141
-108.581232
-102.859141
-98.478592
-131.690921
-113.639865
-102.148894
-105.952147
-109.370741
-96.781539
-98.049425
-102.778227
-82.156660
-105.906601
-104.567124
-96.926907
-96.492980
-113.777630
-93.309957
-96.537933
-110.669669
-80.388219
-106.483714
-123.456171
-74.021796
-122.878635
-93.633060
-124.341737
-99.327141
-108.995607
-94.724035
-106.465292
-96.211500
-98.783055
-93.804799
-99.729157
-115.130603
-114.038407
-103.971557
-95.869075
-107.736345
-98.261294
-108.842254
-74.126055
-81.577430
-100.188203
-110.672932
-92.086639
-100.705495
-90.853639
-101.796235
-122.312594
-111.690537
-83.071039
-106.980528
-124.759908
-78.691106
-85.836464
-78.207520
-126.146327
-87.945250
-91.106714
-95.784131
-93.818762
-88.186180
-105.779403
-114.546706
-96.936862
-97.538554
-70.967260
-108.062350
-93.417779
-101.565960
-91.488474
-96.914852
-92.256481
-104.787691
-104.796283
-91.002260
-79.807343
-124.803176
-81.905103
-129.868680
-93.494159
-96.975516
-103.191616
-122.784212
-110.146414
-109.811858
-84.812400
-122.146764
-123.249343
-108.839117
-108.699044
-102.390189
-90.559085
-115.547606
-118.584094
-90.150922
-106.059727
-111.580703
-100.090824
-95.038267
-75.648195
-96.893625
-90.136031
-112.450062
-106.302716
-101.668737
-104.687317
-124.668056
-117.263113
-92.680428
-118.190456
-92.125460
-107.245828
-89.069505
-103.030079
-108.913891
-122.646551
-105.582542
-88.731378
-69.948929
-83.787698
-131.096740
-84.834538
-93.448783
-88.507930
-107.326803
-100.905244
-98.654887
-83.628941
-83.813852
-109.440128
-84.841136
-109.844696
-98.336717
-108.270517
-111.533562
-101.800009
-100.800881
-119.081156
-111.827304
-113.681401
-102.619957
-106.445963
-87.987766
-91.837453
-120.392644
-71.443235
-82.400308
-90.199445
-121.752772
-115.386036
-80.156892
-86.397471
-87.578143
-83.668620
-103.413307
-121.062641
-131.300653
-87.871871
-111.214082
-87.285556
-105.208505
-86.772099
-90.469462
-117.367369
-129.324963
-72.839126
-107.870622
-96.717721
-96.742887
-81.454799
-105.634018
-79.498077
-92.155964
-110.348051
-86.804313
-114.199342
-91.288016
-97.905279
-104.086900
-88.822200
-110.430928
-99.640033
-95.122500
-90.013909
-107.509312
-101.443653
-93.669043
-107.422199
-100.033022
-106.471854
-74.305265
-88.973595
-94.740092
-106.284011
-114.245835
-53.902965
-103.444409
-99.308567
-101.079037
-114.738421
-101.613253
-83.004008
-111.436223
-104.712664
-110.322728
-98.768522
-90.082230
-110.291532
-115.375770
-103.770749
-101.532914
-105.612689
-108.561536
-107.204029
-101.603636
-115.428938
-78.296127
-69.156089
-95.981265
-97.429390
-124.918272
-95.276858
-103.086599
-102.585136
-84.804046
-109.320997
-117.170648
-89.531499
-86.297673
-89.741041
-64.597008
-114.376555
-102.692332
-84.457428
-100.316973
-86.014588
-77.909294
-114.051191
-79.182308
-93.528600
-81.525364
-108.413019
-103.316429
-91.142944
-86.924704
-124.162265
-96.945352
-91.932037
-93.848668
-108.099371
-105.841887
-106.556839
-91.939511
-82.832566
-82.768417
-117.833771
-81.854244
-87.248534
-107.237537
-124.674653
-83.841454
-95.977897
-123.365063
-105.400015
-82.843401
-110.030587
-75.940351
-118.265604
-95.160225
-97.098706
-112.337331
-125.428425
-90.381178
-92.753830
-88.917082
-99.520820
-104.590435
-106.541508
-95.388914
-104.185361
-112.861243
-89.974827
-121.311930
-108.180558
-120.120694
-118.777776
-110.148399
-94.317361
-85.891821
-122.681037
-88.763297
-84.698584
-86.346252
-123.561082
-108.252047
-120.407943
-105.338005
-95.121488
-114.067295
-107.475624
-112.590256
-98.205121
-76.282455
-99.387397
-89.255983
-109.324573
-98.365967
-102.752026
-96.551082
-100.155085
-95.479437
-96.460437
-96.480801
-118.336430
-90.652949
-81.796936
-96.462162
-102.372550
-111.704077
-122.460181
-119.609249
-91.549825
-120.521046
-100.339746
-104.464428
-121.136964
-106.119509
-83.112471
-71.297069
-100.060828
-98.481436
-77.955020
-113.091042
-99.089304
-91.145315
-88.716633
-85.734278
-97.456093
-97.011346
-92.483345
-102.127317
-100.710654
-95.333816
-106.611796
-94.206342
-109.350045
-119.713137
-116.438259
-104.861428
-67.856599
-106.084786
-89.380991
-85.675294
-123.356884
-99.909312
-101.439283
-123.111889
-117.524574
-98.010967
-74.594855
-99.222029
-101.496189
-104.141677
-107.356073
-114.415876
-78.462729
-87.662085
-119.621942
-105.483537
-110.046770
-111.781361
-109.929923
-64.351690
-109.537132
-127.065189
-103.523396
-87.852967
-118.483048
-86.173756
-111.084100
-112.558967
-84.612061
-100.525354
-87.225088
-109.430816
-105.442365
-94.948569
-71.967664
-99.599140
-104.506737
-109.706985
-101.798594
-118.659478
-100.838112
-110.948447
-124.059270
-76.866417
-96.885838
-131.940440
-111.673838
-111.672918
-77.846822
-99.455439
-100.019198
-96.945604
-83.961727
-119.378038
-109.034633
-117.541088
-89.574637
-110.334164
-116.011945
-114.593935
-88.716066
-103.801407
-83.123871
-82.970651
-90.721261
-106.463147
-124.641535
-89.879672
-76.902614
-95.037616
-112.600076
-87.975771
-111.523303
-104.965436
-111.608019
-99.334316
-112.462817
-74.456205
-123.100045
-119.535475
-98.681650
-93.492709
-90.741084
-100.473169
-121.927322
-97.928064
-101.229977
-103.620153
-89.080902
-102.894216
-98.345349
-112.033857
-114.354792
-101.245043
-76.696656
-109.486529
-97.074756
-112.083645
-87.160000
-83.319650
-89.287294
-82.800558
-94.776326
-108.488082
-120.303265
-94.522352
-114.217688
-63.966480
-96.183488
-75.089188
-100.892311
-99.947711
-81.909100
-85.025065
-102.369153
-84.942792
-93.714704
-108.819972
-103.153180
-87.161306
-90.793203
-97.133180
-89.098401
-83.257088
-98.923978
-100.039352
-118.317545
-87.212211
-114.799742
-115.200381
-129.597535
-98.447062
-103.538683
-109.840594
-89.208043
-85.608857
-107.905740
-97.193455
-91.644478
-117.604946
-89.164351
-97.791318
-95.076284
-97.164245
-93.446775
-113.578891
-95.426100
-96.193198
-117.148805
-94.730729
-98.945080
-119.992015
-85.214751
-116.345983
-95.725047
-98.151320
-73.092700
-88.338940
-97.756102
-97.532808
-97.172029
-116.576705
-99.301267
-81.421225
-105.657891
-92.387371
-72.426712
-108.310205
-75.252713
-130.294804
-106.364174
-100.091393
-87.795528
-100.467066
-73.855846
-106.795747
-114.703341
-102.816769
-109.686275
-97.416869
-93.938217
-128.077360
-111.992312
-110.444110
-84.836228
-92.408929
-103.087780
-99.839254
-121.243810
-109.492468
-95.120647
-88.086048
-103.519080
-100.735689
-103.545679
-100.984004
-102.795229
-95.957088
-93.734047
-67.851533
-91.976965
-110.161600
-61.262526
-76.641141
-88.942154
-94.915512
-107.956465
-107.064507
-105.948591
-117.818381
-112.534303
-59.696767
-116.101533
-129.663561
-102.581125
-105.062391
-84.332847
-130.361107
-90.463878
-115.137069
-87.059279
-83.529024
-108.756912
-108.158873
-93.804616
-91.143073
-96.308225
-100.751006
-104.893784
-100.322634
-105.968162
-104.844113
-108.874460
-111.848370
-106.090459
-75.116914
-82.350441
-103.775624
-105.772780
-92.252914
-108.692862
-115.655659
-103.241710
-118.796041
-102.937136
-101.246317
-96.744965
-100.842180
-105.006141
-92.640025
-99.850038
-68.617258
-109.502548
-85.376840
-83.611005
-89.321616
-77.734320
-99.069103
-115.473560
-103.306337
-99.687613
-70.962406
-99.389647
-91.333798
-115.117582
