-3.142040
-2.427753
-4.483738
-3.301004
-1.009556
-0.438546
-0.699255
-0.458267
-1.915850
-2.944405
-0.428638
-0.192315
-3.083425
-1.067748
-0.280570
-2.917334
-0.363675
-1.002279
-0.735030
-3.163012
-0.090553
-1.620425
-0.879627
-2.771355
-1.750306
-1.598319
-1.366202
-0.744815
-0.983960
-1.729361
-1.918961
-0.778903
-0.320669
-2.603354
-1.109825
-0.468993
-0.099836
-0.995847
-0.903573
-2.715284
-0.122505
-1.113956
-0.359908
-0.029326
-0.136441
-3.612812
-1.201601
-2.643331
-3.255486
-0.051666
-1.574799
-1.845285
-1.548886
-1.321042
-1.314439
-0.274884
-1.814408
-0.381276
-2.856088
-2.097251
-4.055069
-2.873449
-0.099955
-0.363295
-2.459090
-0.902611
-0.747151
-1.125938
-2.672279
-1.803861
-3.943487
-0.539617
-1.962307
-1.703484
-1.280597
-2.200371
-1.996901
-1.635987
-0.459081
-0.473157
-1.229643
-1.744433
-2.248605
-0.070775
-0.776055
-1.444069
-0.872879
-0.136412
-0.770495
-0.636680
-2.929257
-1.417806
-1.677935
-5.274606
-1.029345
-0.566331
-1.268628
-5.819383
-1.587716
-0.039004
-2.068820
-3.269036
-0.344078
-0.262995
-1.593471
-2.985535
-1.200442
-1.169645
-4.354267
-1.800579
-2.010988
-1.482110
-1.786750
-1.870702
-0.998687
-1.971554
-2.232366
-2.192145
-2.445742
-0.916817
-0.373813
-0.798087
-0.408928
-0.295903
-0.954208
-1.868394
-1.788045
-2.333559
-1.700372
-2.470484
-3.080878
-0.518447
-0.995164
-0.894857
-0.794284
-0.232849
-3.488571
-2.998310
-2.487908
-1.123661
-0.417761
-1.315302
-1.670268
-1.138729
-2.074432
-2.560376
-1.033360
-1.653960
-0.506122
-1.084044
-2.971178
-1.737564
-0.433782
-0.318798
-0.317190
-2.260064
-1.114829
-0.291337
-0.067096
-1.086243
-1.827445
-2.384040
-1.708089
-0.016636
-2.392031
-1.629424
-0.551087
-2.996455
-0.217135
-0.126635
-0.967360
-1.174402
-3.366017
-1.487550
-4.064774
-0.285817
-1.127255
-0.931424
-0.812725
-1.614242
-2.974171
-0.931886
-1.604915
-0.552175
-0.046709
-0.363969
-0.626284
-8.444649
-1.337482
-2.357165
-2.990213
-0.187292
-4.038990
-0.454586
-0.190167
-2.051639
-0.609786
-4.027126
-1.208000
-0.354911
-1.507773
-0.112134
-0.345050
-1.498307
-0.787651
-1.277853
-1.886061
-0.694297
-1.464377
-1.476434
-2.300962
-3.186639
-0.889814
-0.131297
-1.836976
-3.044264
-1.087545
-1.280764
-3.396875
-4.067488
-0.708852
-1.806857
-1.905930
-1.000643
-0.266722
-0.427705
-0.241340
-1.641074
-2.804717
-2.407366
-2.217510
-4.793584
-3.937420
-0.771109
-0.469765
-1.472139
-4.187631
-0.287215
-1.546429
-4.959780
-0.829293
-4.191959
-5.179011
-0.175045
-2.748204
-0.741791
-2.134041
-0.149039
-0.492361
-0.691162
-1.687994
-2.767829
-0.362375
-0.659279
-0.262086
-2.160129
-1.517679
-0.572187
-4.720103
-0.994766
-1.245439
-0.897533
-0.923765
-4.806137
-1.765264
-3.667067
-6.301902
-2.075825
-0.453704
-0.492716
-2.713810
-0.140450
-5.423263
-1.646448
-1.141941
-0.889535
-4.263263
-0.364451
-2.274631
-0.323110
-0.299747
-0.385560
-1.068111
-2.848950
-0.704636
-1.362832
-0.431999
-1.366534
-0.443166
-1.000189
-0.338418
-4.185957
-0.005298
-0.240436
-2.188539
-3.396712
-1.883551
-1.130584
-1.921975
-0.917718
-0.910046
-1.488722
-4.337356
-6.788769
-1.276113
-1.242773
-2.145679
-0.058389
-0.226162
-0.145423
-1.970335
-0.418035
-0.678933
-1.136858
-1.182452
-3.441598
-6.667747
-2.594781
-2.752395
-0.705107
-0.993220
