-13.304651
-27.260551
-22.136426
-30.306012
-10.058018
-15.024390
-18.616415
-19.955912
-17.407861
-23.923857
-24.972338
-19.532955
-14.900537
-20.382818
-20.558342
-13.408537
-24.037330
-28.634522
-22.013033
-12.570741
-13.919151
-3.308085
-15.601279
-11.182782
-13.543452
-21.070421
-23.096161
-5.689622
-12.179433
-16.512910
-25.405961
-7.230781
-18.102833
-8.747583
-4.261453
-17.748462
-20.752793
-14.641412
-20.342706
-29.564475
-16.005710
-28.009760
-7.965245
-18.629951
-32.221679
-11.161702
-8.290862
-16.362057
-18.766563
-17.876266
-13.559916
-14.123047
-17.222215
-24.535115
-27.121073
-28.480651
-21.127996
-15.819629
-19.126677
-15.711680
-13.961598
-15.664109
-16.927603
-12.674774
-25.673595
-13.504247
-23.240566
-18.541668
-12.073672
-17.666600
-16.877991
-20.678927
-30.334022
-5.873973
-2.414839
-26.914375
-29.674701
-16.111353
-11.810345
-27.654495
-10.190246
-13.679341
-17.657823
-25.649331
-20.413450
-15.221468
-7.586201
-17.726605
-18.897843
-17.147252
-20.193046
-14.648494
-15.855153
-18.792815
-25.115016
-26.358214
-18.965437
-19.654203
-20.188954
-11.566747
-22.419220
-16.968097
-19.889511
-12.548425
-9.007236
-23.103924
-21.074646
-10.384393
-14.773019
-22.365086
-29.903787
-16.770289
-10.861166
-18.535590
-11.204020
-20.959770
-16.918004
-26.542687
-20.770529
-18.567073
-15.509957
-12.934832
-28.105679
-14.032281
-22.467427
-8.616081
-20.060310
-18.640645
-13.393924
-28.640692
-13.359212
-6.536395
-17.711041
-21.118170
-9.535154
-27.326576
-17.011951
-15.708558
-18.675059
-11.684845
-23.153062
-12.056899
-9.820423
-14.622608
-13.559635
-15.027860
-30.632264
-8.749471
-24.288501
-10.984141
-13.610690
-14.785195
-14.365130
-10.474755
-10.282515
-11.332856
-24.693092
-13.178329
-23.453981
-16.092228
-30.693163
-8.925724
-21.708957
-15.270366
-24.555237
-26.742135
-10.973705
-10.809922
-24.745348
-11.387023
-15.978992
-18.607334
-20.772740
-32.453000
-3.301307
-20.746877
-13.694865
-22.831620
-31.047502
-16.324786
-25.478021
-26.414793
-16.388764
-10.763184
-29.045719
-17.649152
-4.059468
-31.067872
-12.242060
-10.721322
-27.978531
-13.136898
-19.433605
-16.994124
-10.063068
-15.825053
-5.864472
-23.993691
-16.060107
-23.002860
-8.123050
-18.010527
-26.858807
-18.803657
-14.471328
-13.942444
-29.681948
-20.842255
-32.386771
-18.260295
-13.053648
-23.311731
-26.620684
-13.171866
-19.550465
-14.606051
-9.914943
-21.323530
-25.765837
-29.917783
-19.009935
-13.782372
-19.424632
-19.724678
-21.772111
-21.063397
-6.776589
-19.822403
-20.606592
-11.391548
-27.305193
-13.332232
-14.608625
-12.882888
-15.178091
-28.304881
-21.157960
-9.947753
-8.346321
-5.429203
-27.290974
-9.168973
-16.362965
-19.679890
-29.258439
-25.296374
-20.398845
-17.781006
-8.763833
-23.912438
-16.652923
-22.210305
-8.869758
-17.794730
-16.878849
-14.859587
-24.099519
-22.475608
-7.503396
-5.103868
-22.145544
-23.846295
-11.469751
-21.376027
-23.673928
-10.817535
-14.988082
-16.480552
-20.624558
-17.353152
-6.863897
-18.573748
-24.407102
-16.064952
-19.326884
-33.478724
-26.973553
-35.668596
-13.238772
-28.760410
-15.703977
-20.494047
-6.600738
-18.471333
-13.462200
-19.327438
-15.487013
-23.005792
-18.777134
-16.877832
-27.726041
-12.350513
-18.937325
-17.887776
-27.700904
-23.136567
-8.157366
-11.500595
-15.387245
-14.461525
-13.918740
-17.625246
-15.084115
-10.553400
-9.936673
-17.872791
-19.776853
-31.270860
-6.244679
-17.900577
-28.924423
-14.326989
-15.093127
-15.108982
-14.749846
-4.264379
-16.977001
-7.638476
-17.929821
-14.325061
-18.961984
-20.263864
-21.287696
-2.481106
-17.922466
-10.934578
-12.753308
-28.186878
-23.804998
-11.355277
-24.678615
-8.116851
-13.436436
-22.922535
-30.342512
-20.350091
-13.130516
-20.279985
-17.890084
-17.538906
-22.917598
-11.567000
-14.577160
-16.965327
-6.968222
-24.922574
-30.934857
-16.724399
-26.498076
-13.873530
-16.207349
-18.077496
-20.683217
-25.519172
-15.250182
-23.169364
-24.675698
-11.147792
-20.274173
-30.785609
-20.232248
-19.933502
-23.302418
-19.206344
-16.973145
-10.102497
-22.241679
-22.571172
-27.543298
-10.313334
-7.855837
-12.196369
-20.100076
-10.118029
-12.048480
-14.792336
-12.669722
-14.215598
-28.715915
-26.843167
-17.151253
-10.282081
-13.386002
-14.651287
-25.089649
-9.942599
-14.971235
-23.153022
-11.159883
-19.234680
-34.299191
-17.247240
-15.261632
-24.371114
-22.378674
-9.335856
-25.128417
-11.528538
-10.203801
-20.860221
-15.954674
-9.800384
-23.580528
-13.123101
-12.816113
-25.335718
-17.577612
-27.937339
-22.431834
-19.361857
-7.883891
-28.507336
-10.883101
-23.646073
-17.445387
-19.981309
-14.406048
-13.037128
-12.154263
-19.601852
-10.102412
-23.250099
-8.037124
-19.904346
-26.724998
-20.638615
-16.867465
-17.850733
-23.145001
-27.003156
-24.567252
-24.672362
-12.293382
-19.299487
-16.827536
-27.263825
-8.613884
-35.184667
-34.050217
-15.312117
-16.646985
-3.516747
-10.312072
-11.614054
-24.633415
-18.464598
-8.429857
-14.662854
-24.976937
-8.787233
-18.390416
-12.763638
-26.621818
-18.880212
-22.143362
-14.166945
-22.295648
-22.822069
-15.893317
-19.234962
-16.028192
-16.773018
-20.047316
-15.890925
-17.569436
-5.455441
-14.959241
-19.725117
-14.063288
-16.130153
-15.391892
-19.484923
-33.787627
-17.313744
-9.489324
-18.288687
-31.163993
-13.825762
-11.508326
-19.405795
-11.630751
-20.285276
-24.853051
-22.032699
-19.305113
-9.985796
-24.518539
-26.125397
-15.454139
-10.064465
-32.038182
-19.253836
-9.528267
-27.843023
-23.221878
-6.555531
-19.696557
-19.367570
-17.199598
-12.533292
-29.511668
-14.256478
-11.170259
-22.338351
-17.567278
-23.640828
-12.032381
-19.161816
-18.707965
-22.874824
-18.710293
-15.331382
-6.926546
-12.439863
-30.754197
-18.313679
-28.983392
-18.584797
-19.608057
-9.939460
-25.979989
-16.709402
-22.013267
-16.987628
-16.857249
-22.052744
-14.066688
-16.757114
-10.360525
-20.636707
-20.934170
-11.199525
-17.026161
-10.959269
-17.448222
-13.601086
-17.908546
-27.633097
-21.660415
-27.811783
-30.308394
-11.907307
-32.334390
-23.413420
-8.076563
-15.444663
-18.054658
-28.133666
-14.138408
-23.253833
-11.436096
-31.458735
-16.209164
-22.652497
-15.649663
-7.339842
-24.309081
-21.475770
-17.698757
-9.207276
-26.052249
-11.737980
-16.156578
-11.057548
-16.241882
-16.803666
-23.477649
-23.780991
-7.259562
-15.123352
-8.794610
-15.287692
-13.425917
-26.767120
-24.856880
-26.489547
-14.838608
-18.777374
-20.835933
-18.898461
-15.473628
-24.230400
-10.488608
-24.256684
-15.011091
-18.062952
-24.494304
-15.403096
-8.706986
-10.570175
-14.899602
-20.343526
-16.991833
-6.857640
-16.712686
-4.691262
-31.258822
-23.412659
-18.055121
-16.856984
-32.974775
-11.590018
-27.601847
-31.927810
-23.552257
-15.095176
-16.048452
-12.590286
-13.259573
-20.854312
-21.759654
-14.704415
-12.268371
-21.477026
-31.671722
-15.076343
-20.232871
-13.391603
-19.279740
-19.317553
-36.747702
-9.764638
-12.227905
-21.960661
-8.221044
-33.461010
-14.198063
-16.822571
-10.592838
-18.230646
-14.512054
-35.799028
-22.115078
-12.025541
-8.604398
-24.139354
-15.716400
-18.441147
-25.179250
-6.548128
-13.114767
-8.229813
-33.893925
-17.051512
-16.429830
-17.934801
-27.435319
-34.106988
-26.827022
-17.589129
-17.409574
-6.317550
-17.694462
-22.367477
-17.393261
-9.526479
-16.281974
-23.112484
-15.055530
-15.484785
-7.335983
-14.839177
-20.303566
-7.519958
-11.743779
-18.657692
-22.246355
-17.227435
-19.003115
-14.294664
-12.919638
-23.953200
-29.915056
-20.237812
-34.921389
-14.878813
-24.855880
-20.188715
-17.715607
-7.874569
-24.388294
-18.486059
-17.415916
-18.878351
-6.414120
-31.797524
-23.775887
-15.923884
-15.808749
-15.401846
-15.508040
-10.016807
-27.575270
-20.442152
-15.156350
-32.305490
-19.081788
-17.061429
-21.863919
-16.637219
-0.970216
-20.320793
-31.803771
-27.541296
-12.501696
-24.227206
-22.092734
-17.283722
-22.378285
-5.358221
-17.607742
-21.101401
-14.143564
-20.673307
-15.955877
-10.745512
-25.501670
-13.021901
-24.314025
-26.151548
-16.060884
-18.877888
-12.169206
-14.597063
-11.162049
-7.479604
-26.436126
-14.482426
-17.522692
-11.656005
-17.851312
-19.489566
-12.008226
-22.299077
-26.112810
-8.074417
-11.107729
-29.603248
-15.629950
-13.675127
-24.185321
-12.489659
-16.110668
-19.960961
-28.850444
-17.178915
-27.626914
-14.184572
-22.410245
-27.465494
-17.864521
-19.685210
-24.871938
-24.830220
-3.620463
-20.430335
-20.756006
-26.635597
-9.723475
-20.586619
-19.265226
-18.328900
-13.344663
-19.950681
-22.499014
-18.710358
-15.270880
-18.965774
-29.794407
-21.399226
-27.187014
-19.197704
-11.474846
-13.720886
-3.059134
-16.823227
-17.817369
-7.369554
-19.479909
-20.501171
-10.034646
-5.895582
-7.770839
-3.906589
-20.303799
-19.474116
-11.056362
-14.312012
-13.882772
-18.176094
-16.886344
-19.671715
-34.061833
-16.483563
-18.011186
-25.307849
-20.742531
