-23.584133
-26.010272
-18.506586
-21.454930
-17.333708
-13.062653
-36.808896
-35.474468
-17.989711
-22.026466
-29.892132
-23.496274
-19.252228
-22.155778
-32.356711
-21.251772
-24.982772
-30.827432
-28.232405
-23.944034
-24.710136
-23.670262
-37.605352
-29.463937
-30.447214
-29.340891
-28.951388
-35.309297
-21.434660
-11.294649
-33.533660
-21.814767
-24.386094
-14.395071
-26.178474
-30.210893
-37.973167
-23.399862
-32.413990
-21.598967
-33.799117
-28.527450
-19.520647
-33.578480
-24.756518
-31.415141
-27.096366
-40.027365
-23.914242
-23.467851
-33.056824
-26.198254
-26.291591
-28.950162
-25.187044
-18.567770
-19.299519
-13.644798
-16.875507
-22.183533
-25.281072
-29.808322
-21.773061
-25.277991
-22.245230
-35.278641
-15.744199
-39.848584
-29.260819
-32.236118
-17.067574
-21.811421
-29.940115
-34.808407
-25.256499
-35.663602
-37.852741
-40.874155
-33.269231
-28.000702
-24.635255
-16.453747
-28.184327
-31.249394
-16.650085
-31.025051
-20.953077
-23.800321
-29.783916
-29.300250
-15.195703
-9.386762
-23.039878
-29.059178
-25.383897
-32.252233
-21.684683
-35.186943
-19.411353
-19.343232
-31.231052
-25.306402
-20.447128
-28.772883
-26.633217
-22.249710
-27.773715
-33.218060
-48.501644
-25.242498
-25.572523
-22.688506
-26.651466
-30.398540
-15.049182
-25.059815
-20.930017
-19.150833
-25.284265
-24.773604
-15.838724
-30.121342
-30.962231
-20.973888
-21.580117
-35.676143
-34.880341
-20.395676
-33.574649
-28.744206
-16.336830
-15.307818
-34.280781
-40.167404
-24.763423
-28.076488
-16.755294
-17.540094
-32.061155
-41.573673
-39.496175
-17.612440
-24.672552
-28.200584
-28.350087
-27.118808
-15.305983
-8.195654
-27.340327
-37.891806
-15.186617
-22.064085
-30.087566
-34.917534
-28.950621
-10.986364
-32.231615
-39.296889
-24.409415
-29.042929
-30.884800
-26.895360
-35.849679
-29.623313
-9.221440
-36.277929
-24.798737
-37.640520
-26.382675
-13.524814
-41.582374
-29.338363
-18.666146
-36.120743
-29.225606
-30.041148
-15.166232
-31.677700
-22.854391
-24.515270
-29.819146
-26.066917
-24.020745
-16.679020
-32.469345
-13.548697
-37.505480
-22.460999
-38.460426
-21.032853
-26.713296
-34.878340
-26.170383
-24.767961
-24.526601
-38.471417
-15.651181
-31.959493
-28.423599
-37.241558
-21.147532
-22.965120
-24.467413
-20.016678
-25.287565
-25.875538
-30.832983
-12.120444
-34.323737
-26.833690
-28.525682
-27.960347
-16.360515
-18.261005
-21.509639
-24.034983
-37.150271
-31.475490
-17.280322
-17.469571
-24.122988
-21.707834
-23.320606
-25.479881
-20.022508
-37.211358
-37.557774
-31.634978
-25.122122
-32.767386
-28.239850
-32.851333
-28.890031
-17.021735
-25.806117
-18.359451
-22.279120
-14.663871
-18.154912
-17.033086
-26.941413
-35.498643
-28.778382
-22.139078
-48.081681
-33.364817
-13.361472
-22.093181
-24.761984
-26.187773
-23.457338
-31.973421
-26.933492
-23.830007
-18.915432
-21.282246
-12.485358
-28.273309
-22.369511
-27.088287
-22.136804
-32.178389
-30.093750
-34.616233
-20.620581
-31.402819
-28.710067
-19.006175
-31.682276
-17.872528
-17.912390
-33.950133
-29.548021
-18.560109
-29.999821
-20.444508
-24.673953
-30.854332
-18.052109
-20.410208
-29.700621
-32.153115
-25.844104
-33.984254
-36.540950
-36.388107
-22.982483
-28.558179
-6.071087
-27.795180
-24.696243
-28.532850
-33.520842
-13.559763
-22.587705
-15.894460
-36.613003
-33.143046
-28.117469
-10.273776
-12.936286
-31.758339
-18.956603
-31.213518
-27.306673
-33.556681
-34.734898
-22.360604
-26.773775
-22.649645
-31.453625
-30.823851
-26.532791
-36.062527
-14.740510
-27.146725
-30.549040
-43.923889
-24.827203
-29.742829
-17.634732
-26.203645
-21.401414
-37.888323
-30.967681
-44.685407
-25.178334
-31.058834
-19.025406
-22.954101
-18.841139
-28.381939
-20.836034
-24.859353
-26.306109
-22.485846
-16.290843
-23.463133
-26.489567
-34.303230
-26.482728
-16.098738
-21.524991
-23.660545
-35.932527
-27.766337
-25.729666
-27.418250
-23.354247
-35.389303
-39.823308
-18.888815
-25.829605
-31.385112
-32.599392
-30.060809
-26.426103
-30.015753
-25.263341
-29.137164
-35.468230
-22.338483
-26.284255
-17.884289
-27.711349
-30.805173
-19.148835
-21.022863
-27.454562
-21.741832
-22.034644
-25.960842
-32.772010
-37.863800
-31.185515
-19.863054
-31.665379
-35.854188
-18.062711
-21.935357
-39.654841
-20.018563
-12.502547
-15.591766
-27.219059
-19.991171
-28.723275
-25.104749
-21.142646
-26.520000
-32.991837
-10.747170
-17.761837
-19.474096
-22.961636
-20.621669
-26.757207
-36.005412
-21.601429
-9.485921
-25.373264
-32.919810
-26.590245
-30.087491
-28.929071
-19.120993
-30.538689
-18.433723
-32.666965
-25.606001
-33.869157
-18.234886
-31.861111
-29.310498
-31.380894
-29.408250
-24.669157
-27.384454
-24.005668
-18.614834
-49.026860
-31.644270
-33.516661
-37.505995
-30.395015
-27.864571
-33.060142
-31.737246
-30.039545
-25.266637
-37.996455
-21.021037
-19.398412
-27.565820
-39.439866
-10.345393
-17.810671
-27.535719
-20.221051
-17.450870
-23.798984
-28.930037
-31.562947
-20.048975
-35.220982
-20.784468
-18.470881
-25.865393
-10.574341
-18.900210
-30.544104
-11.050008
-21.278567
-13.901402
-16.279858
-29.789535
-23.277192
-38.156699
-21.269234
-27.061902
-31.641842
-27.000465
-30.742439
-27.090627
-28.356350
-30.587946
-24.923692
-44.331992
-29.614978
-20.745221
-42.857737
-22.285485
-30.934280
-29.457801
-18.609140
-21.350328
-37.586928
-39.577146
-36.463237
-16.753350
-31.128172
-44.760158
-19.301183
-29.531136
-14.151321
-21.146784
-21.055987
-28.635774
-33.748603
-30.084798
-23.582253
-29.925342
-38.129046
-17.464971
-14.110728
-27.315398
-29.559067
-15.255006
-31.735637
-29.448817
-25.813172
-41.584104
-26.731357
-36.708585
-21.775726
-26.175226
-24.627078
-24.625390
-36.300911
-25.985429
-18.460279
-26.093466
-31.640772
-17.351354
-19.607190
-32.597183
-30.214261
-7.399661
-23.956225
-23.903485
-14.267580
-30.550359
-23.235493
-27.259434
-25.518393
-22.311232
-31.052614
-12.554416
-25.063075
-24.066032
-35.829339
-28.722861
-26.863167
-41.702358
-24.381962
-26.039647
-19.773830
-25.539778
-32.196580
-22.662791
-32.060292
-28.876010
-23.033528
-26.482312
-23.234140
-19.045014
-21.483341
-25.216475
-39.564848
-31.443655
-29.228973
-32.069115
-26.716708
-16.760860
-27.568335
-36.873199
-12.943562
-38.985612
-9.823487
-26.794027
-40.785376
-34.121232
-21.383421
-28.446558
-21.639794
-39.201714
-14.782227
-39.043880
-26.324009
-24.269760
-27.025137
-34.392210
-22.001369
-21.398712
-37.625750
-31.643439
-25.770394
-29.877483
-26.622880
-19.800508
-19.977710
-27.385451
-19.828834
-40.598387
-31.314277
-24.135980
-16.898428
-25.859011
-29.072686
-13.173857
-21.302901
-22.985373
-27.559375
-14.286114
-31.303351
-32.446753
-24.953387
-25.816886
-21.117874
-24.947420
-38.027321
-18.351653
-20.847297
-34.559032
-21.084424
-26.989069
-23.536727
-26.165006
-31.407073
-25.711040
-18.953583
-26.177802
-37.015144
-24.429182
-29.428621
-32.693791
-18.973684
-25.259274
-28.971594
-33.029515
-24.402739
-27.939160
-14.203144
-33.394986
-34.895274
-17.852172
-24.798394
-32.368572
-25.352589
-30.027495
-26.500780
-23.908258
-27.508455
-10.642694
-30.762574
-22.852888
-39.316338
-33.151688
-34.457736
-29.029956
-16.024261
-21.996595
-31.686660
-31.439959
-26.961740
-31.769577
-31.229045
-19.386012
-27.955887
-28.881438
-19.720918
-25.616599
-25.221173
-27.165171
-28.643277
-22.053605
-25.759577
-30.433150
-29.664384
-22.691017
-16.991435
-27.710375
-16.751247
-31.215610
-19.437541
-23.946318
-41.872913
-36.538670
-18.548256
-30.192367
-37.583347
-23.024060
-37.880191
-23.908729
-36.644211
-36.906543
-24.184513
-40.418866
-19.457089
-27.676581
-27.251507
-28.798338
-24.285397
-26.206209
-24.374606
-13.398635
-32.447002
-14.349179
-8.981778
-26.554674
-30.322202
-28.253254
-27.877221
-26.332156
-9.060853
-23.717071
-20.942627
-20.925795
-26.698422
-32.353900
-32.273598
-17.708942
-18.832123
-20.708775
-22.824479
-30.768446
-23.368372
-31.245849
-26.281618
-26.894226
-30.666994
-32.811689
-34.469330
-22.032706
-23.274494
-23.705723
-22.156346
-19.171729
-17.033173
-20.115998
-17.006511
-28.846337
-31.553631
-26.647242
-29.406094
-28.545411
-29.648411
-28.783505
-34.668025
-28.773438
-35.626198
-31.429055
-29.729341
-35.335624
-28.654868
-36.296100
-19.109571
-24.986961
-27.128569
-30.766788
-16.005043
-25.185936
-37.705930
-22.518034
-23.907469
-20.614517
-23.535650
-20.138184
-17.122245
-19.669066
-12.582801
-37.687308
-30.009010
-23.501484
-31.423452
-40.173352
-22.047436
-18.784401
-24.012325
-19.095853
-27.902394
-24.156605
-26.270765
-34.580565
-36.838028
-17.951364
-32.263357
-12.414726
-12.901382
-14.167404
-33.958786
-28.367806
-19.224438
-38.513730
-24.387411
-15.472040
-22.513730
-28.235527
-29.002862
-23.258381
-17.059107
-13.038875
-21.909217
-26.305103
-25.325236
-27.637051
-25.943137
-35.009208
-27.612319
-16.697156
-27.827915
-23.477251
-33.351179
-33.062186
-19.052816
-9.672163
-34.088612
-29.375671
-17.489195
-19.175850
-22.538635
-33.808538
-19.217976
-23.561107
-12.745251
-19.430851
-20.329248
-19.944374
-10.422608
-25.738632
-32.622310
-20.926518
-36.486372
-13.443409
-25.357080
-23.493504
-30.111521
-19.577833
-26.775436
-19.566967
-31.778554
-22.503484
-30.897508
-23.953190
-33.631527
-21.280501
-27.331574
-18.752277
-19.569965
-32.283542
-26.432470
-27.776543
-20.371724
-32.535447
-27.696850
-30.999230
-30.486932
-25.605196
-26.543461
-23.596826
-27.758796
-20.371994
-25.203925
-21.683718
-28.059919
-30.172620
-31.620526
-21.363353
-29.782841
-21.430076
-29.566967
-24.094384
-27.360872
-21.085551
-20.719249
-14.598909
-18.788075
-12.674101
-29.626971
-20.905024
-32.410759
-26.687426
-16.365569
-25.749581
-27.422498
-21.874949
-24.518189
-23.946494
-30.004972
-16.595708
-18.785093
-28.965230
-21.024546
-14.176273
-25.002988
-28.388724
-22.202762
-23.284078
-21.389426
-20.804310
-30.387243
-13.278405
-22.111272
-24.790666
-32.032885
-33.942576
-23.790762
-31.156592
-22.014482
-24.917381
-18.179402
-11.732353
-18.749315
-42.031784
-30.976971
-27.406765
-21.603202
-15.447152
-16.436402
-21.859772
-32.685694
-28.394421
-33.104461
-35.366969
-26.964977
-17.462561
-28.815676
-19.019701
-31.427247
-27.569586
-19.861521
-24.920127
-30.172647
-32.474072
-27.922806
-21.533405
-22.856762
-22.615504
-36.737494
-34.559392
-21.574826
-30.256136
-26.059308
-19.526980
-22.270737
-22.111475
-41.903470
-28.404170
-23.565728
-26.450685
-28.012902
-22.132196
-19.011891
-16.759104
-25.973128
-20.746330
-23.420458
-22.353468
-21.152073
-27.422706
-44.280798
-23.299016
-21.105487
-39.830917
-20.901282
-38.305383
-19.338915
-33.042053
-17.003766
-25.894611
-22.446489
-31.859968
