-33.812095
-24.678736
-21.298535
-26.058977
-22.783143
-28.072827
-33.970993
-32.354927
-34.455699
-9.557452
-21.323570
-29.344517
-12.176248
-15.641096
-22.786123
-17.176250
-25.810108
-17.727840
-25.643476
-14.573727
-33.404874
-28.323943
-21.056444
-24.731165
-21.242092
-24.124481
-21.770296
-35.213253
-37.020306
-9.320846
-36.978367
-22.430731
-7.237277
-22.385018
-27.219832
-18.698975
-26.600547
-29.809316
-18.601942
-22.337876
-21.289821
-37.889662
-28.711916
-21.139297
-23.336630
-22.130232
-32.046168
-25.899252
-18.740450
-5.513450
-31.413636
-22.934664
-31.873862
-32.064532
-28.839115
-22.148756
-25.267339
-30.414384
-34.348921
-21.957558
-24.436918
-13.752284
-27.700968
-17.615038
-27.636683
-32.360107
-21.880415
-29.017076
-30.823863
-33.027045
-22.987430
-18.493205
-34.223557
-35.915350
-17.165291
-29.400122
-23.009899
-27.245507
-25.001254
-22.915253
-46.868181
-19.915999
-35.638676
-21.299270
-33.106809
-22.783341
-26.418930
-24.671873
-30.718941
-27.163538
-26.739696
-23.066003
-15.855120
-19.499408
-28.596523
-21.757339
-20.548205
-21.392176
-15.784594
-19.859048
-21.419051
-24.074217
-16.385874
-40.228625
-14.004813
-15.665197
-12.119334
-17.798935
-18.883369
-23.544581
-24.392895
-20.460465
-21.009054
-24.540087
-17.647037
-33.802387
-40.893593
-23.399506
-17.724425
-24.422542
-35.018717
-24.431716
-24.240427
-30.238775
-27.738750
-15.774194
-41.839902
-36.404457
-25.825253
-31.315088
-28.292400
-26.627255
-19.439449
-14.062791
-26.261203
-21.843238
-27.922778
-29.383417
-31.092278
-16.536642
-24.459843
-26.111214
-26.428654
-20.817296
-26.315627
-23.570626
-21.158573
-26.033340
-9.977289
-31.698754
-38.578169
-17.445843
-25.722718
-22.608238
-21.759443
-43.896339
-15.988782
-20.852207
-20.410951
-25.819089
-19.487686
-29.512350
-28.687041
-27.786439
-13.779996
-19.736896
-23.264609
-17.047775
-12.866883
-21.083499
-28.561298
-30.308056
-38.150409
-30.271979
-26.632366
-23.754986
-20.126452
-21.287670
-15.549792
-19.786278
-36.763341
-15.645264
-37.844915
-34.244399
-35.363691
-21.487949
-26.373353
-29.810104
-22.748744
-10.567465
-12.387935
-24.910702
-18.265889
-16.383196
-24.265577
-25.306729
-8.652698
-16.661943
-22.355239
-14.072311
-33.057581
-35.471328
-23.211150
-17.968925
-24.736833
-27.229858
-15.898177
-27.692622
-36.710947
-30.094761
-25.819984
-30.260550
-29.098903
-19.979434
-25.060956
-18.932881
-31.517931
-31.913929
-17.476449
-11.031356
-31.593341
-26.754231
-32.989565
-20.830429
-14.721028
-17.787954
-26.736756
-15.573895
-16.924442
-37.537547
-15.814072
-20.324678
-34.543984
-17.888838
-11.943245
-25.304312
-25.826339
-24.772052
-20.833677
-29.673624
-22.158709
-23.756817
-16.567331
-13.824773
-18.189921
-31.993011
-21.725052
-33.812560
-10.249704
-24.948514
-33.521763
-34.063242
-18.004861
-17.667825
-19.745132
-20.463395
-29.477685
-16.689230
-23.054479
-26.586452
-23.839434
-30.862444
-18.757405
-30.602085
-33.080812
-30.497982
-15.016822
-29.558369
-11.837570
-18.730581
-29.747652
-17.805163
-18.992500
-17.570481
-28.096250
-12.558702
-21.860147
-20.100275
-25.777234
-22.146792
-31.863718
-24.996259
-18.864610
-11.166765
-34.476529
-15.040128
-17.864353
-19.382718
-42.635426
-21.391603
-12.498867
-32.760201
-20.781067
-16.465378
-21.882182
-22.241009
-21.136107
-29.064889
-18.747816
-12.949195
-9.391567
-21.689654
-19.020159
-34.590432
-29.252387
-22.595930
-17.799209
-32.092593
-21.012066
-24.569647
-21.288904
-29.430947
-25.365365
-25.490987
-26.053921
-23.667573
-19.291377
-25.940798
-42.127849
-35.305556
-28.891162
-28.016482
-12.847034
-20.828316
-39.111620
-24.410403
-24.170817
-19.739216
-22.039985
-33.418564
-31.059211
-30.338969
-25.077464
-24.351748
-25.374887
-30.014762
-28.265112
-30.371908
-38.505105
-24.868836
-25.523105
-22.634471
-30.000096
-30.158301
-18.166821
-24.823628
-17.706760
-19.065684
-21.128401
-27.557850
-34.746986
-11.227303
-27.869670
-18.503552
-22.423612
-25.273422
-21.951773
-30.377585
-21.660563
-20.693870
-32.925654
-21.549217
-33.926069
-18.478333
-25.881376
-12.547028
-33.088617
-30.219281
-23.351359
-33.961234
-35.259765
-17.909273
-39.084862
-24.736648
-19.375810
-9.877670
-21.368419
-18.625396
-30.674316
-36.210015
-22.756982
-28.916847
-24.327380
-34.061858
-23.411395
-23.714235
-20.191956
-24.912893
-28.264210
-33.269932
-25.456523
-31.417961
-23.777476
-30.268559
-28.476332
-33.716545
-25.898830
-14.912072
-31.761853
-24.308504
-21.070960
-28.669739
-11.509808
-23.812041
-19.370480
-26.055279
-17.431530
-33.900855
-21.590154
-42.963421
-9.745147
-19.135659
-24.165773
-28.406955
-29.317051
-35.530363
-29.902142
-8.290791
-25.493843
-38.554390
-29.244539
-25.662877
-7.286918
-33.862341
-23.208629
-19.072171
-24.831995
-30.978709
-21.086039
-15.097060
-18.816104
-21.313848
-38.272583
-21.194817
-19.092271
-29.989231
-34.118622
-19.475614
-14.227372
-23.465487
-8.674326
-24.761577
-27.064886
-19.882834
-26.308250
-17.459555
-44.897324
-10.807518
-22.740716
-29.819458
-20.150228
-16.347544
-19.438194
-14.263885
-21.624110
-23.805565
-19.626253
-29.929141
-32.253967
-17.682364
-13.321411
-28.845177
-32.127172
-14.719839
-44.778201
-33.775944
-8.120262
-19.290245
-27.076609
-18.198690
-12.710518
-16.349650
-24.557685
-27.059471
-31.865787
-27.712259
-29.755902
-35.126020
-31.130690
-18.354293
-20.567166
-20.843702
-21.187280
-20.270202
-29.816331
-29.510073
-17.797637
-29.781979
-14.947852
-22.465980
-36.060766
-32.897230
-19.115675
