-14.571034
-22.023766
-10.043417
-6.534706
-4.082295
-18.270697
-4.031234
-7.842788
-12.023283
-1.351901
-12.342608
-14.646683
-12.995058
-5.255851
-14.852579
-23.284144
-8.498469
-11.229674
-20.539613
-13.448845
-11.755445
-15.217349
-0.274749
-11.561414
-9.839432
-12.277122
-17.507308
-21.306475
-22.565811
-12.486423
-18.811032
-18.031654
-14.685938
-10.327513
-4.081486
-8.789319
-6.364758
-11.531092
-22.702233
-17.577735
-16.309567
-13.762864
-7.881396
-10.441460
-9.261721
-2.029864
-17.792191
-11.422987
-14.017254
-15.151292
-11.951391
-19.708160
-9.898687
-11.565316
-13.639803
-12.782571
-12.170336
-7.541417
-1.033919
-8.830214
-13.208666
-9.175915
-14.330872
-10.352665
-11.037510
-17.090874
-24.117101
-18.134400
-16.776735
-19.677346
-13.235718
-3.060003
-16.762428
-11.190816
-14.230301
-16.076230
-11.926717
-24.628197
-11.571065
-11.970828
-18.346365
-4.412405
-8.763188
-12.448083
-12.386280
-20.708819
-2.694096
-20.364411
-20.281212
-15.446196
-11.342664
-8.760494
-19.472097
-26.740185
-12.468449
-9.412601
-7.172675
-6.758312
-3.764266
-7.163062
-20.150786
-16.813374
-16.438405
-0.727860
-14.759826
-14.875907
-15.107621
-5.903752
-14.671123
-15.050674
-11.810944
-22.196680
-11.290717
-11.970378
-17.858689
-16.450560
-2.104166
-1.376897
-19.823180
-23.112461
-11.916995
-15.582460
-6.723207
-12.422253
-10.159506
-7.632830
-11.041982
-18.019086
-15.821783
-5.625068
-29.638663
-6.457237
-8.587435
-3.659739
-13.348017
-15.904224
-19.236285
-20.211926
-20.382046
-8.410321
-20.904839
-22.803899
-7.837020
-13.079926
-19.536989
-14.291675
-0.938752
-10.882342
-18.194016
-15.348821
-18.319049
-8.973967
-7.871855
-15.028275
-0.375808
-8.028428
-15.906212
-17.540043
-5.155219
-23.443594
-11.913923
-3.085518
-16.205905
-22.578325
-2.094902
-10.745179
-0.817003
-8.234172
-2.898055
-9.798697
-12.809802
-10.142653
-22.414160
-12.952727
-17.752613
-10.171351
-22.930820
-5.923399
-13.872337
-6.667081
-9.836496
-18.525331
-18.973100
-15.946776
-5.154691
-13.814383
-10.466946
-21.082817
-19.150269
-14.311137
-17.924496
-5.059029
-24.567969
-7.784081
-18.533600
-9.702845
-12.406337
-20.461029
-19.388246
-13.355742
-0.509477
-15.206660
-16.259962
-13.713997
-14.957153
-17.223608
-14.183391
-20.075976
-10.212847
-3.002366
-11.843671
-12.770068
-13.499140
-19.352092
-9.251661
-12.888809
-12.230966
-16.825977
-13.747084
-3.279256
-6.869731
-16.586915
-19.792679
-13.069292
-4.516432
-11.007024
-4.338298
-19.570948
-19.767121
-9.507980
-17.122076
-6.976728
-4.119693
-1.649072
-12.533193
-4.807095
-8.250701
-7.392761
-9.248491
-15.258615
-24.141127
-11.445764
-14.295306
-7.791332
-0.339760
-9.029945
-11.608704
-3.479918
-9.410425
-20.715601
-16.227026
-13.304705
-9.419221
-15.731489
-5.247442
-12.780529
-13.301733
-4.625718
-16.685443
-14.231875
-7.491530
-16.342917
-18.658275
-18.065135
-18.572589
-2.351171
-4.569313
-10.751691
-28.247697
-6.989759
-8.172088
-0.893368
-5.755791
-6.937858
-17.339581
-4.908543
-23.002802
-15.763383
-22.934228
-16.189255
-8.368952
-19.322429
-7.945705
-22.464734
-17.497274
-23.441888
-14.132759
-12.849091
-13.619232
-16.286669
-1.942496
-11.176324
-6.444100
-9.919999
-3.507358
-13.396939
-8.911795
-5.513368
-7.533270
-19.454951
-12.867345
-11.850751
-11.035058
-14.984682
-17.470481
-17.934568
-15.471161
-4.694079
-16.968331
-1.350679
-8.220408
-5.271189
-7.073290
-13.966586
-11.065878
-23.931754
-21.530557
-14.572946
-22.428973
-18.651015
-4.979594
-18.717985
-7.111961
-23.033576
-0.709874
-10.193444
-11.409594
-1.919840
-1.852543
-0.255113
-2.712409
-11.496183
-12.776646
-5.846093
-21.393396
-0.542338
-21.635756
-13.271163
-15.455773
-21.840981
-11.147626
-10.824252
-3.268136
-11.949961
-4.983804
-9.977410
-10.722501
-20.295139
-6.830479
-12.904692
-12.029872
-8.705704
-17.981004
-9.285044
-10.394613
-16.123565
-0.568217
-20.990664
-16.989657
-13.478022
-12.453052
-3.585525
-15.579380
-24.032227
-0.471240
-5.044224
-12.762590
-20.347418
-13.686423
-12.051834
-14.260686
-8.145585
-6.378716
-13.536551
-12.648443
-3.351463
-15.615958
-24.561169
-7.635125
-6.861818
-14.109277
-24.780021
-9.049299
-9.044958
-14.098749
-5.336016
-3.386080
-1.282073
-7.366025
-11.719313
-5.972387
-10.220517
-20.903211
-8.416859
-17.835561
-14.530302
-10.593166
-10.604454
-3.893874
-19.719313
-10.392207
-7.934900
-15.811819
-9.981441
-7.523942
-1.840991
-20.944211
-9.710824
-14.499392
-14.267372
-1.829640
-17.891791
-23.461540
-12.509416
-24.130206
-3.512938
-3.561307
-17.792297
-2.884655
-16.469814
-12.466261
-23.234807
-5.878032
-8.107839
-18.756383
-15.040183
-1.826330
-10.715128
-17.579202
-19.376271
-15.729528
-20.743389
-1.154211
-8.774467
-17.586322
-10.889221
-9.014726
-13.018960
-5.413174
-22.214801
-14.036314
-14.702162
-0.170334
-21.969981
-3.343931
-17.250764
-11.588524
-14.050085
-17.310706
-0.795799
-15.635001
-13.585072
-10.164838
-8.216959
-17.582656
-9.720074
-23.428609
-10.152641
-16.391346
-21.731833
-14.880079
-5.294631
-25.886913
-4.694606
-3.876665
-16.672466
-11.756378
-12.742071
-14.940013
-8.687717
-19.047370
-9.426442
-17.440902
-13.769886
-23.074978
-18.823035
-16.165116
-9.388440
-17.898179
-10.647174
-11.852945
-9.776044
-18.690892
-17.744668
-13.417708
-8.088855
-4.162358
-23.866127
-16.739211
-13.079090
-4.781241
-2.918277
-15.324805
-9.369955
-10.094975
-23.964459
-18.306002
-17.000482
-18.222573
-14.913168
-12.803109
-24.762129
-8.960557
-13.054139
-17.053561
-12.420473
-1.191390
-2.821603
-5.947285
-9.911033
-15.292779
-4.300580
-11.445025
-5.998937
-3.332221
-11.218803
-15.672452
-20.581434
-7.597327
-13.501958
-6.030266
-12.998855
-16.213993
-22.707550
-29.488485
-14.455953
-15.686215
-9.108930
-14.792672
-10.366238
-14.743163
-15.758072
-13.039659
-5.777934
-16.098603
-12.718844
-8.775347
-4.981003
-14.863356
-12.018437
-8.606369
-17.031202
-22.867143
-8.759015
-12.616328
-6.894737
-18.090010
-10.640714
-15.055427
-14.176767
-18.393498
-15.479655
-22.861489
-19.441182
-21.805884
-14.192219
-4.738411
-6.736663
-19.423554
-22.406034
-10.859132
-1.524029
-8.151053
-17.921593
-5.050374
-13.827527
-5.242334
-5.996036
-11.650439
-6.118620
-12.097027
-13.190936
-8.744292
-12.452511
-13.568447
-1.295808
-10.670097
-15.198494
-2.818276
-11.352687
-0.358239
-2.819506
-16.320229
-14.387794
-30.397479
-11.058014
-14.637456
-11.866288
-5.692044
-12.078890
-15.071419
-27.456129
-16.655369
-2.979082
-10.918771
-21.033058
-5.501505
-1.682859
-14.883143
-23.886397
-13.280783
-10.765074
-7.666272
-11.986474
-22.841016
-16.235204
-24.003848
-3.801148
-18.638086
-13.816350
-7.514806
-18.459432
-18.070478
-12.320264
-8.380985
-15.781849
-21.564144
-9.621555
-12.154337
-10.180516
-10.865406
-4.462610
-20.309846
-18.149721
-6.216685
-20.968773
-17.195721
-17.253621
-18.842108
-14.672762
-9.197624
-13.370252
-16.695175
-16.926538
-1.761917
-12.594940
-11.748411
-13.412795
-11.434852
-10.568224
-0.962353
-13.163306
-18.895950
-8.638929
-9.846356
-21.142230
-16.598098
-16.218028
-14.199944
-15.292634
-15.596437
-21.611735
-11.109147
-20.418042
-13.501946
-14.958011
-16.469366
-5.820361
-5.755202
-6.982078
-15.214613
-6.544626
-11.815330
-12.425651
-10.220905
-4.620686
-7.220475
-10.379985
-17.901283
-19.363688
-14.508148
-20.735561
-17.816627
-6.095358
-19.818093
-9.581972
-7.810803
-9.427240
-7.838295
-18.020960
-14.995643
-7.334239
-18.819264
-8.566164
-13.986420
-13.162506
-15.841260
