-0.019324
-0.824225
-1.316520
-0.552607
-0.066389
-0.487926
-0.745940
-0.306391
-0.352557
-2.260668
-0.507996
-1.174236
-0.048110
-0.090043
-0.541830
-0.581971
-0.993263
-0.253735
-0.934939
-1.110161
-0.358274
-1.121001
-1.427421
-0.130889
-0.102776
-0.079809
-1.133810
-0.280850
-0.471474
-0.721235
-1.308723
-0.063649
-1.526813
-0.259509
-0.048787
-0.698771
-1.068898
-0.783100
-0.141479
-0.129544
-0.118592
-0.152691
-0.047235
-0.007495
-0.462433
-0.887180
-0.401169
-0.231901
-0.506767
-0.476906
-0.174564
-0.000994
-0.161713
-0.230967
-0.302192
-0.235817
-1.260502
-0.316413
-1.181276
-0.894899
-0.875189
-1.565284
-0.852876
-0.176035
-0.065224
-0.694880
-0.140440
-0.881918
-0.641589
-1.617604
-0.436429
-1.992290
-0.694289
-0.583958
-1.224006
-1.307648
-1.313875
-0.847637
-0.385575
-0.720415
-2.043453
-2.865216
-0.513104
-0.000840
-0.286636
-0.178328
-0.139828
-0.346858
-0.304361
-0.075162
-0.491097
-0.106608
-0.100375
-0.191270
-1.428427
-0.715908
-0.373374
-0.456741
-0.543575
-1.468088
-1.664692
-2.270036
-0.002756
-0.421695
-1.703059
-1.555428
-1.148128
-0.784271
-0.471200
-0.069868
-0.131963
-0.136968
-0.407597
-0.557916
-0.110195
-2.461698
-0.160131
-1.361752
-2.000197
-0.486873
-0.702367
-0.093137
-2.823690
-0.697872
-0.251166
-0.511180
-0.209257
-0.841514
-0.039738
-1.314799
-0.982905
-1.394383
-0.235401
-0.354647
-0.388917
-0.383189
-0.006066
-1.616550
-1.866929
-1.014171
-1.842431
-0.161719
-0.265965
-0.697516
-0.226558
-1.603936
-0.594589
-0.111243
-2.035062
-0.016253
-1.506160
-0.323048
-1.060957
-0.942579
-0.784008
-0.805630
-0.396109
-0.269665
-0.134146
-0.463917
-1.029086
-1.958374
-0.160275
-0.226962
-0.739416
-0.813476
-0.157721
-0.391626
-0.941853
-1.374587
-0.251704
-1.407716
-0.475253
-1.152237
-1.504651
-0.475529
-0.782152
-0.031740
-0.112251
-0.638040
-0.185651
-0.015592
-0.291873
-0.246613
-0.180712
-0.913029
-0.311837
-0.154519
-0.188493
-0.079711
-3.210998
-0.684559
-0.826550
-0.327694
-0.134012
-0.000076
-0.191833
-1.258238
-0.602387
-0.467241
-1.897913
-0.299167
-0.817139
-2.135154
-3.362551
-0.228287
-0.393830
-0.545447
-0.702701
-0.504544
-0.843285
-0.318077
-1.047693
-0.720384
-0.536522
-1.906901
-0.460946
-0.735668
-1.157587
-1.229156
-0.512560
-0.425376
-0.441622
-0.472828
-0.364720
-1.157924
-1.782597
-0.490148
-0.087992
-0.227695
-2.700414
-0.372971
-0.634694
-0.152740
-1.769723
-0.520692
-1.130723
-0.640168
-0.232985
-0.087950
-0.800331
-0.109827
-0.938523
-0.767853
-1.459505
-0.943892
-0.530695
-1.305497
-0.246541
-0.499305
-1.093023
-1.656019
-0.116613
-0.130330
-0.193574
-3.778729
-0.576892
-0.055745
-0.229772
-2.617628
-0.869276
-0.753651
-0.432646
-0.903635
-0.442894
-0.065666
-0.367434
-0.431590
-0.931221
-2.672758
-0.241763
-0.926099
-0.332409
-1.794504
-1.227776
-2.360567
-0.075722
-0.118633
-0.351059
-0.341962
-1.169083
-1.375917
-0.005265
-0.291298
-0.465865
-0.139587
-0.621647
-0.173646
-0.110064
-0.889881
-0.472797
-0.254796
-1.083954
-0.433860
-1.307034
-0.196442
-0.366072
-0.583307
-0.155583
-0.602258
-0.027570
-1.386604
-0.157025
-2.737162
-0.116102
-1.546344
-0.353740
-1.483173
-0.006575
-0.276845
-1.136550
-0.984026
-0.023501
-0.165207
-0.455077
-0.462854
-0.858808
-0.301662
-0.373310
-1.468388
-0.867086
-2.068382
-1.146551
-1.718173
-0.521657
-0.689154
-0.216756
-0.489908
-0.537183
-1.224597
-0.034264
-0.902265
-1.177939
-0.152426
-1.904686
-0.340285
-0.267353
-1.118845
-0.474951
-1.101584
-0.043115
-0.989207
-0.882620
-0.294086
-0.350922
-0.202333
-0.043893
-0.440362
-0.150314
-1.137038
-0.482495
-1.809398
-1.028542
-0.284248
-0.211966
-1.266692
-0.431770
-0.499412
-0.240775
-1.008490
-0.620539
-0.156588
-0.094491
-1.110467
-0.334194
-2.011329
-0.703103
-0.154008
-0.047636
-1.951460
-0.584742
-1.967933
-0.343207
-0.122638
-0.659089
-1.318111
-0.065442
-0.100435
-1.021016
-0.800137
-0.130559
-0.097581
-1.437121
-0.212538
-0.520620
-0.722795
-0.556187
-0.372672
-0.711819
-0.228814
-0.045378
-0.560676
-1.890987
-1.205263
-2.702089
-1.343952
-0.383792
-0.773045
-0.010567
-1.000461
-0.455243
-1.699704
-1.336373
-0.295750
-0.547378
-0.034438
-0.505820
-0.370535
-1.501513
-0.531430
-0.912302
-0.236580
-0.744618
-1.279379
-0.049679
-1.135594
-1.006214
-2.697420
-1.199097
-0.463846
-0.591647
-0.361769
-1.491123
-1.364709
-0.652226
-0.885799
-0.187697
-0.487855
-1.666002
-0.433317
-0.797376
-0.163079
-0.112669
-1.702121
-1.083140
-1.054319
-1.514579
-1.642229
-2.009027
-0.313127
-0.671213
-0.579380
-1.260313
-0.220034
-0.300685
-0.537811
-0.274889
-0.230366
-0.832967
-1.074179
-0.276225
-1.691310
-2.496006
-1.027781
-0.399961
-1.223511
-0.621485
-2.501477
-0.126461
-0.063146
-0.161639
-0.218837
-0.039922
-0.977728
-0.418405
-1.017938
-0.080706
-0.019082
-1.743917
-1.371446
-0.724939
-0.460794
-0.201078
-0.721534
-0.370849
-0.924808
-0.451848
-0.643220
-0.410736
-0.448823
-1.198449
-1.558882
-0.722545
-0.492229
-0.996080
-0.357852
-0.428985
-0.353795
-0.131975
-0.172814
-1.497405
-1.521347
-0.503389
-1.176571
-1.036135
-0.310190
-0.106719
-1.105981
-0.102724
-0.167389
-1.348245
-0.349154
-2.751163
-2.592883
-0.791146
-0.248079
-0.319033
-2.698883
-3.823154
-1.710502
-1.244877
-3.392538
-0.584260
-0.126306
-0.691999
-0.840955
-0.034273
-0.285216
-0.468565
-0.467395
-1.353320
-0.096644
-2.133605
-0.631580
-1.111982
-2.412252
-0.080986
-3.047720
-1.135060
-0.109973
-0.434412
-0.001574
-0.352525
-2.612522
-1.137219
-0.217053
-1.767757
-0.558549
-0.953535
-0.224553
-0.064621
-1.309534
-0.521088
-1.930989
-0.545041
-0.030396
-0.568413
-0.758332
-2.004801
-1.341401
-0.404185
-1.151770
-0.167066
-0.037052
-0.968320
-0.108096
-0.541427
-0.725851
-0.183174
-0.043830
-0.319805
-0.377173
-0.022592
-0.703643
-0.079454
-1.218963
-0.051966
-0.224169
-1.744472
-0.009106
-0.993811
-2.302170
-0.033718
-1.179431
-0.709348
-0.002041
-0.253509
-0.035577
-0.226525
-0.308166
-0.045396
-0.022500
-1.473611
-0.874786
-2.179449
-2.089661
-0.424974
-0.254730
-0.617835
-0.603508
-0.713504
-0.001443
-1.902304
-0.444199
-0.776640
-0.044151
-1.366600
-1.404243
-1.595802
-0.603235
-0.112702
-0.186879
-1.604296
-0.015434
-0.819740
-1.233681
-0.433119
-0.150303
-0.343447
-0.736239
-2.096589
-0.612088
-1.199301
-1.449345
-0.554635
-0.895816
-0.511119
-0.023101
-0.668264
-1.042882
-0.097222
-0.702055
-0.781783
-0.853511
-1.117366
-0.157620
-1.044895
-0.202245
-1.148812
-2.671398
-0.238338
-2.720617
-1.076706
-1.332983
-0.143285
-0.586057
-0.319109
-0.230464
-0.188184
-0.355988
-0.157182
-1.500756
-0.102620
-0.418210
-0.076471
-0.492234
-1.754642
-0.603247
-1.636957
-0.914209
-0.777342
-0.136353
-0.917471
-0.172890
-3.120232
-1.251415
-0.099059
-0.753238
-0.593546
-2.248364
-2.300563
-0.736867
-0.035232
-1.355388
-0.505951
-0.027344
-0.413397
-0.058159
-0.519035
-0.281067
-0.098923
-1.524448
-0.104166
-0.125300
-0.015905
-0.018415
-0.274465
-0.526914
-0.196710
-1.594524
-1.566216
-0.872937
-1.537961
-0.250494
-1.369354
-0.380667
-1.470850
-0.037009
-2.787874
-1.818556
-1.886346
-0.546473
-0.303605
-2.126841
-1.205808
-0.934611
-0.194342
-1.183888
-1.225638
-1.441684
-1.104309
-0.050789
-1.689203
-0.533261
