-1.193552
-7.176581
-0.842193
-16.755614
-1.445325
-6.235080
-12.612516
-0.528362
-0.492380
-4.143235
-6.508403
-7.113110
-2.304242
-8.635472
-10.341433
-6.038282
-4.490848
-7.289597
-5.320109
-3.676536
-23.447690
-13.198516
-9.530845
-9.910658
-6.258784
-6.497321
-4.432357
-14.022312
-9.047356
-5.065963
-6.376809
-10.496425
-7.672979
-6.704774
-3.547734
-4.953487
-13.605729
-9.385153
-13.100510
-2.002660
-13.022159
-8.809148
-7.421384
-8.798376
-1.066546
-11.764031
-10.846827
-9.254636
-3.223040
-7.057376
-5.619991
-4.730444
-0.519746
-2.565302
-14.753907
-3.225615
-0.932274
-1.601356
-16.134583
-9.301415
-1.198861
-8.510259
-7.828640
-20.342961
-4.207186
-10.092625
-2.857358
-4.543904
-18.009186
-4.271787
-9.701352
-3.436833
-7.463489
-8.288000
-9.852348
-14.667506
-1.690453
-13.844499
-9.304415
-7.202095
-1.730927
-11.238391
-1.131644
-6.099332
-8.267338
-11.053714
-7.967110
-8.424163
-14.028693
-18.127824
-7.312685
-1.949149
-6.235809
-6.314517
-2.409398
-17.359451
-2.967680
-4.701204
-5.179563
-10.358943
-10.494382
-11.496798
-8.677416
-0.380949
-2.515105
-5.949395
-0.085678
-2.837453
-6.956234
-7.156272
-12.817406
-5.742564
-2.193532
-10.112483
-7.129795
-12.226465
-11.728592
-5.819789
-9.449220
-2.208977
-2.918654
-12.349260
-4.333781
-10.797844
-12.912207
-7.301394
-7.135241
-11.575910
-7.963482
-7.336659
-5.440556
-5.863414
-5.732588
-6.168278
-5.064959
-4.496592
-11.675317
-6.146778
-1.108087
-8.883568
-5.743642
-10.743914
-7.522237
-4.669383
-0.191769
-7.898268
-5.111754
-6.019349
-7.175577
-0.634864
-6.989956
-4.955381
-13.629542
-7.962755
-5.854365
-5.567804
-13.656975
-11.864232
-19.797079
-5.700501
-4.672102
-2.257736
-4.950759
-3.158550
-20.330430
-2.939057
-17.508488
-21.817418
-0.999913
-4.046367
-2.627063
-6.165024
-9.524657
-16.585354
-12.232819
-7.742078
-5.961651
-8.047672
-4.461113
-10.754548
-0.228341
-21.402552
-0.529227
-3.793886
-6.538249
-12.686831
-7.757915
-12.515879
-1.324746
-2.431921
-6.338700
-2.230242
-5.287001
-19.495226
-2.565679
-9.836446
-5.939999
-9.245280
-10.456102
-14.800701
-3.708669
-10.520469
-0.753687
-11.604651
-13.940313
-8.450705
-13.238196
-3.443574
-4.759759
-2.394602
-7.409372
-3.110101
-11.478151
-0.740637
-4.158510
-10.280525
-6.073973
-13.457039
-7.509151
-2.089438
-10.582251
-5.125375
-6.936548
-9.420207
-6.713103
-3.204022
-8.964255
-2.848571
-5.237849
-14.100585
-1.403680
-6.407045
-16.522766
-13.882061
-8.678360
-15.342654
-9.969092
-11.060809
-7.939157
-2.080014
-3.524574
-9.991986
-3.122142
-2.962521
-15.249218
-12.915358
-7.406299
-1.099097
-6.283675
-13.544256
-10.489506
-13.522512
-2.903384
-12.690996
-9.737533
-5.344974
-0.575857
-6.297787
-4.471025
-14.602669
-4.351122
-7.164052
-7.161616
-17.002763
-3.341590
-9.119947
-6.113503
-4.125027
-1.142543
-8.737445
-10.239463
-11.439561
-5.725879
-1.581509
-4.308903
-10.308049
-16.876065
-1.029223
-4.133583
-2.859674
-2.885845
-1.712604
-2.935544
-5.448140
-12.643581
-0.043398
-0.042785
-2.330261
-5.949540
-3.726869
-5.446154
-2.861840
-8.177828
-14.882562
-7.650365
-3.706496
-1.185023
-9.354934
-7.854665
-5.781893
-1.691663
-2.329037
-2.191399
-10.980542
-8.272632
-1.903409
-1.471987
-9.762868
-0.871608
-13.221888
-6.326852
-11.575066
-0.147752
-10.666173
-13.662057
-7.308280
-12.375811
-2.039842
-9.814948
-3.219306
-11.346945
-3.351138
-2.908066
-12.401118
-9.235335
-1.851624
-0.353470
-2.724404
-13.188475
-10.623001
-3.086845
-4.498358
-4.846621
-6.031350
-2.631729
-4.924367
-6.679408
-3.127689
-6.336355
-2.991110
-0.811981
-11.523023
-1.839352
-1.605690
-6.460103
-4.457067
-13.572766
-0.912556
-7.418383
-9.116622
-3.531398
-7.000986
-22.480850
-10.956535
-0.502618
-14.021239
-5.043108
-5.681522
-7.434578
-21.143120
-8.678757
-11.602426
-9.528780
-7.514205
-12.671557
-1.336821
-11.560002
-14.113466
-7.826043
-2.858156
-7.679893
-15.051142
-11.489669
-9.776601
-3.966322
-6.267360
-9.941874
-4.105367
-4.843856
-11.031367
-5.522726
-23.435656
-7.997538
-6.763485
-17.167952
-1.092037
-8.382507
-0.266517
