-0.002109
-0.000000
-0.000000
-0.000563
-0.000058
-0.000002
-0.000002
-0.000000
-0.003743
-0.000000
-0.004840
-0.000003
-0.000000
-0.000000
-0.000000
-0.000009
-0.000001
-0.019026
-0.000002
-0.000015
-0.000000
-0.000015
-0.000022
-0.000238
-0.000000
-0.000011
-0.000005
-0.000000
-0.000000
-0.000008
-0.000015
-0.000008
-0.000002
-0.000000
-0.000043
-0.000000
-0.000630
-0.000239
-0.003965
-0.000017
-0.004224
-0.000001
-0.000606
-0.000000
-0.000408
-0.000000
-0.000005
-0.000012
-0.000013
-0.000000
-0.000009
-0.000000
-0.000002
-0.000109
-0.005767
-0.000186
-0.000003
-0.000000
-0.000000
-0.000000
-0.000015
-0.000000
-0.000000
-0.000000
-0.000096
-0.000002
-0.000000
-0.000439
-0.000000
-0.000019
-0.000012
-0.000000
-0.000000
-0.000005
-0.000084
-0.000005
-0.000091
-0.000001
-0.000000
-0.000001
-0.000000
-0.000014
-0.001215
-0.000010
-0.000066
-0.006368
-0.000015
-0.000000
-0.000000
-0.050580
-0.000000
-0.000000
-0.000019
-0.000258
-0.000000
-0.000016
-0.000000
-0.000000
-0.000002
-0.000007
-0.000004
-0.011041
-0.000000
-0.000000
-0.000000
-0.001578
-0.000000
-0.000000
-0.000000
-0.000001
-0.000259
-0.000035
-0.000000
-0.000059
-0.000000
-0.000000
-0.000001
-0.000000
-0.000000
-0.000006
-0.000000
-0.000006
-0.000000
-0.000004
-0.000016
-0.005428
-0.000000
-0.000002
-0.000000
-0.000001
-0.000001
-0.000001
-0.000000
-0.000002
-0.000019
-0.000032
-0.000000
-0.000000
-0.000000
-0.000001
-0.000000
-0.000000
-0.000000
-0.000002
-0.000001
-0.000000
-0.003349
-0.000000
-0.000000
-0.000003
-0.000409
-0.000000
-0.000004
-0.000005
-0.000001
-0.015436
-0.000000
-0.000000
-0.000008
-0.000001
-0.000009
-0.000176
-0.000000
-0.000000
-0.000072
-0.000000
-0.000177
-0.000000
-0.000000
-0.000001
-0.000002
-0.000000
-0.000000
-0.000414
-0.000009
-0.000180
-0.000000
-0.000004
-0.000000
-0.000001
-0.000008
-0.000000
-0.000141
-0.000000
-0.000049
-0.000007
-0.000001
-0.000001
-0.000015
-0.000000
-0.000009
-0.000133
-0.000000
-0.000001
-0.000000
-0.000001
-0.000018
-0.000000
-0.000018
-0.000147
-0.000000
-0.000017
-0.000000
-0.000051
-0.000000
-0.000076
-0.000000
-0.000668
-0.000000
-0.000001
-0.005662
-0.000000
-0.000000
-0.000000
-0.006286
-0.000000
-0.000069
-0.000000
-0.000000
-0.000000
-0.000000
-0.000001
-0.000000
-0.000630
-0.000000
-0.000002
-0.000059
-0.000000
-0.000005
-0.008214
-0.000000
-0.000061
-0.000000
-0.000001
-0.000999
-0.000000
-0.000000
-0.000000
-0.000000
-0.000026
-0.000005
-0.000006
-0.000000
-0.000004
-0.000000
-0.000000
-0.000000
-0.000000
-0.000079
-0.000000
-0.000001
-0.000000
-0.000000
-0.000020
-0.000000
-0.000216
-0.000016
-0.000000
-0.000133
-0.000030
-0.000000
-0.000000
-0.000000
-0.000003
-0.000037
-0.000000
-0.000029
-0.000000
-0.000000
-0.000005
-0.000003
-0.003980
-0.001701
-0.024607
-0.000000
-0.001365
-0.000001
-0.000000
-0.001448
-0.005767
-0.000000
-0.000038
-0.000000
-0.000001
-0.005624
-0.000003
-0.005318
-0.000000
-0.000001
-0.000205
-0.000000
-0.000068
-0.000010
-0.000000
-0.000051
-0.000000
-0.000000
-0.000000
-0.000001
-0.000000
-0.000841
-0.000041
-0.000000
-0.000049
-0.007620
-0.000012
-0.000000
-0.000047
-0.000002
-0.000001
-0.000008
-0.000012
-0.000136
-0.000007
-0.000480
-0.000000
-0.000017
-0.000001
-0.000017
-0.002139
-0.000001
-0.000064
-0.000001
-0.000007
-0.000000
-0.000004
-0.000000
-0.000000
-0.000001
-0.000061
-0.000002
-0.002819
-0.000000
-0.000000
-0.000000
-0.000001
-0.000000
-0.000940
-0.000000
-0.000000
-0.000000
-0.000000
-0.000000
-0.000000
-0.000000
-0.000143
-0.000025
-0.000011
-0.000006
-0.000000
-0.000000
-0.000000
-0.000317
-0.000001
-0.000031
-0.001651
-0.000000
-0.000007
-0.000067
-0.000000
-0.000074
-0.000000
-0.003559
-0.000000
-0.000041
-0.001039
-0.000001
-0.000000
-0.000005
-0.000007
-0.000001
-0.000001
-0.000000
-0.000000
-0.000010
-0.000004
-0.000000
-0.000009
-0.000002
-0.000177
-0.000025
-0.000002
-0.000004
-0.000001
-0.000000
-0.000256
-0.000000
-0.000000
-0.000000
-0.001390
-0.000010
-0.000000
-0.000177
-0.000000
-0.000059
-0.000000
-0.001658
-0.000003
-0.000060
-0.000000
-0.000000
-0.000000
-0.000002
-0.000000
-0.000058
-0.000000
-0.000000
-0.000005
-0.000028
-0.000008
-0.000000
-0.000000
-0.000001
-0.000000
-0.000000
-0.000000
-0.000013
-0.000000
-0.000000
-0.000418
-0.002445
-0.000107
-0.000002
-0.000946
-0.000001
-0.000001
-0.000013
-0.000000
-0.000017
-0.000001
-0.000000
-0.000409
-0.000001
-0.000001
-0.000271
-0.000000
-0.000000
-0.000006
-0.000000
-0.000000
-0.000000
-0.000221
-0.039030
-0.000000
-0.001579
-0.000023
-0.000024
-0.000069
-0.000225
-0.000103
-0.000016
-0.000154
-0.000000
-0.000000
-0.000002
-0.000052
-0.000958
-0.000021
-0.000000
-0.000151
-0.000000
-0.000000
-0.000000
-0.000035
-0.000004
-0.000000
-0.000747
-0.000018
-0.000000
-0.000004
-0.000011
-0.000008
-0.000027
-0.000007
-0.000001
-0.000000
-0.000000
-0.000005
-0.000000
-0.000000
-0.000001
-0.000013
-0.000156
-0.000021
-0.000000
-0.000000
-0.000000
-0.000185
-0.000002
-0.000082
-0.000000
-0.000004
-0.000000
-0.000022
-0.000047
-0.000275
-0.000033
-0.000000
-0.000000
-0.000046
-0.000131
-0.000030
-0.000000
-0.000011
-0.000020
-0.000001
-0.000000
-0.000027
-0.000000
-0.000000
-0.000000
-0.013757
-0.000000
-0.000116
-0.000000
-0.000000
-0.000154
-0.000000
-0.000000
-0.000000
-0.000021
-0.000000
-0.000000
-0.031385
-0.000622
-0.000000
-0.000000
-0.000186
-0.000000
-0.000135
-0.000001
-0.000100
-0.001016
-0.000025
-0.000006
-0.000004
-0.000119
-0.000000
-0.000001
-0.000000
-0.000016
-0.000000
-0.000002
-0.000024
-0.014011
-0.000028
-0.000075
-0.001103
-0.000056
-0.000003
-0.000000
-0.000001
-0.000025
-0.000000
-0.000000
-0.000028
-0.000010
-0.000001
-0.000001
-0.000003
-0.000216
-0.000000
-0.000000
-0.003389
-0.000000
-0.000000
-0.000000
-0.000000
-0.000000
-0.000000
-0.000003
-0.000032
-0.000002
-0.000000
-0.000000
-0.000000
-0.000000
-0.000000
-0.000000
-0.000000
-0.000991
-0.000025
-0.000003
-0.000013
-0.000000
-0.000652
-0.000033
-0.000115
-0.000000
-0.000000
-0.000000
-0.000003
-0.000091
-0.000350
-0.000000
-0.000000
-0.000147
-0.000000
-0.000000
-0.000000
-0.000000
-0.001466
-0.000001
-0.000000
-0.000020
-0.000151
-0.000000
-0.000000
-0.000021
-0.000001
-0.000000
-0.000078
-0.000005
-0.000030
-0.000000
-0.000000
-0.000000
-0.000047
-0.002260
-0.000009
-0.000007
-0.000021
-0.001130
-0.000002
-0.000027
-0.000000
-0.000019
-0.000000
-0.000200
-0.000009
-0.001204
-0.000009
-0.003899
-0.000001
-0.000016
-0.000000
-0.000786
-0.000220
-0.000000
-0.000004
-0.002069
-0.000000
-0.000676
-0.000008
-0.000018
-0.000000
-0.000043
-0.000000
-0.000002
-0.000000
-0.000001
-0.001084
-0.000000
-0.000000
-0.000169
-0.000001
-0.000000
-0.000000
-0.000000
-0.000000
-0.000571
-0.000000
-0.000001
-0.000001
-0.000012
-0.000030
-0.000000
-0.000058
-0.001533
-0.000073
-0.000210
-0.000000
-0.000000
-0.000003
-0.000000
-0.000130
-0.000000
-0.000001
-0.000075
-0.000000
-0.000001
-0.000047
-0.000001
-0.000000
-0.000000
-0.000001
-0.000053
-0.000000
-0.000000
-0.000000
-0.000193
-0.000000
-0.000284
-0.000000
-0.000049
-0.001992
-0.000460
-0.000041
-0.000017
-0.000000
-0.000026
-0.000000
-0.000001
-0.000000
-0.000308
-0.000006
-0.000006
-0.001130
-0.000007
-0.000003
-0.000004
-0.000013
-0.000000
-0.002065
-0.000017
-0.000008
-0.004481
-0.000000
-0.000001
-0.000210
-0.000001
-0.000172
-0.000997
-0.000000
-0.000000
-0.000000
-0.000006
-0.000118
-0.000002
-0.000000
-0.000000
-0.000000
-0.000001
-0.019999
-0.000000
-0.000063
-0.000011
-0.000013
-0.000005
-0.000000
-0.000000
-0.000697
-0.000001
-0.000001
-0.000000
-0.000001
-0.000000
-0.000002
-0.000234
-0.000617
-0.009594
-0.000000
-0.000000
-0.000038
-0.000000
-0.000000
-0.000000
-0.000007
-0.000000
-0.000001
-0.000000
-0.000002
-0.000003
-0.000001
-0.010314
-0.000000
-0.000000
-0.000000
-0.000122
-0.000027
-0.000000
-0.000006
-0.000019
-0.000012
-0.000000
-0.000001
-0.000000
-0.000543
-0.000000
-0.000001
-0.000204
-0.000005
-0.000001
-0.000000
-0.051885
-0.000000
-0.000003
-0.000001
-0.005616
-0.000057
-0.000307
-0.000001
-0.000032
-0.000022
-0.000000
-0.000059
-0.000000
-0.000000
-0.000000
-0.000000
-0.000000
-0.000000
-0.000000
-0.000000
-0.000000
-0.000336
-0.000005
-0.000000
-0.000005
-0.000000
-0.000000
-0.000000
-0.000001
-0.000006
-0.000000
-0.000000
-0.000001
-0.000000
-0.000022
-0.000043
-0.000000
-0.000014
-0.000008
-0.007926
-0.000000
-0.000029
-0.000000
-0.000000
-0.000012
-0.000004
-0.000007
-0.003142
-0.000004
-0.000006
-0.000738
-0.003540
-0.000205
-0.000000
-0.000004
-0.000002
-0.000001
-0.003959
-0.000000
-0.000000
-0.002099
-0.000104
-0.051388
-0.000009
-0.000000
-0.000000
-0.000001
-0.000000
-0.000293
-0.000008
-0.000000
-0.000001
-0.000000
-0.000000
-0.000001
-0.000667
-0.000000
-0.000008
-0.000003
-0.000000
-0.000000
-0.000011
-0.000009
-0.000000
-0.003568
-0.000000
-0.000082
-0.000001
-0.000682
-0.000000
-0.000025
-0.000001
-0.023424
-0.000010
-0.000398
-0.000000
-0.000000
-0.000000
-0.000000
-0.000137
-0.000000
-0.000000
-0.000001
-0.000000
-0.000001
-0.001575
-0.000002
-0.000781
-0.000025
-0.000032
-0.000008
-0.000005
-0.000000
-0.000001
-0.000360
-0.000000
-0.000007
-0.000000
-0.000000
-0.001876
-0.000000
-0.000728
-0.000002
-0.000001
-0.000000
-0.000000
-0.000000
-0.011782
-0.000000
-0.000873
-0.000000
-0.000000
-0.000000
-0.000018
-0.000000
-0.001974
-0.000015
-0.000002
-0.000117
-0.000001
-0.000029
-0.000002
-0.000005
-0.000000
-0.000011
-0.000009
-0.000001
-0.000001
-0.000009
-0.000005
-0.004090
-0.000005
-0.000000
-0.000000
-0.000005
-0.000004
-0.000000
-0.000029
-0.000085
-0.000000
-0.000000
-0.000001
-0.000005
-0.000001
-0.000000
-0.000061
-0.000046
-0.000000
-0.000006
-0.000000
-0.000000
-0.000007
-0.000000
