-82.324209
-73.607302
-81.321217
-97.681763
-75.684867
-104.997846
-89.456219
-77.622261
-71.584686
-83.946800
-81.724795
-75.725949
-74.618719
-67.909734
-85.947486
-76.696084
-72.961052
-85.679653
-68.616901
-71.778048
-94.332960
-85.217843
-72.694014
-85.530801
-76.057605
-74.136808
-104.005388
-79.375485
-87.766093
-78.914963
-86.628552
-69.442954
-78.695954
-119.078688
-71.716702
-91.737231
-82.278808
-63.903250
-90.332481
-94.534244
-94.097684
-92.231135
-83.230762
-66.764696
-87.582051
-85.324577
-91.479022
-68.277301
-76.137770
-100.537565
-87.123493
-99.072926
-105.359682
-96.581941
-67.361089
-93.889420
-76.516511
-85.170329
-94.339970
-104.788299
-82.857480
-96.830281
-95.342855
-77.179207
-71.399171
-112.808198
-94.885058
-87.136792
-74.378462
-76.444346
-62.799516
-76.215889
-91.148460
-117.152983
-71.817687
-76.676819
-82.827153
-88.559326
-67.595286
-87.434394
-77.591304
-87.263523
-101.591394
-89.622202
-90.932211
-96.608845
-65.312895
-61.569768
-99.576913
-79.627636
-95.293746
-112.604971
-72.032091
-83.480256
-71.834594
-72.864656
-89.313222
-68.063782
-66.862294
-96.237971
-71.894899
-73.449360
-91.366674
-73.290499
-92.017947
-85.396725
-91.488682
-100.269747
-97.539844
-78.742340
-82.242650
-80.616864
-75.928888
-87.878083
-107.956730
-81.643550
-73.527958
-88.021509
-87.056292
-90.615313
-94.916051
-94.171545
-100.022544
-76.712683
-70.356317
-88.088487
-95.853398
-63.786894
-86.283575
-67.451963
-89.200862
-82.887573
-83.675542
-116.801214
-83.123563
-80.939275
-105.425668
-99.094467
-80.479745
-69.503279
-69.472271
-87.219461
-86.364750
-76.045494
-86.482020
-74.996407
-100.355388
-75.938524
-99.090587
-83.168940
-66.238767
-73.549672
-82.227405
-90.358053
-76.765666
-82.990673
-75.501672
-82.404060
-95.995355
-89.650261
-91.262090
-79.775654
-52.936468
-72.211777
-75.679332
-56.840705
-64.180517
-74.930208
-86.872625
-97.573109
-88.139519
-88.525510
-84.337753
-66.920420
-88.983502
-68.901421
-102.703129
-62.003029
-93.580983
-62.783152
-89.159782
-82.692194
-58.617792
-90.433010
-77.341978
-104.119713
-66.418408
-88.730550
-91.127780
-84.488484
-84.366709
-91.365265
-95.692592
-67.239073
-75.270904
-70.682250
-77.423582
-71.678432
-71.114608
-86.618717
-85.664760
-79.918316
-88.341929
-91.383074
-80.352276
-73.857641
-76.690124
-80.124148
-83.647040
-82.042579
-91.713130
-83.890351
-71.904264
-74.175848
-88.625019
-92.085518
-72.432029
-74.182470
-94.356300
-108.549259
-82.227996
-81.430420
-87.541902
-93.219493
-80.179257
-93.213679
-78.132889
-75.680274
-61.087828
-85.469305
-66.050275
-75.210674
-106.118154
-104.136106
-76.329378
-67.240179
-83.477428
-79.074594
-90.143894
-66.666307
-78.442067
-54.322946
-86.201837
-78.917129
-91.049560
-81.167460
-89.478291
-80.519167
-73.309787
-90.655821
-76.013789
-95.834667
-87.915692
-112.616811
-55.403710
-70.150883
-49.171352
-86.365753
-95.496453
-72.427845
-68.367236
-88.049162
-100.000547
-80.850944
-98.973087
-107.767011
-82.613562
-68.042532
-79.240804
-78.088322
-76.907613
-82.199916
-70.119901
-87.841042
-91.882231
-56.269719
-82.559223
-76.980611
-101.876757
-94.444414
-68.646118
-91.296278
-85.353201
-78.416851
-97.249211
-63.182743
-110.678823
-87.101720
-90.036884
-105.664745
-89.549940
-77.484397
-59.865315
-84.744283
-68.787040
-103.030216
-87.525911
-88.265270
-87.263378
-89.014834
-81.551131
-86.116293
-93.594939
-99.432227
-62.889511
-106.387653
-83.717007
-82.240302
-89.628398
-74.706433
-63.884280
-87.368885
-70.683174
-89.959003
-100.455162
-91.869630
-60.232889
-89.414942
-81.559975
-82.293109
-92.326385
-98.665977
-86.065256
-64.400956
-103.907909
-85.095260
-80.236534
-62.606537
-70.542332
-87.932282
-86.511292
-90.146889
-59.521458
-71.087124
-77.506866
-85.067902
-70.264933
-88.577879
-84.816555
-63.702723
-79.957094
-83.080692
-88.070597
-82.540830
-76.029840
-91.205420
-94.049003
-90.992717
-95.875200
-77.076316
-88.071676
-83.983490
-83.934369
-82.776157
-99.003563
-90.090390
-69.831408
-50.577449
-98.581830
-84.521732
-75.394384
-101.851210
-89.294986
-114.128954
-57.965542
-68.194085
-96.037310
-84.965769
-83.851674
-103.358545
-54.387661
-109.407941
-86.566612
-90.775154
-60.837369
-89.531399
-91.737904
-55.694090
-63.886636
-66.540556
-97.573674
-85.476204
-75.926039
-103.447168
-88.389075
-97.743710
-71.987581
-87.742844
-97.689546
-75.422469
-105.094074
-87.346415
-81.422129
-87.324312
-81.429672
-93.109581
-84.629713
-67.947382
-79.525896
-93.091469
-94.263184
-77.817057
-93.562535
-95.594077
-61.929673
-88.110460
-86.700220
-80.177157
-97.662658
-70.493622
-79.032554
-83.718102
-76.599924
-87.179777
-89.403798
-70.907250
-85.317077
-74.028693
-88.778971
-90.173575
-74.224126
-53.864398
-92.272973
-100.135374
-59.941191
-76.283556
-64.456751
-87.603157
-94.868297
-93.267569
-73.921336
-80.737067
-95.488730
-82.446522
-104.822751
-77.026720
-87.977460
-94.624860
-64.185902
-81.013215
-94.043081
-75.163394
-90.139835
-87.999486
-93.473814
-88.559208
-72.726885
-75.761907
-96.138340
-99.137849
-98.736033
-82.686417
-80.192640
-82.579138
-68.313688
-72.726776
-78.060255
-90.762212
-102.529907
-67.951097
-73.067584
-91.710624
-65.936588
-72.318964
-89.987032
-79.458057
-104.565993
-88.625593
-79.228420
-103.413861
-64.293619
-64.066578
-117.888234
-90.293233
-95.246124
-90.820008
-68.734920
-76.766930
-99.784668
-89.413946
-91.191677
-83.736387
-53.500168
-77.792340
-89.464737
-74.320596
-98.457601
-87.259166
-75.660487
-73.824021
-67.295599
-66.214549
-86.246428
-79.690171
-98.871292
-93.562501
-83.476690
-88.290543
-87.799058
-95.505008
-105.378659
-83.557475
-87.169048
-98.995517
-81.262276
-70.183329
-74.396400
-87.355016
-80.320367
-85.497535
-96.592521
-104.204061
-75.052138
-75.603645
-84.510501
-84.427791
-89.371136
-92.382934
-65.114675
-80.594451
-76.525433
-73.139195
-87.100505
-96.116301
-84.135423
-70.572172
-69.086310
-93.201551
-93.323432
-92.035072
-87.540774
-77.321937
-81.889862
-87.829166
-78.115805
-90.194356
-92.019023
-76.087684
-78.105771
-76.026584
-92.721953
-86.125014
-88.591321
-89.432673
-83.626901
-78.116826
-89.947800
-96.761009
-74.762966
-80.991647
-77.312509
-101.479252
-67.207676
-58.655606
-89.137155
-83.675809
-81.443556
-81.398429
-88.616461
-98.850976
-88.222315
-60.293552
-85.449660
-84.882571
-90.599218
-59.302431
-81.549062
-97.560923
-103.114273
-75.789919
-93.822322
-76.164469
-83.354805
-72.566768
-104.670608
-72.534662
-89.167158
-73.501109
-80.081179
-75.629305
-79.144155
-73.955799
-94.988767
-101.041803
-81.489705
-90.269730
-90.467954
-97.364200
-81.558608
-72.553244
-72.743108
-69.599459
-81.338000
-90.581752
-61.678045
-85.376731
-82.506781
-74.752334
-88.000431
-77.711926
-106.511761
-84.921050
-77.444155
-76.288856
-125.005798
-103.459525
-70.548160
-85.878206
-83.001541
-106.929245
-84.597827
-74.073517
-53.168895
-75.299598
-69.872776
-60.539405
-81.752146
-77.659596
-80.347679
-62.546044
-89.163371
-92.734093
-67.294533
-102.130314
-86.053829
-88.094342
-89.337945
-90.039284
-87.847977
-85.944323
-92.624418
-86.263768
-81.865521
-95.758008
-89.044277
-78.027434
-86.772452
-80.268548
-99.427580
-107.235549
-90.461872
-95.268688
-104.534193
-82.930150
-88.079114
-99.215378
-82.844247
-68.672411
-71.314565
-64.924072
-99.224253
-88.943408
-75.014327
-101.547347
-73.042953
-80.841884
-97.492810
-68.746184
-96.904250
-87.501746
-68.405986
-93.690826
-61.519150
-97.847118
-91.143349
-86.903609
-75.115483
-79.628996
-74.942585
-84.502664
-88.914757
-71.065139
-68.658459
-94.625730
-85.242274
-69.270661
-87.219516
-72.899865
-92.771511
-84.321157
-63.309454
-75.123211
-79.006895
-78.268562
-77.808620
-99.074405
-84.409682
-83.587073
-89.308057
-96.792093
-77.896720
-99.919972
-86.829393
-84.596681
-71.535570
-106.871448
-102.932689
-81.323044
-86.447037
-79.383472
-58.595526
-92.487784
-78.746863
-96.059769
-104.801454
-88.405055
-65.479176
-89.348119
-96.135490
-79.190481
-102.609977
-91.363125
-99.475050
-88.806593
-71.697513
-75.312931
-78.256803
-69.898190
-94.127056
-69.645043
-63.328472
-90.949179
-65.155339
-62.698015
-73.571771
-99.065445
-97.206339
-92.401143
-95.156065
-85.114741
-98.310438
-80.871425
-97.271349
-78.501926
-66.434268
-90.954275
-60.469571
-71.374473
-70.141138
-81.823076
-80.729990
-91.738671
-73.675074
-93.126090
-98.037525
-100.462648
-107.085142
-75.643753
-85.004186
-89.767460
-71.907709
-80.829159
-98.447729
-114.149587
-88.197153
-75.360230
-82.561822
-111.365806
-85.210317
-78.381958
-76.625807
-77.338984
-90.790749
-73.128228
-63.625350
-97.341037
-83.356598
-67.428971
-67.069995
-83.116994
-78.996196
-73.240853
-71.039086
-83.038521
-80.830881
-67.282959
-85.745980
-83.681456
-83.806925
-100.261225
-69.990890
-85.613993
-79.173362
-72.705643
-76.577328
-106.041379
-83.570852
-98.659154
-69.315665
-91.286166
-86.161361
-95.124504
-84.154526
-73.199164
-96.802487
-95.733950
-85.547598
-94.780440
-72.468497
-100.925689
-73.098000
-93.188399
-75.171653
-89.772875
-75.569622
-73.934431
-71.466733
-93.984319
-73.670516
-107.747734
-79.322307
-68.027141
-80.471216
-80.107692
-83.583370
-93.119148
-67.844736
-95.428710
-103.854840
-76.800168
-94.791994
-95.407936
-82.631683
-73.724399
-79.493307
-76.127716
-85.839301
-62.161419
-59.114312
-73.760976
-99.941573
-115.893141
-68.144704
