-38.217997
-56.864119
-39.749928
-29.698805
-40.609424
-53.816809
-68.799567
-41.502806
-62.865988
-38.480382
-61.582466
-46.332678
-45.390601
-45.537593
-48.192836
-41.072418
-53.874122
-44.810999
-66.762897
-46.565863
-79.455066
-22.914172
-55.103110
-51.295382
-35.710539
-31.453549
-51.501086
-49.667421
-40.323261
-55.289492
-35.579374
-31.856129
-36.939674
-51.934227
-27.703502
-43.144177
-58.473534
-52.962758
-47.635490
-47.390572
-29.452037
-48.892340
-61.907745
-58.225992
-63.869786
-56.729137
-47.190800
-49.392817
-43.250725
-33.246180
-57.384227
-84.691975
-69.295369
-32.972435
-29.980414
-32.467948
-15.121762
-79.405287
-46.701852
-57.283434
-59.726728
-31.265710
-41.432486
-47.862238
-55.245725
-49.048624
-45.991308
-48.220422
-32.114648
-37.953432
-40.041915
-37.314531
-54.761672
-50.081958
-23.404574
-25.405855
-59.852648
-28.148053
-48.797195
-42.372571
-58.751990
-35.008829
-57.000775
-45.901908
-47.582890
-64.389116
-18.691659
-30.933983
-27.727121
-30.013460
-35.107817
-54.320023
-49.626362
-28.242742
-35.834373
-30.406990
-43.531011
-61.426025
-44.083426
-52.443220
-41.775387
-32.697105
-37.828473
-60.710002
-57.504523
-21.684106
-37.719926
-39.463494
-71.158823
-20.595104
-54.474533
-51.557877
-28.396629
-46.529621
-32.781592
-51.664398
-22.421498
-42.697544
-29.259658
-25.567793
-54.131937
-48.772297
-53.947687
-25.273770
-19.670608
-18.273694
-53.985800
-51.197721
-55.859718
-35.879365
-44.819672
-33.350284
-44.208910
-60.268074
-37.626976
-52.739414
-69.316679
-25.695402
-58.301866
-39.706876
-47.521366
-49.589617
-24.836542
-41.130772
-27.528232
-44.952185
-72.657115
-61.224806
-56.495627
-33.238854
-51.891291
-44.708580
-28.195550
-18.757908
-43.540529
-54.183446
-50.101447
-43.669071
-66.945457
-43.968779
-58.597627
-44.614619
-43.090588
-38.272769
-15.973514
-49.501752
-51.131216
-33.331387
-30.187702
-49.824887
-45.446298
-65.857614
-43.399519
-34.845832
-62.729330
-44.717196
-57.854637
-42.592956
-40.480178
-42.732353
-42.041946
-40.617350
-46.630997
-26.103671
-68.961525
-24.744396
-62.117938
-31.665111
-32.384321
-38.888284
-41.986036
-22.559957
-53.462664
-58.286182
-49.743107
-34.508818
-30.717475
-41.245673
-31.554374
-43.736005
-55.748075
-60.564987
-44.744025
-27.766008
-41.453443
-48.593320
-56.571123
-50.976417
-28.510375
-48.474593
-64.766963
-61.016893
-58.660738
-58.849520
-46.004621
-62.827911
-43.693976
-55.581628
-71.346912
-34.090290
-36.710428
-44.880859
-67.961602
-55.186741
-27.403609
-64.777820
-73.791453
-23.161954
-34.365476
-20.311840
-45.773044
-54.347221
-42.044443
-22.129840
-35.369446
-58.708916
-37.614739
-55.848037
-58.982864
-34.843592
-45.619812
-55.333995
-74.924729
-50.680368
-39.925491
-54.095588
-67.736288
-31.063567
-35.524036
-56.973027
-24.575825
-43.458723
-38.892422
-55.554023
-24.913110
-61.107032
-48.164843
-44.928512
-41.866687
-36.832912
-59.754661
-27.223156
-42.688781
-42.889135
-41.544287
-24.342769
-24.399220
-67.705267
-38.558477
-63.182881
-62.820402
-29.533636
-21.491664
-29.383793
-28.957001
-41.598040
-30.531448
-42.140005
-45.996996
-32.682976
-63.115529
-39.963401
-78.558189
-42.949008
-46.819176
-46.345776
-37.471960
