-2.714921
-1.461949
-1.682538
-4.483256
-0.665747
-0.927328
-3.387738
-1.470952
-0.205282
-0.353450
-1.310333
-7.866587
-5.729941
-2.876570
-0.258493
-0.358606
-0.290634
-2.267855
-1.935370
-4.054067
-0.359581
-3.958242
-0.666142
-0.335114
-2.628330
-0.797471
-2.007868
-1.543118
-5.781351
-0.198199
-0.463057
-0.572832
-1.519950
-7.015710
-5.561994
-2.984698
-0.987974
-2.856091
-1.842121
-0.633270
-2.719926
-2.171108
-1.295474
-0.156323
-5.230764
-2.665262
-4.341147
-2.952711
-0.992570
-2.150173
-1.481026
-1.705026
-4.654014
-1.146210
-1.307178
-1.872594
-0.301766
-4.019919
-4.812890
-2.541150
-4.580767
-1.009443
-2.188637
-0.144034
-0.874195
-3.773801
-1.519451
-0.262132
-1.008270
-0.666469
-1.974348
-0.001445
-1.950685
-0.162507
-3.321651
-0.475364
-0.774735
-1.934608
-1.866813
-2.556399
-1.350082
-1.347698
-3.852623
-3.809163
-0.756526
-0.166879
-3.104025
-4.114747
-0.136195
-0.207073
-6.397273
-1.955512
-4.335762
-1.712617
-0.915184
-0.662531
-3.616963
-0.191212
-0.751319
-0.949168
-0.199178
-2.129999
-4.115456
-2.757478
-0.130001
-2.610836
-2.527462
-3.497546
-4.941307
-2.389551
-2.039777
-9.766137
-1.617290
-2.793564
-1.784554
-0.454978
-0.556350
-2.748898
-2.269206
