-105.821266
-86.360832
-75.401812
-83.423990
-76.805250
-94.918290
-78.602797
-84.681467
-97.886602
-101.504925
-97.295843
-94.238249
-64.128248
-87.914073
-91.171897
-96.435353
-89.176951
-71.707079
-95.631618
-76.211951
-76.061864
-92.542383
-85.982859
-94.653989
-92.143726
-80.878733
-90.196735
-85.923775
-107.958420
-67.700060
-91.186383
-80.119451
-87.078268
-88.314080
-85.807559
-79.446827
-84.378522
-73.078760
-96.458217
-77.469000
-77.696943
-93.946669
-78.746641
-88.095906
-88.060878
-78.423942
-64.967021
-106.648642
-67.877793
-83.308483
-97.075760
-84.281209
-78.102304
-91.570093
-71.412213
-96.527545
-80.346329
-86.909956
-105.782297
-102.218380
-84.186790
-72.431357
-92.598266
-92.504856
-100.787983
-106.322660
-77.272169
-96.587488
-103.163127
-86.210635
-77.562331
-104.238641
-75.755437
-86.685046
-105.193886
-108.649008
-89.228675
-75.295753
-100.004553
-75.759174
-77.586116
-86.425724
-103.750962
-97.413220
-81.922086
-74.124941
-100.868745
-97.740484
-83.235825
-77.001082
-81.738845
-77.700291
-94.619194
-82.851114
-76.596574
-78.187370
-88.434805
-80.916697
-96.575615
-79.078947
-87.255236
-96.300206
-85.965664
-95.447940
-80.201939
-80.311318
-97.291580
-79.556356
-103.312904
-83.547696
-82.681991
-85.234708
-110.024413
-95.538229
-77.792739
-105.317069
-70.029477
-82.800307
-83.282500
-90.656496
-96.594277
-71.785165
-78.267069
-97.962398
-82.646930
-83.171383
-71.602515
-84.546525
-69.014974
-86.255098
-84.942552
-70.741965
-90.629568
-113.074479
-82.766459
-108.242952
-78.776036
-93.721259
-99.531957
-90.028874
-86.938146
-93.216136
-72.876001
-105.000072
-91.746223
-78.675706
-82.811708
-90.361946
-70.271512
-100.854196
-81.396205
-106.690986
-81.011373
-87.466026
-82.027193
-84.785452
-88.511320
-60.677094
-67.451072
-84.574285
-105.953769
-63.215088
-81.822756
-88.973230
-82.925892
-96.688035
-86.048974
-92.033967
-82.585490
-99.656329
-86.774865
-95.432999
-91.218603
-104.225523
-78.744971
-96.915755
-71.963129
-80.248636
-70.692614
-85.529997
-79.112777
-80.695687
-102.860383
-93.645741
-95.646264
-97.427538
-93.709639
-82.236147
-67.144033
-65.433567
-85.419267
-86.160796
-96.440216
-102.892269
-86.510870
-104.710955
-61.032896
-76.063714
-76.540673
-78.422509
-86.936830
-94.743991
-87.424474
-79.367382
-85.459720
-80.505585
-79.201534
-79.505488
-70.761600
-72.078754
-72.770584
-95.278135
-72.784706
-87.285169
-81.184114
-79.873551
-99.127414
-86.818777
-85.189487
-91.534361
-93.756488
-95.730130
-89.184146
-75.633793
-74.796841
-80.717581
-107.724425
-86.175161
-84.512254
-93.148929
-86.769986
-86.360199
-95.785575
-83.325951
-86.840218
-66.332587
-89.794884
-108.938399
-104.407599
-74.092617
-88.081987
-106.825410
-82.146157
-81.678831
-87.726580
-71.518464
-81.889800
-85.283328
-77.182216
-98.584381
-87.558004
-75.273829
-74.835288
-84.662762
-90.532316
-83.001031
-89.125467
-86.581028
-98.604888
-63.229754
-81.220150
-70.236288
-88.802515
-79.089524
-85.692467
-76.246736
-81.792459
-101.792543
-77.554473
-81.922654
-92.455960
-92.829769
-75.497308
-77.846238
-74.115140
-82.060321
-87.485588
-79.156671
-78.686779
-82.793617
-91.325030
-80.391340
-108.234821
-84.407294
-92.878337
-72.006717
-69.232196
-69.404530
-89.608349
-79.659390
-91.931145
-57.575739
-92.779461
-105.406489
-78.520401
-90.837762
-82.303770
-80.952849
-80.257788
-60.566757
-97.884157
-96.629484
-100.952808
-111.768256
-89.517224
-76.459592
-86.290154
-92.686937
-100.542627
-90.422150
-88.495857
-66.887662
-93.543569
-113.985067
-83.645852
-84.244939
-100.354729
-63.261075
-85.457108
-90.666760
-91.756881
-66.242009
-68.823377
-94.137343
-74.831669
-91.646352
-69.263783
-83.454295
-106.156537
-111.003218
-94.942905
-59.033698
-74.601170
-86.430045
-73.120544
-67.086223
-83.576177
-84.043920
-73.081767
-87.837963
-122.657624
-78.143224
-88.387549
-59.587183
-88.183359
-101.755542
-98.919823
-100.454966
-95.066346
-97.588141
-84.795814
-99.148495
-79.981530
-91.527992
-91.058750
-72.765139
-78.492735
-90.764369
-85.853832
-70.794908
-88.238669
-79.525058
-92.899973
-77.447435
-75.363511
-89.374838
-81.855398
-70.093355
-87.911885
-108.230474
-103.419824
-86.912677
-86.713234
-76.671995
-100.871849
-83.147190
-98.002775
-90.596790
-96.506321
-110.607138
-81.121433
-78.318255
-93.039552
-91.097432
-101.359713
-79.718579
-108.434846
-87.534558
-73.005252
-85.807333
-101.445843
-103.279534
-87.480565
-85.431491
-106.643961
-70.158158
-65.932117
-66.393024
-107.435737
-88.014565
-86.243056
-100.030940
-101.801503
-89.373127
-68.287859
-96.797336
-102.591202
-91.309483
-78.167035
-82.541568
-63.954504
-70.305932
-105.592581
-85.945347
-73.500805
-96.202187
-77.335185
-80.376431
-90.762121
-91.531691
-84.727484
-90.835434
-104.106489
-97.065518
-86.585115
-97.524230
-68.104157
-90.347962
-93.117547
-89.203759
-110.832435
-95.335111
-81.050374
-78.616950
-88.944771
-89.331227
-79.098006
-80.965116
-84.777966
-77.104573
-96.500796
-73.737528
-108.057637
-76.782103
-99.237965
-107.255989
-64.106557
-87.860742
-85.494406
-85.299123
-77.434443
-99.206212
-79.626816
-109.434091
-74.967330
-115.226159
-71.126107
-67.724606
-92.271466
-107.376252
-99.097371
-74.973118
-74.555776
-83.280298
-79.356207
-82.783311
-100.396766
-96.908607
-101.555493
-66.120301
-65.666879
-92.506273
-75.212882
-72.177211
-84.318300
-110.748742
-100.876458
-52.438572
-74.074206
-90.250941
-74.858583
-68.297236
-106.598055
-90.133560
-84.093210
-78.971272
-77.961117
-94.768100
-70.557437
-100.577614
-98.160107
-87.396827
-87.240472
-69.305958
-83.970999
-93.971363
-108.582566
-89.446533
-82.618586
-87.619941
-98.742048
-69.889412
-82.506275
-80.337906
-80.148126
-82.672663
-84.278365
-107.453227
-72.389827
-91.569294
-111.454460
-74.700800
-87.256785
-81.893565
-78.863100
-84.463017
-100.729787
-87.741441
-88.876621
-121.604032
-75.396826
-97.910004
-98.080928
-94.470822
-85.877355
-79.147300
-93.102247
-89.761160
-84.007165
-94.198961
-102.318409
-95.413666
-90.532388
-80.977679
-94.434677
-73.319518
-93.644315
-91.141001
-79.350212
-83.365034
-64.380787
-76.984258
-77.480373
-82.201307
-72.258893
-77.794608
-80.325543
-81.985735
-75.713220
-101.261675
-76.686356
-67.658056
-78.502093
-90.334529
-80.642947
-96.510005
-73.593197
-98.825564
-85.875587
-101.790198
-112.113271
-97.231050
-74.442053
-77.277673
-112.005318
-89.382697
-59.491579
-67.490417
-100.197761
-82.854015
-88.524154
-78.155153
-91.528543
-67.317734
-102.205684
-91.979298
-96.795530
-90.622580
-85.554498
-84.771409
-100.645912
-90.764494
-112.071719
-87.633374
-54.486208
-83.832957
-59.495436
-89.979544
-91.615796
-96.056291
-91.731224
-93.894419
-93.229852
-75.839041
-79.609359
-76.702482
-94.430824
-101.435007
-80.098523
-81.889896
-118.894917
-76.341275
-107.270900
-92.628600
-99.245805
-73.417365
-81.022276
-96.824286
-94.272405
-86.304166
-91.509888
-98.947506
-84.110200
-101.214156
-79.674504
-85.169585
-79.713940
-92.668385
-80.772595
-92.684392
-95.190022
-79.652406
-78.352999
-91.050580
-113.248334
-86.486585
-84.637300
-87.227036
-94.796620
-71.662410
-93.222978
-96.727553
-81.966497
-101.508427
-81.763578
-85.618561
-93.294470
-77.576002
-84.289883
-100.902585
-99.847295
-87.695624
-76.387672
-78.339595
-95.021369
-94.483736
-87.694620
-81.460421
-94.437473
-72.762581
-85.211338
-81.833113
-85.399720
-70.557958
-89.972026
-81.763476
-92.551919
-99.657404
-83.599546
-76.310792
-88.437124
-93.564671
-88.228527
-88.522856
-104.762957
-83.018715
-88.479739
-92.431958
-59.889200
-80.705982
-95.540669
-82.173921
-109.401761
-82.157855
-101.559091
-71.214273
-88.325609
-87.268594
-106.758702
-100.722548
-84.079039
-96.487622
-111.035449
-102.684912
-85.018377
-77.543195
-69.619504
-81.569963
-93.651938
-116.007889
-78.032738
-86.938237
-100.092346
-67.553257
-72.505102
-83.558891
-111.614292
-84.604173
-89.167432
-74.612622
-110.204030
-104.422592
-91.520465
-69.150021
-106.026675
-77.058891
-60.062332
-86.281493
-75.980802
-81.601147
-83.932612
-77.923918
-107.374470
-89.512577
-99.971248
-69.525164
-77.200657
-76.365941
-76.862479
-117.509351
-120.425268
-84.626322
-107.210912
-117.335833
-78.682210
-99.492290
-70.164461
-91.649815
-95.534276
-98.169639
-84.227583
-92.196985
-90.186004
-102.806219
-88.175349
-93.946239
-82.984535
-91.192125
-109.339114
-91.297736
-86.413063
-67.848538
-84.867083
-100.357591
-86.815045
-79.687524
-74.163842
-75.913843
-54.057478
-77.780234
-82.090076
-90.109973
-72.316470
-81.642740
-83.458867
-70.749798
-105.241331
-99.606233
-66.909681
-107.362819
-89.309092
-107.575784
-89.985705
-90.862958
-86.279361
-79.189344
-80.077186
-91.573343
-53.977483
-91.598416
-90.362688
-94.782133
-77.430285
-58.150982
-112.448126
-90.352496
-89.152033
-105.179782
-83.564409
-91.502656
-78.566526
-76.778423
-76.661775
-85.336391
-90.387175
-91.259454
-74.378424
-98.771260
-94.383102
-72.731062
-85.273593
-80.597474
-81.710185
-84.910710
-84.905809
-80.303106
-76.682340
-73.533759
-87.069870
-73.802225
-59.866984
-104.500181
-92.874402
-64.852709
-88.031928
-75.794705
-78.183196
-69.855726
-57.445424
-50.928157
-84.198344
-91.531495
-82.364009
-89.433468
-112.472290
-108.245891
-88.522243
-94.535823
-84.512850
-91.579616
-93.729388
-108.709403
-98.225055
-91.836935
-93.081581
-82.414528
-86.176181
-95.835191
-107.229591
-103.778964
-90.160412
-97.164615
-60.336140
-82.573720
-92.328547
-88.659491
-70.621579
-87.742161
-84.525103
-86.702042
-91.312340
-105.629145
-86.570946
-77.266703
-88.354723
-97.828259
-83.423868
-93.491598
-104.580561
-76.690885
-79.434771
-68.847745
-121.001689
-85.408700
-96.754718
-104.709881
-81.617129
