-0.015436
-0.097710
-0.010827
-0.001510
-0.202576
-0.018454
-0.054171
-0.013927
-0.004785
-0.003890
-0.035758
-0.445735
-0.000788
-0.001928
-0.145029
-0.000347
-0.020766
-0.000455
-0.002153
-0.034972
-0.021416
-0.004468
-0.088830
-0.052128
-0.533629
-0.024581
-0.001204
-0.000328
-0.001468
-0.001888
-0.701189
-0.003193
-0.000541
-0.009883
-0.099561
-0.047844
-0.043077
-0.025644
-0.008832
-0.000045
-0.000008
-0.014325
-0.000042
-0.054200
-0.000090
-0.001532
-0.007208
-0.035772
-0.000107
-0.027894
-0.010741
-0.005390
-0.062699
-0.001510
-0.065231
-0.000122
-0.000524
-0.267534
-0.425329
-0.001355
-0.000884
-0.007152
-0.323692
-0.000880
-0.014441
-0.000120
-0.000634
-0.001189
-0.000290
-0.002039
-0.000260
-0.022105
-0.000194
-0.005934
-0.310642
-0.035813
-0.009890
-0.025851
-0.000469
-0.006734
-0.000141
-0.056397
-0.177857
-0.000664
-0.040153
-0.022351
-0.048453
-0.000023
-0.113436
-0.006869
-0.011126
-0.047727
-0.029627
-0.000270
-0.021136
-0.100647
-0.191366
-0.003678
-0.026525
-0.008092
-0.004990
-0.000574
-0.157351
-0.000480
-0.027060
-0.005096
-0.000194
-0.094866
-0.081818
-0.009334
-0.009241
-0.001677
-0.023541
-0.004660
-0.035907
-0.000019
-0.003461
-0.416091
-0.060095
-0.007648
-0.000000
-0.061707
-0.027837
-0.004557
-0.180114
-0.013743
-0.001211
-0.071153
-0.001513
-0.673889
-0.000479
-0.000006
-0.001698
-0.004063
-0.024634
-0.116644
-0.071379
-0.003153
-0.025068
-0.000179
-0.085880
-0.002349
-0.047423
-0.098632
-0.000005
-0.013242
-0.000150
-0.001784
-0.031305
-0.060515
-0.161266
-0.000007
-0.019558
-0.000000
-0.333769
-0.000838
-0.006109
-0.000173
-0.225415
-0.300819
-0.000000
-0.000048
-0.007495
-0.001945
-0.000054
-0.006543
-0.005654
-0.005138
-0.117739
-0.001521
-0.015588
-0.006560
-0.017526
-0.058873
-0.031441
-0.002735
-0.001345
-0.002603
-0.052113
-0.000210
-0.011673
-0.002004
-0.001041
-0.001205
-0.021660
-0.012933
-0.014031
-0.004881
-0.001997
-0.008672
-0.153751
-0.000001
-0.006815
-0.268535
-0.001006
-0.000142
-0.279269
-0.028941
-0.024595
-0.047431
-0.002469
-0.002048
-0.003845
-0.001466
-0.352767
-0.008632
-0.029533
-0.000782
-0.385926
-0.007656
-0.214647
-0.003539
-0.106400
-0.054856
-0.009601
-0.000755
-0.171863
-0.014070
-0.128813
-0.035088
-0.061172
-0.002068
-0.174762
-0.107659
-0.012084
-0.141474
-0.016083
-0.006584
-0.001003
-0.019523
-0.004805
-0.034526
-0.037627
-0.067200
-0.017525
-0.213361
-0.937568
-0.007712
-0.008615
-0.025488
-0.066802
-0.004541
-0.327457
-0.097263
-0.002760
-0.966877
-0.000003
-0.045152
-0.064986
-0.126155
-0.089194
-0.013893
-1.013890
-0.080170
-0.000734
-0.025995
-0.018892
-0.337481
-0.008856
-0.001388
-0.000015
-0.000098
-0.013965
-0.003811
-0.009173
-0.001782
-0.003710
-0.002619
-0.000245
-0.004649
-0.096150
-0.001114
-0.007206
-0.000347
-0.050303
-0.124567
-0.013934
-0.008233
-0.009925
-0.000248
-0.000823
-0.033304
-0.000002
-0.001129
-0.013778
-0.092850
-0.001896
-0.002387
-0.030883
-0.001651
-0.000019
-0.205234
-0.212210
-0.081643
-0.006704
-0.000280
-0.343912
-0.006121
-0.001366
-0.000265
-0.072258
-0.006709
-0.010983
-0.002261
-0.000164
-0.012338
-0.000432
-0.072216
-0.022991
-0.000200
-0.019602
-0.001139
-0.022059
-0.000440
-0.630608
-0.002993
-0.004401
-0.934786
-0.004110
-0.000257
-0.211075
-0.013150
-0.052376
-0.211838
-0.005652
-0.000619
-0.222345
-0.000394
-0.000044
-0.000088
-0.020548
-0.000117
-0.001238
-0.002687
-0.000021
-0.157181
-0.087732
-0.186350
-0.006624
-0.003758
-0.091492
-0.006737
-0.141673
-0.076841
-0.060062
-0.000063
-0.009291
-0.050370
-0.178609
-0.096179
-0.000341
-0.011532
-0.008538
-0.018261
-0.005598
-0.420667
-0.399785
-0.111665
-0.072770
-0.070055
-0.022949
-0.160794
-0.009953
-0.626735
-0.012187
-0.003389
-0.001137
-0.035902
-0.004189
-0.116442
-0.004010
-0.017432
-0.094025
-0.253566
-0.006560
-0.027147
-0.002875
-0.014338
-0.018557
-0.011133
-0.000919
-0.712180
-0.003703
-0.053242
-0.230743
-0.006735
-0.000342
-0.000118
-0.856398
-0.000101
-0.000644
-0.022259
-0.000119
-0.008521
-0.000000
-0.000002
-0.253326
-0.040547
-0.000019
-0.035801
-0.061301
-0.000141
-0.121227
-0.124743
-0.127985
-0.167601
-0.026200
-0.000857
-0.015924
-0.002018
-0.000109
-0.104220
-0.012686
-0.031028
-0.004272
-0.090682
-0.005386
-0.007384
-0.878634
-0.000218
-0.014535
-0.000034
-0.054221
-0.000559
-0.175037
-0.083185
-0.000478
-0.030480
-0.000204
-0.065636
-0.465225
-0.048903
-0.021005
-0.003404
-0.182291
-0.014580
-0.060100
-0.000099
-0.000097
-0.051235
-0.000851
-0.000004
-0.000940
-0.062067
-0.009064
-0.087965
-0.002106
-0.000582
-0.002307
-0.276512
-0.008490
-0.000410
-0.000013
-0.101485
-0.001066
-0.000222
-0.001092
-0.331613
-0.000623
-0.164109
-0.039343
-0.208222
-0.012037
-0.008303
-0.011786
-0.176656
-0.321503
-0.020035
-0.000265
-0.012528
-0.000000
-0.048591
-0.010853
-0.000001
-0.007215
-0.005598
-0.001071
-0.106550
-0.004117
-0.005668
-0.000035
-0.054777
-0.004555
-0.000028
-0.002310
-0.017913
-0.048140
-0.036224
-0.007302
-0.020811
-0.021944
-0.000120
-0.021087
-0.267883
-0.075292
-0.078481
-0.028577
-0.044372
-0.015079
-0.002164
-0.000832
-0.141165
-0.805089
-0.005499
-0.003099
-0.109006
-0.002057
-0.006009
-0.000768
-0.196409
-0.000936
-0.026282
-0.013743
-0.010006
-0.015817
-0.950370
-0.079956
-0.000493
-0.009118
-0.006470
-0.185004
-0.065287
-0.007474
-0.004307
-0.002335
-0.000348
-0.029457
-0.018557
-0.051216
-0.070711
-0.005106
-0.008278
-0.040756
-0.033361
-0.000002
-0.007296
-0.513648
-0.003003
-0.000007
-0.019463
-0.014753
-0.000230
-0.000233
-0.005223
-0.072581
-0.000205
-0.000024
-0.013507
-0.000336
-0.365018
-0.003241
-0.008003
-0.827744
-0.018447
-0.027804
-0.000563
-0.000051
-0.162756
-0.000518
-0.000141
-0.333453
-0.000004
-0.000467
-0.029743
-0.046481
-0.033917
-0.000314
-0.033879
-0.004310
-0.018091
-0.473866
-0.073701
-0.035168
-0.044202
-0.000006
-0.001076
-0.272924
-0.001192
-0.024136
-0.018772
-0.018417
-0.021635
-0.007997
-0.247343
-0.001043
-0.011453
-0.046952
-0.059912
-0.015161
-0.011669
-0.000258
-0.039320
-0.302942
-0.482350
-0.012482
-0.096986
-0.001336
-0.003077
-0.014911
-0.015021
-0.000021
-0.089603
-0.305340
-0.866425
-0.014286
-0.041154
-0.118002
-0.033285
-0.011484
-0.000020
-0.009356
-0.003398
-0.023513
-0.001134
-0.010593
-0.111429
-0.001716
-0.002915
-0.025607
-0.000992
-0.015599
-0.000316
-0.017778
-0.000000
-0.005485
-0.026318
-0.001073
-0.189699
-0.016653
-0.044018
-0.060861
-0.001434
-0.020381
-0.034495
-0.214738
-0.048541
-0.000581
-0.009972
-0.001589
-0.000946
-0.000001
-0.017638
-0.000076
-0.001726
-0.000647
-0.056868
-0.251629
-0.008044
-0.001382
-0.000053
-0.036831
-0.001724
-0.604113
-0.329056
-0.036533
-0.001309
-0.007422
-0.000046
-0.025318
-0.082161
-0.182463
-0.164267
-0.020336
