-0.536402
-1.770521
-0.224103
-0.036523
-0.516874
-0.152408
-2.054290
-3.244717
-1.658305
-8.814832
-1.572674
-1.365469
-0.523171
-2.771766
-1.246733
-0.085513
-0.558767
-0.029538
-0.659750
-2.728256
-4.035994
-0.016468
-0.335148
-2.992806
-6.268912
-0.058354
-3.384058
-1.983767
-9.077844
-3.442102
-3.705157
-3.775643
-3.062836
-1.280824
-9.570533
-4.648416
-1.645760
-0.833505
-1.443286
-1.598661
-1.862636
-1.287209
-0.468810
-3.019512
-0.354622
-1.086677
-2.322249
-6.304276
-2.131491
-0.930437
-0.179199
-2.791530
-0.017700
-3.064045
-1.192541
-0.052045
-3.610498
-0.129862
-0.766593
-5.711438
-3.462037
-5.751298
-3.116776
-0.284225
-5.283860
-2.840032
-3.698009
-1.766256
-2.380438
-2.515532
-1.675034
-1.742165
-0.340254
-1.459637
-1.592700
-4.265790
-2.756579
-0.235019
-2.874438
-0.583582
-0.030640
-3.378374
-3.047297
-2.203019
-2.927478
-0.262069
-1.458064
-5.909155
-0.052759
-2.532527
-0.882434
-3.408394
-1.116953
-2.572233
-1.774183
-0.903041
-1.310706
-0.576258
-5.466180
-0.240424
-0.764050
-0.382775
-7.235915
-1.452306
-0.356351
-4.493368
-2.806053
-1.965121
-4.319068
-2.277002
-0.102605
-0.300107
-4.901454
-1.369561
-0.583462
-0.348762
-0.824005
-0.469965
-7.727752
-5.704886
-1.533062
-2.125686
-3.741329
-0.562450
-5.724630
-1.229019
-1.562167
-2.080473
-3.102805
-0.866272
-3.073855
-1.677435
-1.471848
-0.928875
-2.897000
-2.997131
-2.821918
-5.921535
-3.465464
-3.838000
-4.385122
-4.674428
-2.576544
-5.319614
-2.586309
-3.233257
-3.304980
-0.077848
-7.584352
-0.390375
-1.127652
-7.992466
-5.868970
-0.810952
-6.446358
-0.055007
-7.725231
-3.256284
-3.352094
-1.830456
-2.930998
-1.609752
-2.160717
-5.345852
-1.294804
-7.117177
-2.138001
-4.454745
-0.859177
-1.816179
-0.371616
-1.988668
-4.260873
-2.872481
-2.300057
-0.479283
-1.529659
-7.042985
-3.572574
-2.429187
-1.485075
-1.774982
-3.153201
-1.265301
-1.622652
-0.596365
-3.316058
-4.510596
-3.276674
-2.170628
-5.288019
-5.296657
-2.251784
-0.538311
-4.009788
-0.229756
-0.194914
-4.633059
-1.642325
-0.679133
-2.329745
-3.950006
-3.899852
-0.356622
-2.144564
-1.390399
-1.645297
-1.633012
-2.968307
-1.074259
-3.540143
-2.717759
-1.560999
-2.616346
-0.503585
-0.240784
-2.319744
-2.454602
-0.007271
-1.305155
-1.574255
-1.125832
-6.643692
-0.071556
-2.093762
-0.785254
-0.363482
-2.501629
-0.009733
-2.343578
-0.415662
-1.234939
-1.430284
-4.414412
-1.425594
-7.959935
-4.749524
-3.366914
-2.262621
-4.335525
-2.254477
-4.417981
-0.036928
-5.703340
-6.274421
-1.743321
-2.182655
-0.692447
-3.716464
-1.761686
-4.551205
-4.274658
-0.797947
-8.930565
-1.739088
-1.881964
-3.046853
-2.941093
-3.456781
-2.636195
-0.878902
-5.174942
-0.695490
-0.524751
-1.231070
-4.192226
-2.051060
-1.932798
-0.344294
-1.754196
-5.113178
-0.911921
-2.412789
-7.612449
-7.697837
-1.312122
-4.529575
-4.554739
-1.839765
-4.158006
-2.512615
-2.645968
-2.192093
-2.504127
-7.307026
-5.859600
-0.910036
-1.976924
-3.667877
-1.592512
-3.018317
-1.343042
-2.364603
-2.394293
-2.936720
-2.502086
-2.012897
-0.051406
-2.793206
-2.301102
-0.160623
-2.286160
-1.128765
-2.747767
-4.770329
-8.702792
-2.495725
-0.778971
-1.161324
-4.525659
-0.174267
-0.578946
-1.942246
-1.770323
-0.534689
-0.070233
-7.001947
-3.949411
-2.107515
-2.047808
-7.036881
-0.025899
-1.245991
-4.663379
-3.019684
-8.276511
-2.930789
-1.094299
-3.350124
-0.665498
-1.631000
-0.043692
-0.614886
-8.822258
-0.199265
-2.864691
-1.195989
-8.111767
-0.999028
-0.035296
-2.316325
-1.926322
-7.443084
-0.200436
-2.287356
-1.405545
-1.245295
-0.135283
-2.315994
-1.738585
-1.249903
-6.273349
-0.242862
-8.152674
-1.597739
-5.264104
-2.499298
-3.827297
-1.483698
-2.738174
-0.318689
-0.596956
-2.605770
-1.849061
-2.803008
-0.156195
-3.417586
-1.791846
-0.361356
-4.355138
-3.300697
-0.000169
-6.007685
-1.443318
-2.510327
-1.565437
-2.607206
-1.470077
-5.049751
-2.238174
-4.175071
-3.685770
-1.797321
-1.747435
-0.084608
-1.874228
-6.209256
-0.039720
-0.898403
-1.078085
-2.061069
-1.327149
-5.753673
-0.806225
-2.730319
-3.797300
-3.034327
-0.837300
-3.178211
-1.787169
-3.103684
-2.828349
-0.628325
-2.254648
-1.046148
-1.484339
-7.656851
-1.370315
-2.661722
-2.221066
-3.858937
-0.601000
-4.062245
-8.752266
-2.877785
-2.680454
-3.927708
-0.497355
-1.586049
-3.239110
-7.147888
-0.104470
-0.414554
-0.482089
-4.345517
-4.136990
-3.648384
-1.344436
-8.783946
-0.542881
-5.559838
-0.396532
-3.921178
-1.329519
-1.981705
-1.423503
-0.077684
-3.157150
-0.964781
-1.032260
-1.556299
-3.262999
-7.519295
-0.923003
-0.866895
-0.608981
-1.187766
-1.451800
-3.787809
-2.258373
-0.331528
-1.709974
-3.021616
-3.477426
-3.615370
-4.312959
-3.596264
-3.144293
-4.749305
-0.983919
-2.353886
-3.310023
-3.053162
-1.167554
-0.244703
-2.122372
-3.260349
-1.727921
-4.899298
-0.520144
-10.726948
-2.503295
-0.359728
-3.387702
-2.173032
-0.467931
-3.358674
-3.172161
-2.416972
-4.163232
-0.221878
-3.086490
-3.070167
-4.395572
-1.709369
-4.710543
-4.433799
-0.936579
-2.604137
-2.840100
-2.056325
-2.443717
-6.521257
-2.282025
-2.368863
-5.269360
-2.938821
-0.501877
-3.463023
-4.563857
-1.589289
-4.324894
-0.008828
-0.650893
-2.908714
-1.554186
-0.431628
-2.549259
-0.247430
-1.355183
-1.358515
-1.221220
-4.158122
-3.602119
-4.122944
-3.786666
-3.449812
-4.332516
-2.188971
-4.743330
-1.585387
-7.380517
-1.594453
-1.196964
-1.136331
-1.885818
-0.396232
-0.609011
-2.138071
-9.551017
-2.603839
-3.939032
-4.659430
-3.585645
-1.294682
-6.289673
-0.259321
-3.329675
-1.855740
-2.108097
-0.305608
-1.279055
-1.233414
-4.900659
-8.102234
-4.405651
-2.866050
-1.540642
-2.928452
-1.141573
-0.710292
-2.700328
-4.074251
-5.042631
-3.570432
-4.555675
-4.002483
-9.052425
-3.570604
-5.616252
-0.210732
-4.515611
-1.554937
-2.422391
-1.488280
-2.955407
-3.185049
-4.281375
-2.528788
-4.439058
-4.905191
-0.818881
-2.969153
-3.567056
-1.877369
-2.111447
-1.026986
-2.386414
-1.274664
-5.549489
-2.317581
-6.049585
-2.860181
-4.224680
-1.803101
-0.422030
-5.031983
-3.961235
-0.060566
-0.268391
-5.178477
-0.860349
-2.927050
-4.592364
-3.188357
-5.930791
-1.913898
-1.104145
-0.582277
-3.975619
-5.838420
-7.549476
-0.609100
-1.010022
-0.917494
-1.367577
-2.242669
-2.761025
-0.182577
-0.638368
-0.517516
-4.135041
-6.515244
-2.105338
-3.833929
-1.214295
-0.645959
-0.107508
-1.046131
-4.210992
-3.243970
-1.963374
-1.305094
-1.300424
-2.693108
-0.557314
-0.367580
-6.543695
-0.025020
-1.645078
-2.145698
-1.712983
-3.004850
-5.733126
-1.363407
-0.018854
-1.578524
-3.869584
-1.082309
-5.108253
-1.277083
-1.695040
-4.754587
-1.064911
-3.581670
-0.706033
-0.113659
-3.641406
-0.793464
-3.084954
-1.354528
-1.365947
-3.333511
-3.992981
-0.158575
-0.687533
-3.124455
-0.239716
-0.672330
-2.926787
-0.790183
-0.014799
-0.391522
-0.748694
-3.339351
-4.479181
-4.548197
-0.270820
-3.713809
-0.564222
-2.260914
-1.170616
-1.772803
-0.551400
-2.683972
-0.113969
-0.443815
-0.248295
-4.150473
-0.226735
-0.755773
-0.506023
-3.237494
-3.522394
-0.609333
-1.942100
-2.356626
-0.999785
-2.360455
-0.181255
-1.322565
-3.155163
-0.570485
-5.095603
-5.306317
-0.065134
-1.394395
-0.404416
-0.604835
-0.062416
-1.415121
-4.954405
-0.393102
-4.827474
-4.161451
-1.403543
-0.863148
-1.468203
-2.458136
-0.616633
-1.603568
-2.178258
-3.494749
-4.560076
-2.352241
-3.386296
-5.700637
-0.011651
-0.660731
-0.997942
-0.251563
-8.578087
-2.887092
-0.525049
-6.260161
-3.907395
-0.244996
-4.907727
-3.884178
-0.785417
-0.167004
-8.695772
-5.662860
-1.129488
-1.548210
-3.096023
-1.658888
-1.583053
-3.406671
-0.570983
-6.082914
-4.443669
-2.355087
-6.320988
-2.855427
-3.813801
-0.425053
-0.489250
-2.878430
-1.016667
-0.695839
-2.335602
-2.473327
-2.504107
-5.998259
-2.182696
-0.181993
-3.274911
-4.931094
-4.440140
-3.106395
-1.369300
-4.268722
-6.415889
-3.297610
-1.758187
-0.956238
-2.765039
-1.620803
-5.298719
-2.327247
-1.275693
-4.411650
-0.876617
-1.773637
-0.122128
-3.988503
-1.430550
-0.828045
-2.066073
-1.007121
-0.678996
-2.421780
-1.572047
-4.183984
-2.048742
-3.498974
-4.556955
-4.882391
-4.741467
-0.932373
-2.710203
-0.949204
-4.607146
-0.580800
-2.558039
-2.046798
-2.539391
-6.916854
-0.844689
-0.062664
-0.146477
-8.583205
-0.196726
-1.217787
-6.724083
-4.935676
-1.034961
-6.907492
-4.920454
-2.014157
-3.533377
-3.443954
-0.374483
-1.597460
-0.345773
-2.089941
-5.076695
-1.854777
-4.966429
-1.553986
-0.000608
-5.812299
-1.732004
-9.187582
-3.291464
-3.988503
-3.258580
-1.428847
-5.007607
-5.689418
-2.591011
-0.424932
-0.514178
-0.638856
-1.889023
-4.416388
-3.671878
-2.365972
-4.938258
-2.922222
-2.019044
-0.498390
-0.174447
-3.515138
-7.048193
-0.765431
-0.111165
-7.883616
-0.949591
-2.641518
-5.000568
-2.425488
-1.232063
-7.470720
-1.751933
-1.456230
-3.453728
-8.143263
-2.517949
-6.304065
-0.023423
-0.080666
-2.924019
-3.682607
-0.275496
-0.369853
-2.244804
-4.265863
-0.029080
-0.437655
-0.086055
-3.594479
-4.867704
-0.059904
-0.288025
-6.979177
-0.853081
-3.576129
-2.205729
-3.545811
-1.825372
-1.380755
-0.934589
-1.684015
-6.757783
-2.664578
-0.725032
-3.430191
-2.602852
-2.478714
-4.345126
-2.790421
-3.683415
-1.236153
-2.201208
-0.203948
-2.196233
-3.191868
-1.957749
-5.770298
-4.482757
-1.765685
-0.582915
-4.734106
-0.479813
-1.403884
-0.715898
-0.726762
-1.877178
-0.202838
-1.911439
-2.735435
-2.685329
-3.023008
-4.824876
-1.016236
-0.120520
-4.894109
-2.157435
-0.013584
-2.407633
-3.447134
-0.848322
-0.251943
-2.294825
-5.582962
-2.320406
-0.990855
-0.206030
-1.316590
-0.344321
-2.033009
-1.042014
-3.576870
-1.008447
-6.581821
-5.382660
-0.291176
-2.386215
-0.810906
-0.353171
-5.895749
-0.049181
-0.445138
-6.147430
-5.646383
-1.677602
-2.520544
-3.058761
-8.382484
-0.125270
-6.109185
-5.772671
-0.095014
-6.435311
-0.572533
-1.054290
-6.404203
-0.156309
-2.432327
-6.161342
-5.251908
-2.781059
-0.915686
-8.107769
-2.438407
-4.438883
-0.199485
-4.309287
-5.983042
-1.232216
-4.442654
-4.934632
-0.060708
-6.395785
-4.391498
-0.661910
-3.762312
-0.969934
-4.448195
-4.672299
-0.769780
-4.564017
-2.585620
-2.504581
-3.725741
-5.053849
-4.189780
-1.613382
-3.709469
-2.129289
-2.303050
-3.949456
-0.169399
-1.656387
-5.598227
-8.604084
-0.345007
-2.121642
-0.596030
-0.006937
-0.804985
-5.680764
-1.051115
-0.973712
-2.788815
-0.238493
-2.822507
-1.284439
-2.336451
-0.854733
-0.450246
-0.369207
-0.227934
-0.875085
-7.005997
-0.709058
-4.010276
-1.014776
-1.238374
-0.226182
-4.302468
-4.183244
-2.943466
-4.143648
-4.712413
-2.925466
-3.453103
-0.826127
-2.999243
-2.521257
-3.199449
-5.404777
-0.196035
-4.901376
-5.543425
-3.771854
-3.798471
-1.019592
-3.396743
-1.888602
-0.901323
-0.005007
-2.426041
-4.406695
-4.417639
-4.159803
-0.471497
-7.148556
-0.117857
-0.286395
-4.083202
-2.179784
-4.406559
-0.600461
-0.787645
-1.254552
-6.874426
-1.765653
-4.797346
-6.002807
-3.717480
-3.080453
-4.896336
-7.120012
-2.636152
-4.341368
-7.797538
-4.488914
-3.003783
-2.828794
-1.576396
-4.554246
-0.722703
-0.719713
-1.600816
-2.906464
-1.410574
-3.145711
-1.722448
-2.110280
-1.799819
-4.401842
-7.615951
-0.517514
-0.209293
-8.386621
-0.969113
-0.563971
-3.941598
-3.662461
-0.994964
-0.893708
-0.936404
-0.831071
-0.491155
-0.399313
-0.654993
-3.637056
-1.716748
-0.015236
-1.886739
-2.921982
-1.573205
-0.584371
-8.448811
-10.758797
-2.917007
-3.104727
-0.913147
-0.544068
-0.007880
-6.995113
-2.110298
-1.406770
-3.595202
-3.206754
-2.786943
-7.323770
-3.455077
-0.904356
-1.202538
-4.012802
-3.762793
-1.067582
-3.816619
-1.392032
-4.748796
-4.779419
-0.086251
-5.222751
-3.905439
-0.790260
-0.072134
-0.939379
-7.107969
-0.011226
-1.377678
-10.482733
-3.117943
-0.158111
-0.266073
-4.180830
-3.653820
-2.705215
-0.663776
-1.026505
-2.103635
-5.550699
-0.051873
-3.743170
-0.666322
-3.871111
-3.059360
-5.819554
-3.331133
-0.117896
-2.232918
-2.606288
-2.431583
-0.009582
-2.755873
-7.042990
-2.784837
-1.046724
-2.194217
-3.410610
-0.636237
-2.618259
-2.934716
-4.257851
-1.263402
-2.768547
-8.448705
-5.472786
-0.846516
-1.704228
-4.641630
-3.056951
-0.062190
-0.025917
-3.565510
-0.619948
-1.942012
-1.986856
-5.341462
-5.906979
-1.949343
-3.117569
-0.725574
-3.339548
-4.637383
-2.771219
-2.190316
-3.463629
-1.349917
-2.526635
-4.226356
-8.345050
-2.709318
-4.021893
-2.736518
-3.899089
-1.362342
-0.864694
-2.440489
-4.687761
-4.129358
-4.843526
-4.020965
-0.007944
-0.573777
-0.996814
-0.779125
-1.112772
-1.957491
-1.451866
-2.740405
-5.810118
-2.318542
-0.314000
-1.210728
-2.580079
-0.710094
-1.973637
-2.207535
-3.225895
-8.237833
-1.869030
-1.001095
-0.171087
-0.104975
-5.510014
-7.542284
-3.700148
-0.446194
