-34.830976
-48.848761
-37.199660
-57.124604
-34.142687
-34.926267
-38.783621
-53.091249
-53.727621
-57.481009
-48.380207
-48.726716
-44.911456
-31.837609
-47.134202
-36.121392
-48.853780
-53.155056
-44.824721
-58.531197
-44.855442
-31.762411
-45.216287
-49.519471
-43.745884
-42.344364
-47.259052
-41.382256
-39.094478
-39.291877
-42.855469
-43.373486
-38.352849
-54.181073
-39.830333
-41.240472
-44.072718
-45.874215
-42.448504
-49.110273
-31.102128
-46.714087
-36.201329
-24.756546
-45.028968
-49.722610
-41.113685
-48.063529
-32.644459
-47.508101
-43.848608
-59.152886
-52.218023
-47.778787
-35.089943
-32.956461
-45.183933
-47.447769
-49.538546
-55.664697
-21.706069
-49.027727
-38.433086
-37.882133
-34.449829
-37.610127
-52.866080
-27.452843
-36.136894
-42.916657
-45.792893
-54.333913
-50.941621
-40.426267
-36.699185
-57.771389
-39.099245
-46.756070
-44.549226
-34.912196
-46.480196
-51.942375
-45.577956
-36.174568
-62.389302
-51.426695
-34.290893
-41.560180
-50.227177
-36.086489
-29.435288
-45.994798
-54.340102
-41.247390
-42.632410
-51.671309
-47.356574
-40.437742
-48.493944
-40.737522
-43.425156
-42.537433
-30.878866
-57.107288
-49.852595
-43.127689
-38.127693
-43.091264
-39.879172
-44.389634
-40.432096
-52.489527
-26.670675
-53.001868
-34.970979
-55.753649
-54.259894
-48.102876
-47.295691
-21.832589
-41.163441
-43.798595
-35.965382
-54.328039
-49.444512
-46.262948
-50.496596
-48.767349
-61.765852
-49.577556
-35.980896
-49.363608
-45.277972
-48.138194
-46.375397
-50.102493
-45.820134
-43.477457
-42.773858
-47.066219
-52.330405
-32.253121
-38.142762
-53.516108
-58.269211
-49.805446
-45.709380
-54.751324
-54.687244
-50.469737
-52.558152
-46.878738
-43.011568
-45.614258
-49.205247
-50.187936
-48.253811
-42.162651
-33.512009
-49.046697
-39.244308
-61.766634
-39.909308
-48.102246
-49.451736
-53.453306
-47.577304
-57.847498
-57.497437
-48.513756
-40.873601
-44.762309
-53.935347
-35.632650
-41.034781
-49.471062
-46.885663
-31.092166
-32.565043
-44.522558
-39.148529
-42.621035
-56.658379
-53.376904
-48.722579
-50.689277
-60.499246
-46.644125
-50.833617
-51.157799
-38.214758
-56.479609
-59.805935
-47.578788
-36.271163
-48.712343
-48.158398
-31.639789
-58.985878
-43.087506
-38.900393
-50.240637
-45.815712
-35.050285
-51.500334
-46.929602
-49.355604
-46.269520
-47.918148
-41.631227
-36.662839
-42.092947
-35.119297
-39.355917
-38.893189
-43.509911
-51.114570
-46.598710
-43.844716
-49.893199
-49.240595
-48.418926
-48.782958
-48.073825
-36.822925
-52.376984
-49.370399
-56.807074
-35.606934
-52.004966
-45.760926
-45.158409
-54.109303
-36.779389
-54.327784
-46.288809
-40.177138
-46.916368
-38.239118
-32.035048
-55.756107
-51.469836
-46.101327
-52.539132
-29.278172
-48.544541
-33.166207
-55.703983
-40.284793
-47.386275
-38.402783
-54.924933
-47.226349
-42.793446
-36.806458
-54.800503
-51.932194
-33.009409
-52.830429
-22.424845
-61.015397
-49.940125
-34.632950
-32.841547
-54.436121
-52.246636
-36.181616
-62.176747
-47.274183
-59.014498
-58.367183
-51.999178
-56.200495
-49.162316
-49.551648
-42.173727
-52.568699
-55.384305
-54.210867
-32.204698
-64.821791
-40.704537
-56.313960
-41.298595
-41.106423
-60.348396
-48.485192
-46.500702
-43.211920
-52.052446
-55.383013
-36.192451
-44.687062
-51.867814
-46.729388
-41.561248
-46.860590
-51.606560
-46.126525
-40.781910
-40.174914
-44.870966
-56.468357
-59.888018
-49.668818
-29.122561
-50.527363
-43.309125
-45.464617
-48.772073
-62.321983
-43.818538
-44.237576
-47.665665
-52.075600
-57.335420
-52.877261
-49.879443
-49.503752
-59.698327
-43.624334
-46.144656
-45.909483
-44.967303
-55.601331
-32.095935
-48.478081
-45.256510
-47.638154
-37.370968
-53.615842
-33.662663
-47.467491
-50.975471
-63.968843
-45.427968
-38.116839
-35.677104
-48.389911
-53.531305
-59.265389
-52.240035
-44.398022
-56.378050
-36.899632
-52.103024
-46.404522
-41.749438
-51.040002
-51.785920
-58.518447
-48.099126
-53.916328
-38.271358
-28.473756
-56.147327
-42.347942
-54.004478
-36.365890
-56.246883
-42.161613
-36.530714
-36.445263
-40.543697
-46.062242
-51.561236
-51.384914
-43.919194
-52.177317
-37.507810
-45.587647
-35.332586
-59.069541
-59.234573
-56.104599
-37.329444
-42.222044
-34.845029
-34.635484
-36.749498
-51.716713
-43.642380
-46.102060
-52.582135
-62.251255
-42.581514
-40.865655
-54.255752
-48.602876
-36.603203
-26.743935
-59.654966
-41.031714
-42.929476
-57.171343
-56.743346
-45.766850
-44.403856
-49.589264
-37.184835
-54.767282
-48.531368
-50.532944
-56.849725
-41.300956
-54.251769
-34.735653
-47.616010
-45.045616
-37.713038
-38.961571
-55.291868
-52.147276
-54.354934
-40.220752
-44.914127
-39.644427
-38.451392
-39.672743
-48.583346
-31.674118
-40.824374
-47.196756
-52.527121
-51.941877
-35.583448
-52.234409
-42.501201
-35.281653
-31.578393
-66.596815
-43.621769
-53.867003
-28.790606
-58.419528
-37.678918
-46.886379
-65.810157
-49.754137
-43.248747
-53.370064
-56.087955
-49.601100
-56.390050
-53.957535
-47.191196
-47.992379
-22.534380
-46.521902
-38.461181
-32.432493
-37.267014
-43.753126
-55.168417
-44.788865
-46.000767
-29.413972
-42.799219
-52.023206
-48.721787
-55.410799
-52.592979
-41.141889
-46.768032
-36.932002
-43.341573
-51.384000
-48.056738
-49.619935
-45.820326
-49.497346
-50.794255
-39.710008
-34.695706
-52.379172
-41.047897
-51.160310
-48.949635
-52.626067
-39.842875
-41.858624
-50.127609
-60.160463
-45.901884
-20.609323
-44.299107
-43.186668
-41.047159
-41.853576
-49.961012
-54.642610
-57.729131
-62.271669
-60.821036
-46.279549
-38.558379
-29.450630
-52.305877
-52.224420
-41.882502
-53.138372
-50.317308
-49.614879
-44.260920
-33.631401
-52.702741
-42.027581
-55.879097
-45.870666
-55.139374
-61.957453
-37.950897
-50.736502
-48.661282
-52.111667
-52.206879
-50.935956
-40.171257
-47.814030
-36.957046
-33.511587
-34.773177
-52.340701
-51.579934
-61.549322
-62.842208
-57.009311
-52.361512
-42.269405
-33.725475
-47.136062
-49.668344
-45.945443
-63.040904
-30.732302
-59.274922
-48.922679
-51.009642
-53.828263
-46.579236
-55.358148
-50.546804
-34.340382
-50.757162
-38.934299
-41.519000
-51.741379
-46.719075
-47.178028
-50.397967
-42.048390
-51.493414
-32.494202
-41.215778
-52.175950
-37.191800
-38.396024
-35.526553
-41.328458
-42.884516
-47.124569
-48.368837
-45.738700
-38.128594
-52.907458
-42.817215
-43.821775
-50.549071
-48.195592
-40.363178
-31.602187
-51.317724
-44.850099
-48.847159
-29.380412
-50.035844
-35.014391
-36.921858
-41.217745
-54.561826
-30.109177
-49.415054
-43.334538
-58.979802
-57.468524
-46.125003
-44.032476
-45.432172
-50.821876
-38.298094
-50.200376
-28.928310
-55.995533
-39.653031
-32.297367
-47.458927
-42.625237
-41.582880
-42.943587
-46.677490
-42.199525
-38.352673
-35.927056
-49.121749
-50.902552
-51.584954
-40.835006
-27.660545
-44.109524
-64.132566
-50.291577
-52.102056
-45.539638
-41.527312
-37.163363
-49.701276
-39.361614
-53.122983
-48.682322
-44.614784
-51.607053
-40.311173
-48.210352
-52.348755
-52.683211
-48.295812
-44.182559
-38.814799
-45.896773
-62.885465
-50.900124
-45.294046
-61.159618
-57.438331
-49.557760
-56.480374
-56.380101
-40.620703
-47.939350
-40.248741
-32.695323
-45.635669
-52.201843
-58.808022
-61.076324
-48.116570
-40.758983
-48.587965
-49.366495
-49.685630
-52.166701
-50.837135
-42.233832
-49.472971
-50.596239
-31.741180
-60.472811
-51.542098
-45.159353
-61.086309
-51.031006
-55.251860
-37.698187
-27.684550
-66.188828
-56.565474
-51.195767
-42.048678
-53.503829
-44.020263
-37.674792
-56.437935
-54.793178
-40.846421
-50.570901
-53.379660
-55.896620
-56.636021
-47.110651
-37.855315
-46.579720
-37.149748
-48.388344
-43.969050
-45.723929
-42.660770
-53.254906
-41.239313
-34.336329
-36.162518
-54.923526
-40.753914
-52.241435
-38.110298
-40.759019
-46.824824
-51.618876
-48.254185
-32.685829
-34.044006
-34.903887
-41.982476
-37.693707
-56.694454
-49.544547
-50.584349
-49.555609
-42.987087
-39.753693
-44.331758
-43.457454
-54.534476
-48.038851
-34.670258
-43.126156
-43.700814
-41.696828
-41.768381
-39.237549
-30.550008
-41.263300
-67.518735
-24.275748
-63.688586
-50.631748
-57.519221
-56.771252
-36.304704
-54.756348
-61.053503
-49.357036
-48.885040
-45.707501
-40.344830
-58.379660
-50.704716
-49.911671
-45.058179
-52.754720
-48.883646
-45.553354
-59.600879
-33.223017
-40.123921
-42.647754
-44.769535
-41.816137
-42.314744
-53.132430
-55.758729
-59.457000
-35.309482
-33.873063
-50.680440
-56.557139
-41.537476
-62.224717
-29.400538
-42.255953
-35.860524
-47.934463
-64.548198
-49.475813
-47.218449
-60.505859
-57.675861
-53.886079
-56.450114
-45.680089
-40.483382
-38.299213
-35.643778
-47.937492
-42.571312
-24.379977
-35.886022
-54.500451
-42.774451
-55.036815
-60.923437
-47.146586
-32.176166
-51.892104
-38.087061
-61.618357
-52.724319
-38.658340
-49.274644
-45.705126
-53.053360
-49.453296
-49.663874
-45.577094
-31.843888
-28.153126
-57.646284
-53.431207
-44.750960
-34.326182
-56.290644
-57.879940
-52.860568
-49.687903
-43.107330
-31.246593
-39.778125
-32.114532
-53.533259
-43.774986
-49.158557
-28.986770
-43.374375
-54.914602
-35.875708
-45.611662
-43.703059
-41.824059
-36.788958
-40.049719
-32.874052
-43.285169
-49.562221
-37.692414
-51.400682
-33.205151
-48.127773
-46.003476
-47.118719
-33.192701
-40.138534
-47.736216
-44.030066
-42.221640
-53.758003
-46.762439
-42.934763
-41.613671
-51.760280
-45.145768
-57.488574
-19.840122
-45.518124
-36.299580
-59.196422
-37.954097
-49.762951
-49.934752
-31.602980
-48.463077
-48.832424
-25.463496
-36.407175
-28.242630
-40.842509
-45.725141
-57.877042
-39.856155
-43.132658
-40.557702
-35.130658
-45.272200
-47.045368
-52.295721
-24.990385
-56.221646
-43.471909
-55.832280
-39.759230
-50.361920
-53.603609
-41.298221
-50.334540
-51.819965
-49.046269
-51.348538
-58.003451
-39.165393
-50.266052
-53.928727
-30.901693
-47.387353
-45.925819
-46.398991
-55.737827
-48.156103
-47.862187
-29.570081
-32.740451
-48.995632
-44.695054
-41.889515
-46.200739
-47.516629
-21.325658
-48.917681
-43.917412
-42.724084
-25.902800
-27.585604
-48.370993
-52.733188
-53.627518
-34.947845
-51.741329
-31.018525
-37.412375
-48.866956
-52.454524
-41.675928
-44.426710
-45.626565
-35.739020
-43.769086
-53.198837
-52.160607
-42.845044
-44.976724
-45.214641
-39.667174
-47.785444
-60.611750
-42.820367
-62.220145
-43.936097
-57.771712
-46.131403
-57.784130
-42.592636
-38.288948
-53.609432
-22.412947
-43.053124
-56.701476
-49.634872
-48.588569
-56.756526
-49.572558
-40.870193
-34.453335
-36.297921
-26.694168
-46.879799
-52.507721
-67.179934
-57.289250
-67.995799
-47.719003
-52.750466
-38.705225
-41.806965
-45.817159
-52.558235
-58.549462
-55.681049
-39.119889
-43.015488
-47.694643
-58.737230
-54.001509
-58.835967
-48.073250
-40.201336
-38.086405
-50.782298
-46.305416
-56.966958
-58.666021
-60.993643
-47.337465
-35.968533
-45.323173
-54.268769
-50.925193
-43.703584
-42.377918
-51.270121
-50.768586
-48.474391
-40.675943
-50.247262
-50.830184
-64.784008
-32.852362
-42.975577
-55.551763
-57.228541
-45.135281
-44.829843
-51.310558
-41.816279
-53.043750
-46.246226
-58.054766
-52.680928
-53.443066
-44.472661
-45.296508
-52.978336
-43.665852
-40.849400
-49.158239
-52.812789
-36.727591
-40.697867
-33.406457
-44.980136
-49.367367
-33.960222
-47.403620
-43.381415
-39.493377
-50.104646
-43.791414
-53.412658
-49.418011
-30.475680
-51.930313
-46.380115
-67.319862
-49.203604
-59.247870
-44.363574
-43.457146
-33.467184
-52.523936
-42.927316
-44.908951
-46.800163
-49.403138
-49.266203
-31.939818
-56.459739
-56.821651
-36.488825
-36.447608
-55.128333
-56.115459
-51.399646
-31.263667
-35.654684
-53.806572
-39.955352
-22.412524
-42.231325
-58.425497
-57.017645
-48.151808
-50.227943
-40.659051
-45.223128
-58.290533
-47.375593
-56.008554
-44.621599
-54.189221
-39.054866
-44.415930
-49.533044
-53.260378
-34.970978
-52.739509
-54.741769
-57.116376
-50.036921
-45.372735
-55.281709
-50.793733
-41.480566
-30.532127
-33.900811
-48.804821
-49.722666
-48.673784
-54.379513
-49.065788
-38.004933
-44.913626
-49.033149
-42.476785
-37.644049
-53.748933
-51.318160
-38.284614
-33.894535
-51.019176
-38.540811
-26.852630
-33.612352
-51.113616
-29.485053
-49.971179
-45.042250
-44.786013
-45.738942
-38.419883
-51.190631
-43.251600
-38.195588
-46.851167
-40.150596
-62.171369
-46.502136
-49.587280
-41.190642
-51.334371
-24.010446
-41.944848
-42.093298
-53.524684
-42.462171
-38.533496
-45.929653
-52.567868
-31.389033
-48.071929
-53.333610
-39.863183
-40.843097
-45.933913
-51.323916
-48.680224
-35.352591
-54.599148
-33.615283
-38.726514
-49.732169
-49.154612
-47.397447
-36.849096
-49.170699
-54.528266
-48.195407
-54.788002
-51.280787
-38.633260
-34.757567
-48.161151
-33.941786
-28.031305
-42.040918
-48.367348
-38.056000
-47.282792
-52.555383
-52.619419
-44.046790
-38.434362
-42.870092
-51.575292
-50.674142
-46.895403
-46.835292
-32.579077
-58.440449
-43.641737
-36.758051
-47.682006
-56.381095
-65.250979
-50.736961
-33.580797
-49.805784
-39.591828
-34.139278
-42.539345
-37.461277
-53.795103
-41.558511
-39.371137
-38.015761
-46.535043
-47.251945
-45.001976
-53.629047
-53.746387
-51.139484
-42.840517
-50.727802
