-0.152778
-0.417524
-1.215450
-1.486079
-0.685323
-0.254036
-1.975039
-0.544177
-0.408967
-0.354808
-0.661837
-2.845661
-0.523170
-1.238671
-3.279569
-1.029181
-0.300306
-0.012106
-1.960178
-1.311929
-0.293770
-1.839026
-0.496592
-0.256401
-0.612763
-0.484393
-0.039736
-2.278878
-0.148530
-1.569940
-2.362780
-0.045977
-0.832620
-0.369409
-0.032929
-1.068538
-0.331644
-0.415521
-0.941527
-0.107897
-0.415548
-0.760658
-0.336641
-0.704629
-0.837966
-1.183857
-0.412672
-1.290523
-3.093246
-2.188511
-0.374081
-0.971481
-0.586107
-0.757758
-0.074235
-0.357272
-1.612691
-1.530419
-0.174777
-1.087054
-1.239411
-1.777648
-0.081188
-0.917156
-0.821273
-1.499444
-0.211760
-0.730783
-0.782945
-3.064514
-0.023664
-1.984789
-1.219597
-1.759742
-0.919757
-0.951149
-0.857257
-1.166414
-0.010260
-2.525260
-1.244936
-4.502048
-0.177227
-0.849548
-0.436206
-1.933270
-1.301549
-1.383079
-2.718718
-0.862722
-1.123556
-2.421480
-0.279114
-0.523401
-0.969991
-1.335331
-0.118010
-1.289937
-0.330348
-0.860100
-0.130154
-1.678114
-1.065260
-0.355312
-0.784287
-0.433776
-2.419349
-1.422180
-0.091674
-1.312776
-1.992076
-0.103979
-0.701126
-1.953316
-2.354097
-0.457191
-2.870281
-0.159081
-1.002590
-0.596957
-0.753805
-1.410053
-1.696192
-0.296460
-0.655502
-3.542538
-3.236034
-0.094091
-0.217788
-0.127887
-1.596880
-2.200573
-0.243940
-2.263866
-0.691160
-0.082523
-1.268565
-1.061710
-0.475804
-0.439356
-0.683591
-0.440381
-1.050731
-0.059061
-0.594581
-0.599858
-0.601299
-1.342096
-0.646216
-0.702122
-0.444226
-0.610127
-1.242746
-0.175655
-0.133534
-1.662382
-4.051123
-0.871559
-0.485466
-1.247213
-1.414794
-0.146998
-1.572452
-0.649209
-1.688127
-0.122676
-2.342139
-0.546275
-4.712985
-2.379025
-0.208211
-0.532924
-1.270901
-0.150999
-2.172811
-0.637545
-0.977907
-1.388206
-1.243335
-0.333567
-0.833369
-3.362680
-2.322585
-0.046146
-0.926892
-2.740161
-0.289059
-1.698223
-1.200286
-1.713705
-2.968530
-1.634097
-1.367308
-0.612674
-1.485898
-1.038226
-1.138344
-0.494511
-1.842094
-1.230324
-3.992879
-0.157320
-2.482676
-2.387456
-0.973829
-0.137870
-0.912065
-1.736005
-0.370910
-0.849154
-0.458217
-0.336154
-0.924947
-1.280716
-0.164179
-0.732207
-2.283498
-0.354625
-0.911616
-1.114406
-0.661502
-1.316979
-0.651479
-2.297494
-2.030018
-1.006480
-1.278874
-1.459095
-0.053505
-1.302011
-0.326219
-0.045858
-0.070151
-0.538876
-1.229273
-2.704085
-2.928973
-1.579340
-1.749482
-0.472248
-0.964707
-1.665033
-0.519170
-0.789233
-0.791791
-0.610010
-0.827572
-1.764449
-0.400766
-2.996266
-1.392256
-2.340290
-0.631702
-0.008628
-0.863497
-1.609571
-0.762083
-3.040953
-1.518503
-0.719089
-0.902544
-0.263753
-3.939824
-2.692532
-0.509667
-1.473072
-3.926791
-0.228008
-1.468872
-1.590337
-1.051971
-2.487230
-0.573856
-1.695261
-2.000348
-0.009519
-3.001670
-3.145344
-0.846840
-2.034535
-1.901367
-0.180992
-0.021867
-2.149828
-0.059604
-0.015954
-0.821401
-0.935331
-0.189845
-1.842806
-0.801276
-0.003267
-0.371478
-1.729336
-0.096414
-3.388349
-0.510141
-0.286631
-0.576367
-5.790252
-2.564961
-0.069067
-0.291829
-2.821125
-1.020031
-1.375335
-0.384543
-0.636461
-1.344922
-5.514637
-2.893095
-2.025855
-0.013828
-1.465150
-0.377380
-0.705091
-0.998617
-1.474076
-0.776486
-2.031717
-3.224324
-0.306944
-1.617418
-2.451152
-1.339560
-5.251009
-1.318666
-0.569307
-0.895343
-1.932789
-0.249521
-1.041797
-0.145975
-0.003480
-4.640244
-0.286913
-0.989595
-0.030296
-1.747687
-1.147395
-0.298999
-0.907728
-1.484953
-0.532706
-2.122551
-2.815140
-3.879061
-0.712032
-0.523432
-1.392639
-0.164455
-0.359369
-1.028556
-1.738929
-1.049509
-4.989656
-2.344402
-3.050080
-0.567737
-0.267443
-1.179501
-6.256242
-1.334963
-1.031397
-0.949112
-1.094894
-0.410644
-0.828032
-0.652531
-0.508234
-0.271136
-1.226421
-0.863362
-1.718076
-2.302396
-1.627039
-3.730317
-1.461492
-1.146122
-0.113217
-1.012520
-0.347552
-1.347171
-2.326399
-0.746016
-2.757899
-1.959116
-0.373898
-0.399216
-0.201004
-2.047870
-0.440265
-3.528439
-1.161604
-0.121421
-3.139818
-0.771652
-0.264527
-0.148515
-1.223654
-0.943170
-1.223225
-1.020911
-0.780400
-1.595650
-1.860880
-1.905713
-0.980373
-0.680211
-0.437373
-0.688377
-0.020090
-0.517963
-0.337446
-0.185176
-0.007490
-1.740689
-0.939313
-0.019006
-0.202596
-0.813747
-0.316991
-0.815507
-4.204237
-0.372042
-0.215477
-2.338282
-1.409114
-0.979096
-0.963068
-0.848391
-0.180906
-1.082823
-0.335331
-1.809647
-0.801541
-0.721133
-3.569402
-1.093678
-1.241240
-0.580720
-0.500043
-1.496150
-0.039445
-1.558087
-1.750514
-2.868357
-1.346374
-1.529888
-1.511352
-1.708370
-2.292047
-0.846534
-0.717027
-0.191384
-0.851939
-3.800509
-0.161671
-0.743049
-0.983835
-0.249976
-0.014565
-0.298965
-1.464283
-1.756840
-1.300422
-2.267106
-0.128768
-0.056085
-2.012111
-0.820661
-1.088549
-1.420636
-1.541024
-2.539690
-4.073958
-0.407602
-1.964464
-0.700950
-0.365234
