-5.584927
-1.687718
-7.794875
-4.996468
-0.775545
-5.714524
-0.756135
-4.903981
-3.648595
-2.708283
-1.987888
-4.047230
-3.084753
-9.106842
-1.188223
-2.379209
-10.818164
-3.439135
-6.864147
-1.525879
-6.697862
-3.063921
-1.436455
-0.446718
-7.227502
-0.629100
-1.762068
-1.535172
-1.832918
-1.785976
-1.775132
-1.414564
-4.531174
-5.144586
-7.455689
-2.443377
-3.246548
-0.789866
-2.459620
-2.930983
-4.738808
-5.017024
-3.422535
-0.563103
-5.108098
-2.320754
-0.136454
-1.029201
-0.825368
-8.521593
-0.717260
-0.015731
-3.893429
-2.208030
-0.087557
-6.818326
-2.489943
-4.288455
-3.710137
-9.438533
-6.404579
-5.596840
-4.070218
-2.535683
-3.816239
-3.147883
-6.136042
-0.137321
-2.913353
-0.003501
-2.241484
-3.177482
-0.149199
-6.887045
-4.144723
-2.760820
-9.044706
-4.613895
-3.795816
-1.008472
-5.930970
-0.013508
-6.805174
-0.157346
-1.216065
-2.723720
-0.657991
-2.497245
-0.314404
-0.020406
-0.974399
-11.403072
-8.555592
-0.437113
-2.115913
-2.557213
-2.173122
-11.035462
-6.020114
-3.120425
-3.642683
-0.602068
-2.789170
-0.186501
-2.668289
-4.633415
-0.593436
-5.730685
-3.832837
-5.196802
-4.649781
-4.390499
-5.861871
-4.753818
-7.000255
-3.897312
-3.401338
-1.853531
-6.362912
-7.298195
-2.386215
-9.291781
-6.618249
-6.375913
-2.335952
-4.635667
-6.464455
-2.620053
-2.288294
-0.825764
-0.681952
-8.450988
-2.004567
-0.255982
-2.541878
-7.327168
-2.373598
-1.282594
-5.553053
-5.800333
-2.684125
-2.802193
-1.995861
-11.142152
-11.519158
-3.262683
-1.405490
-1.939918
-2.054210
-6.035848
-3.470716
-7.821964
-7.915153
-0.899966
-1.852945
-5.274266
-5.665125
-1.570751
-3.239023
-2.551392
-7.917861
-6.370284
-4.249071
-6.612475
-1.736760
-1.928731
-5.747669
-1.517818
-7.090184
-1.451140
-3.513430
-4.406164
-2.629460
-10.024290
-8.069523
-8.515856
-3.583381
-3.504122
-1.442310
-0.363965
-2.380052
-1.971380
-0.751481
-4.614979
-5.200811
-2.582189
-6.095742
-2.351031
-2.130137
-1.851009
-0.962879
-6.922971
-0.905179
-5.185899
-3.608222
-0.643245
-4.709184
-0.896629
-0.424660
-1.400839
-0.513704
-0.144601
-0.143015
-0.372919
-1.043760
-6.183900
-1.686544
-7.760027
-2.376397
-5.698477
-3.664834
-3.209241
-6.367144
-4.564567
-2.224366
-6.898064
-3.915758
-1.574050
-4.417875
-1.327196
-5.231547
-2.939314
-0.612708
-6.582049
-0.879364
-5.643501
-0.226363
-1.756670
-2.024800
-3.799110
-8.254668
-0.056907
-8.423618
-0.470758
-1.781602
-4.541333
-2.199560
-5.363194
-1.484696
-1.180421
-0.815532
-5.214969
-6.380004
-6.704613
-0.971108
-0.012153
-7.123302
-2.608864
-4.910165
-0.365333
-3.828486
-8.358835
-2.786957
-7.441262
-3.297431
-4.883728
-1.792257
-4.074950
-10.865810
-2.171583
-4.544269
-2.028950
-3.170260
-0.211053
-4.222207
-7.349038
-6.571552
-0.859163
-2.117497
-0.666912
-2.527078
-0.866838
-6.501794
-8.323336
-5.255873
-4.674847
-3.045803
-2.661020
-3.242336
-3.991482
-5.066457
-2.411044
-0.722824
-3.090053
-0.542821
-2.663571
-1.722833
-1.453726
-4.063313
-2.946538
-3.934378
-1.090416
-6.218683
-3.451016
-3.698105
-3.785738
-5.418286
-1.884161
-0.856445
-2.845183
-2.615072
-0.320818
-0.440393
-5.950923
-5.140460
-3.952793
-4.575801
-4.844907
-5.648824
-2.965594
-7.008535
-4.127470
-2.311565
-10.167337
-8.070558
-1.627948
-0.524800
-1.141275
-10.269678
-1.208456
-3.067032
-7.855786
-7.937044
-0.688368
-4.910528
-0.394820
-2.467790
-4.240941
-2.751782
-7.362588
-5.988105
-1.601758
-7.385753
-3.121071
-3.510115
-5.417441
-8.735592
-3.160700
-0.998000
-4.149030
-3.349255
-3.030977
-3.372280
-7.523569
-6.202879
-4.356331
-7.135402
-1.011260
-6.619535
-5.219252
-2.641423
-3.034597
-5.920824
-8.419596
-2.012062
-1.930370
-4.135387
-4.366288
-1.678257
-4.946440
-1.032714
-4.173577
-9.055160
-2.975531
-5.534336
-4.862252
-4.329701
-4.914070
-2.557343
-0.745000
-7.243077
-2.156628
-1.652456
-3.404572
-1.129020
-5.153202
-3.471029
-3.245810
-2.964035
-2.006956
-5.162728
-3.895004
-9.467829
-5.904286
-6.469611
-5.534105
-5.350797
-8.402254
-3.456664
-2.923608
-4.645379
-4.084261
-3.538470
-2.722697
-0.935423
-10.472677
-4.141984
-3.359579
-2.266259
-6.051710
-0.492928
-2.708143
-8.098273
-1.805090
-4.398976
-0.626513
-3.213188
-4.625504
-1.704364
-4.688980
-3.214237
-4.506027
-3.386605
-9.914796
-5.217079
-8.471757
-1.133231
-7.795964
-3.405829
-2.525070
-3.517798
-5.067426
-9.878236
-1.043434
-9.491221
-0.346406
-8.302929
-8.264932
-5.401597
-7.937093
-0.613415
-4.166672
-3.134207
-3.590549
-1.366032
-4.543662
-3.246934
-1.066660
-3.778551
-5.198714
-6.362974
-6.475686
-0.154827
-3.552822
-0.591834
-1.100936
-1.603719
-0.232339
-1.867147
-7.647798
-0.652278
-9.723335
-0.744802
-3.768547
-4.817541
-10.666354
-4.472924
-1.323428
-7.167181
-0.642625
-4.616132
-1.293303
-0.515700
-4.346601
-0.739971
-0.769763
-0.581810
-0.003596
-1.171820
-2.897035
-0.208735
-2.474687
-0.968224
-6.264533
-2.258185
-2.734939
-4.950418
-2.047967
-0.935481
-4.997599
-3.791322
-8.496271
-9.118185
-2.909118
-4.406957
-4.422730
-3.842569
-0.939743
-3.373453
-6.810642
-1.544532
-0.611232
-4.251902
-1.533678
-2.408782
-5.852132
-3.257642
-8.084819
-9.985900
-4.064905
-0.351968
-1.615569
-0.649560
-7.498346
-7.330740
-6.989863
-3.337315
-4.967479
-6.271774
-5.135813
-0.976719
-2.413891
-1.098341
-1.656330
-1.014883
-11.334240
-3.302398
-6.418115
-3.918570
-3.421420
-3.404584
-11.304885
-0.025109
-0.094311
-4.844942
-2.820771
-4.925585
-8.147060
-0.596787
-5.176332
-3.956056
-0.066607
-1.827038
-3.358503
-11.536583
-7.837046
-1.447063
-10.342084
-2.825212
-0.776177
-3.659061
-8.794835
-2.518981
-2.026326
-3.243801
-1.702828
-6.680268
-0.388401
-1.124061
-5.977858
-1.809023
-3.435144
-2.578659
-1.527298
-1.041441
-0.820003
-2.954430
-4.449685
-3.905635
-1.406725
-1.345305
-2.464149
-0.673992
-4.535316
-1.573220
-11.877848
-0.862048
-2.095037
-1.781539
-0.099933
-7.213776
-3.110379
-3.869271
-1.238847
-3.353054
-2.822884
-3.624908
-5.650837
-0.428758
-1.754539
-4.928132
-4.565847
-2.624457
-2.392615
-5.668208
-2.199534
-0.255761
-1.805208
-8.910921
-0.286006
-5.429962
-1.650045
-8.859797
-2.060919
-7.908115
-2.138427
-6.884459
-8.819016
-2.173501
-1.211438
-0.411905
-3.521795
-2.318608
-2.414257
-0.296963
-6.793440
-13.416234
-10.914610
-0.072904
-4.353522
-0.990472
-5.978873
-0.529207
-12.120272
-0.187359
-0.897879
-4.228122
-2.231126
-0.253073
-9.144088
-2.970920
-2.019146
-7.763260
-4.317626
-0.841118
-0.991632
-0.742227
-7.432244
-5.703966
-0.998713
-7.072859
-7.600027
-2.880512
-6.332108
-7.964790
-3.187878
-9.092787
-4.993476
-1.486413
-3.539707
-7.634757
-0.205539
-5.181986
-6.570286
-8.562796
-1.439266
-0.890705
-3.268034
-2.122161
-0.250668
-1.251420
-1.309364
-4.735089
-7.327843
-3.277669
-6.284313
-0.690008
-8.170525
-1.726241
-10.310372
-3.524744
-0.045278
-4.553181
-7.915828
-3.833364
-0.752493
-5.026813
-0.011948
-1.137413
-5.607498
-0.251794
-5.476680
-4.208852
-2.485347
-1.694126
-1.825408
-8.076328
-2.149192
-4.438312
-2.004595
-2.130623
-0.875054
-0.836962
-2.403552
-3.195948
-0.469163
-10.519523
-2.290253
-7.595103
-0.655735
-4.803574
-1.358437
-0.792913
-0.274480
-2.729661
-0.091058
-7.038901
-3.944889
-3.349196
-2.251374
-0.322776
-6.890775
-5.393676
-7.161356
-2.328535
-4.243693
-12.684169
-0.695529
-7.870854
-5.068241
-1.274010
-2.420245
-6.441146
-5.931925
-0.830650
-0.482014
-2.105833
-4.651990
-5.713085
-4.905697
-6.232802
-1.460611
-1.636705
-10.532704
-4.164501
-3.093643
-5.938482
-1.652255
-5.623054
-2.101684
-3.252683
-5.423793
-3.073918
-1.573309
-4.631331
-3.769609
-3.646957
-10.310575
-3.619253
-6.353108
-0.595952
-4.265975
-2.745366
-0.787417
-4.808336
-1.324176
-1.186997
-0.004393
-3.847906
-5.819538
-2.156108
