-69.945728
-74.348080
-95.706699
-85.557774
-79.067115
-96.765606
-89.083647
-89.520641
-92.331478
-59.347065
-60.732261
-74.061073
-75.261828
-86.432978
-73.128754
-78.755740
-89.885074
-77.095062
-97.290977
-69.432389
-71.333836
-57.759587
-60.460015
-81.358523
-87.818458
-83.282204
-108.645124
-74.389999
-87.281794
-81.934360
-91.335166
-80.000305
-64.359633
-77.648463
-78.346718
-93.088392
-83.393317
-75.158082
-71.700685
-88.348539
-43.704392
-73.694133
-92.466292
-97.118173
-94.777887
-77.278680
-76.343629
-78.878094
-80.360215
-80.814055
-80.018023
-68.037774
-106.728658
-96.299404
-81.703745
-83.243614
-82.710126
-81.823731
-64.994381
-79.582791
-113.800938
-67.488767
-83.162299
-107.822920
-79.240974
-77.323116
-71.714006
-75.185701
-104.022744
-76.236959
-50.398091
-89.078927
-71.210288
-70.684347
-66.818098
-71.443863
-69.481682
-56.434615
-82.580848
-76.273294
-85.157245
-89.802447
-79.155406
-81.936400
-71.381639
-69.290374
-78.709469
-101.230036
-97.106512
-103.813223
-90.424728
-74.645119
-67.863869
-53.551853
-64.217971
-92.155642
-76.115991
-102.703087
-53.050338
-83.498557
-67.504851
-68.330274
-55.297204
-77.964304
-61.192472
-87.146799
-45.542191
-71.326476
-101.916773
-75.825422
-54.327007
-91.675873
-81.367761
-90.406690
-85.419928
-93.567766
-98.537970
-74.564170
-62.921130
-81.485882
-104.238923
-80.034466
-68.885894
-46.683977
-98.072003
-68.663217
-70.725727
-89.848942
-116.249434
-87.910721
-103.942501
-84.661174
-81.643039
-73.593496
-88.771361
-68.864037
-70.008184
-85.559519
-86.983206
-97.523100
-81.533050
-76.603282
-77.306094
-94.486158
-83.202496
-81.871522
-72.758535
-75.119136
-84.035178
-60.045640
-79.275419
-71.224296
-61.582381
-91.073987
-82.202719
-62.662864
-75.107195
-63.108069
-75.449998
-90.827006
-86.159864
-76.983219
-72.566970
-86.535055
-73.969722
-52.830036
-75.315412
-72.955751
-67.028567
-68.938006
-67.782333
-80.192518
-107.521497
-94.296610
-53.516019
-86.582064
-79.789353
-88.967329
-70.528522
-71.335943
-72.648865
-70.613432
-76.278956
-62.253856
-87.934599
-68.918396
-104.482426
-57.860568
-101.498134
-58.290781
-68.207982
-81.480444
-89.800718
-94.127943
-72.025292
-83.077082
-72.064768
-79.082185
-76.160869
-85.441246
-90.649504
-57.855819
-85.113061
-73.746171
-112.387250
-90.794321
-91.390166
-71.753630
-69.877089
-82.937041
-83.100557
-75.337920
-109.527038
-76.035288
-83.487425
-93.309689
-74.279865
-91.784314
-82.199880
-83.647239
-87.202396
-74.928155
-95.741128
-69.444870
-93.123063
-88.221185
-85.380858
-74.532075
-55.585058
-77.502645
-96.515271
-118.092079
-85.891406
-66.627240
-95.225053
-72.522608
-93.497965
-62.424478
-80.679552
-84.623019
-78.972082
-62.253859
-83.340354
-68.007358
-59.977508
-77.669621
-81.217418
-100.099698
-63.735642
-68.573559
-87.958167
-77.526141
-77.508061
-75.072017
-81.342296
-97.069516
-72.910027
-70.644969
-88.614022
-68.059972
-83.442393
-80.990503
-87.974637
-93.584971
-85.406545
-89.719454
-94.867062
-109.330849
-84.197929
-77.652921
-82.190304
-64.123220
-73.406461
-105.115099
-73.997259
-84.565214
-68.477771
-99.879597
-76.251394
-85.490573
-79.629044
-75.406710
-64.305977
-107.188101
-108.521392
-100.712060
-74.646285
-76.308037
-80.619305
-77.991565
-92.741347
-64.641655
-77.065565
-75.171916
-79.641262
-68.812234
-72.141437
-68.498236
-95.863659
-77.045072
-105.407347
-99.827155
-75.116624
-66.030670
-71.326604
-86.578229
-91.294090
-70.605103
-105.871824
-80.380338
-87.880907
-85.183277
-100.119716
-93.446493
-68.429824
-101.704779
-96.498934
-67.305107
-65.739607
-77.206045
-79.584959
-73.856474
-94.901920
-85.237673
-73.653459
-74.525501
-62.140537
-86.594436
-66.144804
-92.679149
-88.732137
-86.363191
-90.123489
-102.277889
-68.070475
-81.482163
-52.687317
-55.148752
-93.144004
-55.629890
-89.358215
-80.439904
-83.582522
-91.479228
-92.548871
-60.419989
-73.759010
-50.543894
-81.622026
-80.131180
-56.823224
-70.574396
-91.964259
-62.645171
-95.545634
-72.785878
-74.528643
-93.173110
-55.060869
-84.378958
-75.150846
-86.399946
-86.896521
-66.017298
-79.269199
-71.317928
-84.042365
-64.330851
-77.068357
-73.769502
-85.944380
-76.725660
-98.406063
-91.693615
-65.387727
-88.545201
-91.824304
-74.574282
-99.618238
-74.220638
-74.837687
-96.423739
-89.264768
-104.415269
-83.292741
-75.526624
-89.004371
-70.762009
-55.995629
-91.867910
-82.781606
-79.351787
-81.219976
-75.670432
-81.435838
-81.397850
-70.029621
-64.422897
-78.293478
-70.745414
-81.318435
-102.516192
-71.486696
-90.225920
-96.501823
-87.706948
-64.771449
-83.371019
-78.133573
-93.195899
-85.131645
-62.973824
-60.481404
-79.593261
-73.213240
-78.566551
-62.651531
-84.419070
-91.974297
-80.365929
-87.095299
-94.998002
-67.438862
-93.603351
-87.927283
-68.072775
-56.549854
-73.759202
-105.492607
-81.905615
-80.925088
-83.127509
-82.026004
-65.481970
-84.221437
-61.265202
-63.355582
-99.285224
-106.146267
-59.183794
-98.348393
-96.249273
-75.922178
-89.857333
-81.313003
-100.496236
-80.325078
-71.060404
-77.453119
-74.554633
-76.311128
-71.781107
-80.952747
-55.273408
-93.482784
-81.043743
-66.714497
-111.355452
-97.520882
-89.719444
-74.498262
-74.420219
-78.583253
-98.882018
-75.230890
-65.520012
-102.130195
-80.756541
-82.972349
-76.601814
-96.050285
-100.675886
-77.020485
-60.888596
-83.976079
-90.350407
-88.538540
-80.872650
-110.226700
-54.389031
-80.269724
-89.526621
-66.205239
-89.975471
-83.134093
-97.574450
-104.034633
-98.389396
-82.929713
-81.585405
-76.988522
-95.310242
-73.457307
-105.907408
-98.017601
-101.256717
-94.033094
-75.775598
-69.495020
-87.317417
-79.975647
-75.965885
-111.030637
-76.387031
-86.922476
-64.762139
-64.755710
-87.978984
-78.184145
-72.352296
-70.603625
-64.752604
-67.356323
-77.699183
-68.074808
-68.204374
-88.289042
-64.022558
-81.059941
-46.909149
-81.286212
-96.095792
-96.184014
-80.748855
-88.585995
-100.937953
-97.975518
-89.947310
-94.025745
-87.527242
-92.330072
-70.955919
-69.105662
-82.028347
-89.357187
-106.642917
-69.581166
-83.434819
-86.266583
-75.863690
-55.398379
-78.619614
-66.552283
-87.638505
-81.086428
-72.617478
-70.947141
-83.572273
-90.007615
-85.108594
-87.088388
-85.226561
-79.749035
-96.534944
-77.842409
-69.109557
-97.901657
-96.952416
-78.977237
-72.361180
-70.815019
-95.699782
-85.618670
-93.292141
-73.012822
-88.363983
-98.683692
-105.166660
-81.591875
-82.182041
-76.595408
-88.032009
-69.387921
-70.135464
-87.923779
-88.929593
-98.558566
-87.801282
-68.966128
-89.886924
-98.188546
-64.167479
-90.303967
-77.917750
-69.835837
-70.258600
-93.908713
-72.351780
-81.107234
-111.090842
-96.934535
-72.916049
-85.387855
-104.348827
-77.734043
-74.998080
-77.475269
-96.381999
-91.300750
-76.821044
-69.917985
-90.678635
-91.102327
-53.334680
-77.066181
-79.818397
-68.112779
-107.877219
-75.304788
-65.765515
-78.251464
-72.794050
-85.886392
-65.846886
-83.241489
-82.914025
-98.853018
-70.468436
-93.403782
-58.577181
-112.202513
-80.940848
-75.220788
-81.960589
-88.350674
-73.994313
-63.303752
-61.823360
-76.699565
-95.871034
-74.303268
-81.945118
-107.999980
-81.679254
-85.111859
-90.960220
-83.835738
-89.558798
-84.768660
-90.088418
-82.666521
-80.422720
-68.300812
-64.993194
-85.596753
-95.360803
-96.409110
-71.482669
-84.385521
-53.988242
-58.199361
-80.057837
-85.975645
-52.168597
-105.989388
-79.372916
-84.991206
-89.988237
-93.468970
-86.854233
-84.899358
-89.220660
-80.388347
-84.407618
-78.636219
-100.265848
-89.841411
-68.449440
-89.394357
-76.993942
-82.931687
-52.416032
-88.840363
-73.608914
-88.314043
-70.222767
-95.272342
-100.818999
-72.148920
-73.982585
-62.682011
-78.563750
-95.687882
-107.998313
-72.762054
-96.807947
-75.756581
-69.397352
-91.785202
-72.851317
-99.970341
-70.014123
-65.502521
-59.843544
-95.689965
-76.903741
-93.392875
-68.660297
-85.762145
-73.757636
-69.775339
-101.357847
-106.749239
-82.135973
-80.137988
-94.038438
-92.169321
-85.205232
-82.845036
-64.525420
-77.715485
-87.420439
-86.250597
-70.996374
-79.141119
-69.015460
-86.552462
-98.195672
-64.439762
-85.966549
-74.902550
-50.897768
-58.044901
-52.994699
-94.960183
-107.014686
-58.327469
-78.309086
-70.800385
-96.354863
-96.773846
-66.181765
-77.728757
-71.646305
-91.226248
-102.686770
-79.104060
-58.077443
-70.815741
-59.790083
-84.333584
-71.022879
-83.840051
-63.183771
-68.180828
-89.481283
-81.575709
-96.739253
-66.756782
-94.963815
-84.696990
-74.005903
-81.267091
-79.592614
-58.636317
-64.725234
-70.054014
-76.886532
-72.503309
-101.981666
-66.580094
-86.727670
-90.644172
-69.644934
-77.462899
-98.415187
-76.081597
-96.338081
-71.314330
-80.728800
-89.753488
-75.161809
-75.294961
-80.839092
-78.811710
-67.064711
-85.828224
-80.537999
-87.505926
-96.291760
-70.550980
-60.309931
-72.148994
-62.454408
-89.852161
-76.209811
-94.769547
-65.335702
-78.660240
-75.771283
-78.383019
-85.844092
-82.176895
-99.179818
-79.492977
-74.300822
-78.326774
-54.323252
-81.615121
-64.971728
-73.370334
-85.289992
-77.513867
-89.596454
-75.270273
-95.958868
-81.070157
-75.445900
-103.500671
-78.957952
-84.862873
-72.136793
-93.891520
-62.694725
-86.928782
-74.508295
-82.685003
-61.052226
-63.106204
-68.930416
-87.220768
-67.365321
-80.958818
-89.113880
-84.969281
-81.138155
-107.298211
-69.376724
-72.220655
-81.868681
-88.768304
-68.901148
-82.137363
-63.581533
-60.056165
-70.028032
-59.613502
-80.694241
-100.180778
-65.115680
-88.572511
-84.544093
-72.831498
-58.760260
-86.894299
-83.238800
-75.193410
-84.039768
-97.597081
-58.876353
-77.743880
-83.340617
-62.807537
-67.897690
-57.503225
-78.593870
-105.562432
-66.336732
-66.451671
-93.770661
-82.278287
-64.566562
-92.901058
-77.668879
-84.775653
-96.131407
-85.754823
-71.591387
-81.812033
-87.376845
