-0.720870
-4.127432
-5.521351
-0.288420
-1.990523
-7.473042
-0.750146
-0.006633
-2.065647
-2.610014
-3.961761
-0.620259
-3.806074
-0.262254
-0.706734
-1.834132
-4.429247
-2.582989
-3.368672
-1.050212
-4.156129
-1.642687
-1.132240
-1.849095
-3.394959
-3.738856
-3.618843
-1.619748
-2.350039
-1.992493
-1.692955
-2.264736
-0.461225
-6.881235
-4.101054
-0.441789
-2.547989
-6.743744
-1.499579
-4.999150
-3.455754
-5.112333
-0.391241
-2.083328
-2.073894
-4.238380
-2.217318
-0.719446
-1.718970
-4.140727
-0.658510
-2.403092
-0.319532
-4.175762
-0.592292
-0.616849
-5.816500
-3.603531
-1.152705
-1.202366
-3.670816
-1.029325
-4.222995
-5.792373
-0.775526
-2.495561
-0.763001
-1.617797
-1.008478
-5.837004
-3.764554
-1.313313
-1.539859
-1.364775
-0.873652
-1.287609
-2.646328
-1.624244
-2.678241
-2.829328
-5.362616
-1.313662
-2.131788
-1.904734
-2.804225
-1.958130
-5.495553
-1.636541
-2.810201
-0.688206
-0.317740
-2.937268
-2.651744
-1.381173
-1.507916
-1.957078
-0.478062
-0.044724
-3.615931
-1.616346
-0.989630
-2.929777
-2.275259
-1.154259
-5.868962
-5.802433
-1.811451
-1.588786
-3.677442
-1.017742
-1.083584
-2.125021
-1.190107
-1.683834
-2.476361
-1.217821
-6.315706
-4.421070
-6.008711
-0.589393
-3.743545
-0.794233
-1.778458
-0.734650
-2.412717
-4.277341
-2.334768
-0.297685
-0.280612
-0.936229
-2.530979
-3.876957
-5.675436
-3.207702
-1.650987
-1.169644
-5.011302
-2.693105
-2.661348
-0.708223
-2.611894
-1.677133
-1.069761
-3.863122
-0.718512
-4.530429
-3.865287
-5.585816
-1.991719
-3.339564
-2.035916
-4.033761
-1.671745
-0.014346
-0.431262
-0.389104
-3.677418
-0.167817
-1.103040
-0.558543
-2.279566
-0.107647
-5.178773
-0.805213
-1.710229
-2.930626
-0.489946
-6.740216
-6.732984
-6.519929
-2.574157
-3.780702
-2.744008
-2.155997
-3.309361
-1.436506
-3.781202
-4.703352
-1.418026
-3.822222
-0.185142
-0.468007
-2.910674
-3.525048
-2.309880
-5.202010
-3.586572
-3.408652
-2.513750
-1.493360
-2.575218
-5.346505
-0.373754
-2.767323
-1.476822
-0.663140
-5.806590
-5.244733
-1.264620
-0.519800
-2.031788
-0.264588
-3.443589
-1.116062
-0.392098
-7.897836
-1.286687
-5.329104
-2.270209
-3.158289
-1.012332
-0.580262
-1.517491
-3.346327
-0.615115
-1.615660
-2.234699
-4.002597
-4.972511
-1.292898
-1.297908
-2.734557
-0.079507
-1.365494
-4.949522
-1.780529
-0.184800
-1.702308
-1.436442
-4.086021
-0.427369
-3.433326
-5.834346
-4.586234
-0.064413
-0.365236
-7.831400
-0.857198
-0.956262
-2.787672
-3.048108
-1.644687
-2.976545
-3.686425
-4.565737
-3.091770
-1.815883
-3.236245
-0.788212
-0.716381
-1.243894
-1.335921
-0.038451
-0.785496
-3.803107
-0.571475
-2.486470
-2.281636
-0.037869
-7.408213
-0.870079
-1.777299
-3.201164
-3.246206
-1.248343
-1.172354
-3.612259
-0.519812
-1.682310
-0.097141
-0.843047
-2.926461
-2.022663
-0.432012
-4.049726
-3.586317
-1.890629
-3.106697
-1.115113
-0.274787
-2.234929
-2.777700
-0.596529
-8.467535
-2.508339
-4.506857
-3.290168
-0.841550
-0.621393
-4.574705
-4.324460
-0.206576
-4.814399
-0.210121
-1.343673
-2.475403
-0.224505
-0.493563
-0.841390
-2.010029
-1.293006
-0.325213
-0.143971
-3.070558
-6.027160
-2.313562
-0.755041
-1.822003
-0.979609
-5.350711
-0.817009
-0.905693
-1.084233
-4.591075
-3.104110
-1.660606
-4.212582
-1.633617
-0.104992
-1.649190
-1.928696
-2.175904
-1.167910
-1.509147
-0.938999
-1.872585
-3.092718
-0.376211
-5.841029
-0.113051
-0.851401
-3.233643
-1.413669
-2.072704
-1.885326
-0.636322
-0.383649
-3.599722
-0.358487
-4.812917
-2.157081
