-417.257044
-383.397595
-421.044238
-336.290660
-382.788889
-398.862986
-360.102998
-448.995095
-311.931135
-345.156122
-385.380190
-318.311805
-344.786130
-335.944992
-359.542402
-367.971850
-377.164298
-414.766154
-423.944742
-360.553521
-346.839939
-363.383917
-410.660878
-366.257269
-353.134773
-347.770258
-347.069152
-382.464288
-443.542493
-348.772755
-395.328832
-298.781330
-444.073412
-417.909576
-387.283632
-329.949756
-313.347840
-376.805231
-324.934987
-426.525538
-427.027351
-371.157256
-369.275911
-386.296209
-361.729203
-447.974146
-407.746506
-340.908403
-354.140836
-365.123646
-426.283173
-448.025814
-433.809621
-330.331447
-375.949392
-435.187638
-359.208559
-394.740962
-361.193766
-391.604993
-446.764500
-428.079301
-413.278583
-319.882144
-428.688856
-393.979990
-339.935305
-348.841475
-360.953011
-384.911629
-384.958033
-403.493394
-360.249751
-341.616579
-416.568718
-422.862995
-354.958921
-410.267612
-326.894534
-395.395095
-334.567129
-333.817974
-445.399204
-378.412947
-410.344782
-340.412094
-444.118386
-372.556763
-403.636251
-432.740297
-343.169316
-369.497281
-344.442818
-392.801321
-358.288464
-361.972594
-329.133729
-370.908496
-358.785839
-370.351616
-400.965333
-442.918941
-381.260460
-378.414232
-434.532135
-352.158155
-365.062385
-340.963873
-393.830059
-492.564553
-390.250465
-385.053942
-337.619779
-432.372372
-385.711644
-394.718054
-377.623863
-390.546031
-406.289393
-338.518684
-366.201767
-417.548979
-320.085766
-366.078248
-342.880996
-365.424338
-383.991892
-342.044558
-418.719853
-359.004330
-357.862873
-428.004247
-423.639355
-387.942673
-296.439283
-394.649498
-355.445337
-374.858789
-344.718560
-387.702827
-338.025968
-394.243969
-440.808696
-350.588719
-334.481643
-369.694056
-325.707633
-384.010417
-375.989895
-355.791114
-387.186933
-347.752149
-387.036714
-349.664574
-364.304786
-459.460943
-349.985996
-369.509584
-307.278301
-372.215668
-413.263104
-424.674531
-379.707932
-365.070320
-309.200153
-333.457340
-411.951250
-445.484173
-370.292294
-315.640856
-303.399426
-370.776571
-349.875022
-429.556509
-412.377904
-337.266323
-382.192115
-368.889057
-347.577336
-398.879514
-384.027673
-333.528063
-385.420769
-452.211398
-398.402885
-360.878024
-350.944409
-407.304988
-322.125656
-454.719003
-386.297675
-404.864410
-363.259644
-460.457475
-360.971027
-361.128039
-339.991519
-412.488007
-407.210079
-403.818388
-390.550010
-346.787335
-390.737230
-421.925323
-337.103272
-388.097499
-378.968934
-382.667229
-354.153121
-344.473497
-388.918071
-415.985368
-421.203215
-422.328800
-393.244113
-378.109239
-363.139274
-339.781356
-302.970922
-338.453667
-364.681443
-346.555137
-382.035769
-404.076200
-406.302432
-482.772579
-336.012651
-380.976241
-419.915538
-335.827503
-334.770976
-391.079032
-362.284442
-338.356149
-379.060825
-422.389686
-359.284017
-409.074715
-366.331322
-392.576755
-354.088943
-345.293048
-412.904500
-364.157398
-354.780243
-403.520877
-446.246049
-409.988249
-385.285412
-351.207443
-402.172555
-353.030197
-373.182349
-357.261282
-398.775828
-346.980678
-367.199401
-335.822178
-351.894474
-327.655254
-349.673941
-393.790377
-411.038995
-416.475794
-370.919031
-348.062481
-378.604505
-419.985032
-481.290715
-356.545251
-412.350256
-357.556895
-377.584485
-367.592424
-369.612142
-394.421748
-374.954741
-360.425613
-352.034343
-376.309891
-380.796264
-388.583143
-426.006320
-357.932517
-417.176179
-422.266210
-365.626175
-361.447150
-355.627307
-407.126036
-387.678403
-381.379336
-391.237798
-344.710839
-308.742239
-396.875314
-407.712401
-330.995320
-403.206854
-326.439801
-464.735077
-504.910647
-361.099879
-423.794036
-433.589240
-367.633399
-491.965051
-402.767702
-440.659060
-382.268545
-372.794368
-345.725334
-401.418808
-403.059236
-377.788940
-384.814190
-388.153061
-323.562353
-357.975862
-352.339176
-387.052892
-380.370918
-299.773997
-373.154341
-319.323518
-372.974706
-398.931353
-410.553483
-336.161615
-383.782170
-427.164146
-406.896442
-354.960340
-467.538843
-365.618652
-332.503949
-375.619546
-398.159639
-377.043761
-379.491111
-366.287300
-375.768637
-452.151361
-411.046868
-442.403867
-357.373690
-323.241641
-400.753301
-392.503562
-453.426309
-315.632377
-440.899128
-385.951958
-363.029042
-311.642855
-360.796102
-326.844639
-368.828481
-367.911019
-432.018658
-387.319918
-394.231956
-366.427072
-397.882703
-400.638964
-377.086221
-370.773019
-336.607100
-350.813701
-347.119128
-410.887210
-404.558902
-301.790620
-351.994867
-344.409940
-330.240641
-405.704869
-326.174986
-309.823789
-362.954833
-372.823942
-339.054087
-375.551959
-362.643638
-375.902246
-349.496385
-336.669294
-376.991908
-404.667077
-441.381107
-381.966570
-418.078452
-397.117069
-354.864575
-396.967011
-340.151273
-363.518431
-416.862375
-385.943719
-344.618212
-349.004603
-388.775476
-371.174852
-353.107192
-404.220870
-336.541489
-382.030514
-415.496251
-378.136052
-376.242454
-347.627369
-382.836396
-444.328254
-356.149726
-300.427212
-331.840144
-373.311027
-347.994404
-415.226675
-414.976155
-366.687841
-414.446506
-356.588100
-415.753246
-364.488151
-414.805939
-390.350454
-359.872131
-419.956205
-350.578612
-410.321490
-406.934825
-369.734997
-315.525417
-424.834915
-408.165003
-337.193481
