-0.884057
-2.644982
-1.415727
-0.180437
-1.058487
-1.150683
-0.411781
-0.308030
-0.221551
-0.082314
-1.253803
-0.091628
-0.103724
-4.010490
-0.067553
-0.245343
-3.159686
-0.042220
-2.656676
-1.762672
-3.542035
-0.951824
-0.381651
-3.030223
-0.984464
-0.002240
-0.710205
-0.935382
-0.185971
-0.752322
-0.150095
-1.965716
-1.553618
-0.428568
-0.680402
-0.499435
-0.904009
-0.239855
-1.370957
-0.687759
-0.035988
-0.281926
-2.695270
-1.276901
-0.216858
-0.833188
-0.763448
-0.456983
-0.332167
-3.470768
-6.553481
-0.095667
-0.843573
-0.584914
-0.230946
-0.216215
-2.524250
-0.608816
-0.771831
-1.033675
-2.048642
-0.994731
-0.445723
-1.833600
-3.372175
-0.811563
-1.904225
-0.106023
-0.060707
-4.199803
-0.138545
-0.607372
-1.727104
-2.059613
-1.017310
-0.002245
-4.023295
-2.420979
-1.324410
-0.229940
-0.336107
-1.214629
-0.398464
-2.787092
-0.007948
-0.856370
-0.034862
-2.864489
-1.957892
-1.125689
-0.185427
-4.549598
-1.320924
-0.316246
-0.242534
-0.013574
-3.877446
-1.852897
-1.300975
-0.894928
-1.568408
-1.420475
-2.457208
-0.525996
-1.494395
-0.576354
-0.719949
-0.175691
-2.488361
-1.778387
-1.727124
-0.069723
-1.181226
-4.397812
-3.435362
-0.821086
-0.809788
-4.361292
-0.497965
-0.036399
-2.104859
-2.099224
-1.377201
-0.000497
-1.912755
-0.302362
-1.024035
-1.255256
-0.212907
-1.584750
-0.218440
-1.971136
-2.111975
-1.022121
-1.273300
-0.460407
-1.714209
-3.105080
-2.342743
-1.141486
-1.043769
-2.486480
-0.161034
-4.063681
-2.057846
-7.864259
-0.802839
-1.091390
-1.875808
-0.302429
-0.612290
-0.816561
-0.707588
-0.723358
-1.342022
-1.307599
-0.212037
-0.130273
-0.066540
-1.657818
-1.678579
-0.013842
-0.619954
-0.028964
-1.343531
-1.849842
-0.667726
-0.543943
-0.031216
-1.201365
-0.446547
-1.159663
-1.758473
-0.802090
-0.161099
-0.286094
-0.289685
-1.543782
-0.579452
-0.514444
-0.035653
-1.438712
-1.828351
-0.566000
-0.802377
-0.451250
-3.962968
-1.949439
-0.241030
-0.478580
-0.030271
-0.663899
-0.141427
-0.884719
-0.918831
-0.070345
-0.014407
-0.009307
-0.461409
-0.940243
-3.491210
-0.503544
-1.813163
-1.667679
-0.663761
-1.656227
-1.545367
-0.087238
-0.110948
-3.925975
-0.577342
-0.117945
-0.078924
-1.575839
-0.084005
-0.377794
-0.315035
-3.751957
-0.572914
-0.283091
-0.831944
-0.936419
-0.673917
-1.511858
-3.240953
-2.643481
-1.193614
-0.659465
-0.799720
-3.846661
-0.136587
-3.943155
-1.334783
-0.485210
-0.594944
-2.553341
-0.714503
-0.010389
-0.102827
-0.119163
-0.211204
-0.740947
-1.317495
-1.603635
-0.193149
-0.098320
-0.218494
-0.273898
-0.104649
-1.054906
-4.149447
-2.018181
-0.752459
-0.860935
-0.137906
-0.711560
-1.067163
-3.532126
-0.740010
-1.264645
-0.142097
-2.957751
-0.123320
-2.153815
-1.920246
-1.690238
-1.256983
-1.645521
-0.255903
-0.098926
-1.344811
-0.455882
-0.652852
-4.786208
-0.231422
-0.928200
-2.725077
-0.040274
-0.547689
-1.458166
-2.312746
-0.476423
-1.080608
-1.453935
-3.489596
-5.638616
-0.588451
-3.144235
-1.005911
-0.165531
-0.232302
-5.594016
-0.113431
-0.002578
-0.750491
-0.295801
-2.300049
-0.612399
-1.144325
-0.000847
-0.374095
-3.223286
-1.304748
-1.286976
-2.061627
-1.290694
-1.694021
-0.561809
-1.655978
-0.226011
-1.252896
-1.280485
-0.088338
-1.208088
-0.277988
-0.157745
-0.149777
-1.385764
-0.209498
-4.189063
-0.925877
-2.069886
-0.738054
-0.925944
-0.044588
-1.785735
-0.254254
-2.963618
-0.208268
-0.224638
-0.117304
-0.755959
-0.548438
-1.251275
-0.006319
-0.389176
-0.511599
-2.157198
-1.616452
-0.810187
-2.372180
-0.641790
-1.843452
-2.216917
-2.141096
-1.528752
-1.789307
-0.044819
-0.790208
-1.641819
-0.398215
-0.800702
-1.414122
-0.489059
-0.662910
-3.266755
-2.652031
-0.303714
-1.488272
-2.945208
-0.922483
-1.911775
-1.835414
-1.171155
-0.076812
-1.738310
-2.114066
-0.042798
-0.716074
-0.414333
-0.745508
-0.198175
-0.265721
-0.114032
-1.101886
-2.130826
-0.616255
-1.103773
-0.608071
-2.489177
-1.894610
-0.420975
-0.346710
-3.971094
-0.433037
-1.067248
-1.457311
-0.096935
-0.123212
-2.774062
-2.140470
-0.167181
-0.436276
-0.634609
-0.028194
-0.192742
-1.233020
-0.134769
-0.015816
-1.452668
-0.928785
-3.200418
-0.105460
-0.551403
-0.763094
-1.846657
-0.617928
-0.193955
-0.859011
-0.286305
-2.571565
-2.099480
-1.053845
-0.519618
-1.698330
-0.692200
-1.569368
-1.721787
-0.163053
-0.201930
-0.102104
-1.354883
-0.873761
-0.251812
-1.111861
-0.251051
-1.758900
-0.914452
-3.323570
-0.875183
-0.057038
-1.844710
-3.202290
-2.307163
-0.440186
-2.139116
-0.817218
-0.181445
-0.130335
-1.625905
-0.356721
-1.172833
-1.882997
-0.899042
-0.092412
-2.482102
-1.816873
-1.468386
-1.002472
-1.121281
-0.750995
-0.503468
-0.230904
-0.288417
-2.865317
-4.224511
-2.699651
-0.186415
-0.448009
-1.144350
-2.363236
-0.056549
-1.553772
-0.498701
-0.387479
-1.102497
-1.406123
-1.674573
-0.684905
-0.381198
-0.628925
-0.188794
-0.419153
-0.961096
-0.839700
-0.446377
-0.028509
-0.709517
-2.285117
-0.971093
-1.105538
-2.843419
-0.098997
-0.837802
-2.033883
-0.331310
-2.829280
-3.473547
-0.869672
-2.855377
-1.839026
-0.355853
-0.670580
-1.207421
-0.810191
-0.328682
-0.060905
-0.239593
-1.425473
-0.101570
-0.454946
-1.247060
-1.415268
-3.727931
-0.663511
-1.200389
-1.014927
-0.397532
-1.801035
-1.458988
-2.006932
-1.444699
-0.352330
-1.159120
-2.278083
-0.521063
-1.648668
-1.321942
-1.707423
-0.004703
-0.610874
-0.658677
-2.476815
-0.559527
-0.397123
-1.115045
-0.705873
-0.005760
-1.470956
-0.679175
-0.023877
-1.307370
-1.350870
-1.727301
-0.076485
-0.266041
-3.569984
-2.014478
-1.720304
-0.586732
-2.347523
-1.692246
-0.188542
-0.043543
-3.010191
-2.884571
-0.505755
-0.471093
-0.904672
-0.232712
-0.379298
-1.538721
-0.841864
-1.367797
-0.021433
-0.774142
-0.250691
-0.961718
-0.486360
-0.385915
-1.051713
-1.585388
-1.571073
-0.686311
-0.738454
-0.865451
-3.358824
-0.701738
-0.813103
-2.988169
-0.007326
-0.763309
-1.759582
-2.143482
-4.568926
-0.726369
-0.628054
-0.086767
-1.292653
-0.416985
-0.221497
-0.037354
-0.735678
-0.103345
-0.713530
-0.229516
-0.572109
-0.077821
-1.922129
-1.723055
-0.459995
-0.210595
-0.409279
-0.073992
-1.732082
-1.805763
-4.261659
-0.635596
-1.026899
-1.314046
-0.028883
-1.689131
-0.472722
-0.453897
-0.020525
-1.465900
-0.343869
-0.877245
-2.155543
-0.898833
-1.113294
-0.015774
-2.508511
-1.149028
-2.658965
-0.474651
-1.675294
-0.521036
-0.285773
-0.098002
-0.675869
-0.551940
-0.696978
-2.544468
-1.139571
-4.543614
-0.289110
-0.911765
-0.890774
-0.289223
-0.005520
-1.594612
-0.088795
-0.860313
-0.326466
-2.165374
-0.113246
-0.074599
-0.257352
-1.710859
-0.109767
-0.014169
-0.776035
-0.712133
-0.138974
-2.018894
-0.046443
-1.353518
-0.122576
-0.000936
-0.158620
-2.086808
-0.430478
-1.173433
-0.050456
-0.888307
-0.866672
-0.117956
-0.361620
-1.294435
-0.468477
-1.318322
-1.305502
-3.414274
-0.041243
-0.083005
-0.766926
-0.710138
