-157.933520
-162.176427
-144.373735
-128.947138
-190.483797
-181.841342
-135.363672
-173.713593
-126.080053
-110.971622
-143.599001
-131.989119
-164.313380
-116.935583
-151.118256
-160.132416
-138.919231
-135.998314
-138.637555
-112.181707
-157.963840
-147.316505
-143.726685
-118.350018
-144.997336
-150.573307
-138.827829
-151.411708
-139.949427
-132.040399
-178.991295
-186.115076
-125.956140
-164.723029
-137.738253
-152.134433
-195.245977
-117.635474
-168.904457
-177.312299
-140.386886
-125.887916
-139.887743
-134.716536
-182.654643
-152.900886
-145.295558
-141.896762
-187.025657
-156.726836
-145.812596
-158.507093
-156.472024
-120.570569
-145.381092
-133.526043
-154.986003
-118.165672
-129.212253
-153.328588
-131.726733
-118.368411
-165.184452
-146.273231
-180.549907
-169.745981
-171.795383
-161.824403
-113.189018
-166.793615
-145.957406
-160.183628
-157.575489
-123.765822
-126.960684
-148.904165
-142.701449
-148.928798
-149.371338
-152.922115
-115.850340
-186.204902
-173.702428
-171.498724
-145.261671
-169.259272
-118.486854
-132.472936
-109.515359
-141.932767
-130.153502
-149.050771
-108.224973
-168.759434
-166.150709
-154.796604
-137.586156
-148.046844
-118.737921
-163.264175
-186.500031
-180.514824
-155.774224
-159.860720
-161.680646
-126.215048
-209.972845
-136.309672
-191.153833
-144.865415
-192.211454
-141.213566
-157.995332
-178.359348
-128.464992
-145.475410
-148.217327
-132.880383
-166.677221
-155.971455
-137.440044
-147.243112
-147.493861
-128.994070
-150.462568
-176.534901
-140.799984
-138.506740
-167.517862
-132.867391
-156.866142
-143.925447
-146.354371
-127.763150
-177.311381
-148.539894
-157.464283
-157.423032
-161.535969
-186.441598
-137.253561
-166.749518
-130.361079
-116.733472
-118.209502
-177.506618
-125.306300
-122.505989
-157.073034
-115.075871
-159.922992
-144.249123
-164.918421
-129.374924
-168.780921
-135.646309
-188.593974
-141.213493
-189.200191
-186.521945
-128.546968
-141.301613
-147.796656
-114.467567
-156.728439
-162.547388
-176.299252
-180.540959
-178.193268
-145.203012
-123.361170
-157.027762
-137.312656
-134.677452
-142.874564
-124.820883
-127.304966
-132.364861
-119.486684
-181.052036
-126.637233
-138.709634
-167.719302
-205.078820
-168.014496
-110.327248
-126.997460
-175.359587
-156.345358
-147.455496
-136.200619
-172.185205
-178.156299
-143.419918
-160.986702
-163.300551
-147.968381
-145.442525
-167.699749
-172.222826
-127.397309
-135.375131
-174.110763
-134.234769
-118.166279
-107.695050
-147.815481
-153.204179
-211.854485
-171.196820
-135.415868
-160.665849
-156.800479
-148.500726
-131.519571
-121.296097
-119.776815
-193.929785
-150.647928
-136.383151
-149.436465
-129.393012
-116.731126
-155.035035
-175.762493
-121.601580
-145.156470
-194.424389
-145.887131
-150.973431
-166.344193
-126.950670
-143.228671
-145.448240
-139.522554
-154.523771
-173.409771
-167.145709
-142.069112
-143.050532
-138.026267
-129.967930
-156.993777
-145.393552
-145.331529
-163.969391
-185.590440
-207.340908
-153.382099
-181.880780
-169.167664
-187.382706
-183.864252
-169.154491
-174.079088
-156.664781
-121.702608
-132.431307
-156.208174
-153.522883
-218.053517
-179.120152
-165.713418
-138.734238
-176.970743
-162.443324
-140.240982
-163.579823
-192.770068
-132.199251
-130.765097
-141.041263
-153.041180
-121.316208
-119.603611
-168.984023
-156.368228
-145.449684
-155.320321
-141.546372
-158.786839
-149.480638
-133.170012
-146.634472
-141.837453
-143.339054
-182.010031
-146.968588
-143.230921
-124.686014
-189.934080
-149.732989
-148.600678
-143.157850
-130.509239
-134.443002
-164.886508
-102.293937
-183.879277
-135.613933
-154.225014
-192.466465
-141.522380
-185.272828
-153.631224
-157.217213
-123.189844
-140.120232
-120.855234
-138.358529
-137.848867
-143.471723
-129.498090
-194.203991
-162.019422
-204.118523
-164.311286
-133.601419
-159.771137
-156.380197
-131.807390
-156.145891
-144.047801
-152.076525
-149.438094
-156.291589
-134.269901
-141.446261
-118.114841
-133.777219
-144.115977
-132.160797
-134.086568
-164.655344
-177.965522
-167.252073
-136.683656
-160.236719
-156.847891
-155.429685
-140.359428
-138.692337
-133.559891
-145.017501
-174.426941
-186.680345
-198.693883
-160.762479
-146.252994
-140.663311
-130.041832
-139.345378
-130.674221
-163.854899
-159.813823
-137.356157
-122.418378
-149.075430
-162.467983
-143.566904
-148.919446
-154.348396
-172.101936
-152.201008
-158.099381
-187.341344
-173.355690
-160.039432
-157.571842
-133.396478
-144.748446
-151.332666
-191.088407
-162.858283
-182.886031
-162.587279
-169.461597
-140.138476
-135.951800
-135.481983
-152.704194
-169.947645
-137.710459
-106.390950
-161.874045
-162.473373
-130.915133
-120.629309
-145.559219
-174.500366
-166.579678
-139.230507
-115.346143
-135.288585
-147.151869
-143.721271
-142.922034
-178.299358
-167.204964
-153.269712
-150.049018
-122.063940
-181.896056
-127.925731
-148.550600
-165.855919
-178.560324
-126.334023
-188.285894
-166.628180
-159.071294
-127.242547
-187.975843
-162.264611
-180.095020
-163.464606
-112.007669
-161.464573
-163.143970
-127.617048
-180.460797
-123.512627
-132.366586
-140.227038
-159.023677
-160.547731
-150.946043
-170.063884
-158.347498
-121.615530
-119.781364
-150.395084
-144.798101
-122.158164
-156.697564
-138.202122
-167.564300
-122.286167
-152.559276
-152.279909
-129.761092
-140.074047
-137.020614
-166.710602
-110.528613
-153.126597
-148.492020
-150.772673
-126.317006
-177.098239
-154.786462
-164.440690
-125.255169
-169.497739
-147.413217
-171.761746
-120.028570
-131.612016
-123.264683
-149.434646
-126.222164
-132.326166
-133.051969
-125.583081
-113.086069
-154.224299
-158.253825
-197.238007
-173.916957
-179.836730
-153.649212
-144.524798
-141.088073
-165.967715
-157.473509
-140.040990
-150.389237
-185.568067
-150.527603
-172.798306
-146.593404
-146.269362
-174.346793
-163.959865
-150.986693
-108.989851
-153.657817
-139.298627
-144.074855
-151.227234
-155.211087
-131.497461
-172.899159
-141.466488
-119.648873
-120.737813
-148.889165
-159.218542
-122.100556
-167.905084
-172.247798
-135.305982
-147.871269
-115.666773
-141.782005
-143.911604
-143.885486
-150.678856
-135.561710
-118.951661
-139.886368
-123.287469
-120.680328
-166.867685
-192.247256
-158.249551
-186.895926
-132.064401
-177.891265
-167.737380
-160.333619
-151.820969
-151.371493
-133.315708
-146.827953
-131.310624
-155.089708
-134.369309
-114.291623
-158.745407
-129.601578
-180.930471
-138.808696
-178.642835
-147.602674
-127.603353
-127.161722
-157.426365
-122.808523
-115.764745
-165.249270
-146.596326
-167.354861
-177.228393
-132.779294
-125.817249
-150.759142
-167.880473
-147.918253
-145.537899
-148.130136
-123.927976
-142.760603
-147.512296
-172.335776
-153.518475
-161.016404
-139.085229
-127.673826
-173.535225
-118.528232
-149.147107
-112.635001
-149.607321
-162.246622
-143.961779
-169.502233
-142.756679
-141.209250
-136.343049
-161.781859
-131.476921
-126.283416
-133.926420
