-1.733515
-2.892547
-1.423635
-4.299901
-4.072533
-6.188699
-3.437701
-0.458425
-3.913521
-4.750245
-0.995664
-2.070190
-1.762134
-7.596819
-4.019796
-1.640548
-0.814861
-3.226534
-0.292672
-3.179066
-1.571197
-3.219087
-1.623283
-2.189600
-6.275057
-2.047918
-0.858574
-8.654549
-0.265419
-2.827457
-9.074228
-0.720966
-1.803865
-5.420539
-1.248325
-0.758153
-2.621785
-4.549264
-2.409273
-0.288543
-1.403210
-2.532530
-2.166517
-1.424719
-1.187551
-2.547562
-4.737324
-7.892736
-6.817749
-1.313878
-5.502048
-0.116274
-0.575539
-5.599456
-7.227384
-5.378612
-2.700972
-0.111666
-4.663771
-1.364110
-5.800356
-3.997827
-3.039542
-2.189143
-1.897505
-2.625885
-5.372645
-1.904058
-2.339999
-6.558517
-7.113276
-0.996254
-0.758120
-7.458810
-0.752643
-4.783424
-8.748674
-7.156361
-0.037162
-3.450499
-2.432333
-0.196784
-2.651616
-0.722953
-5.578649
-1.098577
-9.016274
-1.075936
-7.535277
-10.712863
-5.732620
-2.465361
-2.778441
-0.345978
-0.180551
-4.258257
-1.424933
-0.621047
-1.627832
-3.177450
-10.321482
-4.625393
-2.247951
-1.429541
-1.303144
-0.616663
-4.060435
-5.283924
-0.950390
-5.304652
-5.438260
-0.802626
-11.038090
-5.434753
-1.234426
-2.604403
-7.646769
-9.368356
-2.887237
-10.431395
-0.390217
-6.778708
-2.275681
-1.250637
-8.488271
-2.409170
-5.450868
-3.661209
-4.827981
-1.342854
-2.251931
-1.405784
-2.630655
-5.020455
-0.236418
-4.928958
-1.144714
-8.511404
-0.982804
-4.091696
-3.685431
-3.409385
-5.201582
-3.613543
-2.083930
-2.481787
-1.377329
-0.377927
-0.202139
-5.565548
-4.675804
-0.976417
-4.222708
-2.455462
-3.642769
-3.494898
-8.277794
-4.269438
-3.062731
-3.584446
-3.863266
-8.195792
-2.500951
-0.160082
-3.617334
-1.793237
-0.177682
-0.238287
-1.069737
-2.961604
-0.110727
-2.534375
-2.818402
-4.564108
-1.489945
-5.541832
-5.589181
-1.626911
-2.462572
-6.057064
-1.779512
-3.682318
-6.955329
-4.074513
-4.974329
-3.470815
-1.009635
-6.593094
-2.722244
-5.706561
-0.859182
-2.695640
-0.526784
-2.218602
-6.196689
-4.386968
-7.340494
-0.970475
-7.110407
-2.217214
-0.374066
-3.603486
-1.245929
-2.390018
-0.921855
-1.842977
-0.152109
-2.073706
-6.295699
-1.445476
-5.041649
-3.396890
-0.408743
-3.286643
-4.890998
-0.117958
-1.563405
-1.561900
-0.227585
-5.081649
-1.686552
-5.879792
-2.473130
-6.669397
-3.561373
-1.255626
-0.388549
-3.336666
-2.181218
-3.085841
-1.085306
-2.391267
-3.817523
-4.187767
-2.300269
-0.520484
-1.563691
-2.860131
-3.431177
-6.012353
-0.148356
-9.071624
-3.827635
-0.751907
-3.552581
-3.655310
-5.441948
-1.337237
-5.273829
-9.303412
-4.312867
-4.750742
-1.069989
-0.999759
-2.568921
-0.593364
-4.216821
-0.403948
-6.998072
-1.733428
-4.219070
-1.038030
-1.042799
-3.019669
-1.084703
-0.050482
-4.000049
-6.369618
-1.859421
-1.126594
-4.949138
-1.236910
-5.820122
-3.518778
-0.302547
-5.547954
-0.465066
-4.508864
-6.575730
-2.969962
-2.149773
-4.653143
-6.041360
-1.880195
-6.287932
-2.824347
-4.554916
-1.838913
-0.987305
-0.637098
-6.289408
-7.795277
-0.237610
-3.961406
-3.034812
-0.174779
-2.779808
-1.722351
-4.436448
-1.818040
-1.443662
-5.348848
-6.475416
-4.955191
-2.750424
-3.705355
-5.881793
-2.222358
-3.250904
-3.237977
-1.891767
-13.505270
-2.463909
-5.269820
-4.250501
-4.447843
-2.190315
-5.945589
-5.516723
-0.778696
-5.915126
-3.630665
-3.403408
-4.354846
-3.061499
-0.153007
-5.819399
-2.300457
-2.595483
-0.715412
-2.783457
-1.763344
-5.518434
-6.157594
-4.587568
-2.512804
-5.765885
-0.473454
-0.274243
-0.186637
-1.929568
-0.184909
-4.879079
-6.183959
-1.251250
-4.199850
-1.060899
-0.348121
-0.635779
-5.212251
-3.997082
-5.453922
-0.059327
-0.799246
-4.905151
-0.075495
-0.693133
-1.760602
-5.232075
-1.745256
-3.932491
-2.728046
-1.245223
-0.327743
-5.045937
-0.171060
-0.940031
-2.849415
-3.923416
-0.078202
-1.999070
-3.113789
-2.761436
-0.178208
-0.529375
-0.763277
-2.198165
-5.696526
-6.168576
-5.132187
-2.776204
-0.063294
-4.244761
-9.308915
-3.502564
-0.571886
-0.996994
-1.988339
-4.232996
-3.119786
-7.883457
-5.267018
-3.364473
-1.310084
-6.559004
-3.219979
-4.527917
-5.846631
-0.694438
-2.608677
-5.310902
-4.301794
-3.308642
-1.653314
-0.092635
-1.790002
-2.445110
-3.168322
-2.378315
-1.603518
-1.069514
-6.513908
-9.596549
-7.619463
-1.675877
-4.674742
-5.295392
-2.309603
-1.764859
-5.558431
-6.035969
-1.024293
-4.417232
-0.693577
-0.873155
-0.849339
-3.288324
-1.214012
-0.281968
-0.009466
-8.536086
-5.393385
-5.291040
-1.205869
-6.190327
-2.509637
-1.241811
-0.001954
-6.870882
-9.367865
-5.530476
-2.016010
-2.562885
-6.538153
-1.878285
-7.636166
-2.924077
-0.956462
-1.154346
-1.602519
-0.617290
-2.137444
-3.187535
-3.867905
-1.134319
-3.157258
-7.091400
-0.289019
-1.871184
-5.760976
-0.399112
-8.983925
-0.989553
-6.161616
-0.106981
-4.789369
-0.077392
-4.541497
-3.742014
-0.953585
-1.326676
-3.525553
-6.061109
-3.794417
-0.697958
-0.529717
-2.506353
-0.235263
-4.959530
-2.051503
-1.810014
-6.929356
-3.327907
-4.949778
-2.269850
-1.665480
-1.357748
-1.173311
-1.067342
-0.831958
-0.734563
-6.168274
-0.953808
-0.011395
-3.029073
-4.497097
-1.105528
-5.549765
-14.155369
-3.569268
-9.284411
-2.115527
-0.715644
-1.210080
-2.568599
-5.317023
-5.068866
-2.717172
-1.241662
-1.527031
-1.272093
-1.288239
-1.820229
-1.533565
-0.571081
-2.830701
-3.918686
-1.248513
-2.982331
-2.783156
-4.680041
-14.037307
-3.229632
-1.923433
-3.375491
-2.533954
-0.114244
-3.743266
-0.539389
-1.476755
-4.392621
-0.054322
-2.215724
-0.204333
-0.118622
-1.285473
-1.044802
-0.253908
-2.551431
-4.346662
-4.572539
-5.125975
-1.104323
-0.630062
-5.191238
-1.776150
-8.276408
-0.566864
-1.603458
-2.564638
-8.579552
-0.685749
-1.317035
-5.022854
-1.379430
-0.504118
-2.313743
-4.080422
-1.622341
-0.476130
-1.631033
-0.409994
-5.492086
-3.294862
-8.387576
-0.990915
-3.887205
-0.239464
-1.781906
-5.290307
-5.694928
-2.387359
-1.592867
-2.545395
-0.407626
-5.150527
-0.613605
-0.625960
-7.705225
-5.027726
-2.803552
-3.196134
-2.205915
-0.733134
-9.206590
-2.339145
-5.044985
-1.544817
-7.626200
-6.865238
-0.307646
-1.607279
-0.599042
-2.996447
-0.993492
-3.191123
-3.533955
-1.637634
-1.171514
-4.376638
-3.330331
-1.160596
-1.043246
-0.943267
-6.762039
-5.595313
-3.857380
-6.413407
-1.346229
-1.960542
-4.195891
-5.523719
-0.933394
-3.950551
-0.044704
-3.089914
-0.751890
-2.660704
-5.981199
-0.775693
-0.191631
-4.963622
-7.023708
-5.173766
-3.237579
-0.281559
-8.065505
-4.338500
-6.361433
-0.179080
-3.248047
-7.066554
-0.665465
-3.667143
-3.625239
-3.726427
-3.201193
-5.441438
-3.759003
-1.059277
-0.922173
-7.655556
-1.958269
-5.037595
-0.590552
-9.523610
-0.452821
-2.022144
-6.827478
-3.677162
-0.160445
-0.876930
-0.889496
-2.116315
-1.171148
-3.728836
-2.134028
-2.889349
-0.520564
-0.037911
-5.028936
-0.504560
-0.844636
-2.117336
-7.627072
-3.713512
-5.108010
-5.548433
-5.683659
-5.050126
-1.503272
-4.974173
-0.243553
-4.457856
-2.605504
-3.888202
-2.151002
-2.890655
-3.770767
-1.132616
-0.673436
-8.485025
-5.657516
-2.350853
-0.176457
-3.409052
-1.598478
-11.759965
-2.298683
-2.413409
-4.270035
-2.574077
-9.424842
-0.619424
-2.749924
-0.866909
-2.178160
-8.915681
-0.647057
-6.519309
-4.415129
-1.544193
-5.792030
-3.281244
-8.258465
-4.512289
-0.005489
-4.705977
-1.979924
-0.325149
-4.279086
-4.844775
-4.748171
-2.281683
-2.428489
-4.985713
-4.418709
-8.012235
-0.294699
-1.373491
-4.389305
-0.863892
-6.072452
-5.661287
-1.224534
-3.974743
-0.409234
-1.640869
-7.073354
-1.135794
-0.074384
-1.002445
-2.776979
-5.538484
-8.022377
-0.636701
-1.746024
-1.047523
-4.140333
-0.402387
-3.206088
-4.837461
-2.842480
-3.880137
-5.642076
