-0.021022
-0.025317
-0.003428
-0.011999
-0.018394
-0.002089
-0.002627
-0.025161
-0.001683
-0.010861
-0.003057
-0.048906
-0.102413
-0.025127
-0.010334
-0.000296
-0.004757
-0.003856
-0.036864
-0.001681
-0.003929
-0.001404
-0.001558
-0.017389
-0.001452
-0.030852
-0.000766
-0.009353
-0.003781
-0.003034
-0.002877
-0.079446
-0.004064
-0.032128
-0.019433
-0.048377
-0.002515
-0.006127
-0.004117
-0.039315
-0.002026
-0.003690
-0.004591
-0.002024
-0.027711
-0.011718
-0.002018
-0.001637
-0.022183
-0.003289
-0.017351
-0.009854
-0.000916
-0.009344
-0.002697
-0.017707
-0.002562
-0.002129
-0.071325
-0.006995
-0.000675
-0.001767
-0.005020
-0.024605
-0.010293
-0.018802
-0.065870
-0.000428
-0.005820
-0.004431
-0.005095
-0.096029
-0.123273
-0.001245
-0.004165
-0.016680
-0.001001
-0.005044
-0.000313
-0.013225
-0.001987
-0.003636
-0.022003
-0.036677
-0.006077
-0.000093
-0.000225
-0.010500
-0.002568
-0.024956
-0.001463
-0.010621
-0.000592
-0.005587
-0.028675
-0.005936
-0.001310
-0.074204
-0.000329
-0.002704
-0.003098
-0.062491
-0.005339
-0.000312
-0.007344
-0.000906
-0.013055
-0.003124
-0.000803
-0.028284
-0.001385
-0.000148
-0.014449
-0.009786
-0.009626
-0.036085
-0.003560
-0.013860
-0.000418
-0.021139
-0.076209
-0.008161
-0.044139
-0.024473
-0.013576
-0.005754
-0.007722
-0.001083
-0.027956
-0.000954
-0.022025
-0.009303
-0.005136
-0.004596
-0.028929
-0.002238
-0.019683
-0.001755
-0.000480
-0.005348
-0.109453
-0.011868
-0.002481
-0.062469
-0.000633
-0.025544
-0.009502
-0.002723
-0.019287
-0.011130
-0.003974
-0.000066
-0.025437
-0.112305
-0.053160
-0.001606
-0.008938
-0.014840
-0.054621
-0.001206
-0.001105
-0.002255
-0.023008
-0.004585
-0.013991
-0.015950
-0.140819
-0.012425
-0.036742
-0.004419
-0.107926
-0.001177
-0.014186
-0.000762
-0.004036
-0.006252
-0.000766
-0.030802
-0.002253
-0.000635
-0.000919
-0.030290
-0.002735
-0.022963
-0.000598
-0.003300
-0.000184
-0.012193
-0.003931
-0.007694
-0.201644
-0.003095
-0.003197
-0.003251
-0.000002
-0.032324
-0.115552
-0.018361
-0.003300
-0.000071
-0.001439
-0.031720
-0.014110
-0.019503
-0.000898
-0.006516
-0.117084
-0.045439
-0.006826
-0.000061
-0.004407
-0.056572
-0.047891
-0.043075
-0.004043
-0.000781
-0.001525
-0.015414
-0.147681
-0.008312
-0.056303
-0.003214
-0.009801
-0.006296
-0.000591
-0.005476
-0.001009
-0.003028
-0.006195
-0.016168
-0.064698
-0.007587
-0.003079
-0.005140
-0.005940
-0.032717
-0.016734
-0.022685
-0.051609
-0.000190
-0.003373
-0.000656
-0.006448
-0.000195
-0.002766
-0.000004
-0.004894
-0.004178
-0.001567
-0.011115
-0.012888
-0.020347
-0.037149
-0.011162
-0.039567
-0.017363
-0.019342
-0.000693
-0.007214
-0.008521
-0.003118
-0.013433
-0.004361
-0.002583
-0.026443
-0.005051
-0.007328
-0.007018
-0.010085
-0.001156
-0.002189
-0.034117
-0.003372
-0.000152
-0.003468
-0.002931
-0.004199
-0.006930
-0.001529
-0.061265
-0.025874
-0.003651
-0.002646
-0.000532
-0.054316
-0.000345
-0.014338
-0.000744
-0.006159
-0.002456
-0.006822
-0.003292
-0.000582
-0.007172
-0.013909
-0.025336
-0.015912
-0.007724
-0.007197
-0.000103
-0.006681
-0.003568
-0.001215
-0.017995
-0.017064
-0.024812
-0.004838
-0.013625
-0.006304
-0.002309
-0.007956
-0.013997
-0.010051
-0.000217
-0.000302
-0.001052
-0.001528
-0.000875
-0.034376
-0.000401
-0.000676
-0.005237
-0.007945
-0.000155
-0.005464
-0.000500
-0.008526
-0.006953
-0.000446
-0.011898
-0.002733
-0.004783
-0.011983
-0.061115
-0.064940
-0.000735
-0.000781
-0.059806
-0.004237
-0.031488
-0.000226
-0.009131
-0.036714
-0.006587
-0.005567
-0.017938
-0.008866
-0.005271
-0.002650
-0.000567
-0.012942
-0.008200
-0.026129
-0.001623
-0.001307
-0.001741
-0.033189
-0.002904
-0.010889
-0.000251
-0.039540
-0.006023
-0.012501
-0.000588
-0.011992
-0.000760
-0.002819
-0.012010
-0.000467
-0.037042
-0.000568
-0.002120
-0.005386
-0.008535
-0.004705
-0.002035
-0.002007
-0.000693
-0.000397
-0.026487
-0.032249
-0.001701
-0.000154
-0.000127
-0.000238
-0.001496
-0.002420
-0.003219
-0.119224
-0.015695
-0.000183
-0.002809
-0.014409
-0.031394
-0.001108
-0.001164
-0.002332
-0.016512
-0.007629
-0.015826
-0.000347
-0.151018
-0.002136
-0.000315
-0.012233
-0.030806
-0.003873
-0.024250
-0.057093
-0.017866
-0.022065
-0.000427
-0.014465
-0.024553
-0.020588
-0.011693
-0.004755
-0.041480
-0.002892
-0.017512
-0.003829
-0.002309
-0.006223
-0.000026
-0.144114
-0.008300
-0.001216
-0.007238
-0.000183
-0.002759
-0.017231
-0.005316
-0.002785
-0.023973
-0.000453
-0.013389
-0.002502
-0.000866
-0.000162
-0.002346
-0.010615
-0.002351
-0.033134
-0.004197
-0.023564
-0.001904
-0.004840
-0.001623
-0.000423
-0.004798
-0.000514
-0.040951
-0.000477
