-2.082621
-5.124879
-4.166516
-1.043035
-6.354519
-1.557141
-2.057370
-2.310536
-0.022044
-1.849693
-3.457667
-2.359203
-0.374429
-5.670533
-10.111850
-5.022374
-6.806175
-0.582682
-5.516976
-2.909115
-0.834017
-5.195712
-2.023111
-3.497724
-5.081681
-0.136228
-2.142443
-5.349501
-3.044746
-4.125193
-0.453370
-4.596307
-1.116575
-1.264933
-3.868980
-0.600258
-1.793001
-5.695874
-4.417187
-5.782053
-7.956475
-6.374884
-0.780866
-1.834308
-10.150666
-1.313690
-2.438007
-1.459041
-1.991001
-1.203277
-0.915146
-2.211516
-1.140644
-1.207908
-3.080118
-1.012326
-3.116376
-2.958416
-1.364197
-4.189132
-1.679360
-1.061650
-2.685495
-0.689734
-4.375405
-3.645141
-0.482635
-2.501556
-3.126587
-0.124850
-3.825748
-8.491874
-6.733001
-0.771396
-0.744216
-2.956675
-2.551653
-10.712054
-9.564531
-1.206649
-1.233653
-3.929639
-1.729715
-3.661702
-0.389528
-8.847896
-4.758339
-5.059213
-3.890925
-3.351000
-4.612199
-0.211556
-1.699758
-2.356243
-2.761475
-0.940197
-0.771021
-3.376598
-2.107988
-0.827767
-1.703036
-3.856910
-3.804135
-0.587962
-2.007169
-3.332675
-2.240462
-0.606763
-1.415444
-0.495317
-2.645549
-0.919122
-2.124038
-2.858805
-1.122278
-0.437027
-1.746497
-0.247763
-4.237030
-0.809000
-10.486327
-3.564450
-3.273511
-5.198301
-4.777638
-0.608371
-0.070102
-8.164390
-2.337173
-6.708544
-1.257645
-0.597829
-2.950192
-1.880322
-7.336021
-1.206219
-0.142678
-0.249442
-2.816459
-1.200307
-6.971243
-0.622405
-1.075779
-1.771911
-2.703465
-5.632136
-0.523835
-1.103147
-3.165514
-3.402193
-1.345667
-0.416555
-4.960825
-2.067636
-2.594972
-0.558686
-2.153683
-1.516109
-1.792912
-0.617607
-0.263638
-2.834291
-2.002607
-1.693402
-1.293393
-4.633509
-1.321829
-2.097028
-1.179353
-0.425298
-2.748639
-3.942356
-1.918280
-2.097622
-0.897237
-1.910991
-5.462517
-0.981865
-0.955234
-0.290718
-2.268017
-1.635525
-2.562095
-1.010838
-4.026747
-3.214550
-0.124097
-0.111588
-1.450524
-3.651145
-3.702426
-0.720463
-2.145614
-5.915775
-1.899826
-6.870965
-6.491400
-1.264590
-1.632189
-2.355965
-5.832211
-0.234264
-0.691526
-1.008654
-8.390118
-1.103951
-3.830252
-5.339990
-3.935860
-5.434267
-3.704155
-0.116468
-5.930595
-1.929255
-8.282527
-4.716176
-2.380805
-0.272655
-2.988718
-0.134787
-0.005275
-3.407006
-0.378568
-2.213233
-3.687384
-0.546887
-3.363070
-0.508536
-2.860308
-3.417808
-0.224417
-0.862038
-0.794701
-2.589934
-5.067704
-5.381606
-0.505998
-2.240818
-1.253373
-1.618781
-0.030322
-0.095179
-2.457661
-3.094509
-0.553402
-2.716244
-0.149371
-0.690137
