-81.434488
-55.261866
-62.443756
-55.636985
-53.439028
-55.145000
-82.750937
-72.386921
-66.339269
-68.389434
-61.341453
-78.743958
-62.581682
-66.596550
-62.796582
-38.083283
-75.505753
-51.555557
-75.458445
-56.182303
-52.151152
-63.457143
-71.769714
-80.296037
-70.724173
-40.675713
-66.052046
-44.007262
-74.893590
-46.556848
-61.178245
-66.051652
-82.823872
-76.619227
-72.180695
-59.345448
-70.102234
-62.692742
-80.745852
-66.800169
-57.840209
-52.200990
-53.092108
-83.030737
-65.327454
-58.047960
-45.744255
-40.493066
-53.738892
-81.462699
-72.144272
-57.938410
-61.421600
-65.955722
-56.487528
-56.306714
-91.236544
-69.886296
-68.337368
-83.908706
-67.440510
-78.426926
-77.372080
-83.290522
-49.355710
-59.702211
-42.245355
-67.526493
-50.385941
-49.959442
-67.661703
-42.630152
-67.360841
-79.251413
-80.042227
-65.995485
-51.520888
-66.069682
-68.264440
-88.719677
-66.643702
-76.708765
-65.874569
-59.590630
-58.200156
-44.390218
-46.361419
-69.214878
-70.388085
-62.227129
-73.425915
-84.790870
-59.768881
-71.790720
-64.796743
-78.464362
-77.313934
-83.187304
-82.713388
-81.768069
-43.730709
-60.651424
-66.998826
-53.662974
-65.702661
-52.798423
-37.940158
-67.611307
-71.733238
-72.325382
-59.386793
-36.581322
-61.124940
-51.888307
-52.909518
-64.833847
-59.500594
-96.172934
-59.723822
-76.189310
-79.018934
-74.871863
-77.393689
-76.800554
-81.364468
-57.866639
-73.751691
-57.090845
-62.920015
-53.247295
-80.730594
-70.566811
-62.025192
-55.827132
-78.460651
-69.180144
-85.190949
-41.213338
-78.913116
-45.139643
-54.706807
-49.466730
-46.987743
-39.596757
-93.545922
-51.441817
-75.232208
-65.096084
-78.845389
-49.323455
-67.927043
-73.240851
-46.946460
-61.837632
-59.804358
-49.375390
-58.554049
-61.964279
-73.875528
-46.484802
-56.455603
-61.177838
-51.296096
-67.553600
-37.204391
-42.922387
-62.139884
-76.374249
-46.232936
-54.780756
-68.386466
-55.086652
-80.595065
-72.614903
-76.692048
-56.853516
-72.843531
-55.197376
-52.182005
-51.513980
-49.528287
-71.011336
-61.830706
-61.076867
-93.191238
-70.297929
-63.909774
-60.237794
-64.194396
-51.013953
-62.610409
-54.009608
-73.479748
-52.092412
-52.733663
-48.194690
-74.740304
-60.661554
-62.064870
-50.477943
-62.306857
-65.574168
-67.148496
-56.254926
-55.029807
-48.156493
-47.087842
-67.168287
-52.000619
-63.948834
-53.875216
-55.869914
-74.388842
-49.397918
-59.737128
-50.666766
-49.377818
-61.441131
-43.190387
-71.089477
-65.698913
-81.081819
-59.578264
-52.784730
-57.404484
-67.782374
-49.487208
-61.245325
-55.509917
-71.587684
-72.415617
-66.292000
-62.103743
-71.516054
-69.295532
-75.727502
-51.701692
-54.255673
-55.899366
-83.309962
-92.548861
-72.681694
-73.828449
-61.271277
-86.993377
-77.444552
-62.369927
-58.398841
-44.479477
-57.729972
-69.162827
-58.805115
-66.079540
-77.207620
-58.230467
-46.905182
-81.865437
-73.183104
-44.437923
-61.480376
-76.372354
-52.128972
-72.415828
-45.780811
-57.357167
-56.390723
-72.563183
-49.460198
-63.844987
-55.693979
-48.416422
-80.110177
-60.551327
-43.251467
-60.752168
-91.058857
-81.334077
-43.762009
-72.928412
-60.573523
-77.333043
-53.965237
-49.904449
-69.489627
-63.055567
-81.904307
-71.316481
-55.160134
-49.731302
-56.179240
-46.626409
-45.430462
-85.132647
-75.234315
-58.393082
-54.329012
-57.990990
-77.672712
-61.956301
-68.633988
-69.712742
-73.175922
-74.541106
-49.084656
-54.518502
-54.558467
-67.787009
-70.383648
-52.255909
-38.708208
-55.132830
-74.556971
-75.126981
-58.617472
-49.864614
-65.241964
-70.265247
-77.526491
-49.231730
-83.533382
-66.293399
-65.678543
-59.838398
-71.969697
-47.736409
-78.841240
-55.225162
-63.373772
-48.760319
-54.877868
-68.810739
-73.626502
-74.016008
-109.353091
-50.224066
-56.639609
-74.067505
-84.315453
-84.019223
-51.967706
-82.310784
-65.304706
-80.613006
-61.500999
-42.879662
-58.544425
-53.131591
-72.292381
-65.985242
-49.998468
-40.253612
-66.774964
-68.216277
-84.454543
-71.803988
-77.369157
-50.281816
-51.714384
-53.117774
-67.660605
-60.734923
-78.512115
-54.920701
-46.787959
-51.407798
-59.431721
-64.668554
-63.207838
-85.131547
-60.229468
-69.239993
-59.343685
-74.788055
-69.660161
-60.938526
-82.993285
-55.661051
-63.896922
-63.324059
-82.444381
-69.884279
-90.539319
-72.373600
-69.503872
-87.300094
-45.635827
-76.105792
-60.907957
-56.388999
-71.133880
-76.720339
-96.836481
-63.424318
-75.097370
-66.881199
-67.276195
-71.493578
-64.560939
-74.262119
-65.751527
-69.834602
-67.334220
-51.391563
-84.989150
-52.067481
-56.368580
-66.574327
-68.633950
-76.850788
-52.183462
-60.486172
-60.286821
-86.502222
-66.784324
-77.217674
-50.411408
-57.509640
-69.681089
-74.132835
-72.190051
-67.539613
-60.810104
-39.571946
-67.575397
-59.050150
-67.208529
-51.566327
-57.595798
-48.166539
-66.923852
-56.855791
-64.575331
-63.600944
-74.490419
-49.684573
-74.177042
-81.226696
-52.734098
-28.359342
-60.494910
-58.054909
-80.432819
-61.219740
-66.265156
-64.051327
-71.306421
-70.380867
-62.896729
-66.964999
-75.252841
-47.458110
-59.877623
-65.524552
-55.241947
-48.088133
-60.044932
-45.521046
-64.964409
-63.492533
-59.566714
-84.205787
-44.563447
-38.421714
-52.114412
-94.571105
-76.421317
-75.442198
-62.537196
-47.567919
-45.301938
-53.229922
-55.661213
-70.216836
-54.541833
-50.179393
-57.537159
-51.101917
-72.816417
-80.853151
-76.799351
-54.373684
-74.911968
-68.989196
-45.532290
-58.309066
-52.218814
-53.583894
-51.627286
-56.485141
-38.324379
-44.800151
-74.280221
-57.817933
-70.826041
-49.194314
-62.810170
-63.871350
-60.638834
-81.237329
-76.017850
-73.841259
-82.978815
-70.444731
-73.721684
-59.101623
-81.721959
-55.156561
-58.005431
-57.693546
-76.299880
-58.423288
-55.162623
-78.100187
-43.705503
-69.133660
-69.867029
-80.445332
-50.583785
-55.471993
-58.356265
-61.755778
-59.407684
-57.612313
-70.857492
-57.367508
-60.421198
-44.380272
-56.524999
-55.413914
-73.726463
-61.034098
-53.458113
-61.575389
-50.849862
-67.153058
-80.472298
-57.067695
-41.250000
-62.876985
-64.885320
-66.502163
-75.345956
-62.983433
-57.806336
-62.106574
-71.129577
-86.488138
-74.426169
-65.491970
-67.494130
-75.759054
-76.469892
-60.239483
-49.362087
-85.712347
-53.443429
-71.528748
-96.032363
-83.551325
-79.078298
-76.730684
-67.090900
-57.529263
-69.898659
-45.680497
-77.822532
-58.770241
-61.415198
-54.604118
-62.720293
-55.898398
-68.222152
-36.388645
-55.086651
-67.176502
-51.322592
-63.823120
-62.676695
-67.455904
-48.971590
-50.393935
-58.602284
-64.308094
-60.307079
-74.499095
-76.695516
-61.098236
-51.929945
-61.087987
-71.875871
-60.466035
-64.664433
-62.815355
-60.196782
-57.224468
-60.873453
-75.172793
-83.062529
-78.300566
-86.214869
-53.649723
-80.123938
-91.198562
-65.278467
-80.816745
-50.763681
-51.403280
-61.136200
-63.932968
-54.143240
-45.730109
-66.715105
-71.372711
-76.957276
-50.233013
-59.400690
-61.851593
-74.106814
-53.833248
-55.648621
-63.874708
-87.988405
-85.464820
-86.497906
-84.656706
-68.691914
-47.750161
-56.545558
-62.389651
-61.761276
-60.953968
-58.483933
-77.655321
-54.942822
-60.036470
-75.586792
-39.758306
-82.376402
-60.307206
-68.534152
-64.120200
-78.216370
-57.834718
-58.068802
-70.073091
-49.748782
-62.751713
-56.737111
-53.172110
-87.253729
-52.889761
-54.432224
-71.010926
-69.345985
-77.158221
-75.908071
-66.146033
-52.151511
-79.178677
-55.797378
-56.703223
-67.764642
-50.263686
-50.358571
-75.888331
-67.768820
-64.696069
-83.059612
-78.113596
-54.898099
-60.365100
-83.722378
-58.387876
-65.155544
-56.473144
-48.511435
-68.156631
-55.775192
-65.750581
-49.386351
-60.371012
-40.676112
-79.014963
-61.665938
-68.473504
-77.621707
-57.982935
-45.937958
-87.387550
-70.243028
-59.443554
-58.909212
-45.102143
-58.543595
-51.325405
-65.862184
-65.478996
-67.159623
-51.972384
-68.353180
-61.134491
-81.114137
-60.996861
-67.092211
-68.917461
-64.794494
-51.260284
-52.537956
-59.432638
-83.988765
-35.898259
-78.017690
-52.875793
-71.266742
-71.917063
-71.893673
-60.458413
-63.557804
-59.539133
-53.868414
-62.436635
-52.635080
-59.546302
-62.983899
-60.244735
-45.576159
-74.555179
-62.487998
-47.652725
-77.887881
-52.565625
-70.013375
-85.398510
-66.883376
-84.371748
-68.203931
-45.364331
-53.783535
-60.503860
-94.785568
-57.753806
-56.223639
-57.504627
-66.250116
-88.057810
-49.396858
-64.174122
-54.102863
-55.326050
-66.389874
-68.121019
-62.129753
-49.861451
-64.399847
-57.412666
-54.056895
-74.879534
-67.796305
-66.353099
-76.542314
-49.996911
-79.284607
-61.541889
-79.010465
-69.772916
-45.309103
-61.878857
-71.429770
-64.718229
-72.019415
-63.301263
-53.582715
-57.978161
-60.677602
-88.376439
-49.619039
-76.423476
-50.938653
-63.322745
-56.956849
-76.335517
-43.060927
-64.654013
-62.388908
-47.503206
-83.934367
-71.509710
-63.586675
-50.038996
