-45.198041
-34.274822
-34.266524
-24.890275
-22.289431
-30.569128
-25.927956
-35.613728
-33.092474
-41.970296
-42.674052
-36.307085
-37.543832
-20.773749
-32.523531
-32.488373
-35.234062
-31.692006
-26.777239
-41.542255
-39.870811
-25.215653
-36.836462
-33.968708
-40.234961
-33.419420
-33.440774
-39.545332
-46.348377
-36.642306
-32.996711
-49.194248
-31.437062
-33.617480
-35.654921
-33.997300
-42.640388
-23.097763
-30.878207
-41.128654
-31.027976
-33.013839
-35.147319
-30.519115
-37.966249
-49.806457
-13.832077
-22.572346
-34.063426
-31.486585
-30.764480
-34.186550
-25.698011
-24.049166
-23.830414
-29.559854
-37.903426
-32.373008
-39.905312
-38.316332
-31.388985
-30.095127
-40.763768
-27.642128
-35.454598
-23.205393
-36.927468
-38.725944
-24.665946
-47.475855
-35.755745
-41.279271
-35.655000
-33.615971
-39.749596
-43.647949
-25.179752
-41.095947
-44.607694
-38.627731
-27.894370
-36.130990
-34.455410
-22.960985
-48.938660
-28.564313
-13.850159
-30.388213
-45.237293
-27.326164
-38.947310
-21.023420
-47.923271
-28.937020
-40.394406
-32.703837
-48.261606
-34.404926
-28.117715
-24.669727
-30.022649
-25.258209
-33.617913
-33.727593
-29.805446
-41.923459
-35.341372
-33.268184
-31.851347
-29.677935
-23.953381
-38.717554
-31.567640
-35.942933
-27.583479
-24.903882
-25.350905
-40.501559
-47.218996
-38.889791
-40.002512
-22.795399
-47.602235
-41.485667
-17.902387
-31.403900
-35.347737
-21.062256
-34.003943
-38.181341
-25.494439
-37.964752
-25.726682
-30.051863
-41.919127
-37.999641
-28.573826
-42.654126
-25.662003
-22.084598
-24.571196
-27.129175
-35.523335
-38.066370
-22.003543
-37.257581
-25.871860
-29.079749
-28.561333
-29.197002
-35.262848
-47.259881
-22.606152
-39.810770
-27.202131
-32.648261
-36.072099
-28.398878
-36.307424
-33.783884
-46.518054
-36.712472
-15.211233
-31.521507
-27.275003
-49.413879
-29.770286
-28.419500
-33.113172
-29.027643
-35.698631
-27.837841
-35.376160
-33.303161
-40.824610
-46.014360
-24.035896
-36.463046
-38.563413
-34.570008
-19.728821
-20.961786
-26.770740
-38.280736
-25.328251
-28.655094
-20.128044
-36.254900
-34.557258
-34.875107
-37.204982
-39.685337
-26.798904
-40.822402
-28.966168
-39.233508
-38.543743
-35.117366
-46.436260
-23.990905
-30.266040
-28.821638
-38.429652
-27.571698
-37.435184
-30.112335
-23.698859
-36.586591
-28.561593
-44.081133
-41.751767
-44.159999
-45.838050
-32.902113
-29.242910
-29.142567
-21.803084
-17.800833
-23.336785
-33.946981
-38.527155
-36.461390
-44.913646
-21.596654
-29.500684
-48.552543
-28.762827
-37.273051
-30.310689
-33.309025
-35.625493
-47.129965
-28.745715
-26.402480
-35.553731
-38.441393
-30.453711
-25.470008
-45.730451
-33.578353
-16.994742
-32.483151
-37.435278
-45.790849
-25.157801
-29.130844
-24.991814
-34.688856
-23.754587
-31.261460
-39.383697
-27.475258
-40.871327
-27.497069
-29.610216
-38.611300
-30.696644
-37.479385
-36.154121
-37.666988
-24.231201
-36.377628
-41.423822
-42.597889
-30.916838
-29.065287
-29.821248
-28.022398
-31.289265
-18.195669
-38.736226
-28.092110
-18.310306
-41.485865
-32.291650
-28.953760
-23.191736
-31.244387
-35.051744
-54.666411
-21.615849
-32.404884
-24.985323
-26.828926
-31.417362
-36.358806
-29.946938
-27.045499
-29.051107
-26.327979
-37.212012
-23.686824
-33.785550
-36.009216
-33.932640
-38.074237
-28.530060
-32.662195
-28.428616
-32.098256
-37.002875
-23.363594
-30.022323
-34.310956
-43.577102
-37.922147
-22.531122
-33.785741
-28.557506
-33.107241
-24.920631
-30.708779
-28.050537
-37.034077
-37.633888
-45.322430
-20.361513
-31.903382
-26.211056
-24.181744
-45.975111
-35.202746
-19.996350
-32.490430
-22.042123
-39.995645
-46.706018
-33.506922
-30.024257
-37.546480
-25.879024
-38.359079
-27.975998
-43.292917
-40.657902
-33.370552
-31.382642
-36.898085
-56.404632
-31.952555
-39.244534
-29.400130
-36.950051
-34.030861
-38.155222
-46.466865
-38.142725
-37.027343
-47.001746
-33.419944
-33.152983
-21.450847
-20.522537
-24.380509
-20.464830
-35.648512
-46.164499
-35.821025
-44.236954
-39.038143
-25.595392
-33.292488
-23.153181
-44.060722
-33.420360
-51.126362
-44.092729
-39.874346
-24.627719
-36.999187
-27.899169
-25.071898
-37.335177
-38.081334
-35.948690
-32.378188
-54.371153
-35.651458
-29.812868
-24.221164
-27.164444
-26.559203
-37.515569
-25.637940
-36.782772
-34.564928
-39.346527
-35.166194
-43.549839
-39.832154
-24.749652
-37.569905
-32.040330
-24.707352
-29.723022
-45.656562
-35.561112
-34.247947
-47.993805
-30.171564
-16.577440
-31.934269
-26.418305
-28.891930
-19.913514
-37.861013
-44.190177
-31.244861
-37.010004
-25.836287
-43.594514
-38.143980
-44.452315
-37.557078
-37.727372
-40.849773
-32.414194
-45.527393
-21.697784
-33.288041
-21.397948
-29.098395
-37.857606
-35.378029
-34.687337
-22.897480
-40.803115
-34.255645
-28.428310
-36.836470
-25.694559
-31.283279
-31.529167
-43.785061
-34.274422
-41.977733
-33.383922
-28.097830
-31.373199
-38.822290
-24.533736
-50.008993
-26.722801
-40.469594
-28.855504
-27.131014
-40.862784
-34.272805
-38.469601
-40.650827
-14.316670
-23.737404
-34.119617
-32.970800
-39.498466
-35.815910
-23.650654
-30.522919
-16.963125
-35.986502
-35.348434
-40.766118
-32.397565
-29.169011
-41.857155
-32.392583
-38.674274
-23.243078
-30.910010
-30.804493
-37.272042
-32.336366
-29.370344
-37.497041
-36.401168
-44.239304
-35.035465
-28.461714
-27.275261
-37.280907
-38.784866
-32.613823
-30.535829
-30.888850
-40.614433
-48.318528
-31.007788
-27.989050
-32.548310
-24.815127
-47.174250
-37.603573
-30.944800
-39.036158
-32.042793
-28.458577
-22.977412
-31.157024
-32.139625
-32.850816
-45.630869
-38.076643
-29.859874
-42.072023
-33.495253
-46.253055
-33.553563
-36.168104
-30.458318
-33.908310
-30.035207
-26.706694
-27.453577
-27.055113
-33.457380
-41.385159
-34.967590
-34.674362
-36.378945
-20.447395
-41.304565
-34.936419
-32.753992
-28.409264
-23.493662
-26.397099
-41.073025
-36.835781
-22.826020
-21.577585
-29.389497
-28.747995
-31.082377
-30.751376
-38.342300
-23.402625
-30.841444
-31.133415
-34.432270
-38.139969
-35.176011
-36.501479
-24.324249
-26.761155
-18.753259
-29.754841
-39.046329
-35.552217
-33.038025
-31.160343
-41.933226
-30.783981
-41.057884
-29.687614
-29.543033
-44.563832
-17.663904
-33.112880
-19.709240
-31.489816
-36.825780
-32.726151
-40.356139
-29.804984
-26.327728
-25.608092
-31.299363
-28.243238
-21.952523
-33.822353
-35.617830
-36.326399
-31.622152
-55.582105
-28.109050
-40.599065
-37.331799
-33.950139
-32.540385
-27.933974
-42.456950
-26.430165
-24.701286
-24.400842
-27.082437
-27.961185
-30.882815
-42.639646
-21.236653
-38.969652
-35.036445
-25.858557
-35.842773
-43.412053
-33.092810
-13.835741
-31.290831
-24.640678
-38.055648
-36.930287
-24.102320
-31.299408
-34.565023
-25.480599
-16.897014
-36.174039
-25.207624
-33.120766
-27.961765
-24.580735
-34.007526
-29.288470
-26.132452
-41.503343
-47.479556
-39.809701
-31.070594
-47.624205
-16.839811
-16.893290
-21.883179
-21.511312
-26.861932
-17.195860
-41.927647
-28.768146
-26.863461
-21.566630
-25.062070
-33.337202
-32.745560
-40.404757
-32.233694
-42.026040
-31.776550
-24.764511
-45.627285
-37.659324
-48.267097
-22.853954
-28.949883
-50.101879
-13.684623
-18.580329
-36.106419
-27.810793
-21.046408
-30.641128
-28.453471
-35.407495
-39.997729
-39.581321
-41.629398
-31.447024
-31.325578
-27.280154
-22.583867
-46.154650
-42.884357
-33.487579
-32.060704
-34.302058
-23.535352
-42.178621
-24.676017
-17.964945
-25.449199
-29.455813
-28.288198
-33.746316
-31.169244
-41.679953
-37.659566
-22.812826
-44.854028
-36.703654
-32.795003
-23.372436
-25.685086
-31.324108
-34.336643
-23.858559
-38.742347
-39.339314
-26.182741
-37.915916
-33.019391
-34.366667
-45.611709
-38.780169
-17.520358
-32.972492
-36.645047
-30.551900
-32.110861
-34.156698
-34.867267
-25.417582
-36.773274
-28.079351
-36.917404
-34.845132
-37.482555
-25.897277
-34.620430
-25.786751
-34.656082
-20.932947
-37.765471
-36.577792
-39.599616
-34.262993
-27.883268
-33.476896
-32.670091
-30.493821
-32.466559
-31.243075
-21.475572
-42.171564
-22.464156
-40.785763
-32.341131
-39.090508
-15.223449
-36.596450
-26.291681
-31.460442
-27.090685
-42.478726
-33.626867
-37.652140
-36.209850
-45.493537
-32.134306
-13.366198
-34.843125
-35.250645
-24.977489
-32.305501
-27.376594
-30.172788
-43.872906
-43.097035
-32.288587
-40.644621
-31.946024
-44.689481
-41.672064
-52.422674
-39.587590
-36.190045
-32.827389
-44.779499
-40.354964
-39.410721
-37.014985
-39.068827
-28.852613
-46.533475
-31.897536
-38.943076
-35.981260
-18.516754
-24.633394
-35.882568
-46.928909
-25.493553
-36.359354
-38.577059
-22.461697
-46.192073
-39.466732
-46.038424
-36.758614
-34.279157
-45.120614
-25.791944
-29.837704
-45.226440
-26.465430
-32.234388
-11.969989
-38.056027
-22.437996
-40.030182
-23.742289
-26.453501
-35.474451
-32.186338
-27.396685
-49.310776
-26.961604
-22.478320
-25.799786
-34.361886
-28.141733
-27.872763
-28.092912
-33.146468
-26.153747
-20.713710
-49.244210
-24.771287
-43.786698
-33.969673
-33.274857
-43.205007
-36.520975
-32.337654
-48.050745
-44.358950
-32.226136
-41.282622
-32.678417
-36.616292
-34.844814
-32.701725
-26.078793
-43.030212
-40.703066
-25.825972
-20.288404
-38.314472
-15.098570
-26.387145
-50.021040
-28.587104
-39.125822
-42.469978
-25.345533
-37.712577
-17.299510
-30.891919
-21.820165
-43.186750
-28.196896
-22.054879
-19.589603
-21.418230
-24.260468
-36.763446
-28.802255
-47.620047
-10.793738
-35.359951
-41.640139
-28.351520
-29.311277
-37.078688
-36.228040
-37.512098
-35.008190
-28.548825
-26.969036
-24.600572
-28.323257
-19.000398
-31.545658
-40.259225
-32.443710
-33.130363
-47.081194
-45.861640
-36.362158
-31.960088
-24.312387
-37.208025
-24.886731
-34.358581
-33.432949
-38.198730
-22.803027
-29.264394
-37.716694
-32.263432
-39.361905
-36.821451
-31.409687
-30.321298
-29.422695
-23.811786
-34.297142
-36.561740
-28.190719
-33.673782
-24.635724
-36.557572
-37.265959
-38.453525
-22.141739
-26.183252
-38.522224
-32.587653
-39.094485
-22.058069
-20.712289
-38.201207
-40.413702
-28.224901
-21.929573
-12.364817
-37.324927
-34.924991
-49.633239
-29.434719
-20.147649
-34.278805
-21.690854
-31.909556
-40.723063
-30.881366
-30.584176
-44.115780
-37.147922
-28.870650
-32.172871
-48.857200
-35.888413
-31.653307
-41.227493
-33.065812
-30.553184
-23.326627
-24.686586
-34.028733
-38.532050
-32.240344
-26.538911
-27.698507
-23.058828
-34.244383
-36.381002
-39.166535
-26.183583
-33.793489
-31.491686
-25.611536
-28.389934
-22.743014
-39.274849
-24.533923
-24.241516
-28.621651
-31.248004
-33.982354
-39.982134
-26.316265
-36.404260
-30.532681
-29.304999
-28.440969
-37.779168
-19.027415
-53.922559
-27.120659
-36.921401
-23.296793
-46.017783
-33.141187
-36.517226
-29.721566
-35.759875
