-28.103758
-20.804835
-26.283230
-35.020889
-36.533891
-22.699679
-32.745442
-27.136201
-13.426331
-44.672616
-26.692393
-9.211681
-20.474974
-13.854594
-19.350183
-25.633696
-18.897007
-21.869444
-20.509771
-20.476883
-34.047029
-31.228812
-37.165453
-21.102846
-26.908556
-29.667611
-29.759028
-40.055444
-44.196802
-21.098410
-17.072418
-22.039834
-37.016569
-22.778541
-21.136605
-28.743574
-32.788527
-38.833580
-28.099984
-36.523096
-22.902917
-34.911026
-27.165123
-28.695112
-26.659726
-30.080253
-17.202886
-19.177999
-27.101163
-23.148937
-25.024101
-12.141165
-21.073572
-31.068630
-15.428007
-37.300280
-20.926376
-26.788540
-29.005523
-24.409775
-14.013215
-37.436108
-24.730952
-16.525255
-20.288843
-24.053674
-32.195918
-37.084179
-28.666193
-23.510967
-33.264878
-19.928032
-30.447712
-32.017627
-24.134040
-25.178877
-28.795377
-33.626770
-33.642789
-38.344264
-24.207661
-18.575544
-24.481791
-32.251578
-18.113107
-26.352879
-33.583066
-19.701330
-28.965985
-21.595303
-30.906388
-17.829819
-16.965314
-15.632595
-29.530476
-24.687720
-20.940139
-17.018611
-22.702313
-23.402602
-22.131370
-15.130276
-22.249821
-16.914073
-31.346274
-20.812540
-22.740039
-29.552203
-26.187185
-33.925722
-30.541180
-16.103894
-18.359032
-32.182868
-25.680602
-31.052130
-34.843893
-24.973592
-25.809751
-24.329648
-28.812918
-30.752688
-23.328375
-21.958464
-29.225281
-20.783379
-26.277981
-20.585106
-28.061607
-34.882125
-23.033040
-24.711545
-11.841504
-33.723842
-34.558609
-32.669128
-24.188680
-28.467429
-27.574455
-25.700642
-20.148579
-27.349803
-30.688188
-22.848037
-36.955904
-31.830525
-21.095074
-18.948536
-39.506801
-28.704872
-23.409399
-16.699163
-29.248581
-25.051709
-19.608363
-21.664772
-30.120925
-13.619463
-30.936309
-22.794089
-30.009105
-36.930581
-11.958335
-14.806803
-38.728402
-26.832522
-25.506784
-18.737056
-46.440704
-26.375955
-34.348183
-33.435852
-34.269204
-18.141953
-30.940830
-27.222057
-23.254605
-15.018829
-30.784916
-22.573858
-22.943762
-10.475785
-25.442715
-18.346141
-26.309635
-37.210724
-28.679667
-15.683113
-24.119878
-35.393190
-16.484863
-21.000442
-22.219607
-36.645772
-30.915540
-26.770812
-30.730697
-20.735604
-17.224724
-23.889759
-32.995362
-30.183700
-40.190946
-27.973496
-29.139480
-27.984217
-18.927955
-31.486271
-31.402921
-21.116103
-15.831618
-22.889566
-18.837625
-29.130560
-30.638966
-21.780641
-45.859945
-23.746043
-34.541596
-31.344961
-22.231308
-23.477614
-37.588914
-31.118792
-21.699802
-14.185221
-30.265544
-36.117113
-27.291406
-24.198236
-50.819045
-30.910295
-21.343561
-18.868261
-20.320734
-13.326217
-37.842324
-28.533247
-32.703344
-32.967108
-25.041199
-34.228096
-31.748195
-28.847987
-28.233661
-21.905363
-30.895789
-28.772812
-22.434610
-24.734878
-36.501927
-27.290485
-17.840971
-11.542672
-26.173934
-24.526726
-20.714645
-25.300233
-30.134850
-12.025366
-24.578183
-27.381377
-28.882140
-24.247841
-16.061842
-38.341302
-27.037196
-21.669587
-30.592426
-27.076850
-35.214201
-21.619307
-33.446592
-18.239452
-14.184208
-17.336008
-22.373338
-38.541487
-14.786436
-26.396582
-25.257982
-14.791536
-28.074741
-29.551776
-25.750730
-23.900129
-20.737666
-22.039240
-32.590317
-31.699557
-20.576520
-20.995780
-21.474227
-30.830375
-33.652329
-26.204350
-30.518816
-34.900496
-24.586956
-36.744727
-34.761806
-30.160008
-23.889869
-40.997142
-32.865238
-21.787506
-25.419711
-23.875331
-22.805956
-38.271223
-16.299182
-33.304619
-39.744525
-35.705806
-33.004839
-25.292985
-11.905340
-31.950286
-25.836742
-25.007652
-18.180958
-36.907019
-35.632647
-33.031779
-38.570496
-16.132039
-37.044238
-31.485258
-31.425432
-41.129063
-21.371885
-24.955447
-23.322643
-26.285506
-32.749298
-28.658070
-25.866819
-23.778642
-31.115744
-25.551177
-24.285865
-35.143652
-19.105479
-32.045745
-15.945245
-41.404616
-25.141532
-32.375845
-31.908363
-11.780086
-21.149542
-30.206947
-26.262404
-23.762944
-29.951317
-29.780876
-22.915118
-21.816625
-24.156466
-24.212271
-35.579589
-29.277400
-17.428344
-16.411708
-29.813851
-19.612860
-19.681354
-29.073628
-17.179223
-15.681706
-24.277424
-32.413736
-25.571129
-26.703855
-27.041955
-30.706790
-28.660697
-26.007653
-30.040269
-28.508514
-31.900199
-32.001863
-14.489320
-14.796223
-36.963268
-29.720125
-25.899368
-24.378812
-34.191772
-18.676830
-25.292110
-26.268216
-33.423953
-30.522125
-23.712389
-23.912937
-12.981818
-25.411046
-31.332810
-30.849180
-36.447003
-31.947821
-18.093076
-23.346238
-42.860772
-22.793122
-17.606655
-29.463791
-24.296566
-36.356551
-39.874456
-30.412312
-20.757000
-19.299040
-26.836852
-25.381986
-28.191853
-34.141520
-25.514625
-38.845132
-26.500056
-23.478616
-32.522936
-24.083120
-24.014980
-37.736877
-24.623228
-31.315178
-45.981487
-23.914233
-16.771227
-27.693178
-19.629328
-25.464786
-29.875097
-24.393602
-15.653208
-26.126981
-45.077922
-27.379194
-15.453363
-31.253422
-28.650346
-20.274167
-35.832162
-24.553969
-27.466833
-13.604146
-35.942040
-29.778517
-30.904967
-36.114187
-30.644461
-42.310747
-23.345825
-20.422136
-46.262045
-33.110741
-12.647642
-28.212697
-35.294947
-36.042628
-47.377137
-24.669454
-18.636128
-17.756399
-25.514191
-33.958647
-23.924495
-28.008317
-28.920925
-40.114784
-21.403557
-25.279742
-15.223781
-28.091536
-27.442294
-29.532671
-24.766600
-33.378592
-35.462830
-26.589009
-41.863498
-24.727775
-20.960477
-21.697475
-21.571430
-30.119996
-24.966956
-27.582614
-36.365675
-28.237364
-20.414536
-28.227236
-36.116352
-34.158149
-21.244632
-22.315080
-33.019875
-31.187406
-23.799743
-35.956508
-27.008062
-20.590574
-31.765611
-36.312147
-33.840153
-38.058612
-26.869677
-46.388325
-36.979978
-25.977044
-25.442161
-18.949734
-30.662145
-41.047235
-25.453368
-22.372912
-22.847055
-12.364480
-29.330846
-25.326729
-27.365291
-17.458693
-26.621821
-38.264710
-36.536019
-31.769446
-20.092019
-19.000572
-19.538469
-24.131805
-26.187181
-21.896756
-21.180663
-34.376728
-29.418495
-14.690199
-27.378243
-29.850933
-28.260363
-21.007381
-12.263855
-34.846275
-30.323222
-30.678423
-18.532865
-25.294325
-34.971431
-28.848680
-38.584264
-18.340396
-24.398075
-17.600700
-26.062063
-40.570555
-23.914158
-30.282363
-27.395590
-29.074302
-35.293931
-28.077054
-13.311320
-21.752754
-30.591541
-13.932547
-37.686666
-24.344598
-23.184513
-27.118224
-37.740399
-27.850527
-28.697626
-40.059680
-18.634821
-17.449897
-36.110345
-33.936389
-33.715216
-27.032555
-24.620667
-22.243099
-23.559018
-16.496059
-23.088812
-35.762659
-23.055988
-20.838613
-29.110994
-29.274920
-21.598903
-17.930986
-23.375685
-9.795786
-28.828439
-31.457949
-27.256877
-18.901691
-22.432928
-18.154447
-38.830422
-27.642480
-19.250595
-22.848620
-23.454332
-28.557909
-31.547285
-32.695203
-22.718761
-36.878172
-32.833026
-26.340974
-27.978680
-25.794896
-22.505658
-44.195616
-26.407809
-29.617907
-22.145572
-11.279245
-16.242011
-31.390520
-26.625035
-35.025991
-19.952587
-18.550454
-31.999397
-26.432971
-37.152565
-25.471719
-23.905391
-24.471696
-33.988827
-36.970314
-23.482841
-21.264202
-30.238814
-27.146961
-23.954870
-32.307729
-17.067523
-29.061781
-26.649550
-17.489921
-25.169424
-18.061344
-33.685459
-21.012375
-20.479935
-36.121989
-19.585249
-26.042490
-27.181648
-22.173768
-19.293576
-26.640378
-29.514513
-33.064193
-47.582324
-27.112174
-36.497606
-30.867192
-38.670235
-16.902506
-20.418384
-21.266170
-25.489936
-31.570404
-30.185071
-29.622553
-35.634033
-28.879645
-19.751893
-30.729869
-19.161691
-24.667931
-41.639013
-25.776774
-23.186823
-41.342012
-19.426959
-32.403697
-29.088689
-46.407310
-34.697168
-22.434111
-21.752680
-27.717661
-47.715396
-32.806108
-28.073775
-27.019676
-15.031373
-23.069717
-30.820919
-33.774999
-21.663624
-33.904400
-27.569981
-26.490071
-24.223355
-38.968949
-22.346223
-19.464448
-31.451687
-26.889188
-23.109046
-33.786329
-19.056304
-37.125598
-21.764034
-24.550425
-23.606410
-31.208927
-25.366227
-15.189474
-27.558554
-26.860938
-30.293137
-21.370883
-26.307792
-25.897726
-30.335405
-24.603376
-25.369363
-23.991938
-27.300746
-41.995560
-23.399195
-20.821340
-20.685017
-26.876639
-26.668435
-26.371899
-15.552917
-15.523435
-18.243081
-33.197339
-28.169673
-44.328069
-27.922856
-24.353202
-21.420553
-17.810527
-40.503767
-23.110823
-34.805790
-35.549685
-44.278544
-28.277420
-16.741611
-32.447608
-20.211420
-32.120049
-34.642820
-28.597085
-18.100887
-21.209421
-18.163731
-20.252961
-36.612646
-30.897795
-24.906308
-21.559761
-22.006370
-13.880801
-33.732335
-27.719974
-25.264837
-25.594914
-17.325317
-32.695708
-22.619533
-29.881345
-27.120834
-25.771269
-29.176505
-32.952170
-34.403073
-42.136287
-36.630399
-20.085829
-22.942798
-27.374803
-27.930511
-20.524547
-32.604026
-27.917864
-29.103389
-29.878757
-38.960910
-33.160827
-26.746841
-28.230769
-24.211127
-28.792667
-26.174004
-25.008626
-20.162880
-29.630357
-29.317301
-19.239096
-22.885796
-27.470068
-26.721641
-29.780918
-28.795842
-24.042667
-29.600722
-34.998308
-39.034802
-25.440688
-25.757350
-27.824599
-34.175986
-20.366695
-24.834755
-34.183631
-25.760214
-28.903995
-28.047112
-29.086089
-23.524773
-17.025759
-33.053267
-21.181129
-21.389833
-12.242302
-18.702139
-22.719141
-30.311763
-27.829399
-18.822427
-32.870518
-29.664446
-29.301393
-31.177492
-29.465288
-23.929721
-30.625484
-37.437990
-38.250408
-35.366519
-22.211061
-30.098349
-41.034907
-24.531001
-25.471565
-20.469403
-21.752202
-24.832293
-24.195482
-28.766010
-14.219946
-9.416805
-21.506560
-25.888375
-15.589917
-20.227475
-29.984106
-44.886864
-30.037462
-30.450144
-22.218151
-35.995369
-35.649482
-23.662330
-20.190628
-24.732595
-36.196521
-48.063090
-23.229566
-36.717789
-24.102458
-27.197446
-17.781851
-33.436348
-26.110833
-25.314132
-26.827327
-26.390942
-17.805185
-26.334570
-26.937265
-30.542068
-34.644850
-23.020840
-30.366962
-34.560355
-34.252845
-20.593802
-25.978907
-35.970000
-31.574341
-20.644397
-19.647104
-19.208119
-36.267900
-32.303450
-30.015956
-29.662139
-20.357129
-42.469788
-24.697033
-13.875855
-29.008004
-24.205568
-47.543216
-28.075489
-23.068105
-19.117786
-30.274661
-17.930269
-17.785053
-25.291037
-32.779042
-18.394097
-27.451955
-34.857562
-41.807773
-29.777685
-27.215894
-27.430768
