-0.692718
-0.227472
-0.410659
-0.181139
-0.044546
-0.050842
-0.414566
-1.087139
-0.388946
-1.489906
-0.979238
-1.216018
-0.423470
-0.567759
-0.138315
-1.278404
-0.713714
-0.413686
-0.300247
-0.510969
-1.035297
-0.003593
-1.416878
-0.458551
-0.029276
-0.459039
-0.266945
-0.049496
-1.346156
-1.825243
-0.414091
-0.127148
-1.008682
-0.003562
-0.100732
-0.327670
-0.166798
-0.107691
-0.015893
-0.005075
-1.083347
-0.823724
-1.256899
-0.165110
-1.215230
-0.162291
-0.253250
-0.189631
-0.732594
-0.038281
-0.257010
-0.257106
-0.596871
-0.256379
-0.256679
-0.544908
-0.341260
-0.463078
-0.043777
-1.790651
-0.583352
-0.126920
-2.357085
-0.944554
-0.134550
-1.530543
-0.437613
-0.732648
-0.049117
-1.236495
-1.159160
-2.385926
-0.091271
-1.169710
-0.298666
-0.460105
-0.223067
-0.694624
-0.741382
-0.487888
-1.974693
-1.054045
-0.056981
-0.863263
-0.560505
-1.756735
-1.427146
-0.235610
-0.069304
-0.380620
-1.464449
-1.320015
-0.843913
-1.098253
-2.198746
-0.850351
-0.229866
-0.383056
-0.805649
-1.115232
-0.028065
-0.194401
-0.240061
-0.647899
-1.260369
-0.817916
-2.009866
-0.494361
-0.024447
-0.043230
-0.012484
-0.425386
-1.737641
-0.011523
-1.000619
-0.223798
-0.324523
-1.459024
-0.056931
-0.329486
-1.771620
-0.335610
-0.308092
-0.572806
-0.147971
-0.354957
-0.329974
-0.004818
-1.366400
-0.177158
-0.208477
-0.875738
-0.003356
-0.628762
-0.057342
-0.428889
-0.169363
-0.202082
-0.714118
-1.269731
-0.413321
-0.437366
-0.098129
-1.533101
-0.874387
-1.053330
-0.506038
-0.105407
-0.910139
-0.701898
-0.595644
-0.270637
-0.243152
-1.064206
-0.097718
-0.582387
-0.062545
-1.096041
-0.155621
-1.192324
-0.222603
-0.186083
-0.752700
-0.219009
-1.213406
-0.189217
-0.707203
-0.006503
-0.509610
-1.105109
-0.553971
-0.286039
-0.777609
-0.417612
-1.459023
-0.054397
-1.775171
-0.117191
-0.045028
-0.655535
-1.078079
-0.270290
-0.397036
-0.901849
-0.326521
-0.533314
-0.077875
-0.586868
-1.003311
-0.443916
-0.148098
-0.710878
-0.407224
-0.336479
-1.565734
-0.126246
-0.397817
-0.922323
-1.148114
-0.899049
-0.731467
-0.683206
-0.342255
-0.719975
-0.123181
-1.035030
-0.539307
-0.113016
-0.226233
-0.884506
-0.656735
-0.653444
-0.826912
-0.510077
-0.623694
-0.323942
-0.069339
-1.911730
-0.315550
-0.050320
-1.263149
-0.649204
-0.635741
-0.879560
-0.030924
-2.575567
-0.251262
-1.452818
-0.023381
-0.095690
-0.824618
-1.509549
-0.787323
-1.066828
-0.543102
-0.132153
-0.143766
-0.002310
-0.257336
-0.688115
-1.634910
-0.223102
-0.189475
-0.330664
-0.239471
-1.828846
-1.371493
-2.553105
-0.059249
-0.004689
-1.006571
-0.393645
-0.622251
-0.525444
-0.587530
-0.786842
-0.124169
-1.002255
-0.481472
-0.086000
-0.591929
-0.753112
-0.289206
-1.782443
-2.377888
-0.060014
-0.333952
-0.229243
-0.728593
-0.116894
-0.863166
-0.285712
-0.035694
-0.383756
-0.005781
-0.377258
-0.199100
-0.101294
-0.458765
-0.897899
-0.125919
-0.020013
-0.614262
-0.358980
-1.312899
-1.005096
-1.248180
-0.066884
-0.167470
-0.037843
-0.303532
-1.716830
-0.271878
-0.435597
-0.326852
-0.463619
-0.036450
-0.149424
-0.373700
-0.518230
-1.636811
-0.869663
-0.909117
-0.055816
-1.239625
-0.456583
-2.017709
-0.382350
-1.143346
-0.097099
-0.250289
-0.247931
-0.534752
-1.833303
-0.714674
-0.126273
-0.768906
-0.157053
-0.131035
-1.024915
-0.124627
-2.145890
-0.100333
-0.079639
-0.772308
-0.081918
-0.045683
-0.972766
-0.017081
-0.159440
-0.241322
-1.238914
-0.327834
-0.439453
-0.169398
-0.417114
-0.192125
-0.307055
-0.589262
-0.230038
-0.380298
-0.215734
-0.552482
-0.266340
