-0.530011
-0.545091
-1.896867
-0.445953
-0.436291
-0.263860
-0.230162
-0.296603
-1.134241
-0.098874
-2.160526
-0.361747
-1.590961
-2.526051
-1.140065
-1.092702
-0.277751
-1.288816
-1.941459
-0.587378
-0.110972
-1.859966
-1.727003
-2.386642
-0.608641
-0.031185
-2.553695
-4.300525
-0.333851
-5.447307
-3.989044
-2.176160
-1.256813
-0.087703
-0.502319
-1.692042
-0.921044
-1.923788
-0.157483
-0.606236
-1.045803
-3.512852
-1.755004
-0.834211
-1.053683
-0.302137
-0.580721
-2.347497
-0.877558
-4.569481
-4.422766
-0.893815
-0.810027
-3.084087
-3.607927
-2.026092
-1.837331
-0.246434
-0.664698
-0.876431
-0.196405
-1.492575
-0.424546
-2.180218
-1.520252
-2.345403
-1.517459
-3.077300
-1.293581
-2.195072
-0.265098
-2.682261
-0.540150
-0.449830
-1.771818
-1.034514
-0.547063
-1.951462
-0.381383
-3.172714
-0.222086
-4.005963
-0.133837
-0.347773
-0.341735
-3.484224
-0.273346
-1.471231
-2.484267
-1.415671
-0.638634
-3.886438
-3.817137
-0.265717
-0.285217
-0.016993
-1.794454
-0.010871
-3.697274
-0.835212
-1.354497
-0.817794
-1.160437
-0.031725
-0.414935
-5.702015
-1.655772
-1.148787
-3.174963
-0.696360
-0.624025
-0.630114
-3.285475
-1.365317
-0.026194
-0.439602
-0.827569
-1.285539
-2.319439
-5.891829
-1.390109
-3.882693
-0.303257
-2.879180
-0.083377
-2.522425
-1.833710
-1.054495
-0.282569
-0.262741
-1.637146
-0.774293
-0.530076
-0.675128
-2.654977
-3.159210
-2.111254
-0.224430
-0.945829
-3.295643
-1.794135
-0.725716
-0.559860
-1.212748
-0.869161
-0.527724
-0.325775
-2.209973
-1.450277
-4.614739
-0.411843
-0.805216
-3.690379
-0.655228
-0.224916
-0.069502
-0.077574
-3.373767
-0.170218
-2.619710
-0.514988
-1.605127
-1.593176
-1.338350
-1.510637
-1.515259
-0.823156
-1.906077
-0.212131
-0.676503
-0.527726
-3.299764
-1.862496
-1.400796
-0.672589
-1.590313
-1.604916
-4.170433
-0.326527
-1.102779
-0.822726
-2.235668
-1.754116
-0.425823
-0.697393
-0.174903
-1.480638
-0.968693
-1.581417
-1.448458
-1.821067
-1.192508
-3.728741
-0.451711
-0.052471
-0.425034
-0.477419
-1.097767
-2.085305
-0.380324
-0.648255
-0.285442
-2.371098
-0.190257
-0.187326
-2.558407
-0.821641
-0.765130
-1.209683
-1.510342
-1.021893
-0.930556
-0.829420
-3.824722
-0.373373
-0.196143
-0.747969
-2.614476
-0.316909
-0.786768
-1.667409
-0.573034
-0.369614
-2.927492
-1.718280
-1.945309
-0.280447
-2.977987
-2.504726
-1.168899
-0.942618
-1.345950
-1.376602
-2.345691
-3.698017
-0.131947
-0.678955
-0.208719
-2.160048
-1.037859
-0.597430
-2.081102
-1.956454
-3.403102
-2.355435
-0.387163
-1.795394
-1.437959
-0.587317
-2.130765
-1.048500
-0.190714
-0.034072
-1.086702
-0.506367
-0.630138
-0.268382
-3.271345
-1.256510
-0.137771
-0.898385
-0.978438
-1.271734
-0.420381
-0.070796
-3.020560
-2.418098
-6.940752
-0.201873
-1.676304
-0.869598
-0.327166
-0.454275
-1.248570
-2.123974
-0.862177
-1.272086
-2.922190
-0.219223
-0.811776
-2.141905
-0.555288
-0.532688
-3.049946
-0.651999
-1.059900
-2.701888
-1.566650
-1.094576
-0.590460
-0.009995
-2.472525
-1.930549
-0.409262
-2.800509
-2.840167
-0.866069
-2.974421
-1.173407
-1.071708
-1.573465
-3.029220
-3.687563
-3.948074
-1.907063
-2.985583
-0.054394
-1.242612
-1.407492
-3.350195
-0.252480
-3.786743
-2.463980
-0.128615
-0.109971
-0.021917
-1.524616
-0.899593
-0.748189
-0.480609
-2.723861
-2.264669
-0.796755
-1.521187
-1.823981
-0.784621
-0.177425
-4.808698
-2.771232
-1.227851
-3.599418
-1.094024
-0.145853
-2.527093
-1.314467
-1.604952
-2.401545
-3.493164
-0.348347
-3.282211
-0.623285
-1.674826
-3.311787
-1.602453
-0.317347
-0.106512
-2.001084
-0.730742
-0.689465
-0.096284
-1.723031
-2.494555
-0.457975
-4.713694
-0.308902
-0.941300
-0.274728
-0.309116
-0.442426
-3.001781
-1.778467
-0.929900
-1.232506
-0.349020
-1.217191
-3.660837
-1.208710
-1.341136
-3.383642
-0.588276
-1.380942
-0.862688
-0.580546
-0.159406
-3.076574
-0.808035
-0.763433
-0.205437
-1.647988
-1.304972
-2.188815
-2.696135
-1.707166
-1.185566
-0.321671
-1.533588
-3.589329
-1.430248
-1.548488
-1.402653
-0.000773
-1.254120
-2.594350
-1.542115
-3.449380
-0.630779
-0.844537
-2.051119
-1.577933
-0.202707
-0.107975
-0.770981
-1.521395
-4.771764
-1.896597
-1.184642
-0.690632
-0.105267
-0.518188
-1.652866
-0.065226
-0.339150
-0.020861
-2.313978
-0.065709
-1.798754
-0.076546
-1.115229
-1.973825
-1.112316
-0.951566
-1.890311
-1.096765
-3.952078
-1.195341
-0.774182
-0.525741
-1.045958
-0.092211
-0.068040
-0.327086
-0.329973
-1.585615
-2.073578
-0.446284
-0.830740
-0.369614
-1.439905
-2.896433
-2.473471
-0.425012
-0.291549
-2.459705
-1.531805
-0.831688
-1.806260
-1.600093
-1.619734
-1.615827
-1.930436
-0.641049
-1.511229
-0.084671
-0.561961
-1.023092
-0.039010
-0.299913
-2.043575
-1.500263
-0.248300
-3.247226
-1.187740
-0.497176
-1.447466
-2.012768
-0.773865
-0.324610
-0.051603
-2.117783
-0.521567
-0.204234
-1.115004
-2.005209
-0.908385
-1.467955
-2.232387
-3.742653
-0.564870
-0.333008
-1.175076
-3.695020
-2.009011
-2.758028
-0.194465
-1.449077
-2.033358
-2.896396
-2.102181
-0.986368
-2.417904
-3.168388
-0.866805
-0.684381
-2.512980
-2.425128
-2.362829
-1.922045
-0.027222
-1.471037
-0.001057
