-1.424008
-0.061764
-8.813411
-3.454242
-11.427656
-1.815455
-2.029244
-1.383334
-5.589877
-2.364432
-5.025638
-4.706408
-2.428945
-7.611194
-5.278051
-8.428320
-1.294242
-0.114052
-5.605640
-5.491527
-13.034047
-6.657429
-5.102581
-6.417538
-2.067787
-2.536167
-2.036122
-5.706197
-13.251565
-2.093780
-2.948798
-9.747134
-0.510614
-9.381090
-0.328015
-3.938990
-3.611807
-11.454330
-5.668905
-3.885179
-13.064346
-1.751900
-3.802053
-3.254231
-6.050364
-5.284586
-1.505737
-0.225564
-5.821052
-11.293863
-8.264965
-10.983181
-6.190281
-1.286280
-0.063995
-2.221364
-6.532084
-7.145400
-10.752460
-4.469473
-1.514308
-0.583034
-4.293053
-2.647889
-11.138308
-3.332032
-5.383533
-7.411825
-11.361294
-4.283972
-5.030959
-9.739693
-4.796029
-5.972763
-3.571866
-2.098518
-4.773704
-3.352124
-4.349763
-4.596373
-10.680037
-4.357473
-0.486298
-0.646026
-3.614473
-8.383168
-5.202480
-8.512126
-11.707960
-6.091465
-4.579357
-3.007038
-10.233496
-11.897700
-0.252053
-1.606987
-7.077312
-0.097936
-7.434393
-0.990940
-10.183178
-4.272962
-1.984788
-1.103993
-0.089089
-3.580301
-2.639207
-7.440435
-7.133592
-4.021836
-5.376537
-6.231007
-2.124122
-7.201887
-3.193307
-5.994625
-3.863505
-0.281642
-2.198113
-7.047871
-9.129314
-1.833311
-8.893994
-7.025911
-0.965939
-5.620607
-0.395856
-0.165537
-8.968661
-5.711187
-2.079190
-7.310923
-7.370341
-0.577200
-2.937220
-0.983592
-7.321490
-0.476655
-10.290425
-6.855046
-7.886013
-8.950747
-11.834073
-1.316560
-0.919935
-6.915093
-2.087714
-1.328337
-11.432777
-4.549006
-2.225386
-10.231124
-2.603139
-7.183155
-8.263177
-9.160678
-3.507713
-4.837801
-8.596516
-5.831080
-0.265649
-8.857174
-2.907408
-3.372625
-2.251793
-1.728993
-2.723150
-10.414195
-4.008422
-9.436477
-4.877402
-4.811530
-8.936558
-7.066759
-3.773468
-3.839696
-6.198600
-9.508412
-4.344003
-6.363843
-5.206222
-3.587268
-0.597813
-4.080946
-8.092178
-4.919799
-5.186550
-11.309178
-2.083155
-3.298875
-0.232326
-5.370029
-7.289320
-8.792760
-4.563552
-11.677662
-10.248935
-4.426039
-9.314152
-2.509513
-4.296215
-6.337488
-0.497311
-8.079397
-17.965927
-3.910795
-8.832791
-1.582384
-13.937982
-1.382598
-1.537283
-1.871158
-6.788183
-10.393594
-0.797971
-1.465394
-6.014987
-2.936587
-12.729907
-2.268275
-8.377962
-12.504282
-0.393195
-10.040919
-3.804345
-1.181668
-1.403470
-3.972964
-6.986883
-12.273797
-4.375714
-9.669009
-6.934311
-6.590259
-9.334375
-9.293793
-4.113652
-1.010510
-14.123449
-1.502699
-1.048207
-5.511621
-6.830734
-2.615317
-8.377903
-5.439795
-0.765110
-3.121724
-3.755069
-2.494973
-3.307537
-1.353580
-11.003720
-4.033906
-9.134239
-2.243421
-0.734840
-2.855610
-1.159800
-2.836457
-9.611784
-3.317049
-0.520165
-2.508473
-0.312641
-1.146554
-2.088832
-0.461938
-3.441168
-7.157576
-2.124456
-9.616289
-7.926924
-1.128033
-12.041982
-8.533587
-7.133360
-2.690772
-3.024074
-1.338015
-1.002811
-2.253527
-1.886699
-1.595522
-6.369318
-4.634374
-4.371941
-11.289074
-2.621390
-0.920248
-2.924935
-11.173981
-3.056896
-13.189813
-9.050445
-0.754732
-2.807509
-0.873501
-2.624380
-1.158723
-2.064337
-7.814661
-4.838148
-4.695742
