-30.951546
-32.509432
-37.267662
-42.660599
-31.202468
-20.673631
-35.980270
-33.338630
-30.906568
-17.961541
-26.698636
-28.113510
-39.049768
-47.906830
-24.154092
-35.562056
-32.952450
-25.224408
-24.610789
-37.309499
-27.586683
-51.803039
-42.954279
-43.694222
-37.194380
-38.152711
-27.310209
-21.783368
-30.128189
-34.767465
-29.792457
-19.122648
-30.105767
-25.469402
-40.560585
-38.524688
-32.502264
-26.450401
-38.327963
-35.268796
-33.061694
-37.963943
-36.302435
-34.331795
-35.248287
-16.594752
-45.360263
-39.180824
-38.453121
-43.591395
-29.292736
-32.862705
-29.250351
-41.563200
-25.720078
-35.119708
-27.349135
-21.716553
-29.513653
-26.488555
-44.694968
-37.894138
-25.141647
-47.688501
-29.217282
-23.204255
-33.522059
-17.528942
-28.506660
-30.021124
-15.808856
-26.755254
-27.983860
-36.254005
-36.354841
-29.210372
-39.641480
-42.259041
-29.460144
-40.697844
-27.760025
-21.435284
-38.776269
-26.168618
-27.918710
-31.701383
-28.734958
-22.425212
-33.724019
-30.155273
-29.208301
-33.636098
-14.984382
-39.264670
-42.719648
-24.619802
-31.718353
-21.039997
-22.507821
-34.688665
-17.165256
-39.723799
-24.727902
-44.138840
-37.370761
-41.648053
-29.261649
-41.163775
-33.347218
-17.246348
-17.196987
-24.557819
-24.743997
-19.052449
-35.483006
-24.092351
-50.697135
-29.421726
-19.279590
-23.724153
-41.569990
-39.191394
-33.622843
-38.135507
-41.256307
-35.944862
-26.923072
-29.046842
-59.139204
-39.146184
-29.195658
-21.435001
-40.574896
-38.109854
-22.218458
-44.155765
-32.219166
-27.072377
-32.912187
-37.751560
-37.064344
-32.247377
-34.816390
-28.547901
-41.280790
-28.075644
-27.332083
-49.774545
-21.177767
-39.421492
-28.720619
-25.948758
-32.301888
-46.553109
-37.784855
-21.697673
-20.293982
-19.870699
-48.820575
-47.500620
-15.866595
-43.187083
-39.298696
-36.145423
-29.570887
-36.046495
-40.891907
-45.231767
-45.687392
-49.180125
-40.854108
-35.112355
-19.686277
-25.379251
-32.274774
-36.086708
-27.124079
-29.461551
-23.610217
-17.704808
-42.278307
-36.118210
-52.430759
-23.843394
-39.809939
-49.613906
-29.726201
-39.123792
-22.207783
-36.477875
-36.842721
-25.363225
-19.532008
-37.769946
-25.588149
-26.407959
-20.225140
-34.302871
-23.316579
-22.947266
-26.483941
-20.716617
-53.587155
-26.952093
-28.245695
-28.476566
-33.536467
-19.650267
-45.783157
-45.703465
-40.587307
-33.401335
-28.287321
-25.105377
-28.820391
-47.734663
-34.339950
-27.594402
-40.253757
-44.444177
-43.969697
-44.779707
-32.296526
-28.908706
-44.193812
-26.069738
-38.267212
-38.885270
-26.713768
-25.236459
-28.578423
-33.321306
-33.074392
-39.271088
-22.543501
-40.286386
-38.413332
-21.572007
-32.190579
-23.632541
-27.210027
-40.056226
-44.300011
-38.358309
-26.840393
-28.790765
-27.307509
-32.055852
-42.404638
-29.049593
-29.176190
-24.160638
-39.376123
-19.997319
-21.251448
-43.824409
-28.208872
-26.686114
-36.005745
-43.471825
-26.020371
-18.814679
-46.807950
-35.854530
-31.390736
-35.354257
-32.815585
-43.319994
-30.865159
-39.513253
-34.204654
-24.518564
-28.894232
-31.702649
-38.101788
-23.330430
-32.763504
-26.869558
-32.589889
-29.610591
-29.601937
-31.675817
-36.619622
-31.018281
-33.959406
-25.425559
-29.366415
-41.425113
-40.545918
-35.259179
-11.926514
-14.497924
-30.340081
-55.275412
-26.457498
-25.781033
-23.994335
-27.606354
-39.842955
-34.828065
-25.045951
-32.566028
-39.097583
-22.490997
-39.534300
-20.586409
-33.193181
-21.204113
-48.804662
-15.470214
-39.572246
-53.829505
-30.561796
-29.985492
-27.964683
-34.949675
-25.953189
-58.044668
-49.805972
-46.429949
-40.956457
-55.782805
-43.049762
-19.014009
-43.286720
-23.739182
-33.926641
-53.434204
-27.092585
-33.525088
-28.339535
-27.878218
-48.046409
-41.272569
-44.301063
-44.677659
-27.741859
-39.793463
-44.074175
-31.102019
-42.595475
-45.547771
-37.147578
-24.937376
-40.353596
-32.248523
-25.186074
-44.584842
-35.712874
-22.274175
-26.067176
-39.148384
-37.842290
-36.854861
-18.801957
-23.719545
-44.879695
-30.921432
-30.826068
-22.783477
-16.097105
-40.345370
-30.184227
-27.485398
-15.079472
-19.433569
-24.033580
-40.283355
-37.791117
-17.224181
-25.113105
-25.882768
-33.848223
-52.118284
-30.495484
-43.647908
-42.072061
-33.623190
-12.932700
-23.811915
-43.572516
-38.074107
-34.202997
-32.399351
-32.788016
-24.456755
-35.256311
-27.044735
-18.902171
-18.612131
-37.641386
-25.585141
-39.302520
-25.157797
-47.064422
-26.760075
-31.070745
-23.827901
-40.949172
-37.417436
-45.210100
-30.142017
-46.997817
-28.262156
-24.103620
-29.516669
-35.098547
-52.734473
-34.176193
-38.251867
-25.828630
-23.162879
-28.387488
-31.125758
-38.367240
-17.019865
-30.119315
-32.343775
-29.065730
-22.123736
-49.073927
-50.963606
-35.972847
-41.110525
-29.201083
-56.745147
-19.678399
-40.486168
-22.289788
-45.338290
-31.702644
-18.551561
-30.887609
-26.511283
-30.380776
-35.817236
-34.626792
-20.050371
-34.470585
-18.866100
-43.527377
-46.377269
-17.441242
-51.868691
-43.680473
-27.443087
-33.575732
-37.182348
-35.779163
-42.429889
-29.838312
-36.162955
-18.821066
