-0.012162
-0.531507
-0.180356
-0.258061
-0.021836
-0.600461
-0.232670
-0.058690
-0.165577
-0.327287
-0.331975
-0.365817
-0.452999
-0.648127
-0.030820
-0.113653
-0.293584
-0.074225
-0.128866
-0.035002
-0.038504
-0.035811
-0.051793
-0.321601
-0.093602
-0.165461
-0.101078
-0.112291
-0.167610
-0.147426
-0.184344
-0.016549
-0.097360
-0.296416
-0.101563
-0.043408
-0.485852
-0.394909
-1.358350
-0.436993
-1.639073
-0.000549
-0.284362
-0.333369
-0.161869
-0.422627
-0.353325
-0.049812
-0.002063
-0.650033
-0.022893
-0.068939
-0.009483
-0.143681
-0.798794
-0.648521
-0.006606
-0.444199
-0.241727
-0.330404
-0.071561
-0.153474
-0.018491
-0.086703
-0.163205
-0.366152
-0.487919
-0.039026
-0.022615
-0.265954
-0.078708
-0.017700
-0.238677
-0.221501
-0.449586
-1.372823
-0.526439
-0.424804
-0.188030
-0.470518
-0.010599
-0.744907
-0.240613
-0.008798
-0.009999
-0.464754
-0.144886
-0.017780
-0.013354
-0.227777
-0.023688
-0.386496
-0.063260
-0.370949
-1.341395
-0.354175
-0.131868
-0.098069
-0.509105
-0.364486
-0.113984
-0.084384
-0.008512
-0.104960
-0.160912
-0.123901
-0.163012
-0.342817
-0.023125
-0.281578
-0.183845
-0.201666
-0.107034
-0.066031
-0.509676
-0.057802
-0.016361
-0.090449
-0.326633
-0.003050
-0.433554
-0.273989
-0.523832
-0.155680
-0.372559
-0.175239
-0.451837
-0.001629
-0.028138
-0.644425
-0.346670
-0.027410
-0.017121
-0.002812
-0.731640
-0.164988
-0.164762
-0.040124
-0.048962
-0.072262
-0.886256
-0.121693
-0.100304
-0.162109
-0.079478
-0.518809
-0.273657
-0.087363
-0.480015
-0.902580
-0.090291
-0.189166
-0.046411
-0.106417
-0.747833
-0.560622
-0.022318
-0.008606
-0.029066
-0.599150
-1.123267
-0.027102
-0.017874
-0.247088
-0.034199
-0.694986
-0.628730
-0.301943
-0.373831
-0.266423
-0.782793
-0.674893
-0.123618
-0.004765
-0.038371
-0.028222
-0.012181
-0.012106
-0.044683
-0.611646
-0.433530
-0.345756
-0.007463
-0.031357
-0.006856
-0.004615
-0.067070
-0.144370
-0.326933
-0.200170
-1.144438
-0.544177
-0.330222
-0.089485
-0.348713
-0.195264
-0.039164
-0.048106
-0.207029
-0.001002
-0.106240
-0.123780
-0.274903
-0.520160
-0.055219
-0.122425
-0.458562
-0.543825
-0.944137
-0.156799
-0.035076
-0.585772
-0.238579
-0.214192
-0.004777
-0.952147
-1.161299
-0.727993
-0.186022
-0.154812
-0.044137
-0.100070
-0.033212
-0.616653
-0.173104
-0.301967
-0.029214
-0.018360
-0.062069
-0.316898
-0.622527
-0.046953
-0.003363
-0.108741
-0.310853
-0.094640
-0.863766
-1.417722
-0.025558
-0.177938
-0.911361
-0.553434
-0.032745
-0.274035
-0.057869
-0.583079
-0.051440
-0.453983
-0.003972
-0.073455
-0.120608
-0.254138
-0.093397
-0.078386
-0.814637
-0.183324
-0.811486
-0.457252
-0.834115
-0.178076
-0.031840
-0.038413
-0.104718
-0.440260
-0.052001
-0.051072
-0.636739
-0.886122
-0.010807
-0.547882
-0.139116
-0.128993
-0.006586
-0.030319
-0.865411
-0.639665
-0.251510
-0.766676
-0.121822
-0.021559
-0.662402
-0.597384
-0.030253
-0.193570
-0.708725
-0.250546
-0.383374
-0.317423
-0.128118
-0.142377
-0.457057
-0.027236
-0.034731
-0.328369
-0.549685
-0.886127
-0.135686
-0.391701
-0.018760
-0.001897
-0.598739
-0.088124
-0.118602
-0.134562
-0.004128
-0.005890
-0.853611
-0.040035
-0.075984
-0.201157
-0.006548
-0.932496
-0.046237
-0.001349
-1.155822
-0.165867
-0.352778
-0.196284
-0.002335
-0.698605
-0.638049
-0.005642
-0.743239
-0.126466
-0.068417
-0.194812
-0.028932
-0.172534
-0.058729
-0.006927
-0.272603
-0.846289
-0.150058
-0.174352
-0.077929
-0.473154
-0.018408
-0.289201
-0.053784
-0.222094
-0.035205
-0.347383
-0.029187
-1.440759
-0.433683
-0.341797
-0.094203
-0.024820
-0.209252
-0.307089
-0.352365
-0.105415
-0.000541
-0.045215
-0.018759
-0.076950
-0.384856
-0.034180
-0.203855
-1.250161
-0.283219
-1.121768
-0.070812
-0.050533
-0.110873
-0.032616
-0.040759
-0.461267
-0.148583
-0.017169
-1.205099
-0.439568
-0.098549
-0.703996
-0.063591
-1.141394
-0.035948
-0.134144
-0.717508
-0.106879
-0.812123
-0.343419
-0.199303
-0.305065
-0.010290
-0.000180
-0.324399
-1.536962
-0.076285
-0.001748
-0.117886
-0.500199
-0.004350
-0.027867
-0.143102
-0.336388
-0.000874
-0.063024
-0.267541
-0.110691
-0.082576
-0.027877
-1.311366
-0.033247
-0.251465
-0.332552
-0.675860
-0.007177
-0.403067
-0.010248
-0.051490
-0.105741
-0.360436
-0.148705
-1.670854
-0.201852
-0.098129
-0.524753
-1.016051
-0.143384
-0.018075
-0.010921
-0.048046
-0.481716
-1.457329
-0.026558
-0.407090
-0.014447
-0.014477
-0.133013
-0.000709
-0.396407
-0.121044
-0.038705
-0.447408
-0.129628
-0.092257
-0.306094
-0.799836
-0.401340
-0.806744
-0.000225
-0.276243
-0.039146
-0.125960
-0.359535
-0.149470
-0.177608
-0.260446
-0.375146
-0.744755
-0.005961
-0.153152
-0.000041
-0.384145
-0.274352
-0.083481
-1.324352
-0.463513
-0.548181
-0.356174
-0.131723
-0.167649
-0.014973
-0.006363
-0.480028
-0.134734
-0.304009
-0.984441
-0.000859
-0.148549
-0.436695
-0.224133
-0.261789
-0.110768
-0.226843
-0.389479
-1.414393
-0.110170
-0.146902
-0.060735
-0.452016
-0.072953
-0.714345
-0.075272
-0.221931
-0.521801
-0.001694
-1.074909
-0.306469
-0.102727
-0.144557
-0.051647
-0.079119
-0.158239
-0.064401
-0.115745
-0.165414
-0.459530
-0.153074
-0.196868
-0.098656
-0.624521
-0.026837
-0.047438
-0.046649
-0.105322
-0.098612
-0.073682
-0.016873
-1.699358
-0.528920
-0.032247
-0.008644
-0.035002
-0.051965
-0.031336
-0.171679
-0.130298
-0.095686
-2.158457
-0.328875
-0.034011
-0.008852
-0.000805
-0.206029
-0.369876
-0.364081
-0.480487
-0.673556
-0.006402
-0.149741
-0.011037
-0.298821
-0.107631
-0.976623
-0.041733
-0.347940
-0.078390
-0.332315
-0.150505
-0.525794
-0.834438
-0.043505
-0.317909
-0.016116
-0.182936
-1.376366
-0.044463
-0.022185
-0.100055
-0.089430
-0.488537
-0.041883
-0.006468
-0.228477
-0.321784
-0.307798
-0.104565
-0.170739
-0.140448
-0.394440
-0.167971
-0.033295
-0.294378
-0.089735
-0.253939
-0.226838
-0.055362
-0.900550
-0.112075
-0.507087
-1.452344
-0.166990
-0.112045
-1.535871
-0.955863
-0.069765
-0.281876
-0.832160
-0.380786
-0.383890
-0.047604
-0.182983
-0.206571
-0.000013
-0.165109
-0.277662
-0.141225
-0.153459
-0.012944
-0.135292
-0.280649
-0.000134
-0.110719
-0.324884
-0.000806
-0.004184
-0.731395
-0.120106
-0.175160
-0.306941
-0.874212
-0.387027
-0.195611
-0.230941
-0.168334
-0.098666
-0.341956
-0.020810
-0.366244
-0.768432
-0.106274
-0.010392
-0.235211
-0.484693
-0.111017
-0.101269
-0.074326
-0.012672
-0.192424
-0.157732
-0.012580
-0.137417
-1.612654
-0.576482
-0.033172
-0.031536
-0.481305
-0.850824
-0.236176
-0.065940
-0.004471
-0.082617
-0.950209
-0.003354
-0.964273
-0.062372
-0.010065
-0.175537
-0.650880
-0.286699
-0.034667
-0.067856
-0.757725
-0.106830
-0.228022
-0.045308
-0.015783
-0.244452
-1.022891
-0.289218
-0.118071
-0.650159
-1.706439
-0.794216
-0.006829
-0.113237
-0.409411
-0.037960
-0.130972
-0.064585
-0.006964
-0.408680
-0.021121
-0.327714
-0.154144
-0.294489
-0.007432
-0.262039
-0.168502
-0.169846
-0.013591
-0.330373
-0.226379
-0.161136
-0.784000
-0.545639
-0.523060
-0.100135
-0.177330
-0.725588
-0.167338
-0.029162
-0.290005
-0.101655
-0.016306
-0.128682
-0.915586
-0.010584
-0.342848
-0.019753
-0.030006
-0.047954
-0.154965
-0.375132
-0.067224
-0.077849
-0.056966
-0.019901
-0.271606
-0.131293
-0.238389
-0.276235
-0.048364
-0.001709
-0.125616
-0.224240
-0.052510
-0.014934
-0.990891
-0.523120
-0.021578
-0.120907
-0.623206
-1.285781
-0.026003
-0.080292
-0.846946
-0.242911
-0.309364
-0.669333
-0.312624
-0.162343
-0.168384
-0.342051
-0.008263
-0.094320
-0.165118
-0.033502
-0.026400
-0.034568
-0.052241
-0.570529
-0.087007
-0.048900
-0.014000
-0.062652
-0.309841
-0.432953
-0.076329
-0.031892
-0.454120
-0.068831
-0.574435
-0.082913
-0.612660
-0.067956
-0.114531
-0.034779
-1.040835
-0.001407
-0.671551
-0.000204
-0.129061
-0.224692
-0.076319
-0.362511
-0.535105
-0.022621
-0.724186
-0.520831
-0.158158
-0.319573
-0.556052
-0.245694
-0.160374
-0.169907
-0.016803
