-4.782742
-1.440721
-7.165753
-0.532197
-6.559103
-6.344759
-7.867614
-7.237522
-3.519865
-14.365431
-9.209352
-13.651455
-5.745270
-5.146754
-1.519252
-7.315461
-1.991509
-9.443095
-7.140032
-16.042243
-6.673090
-1.855249
-12.144835
-6.627557
-9.445101
-0.587673
-0.224296
-5.438132
-6.300623
-5.964149
-8.785472
-11.822424
-11.632873
-2.774307
-9.844920
-0.590310
-5.055192
-7.846203
-1.884239
-3.434864
-7.849913
-4.110467
-1.554356
-2.966031
-1.749798
-8.993011
-4.354174
-6.827824
-9.896376
-4.009941
-7.811324
-9.404388
-1.974333
-5.599583
-4.102679
-10.781438
-1.815758
-3.520464
-10.810131
-4.708491
-4.509701
-9.442835
-4.595303
-3.260148
-13.581241
-11.538154
-8.619949
-14.447269
-12.292919
-4.862038
-2.518690
-2.501298
-15.213387
-10.360882
-3.824653
-13.730443
-1.918643
-13.350317
-8.100539
-3.725719
-13.146762
-9.567724
-0.986285
-9.968588
-1.981405
-4.884342
-5.396296
-1.438538
-2.720677
-10.541025
-2.432574
-6.093605
-2.226670
-7.310437
-0.713095
-4.961671
-4.936093
-6.946794
-6.072904
-7.070671
-8.771672
-1.215834
-7.686868
-17.069549
-9.452674
-7.952585
-4.454202
-5.900866
-8.974402
-2.249675
-4.041530
-5.421269
-6.783426
-6.487099
-2.363202
-7.836502
-11.931773
-5.220576
-4.959254
-10.260409
-1.410414
-6.776417
-14.966511
-9.771011
-12.127405
-12.713495
-3.661827
-6.687121
-12.013696
-6.005412
-0.801944
-14.992861
-9.370068
-1.163377
-5.825720
-3.144047
-8.880447
-6.103006
-0.980616
-14.124096
-8.351065
-4.896523
-2.700249
-10.224111
-9.279337
-2.368254
-6.284919
-9.268481
-1.394257
-10.713229
-0.588285
-14.999208
-9.989384
-3.943078
-7.649382
-0.444611
-2.280334
-7.640489
-5.075782
-6.451313
-7.976388
-1.012513
-7.538390
-3.613648
-9.669419
-4.160450
-13.759334
-3.288533
-15.019020
-10.046464
-5.726516
-0.358907
-13.107672
-8.753883
-6.076997
-6.586867
-4.171516
-7.994291
-9.853816
-0.056870
-4.237426
-7.125716
-0.852395
-14.054469
-7.116084
-1.498434
-10.825116
-8.933758
-4.780664
-17.983833
-4.068489
-12.532773
-8.483343
-1.389333
-9.784536
-7.991629
-11.893353
-2.034534
-4.681623
-3.149305
-10.580943
-2.448988
-4.002370
-13.203652
-9.269619
-7.013436
-10.972996
-2.174364
-3.273924
-16.916464
-10.490767
-0.582278
-3.472659
-3.344223
-3.290472
-6.558136
-13.520100
-3.819710
-5.840098
-9.139790
-5.153396
-0.212654
-8.389696
-10.248700
-4.762021
-10.524969
-10.616736
-7.799705
-0.237280
-4.686957
-7.651938
-1.152434
-10.980597
-6.386680
-8.903079
-0.345402
-3.476997
-7.658523
-1.655471
-2.970837
-11.466067
-14.526288
-2.425362
-4.904353
-6.761981
-3.176356
-3.325587
-10.677047
-4.590490
-12.191212
-7.079218
-6.916688
-3.721105
-10.315659
-6.030937
-4.425254
-2.562417
-9.180950
-9.531045
-1.853198
-8.861778
-3.072154
-4.984517
-2.387018
-2.917262
-5.514694
-5.586848
-11.620517
-1.038511
-5.585394
-6.687048
-3.381769
-15.518163
-5.899785
-3.871112
-0.359599
-4.887666
-2.270878
-0.280434
-4.103379
-7.941044
-4.129937
-1.998400
-5.343500
-4.204274
-5.236989
-0.643378
-11.535520
-2.262684
-3.809647
-4.807215
-11.942089
-13.524744
-10.346823
-8.704547
-8.487852
-11.868072
-9.205490
-6.215521
-1.157160
-17.907182
-1.374042
-7.380267
-6.758311
-17.951479
-3.274318
-5.475598
-1.583508
-18.508039
-0.834641
-7.272900
-9.507501
-14.467624
-3.461254
-2.051293
-12.391361
-3.659984
-6.446865
-6.222082
-10.793338
-6.109002
-7.562982
-2.212182
-5.967086
-9.978074
-3.152189
-0.435935
-8.081340
-8.901855
-9.571408
-15.875899
-4.811486
-13.799437
-12.074417
-0.673342
-2.757139
-7.368249
-8.093780
-8.246683
-12.213328
-5.721858
-9.566208
-10.598498
-4.964626
-11.066739
-2.313983
-8.726789
-1.998219
-6.846573
-14.444988
-5.957125
-2.315043
-9.599040
-8.400826
-10.849429
-7.184834
-8.278103
-0.725674
-7.068058
-3.721834
-4.885025
-7.511367
-5.610735
-5.513562
-2.902521
-10.678706
-9.394509
-6.885569
-12.808497
-0.784369
-3.031686
-13.089676
-12.955143
-4.113315
-14.704139
-5.386007
-6.465141
-3.692452
-16.218097
-10.512873
-11.787443
-7.247527
-8.537351
-0.240846
-10.024635
-9.586551
-10.421416
-7.000145
-10.839801
-6.604506
-10.295636
-0.480141
-1.212366
-1.679912
-8.131611
-14.093596
-11.373146
-7.354452
-9.364898
-5.785581
-9.768847
-14.224662
-9.158248
-0.842447
-3.906156
-3.387296
-16.553530
-12.806101
-1.215898
-2.311993
-10.113185
-9.211131
-2.312121
-7.032589
-5.699885
-1.610167
-5.238735
-14.940018
-5.652685
-0.265847
-5.247823
-3.111433
-1.801510
-9.655484
-12.173119
-5.168051
-8.959734
-1.454218
-11.309315
-10.748857
-7.843124
-6.117484
-5.189568
-5.749948
-8.388674
-4.340448
-8.397958
-11.426857
-6.476935
-0.831285
-5.276135
-1.987568
-5.890517
-5.516804
-13.584572
-8.574115
-8.762251
-8.809569
-8.756384
-5.931045
-15.847129
-8.511950
-6.167159
-8.038530
-13.537476
-2.232842
-2.642775
-9.607272
-5.883533
-3.571665
-1.919465
-13.735217
-6.994500
-0.466312
-0.701185
-1.003511
-1.465732
-9.912218
-5.356005
-4.569706
-10.171109
-1.834500
-3.731766
-13.908640
-3.499036
-0.322688
-4.341278
-2.770039
-12.785848
-5.755644
-14.656298
-4.054122
-10.398210
-9.874264
-10.856574
-9.843636
-7.241107
-7.472192
-2.889362
-3.166516
-6.660870
-5.973758
-9.074769
-2.919802
-1.939344
-9.314460
-5.577142
-3.515748
-1.029132
-4.659550
-3.798130
-3.677531
-11.476180
-12.779387
-1.495302
-7.470675
-2.919585
-10.830996
-2.527041
-7.844902
-2.847004
-6.098174
-13.843820
-6.025954
-0.872465
-3.485064
-5.549683
-5.107006
-6.396339
-7.018467
-18.300596
-9.227750
-2.449764
-6.905473
-1.032914
-2.526954
-6.345737
-0.605954
-0.571864
-7.184167
-9.071789
-2.393464
-5.428094
-6.831798
-13.491281
-3.003249
-4.146899
-8.636958
-1.120716
-6.591805
-1.476798
-7.166716
-7.656232
-13.985046
-6.129838
-8.104181
-6.429582
-14.892147
-0.935722
-7.533316
-4.310054
-11.100178
-6.077945
-2.580056
-5.694647
-10.404131
-10.403144
-1.283754
-7.025676
-7.686663
-3.223565
-4.273249
-10.483515
-3.057256
-4.716151
-3.148820
-4.943885
-13.317371
-5.411125
-6.598674
-3.123909
-6.552302
-4.457085
-9.095397
-3.767547
-4.099635
-5.451379
-2.508432
-18.403871
-2.007155
-8.284242
-9.232417
-9.033462
-16.597541
-8.248591
-6.132102
-14.261029
-5.142596
-14.122661
-4.902148
-3.480892
-14.811389
-3.320102
-4.642569
-3.176853
-0.514507
-11.115629
-5.374791
-7.223702
-5.693830
-5.709375
-4.965699
-8.715056
-10.272984
-8.795220
-0.595626
-14.087581
-6.180757
-6.629321
-1.723978
-19.144953
-9.811334
-7.293268
-1.115635
-2.022376
-11.400121
-3.981475
-7.130789
-14.586365
-4.562273
-7.571218
-8.322083
-6.473114
-0.805740
-2.760217
-5.763473
-11.237361
-8.717836
-1.024845
-11.401123
-3.900283
-9.061116
-1.186633
-18.183772
-13.915308
-5.035669
-3.140638
-4.188369
-1.951785
-10.318820
-16.497154
-1.750258
-11.942213
-2.780264
-4.456048
-6.303266
-2.628941
-4.562131
-6.332966
-4.018816
-8.405077
-5.704652
-10.341226
-9.165095
-13.843709
-5.939634
-5.292592
-5.752837
-9.535698
-5.582061
-2.692830
-8.788612
-10.083850
-7.928219
-7.735848
-7.663777
-2.726849
-12.648093
-3.948100
-10.268044
-8.200111
-10.820525
-10.680717
-0.958281
-6.570532
-11.444314
-12.288235
-8.558902
-10.838984
-0.507450
-7.365497
-10.337293
-13.613479
-9.967476
-13.984926
-9.516613
-8.898459
-4.372224
-1.077538
-8.937752
-0.172325
-2.422034
-0.000694
-6.614053
-7.831429
-11.656749
-6.334798
-9.741537
-9.800697
-4.076711
-12.092851
-4.774783
-10.055726
-9.828212
-6.142626
-9.303070
-8.847234
-12.044568
-13.404079
-2.784084
-7.704183
-8.799869
-8.626011
-9.397392
-6.181285
-5.621504
-1.124342
-12.002151
-10.916719
-3.565328
-4.109921
-2.058448
-7.992754
-0.209134
-4.423395
-9.647089
-0.316511
-4.344855
-9.029889
-3.489807
-8.703706
-11.080393
-1.334967
-9.566887
-1.765335
-3.155402
-14.559681
-5.074601
-11.589893
-8.012175
-6.547344
-2.396587
-2.841265
-3.671297
-6.448402
-7.704831
-3.587192
-0.586217
-5.209664
-5.512934
-3.861612
-10.845755
-17.929237
-9.421007
-12.118257
-0.594442
-9.442471
-0.797987
-9.079192
-0.597762
-8.425944
-1.167768
-15.096227
-4.349578
-8.557379
-5.432003
-2.368705
-12.616555
-5.801989
-5.663519
-5.435958
-3.369525
-5.610139
-13.453931
-3.595992
-7.833867
-10.192414
-8.778009
-7.871068
-12.709745
-3.284390
-10.377388
-12.040760
-4.890499
-2.155234
-11.494352
-7.890054
-7.421912
-4.288123
-5.242992
-4.446163
-2.119764
-10.821082
-12.121437
-0.583923
-9.171147
-5.545487
-11.197986
-2.860034
-5.497376
-1.908830
-2.590930
-7.342735
-6.745380
-1.386156
-12.373013
-5.069479
-5.219456
-8.556096
-8.409638
-5.516474
-8.749309
-5.431873
-3.874447
-2.007105
-10.311830
-0.840720
-8.900303
-0.615519
-10.539503
-10.148696
-4.682108
-5.275500
-10.345984
-6.952333
-14.004960
-9.716572
-9.139298
-3.473938
-1.015680
-7.444268
-5.676060
-4.398908
-6.855764
-6.542617
-8.524783
-14.411662
-10.094927
-5.129655
-7.204129
-14.351570
-10.435845
-5.191947
-6.208454
-8.240589
-2.667330
-6.658967
-11.041893
-5.265712
-7.854079
-8.915931
-12.026266
-9.423160
-6.507044
-1.412713
-7.234454
-7.440240
-8.909944
-0.663500
-6.168516
-5.217660
-13.355421
-1.358403
-4.801210
-6.277095
-5.279532
-7.352356
-4.115162
-1.083944
-4.486239
-7.055952
-7.078781
-6.994752
-13.359620
-7.878033
-5.353843
-8.555366
-6.825824
-2.327094
-6.176222
-2.401723
-5.833922
-11.822253
-4.386102
-10.237568
-10.183952
-5.960726
-6.891816
-7.255909
-0.289550
-1.692173
-5.932541
-3.985789
-8.093809
-6.274696
-9.258768
-2.518245
-3.590569
-13.056941
-10.293238
-4.807310
-3.661690
-8.889485
-1.373578
-1.940386
-13.086036
-6.941587
-0.648737
-0.137583
-7.772403
-4.693880
-11.316309
-0.198402
-7.242641
-7.865182
-14.905704
-19.015890
-8.453547
-12.904929
-7.449126
-1.312417
-6.420174
-3.029109
-3.664524
-8.152107
-5.170718
-11.123545
-7.987248
-3.805316
-11.609981
-2.048708
-9.876728
-5.433248
-8.716000
-8.202310
-5.056842
-5.937575
-13.917472
-3.291003
-6.717130
-6.454993
-10.762028
-2.383267
-9.428396
-3.988901
-10.807212
-3.212773
-18.603309
-7.533534
-5.731529
-15.489485
-5.083245
-2.997407
-1.161427
-11.988843
-4.395607
-11.334935
-8.580209
