-29.423681
-31.827997
-24.320149
-22.445968
-29.868272
-14.311492
-18.336216
-24.100408
-19.458776
-21.617568
-29.993395
-27.023636
-18.251970
-24.090706
-21.814568
-31.883355
-16.131169
-25.277151
-27.824069
-13.117195
-13.330265
-41.934033
-23.088274
-32.386508
-44.135607
-25.363445
-29.073011
-11.089954
-17.911012
-19.829936
-21.369069
-23.337114
-22.176265
-14.362766
-19.920862
-11.478532
-20.599305
-30.597701
-36.074123
-14.541216
-8.782861
-29.175458
-33.931711
-17.746600
-25.066040
-12.752884
-30.252571
-30.744055
-23.434770
-20.465210
-22.775159
-39.900770
-36.633889
-22.029743
-14.689924
-30.410999
-19.735946
-14.212924
-12.594900
-13.322653
-26.754632
-32.749071
-34.608131
-18.959159
-19.070926
-27.989200
-33.083319
-23.425066
-17.790295
-24.072967
-29.169958
-30.423925
-13.918593
-33.230040
-18.177074
-37.227269
-34.575543
-20.795732
-16.515891
-16.313884
-16.579901
-17.671633
-28.727140
-16.511843
-37.993391
-11.926656
-16.705910
-16.936430
-26.757076
-29.286863
-21.333450
-13.901148
-26.300406
-22.229198
-20.439897
-16.113904
-25.018552
-36.872915
-11.763878
-12.755486
-24.325303
-11.003407
-37.081275
-28.472044
-28.969408
-27.069893
-28.978924
-22.445590
-29.549538
-22.570353
-16.948692
-41.617392
-29.639728
-25.056290
-41.958656
-27.276035
-32.195280
-14.745592
-12.803470
-20.696087
-17.826180
-16.337397
-26.095560
-26.308972
-22.831828
-20.950031
-14.375526
-28.495967
-21.731498
-33.345498
-16.396145
-15.899956
-10.358533
-22.365390
-32.383631
-21.496278
-19.185904
-9.493709
-26.801353
-12.828080
-20.691638
-34.743946
-24.236848
-30.149899
-14.828140
-22.429471
-37.956090
-16.223161
-10.373234
-16.810215
-13.437155
-27.291783
-16.823358
-28.381052
-15.714932
-24.531872
-10.500913
-22.739321
-36.253364
-21.580839
-16.917504
-22.333459
-13.541291
-22.910927
-15.920003
-12.610290
-15.871209
-14.440791
-25.282491
-18.990114
-24.992229
-25.805278
-30.663828
-21.892851
-13.936730
-17.806846
-21.261650
-29.511946
-27.855606
-36.368020
-22.842752
-16.450277
-26.198190
-18.319855
-15.523991
-28.289909
-19.757084
-26.329251
-17.016380
-26.429959
-35.275738
-19.346938
-12.390654
-15.483173
-17.604759
-40.080057
-12.324970
-32.477991
-19.846478
-35.829366
-28.701349
-15.932417
-24.046480
-17.513089
-14.280034
-17.307667
-11.927753
-26.487458
-29.563969
-26.587000
-28.135278
-15.851516
-11.612270
-39.357349
-16.703607
-35.707270
-25.140739
-41.036779
-19.279476
-29.975211
-19.603075
-19.897672
-32.060387
-25.676157
-14.261168
-22.484673
-17.698069
-21.739765
-30.615536
-24.615942
-19.125556
-27.857951
-14.009317
-14.098964
-24.001845
-27.812869
-10.524434
-21.545060
-41.384924
-9.026737
-15.693689
-19.262824
-19.024102
-36.032905
-19.608586
-18.293201
-31.457687
-29.450002
-14.045298
-20.664194
-40.840676
-19.073243
-10.015639
-29.238524
-15.373032
-21.166092
-30.209502
-24.484728
-28.151615
-27.353994
-17.240769
-23.448061
-23.955501
-25.466933
-10.380595
-25.933090
-19.629351
-26.763229
-24.358907
-17.060016
-24.031472
-29.202841
-26.405560
-20.738102
-22.891248
-35.072293
-29.763668
-29.493922
-20.923439
-28.126497
-36.777435
-9.404479
-14.649696
-18.818493
-12.270412
-21.360738
-23.618394
-30.177715
-34.527286
-22.443295
-35.361979
-32.669067
-32.349614
-17.939177
-15.334011
-19.268018
-30.439276
-34.664886
-22.095759
-23.426904
-10.168904
-16.722000
-37.592950
-20.185458
-41.433555
-28.905420
-31.881355
-21.680361
-35.613503
-22.090301
-20.996853
-10.513912
-20.846228
-16.042077
-19.208882
-16.798348
-35.657912
-40.567488
-20.505321
-31.696303
-32.924241
-13.808169
-22.655351
-26.963476
-20.920582
-25.302117
-17.091245
-33.909055
-17.627085
-19.085086
-27.323237
-34.415791
-10.468375
-29.315551
-17.135305
-39.083799
-14.978503
-27.986715
-26.193059
-24.872769
-26.734421
-30.799191
-29.195488
-21.389869
-19.432370
-36.636254
-19.993712
-27.633470
-23.784032
-12.682528
-33.330236
-18.156431
-26.701760
-14.517185
-16.811163
-31.935395
-20.500194
-29.209520
-33.163027
-21.139062
-10.500600
-10.325622
-22.909480
-29.562198
-33.543447
-37.472088
-18.867663
-16.270310
-31.137713
-19.622016
-23.439750
-24.049156
-19.105281
-23.291414
-13.066107
-25.490611
-19.335200
-24.845466
-17.298179
-26.171388
-39.791534
-39.212510
-23.740425
-16.608165
-15.069876
-19.398415
-25.034261
-15.301065
-27.686747
-20.733740
-20.352476
-12.930332
-27.728548
-22.066602
-27.594457
-18.925276
-30.881930
-24.808677
-16.736832
-23.944619
-23.560417
-19.427418
-27.861130
-15.685908
-16.567386
-24.654933
-32.632672
-40.743535
-34.007013
-15.305811
-31.966324
-11.436612
-17.375644
-16.024059
-23.217011
-11.709524
-38.140960
-16.943998
-25.191299
-31.416859
-14.921301
-27.623993
-12.821917
-15.434551
-24.761490
-25.452911
-21.576460
-29.399348
-35.620839
-20.727828
-29.600224
