-0.050419
-0.002765
-0.002974
-0.013908
-0.020321
-0.052757
-0.013558
-0.014387
-0.228772
-0.105882
-0.115736
-0.001030
-0.306100
-0.015729
-0.037901
-0.003787
-0.657225
-0.019419
-0.030030
-0.044905
-0.028556
-0.017253
-0.026009
-0.001157
-0.039244
-0.020630
-0.064492
-0.217576
-0.004359
-0.007048
-0.033760
-0.050020
-0.074461
-0.009934
-0.113408
-0.049026
-0.029410
-0.353792
-0.148759
-0.063208
-0.581134
-0.029247
-0.062806
-0.021912
-0.030263
-0.021264
-0.023734
-0.033410
-0.071832
-0.009443
-0.008459
-0.004784
-0.022107
-0.056965
-0.014818
-0.000101
-0.016553
-0.121603
-0.015237
-0.083908
-0.021385
-0.004753
-0.007005
-0.002179
-0.271556
-0.012275
-0.011260
-0.037692
-0.200623
-0.064400
-0.091371
-0.000453
-0.013243
-0.128623
-0.002108
-0.010901
-0.003503
-0.000826
-0.009851
-0.005216
-0.011381
-0.026943
-0.041121
-0.167414
-0.139280
-0.008376
-0.118758
-0.222293
-0.113426
-0.071154
-0.029100
-0.005022
-0.036645
-0.088259
-0.024325
-0.000185
-0.004566
-0.146897
-0.196192
-0.024804
-0.035117
-0.003731
-0.021653
-0.020381
-0.006640
-0.101628
-0.012613
-0.209385
-0.052351
-0.069041
-0.010139
-0.046938
-0.071812
-0.071481
-0.033943
-0.011832
-0.009603
-0.033947
-0.151238
-0.006308
-0.003691
-0.363845
-0.018622
-0.038639
-0.055525
-0.026202
-0.011633
-0.003124
-0.004409
-0.150506
-0.001351
-0.169338
-0.206514
-0.008080
-0.045169
-0.237103
-0.160640
-0.134800
-0.248301
-0.002332
-0.018946
-0.207427
-0.023554
-0.010063
-0.028576
-0.025182
-0.001368
-0.114025
-0.025593
-0.114235
-0.005083
-0.225931
-0.407133
-0.149211
-0.003636
-0.010898
-0.183378
-0.041769
-0.005970
-0.183424
-0.001847
-0.000045
-0.012540
-0.057006
-0.015704
-0.064910
-0.110131
-0.006107
-0.013100
-0.018892
-0.137573
-0.109376
-0.001461
-0.058631
-0.244594
-0.176695
-0.156628
-0.033571
-0.000342
-0.067817
-0.002957
-0.476561
-0.007744
-0.033292
-0.004862
-0.032650
-0.000114
-0.007049
-0.059141
-0.019654
-0.013529
-0.003583
-0.023598
-0.001773
-0.001541
-0.029820
-0.038179
-0.212034
-0.140147
-0.272754
-0.324713
-0.004810
-0.063960
-0.062781
-0.060855
-0.126247
-0.029185
-0.016738
-0.027314
-0.019657
-0.063172
-0.001305
-0.352221
-0.039577
-0.002282
-0.005204
-0.008566
-0.443620
-0.001736
-0.009969
-0.111129
-0.012076
-0.030173
-0.009237
-0.070075
-0.038214
-0.049243
-0.012399
-0.000879
-0.001474
-0.048272
-0.078709
-0.035764
-0.095883
-0.642018
-0.066628
-0.060593
-0.020265
-0.000795
-0.012167
-0.053172
-0.088885
-0.004840
-0.001958
-0.000944
-0.000621
-0.026370
-0.056255
-0.144155
-0.042134
-0.002837
-0.016646
-0.000171
-0.017629
-0.001408
-0.025218
-0.011602
-0.017403
-0.022933
-0.043787
-0.013841
-0.008002
-0.034164
-0.017855
-0.033648
-0.002387
-0.492942
-0.000296
-0.028024
-0.153353
-0.017126
-0.248427
-0.027545
-0.317178
-0.021996
-0.035416
-0.001625
-0.055591
-0.146162
-0.015000
-0.004698
-0.124908
-0.008113
-0.014896
-0.537764
-0.003080
-0.039919
-0.015621
-0.041269
-0.097369
-0.077560
-0.078108
-0.067085
-0.045825
-0.013758
-0.230899
-0.021746
-0.026095
-0.007844
-0.006229
-0.048682
-0.019620
-0.112713
-0.283014
-0.000152
-0.054472
-0.018581
-0.053021
-0.002380
-0.012416
-0.056453
-0.129621
-0.144119
-0.007094
-0.096961
-0.022594
-0.023022
-0.106438
-0.086361
-0.020763
-0.015317
-0.061683
-0.000010
-0.046686
-0.001238
-0.002083
-0.071855
-0.012330
-0.011404
-0.082165
-0.033074
-0.019996
-0.140803
-0.091941
-0.014754
-0.012976
-0.045883
-0.078062
-0.047336
-0.003784
-0.001208
-0.022183
-0.014720
-0.079230
-0.086994
-0.001319
-0.161000
-0.021600
-0.048253
-0.018898
-0.045545
-0.164602
-0.013216
-0.034760
-0.005823
-0.008128
-0.064391
-0.010552
-0.031975
-0.015093
-0.295832
-0.013899
-0.002882
-0.020804
-0.029269
-0.083330
-0.183457
-0.005475
-0.028819
-0.138970
-0.005010
-0.007414
-0.022306
-0.089298
-0.001972
-0.097991
-0.007971
-0.072486
-0.013264
-0.024166
-0.156770
-0.063042
-0.017496
-0.036834
-0.021824
-0.058972
-0.061330
-0.034399
-0.054725
-0.004402
-0.006173
-0.040890
-0.095921
-0.106999
-0.009353
-0.132047
-0.008178
-0.030257
-0.090663
-0.240252
-0.031718
-0.012163
-0.012674
-0.005599
-0.020921
-0.126805
-0.148335
-0.216001
-0.016048
-0.014353
-0.037165
-0.010378
-0.009355
-0.003534
-0.011517
-0.129831
-0.415172
-0.000377
-0.123937
-0.230403
-0.109214
-0.025518
-0.037479
-0.091725
-0.121759
-0.065948
-0.012300
-0.002797
-0.003661
-0.000306
-0.020185
-0.026152
-0.067009
-0.001688
-0.024211
-0.047313
-0.036139
-0.017165
-0.048456
-0.134455
-0.015248
-0.030274
-0.223283
-0.075077
-0.016933
-0.031444
-0.004617
-0.085834
-0.015997
-0.020957
-0.066122
-0.020910
-0.004369
-0.036353
-0.014252
-0.009459
-0.072345
-0.005179
-0.005450
-0.136578
-0.016556
-0.000608
-0.085915
-0.021890
-0.014694
-0.053393
-0.051626
-0.046533
-0.013636
-0.083197
-0.006664
-0.023213
-0.005151
-0.022176
-0.009740
-0.065421
-0.017795
-0.020769
-0.369268
-0.011026
-0.048046
-0.027571
-0.074655
-0.108334
-0.017518
-0.571955
-0.001749
-0.003016
-0.076311
-0.015302
-0.028096
-0.106044
-0.074234
-0.000651
-0.001243
-0.051595
-0.012423
-0.002952
-0.048000
-0.048875
-0.028092
-0.015466
-0.080247
-0.181956
-0.041779
-0.026427
-0.000224
-0.000782
-0.341431
-0.012974
-0.014435
-0.085727
-0.069432
-0.013617
-0.009260
-0.065390
-0.092448
-0.106670
-0.038494
-0.025529
-0.020577
-0.011186
-0.008220
-0.038834
-0.016956
-0.169402
-0.008166
-0.004968
-0.086383
-0.446755
-0.029842
-0.000304
-0.013616
-0.053216
-0.003765
-0.007474
-0.009402
-0.094830
-0.174466
-0.053850
-0.008947
-0.001027
-0.008150
-0.030679
-0.137631
-0.030898
-0.035270
-0.026377
-0.016777
-0.116574
-0.008250
-0.019498
-0.007099
-0.070649
-0.011510
-0.015092
-0.001433
-0.099820
-0.006705
-0.007568
-0.173477
-0.028403
-0.335550
-0.074207
-0.007398
-0.046115
-0.098153
-0.380665
-0.328657
-0.010443
-0.006094
-0.055774
-0.031937
-0.001383
-0.000752
-0.022377
-0.049359
-0.056816
-0.336579
-0.078926
-0.146227
-0.065090
-0.018271
-0.041406
-0.192129
-0.068632
-0.020372
-0.092981
-0.135491
-0.006949
-0.357455
-0.306531
-0.032711
-0.077764
-0.020951
-0.003131
-0.012135
-0.008552
-0.001182
-0.066309
-0.013596
-0.032483
-0.008830
-0.039929
-0.195770
-0.212643
-0.002836
-0.240503
-0.051271
-0.000996
-0.003119
-0.036588
-0.184315
-0.013641
-0.018126
-0.027865
-0.155428
-0.020659
-0.018354
-0.012996
-0.457525
-0.029163
-0.019435
-0.046107
-0.006369
-0.156770
-0.073073
-0.044928
-0.217956
-0.001326
-0.034286
-0.022124
-0.018607
-0.002601
-0.107796
-0.074915
-0.020570
-0.124076
-0.016762
-0.076966
-0.014638
-0.019487
-0.000132
-0.149766
-0.080337
-0.006776
-0.037003
-0.022055
-0.082850
-0.042265
-0.164430
-0.043604
-0.147260
-0.103007
-0.000715
-0.109917
-0.005772
-0.024076
-0.085588
-0.133887
-0.295116
-0.024558
-0.061003
-0.001171
-0.002892
-0.009443
-0.023747
-0.036359
-0.009075
-0.076391
-0.030655
-0.009608
-0.077206
-0.051780
-0.003362
-0.013208
-0.044898
-0.005279
-0.130690
-0.062860
-0.025248
-0.035342
-0.034530
-0.104437
-0.011358
-0.089083
-0.052282
-0.025259
-0.036773
-0.008034
-0.066281
-0.050824
-0.041352
-0.008700
-0.135485
-0.074830
-0.000148
-0.006337
-0.006230
-0.067128
-0.004702
-0.012763
-0.016629
-0.004056
-0.277497
-0.004656
-0.086403
-0.001215
-0.071291
-0.008833
-0.038187
-0.017425
-0.022343
-0.023663
-0.009835
-0.039004
-0.002338
-0.031315
-0.080095
-0.010647
-0.026469
-0.006982
-0.069795
-0.096528
-0.114363
-0.176179
-0.114476
-0.000015
-0.077441
-0.284158
-0.000653
-0.023335
-0.002873
-0.077458
-0.010702
-0.062344
-0.073037
-0.039523
-0.000537
-0.028185
-0.025458
-0.102323
-0.057274
-0.028112
-0.027676
-0.017408
-0.013504
-0.026136
-0.071683
-0.003567
-0.002262
-0.247705
-0.016883
-0.011221
-0.025961
-0.023647
-0.098713
-0.025497
-0.003854
-0.039237
-0.090727
-0.066795
-0.001515
-0.066364
-0.017842
-0.038803
-0.013956
-0.115826
-0.088014
-0.003621
-0.022464
-0.006155
-0.091591
-0.044342
-0.018270
-0.002733
-0.027084
-0.012962
-0.203898
-0.313324
-0.004401
-0.025431
-0.259894
-0.003623
-0.078254
-0.035152
-0.106143
-0.005339
-0.028006
-0.025272
-0.012293
-0.092705
-0.121014
-0.001265
-0.012645
-0.266432
-0.096115
-0.003920
-0.008437
-0.183413
-0.001409
-0.116894
-0.002283
-0.007541
-0.003432
-0.012862
-0.184732
-0.306373
-0.003185
-0.015666
-0.013793
-0.145261
-0.177770
-0.075307
-0.018645
-0.012453
-0.045590
-0.008281
-0.005650
-0.087810
-0.002068
-0.020141
-0.022920
-0.028061
-0.049947
-0.090655
-0.071014
-0.002916
-0.043921
-0.179298
-0.002069
-0.036958
-0.070635
-0.003147
-0.024493
-0.001428
-0.066364
-0.037324
-0.034180
-0.005393
-0.010902
