-215.124986
-183.104918
-227.846501
-225.019264
-211.580347
-221.915364
-181.315163
-201.084412
-169.488429
-196.379557
-190.083862
-225.978842
-188.201325
-209.207445
-209.851530
-185.821267
-192.077798
-165.018274
-196.635821
-206.709587
-197.812656
-200.668296
-235.880430
-204.242244
-181.095419
-231.211797
-208.264214
-185.797609
-198.841644
-215.055885
-206.502446
-201.559512
-189.216396
-200.659797
-200.297317
-230.742575
-246.149338
-232.597232
-223.525067
-227.616007
-181.343627
-185.936275
-206.654725
-209.456228
-170.217609
-188.427600
-215.093198
-161.409484
-190.846535
-199.696662
-183.870758
-193.389567
-195.400204
-196.555290
-232.778771
-193.625214
-162.611908
-249.935642
-198.869836
-151.439437
-192.276269
-221.082032
-210.034056
-199.819968
-246.664543
-175.161660
-217.007516
-221.089497
-228.253870
-163.487510
-184.808661
-227.977787
-232.323538
-243.385128
-207.926503
-190.508131
-183.029757
-159.163640
-204.856377
-173.528515
-231.671915
-154.317135
-196.852617
-176.931045
-209.861645
-224.559326
-215.181566
-203.951582
-193.727429
-222.404176
-215.850837
-233.469048
-202.260492
-199.018592
-174.466643
-228.112854
-186.531100
-205.160368
-193.223744
-176.870931
-157.186959
-201.106095
-205.113492
-183.472502
-187.227935
-230.175807
-186.460437
-208.914734
-206.509951
-220.208511
-171.065183
-198.893373
-197.341304
-232.152567
-191.524827
-189.444041
-197.765344
-195.775108
-192.604368
-198.602179
-215.389506
-166.546318
-158.286781
-209.733846
-193.459488
-193.681038
-214.927677
-162.098726
-206.600166
-209.305619
-244.679744
-193.946559
-180.717937
-170.964780
-187.500483
-203.373173
-176.142488
-219.342789
-228.096310
-189.768046
-189.255471
-227.696378
-193.647897
-210.834967
-172.676063
-174.242110
-189.125719
-158.147682
-153.136406
-180.906467
-222.618305
-215.182832
-224.026756
-187.147634
-200.062201
-188.250585
-191.387319
-215.097203
-162.600995
-187.889163
-188.386063
-256.197706
-182.897660
-255.696406
-215.633881
-174.258663
-193.869193
-214.334333
-194.096742
-198.335292
-216.198578
-211.226079
-216.459445
-224.093701
-224.491401
-203.055764
-186.956929
-209.454234
-190.638892
-207.217887
-214.860086
-223.416398
-150.823916
-183.795404
-226.483181
-204.218203
-230.456145
-204.301591
-161.424288
-206.476567
-230.316625
-207.246215
-168.490520
-165.638401
-227.165445
-180.169740
-194.881664
-192.270337
-181.128714
-188.378258
-214.748859
-236.472254
-177.715580
-224.770017
-183.049940
-203.046497
-217.267451
-209.089301
-191.328311
-207.384168
-197.800611
-177.169915
-204.947452
-185.326219
-204.335953
-239.517182
-234.263113
-226.719354
-219.670637
-193.998546
-196.002951
-169.118234
-184.440706
-237.607749
-175.992997
-211.054399
-206.934137
-186.340035
-227.975461
-191.821399
-207.416698
-191.173908
-238.762099
-221.816746
-200.865083
-201.848593
-207.010483
-204.252221
-186.547554
-219.528738
-209.713725
-177.494068
-188.831578
-227.559919
-210.269320
-241.347689
-236.440880
-202.979046
-221.222142
-164.838757
-229.616192
-200.270302
-228.338726
-160.712240
-177.926908
-163.663961
-185.487318
-201.523580
-180.706936
-190.184287
-183.816684
-148.438426
-207.924815
-188.636777
-237.733513
-207.832728
-164.206673
-209.695634
-233.851203
-188.267336
-226.413296
-171.020350
-196.168555
-239.214534
-195.468857
-168.470888
-179.485455
-233.692670
-182.550734
-198.902390
-171.878006
-213.596175
-171.754750
-191.268388
-162.636795
-203.321515
-185.739955
-161.958648
-206.054881
-211.367437
-226.700745
-185.932567
-209.072436
-181.176299
-188.144701
-176.634623
-189.399532
-153.745162
-240.436993
-210.642294
-187.276380
-225.937582
-208.047877
-219.262776
-217.182828
-184.197194
-207.211949
-145.320468
-169.381737
-214.490010
-204.022042
-191.406522
-183.665612
-209.434784
-186.668818
-207.596339
-241.752655
-211.467556
-185.062487
-204.600715
-171.732423
-170.154657
-223.165598
-200.696555
-215.728704
-171.266692
-193.976218
-201.982176
-226.962011
-195.978244
-194.975273
-191.336072
-216.490099
-189.955012
-203.012205
-182.899324
-204.979713
-203.127524
-155.952177
-231.845029
-174.344069
-211.794700
-214.942719
-227.454767
-221.709841
-201.309583
-194.986367
-206.185654
-194.168438
-216.938930
-188.766320
-166.620363
-183.383833
-255.439882
-195.937459
-234.206085
-206.985107
-195.202742
-181.446962
-183.144344
-234.397231
-206.375154
-214.811022
-160.195075
-202.167139
-205.952829
-243.142768
-158.920865
-192.134084
-158.847976
-201.018839
-223.898776
-193.688925
-186.929791
-212.829314
-161.286031
-237.665597
-191.187373
-211.697127
-167.936378
-188.547462
-207.179396
-255.337856
-242.548293
-243.130793
-166.611387
-200.389627
-196.331514
-231.664731
-220.757884
-198.941965
-207.664054
-205.305205
-201.352434
-223.402251
-172.814461
-178.918808
-181.715876
-201.646236
-149.244423
-194.971594
-189.247166
-202.719777
-197.611848
-235.373364
-191.235141
-223.446975
-219.692217
-209.380884
-230.202473
-217.134682
-225.674127
-220.031354
-242.883577
-171.813410
-228.262202
-194.852647
-170.850801
-192.577231
-184.904632
-176.578085
-207.207635
-194.815670
-199.458648
-180.397794
-190.779209
-207.177398
-216.123316
-214.027446
-201.718365
-191.739457
-225.241735
-180.205636
-212.923914
-223.190575
-180.415949
-196.761043
-185.190571
-228.539265
-187.361115
-172.797648
-190.227188
-180.163627
-209.080948
-171.249071
-223.244100
-163.708462
-213.757901
-200.770575
-203.712537
-210.179078
-194.529063
-242.327837
-244.787514
-207.506530
-202.700686
-191.104145
-170.660490
-220.108730
-234.680480
-183.121945
-232.924375
-179.347428
-204.622871
-176.157490
-202.177197
-180.947376
-199.296972
-180.454565
-214.268067
-168.323629
-197.389528
-169.962871
-209.139716
-197.232684
-217.953188
-242.008391
-191.242129
-230.324441
-214.198956
-179.250622
-219.087275
-177.108396
-206.927439
-239.696669
-211.002647
-183.546937
-202.832209
-193.486669
-198.807889
-206.029342
-169.628586
-181.680701
-209.654529
-173.976412
-207.279318
-214.968237
-200.217387
-209.210177
-199.049862
-212.494055
-206.083205
-230.241133
-188.176786
-170.860554
-191.404593
-186.779728
-204.510265
-173.971310
-196.645174
-206.775061
-181.612672
-172.200972
-202.441243
-207.268390
-173.752896
-244.551036
-181.497000
-189.409253
-228.679244
-207.841698
-199.928752
-194.034235
-200.896644
-209.160873
-223.366730
-221.933174
-209.879611
-194.662858
-185.630172
-180.024944
-218.780669
-185.770019
-214.563640
-160.426645
-193.311757
-197.775503
-187.153749
-186.007910
-182.369266
-222.020225
-181.159894
-168.538780
-190.427143
-175.593319
-217.259164
-219.783459
-203.096642
-195.337331
-211.473051
-188.168698
-194.416660
-174.146699
-174.731171
-196.768716
-178.917027
-208.312861
-202.200854
-190.285217
-237.019698
-175.484454
-191.468116
-225.096446
-166.264274
-201.215356
-190.297838
-193.063420
-201.955854
-208.990898
-194.802195
-211.614374
-210.916420
-204.760587
-228.211114
-204.903828
-225.350952
-207.002731
-188.997810
-187.199633
-189.701760
-230.078492
-187.704826
-222.428286
-209.721821
-249.580592
-180.475003
-224.510851
-194.320759
-181.304663
-179.675229
-162.076684
-216.425427
-193.340847
-198.281185
-194.901967
-231.088338
-184.871176
-200.003500
-171.810814
-210.366292
-210.303452
-198.734177
-177.004325
-197.374612
-213.285780
-204.834068
-218.117231
-222.084174
-208.087634
-182.129258
-166.049184
-167.750680
-197.409010
-166.585385
-186.347232
-223.770984
-224.327821
-228.746157
-192.041522
-198.203615
-198.042250
-183.257870
-174.868749
-246.665096
-196.954319
-172.504736
-200.733974
-216.231112
-194.760284
-169.531064
-161.254110
-199.952303
-211.739949
-227.174549
-156.907627
-183.549529
-218.516970
-207.203564
-179.248346
-199.333097
-197.279390
-199.494266
-214.528289
-193.190752
-204.229967
-158.654868
-231.544747
