-4.067213
-0.414460
-1.381462
-1.371039
-3.266927
-1.073958
-3.678052
-0.540053
-0.657643
-4.142654
-6.031510
-1.651752
-2.553936
-3.984508
-8.299335
-0.198241
-1.058582
-2.609204
-0.732087
-1.426918
-2.203474
-2.366906
-7.363144
-3.827126
-0.782094
-0.794463
-1.495603
-0.014715
-1.233083
-4.366423
-7.526969
-0.155627
-6.639420
-0.312949
-3.750242
-2.678035
-2.327711
-2.307336
-7.204773
-0.692383
-0.832104
-3.446970
-2.391526
-1.662703
-3.076880
-2.083127
-6.166041
-3.162516
-1.865575
-2.470024
-0.008002
-1.523962
-2.192865
-0.183379
-1.892673
-1.230196
-3.227746
-0.579838
-3.143520
-1.171918
-0.318508
-3.778540
-2.829214
-4.840774
-3.059075
-1.219411
-2.327870
-4.432256
-0.630194
-0.281375
-9.419843
-1.308488
-7.332320
-2.521386
-0.337536
-4.050225
-3.598955
-0.523665
-1.217142
-1.071672
-2.485374
-4.923153
-1.599071
-0.873865
-2.531242
-3.108504
-0.724776
-5.224290
-2.473928
-4.535132
-2.389551
-1.897028
-0.109408
-0.013080
-2.665873
-1.131386
-0.467283
-3.824398
-5.662189
-4.195860
-4.833863
-1.860837
-3.265802
-0.192585
-2.357299
-0.279382
-2.423886
-2.833040
-1.901091
-0.427232
-0.617620
-0.084010
-0.299673
-4.515522
-4.488294
-2.991918
-1.220246
-1.173907
-8.910705
-0.575660
-1.469950
-4.417214
-4.339122
-0.858712
-1.880005
-0.929804
-2.262732
-2.820221
-5.948179
-1.324670
-1.225646
-4.029153
-1.169959
-3.490750
-1.200136
-0.130770
-4.644821
-0.041542
-1.312925
-4.806500
-4.664786
-1.276125
-0.706104
-1.525588
-2.139487
-0.585200
-1.373677
-0.235417
-2.090007
-0.242216
-2.250858
-3.145444
-0.876486
-0.013172
-3.793001
-2.927250
-1.486954
-5.918810
-5.331130
-0.237164
-0.714964
-0.644724
-0.205229
-7.258363
-1.629386
-2.181905
-1.321349
-0.942663
-1.752068
-4.112876
-2.265436
-0.835925
-2.719139
-7.367372
-3.015498
-0.326048
-0.057839
-0.198218
-0.346462
-1.204749
-2.989800
-1.458974
-0.810632
-0.523368
-0.353532
-0.656447
-6.290876
-0.713472
-0.834543
-5.551999
-4.378493
-1.187787
-1.174805
-2.981982
-0.152718
-2.951249
-6.765418
-3.242059
-0.114265
-2.465861
-0.734306
-2.861163
-0.215116
-0.853191
-1.542503
-2.582995
-0.060144
-4.671786
-4.065075
-1.465041
-1.187956
-1.897112
-1.837321
-2.296219
-0.487689
-4.373558
-0.780494
-6.464735
-0.720818
-0.027577
-1.775968
-1.954777
-3.239790
-1.261861
-4.687575
-0.467140
-2.285345
-0.462757
-1.997979
-2.089169
-0.559802
-6.567199
-1.053120
-0.247124
-1.646944
-3.387601
-0.274338
-1.311974
-3.840176
-2.551837
-2.955452
-3.246474
-2.863513
-4.885389
-0.630231
-0.249489
-3.301701
-2.060198
-5.371949
-4.146338
-0.502188
-1.750873
-1.891316
-1.852691
-2.408461
-3.593425
-2.559356
-5.165319
-6.671718
-4.051887
-0.525600
-1.777869
-0.627010
-2.535746
-6.737605
-5.126262
-4.998948
-1.442044
-1.482526
-0.122437
-4.819913
