-127.309000
-116.486640
-134.027196
-109.712116
-143.068617
-134.807784
-134.016924
-132.354539
-132.120278
-129.401485
-147.409734
-105.009106
-150.973582
-112.996642
-121.541204
-89.664668
-116.596781
-137.683003
-103.149984
-90.055294
-133.232476
-98.072579
-110.138951
-107.069781
-133.781627
-122.198479
-111.775947
-91.388955
-110.366959
-116.899524
-111.446804
-164.771076
-131.028608
-77.128092
-119.015488
-153.629955
-98.871769
-88.677511
-97.254955
-109.383038
-131.254475
-92.072087
-136.536089
-149.527713
-110.366180
-138.925328
-130.502549
-90.024163
-105.026526
-120.545116
-123.134319
-147.209782
-121.590341
-117.013342
-88.485218
-137.902999
-131.133538
-111.442178
-162.899012
-136.307519
-91.091220
-120.013526
-101.372809
-99.424116
-130.166768
-174.432729
-107.796555
-142.146120
-115.320693
-90.628546
-117.765345
-129.773382
-121.088974
-145.396312
-102.930178
-165.904482
-122.334049
-137.992796
-111.948187
-162.488978
-116.801320
-97.032199
-138.160402
-160.790430
-124.771383
-140.754574
-112.518392
-152.607054
-143.798127
-146.056816
-107.113884
-139.187886
-124.813624
-108.693864
-102.106845
-115.988426
-137.874353
-92.163762
-114.485502
-144.031410
-114.455683
-138.301606
-151.659298
-104.379907
-103.326502
-151.074273
-120.955651
-118.691121
-96.477611
-135.778244
-120.598726
-109.068216
-84.108289
-78.385655
-135.992085
-134.327759
-117.662187
-153.651669
-112.520604
-97.578064
-105.717044
-101.163629
-104.799527
-139.003001
-104.995649
-108.593238
-115.192041
-112.272124
-110.220648
-128.105980
-130.158648
-122.140670
-101.266788
-97.303339
-122.266912
-138.275470
-141.157756
-117.428634
-79.365110
-115.866114
-129.162581
-87.832459
-119.187465
-105.467892
-122.820968
-141.582000
-125.239100
-104.186237
-95.133497
-118.660521
-95.085250
-129.431420
-106.427307
-120.662239
-100.104680
-118.074388
-99.364919
-98.917765
-105.775943
-124.403772
-127.681395
-123.845155
-127.613777
-108.002495
-102.727391
-123.363048
-133.265508
-115.402680
-107.019621
-125.308798
-101.537366
-135.169469
-110.884866
-128.138035
-106.186939
-122.540551
-94.722679
-101.897397
-105.378091
-135.851489
-103.585289
-118.855999
-102.708182
-144.870539
-135.777391
-111.498864
-137.464685
-109.127498
-128.764337
-147.771802
-95.440387
-120.904335
-108.082720
-119.965885
-142.748110
-140.753206
-119.595145
-131.394321
-102.133402
-116.357077
-132.682418
-89.159349
-147.379981
-103.802109
-133.113138
-133.190940
-103.016775
-133.278240
-147.791094
-112.566707
-105.844448
-102.703886
-124.447106
-111.858090
-124.220008
-95.167177
-120.242283
-116.466904
-116.356430
-138.605805
-135.609220
-132.262161
-108.332233
-129.380073
-130.677543
-131.967707
-108.758199
-165.366400
-115.314728
-113.092231
-130.230556
-119.706603
-117.932663
-109.596574
-121.569646
-116.525599
-114.256276
-138.694476
-101.195291
-108.433301
-123.095832
-128.629027
-95.500980
-124.557094
-150.520400
-109.886350
-164.546437
-88.257247
-120.805612
-134.241706
-99.924293
-117.069538
-130.530393
-125.579888
-113.743453
-115.725123
-101.859294
-118.245162
-108.959438
-112.860866
-117.401230
-108.958376
-94.013032
-122.811273
-105.705422
-111.059216
-140.082033
-110.580955
-118.417480
-113.258915
-130.178290
-111.155742
-90.099284
-129.500237
-123.576994
-126.375007
-138.563198
-132.783812
-105.139290
-105.999263
-129.676696
-96.361917
-123.764404
-140.580393
-143.089111
-128.523713
-106.534876
-144.781209
-141.381689
-128.261146
-137.239855
-118.143603
-117.850117
-109.138049
-109.736021
-93.409540
-109.568073
-103.482659
-97.683142
-108.183786
-94.913754
-125.560556
-128.968150
-113.759606
-110.266905
-109.036895
-120.400133
-100.947659
-92.789594
-137.164952
-154.528139
-134.347570
-132.945747
-152.298418
-144.484033
-110.043468
-124.126173
-132.837750
-122.701641
-98.656510
-140.521088
-123.113137
-91.760047
-97.173480
-135.412585
-125.083747
-114.363375
-107.554133
-108.182610
-100.771858
-121.415853
-150.433962
-138.614505
-100.428377
-146.545389
-100.517854
-124.721218
-131.223173
-124.419702
-126.828465
-123.925281
-119.461962
-102.972951
-125.316701
-133.509517
-105.940242
-88.618828
-113.292199
-124.874876
-120.624746
-101.157652
-134.466721
-105.892989
-108.996810
-154.833212
-107.709713
-106.958354
-94.060713
-131.116997
-132.395568
-131.348412
-156.387509
-95.067854
-88.640031
-119.970289
-140.628505
-92.800926
-126.581448
-136.721678
-103.603067
-95.349128
-121.766335
-134.961858
-124.636128
-115.454580
-111.666724
-130.851624
-117.707561
-159.217530
-135.653108
-138.839656
-102.956118
-148.453009
-169.404942
-120.245990
-135.465388
-143.974800
-130.993296
-143.742340
-138.626539
-115.728122
-103.380421
-116.197484
-137.241819
-134.688755
-112.467949
-107.150737
-123.996800
-153.719622
-119.734031
-91.944056
-109.104118
-108.905775
-130.542060
-124.379647
-127.048862
-132.444673
-150.033605
-111.434747
-127.452374
-118.349138
-122.859233
-116.136484
-89.576702
-97.604700
-122.357300
-124.702151
-124.496509
-150.279478
-146.586723
-99.270789
-98.250505
-120.397496
-90.272717
-111.844445
-106.456926
-135.448808
-132.116928
-90.295466
-134.410274
-111.626401
-115.913966
-110.071091
-119.976067
-119.045175
-135.282533
-84.009706
-105.089238
-131.752822
-121.984636
-139.159083
-118.284879
-112.845369
-116.650974
-98.354286
-142.761321
-122.552907
-109.445084
-122.365507
-123.595774
-124.314717
-139.364960
-89.680371
-124.674236
-98.167479
-120.778127
-102.542264
-112.040853
-117.801996
-107.332039
-94.848849
-117.464536
-125.391057
-135.354084
-110.262688
-144.576798
-113.324889
-164.527208
-106.351203
-138.300609
-116.732878
-130.916307
-123.708923
-89.052225
-125.464558
-106.284888
-102.294097
-109.177694
-123.884820
-121.968444
-112.510210
-124.912137
-101.953320
-92.460819
-107.787462
-121.879921
-154.731076
-108.823508
-137.505610
-96.416135
-118.382357
-118.006617
-86.993265
-120.956885
-155.408626
-135.075995
-115.439726
-109.309803
-130.242095
-78.252968
-116.458496
-113.782018
-104.035812
-134.706462
-134.227168
-111.803591
-134.685447
-148.987962
-139.912058
-136.768239
-103.446651
-112.213726
-126.462454
-104.801375
-135.591301
-119.488442
-115.170065
-104.083961
