-1.731326
-3.530764
-0.065019
-0.777378
-1.220910
-1.027145
-0.008750
-0.018073
-0.330736
-0.000872
-0.088285
-1.038640
-0.430873
-1.501826
-1.346769
-0.082297
-0.282211
-0.031593
-0.396972
-0.000814
-0.125151
-0.103721
-0.299185
-0.942177
-0.976070
-0.001591
-0.466838
-0.257624
-0.137562
-0.087294
-0.238084
-0.536048
-0.007250
-0.076063
-0.042158
-0.216241
-0.023824
-0.643724
-0.006338
-0.398634
-0.078291
-1.603562
-0.081296
-0.647797
-0.911040
-0.568658
-0.430865
-1.471728
-3.149493
-0.765382
-0.111180
-0.051767
-0.063462
-0.075714
-0.000542
-2.408255
-0.604497
-2.541947
-1.556254
-1.132802
-0.311660
-0.491663
-0.533420
-1.681626
-3.562283
-1.434738
-0.784201
-1.493512
-1.054150
-0.161128
-2.882141
-0.683710
-0.103439
-0.049029
-1.536035
-0.014645
-0.225166
-0.087892
-1.504856
-0.831492
-1.391761
-0.099131
-1.781048
-0.042105
-0.067135
-2.201527
-0.025929
-0.047441
-0.558352
-0.033013
-0.028054
-0.004041
-0.415771
-0.498834
-0.363991
-0.385347
-0.638038
-1.911564
-0.028227
-0.218724
-0.476367
-0.517695
-1.086366
-0.264286
-0.988679
-0.097770
-0.353648
-0.316116
-0.761811
-0.114599
-0.021209
-0.200792
-1.013849
-1.381914
-3.740639
-0.155939
-0.052559
-0.011094
-2.708222
-0.099357
-0.067010
-0.851448
-0.109706
-0.385332
-0.000309
-0.774021
-0.613943
-0.001880
-1.790834
-2.231920
-0.960281
-0.637260
-0.000052
-0.399367
-1.525395
-0.120384
-0.392867
-0.527153
-0.000791
-0.721737
-0.089910
-0.304285
-0.787560
-0.546809
-1.179841
-0.417325
-0.006739
-0.051903
-0.081297
-0.758577
-2.287452
-0.098467
-1.511516
-0.954211
-0.001015
-0.044973
-0.480557
-0.308098
-0.206639
-0.032492
-0.021349
-0.030212
-0.041420
-0.058067
-2.408555
-1.298328
-2.282505
-2.511890
-0.097078
-0.653032
-0.895414
-0.079386
-1.068576
-0.012918
-0.003410
-0.168651
-0.135976
-0.642159
-0.036733
-0.355239
-0.321699
-0.115926
-3.414947
-0.403521
-1.308105
-0.065551
-2.016521
-0.100660
-2.813653
-0.007458
-1.101142
-0.671025
-0.998561
-0.033322
-0.769497
-0.745979
-0.302231
-0.980985
-1.337478
-1.359388
-0.325231
-1.258749
-0.615230
-0.137296
-0.445121
-0.002611
-1.068111
-2.489279
-0.276473
-0.662733
-1.403663
-0.120738
-0.312470
-0.055051
-0.016964
-1.482744
-0.743299
-0.822597
-0.020870
-0.474089
-0.125320
-0.957365
-0.304104
-2.787189
-0.071707
-0.286361
-0.709915
-2.108212
-3.394416
-0.043743
-0.016068
-0.292854
-0.239666
-0.058700
-0.649033
-1.895354
-2.178412
-0.092197
-0.362046
-0.465153
-0.509756
-2.571246
-0.225289
-0.002619
-0.131796
-0.026851
-0.877723
-1.073200
-0.208829
-0.008799
-0.549089
-0.051531
-0.499942
-0.001876
-0.156052
-0.050193
-0.088486
-0.623085
-0.104765
-0.152171
-0.235014
-1.838474
-0.016376
-0.000100
-0.733793
-0.901685
-0.420033
-0.092235
-0.011399
-0.014305
-0.183796
-2.502053
-0.114709
-0.063336
-0.717435
-1.337726
-0.118592
-0.677343
-0.136336
-0.944336
-0.188248
-0.005900
-1.069634
-0.236866
-0.062050
-0.120578
-0.395891
-1.526525
-0.099085
-0.207515
-0.121401
-0.634276
-0.014333
-0.069737
-0.117733
-0.640772
-0.009709
-0.101232
-0.174361
-0.922396
-0.698568
-0.420134
-0.578089
-0.098883
-0.668162
-3.378872
-0.039876
-1.320703
-3.401400
-0.246633
-0.000239
-1.110811
-0.161698
-0.703870
-0.002450
-0.051154
-2.461538
-0.019078
-0.081576
-0.822011
-1.034489
-0.007210
-0.888266
-1.235425
-0.313773
-0.810598
-1.317019
-0.045915
-0.079396
-0.005055
-0.453570
-0.102225
-0.811861
-0.031142
-0.004979
-0.161310
-0.166627
-0.891518
-0.000627
-1.184800
-0.324251
-0.474279
-0.002879
-1.281531
-0.180718
-0.291144
-0.243360
-0.673202
-0.003663
-0.018237
-2.999489
-0.469064
-0.921623
-0.108659
-1.571336
-3.605560
-0.014438
-0.008223
-0.086882
-1.462475
-1.078546
-0.093858
-2.538666
-0.024415
-0.111064
-0.114987
-0.211330
-3.660984
-0.133353
-0.160916
-0.007086
-0.733295
-1.514680
-0.122447
-1.136636
-0.842393
-0.121594
-0.929716
-0.069668
-0.936482
-0.829743
-0.716142
-0.309670
-0.551989
-1.246768
-0.000301
-0.113731
-0.715620
-0.610563
-1.547625
-0.425605
-0.090002
-0.061799
-2.858735
-2.061807
-0.731047
-0.343917
-0.198853
-1.095412
-0.961197
-0.011473
-0.361400
-2.746265
-1.358772
-0.113924
-1.001862
-1.417366
-0.580183
-0.022891
-2.278728
-0.092220
-0.657039
-0.378324
-0.127510
-2.436842
-0.691196
-1.415741
-1.135195
-0.042829
-0.939491
-1.475046
-0.352358
-0.860178
-0.803274
-0.392260
-0.983933
-1.690494
-0.245382
-1.925960
-1.030607
-1.210528
-0.003353
-0.112147
-0.377245
-0.378095
-0.170283
-0.451228
-0.152996
-0.020801
-0.378748
-0.661822
-1.790088
-0.008592
-0.095832
-0.371573
-0.743266
-0.180496
-0.518426
-0.067025
-1.003173
-0.592533
-1.202867
-1.025007
-1.529325
-1.201939
-1.536917
-0.098831
-0.899527
-3.166687
-0.394146
-0.485447
-0.004346
-0.691091
-0.346456
-1.786660
-0.080234
-0.738389
-0.075031
-0.435811
-0.207856
-1.387310
-2.191135
-0.187180
-0.807543
-2.315433
-0.188504
-0.087938
-0.642570
-0.959393
-0.340462
-0.835411
-0.003043
-0.104985
-0.997325
-0.029525
-0.338817
-0.027362
-1.190196
-0.205142
-0.112963
-2.569444
-1.205970
-0.140281
-0.981158
-0.016513
-1.533196
-0.006914
-0.322067
-0.085042
-2.082913
-3.756592
-1.714427
-0.655922
-0.209515
-0.566240
-1.011813
-1.381824
-0.598910
-0.522210
-0.267920
-0.001278
-0.240936
-2.843374
-0.141344
-0.042610
-1.469447
-0.338904
-0.998396
-3.464987
-0.389724
-1.172253
-1.821162
-1.300472
-0.918912
-0.674167
-0.431638
-1.129922
-0.586521
-0.034122
-0.025645
-0.424574
-0.787689
-2.797446
-0.903390
-0.123239
-0.269935
-2.992574
-0.148033
-0.779855
-0.252008
-1.146218
-0.032888
-1.294096
-0.183884
-0.385903
-0.000764
-0.044271
-0.133079
-1.549048
-0.055214
-3.110045
-0.033369
-0.152031
-0.081136
-0.435239
-0.136361
-0.894942
-1.462525
-0.359869
-1.877073
-0.354895
-0.035247
-0.682294
-2.057082
-0.484208
-2.457926
-0.013728
-0.241500
-0.025586
-0.834266
-0.144422
-0.295609
-0.078466
-0.230484
-0.375575
-0.164725
-0.232253
-0.020168
-1.502953
-1.104652
-0.201636
-1.439582
-0.066503
-0.066472
-0.168579
-0.002049
-0.032137
-1.790015
-0.367025
-0.184913
-1.686751
-0.497682
-0.195624
-0.174679
-0.078025
-0.253678
-0.558036
-2.337645
-0.204408
-2.105619
-1.484917
-0.053761
-0.175630
-0.151882
-0.915937
-0.000265
-3.201247
-2.416352
-0.848060
-0.182356
-0.088597
-0.827784
-0.186911
-0.278808
-0.241230
-0.352610
-0.348592
-0.033727
-0.510496
-0.654942
-0.468171
-1.828905
-1.229446
-1.268694
-0.741220
-0.335251
-0.190450
-0.023994
-2.331551
-0.171218
-0.000490
-0.045755
-0.342316
-0.988017
-0.727725
-3.038743
-0.639419
-0.074127
-1.323807
-0.543834
-0.368922
-0.237026
-0.719271
-0.164410
-0.548895
-0.102903
-0.334623
-1.308911
-0.061032
-0.506542
-0.197838
-0.139692
-1.426215
-0.297351
-0.724374
-1.430375
-0.562421
-0.143940
-0.029389
-2.027313
-0.648483
-2.183720
-0.558593
-0.058146
-0.103124
-0.871309
-0.354181
-1.745572
-0.291719
-0.040953
-0.485020
-1.325021
-0.617748
-0.173062
-1.419637
-0.041391
-0.712633
-0.147920
-0.314368
-0.001984
-0.161850
-0.234160
-0.604427
-1.689361
-2.216505
-0.435240
-0.079886
-1.529420
-0.001405
-0.046520
-1.857481
-0.335293
-0.018525
-1.029516
-0.028477
-0.979394
-0.555159
-0.602327
-0.444059
-0.604870
-0.003321
-0.001077
-0.007106
-0.226782
-0.595089
-0.823180
-0.744459
-0.020489
-1.767441
-1.493161
-0.010523
-2.400895
-0.220642
-2.592875
-0.341969
-0.006449
-0.188952
-0.498583
-0.047000
-1.672028
-0.065010
-1.852434
-4.552609
-1.112592
-0.013952
-1.954146
-1.974970
-0.055687
-1.563273
-0.203677
-0.017169
-0.685452
-2.593489
-0.155164
-0.741628
-0.101491
-0.006007
-0.854739
-0.315163
-0.623666
-0.401615
-0.008337
-2.392735
-2.113185
-0.969366
-1.178177
-0.103971
-0.009568
-0.396540
-0.422425
-1.965642
-2.055992
-2.589362
-1.517414
-0.029895
-0.136097
-0.051241
-0.027200
-0.278779
-0.789577
-0.623203
-0.000422
-0.061620
-1.600450
-0.092880
-0.489010
-0.967113
-0.091987
-1.859609
-2.224950
-0.857322
-1.188331
-0.474152
-0.431178
-3.853673
-0.135105
-1.411564
-0.712043
-0.139131
-0.022619
-0.054704
-0.106599
-2.494447
-0.301422
-0.033089
-0.409551
-0.700738
-0.979469
-1.025838
-0.279411
-0.224858
-0.286398
-0.686273
-0.455701
-0.269971
-0.034261
-0.282294
-0.022616
-2.006974
-0.041222
-0.000084
-0.042649
-0.016453
-0.438746
-0.753126
-0.097133
-2.199481
-0.327775
-4.068813
-0.276385
-2.102616
-0.375410
-1.823962
-0.180001
-0.281358
-0.277501
-0.015989
-0.269104
-1.494260
-0.826636
-0.279404
-2.158788
-0.143173
-0.436545
-0.017540
-0.793220
-0.842097
-0.209306
-0.024806
-0.041661
-0.226200
-0.271497
-0.019958
-0.963482
-2.502807
-0.036686
-0.125329
-1.644230
-0.045240
-1.467997
-1.341342
-1.620463
-0.596153
-3.627842
-0.051537
-2.506252
-0.597466
-0.136013
-0.751208
-0.005347
-0.104187
-0.041756
-1.290805
-0.033339
-1.115702
-0.022407
-1.275563
-0.623182
-0.113302
-0.508585
-0.299693
-1.067451
-1.023902
-0.321444
-0.166169
-0.006808
-0.699509
-0.261962
-1.452529
-1.747673
-0.314469
-0.010793
-1.009541
-0.610919
-1.179775
-0.486342
-0.487770
-0.318854
-0.290486
-1.903431
-0.021349
-2.440802
-0.124135
-0.044211
-0.029153
-0.921744
-0.051059
-0.544353
-0.138845
-1.305848
-0.419996
-0.042133
-0.211291
-0.231435
-0.009169
-1.521166
-0.279743
-1.443142
-0.629398
-1.145023
-3.022289
-0.006317
-0.159269
-0.187129
-0.559464
-0.032910
-0.325896
-0.842338
-1.896309
-1.381741
-0.651178
-0.898618
-2.081186
-0.019387
-1.420367
-0.249799
-0.032710
-1.169368
-0.179172
-0.167035
-0.143679
-0.004522
-0.366885
-0.428849
-1.234222
-0.058178
-0.022730
-0.084782
-0.371633
-0.105218
-2.190896
-0.388044
-0.351923
-0.580609
-3.330950
-0.910859
-1.429435
-0.004394
-0.040116
-0.014526
-0.166474
-0.862131
-0.493704
-0.337783
-0.031778
-0.190881
-2.714316
-0.126632
-0.052393
-1.482148
-0.865520
-1.738331
-0.832822
-0.927672
-0.035235
-0.440966
-0.298727
-2.067199
-0.253232
-0.466521
-0.008670
-1.506248
-0.429679
-0.351728
-0.215656
-0.372584
-1.357473
-1.324846
-0.247535
-0.689413
-0.075145
-0.860672
-0.256214
-1.557649
-0.068392
-0.404365
-0.153255
-0.874023
-1.868113
-0.147891
-0.019223
-0.487185
-0.197075
-0.759975
-0.636689
-0.681180
-0.674905
-1.650613
-0.308925
-0.748144
-1.074364
-0.145450
-1.768768
-0.476725
-0.224368
-0.471830
-0.041888
-0.256783
-2.327812
-0.039906
-1.554595
-1.026948
-0.202347
-1.651319
-0.402243
-0.093720
-0.724356
-0.073932
-0.181553
-0.293477
-0.129643
-0.236680
-0.252882
-0.370496
-1.424372
-0.006740
-0.450315
-0.886243
-0.016596
-0.047481
-0.350210
-0.743019
-0.461427
-0.919494
-0.105304
-1.593173
-0.068789
-0.758596
-0.138406
-0.508629
-0.417351
-0.021545
-2.325959
-1.266925
-0.177454
-0.095720
-0.015396
-0.896120
-0.091915
-0.750621
-0.110909
-0.348395
-0.105710
-0.689085
-0.212809
-0.876299
-0.595612
-1.464039
-0.132786
-0.755428
-2.347430
-0.071179
-1.210566
-0.705050
-0.468790
-0.026961
-0.001647
-0.237466
-1.103361
