-35.716356
-38.211475
-39.409108
-35.562669
-46.473968
-39.860016
-52.115265
-42.892090
-43.270525
-39.947819
-42.063250
-45.109032
-41.054484
-36.799253
-36.571014
-35.337122
-41.053425
-21.828263
-50.243894
-57.247789
-31.739532
-44.769831
-51.283858
-54.751878
-49.789240
-27.057500
-41.399199
-43.106461
-46.979051
-44.014981
-34.721946
-44.855905
-34.516107
-37.022091
-26.722553
-42.079088
-37.707367
-42.830237
-48.651390
-41.920687
-41.823834
-45.371231
-36.174268
-48.204189
-43.317513
-39.053887
-48.642690
-53.335878
-52.625817
-51.554465
-51.851974
-45.274949
-34.987989
-55.407218
-33.798820
-37.911975
-51.790442
-33.803010
-45.026175
-47.263240
-41.059755
-50.928040
-49.347128
-35.579668
-38.737118
-26.587014
-37.215566
-52.177920
-39.635759
-31.929853
-49.030166
-49.441134
-41.285214
-53.893063
-43.388064
-47.329334
-37.656406
-45.053542
-40.648136
-43.555384
-45.082074
-46.162141
-50.140272
-30.864816
-44.797717
-40.393766
-48.143718
-40.642294
-45.013676
-41.333192
-37.430892
-29.975057
-36.008855
-32.184031
-49.013807
-39.949847
-39.261874
-42.577954
-47.210085
-49.897237
-35.981722
-25.889391
-24.322211
-44.650271
-45.556107
-41.245097
-50.649229
-43.313863
-29.877823
-34.278251
-41.691883
-47.303262
-37.942584
-44.131636
-47.358421
-49.640704
-33.266742
-44.117054
-48.791563
-45.583675
-36.892076
-39.732753
-43.663686
-27.518281
-35.940749
-44.775064
-43.878570
-56.227768
-46.996591
-37.047801
-49.704213
-40.397060
-45.919274
-36.354755
-38.157417
-34.160269
-41.168895
-52.142159
-51.949539
-48.686664
-51.177062
-57.236184
-48.328827
-30.530794
-43.940368
-40.196612
-25.356175
-35.879743
-42.384733
-39.527908
-44.391276
-45.055397
-41.140665
-39.488909
-52.704935
-45.569694
-47.111141
-46.746989
-37.594099
-29.272562
-29.485377
-51.448033
-38.851765
-46.214641
-42.405711
-33.946526
-58.580102
-33.464646
-45.615332
-50.498664
-38.811710
-50.991936
-21.890059
-57.797435
-42.631040
-35.189307
-41.168625
-34.520731
-42.199799
-36.961261
-29.448397
-48.750051
-54.025560
-38.017910
-38.501482
-43.550409
-40.772402
-52.142541
-49.013106
-44.054011
-23.076292
-46.213068
-48.990298
-34.958765
-45.251286
-45.033766
-47.010879
-38.899628
-47.361409
-45.913443
-38.768662
-56.696390
-36.496936
-37.964959
-35.055078
-42.219966
-33.235499
-30.403594
-50.140398
-58.310527
-41.778057
-37.990780
-55.741230
-39.295428
-54.500161
-46.408094
-39.147737
-33.623167
-43.240494
-35.392898
-45.756942
-35.020761
-44.562305
-49.368004
-33.533490
-42.283486
-33.010645
-46.154439
-65.233250
-45.335842
-53.737516
-26.995262
-42.704960
-27.552715
-37.278986
-50.853897
-53.447957
-36.401375
-38.828361
-47.893276
-50.704337
-45.239685
-48.017457
-49.521318
-36.921386
-45.629473
-45.398572
-43.129444
-47.235952
-40.293869
-48.008226
-36.882217
-39.302502
-51.896046
-41.380178
-25.956892
-35.376154
-43.521383
-35.677467
-60.522826
-33.789504
-38.945088
-58.281525
-53.209244
-30.441502
-40.758245
-37.097155
-58.139798
-53.750826
-43.749484
-48.815219
-44.439083
-54.815864
-43.106587
-34.400391
-34.917933
-48.218331
-58.979420
-41.285055
-55.185044
-49.392433
-35.895493
-40.738312
-56.246189
-47.103362
-49.965211
-41.719523
-48.889095
-39.185108
-34.809279
-29.944495
-50.172971
-39.037967
-42.219944
-38.934323
-40.472215
-41.748514
-30.606364
-39.215786
-25.028522
-45.515080
-42.447444
-59.382441
-30.964985
-50.269077
-37.817620
-52.597516
-41.906602
-41.677450
-57.895654
-38.816044
-42.521603
-33.738854
-37.681280
-51.874307
-51.775940
-38.868279
-38.955905
-48.315534
-40.260928
-42.861898
-45.873659
-53.254332
-34.177602
-32.878439
-41.527158
-41.618484
-47.333760
-47.376695
-42.521476
-33.534701
-45.609186
-35.961157
-25.014402
-35.076743
-37.763823
-37.471763
-33.641903
-34.636905
-37.840075
-34.910575
-29.060393
-38.901173
-59.182288
-38.626633
-49.085080
-27.230493
-48.804184
-44.822847
-38.756361
-43.108921
-44.927397
-36.397342
-37.991500
-49.302002
-42.769531
-34.840832
-43.932448
-38.702085
-40.758863
-52.982431
-44.961248
-55.759336
-48.855370
-52.790854
-31.459526
-47.631712
-38.164999
-35.068063
-44.702875
-42.218984
-34.911827
-58.073661
-54.428448
-39.594814
-44.323601
-42.718012
-45.467237
-41.730902
-29.629261
-53.067759
-35.765825
-48.911786
-45.244747
-32.294824
-45.663569
-46.270505
-52.896279
-58.753054
-42.094395
-40.129619
-47.854650
-37.513080
-51.538309
-31.602451
-39.377799
-52.303622
-28.387739
-47.896250
-31.709604
-41.792837
-47.331378
-44.792396
-42.428736
-36.329430
-34.658303
-45.125315
-49.099302
-46.996812
-43.922946
-35.304504
-53.172718
-36.583512
-30.693020
-50.303258
-54.457917
-40.786636
-46.662033
-38.262657
-52.105119
-53.373783
-43.850861
-31.161355
-38.712043
-41.877609
-38.293138
-36.737754
-44.013436
-43.234503
-49.249415
-41.728397
-51.129657
-28.750974
-32.979395
-33.455730
-62.746871
-40.203241
-52.154966
-41.460936
-50.202819
-40.303156
-56.483905
-45.593179
-39.847171
-31.023238
-37.310566
-34.395056
-44.643033
-43.015282
-28.321569
-49.465252
-34.567736
-49.724791
-50.401908
-40.503777
-45.907979
-60.021874
-30.400664
-50.078842
-47.085306
-30.247307
-46.867412
-57.581529
-35.379503
-50.129104
-51.816421
-26.367406
-41.855027
-54.752479
-36.374026
-35.545798
-42.833741
-22.642968
-45.833318
-52.549693
-43.171186
-31.475830
-35.497430
-35.006555
-45.638832
-49.221686
-61.694631
-47.017849
-54.715600
-49.799817
-40.364788
-51.961522
-40.490936
-40.065094
-34.465810
-39.415154
-51.461189
-43.687563
-31.453656
-39.852855
-42.634490
-37.589637
-38.556382
-30.992372
-41.996250
-36.170605
-40.619610
-41.147380
-40.232698
-41.960807
-34.477118
-42.090766
-39.910584
-42.927407
-35.206483
-35.026221
-44.309164
-45.556036
-45.834298
-27.842548
-35.580629
-47.691927
-42.672085
-30.532837
-50.359280
-41.576430
-38.599869
-44.053183
-50.229152
-46.683561
-49.849396
-38.013928
-30.850917
-35.407014
-45.790496
-36.762979
-41.129858
-46.955604
-37.158296
-43.804065
-51.309073
-25.798980
-43.164496
-35.676085
-33.997297
-49.397869
-32.132759
-39.597197
-49.845938
-34.824125
-45.651594
-30.928176
-55.304254
-42.628969
-36.687549
-46.562718
-36.409659
-28.531720
-35.463814
-45.736381
-39.962019
-36.741727
-45.999989
-40.410570
-47.663099
-43.522264
-39.096635
-46.707742
-39.181446
-48.167190
-40.139698
-50.741725
-44.340689
-33.439475
-40.333230
-46.342377
-43.136912
-33.468695
-47.810695
-44.955198
-57.777979
-45.661475
-55.580921
-41.786621
-55.404584
-47.286767
-46.899610
-48.075918
-37.664099
-36.139265
-58.812415
-36.568271
-44.824371
-37.127215
-35.723111
-32.766218
-34.347399
-46.987188
-38.026632
-31.621185
-49.471776
-42.615090
-57.576715
-46.665775
-38.090150
-38.499454
-40.689552
-24.353347
-36.483077
-47.155637
-49.467728
-19.941505
-41.456559
-38.987776
-63.780680
-41.379027
-40.651453
-43.178287
-41.320090
-52.323803
-55.080841
-32.842350
-51.191232
-29.412794
-48.667440
-26.956077
-39.581374
-38.288685
-46.878259
-40.109133
-49.301003
-38.770166
-33.100456
-48.634732
-53.954029
-30.943336
-52.484550
-31.927757
-48.527479
-40.016702
-46.459795
-54.545323
-48.118449
-38.223454
-49.043585
-23.920885
-45.614480
-40.856867
-33.733795
-27.595658
-51.375592
-42.728253
-51.397629
-39.110633
-39.251549
-54.026640
-47.296085
-40.196640
-39.308916
-30.131702
-36.461236
-35.123216
-33.183460
-40.788244
-24.241632
-62.731328
-42.218619
-30.956172
-23.459262
-39.097588
-33.681747
-39.807045
-54.163792
-50.143556
-54.091273
-34.526735
-57.374798
-42.809141
-46.894179
-54.357265
-56.425437
-40.703858
-52.333004
-43.105291
-24.390248
-43.051467
-41.735517
-33.710029
-41.084968
-41.857979
-26.360385
-51.719134
-44.970532
-48.013522
-58.368759
-42.255988
-39.684754
-35.150123
-44.077087
-39.101791
-42.643875
-46.152730
-42.183032
-43.658389
-30.631753
-44.823064
-32.698756
-54.144044
-41.810304
-45.688000
-54.759840
-51.106299
-45.788424
-46.029077
-45.611998
-38.466626
-44.823086
-48.529889
-51.999157
-44.328754
-40.635727
-47.095849
-45.477144
-36.042291
-39.790258
-26.805700
-51.326414
-33.390859
-37.718730
-41.636025
-46.576570
-20.060667
-48.925389
-47.278775
-43.674219
-32.850216
-57.030619
-37.271285
-36.755597
-42.669908
-35.616888
-37.333902
-35.915325
-54.063043
-38.143813
-52.102221
-34.534746
-44.899762
-48.684344
-32.042232
-31.194565
-37.712336
-31.506279
-39.991423
-39.586273
-44.225070
-41.283637
-30.428417
-50.051410
-33.712829
-52.102826
-45.673474
-46.586683
-40.390230
-31.415154
-37.899664
-33.987041
-37.925776
-35.794194
-37.614127
-38.486432
-49.220768
-38.278931
-38.445919
-47.919562
-44.023212
-46.334870
-32.959565
-43.187843
-46.602369
-39.087947
-39.724607
-39.399107
-42.807205
-39.327111
-46.549612
-46.148337
-31.660382
-43.012946
-29.810789
-53.124518
-50.285803
-47.594608
-49.755653
-46.056707
-44.417319
-37.024017
-39.871166
-42.855562
-46.548258
-35.530498
-35.790316
-46.993627
-49.678804
-39.990070
-46.421476
-42.426219
-47.486264
-49.466631
-43.093273
-34.238782
-51.113596
-37.208053
-35.878338
-37.814107
-35.815755
-50.998276
-41.706121
-62.797893
-42.488999
-49.454332
-54.432437
-40.300349
-49.520322
-42.003163
-54.037878
-50.302922
-56.045956
-30.641679
-43.520876
-54.796893
-35.588147
-40.646066
-43.658131
-39.052532
-31.396451
-35.611717
-31.675599
-31.482277
-30.451579
-35.181100
-40.049666
-37.526319
-38.071640
-32.593065
-39.250754
-43.670406
-38.023070
-61.366736
-48.270652
-52.608324
-40.399721
-31.592620
-35.405677
-45.089853
-33.579283
-43.829846
-44.767242
-38.259238
-57.509439
-43.233687
-38.863267
-48.550244
-46.194080
-44.067549
-41.688706
-36.690566
-45.119853
-56.609196
-34.744996
-43.990832
-45.040587
-47.548108
-44.674391
-45.086139
-51.999238
-40.804173
-37.343944
-31.875645
-55.788449
-42.248940
-49.199363
-32.912062
-41.905965
-28.164433
-46.109499
-40.370065
-41.747076
-49.131211
-48.786191
-41.509623
-57.669683
-44.708728
-34.405145
-47.785005
-43.919798
-26.806944
-40.300646
-50.848917
-40.216819
-54.185202
-52.285099
-34.668918
-48.314354
-45.682758
-34.768007
-38.907092
-46.976857
-46.644449
-42.393016
-47.314483
-46.697084
-40.430713
-45.694249
-46.329783
-48.351086
-45.648043
-35.198469
-36.171310
-42.604961
-38.964204
-43.227729
-33.225964
-46.259724
-29.595052
-35.345674
-39.504985
-47.883248
-55.887830
-41.137092
-44.430875
-36.535865
-44.009215
-46.579744
-37.515971
-35.573226
-45.049679
-38.058762
-51.948668
-45.374470
-36.579191
-38.035511
-44.044295
-48.780888
-38.013962
-55.008665
-43.008668
-41.883533
-38.334398
-57.640669
-39.227483
-39.260993
-41.221498
-50.427147
-39.417812
-40.942743
-52.659281
-46.182760
-53.239960
-38.658686
-47.196445
-40.750360
-45.301277
-25.013124
-52.738231
-46.386234
-45.095296
-30.209043
-28.940526
-38.980066
-36.368542
-45.067576
-59.799825
-42.248200
-42.106207
-41.545808
-40.952608
-50.323653
-41.043205
-53.518740
-40.546014
-44.151170
-41.241556
-38.056232
-48.807043
-31.369153
-47.627239
-45.367296
-39.428109
-32.076169
-39.757377
-33.769448
-48.383001
-48.952938
-42.912749
-46.215730
-48.988380
-45.960067
-44.131142
-48.290311
-45.742708
-45.825727
-47.237236
-46.628023
-25.878226
-41.962420
-39.408598
-38.309569
-48.787902
-33.003563
-48.131228
-39.512992
-38.661633
-42.808478
-50.538053
-39.693312
-39.197104
-55.070169
-38.690871
-50.588630
-38.676188
-54.594865
-33.412684
-46.117501
-55.157212
-24.808828
-44.675406
-25.700557
-46.473696
-39.368101
-37.959106
-59.924018
-33.744833
-42.118200
-34.431805
-44.273865
-37.629476
-44.299101
-46.646178
-34.742980
-34.739864
-50.951190
-36.066057
-46.299548
-45.461088
-45.004849
-40.814399
-47.720151
-45.923973
-36.893841
-34.248366
-37.013727
-49.997644
-40.774347
-40.956413
-32.119378
-38.422335
-33.725798
-45.463075
-45.455874
-36.670830
-51.179749
-54.529671
-45.778989
-48.361267
-24.736011
-40.093194
-43.939653
-38.821798
-43.985966
-40.661099
-45.001442
-40.394591
-44.538876
-33.652339
-45.269535
-42.835395
-26.772667
-48.631006
-53.077279
-49.589106
-49.372264
-41.679588
-58.165816
-35.114871
-31.479865
-53.290122
-38.872816
-42.976385
-34.482548
-39.848776
-60.371611
-40.984168
-35.144627
-35.493498
-46.939750
-43.727194
-36.375505
-41.671230
-34.638433
-49.787981
-34.901901
-26.342291
-40.482806
-50.522890
-35.439403
-39.640693
-51.314246
-47.216647
-28.658418
-46.959924
-46.982408
-33.800505
-30.545919
-49.671337
-44.289406
-31.888087
-42.458228
-52.080817
-45.135658
-43.209084
-48.618293
-42.147084
-36.982439
-47.973133
-25.878128
-41.281609
-48.024753
-30.083528
-55.219033
-48.321705
-36.056223
-47.523291
-37.200797
-38.952183
