-2.984573
-0.795337
-2.190915
-0.773504
-3.985910
-9.522591
-5.295790
-6.301098
-3.202982
-6.147378
-0.908462
-0.553754
-0.791555
-3.351859
-6.594080
-4.197341
-11.754551
-2.978008
-1.195086
-0.606205
-1.010538
-9.062877
-1.629202
-6.804437
-6.879669
-2.007430
-0.489586
-2.932367
-1.151436
-0.360689
-0.818863
-0.334506
-4.544339
-1.264217
-7.446939
-0.045257
-1.041356
-3.487009
-2.952835
-0.673935
-0.201097
-1.961497
-1.104340
-3.345694
-10.263205
-1.140977
-0.900102
-3.446718
-0.406159
-0.675586
-6.300007
-5.217517
-3.396219
-1.693927
-2.351744
-4.478134
-3.875758
-3.107921
-5.019707
-3.967368
-3.955243
-4.978654
-12.917541
-2.309737
-5.084622
-4.675316
-3.210383
-4.429459
-3.820878
-2.400299
-0.284221
-1.124608
-0.090859
-3.460280
-2.731008
-0.587910
-1.612896
-0.287507
-2.184957
-0.220216
-0.620584
-0.041071
-3.093731
-6.467341
-0.148489
-0.316494
-0.900872
-4.125251
-5.517453
-0.428627
-6.590127
-7.188887
-3.583604
-2.693985
-0.200028
-4.253365
-2.377648
-7.988891
-1.003537
-2.689508
-5.290216
-2.705197
-0.031366
-1.951044
-7.823558
-0.197518
-3.082043
-7.125191
-4.543049
-3.463819
-0.868611
-1.648586
-2.938985
-5.139494
-3.025545
-3.097170
-0.565793
-0.039533
-0.652687
-0.468726
-0.614768
-1.035880
-1.843263
-2.125730
-4.705693
-1.713720
-3.514843
-1.798697
-0.787929
-4.855063
-0.320610
-2.000202
-3.166238
-4.540147
-2.468791
-2.181907
-1.004503
-0.532301
-0.357688
-2.140959
-1.622654
-1.073054
-0.327207
-1.785985
-2.541325
-9.293364
-3.937780
-2.156844
-0.730246
-0.850963
-16.037094
-1.035683
-1.477180
-0.286662
-8.015857
-0.811859
-0.253738
-2.254309
-2.178298
-2.141563
-7.542142
-2.022637
-1.490784
-0.937018
-0.461075
-4.845204
-1.797911
-2.287107
-3.804529
-0.439738
-2.788318
-3.169661
-1.084826
-0.386317
-1.571933
-0.445327
-2.845838
-0.160976
-0.712193
-1.791802
-0.598698
-4.091410
-12.577448
-2.810378
-2.669788
-3.274334
-0.666284
-5.805029
-5.774255
-4.504116
-1.259805
-4.508849
-4.128026
-3.374769
-0.055421
-1.656404
-2.283228
-1.041607
-4.640006
-2.378066
-0.522827
-0.525576
-5.401598
-0.755031
-2.603884
-3.074212
-1.743257
-5.544563
-2.092336
-5.205364
-0.649834
-2.184980
-1.593754
-0.046608
-2.842565
-3.415770
-13.365792
-0.554871
-6.384154
-3.326281
-0.762040
-1.542735
-8.465799
-3.278832
-1.125915
-0.215344
-0.124102
-0.497556
-0.257698
-1.706443
-7.068188
-0.814281
-3.908854
-1.079868
-2.616030
-0.472872
-1.453563
-5.485113
-1.093665
-1.054631
-2.618089
-0.012964
-0.114685
-7.688493
-4.474495
-1.232417
-7.039856
-0.632881
-5.260231
-0.874343
-3.507412
-1.282664
-3.482047
-6.882349
-6.226903
-0.307837
-1.920669
-6.135965
-1.472843
-7.410931
-3.115018
-0.291312
-0.244639
-5.470330
-0.005080
-1.004812
-0.082519
-3.953226
-1.874867
-4.050886
-5.336344
-4.806493
-3.079459
-2.806508
-1.252321
-2.186701
-2.015755
-2.644579
-9.036296
-2.580581
-6.475119
-0.398309
-0.455427
-0.062998
-2.508407
-4.402738
-0.808949
-3.611552
-2.300257
-5.329739
-2.963934
-0.350585
-2.172183
-5.179057
-2.155921
-0.371924
-0.479908
-5.148674
-0.061495
-3.495458
-2.316330
-2.292503
-2.139375
-7.151599
-4.381739
-4.410933
-4.875097
-0.125702
-0.268079
-3.228082
-0.454390
-0.377163
-0.117235
-1.480358
-3.104656
-1.529916
-2.834633
-5.742662
-3.015424
-4.348643
-7.591547
-4.415534
-0.771053
-3.692574
-5.034546
-5.643105
-4.628919
-8.734644
-1.320272
-0.430307
-2.315909
-0.782063
-3.718689
-1.627887
-3.080327
-5.207261
-2.224021
-11.318401
-0.915696
-1.065362
-2.743381
-0.134645
-3.202097
-2.797010
-2.924779
-3.049314
-0.529507
-1.480185
-0.897849
-1.469303
-2.634975
-5.314643
-1.423322
-0.238194
-0.086502
-1.832405
-1.911227
-0.319109
-6.438207
-3.740073
-6.999588
-8.972770
-0.912880
-1.903409
-0.819664
-2.170773
-0.639426
-7.636695
-1.340814
-2.168807
-1.973081
-9.117781
-6.392336
-2.363661
-12.347174
-9.492159
-9.336646
-0.332085
-3.825825
-5.575583
-0.841127
-8.469669
-0.010665
-8.447482
-3.115502
-2.518861
-6.500536
-4.202629
-0.056609
-5.555842
-7.645517
-6.620090
-2.676815
-2.327899
-2.248391
-3.068356
-1.468871
-1.166150
-0.361082
-2.270595
-1.601123
-1.606942
-1.981363
-1.571109
-1.368132
-0.111336
-10.126115
-1.637438
-9.221873
-0.766625
-0.069596
-3.111282
-1.234430
-1.927002
-0.270567
-3.643977
-1.186999
-4.148444
-4.667282
-3.460678
-0.713948
-0.366246
-2.518344
-3.716094
