-0.232699
-0.925877
-0.002000
-0.179347
-0.565270
-0.298287
-0.168137
-0.136496
-0.235165
-0.180725
-0.337753
-0.750306
-0.776508
-0.410355
-1.058016
-0.041897
-0.434523
-0.456947
-0.415498
-0.091683
-0.269675
-0.357699
-0.696345
-0.177548
-0.527809
-0.333951
-0.103447
-0.319460
-0.338369
-0.056512
-0.091398
-1.144606
-0.216497
-0.267164
-0.767175
-0.616722
-0.460809
-1.412617
-0.532329
-1.505938
-0.070240
-1.004752
-0.311303
-0.925866
-0.019246
-0.309333
-0.159822
-0.548741
-0.000046
-0.446950
-0.466817
-1.168198
-2.748229
-0.531092
-0.151705
-0.335934
-0.275344
-0.667627
-0.050741
-1.205548
-1.108684
-0.596167
-0.580835
-0.401612
-0.541941
-0.074154
-0.323030
-0.070252
-0.082686
-0.198843
-0.318829
-0.265533
-1.892274
-0.044906
-0.238819
-1.102630
-0.049475
-0.895591
-0.273810
-0.018159
-0.125908
-0.593325
-0.235091
-0.874812
-0.161920
-0.225820
-0.016203
-0.139053
-0.465135
-0.005587
-0.030736
-0.079132
-0.047487
-0.079666
-1.189136
-0.473841
-0.124157
-0.018060
-0.198386
-0.042760
-0.391931
-0.055353
-0.167875
-0.005120
-0.079001
-0.871525
-0.215191
-0.654332
-0.006962
-0.238407
-0.232113
-1.047757
-0.074943
-0.114755
-0.022642
-1.615062
-0.413859
-0.086926
-0.007890
-0.891993
-0.202439
-1.212008
-0.093738
-0.069201
-0.084906
-0.379408
-0.481795
-0.006198
-0.354374
-0.248682
-0.185813
-0.169264
-0.236807
-0.190068
-0.046739
-0.753468
-0.147760
-0.238997
-1.427981
-1.305956
-1.159612
-0.019812
-0.737805
-0.140809
-0.012537
-0.004149
-0.258500
-0.129518
-0.212501
-0.126037
-0.365804
-0.252030
-0.032988
-0.974844
-0.042543
-0.089383
-0.081430
-0.153404
-0.040451
-0.037025
-0.078105
-0.206555
-0.034420
-0.460826
-0.153413
-0.016882
-0.109968
-0.100822
-0.301035
-0.056908
-1.436671
-0.050550
-1.376581
-0.110759
-1.224757
-0.413305
-0.000241
-0.216350
-0.165213
-0.037750
-0.215993
-0.728406
-0.786055
-0.822659
-0.693511
-0.439295
-0.157607
-1.596378
-0.275389
-0.922649
-1.029693
-0.263686
-1.947105
-0.374685
-0.223538
-0.292992
-0.013787
-0.662081
-0.010790
-0.926519
-0.329891
-0.271362
-0.012367
-0.315028
-0.604299
-1.398374
-0.098237
-0.048497
-0.024906
-0.457610
-0.191382
-0.412484
-0.142508
-0.736510
-0.067412
-0.246044
-0.029697
-0.086736
-0.474568
-0.329163
-0.340659
-0.018077
-0.486863
-0.633457
-0.461913
-0.233228
-0.413827
-0.391787
-0.092424
-0.271569
-0.606419
-0.330044
-0.216798
-0.788002
-0.726749
-0.037117
-0.113553
-0.428574
-0.885533
-0.871397
-0.635700
-0.750566
-0.227025
-0.004430
-0.442418
-1.138096
-0.814530
-0.436224
-0.306978
-2.098000
-0.017771
-0.013257
-0.315661
-0.108216
-0.218674
-0.467533
-0.016933
-0.224507
-0.954718
-0.056902
-0.107079
-0.294864
-0.835540
-0.295795
-1.055442
-1.043341
-0.470962
-0.446027
-0.105509
-0.762799
-0.167653
-0.745379
-0.034692
-0.284994
-0.158243
-0.058872
-0.147333
-0.059860
-0.059992
-1.801561
-1.148934
-0.005440
-0.072985
-0.759155
-0.132864
-1.302466
-0.074685
-2.046337
-0.004711
-1.454266
-0.736675
-0.573107
-0.347439
-0.355921
-0.147456
-0.044577
-0.467279
-1.559833
-0.043886
-0.095694
-0.005846
-1.272248
-0.904017
-0.411091
-0.384611
-0.004141
-0.520840
-0.455977
-1.396243
-0.348219
-0.823488
-0.113093
-0.084178
-0.887814
-0.214011
-1.650238
-0.302299
-0.159564
-0.031020
-0.045133
-0.026667
-0.345984
-0.195300
-0.110916
-0.065912
-0.017830
-0.319032
-2.003647
-0.030740
-0.370755
-0.567383
-1.018697
-0.023660
-0.138520
-0.072166
-0.212827
-1.649633
-0.171224
-0.053765
-0.568837
-0.074585
-0.065030
-0.022091
-0.219983
-1.295498
-0.131466
-0.390644
-0.204227
-0.033443
-0.672408
-0.004247
-0.052607
-0.548055
-0.149906
-0.066937
-0.484087
-0.389302
-0.758791
-0.196306
-0.962906
-0.476710
-2.419121
-0.324993
-1.008728
-0.160022
-0.163794
-0.135423
-0.305629
-0.096498
-0.401604
-0.600398
-0.215989
-1.462135
-0.352365
-0.183297
-0.110545
-0.861483
-0.577128
-0.194501
-0.113770
-0.012281
-0.827704
-0.674564
-0.153795
-0.012106
-0.044859
-0.213052
-0.019955
-0.082655
-0.501608
-0.046431
-0.059104
-0.224926
-0.964931
-0.367695
-0.026575
-0.413187
-0.496880
-0.606743
-0.811837
-0.078888
-0.000982
-0.274624
-0.059283
-0.028007
-0.044066
-0.049405
-0.231868
-1.197373
-0.109477
-0.379603
-0.145740
-0.017732
-2.124110
-0.607098
-0.870440
-0.166079
-0.028441
-0.362194
-0.041544
-0.162239
-0.178499
-0.683909
-0.422376
-0.596931
-0.896897
-0.019038
-0.511115
-0.074069
-0.860578
-0.205397
-0.030462
-0.118207
-0.459036
-0.449186
-0.728253
-0.239026
-0.580300
-1.758979
-0.115942
-0.319471
-0.018407
-0.010021
-0.243725
-0.246828
-0.391886
-0.105261
-0.226928
-0.098571
-1.100332
-0.281881
-0.472892
-0.219686
-0.130699
-0.005078
-0.179787
-0.127784
-0.002428
-0.222771
-0.432094
-1.152911
-0.006140
-0.334418
-0.091884
-0.272837
-0.031433
-0.088282
-0.330722
-0.112987
-0.021820
-0.033352
-1.022371
-0.277641
-0.006232
-1.446530
-0.222269
-0.470883
-0.020130
-1.563839
-0.374726
-0.908067
-0.273977
-0.107068
-0.104478
-0.327434
-0.310536
-0.081377
-1.067058
-0.181783
-0.169014
-1.060644
-1.354466
-0.173083
-0.112372
-0.006638
-0.633929
-0.121253
-0.120317
-0.067834
-0.398554
-0.287599
-2.162635
-0.435221
-0.122344
-0.714054
-0.207630
-1.554054
-0.514779
-0.015965
-0.209076
-0.977528
-0.515121
-0.091625
-0.155453
-0.362129
-0.322287
-0.112599
-0.248891
-0.081399
-0.102336
-1.199003
-0.319012
-0.640331
-1.050039
-0.075453
-0.016592
-0.762136
-0.561033
-0.566335
-0.352007
-0.080535
-0.109569
-0.142193
-0.548633
-0.649914
-0.347497
-0.383550
-0.000774
-0.115098
-0.113327
-0.128641
-0.120400
-0.489246
-0.195591
-0.260754
-0.525316
-0.001081
-0.195741
-3.382680
-0.375236
-0.073404
-0.413527
-0.719638
-1.064927
-0.010507
-0.032317
-1.733068
-0.765979
-0.178629
-0.126740
-1.050039
-0.216549
-0.113462
-1.354555
-0.015456
-0.709272
-0.936343
-0.322601
-0.027577
-0.069337
-0.295737
-0.598036
-0.001304
-0.050878
-0.918427
-0.078142
-0.425136
-0.244739
-1.790625
-0.334238
-0.334088
-0.075766
-0.285079
-0.055845
-0.450682
-0.318897
-0.076676
-1.295718
-0.030541
-0.635292
-0.196340
-0.028389
-0.583674
-0.141506
-1.177760
-0.125970
-0.003941
-0.197083
-0.036442
-0.126778
-0.374007
-0.617297
-0.007061
-2.576105
-1.000784
-0.078802
-0.263756
-2.205463
-0.101427
-0.124849
-0.588006
-0.062169
-0.042876
-0.572606
-0.115494
-0.013939
-0.127422
-0.422612
-0.433271
-0.170702
-0.434894
-0.117735
-0.003228
-0.327761
-0.903828
-0.013415
-0.032218
-0.079624
-0.872204
-0.194880
-1.013600
-0.065332
-0.467024
-0.593539
-1.174963
-0.029184
-0.624903
-0.105029
-0.658404
-0.301246
-0.713380
-1.017448
-1.659594
-0.303293
-0.118059
-0.123192
-0.119881
-0.524725
-0.008043
-0.612930
-0.431528
-0.007307
-0.140340
-1.010420
-0.498365
-0.170706
-0.228016
-0.020135
-0.351154
-0.399513
-1.732547
-0.855004
-0.222200
-0.118527
-1.249407
-0.364273
-0.801025
-0.230830
-0.126397
-0.233616
-0.646832
-0.209439
-0.215229
-0.001929
-0.028568
-0.505121
-0.936387
-0.185114
-0.501284
-0.179447
-0.144597
-0.269868
-0.258162
-0.085860
-0.167334
-0.197711
-0.127339
-0.004331
-0.510716
-0.005481
-0.074514
-0.292584
-0.250669
-1.263751
-0.042470
-0.593418
-0.217170
-0.292092
-0.061751
-0.114082
-0.254023
-0.282516
-0.200518
-0.500486
-0.202246
-0.238341
-0.022948
-0.029224
-0.692860
-0.561399
-0.121331
-0.596602
-2.296229
-0.131239
-0.170865
-0.211572
-0.269493
-0.568332
-0.004193
-0.012263
-0.891892
-0.007296
-0.730654
-1.343062
-0.255257
-0.006698
-0.001894
-0.430504
-0.711564
-0.771849
-0.035308
-0.124452
-0.347652
-0.233718
-0.069816
-1.705304
-0.572603
-0.617126
-0.276658
-0.102793
-0.023286
-0.026959
-0.807015
-2.170244
-0.400302
-0.183472
-0.083871
-0.418392
-0.551192
-0.951464
-0.068944
-0.394582
-0.264554
-0.384336
-1.061317
-1.046244
-0.012496
-0.012526
-0.108325
-0.442465
-0.138223
-0.166483
-0.152912
-0.428248
-0.402106
-0.803719
-0.926952
