-54.336081
-53.719979
-56.860937
-65.099330
-49.454502
-53.219106
-60.768897
-63.423742
-58.190809
-29.986194
-75.682862
-79.107093
-46.356689
-52.551937
-59.800807
-56.340649
-51.361233
-54.276719
-56.539970
-57.274481
-65.700101
-58.833860
-53.386064
-60.965100
-66.323455
-61.114210
-51.556576
-52.198259
-56.144628
-74.413668
-59.058419
-61.149739
-62.702058
-54.576238
-58.250900
-40.440435
-48.688555
-56.436744
-63.765741
-28.713981
-52.736431
-61.038589
-77.110431
-72.877705
-60.150026
-46.478114
-48.968398
-39.245142
-64.670545
-33.533861
-44.175333
-39.833234
-50.837702
-50.674319
-62.305619
-54.415190
-69.176417
-65.518728
-54.092210
-37.896336
-66.904074
-68.990584
-71.198824
-56.135562
-36.515937
-40.220482
-52.058869
-44.165516
-52.746600
-57.776557
-42.304058
-64.658213
-62.965611
-58.232222
-34.731773
-35.401220
-72.792786
-32.057440
-66.748883
-58.712078
-59.094773
-47.484338
-43.220484
-61.892064
-36.651789
-70.725829
-74.351062
-41.762228
-64.993217
-66.417627
-64.651882
-71.189790
-58.901561
-37.818266
-38.815278
-51.235286
-43.662771
-44.300139
-54.711579
-66.050253
-64.033398
-59.940865
-56.050701
-57.930753
-49.237155
-63.549534
-61.091543
-58.840513
-72.912900
-44.177896
-39.161924
-58.275052
-42.018365
-68.885585
-70.269426
-53.800971
-53.988097
-56.661601
-69.010059
-37.012711
-68.526678
-60.507836
-48.986129
-66.400502
-54.401267
-46.472624
-43.107484
-53.292214
-55.129378
-50.641982
-62.650301
-61.401627
-62.602428
-40.122395
-72.994703
-42.614741
-31.837426
-55.742334
-53.911055
-56.714388
-47.619369
-49.155355
-47.884600
-37.963344
-45.991742
-69.831912
-54.393867
-36.736235
-49.333030
-77.506163
-24.298874
-54.736364
-54.121247
-45.254660
-62.765303
-42.731146
-67.324954
-52.552444
-77.689146
-52.766548
-42.015265
-60.212557
-33.041235
-64.053523
-48.827362
-47.018629
-75.541038
-46.473530
-33.667301
-61.893830
-60.797523
-36.256335
-70.694932
-64.382376
-59.087355
-56.518991
-63.704479
-59.710188
-32.723009
-46.013511
-52.656420
-53.322252
-61.032524
-58.720862
-49.702114
-50.049977
-56.309922
-40.964653
-64.502265
-65.116210
-65.610036
-48.415428
-64.621614
-56.464942
-49.611646
-45.493391
-51.123513
-66.406046
-48.206799
-56.121548
-56.258099
-30.049369
-62.890345
-51.636708
-49.837156
-73.562087
-64.627251
-44.992987
-60.789995
-41.101847
-75.767770
-42.776984
-53.996438
-26.371131
-59.657057
-44.973927
-80.477554
-61.879262
-36.548196
-64.450180
-67.404024
-45.523006
-61.971696
-55.834179
-52.120917
-56.836074
-57.328465
-59.065149
-61.890171
-63.869503
-49.641346
-56.432207
-61.966856
-37.480985
-31.923852
-54.148405
-53.514569
-50.516090
-34.197560
-60.021597
-62.032051
-71.941634
-38.245270
-56.673645
-46.064746
-58.362400
-63.120906
-58.009716
-45.567959
-56.567806
-54.679216
-43.028304
-45.392972
-61.405845
-70.626210
-62.744085
-44.425017
-63.336085
-43.227410
-35.628179
-55.693954
-37.397497
-45.642429
-38.445420
-58.582360
-56.196347
-46.341224
-58.621415
-53.448302
-61.529828
-29.086896
-65.902782
-57.145449
-60.846967
-68.752663
-41.010784
-56.058614
-35.438933
-56.267724
-58.232452
-57.776570
-55.992524
-71.332745
-74.855553
-48.362328
-73.029692
-55.763945
-53.393096
-77.596746
-31.388597
-42.133749
-58.066453
-56.729671
-41.029088
-52.384570
-36.020465
-50.871306
-28.361909
-54.860399
-45.742257
-59.974862
-42.812481
-51.068296
-55.641584
-46.181295
-60.995285
-36.497983
-50.320570
-53.715934
-63.092884
-49.376236
-52.453929
-51.797311
-46.733562
-67.253336
-55.860493
-60.839199
-44.823596
-49.701117
-71.557325
-61.424417
-61.058652
-65.768621
-37.047378
-46.384549
-35.844690
-27.319976
-63.736448
-56.738351
-42.016681
-35.166526
-53.539154
-64.615238
-39.186833
-53.459889
-56.412737
-46.872506
-48.784542
-69.056761
-70.452390
-60.459579
-62.762707
-49.194326
-72.573606
-41.936394
-53.227793
-91.395455
-43.720594
-60.836669
-73.112133
-57.728096
-48.501332
-39.278471
-64.229325
-34.426301
-58.694672
-33.699206
-50.184837
-62.480102
-52.112192
-50.385659
-56.808187
-57.517474
-52.005559
-50.105564
-60.958969
-59.866330
-60.691630
-46.942010
-66.462028
-49.863587
-58.635797
-34.312870
-43.511190
-51.968520
-55.983241
-62.025402
-65.865817
-41.133673
-45.118442
-63.846117
-44.397093
-59.438549
-48.268276
-39.876261
-66.615960
-55.172665
-58.786946
-53.300811
-57.745728
-47.128240
-50.126401
-45.393625
-56.380556
-45.131947
-71.068357
-74.881362
-47.391666
-66.993925
-65.591185
-44.396627
-51.596950
-57.060641
-46.259580
-65.684042
-31.194270
-53.760238
-70.576455
-50.428122
-54.731904
-48.372279
-69.768941
-57.844815
-54.957288
-38.136673
-79.537436
-48.280331
-68.747979
-43.512142
-60.103219
-48.017983
-37.760015
-38.562284
-59.431549
-46.510200
-43.158544
-74.123755
-47.107701
-54.048308
-67.524614
-67.880575
-32.674015
-62.846698
-43.147688
-56.171547
-64.130098
-48.442261
-54.622654
-49.603366
-56.423233
-64.977755
-38.242778
-62.660364
-49.200395
-65.738153
-54.639048
-47.186375
-36.744593
-51.616717
-56.369482
-52.389128
-56.659222
-41.320915
-75.742141
-60.128433
-56.874333
-62.793099
-71.169795
-56.629703
-44.168115
-37.962213
-62.286364
-43.931318
-46.914774
-45.814747
-43.328025
-49.396370
-50.662366
-65.232262
-41.751142
-50.564815
-47.456593
-61.520641
-46.311386
-52.360378
-53.497813
-37.057552
-64.100582
-51.934836
-36.540491
-56.003204
-56.242008
-44.242722
-46.835320
-56.858453
-50.248013
-44.441922
-31.014599
-39.144835
-78.453710
-55.744468
-52.779806
-48.038436
-44.930259
-38.894399
-59.547233
-66.126521
-52.565003
-66.349190
-48.028939
-31.445707
-62.704131
-62.756400
-54.540247
-64.835990
-71.329694
-63.627139
-62.424868
-55.737288
-52.156360
-72.863493
-57.757729
-51.689315
-61.314890
-53.743814
-56.086322
-51.252004
-64.149895
-55.636516
-59.142392
-56.880894
-58.065986
-77.871702
-32.546886
-42.606298
-50.450341
-66.220280
-60.501075
-55.311399
-65.884278
-67.680672
-61.838345
-51.212352
-64.529421
-37.922128
-55.723974
-44.523222
-42.727907
-67.390137
-56.130285
-56.138323
-71.121820
-60.522439
-38.881092
-60.206030
-54.549176
-47.706586
-51.452358
-85.086053
-48.282912
-72.914455
-35.584287
-58.990012
-39.799878
-69.234476
-67.140793
-59.672633
-46.566994
-41.736252
-59.611693
-49.485959
-34.507239
-41.860697
-63.674598
-82.329339
-62.021675
-31.820301
-60.843692
-49.525277
-40.095172
-52.827310
-45.635106
-69.524652
-52.351749
-53.302490
-63.150023
-56.946467
-35.165637
-52.788127
-39.987884
-63.458493
-75.675878
-37.866239
-66.582774
-58.441343
-39.564336
-46.395160
-65.275985
-56.082424
-57.407994
-61.956337
-50.301501
-43.626552
-79.927563
-65.830147
-56.546913
-41.664264
-65.402139
-40.840098
-72.878313
-82.370404
-66.442809
-51.903478
-55.552802
-42.998240
-47.275562
-74.536264
-70.751479
-44.382854
-65.324971
-55.265387
-55.555910
-47.867288
-55.592272
-57.697374
-64.466866
-58.573684
-49.681306
-55.040420
-58.213886
-56.589589
-56.527530
-58.546321
-44.336058
-56.139968
-57.892114
-54.039639
-40.830039
-40.782459
-41.740273
-48.664897
-42.798620
-47.580240
-54.072078
-53.423884
-58.521506
-54.997431
-54.891270
-75.361345
-44.489781
-54.371756
-45.641104
-45.166500
-50.014111
-42.727915
-48.722012
-54.813838
-51.022786
-45.232956
-40.203625
-54.602243
-38.383923
-45.263150
-49.967899
-51.559271
-43.237145
-51.836250
-63.619260
-59.335983
-58.366548
-70.046524
-34.629361
-60.687328
-60.708166
-40.996506
-57.035372
-53.811256
-51.655154
-60.142263
-75.238111
-45.333604
-32.615942
-52.463067
-62.418695
-59.190039
-65.317838
-62.293953
-47.442339
-53.039002
-41.774871
-72.668402
-41.432886
-48.664211
-62.807710
-51.369540
-63.047382
-52.212741
-53.111232
-40.164366
-55.544935
-61.713170
-63.592983
-45.118559
-45.820605
-72.528289
-57.814895
-68.947718
-57.149454
-60.745503
-36.626381
-54.357074
-49.276434
-55.963880
-63.278533
-39.047111
-59.631698
-53.685759
-52.342875
-55.889389
-42.838775
-51.513208
-67.855012
-71.305940
-71.752538
-48.843338
-80.167767
-64.694156
-59.101302
-55.687103
-40.143781
-52.147442
-47.975509
-52.700311
-44.823319
-64.451909
-51.256363
-57.704986
-53.028891
-30.682682
-54.154721
-68.695239
-71.171700
-43.709583
-69.736304
-56.209729
-54.619587
-70.393946
-45.130743
-74.552531
-57.475217
-78.557687
-61.632333
-63.398752
-63.455006
-58.968216
-31.360969
-61.923341
-49.799265
-54.246723
-47.780226
-59.427811
