-17.235823
-10.924657
-13.411821
-30.643524
-27.867778
-13.685490
-1.506138
-11.678909
-3.442469
-11.449675
-3.024244
-1.528183
-12.981983
-23.629787
-14.364006
-8.792119
-10.056707
-13.447851
-11.227345
-8.376896
-24.396447
-0.112798
-13.732639
-7.281643
-11.069622
-29.550564
-5.003929
-15.796804
-8.858524
-8.136334
-20.913600
-16.300466
-17.234667
-18.288964
-12.599143
-2.322981
-1.075992
-18.407235
-18.499393
-15.697395
-13.168545
-11.835619
-1.814215
-21.728333
-22.890579
-3.608551
-1.184768
-25.136378
-17.820357
-9.781747
-9.792435
-7.715911
-4.718455
-19.187662
-1.060926
-16.069275
-4.480843
-12.792200
-5.744102
-19.091094
-19.512073
-20.289090
-14.452566
-9.007791
-1.972028
-22.916798
-2.656618
-13.167581
-10.371797
-2.638972
-15.560998
-10.197638
-3.908697
-13.350047
-0.889814
-12.025503
-15.618465
-20.719268
-7.987984
-23.093275
-24.726076
-3.091406
-9.266304
-12.844498
-7.249241
-12.363105
-13.689812
-4.106695
-18.138661
-10.631691
-8.422410
-9.294171
-6.993995
-15.730450
-21.145567
-15.243131
-3.772082
-3.099405
-21.736401
-23.498107
-20.656768
-2.435616
-9.585638
-16.202588
-11.186412
-25.726647
-13.256408
-10.584138
-5.132859
-12.294043
-7.616742
-2.727346
-13.890102
-13.087683
-9.514464
-12.559192
-12.507850
-0.919740
-1.797514
-13.275527
-19.307968
-21.930577
-17.248770
-19.677495
-24.629790
-9.558850
-11.049924
-12.367550
-11.372617
-8.506506
-2.500356
-16.540459
-19.043134
-22.772937
-14.563544
-5.672907
-10.085697
-23.653532
-5.938358
-15.355346
-5.778205
-3.943393
-9.634630
-6.912626
-17.781013
-11.544445
-12.746197
-12.172654
-17.976585
-15.827745
-11.835249
-11.580589
-14.690397
-6.105491
-9.095190
-14.648098
-13.212917
-1.778565
-9.043961
-9.687829
-1.731305
-7.448332
-5.849384
-3.979971
-9.754950
-10.848502
-20.230328
-11.957151
-18.684987
-21.882606
-21.694735
-19.815962
-13.215136
-15.651848
-21.163531
-18.302990
-14.037036
-9.464670
-3.205229
-14.626776
-20.581049
-18.470037
-10.022983
-18.278866
-9.364191
-15.313991
-10.652839
-9.071649
-25.543192
-21.264369
-22.492484
-1.212748
-3.735508
-5.139685
-19.078185
-14.504812
-8.304275
-21.647807
-6.833938
-16.372462
-7.490335
-5.278490
-10.165772
-16.782089
-4.113786
-6.671778
-4.323800
-2.145953
-18.418225
-7.857481
-11.336456
-1.364307
-15.684484
-20.203198
-28.761340
-24.474603
-19.829981
-8.129241
-11.184778
-13.927793
-6.876415
-21.769324
-16.072417
-0.641862
-13.032934
-25.406355
-9.207087
-16.139340
-5.089716
-5.629737
-15.036651
-22.091113
-23.279871
-7.292911
-8.045604
-6.780670
-13.419509
-20.765016
-6.609140
-20.765700
-14.054930
-21.797973
-9.468197
-14.193406
-12.768037
-3.814522
-18.846554
-24.111929
-20.304143
-13.538359
-16.990747
-13.939250
-6.073334
-10.754586
-23.596033
-4.525068
-8.019893
-17.809026
-15.486260
-1.516938
-3.466965
-21.772968
-4.964437
-15.207933
-15.165586
-14.340115
-17.439758
-4.181821
-19.453976
-14.215325
-20.244932
-19.904010
-3.955789
-16.711489
-10.620790
-3.837593
-19.174025
-12.764669
-17.258833
-1.167177
-11.683338
-7.650644
-15.335645
-13.944885
-13.898502
-16.810981
-16.027917
-13.433923
-22.055570
-19.682983
-5.805368
-18.592526
-9.766461
-14.521196
-9.190904
-25.828711
-12.557711
-4.576486
-24.242366
-14.312761
-0.997339
-21.097092
-7.053293
-15.118118
-8.456886
-10.535566
-13.117291
-12.829562
-5.910237
-12.328121
-17.048623
-13.947843
-15.183575
-18.173987
-7.249992
-14.091124
-20.404865
-1.465486
-13.050708
-15.734030
-20.683226
-8.947134
-13.588934
-24.874659
-4.907271
-7.187603
-28.427889
-10.855814
-23.851949
-23.586767
-1.830954
-7.142237
-10.076250
-8.497570
-15.202218
-11.984983
-1.223443
-9.488816
-15.596885
-13.364561
-7.967892
-3.880248
-23.625655
-7.195639
-21.369205
-8.196512
-16.801637
-15.008366
-26.256003
-16.834222
-21.935620
-10.656872
-2.618014
-21.932963
-21.131129
-4.034542
-14.505747
-13.797724
-18.858434
-11.469835
-21.500989
-1.719525
-21.531948
-11.374443
-15.912411
-12.159755
-5.374367
-11.357663
-14.107359
-9.805861
-10.499314
-4.230341
-6.404856
-18.421923
-20.089112
-13.812470
-9.096583
-12.616678
-16.529865
-6.445084
-18.134932
-17.679919
-13.043926
-14.002822
-12.191578
-1.470842
-8.923226
-12.760847
-5.527683
-1.640457
-23.404552
-19.995072
-4.100180
-11.836806
-16.083058
-3.115812
-0.632855
-10.680781
-11.352326
-4.650533
-21.941617
-7.651993
-21.574948
-6.123688
-14.876287
-13.393937
-0.037098
-16.540831
-15.445992
