-83.146716
-101.013456
-79.118819
-84.844420
-111.962979
-79.819019
-93.577269
-91.273796
-97.531770
-62.999635
-87.616660
-70.877066
-82.630403
-77.673710
-101.475843
-77.733371
-96.720831
-67.261872
-84.034197
-93.894093
-78.167439
-98.392298
-90.160388
-99.493724
-104.391748
-104.500815
-93.647851
-78.071843
-78.105042
-72.394275
-82.379303
-84.053457
-96.436603
-77.526882
-59.942594
-96.932405
-81.260435
-103.643709
-91.977549
-78.716093
-81.243437
-89.708722
-80.466799
-99.489304
-77.731755
-99.523380
-66.384505
-111.153846
-68.486585
-112.071365
-97.463903
-77.532044
-73.923877
-78.594890
-74.235424
-77.679575
-90.973186
-79.102588
-59.737238
-73.247688
-91.211543
-82.406895
-77.765514
-104.738656
-72.932967
-106.886960
-79.450785
-94.844447
-105.825023
-95.231628
-66.412397
-90.808793
-84.658602
-72.806930
-96.400709
-61.486988
-100.117354
-73.117439
-81.650314
-94.104113
-74.517180
-77.072929
-75.773960
-88.940623
-71.037448
-73.162789
-109.742972
-79.565204
-76.963276
-79.651450
-85.665298
-100.265546
-86.619592
-90.842601
-61.941159
-101.361775
-80.809446
-95.588345
-105.388773
-68.460571
-80.145349
-106.804728
-89.174935
-99.541059
-74.231078
-93.697927
-97.602670
-78.252185
-72.916173
-82.293479
-94.546154
-91.495666
-65.273053
-88.998316
-94.792209
-89.506251
-112.670775
-94.869852
-80.865569
-100.558236
-80.590646
-79.642163
-80.256761
-81.567144
-100.259159
-70.893863
-78.110950
-62.067099
-99.510809
-71.450808
-98.143843
-89.148461
-105.749001
-97.890237
-76.435394
-71.743644
-78.028508
-110.856515
-96.188944
-73.522559
-81.767019
-84.208844
-93.082640
-90.587969
-69.179235
-112.204295
-76.430429
-75.056520
-87.746766
-65.258105
-88.125190
-72.796482
-96.790383
-84.918010
-102.637096
-77.260658
-91.241164
-87.217609
-77.208579
-106.692443
-91.250757
-101.939316
-95.213071
-72.218735
-98.621581
-75.406654
-95.859610
-85.830566
-108.266629
-107.121710
-96.079602
-74.681598
-117.976938
-75.655557
-100.827525
-100.350756
-81.822954
-72.935868
-76.888999
-65.589740
-80.847434
-118.450443
-93.609129
-101.710621
-76.293174
-90.082312
-71.115129
-92.568496
-89.808861
-75.475077
-91.599315
-75.504748
-73.716084
-91.508005
-93.056691
-81.397338
-97.036591
-85.000864
-93.078218
-73.625115
-103.745529
-101.439671
-84.480821
-92.790333
-85.039819
-67.952864
-72.600771
-66.638600
-72.140813
-127.182524
-96.190469
-72.770626
-74.393178
-91.305280
-77.545249
-90.379277
-67.853663
-82.786727
-89.713116
-104.322464
-82.675207
-86.673543
-76.869623
-95.734161
-78.219618
-103.467217
-70.935701
-82.401983
-88.402663
-99.167587
-118.105134
-90.301895
-85.556300
-76.786957
-76.196205
-65.400005
-69.382149
-89.643630
-91.766576
-81.559909
-64.959225
-94.229094
-68.718037
-78.438524
-81.865822
-65.734125
-94.020880
-94.512489
-68.557996
-65.803532
-89.541894
-74.746495
-82.549598
-87.434223
-96.978479
-78.707217
-68.761671
-75.324451
-74.135402
-74.162916
-96.670736
-89.513838
-87.111204
-89.211260
-66.040902
-84.101082
-67.210420
-66.934743
-71.902733
-102.408961
-74.850338
-80.463504
-119.083531
-99.243043
-85.551068
-86.767738
-105.630146
-73.282475
-93.767595
-108.386251
-86.097752
-76.344767
-79.111637
-74.864484
-77.882753
-98.374378
-86.731954
-91.573360
-97.035801
-87.313183
-97.329884
-73.360143
-78.321615
-87.829000
-80.862757
-86.615767
-66.063567
-78.269916
-87.974029
-87.464522
-81.837265
-109.796697
-108.071666
-64.676463
-82.788403
-93.727702
-92.826361
-101.171687
-87.274863
-73.419643
-93.416473
-69.439898
-118.497051
-102.764495
-84.991896
-103.722394
-81.346975
-99.243989
-91.660007
-103.471258
-84.989574
-92.892767
-84.115983
-60.964806
-89.981740
-68.896357
-82.861937
-112.371870
-95.683666
-98.838104
-88.032140
-90.392387
-92.772565
-92.924126
-79.718157
-85.199384
-86.808035
-92.168754
-97.711481
-96.182775
-109.712302
-91.090808
-85.501375
-104.405910
-83.583244
-80.279947
-79.156885
-71.434801
-91.381690
-94.150187
-95.254058
-94.901487
-80.923473
-84.237059
-77.088657
-80.730186
-81.518199
-71.581682
-82.729041
-80.881323
-77.167999
-74.001250
-93.942370
-59.458427
-83.400144
-75.321488
-101.070837
-85.878984
-79.831035
-89.745289
-99.553591
-77.438344
-91.709210
-98.943194
-100.121679
-81.634718
-74.713410
-92.235971
-62.252478
-87.206082
-82.097622
-92.395834
-62.922513
-76.529852
-101.986269
-85.899857
-88.069687
-102.297028
-104.360042
-78.424870
-99.374227
-102.091104
-105.454298
-78.178721
-83.066680
-108.251692
-84.814485
-75.573169
-68.857548
-98.136245
-102.802895
-75.931134
-87.755129
-89.364282
-71.061652
-86.166130
-107.279955
-72.588233
-70.877184
-76.059047
-94.860727
-87.801973
-89.337821
-64.325623
-89.716805
-75.183139
-94.599422
-93.913701
-85.167171
-82.081073
-79.216371
-100.535232
-97.972587
-92.601852
-73.878918
-104.036027
-88.752624
-80.694209
-69.385304
-78.855072
-100.526405
-93.740783
-85.890979
-107.647834
-92.050533
-81.977542
-89.877073
-62.711033
-108.517401
-81.668253
-72.759188
-89.049525
-95.315357
-92.224095
-79.966212
-91.988875
-102.421704
-86.938099
-96.494389
-96.998266
-94.277398
-102.803703
-87.628624
-88.969889
-80.096875
-53.244616
-93.188358
-64.155508
-81.746095
-81.907372
-87.315274
-87.947096
-78.673905
-89.943753
-86.448081
-108.352260
-77.562970
-79.672831
-93.354520
-93.101903
-98.677125
-84.089842
-110.679190
-70.443238
-78.202420
-104.403256
-104.643093
-93.786866
-89.595532
-88.236083
-74.795358
-95.131177
-96.023498
-73.342300
-64.408594
-84.758197
-79.395415
-70.556955
-82.786720
-73.108400
-81.919932
-79.167710
-93.727782
-92.403777
-84.957162
-94.504811
-83.641580
-71.837861
-82.067436
-66.751419
-79.207966
-63.812770
-69.464258
-105.027019
-92.079270
-67.423586
-97.741434
-69.500861
-82.964364
-79.767576
-68.886206
-71.686595
-94.557742
-107.799847
-78.727890
-76.640928
-88.190632
-102.543454
-93.431296
-84.398873
-100.536716
-111.688633
-89.337352
-94.867477
-97.603181
-82.810785
-84.433604
-73.592889
-66.207580
-82.578947
-81.895243
-80.362456
-87.456920
-88.852892
-70.560766
-80.310566
-81.008634
-86.374282
-65.126955
-80.084024
-73.645690
-71.234762
-95.785929
-90.542320
-109.207810
-99.968061
-94.143139
-74.988442
-57.645164
-94.660546
-114.925847
-89.609920
-68.961074
-91.803065
-104.679874
-107.616537
-88.681655
-91.121506
-83.133444
-89.993744
-98.202412
-97.517457
-75.406157
-89.806894
-92.994778
-79.725470
-81.677754
-91.511252
-87.281982
-82.048571
-104.736644
-78.010843
-82.937371
-91.046175
-79.127367
-100.040616
-62.469233
-83.091163
-78.850155
-101.791690
-101.060060
-89.143891
-77.139400
-111.457608
-100.165493
-86.151826
-110.840470
-96.026230
-94.479304
-103.330461
-88.454255
-73.970904
-107.353901
-96.448109
-63.511011
-88.105711
-63.066833
-100.203489
-107.755639
-92.794601
-75.873112
-91.570125
-86.206587
-73.446503
-111.226127
-82.978398
-100.880796
-98.327048
-86.511846
-85.187794
-77.157371
-91.591436
-93.949819
-83.232463
-75.294940
-106.836540
-99.486767
-87.035727
-89.446663
-103.605112
-87.543524
-75.984949
-58.564428
-101.534639
-107.225185
-81.139327
-66.986739
-89.705770
-75.107756
-95.341119
-72.088646
-90.411096
-71.588914
-93.124794
-78.071390
-89.630022
-57.125893
-86.505810
-65.326683
-78.819811
-72.955593
-84.764456
-55.077271
-98.023560
-82.440074
-86.720592
-76.335502
-71.710262
-87.286726
-84.206101
-75.034307
-85.199439
-88.077731
-92.432832
-84.681541
-64.384991
-86.450219
-99.750776
-49.951288
-89.605276
-79.850919
-108.698632
-86.309549
-72.350827
-84.183923
-89.943742
-83.417315
-74.527016
-82.187938
-53.460257
-91.427489
-111.348822
-71.500768
-87.947734
-78.598696
-62.355145
-91.409503
-90.607539
-90.922015
-99.220501
-84.126905
-93.586318
-80.829560
-76.115478
-95.566436
-74.847071
-71.964566
-79.892423
-82.023783
-74.002958
-86.523366
-93.441983
-84.407377
-83.485011
-64.395778
-71.182474
-86.737432
-89.578031
-108.100874
-82.207734
-77.296091
-84.639260
-90.248291
-74.103644
-81.118446
-94.648614
-84.533886
-77.319413
-76.303049
-95.917087
-86.647307
-93.560756
-94.605889
-86.546884
-85.131603
-76.484382
-98.279698
-91.664024
-86.419399
-90.806691
-73.572577
-82.383414
-107.164044
-78.808107
-89.668221
-83.429264
-116.684583
-85.023531
-102.846145
-89.796168
-63.518690
-65.627636
-89.462973
-68.067528
-100.171890
-95.182804
-85.044392
-87.816475
-94.256566
-77.680411
-84.522076
-80.648340
-98.739924
-87.285455
-66.397175
-83.220614
-87.177725
-87.682512
-81.971709
-96.885750
-97.780133
-86.955442
-94.144748
-93.897553
-92.319341
-91.289755
-66.502412
-89.103431
-57.044661
-71.530383
-71.304892
-74.463813
-69.914369
-96.850839
-93.297639
-104.519988
-99.756651
-94.484723
-69.587582
-83.989792
-84.559949
-82.969038
-63.925410
-68.652215
-69.990130
-81.597311
-82.636603
-59.768908
-75.950517
-92.151166
-89.883224
-63.098868
-84.980466
-86.199264
-80.346789
-67.619952
-82.379380
-67.880028
-78.855070
-68.386865
-91.898651
-77.425377
-79.649304
-99.769736
-75.646797
-85.499729
-88.919300
-90.757700
-92.145143
-65.177601
-95.270214
-67.599416
-90.249024
-88.113752
-71.323276
-71.229784
-77.142273
-95.579166
-61.515428
-91.969600
-109.098202
-86.030418
-95.338964
-84.435566
-98.098470
-93.627041
-84.758512
-82.511616
-98.349165
-100.224957
-99.717484
-76.860979
-103.844110
-90.969450
-61.725036
-92.110664
-86.318494
-95.880454
-86.040242
-116.700744
-85.212110
-106.181973
-85.828545
-77.955182
-79.420940
-62.520816
-81.133461
-70.678862
-78.423415
-84.328134
-104.738497
-71.741277
-81.086296
-80.065148
-102.535165
-82.539855
-92.714014
-90.156378
-90.547100
-87.690953
-81.118370
-81.171377
-91.091617
