-0.402608
-0.370383
-0.208064
-0.001986
-0.031483
-0.005458
-0.017097
-0.141240
-0.029216
-0.211694
-0.013369
-0.061362
-0.114736
-0.012847
-0.141501
-0.176200
-0.071106
-0.018074
-0.139364
-0.038707
-0.049177
-0.186482
-0.046150
-0.024730
-0.006843
-0.003841
-0.000342
-0.000922
-0.148605
-0.006735
-0.168839
-0.005801
-0.085156
-0.104551
-0.522465
-0.163141
-0.171283
-0.280946
-0.009889
-0.058567
-0.082476
-0.071025
-0.599956
-0.002141
-0.572129
-0.027366
-0.050882
-0.067795
-0.009468
-0.442058
-0.068330
-0.007279
-0.043735
-0.070594
-0.271250
-0.045723
-0.014184
-0.001310
-0.460359
-0.074643
-0.015812
-0.017317
-0.076361
-0.198490
-0.140751
-0.046767
-0.020324
-0.114079
-0.021194
-0.294456
-0.001840
-0.004497
-0.056953
-0.072170
-0.157295
-0.021216
-0.003417
-0.009428
-0.074821
-0.018646
-0.109937
-0.046022
-0.111143
-0.224526
-0.004520
-0.004731
-0.025361
-0.069757
-0.005009
-0.006177
-0.024380
-0.001794
-0.027935
-0.093186
-0.063997
-0.113774
-0.159483
-0.073390
-0.038626
-0.184820
-0.003563
-0.304520
-0.000773
-0.061005
-0.002344
-0.003916
-0.026385
-0.146205
-0.006538
-0.015373
-0.011943
-0.107089
-0.052937
-0.123118
-0.000117
-0.003934
-0.028461
-0.061485
-0.108108
-0.014944
-0.283779
-0.342166
-0.055631
-0.200159
-0.050853
-0.063095
-0.086189
-0.313669
-0.093669
-0.210099
-0.067215
-0.095549
-0.000893
-0.021363
-0.073366
-0.348361
-0.019917
-0.021236
-0.228247
-0.137365
-0.020875
-0.580419
-0.050228
-0.157542
-0.120293
-0.009724
-0.017322
-0.165501
-0.117548
-0.231015
-0.028689
-0.266148
-0.034712
-0.003953
-0.007962
-0.012181
-0.007395
-0.128513
-0.228671
-0.015780
-0.055800
-0.024335
-0.001599
-0.195342
-0.312050
-0.033560
-0.023484
-0.135618
-0.104446
-0.714378
-0.057933
-0.004962
-0.001907
-0.110709
-0.088371
-0.122734
-0.004552
-0.053507
-0.011226
-0.055677
-0.002759
-0.342690
-0.001022
-0.048357
-0.040792
-0.062939
-0.012063
-0.067627
-0.000120
-0.042474
-0.026600
-0.009924
-0.109437
-0.010801
-0.065870
-0.080365
-0.016011
-0.000944
-0.426526
-0.042671
-0.502318
-0.120475
-0.020589
-0.341589
-0.222170
-0.048837
-0.009705
-0.006837
-0.004653
-0.002724
-0.054817
-0.174404
-0.161368
-0.112412
-0.021859
-0.504802
-0.011624
-0.180475
-0.201235
-0.023042
-0.004905
-0.041381
-0.153090
-0.004625
-0.012667
-0.274745
-0.030100
-0.191969
-0.042371
-0.006288
-0.018248
-0.015929
-0.151236
-0.240567
-0.265861
-0.295828
-0.002949
-0.095078
-0.165458
-0.001497
-0.092512
-0.169865
-0.014160
-0.277643
-0.124085
-0.145577
-0.031518
-0.000937
-0.030623
-0.028655
-0.104397
-0.064650
-0.002476
-0.000558
-0.046851
-0.105548
-0.011893
-0.009201
-0.074834
-0.056406
-0.419572
-0.775753
-0.069400
-0.156603
-0.035632
-0.052012
-0.319492
-0.019520
-0.006938
-0.205445
-0.095137
-0.089721
-0.171719
-0.033130
-0.013763
-0.008564
-0.027656
-0.022216
-0.010332
-0.412597
-0.001431
-0.002476
-0.347211
-0.070764
-0.068677
-0.070175
-0.025377
-0.557351
-0.008623
-0.031465
-0.141814
-0.045951
-0.063903
-0.097573
-0.032963
-0.255907
-0.093320
-0.015865
-0.080407
-0.018785
-0.025278
-0.360520
-0.004461
-0.064759
-0.089889
-0.116359
-0.047835
-0.076633
-0.063078
-0.140465
-0.059300
-0.052065
-0.012585
-0.043751
-0.006662
-0.011052
-0.383171
-0.188528
-0.036692
-0.079157
-0.085867
-0.177545
-0.005375
-0.129246
-0.060574
-0.141160
-0.043216
-0.018876
-0.001417
-0.110219
-0.011719
-0.175313
-0.547731
-0.136789
-0.012681
-0.027075
-0.047293
-0.121359
-0.000482
-0.004271
-0.009184
-0.057269
-0.377035
-0.061096
-0.055215
-0.088748
-0.072034
-0.035236
-0.007139
-0.041460
-0.007372
-0.070470
-0.188662
-0.099185
-0.028590
-0.029842
-0.224452
-0.008673
-0.051188
-0.008956
-0.077375
-0.041124
-0.094113
-0.027861
-0.008994
-0.013444
-0.183075
-0.010241
-0.001281
-0.032230
-0.063639
-0.038819
-0.022938
-0.054786
-0.007857
-0.135164
-0.051127
-0.066395
-0.174196
-0.171337
-0.025051
-0.146640
-0.011238
-0.019543
-0.112231
-0.085944
-0.007834
-0.027528
-0.313380
-0.021624
-0.032106
-0.039413
-0.037050
-0.023119
-0.025586
-0.009165
-0.029571
-0.525949
-0.016331
-0.018874
-0.031011
-0.273425
-0.010592
-0.046262
-0.014106
-0.024719
-0.143577
-0.010066
-0.314500
-0.188183
-0.008263
-0.395458
-0.024052
-0.009932
-0.024851
-0.022882
-0.102411
-0.137111
-0.128810
-0.003407
-0.198417
-0.037496
-0.037654
-0.090367
-0.355779
-0.018807
-0.018758
-0.019050
-0.006340
-0.073681
-0.000999
-0.004204
-0.018936
-0.025076
-0.000161
-0.067024
-0.016952
-0.081429
-0.054885
-0.009682
-0.082963
-0.029290
-0.219144
-0.300302
-0.331063
-0.014165
-0.014062
-0.074716
-0.017154
-0.057224
-0.119132
-0.000603
-0.040884
-0.512129
-0.078630
-0.003700
-0.019128
-0.013815
-0.058440
-0.022173
-0.200836
-0.041469
-0.011257
-0.003957
-0.006034
-0.036918
-0.019331
-0.165368
-0.000090
-0.124516
-0.059519
-0.112631
-0.025194
-0.083616
-0.054491
-0.779540
-0.175944
-0.032349
-0.033343
-0.031971
-0.000891
-0.000423
-0.056928
-0.045983
-0.006411
-0.070369
-0.080253
-0.020515
-0.086041
-0.048873
-0.013148
-0.035502
-0.013426
-0.018502
-0.015696
-0.001634
-0.028540
-0.057911
-0.036075
-0.085811
-0.301981
-0.020729
-0.006724
-0.562763
-0.300262
-0.004319
-0.003032
-0.185874
-0.052375
-0.023203
-0.043695
-0.135623
-0.069601
-0.072001
-0.058127
-0.035794
-0.102583
-0.058902
-0.222241
-0.024680
-0.061822
-0.239442
-0.298166
-0.029337
-0.062834
-0.011491
-0.002301
-0.021577
-0.072554
-0.429031
-0.009670
-0.140347
-0.080843
-0.051295
-0.035659
-0.005594
-0.057231
-0.020324
-0.003286
-0.046652
-0.042302
-0.008339
-0.016901
-0.061146
-0.003209
-0.110619
-0.506138
-0.023673
-0.109561
-0.084964
-0.088599
-0.132447
-0.013198
-0.241209
-0.016100
-0.063101
-0.010363
-0.078015
-0.015402
-0.002549
-0.003150
-0.001553
-0.371339
-0.000431
-0.058975
-0.130024
-0.010951
-0.082021
-0.038007
-0.392386
-0.011463
-0.067643
-0.104883
-0.006057
-0.019238
-0.023617
-0.041525
-0.022030
-0.151633
-0.168779
-0.004465
-0.095012
-0.058422
-0.030723
-0.243564
-0.072360
-0.015396
-0.008124
-0.016081
-0.049157
-0.071227
-0.170342
-0.118165
-0.145809
-0.009434
-0.666172
-0.017721
-0.130399
-0.092016
-0.007689
-0.032243
-0.021592
-0.054102
-0.163706
-0.052227
-0.069254
-0.063213
-0.001918
-0.465297
-0.076941
-0.046015
-0.107386
-0.000325
-0.039601
-0.027241
-0.014044
-0.035713
-0.200959
-0.031246
-0.073537
-0.400089
-0.143529
-0.002541
-0.012182
-0.034375
-0.013330
-0.117312
-0.168787
-0.004800
-0.009738
-0.034960
-0.011817
-0.048317
-0.298976
-0.140001
-0.198845
-0.020784
-0.024474
-0.007016
-0.166557
-0.111469
-0.047982
-0.028243
-0.149987
-0.077552
-0.001826
-0.021788
-0.100737
-0.054740
-0.271379
-0.011314
-0.179951
-0.841765
-0.046753
-0.005867
-0.029633
-0.097277
-0.000386
-0.012225
-0.006278
-0.009020
-0.153247
-0.002587
-0.012402
-0.021384
-0.002701
-0.174577
-0.050555
-0.021582
-0.238363
-0.000174
-0.001723
-0.045350
-0.025505
-0.487998
-0.006095
-0.109101
-0.029238
-0.078455
-0.011579
-0.138508
-0.006534
-0.002481
-0.019723
-0.167567
-0.005022
-0.045734
-0.003471
-0.009024
-0.035098
-0.251883
-0.036609
-0.206453
-0.010124
-0.016906
-0.017014
-0.644624
-0.073200
-0.013195
-0.012249
-0.023552
-0.002241
-0.006653
-0.259844
-0.004113
-0.003964
-0.600256
-0.022457
-0.006847
-0.186536
-0.003709
-0.045168
-0.372091
-0.317143
-0.260729
-0.002668
-0.001594
-0.006536
-0.006014
-0.038708
-0.146760
-0.034103
-0.151328
-0.041353
-0.067058
-0.067239
-0.016465
-0.012261
-0.024576
-0.310971
-0.348917
-0.028427
-0.005053
-0.009070
-0.062155
-0.027725
-0.056205
-0.338347
-0.022850
-0.174256
-0.158199
-0.025581
-0.007563
-0.266928
-0.000014
-0.041616
-0.009099
-0.241496
-0.027932
-0.092336
-0.017735
-0.058870
-0.028881
-0.046890
-0.088799
-0.119412
-0.004272
-0.102900
-0.083490
-0.112608
-0.040239
-0.058841
-0.000601
-0.010885
-0.021627
-0.717500
-0.103496
-0.225519
-0.009406
-0.024279
-0.025267
-0.053913
-0.411800
-0.334113
-0.184785
-0.016173
-0.012796
-0.244209
-0.014280
-0.006572
-0.229581
-0.070346
-0.016543
-0.004384
-0.174638
-0.210851
-0.017690
-0.004183
-0.045041
-0.003337
-0.028318
-0.013785
-0.004658
-0.017273
-0.146804
-0.135437
-0.031763
-0.095535
-0.069133
-0.199962
-0.030273
-0.157216
-0.080981
-0.022177
-0.627980
-0.000874
-0.009803
-0.047501
-0.054109
-0.004166
-0.223322
-0.001624
-0.156990
-0.065812
-0.019582
-0.037911
