-3.695609
-0.427737
-1.114371
-3.283623
-2.953163
-4.270783
-2.148027
-2.257386
-2.107683
-0.499651
-4.938436
-1.217749
-0.098578
-3.923275
-3.610042
-1.076133
-2.241310
-1.548107
-4.834398
-2.166812
-3.981929
-0.920152
-0.711508
-6.073339
-0.481885
-2.941266
-6.985582
-0.390831
-2.012551
-4.176879
-1.154960
-3.523807
-2.473260
-5.058789
-0.533285
-0.533823
-4.031036
-1.950497
-0.348542
-0.794492
-0.401282
-0.133199
-4.587890
-2.227444
-2.392131
-2.549662
-0.400336
-4.848326
-4.974271
-2.846741
-1.939549
-5.697777
-4.093593
-1.239118
-4.090799
-0.016096
-0.595557
-1.714671
-1.645206
-0.944132
-3.774227
-4.863074
-1.990646
-2.074797
-3.566611
-5.483360
-2.277225
-0.365137
-0.101343
-4.730934
-2.387681
-0.159413
-0.640212
-1.442646
-1.002478
-1.875346
-0.488118
-0.977583
-0.980728
-0.556120
-1.953786
-7.902281
-0.916467
-0.117776
-1.660247
-0.066436
-0.994924
-0.080655
-1.674462
-6.654367
-0.259652
-1.013889
-4.522234
-6.890131
-6.028186
-3.734644
-0.664727
-2.494639
-1.358209
-3.338623
-3.708255
-2.269652
-7.066719
-0.628279
-4.863872
-0.034491
-2.193396
-0.342754
-0.829820
-2.277202
-3.678656
-0.327095
-3.805735
-2.959527
-0.990360
-0.832655
-0.663541
-5.224628
-2.282699
-2.511388
-0.690795
-4.086150
-0.956768
-3.625568
-10.419342
-7.703974
-1.059000
-5.009738
-1.929628
-6.967267
-6.100884
-3.747100
-2.155273
-1.710693
-4.542437
-0.368002
-2.168855
-0.121336
