-1.501089
-1.131675
-0.231004
-1.125113
-1.033569
-2.196871
-0.421965
-1.033479
-2.206169
-1.132901
-3.346092
-0.348038
-0.044094
-0.025650
-0.888013
-1.989451
-0.220867
-0.958590
-3.157437
-1.120392
-0.289878
-3.772817
-0.011318
-0.565887
-0.850836
-1.953543
-0.109886
-0.167988
-0.922843
-0.375924
-2.436441
-1.155360
-0.000126
-0.647801
-0.001068
-0.214716
-0.446525
-1.100272
-1.555583
-0.527585
-0.900825
-0.138637
-1.550359
-1.510272
-0.426168
-0.295732
-0.159261
-0.366422
-1.248793
-0.532536
-0.138970
-1.663584
-0.105189
-1.354480
-0.229247
-0.857370
-1.410593
-0.348021
-0.694553
-1.254742
-1.342248
-0.524724
-1.304204
-0.000389
-0.643965
-1.195280
-0.160413
-0.043908
-0.570707
-0.719111
-1.284810
-0.660064
-0.284856
-2.543141
-0.377445
-0.177199
-0.119001
-1.233742
-2.864779
-1.397265
-0.281682
-0.559570
-1.346939
-1.962710
-1.440240
-0.068665
-0.487257
-0.560934
-0.935323
-2.180088
-1.367622
-0.867290
-0.982623
-0.321722
-2.999282
-0.472239
-0.821097
-3.222978
-0.553488
-1.579097
-1.671377
-0.892757
-2.287639
-0.126925
-2.242680
-1.198456
-0.475790
-3.134113
-2.627445
-0.213503
-0.078539
-0.153555
-4.093505
-1.268453
-1.456416
-0.239499
-0.910468
-2.839706
-0.495662
-0.329789
-0.007549
-0.851010
-1.802599
-1.415313
-1.311997
-0.067246
-1.530791
-2.305322
-1.502040
-3.147998
-0.475783
-0.304694
-1.536728
-1.745841
-3.111258
-1.743151
-0.278588
-4.518088
-3.642287
-1.472414
-2.581896
-1.182158
-0.176270
-1.554687
-0.309512
-1.161328
-2.436476
-0.201008
-0.185963
-0.214716
-1.747858
-0.052319
-0.230382
-0.688875
-1.674435
-2.824467
-0.912970
-0.253394
-1.017877
-1.474164
-0.082383
-1.899794
-2.468328
-2.058630
-1.157336
-1.446494
-0.803242
-2.179909
-1.896079
-0.088947
-1.233589
-0.472153
-0.056483
-1.109164
-0.277285
-1.343836
-1.062335
-0.019370
-1.369999
-3.016803
-0.361261
-0.737705
-0.082188
-1.802169
-1.503316
-0.315104
-0.233719
-0.462281
-3.083929
-1.405650
