-inf
-647.770247
-666.496897
-inf
-inf
-668.049398
-635.797215
-inf
-602.315370
-inf
-inf
-653.085981
-651.560445
-inf
-657.063878
-675.270867
-inf
-inf
-662.137203
-683.265280
-698.480498
-612.698179
-642.874299
-671.854181
-inf
-inf
-inf
-inf
-695.170165
-716.648152
-675.626024
-632.803978
-inf
-684.374886
-650.966862
-608.432923
-683.321286
-657.667633
-630.886071
-689.314166
-inf
-inf
-674.529406
-682.494177
-inf
-713.263411
-667.009602
-718.649875
-691.117281
-644.776003
-inf
-inf
-inf
-inf
-inf
-inf
-inf
-641.709419
-626.891070
-inf
-inf
-615.603188
-699.833349
-674.687963
-inf
-668.811966
-627.495308
-inf
-593.015666
-695.619226
-685.552042
-657.387568
-inf
-685.158441
-inf
-715.020177
-670.388362
-inf
-713.427908
-663.326411
-inf
-685.784538
-inf
-630.795415
-631.500381
-599.382363
-598.563525
-inf
-600.168176
-664.805210
-657.984870
-inf
-inf
-inf
-700.376638
-688.187314
-inf
-inf
-691.971475
-654.584271
-664.543970
-inf
-664.870379
-609.566478
-648.816649
-614.281580
-inf
-656.336252
-inf
-696.940884
-inf
-inf
-inf
-685.033643
-640.628269
-inf
-606.186069
-inf
-652.649420
-inf
-615.633283
-inf
-693.829061
-656.404019
-676.171280
-680.859248
-inf
-714.643960
-673.675197
-654.678629
-inf
-671.219594
-inf
-inf
-inf
-698.484978
-645.239543
-inf
-642.909015
-690.649531
-631.056152
-606.114055
-658.151859
-inf
-627.977761
-650.639365
-inf
-692.378981
-inf
-650.835996
-inf
-610.693596
-672.871992
-594.984184
-inf
-inf
-698.898713
-inf
-inf
-627.242680
-659.662047
-inf
-616.731182
-715.654927
-659.487137
-693.717026
-inf
-630.274773
-698.254752
-652.835314
-709.909460
-639.405107
-668.404441
-648.012854
-inf
-657.520469
-602.453209
-inf
-691.753939
-inf
-inf
-inf
-688.111420
-677.047293
-676.760496
-629.034656
-646.413218
-640.916722
-656.249382
-inf
-inf
-inf
-648.853145
-636.256353
-inf
-654.924118
-646.175346
-inf
-653.180039
-677.129317
-700.210000
-684.353732
-632.114216
-625.781991
-672.286207
-inf
-689.676175
-685.588076
-inf
-651.046721
-675.002922
-646.295098
-682.593646
-647.315631
-688.346893
-inf
-640.467889
-695.352152
-604.493924
-684.783084
-inf
-inf
-662.758353
-600.655119
-inf
-611.114572
-697.745721
-687.115796
-611.110275
-673.612566
-inf
-inf
-684.576243
-inf
-650.477235
-656.395373
-695.594367
-inf
-625.447524
-676.410661
-634.145451
-701.253028
-668.073885
-691.478469
-inf
-665.333804
-651.068054
-676.412084
-692.686987
-inf
-631.017404
-inf
-687.800036
-702.562394
-729.533285
-inf
-inf
-inf
-inf
-684.208708
-inf
-inf
-655.319684
-inf
-593.216646
-inf
-inf
-683.256950
-inf
-602.131827
-707.630160
-637.258034
-636.902777
-inf
-646.486446
-inf
-inf
-659.591670
-601.869785
-651.177140
-637.475209
-inf
-660.932680
-670.345495
-621.617409
-672.769215
-642.466094
-inf
-697.601506
-inf
-inf
-706.489740
-621.476802
-inf
-inf
-660.610457
-inf
-640.534882
-674.319922
-657.704106
-inf
-inf
-649.521308
-672.071218
-718.032153
-682.288602
-inf
-683.520396
-647.346380
-606.008581
-644.677665
-inf
-631.764099
-inf
-inf
-667.632461
-inf
-663.612663
-645.203757
-664.775003
-661.996695
-728.347159
-673.039231
-688.567226
-681.488041
-inf
-637.002405
-709.087233
-649.866836
-inf
-inf
-661.852076
-637.150181
-693.632313
-652.668501
-657.568389
-642.461538
-inf
-613.036423
-676.552118
-inf
-inf
-666.112570
-653.939499
-620.714303
-670.197449
-660.303201
-inf
-680.162894
-inf
-655.474741
-636.544514
-580.869774
-678.102719
-inf
-649.640326
-605.293342
-645.630901
-inf
-681.919335
-inf
-645.477813
-674.562573
-inf
-inf
-638.707341
-675.157865
-621.598473
-inf
-inf
-613.073391
-inf
-inf
-684.249454
-683.562412
-687.287952
-inf
-inf
-664.925318
-623.470313
-651.710666
-660.246800
-688.481787
-inf
-676.859554
-724.409751
-704.076565
-625.038770
-inf
-686.538451
-inf
-664.891184
-inf
-673.789453
-inf
-inf
-inf
-681.194983
-inf
-inf
-inf
-629.242753
-inf
-698.624873
-inf
-676.568417
-inf
-717.210422
-inf
-706.915301
-622.822264
-inf
-inf
-671.410051
-inf
-696.932805
-645.358411
-inf
-inf
-664.455836
-664.401621
-687.650418
-663.605596
-inf
-732.069782
-inf
-inf
-685.312345
-661.595498
-665.861022
-582.523118
-668.845150
-682.238283
-inf
-665.496389
-676.551459
-692.883469
-inf
-662.009431
-inf
-675.005313
-inf
-inf
-652.368969
-inf
-687.820070
-691.523048
-inf
-676.272069
-648.218591
-inf
-601.999024
-inf
-663.900974
-665.377331
-inf
-627.747695
-671.093716
-619.097055
-681.412855
-676.995935
-600.240575
-687.225997
-inf
-inf
-623.734143
-659.014692
-623.398233
-inf
-698.063110
-613.799108
-inf
-644.019565
-617.264584
-643.706353
-663.520751
-643.968923
-687.445559
-inf
-677.046676
-inf
-664.037603
-629.829717
-656.142014
-inf
-661.200354
-inf
-inf
-inf
-686.840588
-685.706490
-672.187122
-655.906425
-inf
-inf
-654.990279
-647.420309
-568.974618
-643.978205
-685.463783
-669.081185
-603.207509
-661.986373
-613.553217
-718.042738
-inf
-679.549389
-inf
-599.849572
-643.748888
-646.952159
-inf
-667.017986
-686.934970
-inf
-inf
-inf
-inf
-686.063439
-612.517508
-661.565073
-inf
-inf
-642.393916
-inf
-659.196524
-inf
-713.820747
-619.741681
-663.760368
-680.260827
-640.530075
-678.026708
-637.204200
-673.790630
-671.248175
-inf
-666.041972
-731.186431
-611.691716
-640.621150
-702.937733
-625.840646
-674.974320
-inf
-inf
-inf
-664.809805
-689.573279
-656.508100
-675.520275
-644.775792
-663.241205
-inf
-674.843053
-inf
-inf
-637.911702
-695.355549
-677.802510
-655.314074
-666.280178
-676.467179
-709.463212
-634.822321
-673.352543
-632.670255
-inf
-inf
-635.156672
-inf
-inf
-inf
-inf
-inf
-647.777369
-648.116217
-inf
-689.623984
-627.163709
-662.686291
-650.924209
-662.171824
-651.129751
-684.384850
-663.593940
-669.309364
-705.802973
-621.748009
-634.059073
-699.993649
-inf
-687.299810
-inf
-603.801130
-inf
-620.484856
-inf
-inf
-inf
-inf
-637.101180
-651.114089
