39.174427
38.224601
21.902942
41.879329
41.014949
26.697645
35.654638
29.993907
51.026832
34.583738
44.134230
20.989625
28.832149
25.941330
37.792564
34.168852
44.114070
22.497204
39.102880
25.512243
32.876650
30.282565
42.270317
41.363852
49.528280
25.151666
40.240189
36.075787
24.214704
41.653243
38.641125
44.570063
33.698342
38.509194
35.450681
50.892140
52.415193
24.596316
39.951210
42.086013
35.881945
29.254830
45.102441
39.766045
32.009360
32.327794
34.272934
30.467791
38.892551
23.154606
29.541415
44.835259
32.846457
37.377642
45.492808
37.734573
35.261634
31.031697
34.781053
40.957909
37.451070
36.234965
32.667058
34.223292
22.979729
30.754711
29.769953
46.887780
41.949356
34.676019
27.227076
43.398806
18.400598
27.230008
27.268221
29.053046
29.045184
50.405067
36.957949
39.557049
9.469562
47.858957
35.910054
25.597460
37.158085
29.498477
27.171845
19.539328
55.139915
40.911354
46.890331
35.616266
45.374807
42.419370
44.695268
23.934893
37.615254
31.225865
36.510786
28.092931
32.616098
30.893953
35.321920
39.854698
29.308312
50.614197
46.421410
27.616359
8.940221
35.831978
31.185794
45.621031
41.089565
36.136957
31.667183
42.380077
36.706079
30.799449
47.538236
38.482659
28.755838
43.502766
47.269697
40.246499
34.482773
30.132537
31.468573
24.546339
28.637131
41.017551
33.523581
17.231726
16.587171
36.738729
43.473672
29.138542
33.544465
46.053635
23.793980
40.129944
20.149578
23.968782
28.770779
34.899120
47.860672
30.671447
33.913680
34.299904
27.421098
42.797438
51.116845
37.753546
29.978733
40.553192
44.621296
56.278394
27.581103
25.492355
40.371065
30.225083
49.190331
34.740157
32.524114
19.026865
20.414830
36.178054
28.517710
37.923964
42.501457
44.453372
22.865820
25.168737
34.210204
37.004272
37.676400
26.691708
31.925470
20.810397
35.920672
43.333477
14.218236
29.005275
29.369760
44.336387
47.574486
36.220453
37.292928
29.928691
49.493188
30.892861
20.863631
32.655239
42.414830
34.144933
42.810753
43.188905
43.060667
25.673515
33.139148
43.953508
41.667851
35.722982
30.234970
42.845414
25.666632
35.420647
33.405954
36.137338
39.818411
20.376744
47.805607
19.271725
33.052593
24.798529
29.893039
28.981869
32.561382
27.580850
43.391385
30.288431
24.758176
32.273755
43.929048
34.534602
55.816526
27.600609
38.784820
21.482952
38.263182
36.553268
36.427171
42.210524
6.717402
36.877437
47.704319
38.898383
36.829410
27.139338
39.313799
29.982383
38.952691
40.919866
39.603651
23.291325
38.710899
39.054529
35.418986
45.528472
38.359551
15.100696
34.265355
31.801863
45.610046
27.303442
33.586928
43.409188
32.736181
35.875953
32.404223
33.453521
29.303316
35.708154
35.337824
42.288971
42.229469
38.089851
42.483579
31.338771
35.195100
25.474465
38.726251
35.505846
10.366665
37.779136
37.466125
29.479724
28.539828
26.862340
32.919861
22.729375
30.326172
22.231008
42.939682
51.101973
23.688387
31.605156
43.640716
37.135375
46.688711
34.595771
14.763401
14.754450
37.171561
42.478249
38.722454
44.112163
31.640163
44.052084
46.207777
32.309985
33.335310
28.503261
48.793746
46.801242
34.086088
28.140424
42.467355
49.317770
50.393024
21.072042
38.819699
41.323841
39.224777
30.205835
24.301690
40.620229
38.836147
54.969103
29.562166
35.560463
33.194527
32.213867
22.216698
40.800666
34.855474
39.435467
21.227325
32.053378
35.911521
24.609998
29.894807
31.467660
24.695840
44.862624
31.392060
39.573423
32.177378
30.472660
37.616358
51.014763
31.777453
51.305635
45.667087
33.490925
44.169392
47.299621
34.431724
42.802119
38.311544
40.908449
31.951170
18.823331
32.112563
36.201176
49.545081
40.965918
48.655038
27.340622
17.999464
30.258012
26.119477
39.944955
30.786681
33.104428
25.595479
38.831080
41.959731
29.499288
27.082514
25.429659
36.162364
41.228948
42.837573
51.971668
34.114463
41.106381
40.826271
40.192420
46.632356
49.914734
25.650171
23.243826
38.492450
32.055900
39.897023
37.761105
27.348008
29.784528
35.369328
43.198316
42.163270
36.157114
32.073054
30.891843
17.363284
25.854090
25.671592
44.174140
40.943726
32.361983
35.660073
34.423742
28.097726
36.135311
36.950277
35.917027
38.100196
41.786405
39.074061
31.337972
29.940788
32.719768
28.233393
35.066925
43.603126
35.658697
47.733579
37.737386
21.250165
42.544147
32.541222
26.650873
56.582607
36.573580
42.837249
25.042375
32.294204
24.129283
42.384565
38.211416
32.305889
37.298541
29.530040
38.379761
23.865289
20.917500
23.833064
40.220688
18.593462
37.814506
43.643466
43.032946
41.327881
25.010465
32.463608
34.159909
37.612004
33.122867
42.528904
45.113573
33.900361
38.501053
28.096705
25.765658
36.120766
33.621974
30.994844
33.485995
19.362610
32.023501
26.762392
38.565054
35.440856
41.106207
52.783009
19.946014
32.278414
40.536076
27.717918
36.522994
39.187313
27.464206
30.475400
43.767522
43.242940
34.369730
36.398798
42.539682
37.262838
43.316327
48.100996
36.060597
39.822995
30.544291
51.298891
35.173119
47.422899
30.595870
43.073933
40.567370
27.859427
42.153422
32.657599
38.800248
39.275384
53.838672
29.332291
26.113278
51.861290
45.047114
47.061523
43.732685
25.251274
34.914962
47.867935
31.633851
33.150350
28.484546
18.186413
30.361419
41.688927
45.699302
43.146308
29.389747
30.768778
35.661677
27.138925
28.299831
30.904074
18.382671
37.972203
30.395912
25.890512
39.743428
35.814127
42.913470
42.740796
22.669523
38.861899
33.705000
31.283572
34.691444
41.648835
42.664007
48.082022
47.469049
44.302839
33.964649
43.136186
38.365703
33.901984
44.055184
36.186535
51.468419
41.897244
32.038806
31.652000
34.753895
37.842233
33.137035
33.792461
35.873499
26.847712
30.726179
41.314867
45.701392
29.930037
37.810124
27.010122
24.029027
41.129720
40.493226
51.279019
22.678977
26.858989
40.516153
28.584208
34.933269
25.732444
29.411620
27.261010
38.504040
47.530284
27.699579
37.427836
30.621565
27.209192
36.288828
28.875354
28.950038
41.271016
23.388078
42.481635
43.080822
22.436907
35.726914
49.849604
31.543851
51.116552
39.480217
29.917940
13.664618
39.735110
24.725831
48.222296
30.226219
33.589568
37.543836
13.849099
35.366463
34.970684
38.788825
31.113778
49.645733
20.221119
22.489845
29.714059
24.590177
40.904326
34.067247
42.494577
33.918729
35.485945
40.580727
34.151873
33.840310
42.788396
29.780020
22.853478
33.486845
36.536117
50.254002
31.613154
21.999448
26.619423
42.417110
32.553665
8.516591
35.937429
25.581309
36.305259
23.940851
32.048292
41.709134
42.681295
37.269331
27.209719
32.767188
29.939913
39.739237
45.341879
27.372193
29.842634
28.578936
28.545158
28.985963
31.296700
33.150558
29.503400
40.667387
26.699140
23.613985
37.299865
38.553046
27.819970
24.637888
46.166885
47.287287
34.195208
33.578603
26.811517
35.214576
29.477056
31.116128
45.284151
42.981810
36.748690
43.491267
44.041422
41.329197
40.933116
23.590780
42.771149
22.532116
26.483312
38.595248
42.647795
39.142144
36.727760
42.126885
42.730975
28.927755
44.937777
45.153262
38.763312
41.086863
35.168326
33.933203
45.216448
46.408256
45.659122
30.811917
45.498701
36.773671
32.119954
33.085314
33.612193
42.285718
37.481795
49.377467
34.962021
36.943582
35.783525
41.641393
43.520783
52.531207
21.579817
34.057106
52.222197
16.888293
37.646653
24.372728
33.415759
18.317758
33.941639
17.960917
39.658825
31.920098
44.090052
44.190844
28.085564
31.936460
32.857973
41.332097
51.619940
29.360676
35.167126
17.824079
30.638864
43.259784
32.437036
35.489700
41.456644
31.496161
46.622408
41.830971
43.622703
33.767365
44.603618
51.833703
35.765040
39.165143
41.747877
45.717172
43.647797
37.234763
35.721275
30.210079
26.177830
42.051607
35.279859
45.974359
36.366812
41.736663
36.121921
27.766873
30.687892
28.895359
42.010100
32.565198
40.116589
20.484136
28.601214
39.874192
23.885171
44.316282
35.337313
43.074895
31.840548
40.020808
37.075711
49.695266
45.403201
47.347339
44.042110
42.717005
34.755172
35.472352
48.785640
28.460812
33.995225
38.744756
46.505760
15.309432
36.528131
35.931924
17.362311
30.531200
48.102360
29.364713
14.507287
22.228738
32.212307
38.858257
45.188790
39.116605
48.727990
33.778450
25.458371
37.300825
39.480474
45.425898
27.405658
39.334442
30.402313
25.331684
20.725413
38.282530
45.005838
26.146186
24.422050
40.809429
27.254586
49.288253
37.836679
40.586487
21.587379
34.674887
39.436778
25.296299
27.314434
33.782098
47.555911
19.931775
47.991984
34.325590
32.501309
17.211536
46.423616
23.022134
41.002870
35.046156
40.038531
34.557559
35.134587
34.536672
30.127164
34.469786
36.446826
47.829004
27.359817
39.471533
27.950539
35.492292
34.953458
45.446261
23.482263
26.587143
38.930329
38.903601
31.610643
41.953739
37.694702
35.667009
33.437996
31.305240
39.631836
43.700007
34.776514
31.455391
38.609425
44.102181
33.754285
40.368456
38.463759
21.882574
37.814772
26.406731
21.217915
33.257181
35.460329
46.564339
20.180090
27.360952
38.936866
28.473103
40.219781
32.406000
38.021524
33.012527
51.247211
45.511750
31.676569
23.330840
30.631778
37.689509
45.095426
40.777713
32.429475
36.378682
50.652577
38.925514
29.999077
27.722029
28.952376
27.939649
48.678333
22.429115
37.117482
31.783203
38.114245
42.803068
43.702232
30.267262
17.800434
37.234995
36.481966
23.947482
31.943977
32.768313
37.458721
36.037351
25.417496
41.967989
31.866592
22.065363
29.462646
35.754286
36.362154
39.874926
33.452397
41.254564
35.540049
46.470477
27.696248
38.052548
33.639607
33.993057
27.664221
25.235578
45.302295
21.962014
33.274994
39.209468
50.219314
38.637925
31.303811
23.185106
35.163435
38.618345
29.363686
31.257689
34.489993
36.603009
53.765736
33.165282
24.684951
43.431524
24.814143
30.735757
36.359081
34.847771
47.413701
27.070441
49.447295
52.569792
34.360383
43.537585
32.791597
50.170296
25.401537
34.699825
38.917520
31.382858
40.108852
40.404563
26.242991
34.249310
40.013915
23.047357
36.911739
39.086047
43.451345
36.096400
31.287237
41.575132
31.308879
33.612033
35.807141
34.446957
39.660700
32.424002
27.872371
26.847990
28.945009
21.392392
34.497501
42.971878
35.493918
24.037658
32.901809
49.829367
49.336623
42.809017
39.039322
26.028245
38.060028
35.344843
22.570807
21.850724
24.091145
46.370774
44.123931
34.603323
31.713817
35.719739
38.718351
29.028222
34.432652
33.483081
28.269484
27.954680
23.710543
20.926712
54.146352
19.008002
43.829808
42.252347
37.742588
32.376945
28.485125
30.591583
30.912894
25.766993
38.412412
32.945109
30.792312
45.009826
32.665865
51.601888
31.329327
28.239898
35.165591
42.062181
33.930568
27.376743
36.141048
30.633155
30.236834
30.875876
36.060626
41.118682
29.468694
40.330347
35.387981
51.294476
27.729245
34.678674
43.789728
29.555707
42.103703
42.271594
34.205264
36.497147
33.183792
36.391136
24.896134
25.564236
45.515148
28.822811
35.012717
31.756166
25.585501
34.873671
41.926380
33.661110
44.971437
34.611009
26.559733
32.426798
40.976124
47.226555
25.943176
31.647685
33.022990
22.814268
23.573722
40.393170
32.840402
27.557769
49.689081
32.592082
43.310449
43.940127
9.760996
39.859628
53.303179
31.871277
30.604093
28.325581
26.480074
39.301017
44.820911
21.321356
33.279183
50.254239
45.958265
38.797819
26.406792
38.426318
31.272298
31.178873
43.168751
42.212650
31.419513
46.262688
41.787074
47.238884
43.674939
27.145225
40.553992
35.626318
37.200210
41.135056
17.186816
33.323598
26.202226
29.910392
46.090334
30.456424
27.874068
26.915444
29.045751
31.676230
35.954417
43.777968
29.812504
28.586252
35.592028
22.876625
40.047172
43.883645
28.871482
28.968131
48.754802
38.299323
35.092167
31.798987
22.397381
48.501187
41.219749
45.176102
34.840816
38.313905
40.156100
27.064944
37.607343
18.886523
34.468118
30.878786
46.444473
42.473067
40.227746
46.635067
39.506115
28.702327
39.090931
18.495476
54.436418
30.958281
12.561431
32.858674
38.284958
37.590737
27.389410
49.955512
16.080316
39.300581
31.690017
26.365293
31.694095
40.319943
19.793502
32.463210
23.340261
36.105057
35.961669
33.676545
36.770242
29.713815
33.466138
40.467408
48.816359
35.687301
38.517190
33.447135
31.062999
42.045996
36.847662
34.336648
32.366498
32.423520
42.744110
40.164982
30.834459
41.776736
49.947129
47.765424
30.964931
40.379698
41.142412
22.319145
35.857111
43.491654
33.382039
39.490004
33.533111
33.613166
32.569640
31.687247
43.317410
32.913795
31.628877
28.652689
25.125935
33.132907
47.997796
45.188489
30.062112
33.198303
39.494710
46.079334
44.721331
34.261621
37.760269
30.629754
45.175366
24.903568
31.651523
48.020209
31.702887
35.915962
43.788140
30.481770
26.375602
37.413396
23.308063
28.410390
28.713623
39.062127
30.025041
34.378688
40.584612
35.820837
43.162765
39.220821
37.790362
26.500818
31.176636
19.373190
35.226512
22.158006
44.961523
36.541739
40.950286
39.962205
36.005204
38.072860
33.955449
47.005957
36.927849
31.120694
47.131328
22.686306
28.461339
35.198030
26.028737
38.124215
42.581674
35.739227
29.469956
27.052713
43.265663
33.251456
31.313145
31.413932
20.723078
39.573827
39.146507
36.545491
17.418576
31.162187
27.079417
30.032717
33.599587
25.823785
20.592653
33.637586
36.185561
45.900064
50.942002
28.412444
34.780942
38.576646
40.893588
36.349640
32.587181
50.831965
31.053558
33.523221
39.423969
37.272365
19.733203
23.988711
28.113590
37.712785
33.560448
39.118996
29.524399
47.281851
33.448719
36.571179
22.689872
45.535042
21.982683
38.115897
31.529503
39.465307
33.596735
33.094279
36.722761
28.911350
35.845160
44.786905
33.397604
30.625866
41.391936
30.934937
28.166612
32.417835
23.065078
47.329499
48.965907
49.907933
33.155444
52.626324
35.704534
36.291912
34.900741
40.812561
38.727891
42.506264
31.548924
29.121887
46.595831
35.842284
27.786838
37.004189
49.730278
28.687442
30.855452
34.728229
48.391995
37.609535
22.784531
34.424520
39.058287
45.772679
40.833171
31.482859
24.529120
32.282154
27.174525
42.138568
34.932278
25.715747
31.230700
45.545490
37.499280
40.326249
26.424679
35.510818
35.061081
25.863901
32.419967
48.294926
40.865477
45.196320
47.689366
48.104513
21.879243
41.120066
33.429014
39.521708
37.940611
33.482571
39.771736
42.150046
35.556459
33.294606
39.232480
37.241584
36.666185
29.671761
41.606589
30.563727
39.443288
32.021780
29.229659
23.397269
38.646680
40.047468
24.669741
34.667987
37.051932
43.742540
52.597651
50.009213
50.021481
21.340317
26.729821
42.948103
36.221478
43.190335
37.575710
24.230228
19.434635
33.695459
25.380100
28.893864
33.168723
33.637456
36.360350
32.871553
31.822335
35.084501
38.033294
39.019486
40.480246
35.096945
13.001207
35.035947
35.239918
37.424725
32.487594
50.580144
38.480903
38.715700
31.908008
31.089394
12.488800
38.033969
19.238741
25.966044
28.806119
20.885617
23.831495
32.718445
31.414917
36.226688
40.532615
28.469683
20.980993
47.659654
41.423415
18.168393
11.673185
50.859389
37.197762
38.207390
31.179412
36.411176
48.077375
31.474159
40.865255
27.800160
23.339361
32.170782
29.473654
34.031979
24.089553
35.780558
40.552546
43.871682
55.953028
42.931477
43.771682
36.760311
33.939704
34.258349
45.331141
23.267042
38.792291
38.071126
31.911875
22.177008
48.003207
25.662195
43.717779
37.831648
46.284764
28.221765
40.151035
42.298907
31.579796
36.218539
36.748059
25.921116
33.143437
43.749207
35.656100
45.577779
29.652026
24.603248
38.566411
34.987479
35.046568
27.392405
27.985993
30.650262
27.659236
33.668224
28.818405
34.832685
40.561803
40.757792
30.049390
43.814400
35.481350
27.670189
29.723721
39.567977
21.104299
33.026966
37.146198
52.303357
24.301359
24.104000
32.522172
33.423393
39.948860
29.971370
24.619225
35.151089
47.802713
9.630884
17.911177
41.410204
35.899177
37.096906
36.668442
39.348233
16.206925
36.035553
37.189813
