2.940872
0.246154
6.995074
11.969633
3.423088
9.023438
2.571336
1.140346
2.189072
7.164431
18.329378
8.078242
9.410534
10.129035
1.895976
13.697298
0.847436
15.817169
1.512996
7.545549
6.496974
0.836971
0.211948
10.545197
2.713281
15.729645
8.921939
2.230379
3.967468
4.949719
19.419856
3.577501
4.299717
9.145839
10.331309
10.087809
0.111575
12.760443
7.816305
7.959058
13.480115
10.017646
8.669907
15.026473
0.606913
5.679826
4.830201
7.385714
4.793928
7.477609
0.261825
6.821774
15.425192
1.755630
2.127227
0.340117
13.204818
14.001172
7.665350
8.536514
1.243612
3.787371
10.651652
9.419776
5.512824
6.780725
13.902664
0.452968
4.826349
14.895167
5.321582
9.675708
5.759306
7.164276
0.633917
2.858603
9.682389
8.376513
11.295937
14.837330
5.658133
2.613874
9.633241
10.929439
1.432444
9.220950
1.953231
1.898141
1.577530
10.776212
1.133900
11.493839
1.031922
0.661986
7.529277
12.037172
7.823765
0.536582
19.421995
7.850643
0.462401
16.531156
6.242964
4.389531
6.235143
3.184211
0.264899
14.910015
2.171430
4.582901
6.778680
0.217990
4.323308
9.106237
3.290779
11.126038
5.017173
10.832120
6.698384
12.517928
2.018795
8.120941
1.606634
10.779928
6.555761
7.722168
0.331154
10.145628
11.397720
1.113488
13.156908
2.003307
10.407677
10.798660
4.626810
10.411102
19.043416
4.196612
0.563923
6.769325
13.580745
0.985984
3.272815
9.256980
0.031063
2.566411
21.519190
8.039155
10.239676
3.658236
7.789744
13.669730
9.188927
7.144424
7.368394
0.493620
6.267788
1.391009
11.397135
4.743689
16.451588
15.935284
3.059687
0.311546
14.495729
1.765294
5.124954
0.563989
13.852597
11.595487
0.163112
5.752435
1.767218
5.741196
14.679806
3.113671
5.618273
9.079435
13.192208
0.845059
2.503317
12.207472
6.206411
1.858156
6.879862
2.487110
8.761390
8.218358
1.514615
1.434539
6.333999
7.950207
1.655895
2.446717
2.739747
3.268435
8.877418
4.291497
5.963292
2.136139
9.355074
10.671478
18.070713
7.836690
2.006339
3.859682
0.027632
10.295702
7.883126
14.823103
5.992299
13.526189
2.898539
1.392557
9.053748
2.961831
4.032149
0.530337
1.316524
2.027827
14.477612
6.033757
5.372258
2.818419
13.333784
1.773718
4.269879
13.701340
3.668000
1.072468
2.375396
11.497495
4.490660
13.400958
4.629952
3.553567
3.854653
12.626134
16.274163
17.949333
0.329844
1.710280
12.705047
0.416421
0.746881
16.319648
0.140575
3.136048
10.842253
5.352707
3.211758
9.881424
1.926252
0.427042
1.176219
9.033193
4.117975
8.943146
11.288616
0.106807
4.403860
10.709812
8.147764
8.586295
1.679961
8.343028
3.750855
9.001599
12.223032
0.147111
9.439261
6.449632
10.832866
9.179972
7.828989
5.588538
10.695970
6.386158
6.458928
12.190517
5.174060
0.265721
6.315433
1.469305
13.644801
14.074411
5.949018
16.446796
12.675779
7.541888
0.679054
10.532129
2.831833
4.470850
9.351238
5.359031
12.071128
10.383467
1.430239
0.094105
1.395629
1.859723
0.475727
2.767127
3.458255
4.625866
13.115278
0.236133
1.217291
8.245252
10.156150
2.923008
10.801666
3.475713
0.683103
13.741421
4.786547
10.861862
10.017267
1.597805
10.475117
8.306472
11.506921
11.658767
10.889111
10.416309
1.189337
7.777925
19.383912
0.422335
2.357207
10.125368
10.284155
5.751540
10.713628
4.168113
17.990348
12.599063
4.155468
2.183617
9.639127
6.010748
11.887936
1.273737
13.767002
0.913903
3.302925
12.005607
9.746167
4.130104
4.719961
8.261243
0.886917
2.234266
4.281914
0.765833
10.960089
14.084695
1.866766
8.889905
3.653823
0.140155
6.414693
20.121505
5.216341
2.905034
6.172248
1.975870
7.582854
4.672822
0.817008
8.892161
11.901632
14.038962
0.242757
0.150538
10.505125
3.150804
2.691219
5.336398
2.326096
9.946853
20.555520
3.032701
5.022600
16.168460
10.742346
10.478972
11.747617
0.608542
4.539194
7.128299
4.928150
12.296403
13.620416
5.646288
0.644535
3.859279
7.271989
3.112914
17.657441
4.713330
9.157985
5.583223
4.149255
17.496723
10.280542
0.351683
0.168595
8.074911
8.845574
4.771825
2.318027
8.494867
15.856718
10.691535
0.974995
1.744992
18.825925
6.111753
1.156020
5.936877
12.314626
7.915164
8.100134
12.185879
9.738788
2.167784
2.962127
3.788694
4.674363
9.763706
6.783693
5.333850
8.187525
1.439441
10.309945
10.868076
3.255168
17.463254
12.547047
5.698019
11.949598
12.184807
8.868473
8.764977
9.555620
11.021496
15.377190
5.986371
10.912533
13.808131
10.050682
11.240379
14.909718
12.574452
0.992938
1.937284
8.343140
11.477702
7.812519
11.487335
6.037038
8.593920
0.645280
10.331740
2.394634
5.608776
5.675514
9.884880
9.016235
1.220320
0.174244
1.744000
5.614892
0.760099
14.727636
14.609831
13.488006
0.018600
9.279221
8.786299
6.639720
8.212002
9.816873
8.720664
1.175930
6.901043
14.663703
16.442423
11.151819
10.748000
5.748662
12.271096
7.751536
13.280017
0.517595
16.453760
0.147943
2.144960
0.113569
11.861668
0.151637
7.524245
6.447032
2.605767
0.610359
0.355831
12.691157
6.483184
1.086351
1.985972
0.353930
16.273063
17.431521
0.177512
0.423467
12.719361
0.421359
8.482760
7.942437
2.466179
11.276030
11.650578
3.038375
7.993985
13.320513
10.125937
9.505317
2.378713
3.404752
8.671351
4.131865
11.688453
1.608746
7.958119
12.543446
9.309827
1.862014
0.638604
0.316821
9.175937
9.407102
11.427569
3.210907
7.830436
0.113570
0.823255
16.602092
6.178127
5.400218
0.365113
0.760098
10.533436
7.262957
5.086011
1.578113
15.357134
3.151184
16.201647
2.115130
4.060380
17.149322
6.258243
9.576458
9.258893
7.702466
4.464823
8.306262
8.502537
6.429354
2.230620
0.217208
7.490664
8.351504
5.974977
7.687312
13.111123
12.024636
0.840817
12.877848
0.393296
0.431809
2.872996
2.286111
9.611003
11.070979
15.663074
2.157443
5.746130
13.827915
16.367558
8.968847
0.286795
14.377167
11.852620
10.522920
3.944175
1.590819
8.482023
10.632828
4.202155
4.070092
4.949426
7.104005
0.479224
7.300843
2.506946
8.327326
4.895830
3.807253
7.289373
7.147149
10.394683
1.767998
0.928159
3.953633
6.824766
9.671040
2.608848
16.972835
4.907579
7.416096
7.567521
5.789686
11.178735
3.537206
10.197434
1.572192
18.861322
1.331063
2.669766
3.866735
22.249155
1.096006
1.592542
15.918365
12.251814
8.210467
10.363135
2.309545
7.786834
1.067074
2.200513
8.449233
10.104489
5.063169
0.207113
3.653166
2.148936
3.978706
1.472915
10.771897
10.414953
3.706433
15.465498
8.593894
3.958526
7.579298
21.379519
5.298188
9.368424
9.030249
2.359706
17.255908
5.246546
2.832811
13.722883
9.628624
7.304049
12.159884
8.595716
9.539048
14.468977
0.172400
0.675402
0.580947
1.764056
7.686531
2.567202
1.935273
3.719463
12.247424
11.272440
2.634099
2.040295
0.269985
0.385415
1.818514
19.030875
11.632090
11.785850
1.463275
1.859761
11.270570
17.620687
13.997814
18.937685
3.363772
7.558427
13.199261
10.774552
0.652179
1.665168
11.641973
6.050541
5.956372
15.790841
0.210825
5.124037
3.644707
2.345801
2.501375
5.292950
21.455521
4.726903
7.027307
11.506950
9.468480
7.168895
15.142849
4.267729
9.872911
5.327446
4.258971
1.176738
15.998189
6.575400
5.853213
10.882922
3.347707
10.028149
0.074269
7.696735
4.008308
10.442787
2.670181
14.370208
10.142640
6.440168
1.735213
6.081420
2.459264
0.874022
2.139201
7.079840
6.068488
0.056114
2.039670
6.398599
13.459789
5.062095
3.237236
1.209997
21.788081
13.451605
11.017175
13.079109
9.539941
4.734560
1.271816
0.137453
5.188391
5.183167
3.844502
5.486068
2.007225
9.198581
0.033536
14.646716
5.994676
0.968214
4.610696
13.263906
9.970522
6.066361
2.218184
0.062369
0.294288
10.775870
6.540481
7.159324
0.243844
3.633155
1.606546
19.183501
5.601630
8.409090
12.327197
4.825126
2.078990
5.511190
3.987675
10.477935
2.539259
4.718410
0.824396
12.751329
6.295257
1.369075
3.723098
12.731948
7.161034
8.057547
7.293573
13.305560
0.366674
2.746156
5.141037
2.839171
1.144955
5.156488
0.640168
9.386842
7.304374
8.787330
3.809290
12.608564
4.721545
5.058155
2.055863
4.541662
7.940044
14.566976
3.610314
4.067251
0.652992
7.812004
22.454792
2.405149
2.219002
9.029392
7.134694
8.934764
8.722101
3.993808
13.678976
11.112851
10.646661
4.245740
4.752468
2.959598
7.894309
5.584635
1.672403
5.654460
5.514499
2.682392
0.103280
3.519838
7.021907
2.327474
4.593185
7.520972
1.090421
16.831126
17.194242
5.603270
8.489633
12.363722
4.613280
0.262375
0.285772
7.053978
9.237048
15.348994
0.624741
4.616815
13.229318
0.975849
5.845334
2.939209
3.052160
21.133395
0.326932
0.839767
3.586171
8.612917
3.494397
11.615552
10.147589
3.588909
1.502443
10.299043
2.466101
7.026818
1.462913
4.150544
8.325888
5.355948
5.062579
5.077225
6.624459
0.587519
8.137556
9.743267
2.285632
10.038465
10.439310
0.092604
3.183342
3.147408
3.789520
1.101808
7.889651
12.743070
7.564319
3.094492
12.513653
4.442090
2.542294
0.324808
7.292720
12.989450
8.820615
