573.364940
535.113122
508.173608
521.041332
512.235753
511.510575
463.118380
429.747945
591.267264
528.825718
473.943447
537.851566
519.440473
498.159196
542.149481
522.217416
529.027154
538.576700
546.657941
546.176063
512.733824
555.536564
533.804571
556.777641
576.348178
473.039971
536.475495
523.553543
530.775354
513.176989
505.810347
581.990331
478.980042
512.227333
541.188412
601.130834
499.526483
470.228503
473.652739
541.891311
532.690704
536.674164
575.586964
592.351139
582.293021
514.265312
467.174273
544.319745
518.017625
473.798761
576.585101
589.836179
480.634852
517.101384
470.458362
498.419626
545.696337
565.370233
545.875006
603.384955
524.546318
586.930644
561.131514
548.255744
483.773568
520.978772
474.167124
564.891131
473.819457
550.984035
536.857985
536.873928
552.274069
508.454532
499.507310
439.524101
495.358735
484.065880
553.018902
482.510394
563.237613
533.725526
564.522941
526.472666
519.462507
545.866712
550.501918
553.287379
607.364840
557.048839
451.418146
555.370112
480.169251
488.996592
520.706708
543.571231
531.946076
455.553878
538.743031
570.121737
508.989274
479.512830
507.302033
542.497202
519.005176
558.344380
552.529779
530.628180
553.910900
546.677385
512.010108
507.454266
523.592558
495.945532
522.920655
569.198941
504.351847
465.063964
465.394101
588.379988
481.799246
554.099882
493.705591
540.273401
509.291372
471.294086
436.122330
516.486996
483.492073
582.488912
562.387807
563.455956
519.839330
569.004712
493.051806
560.832334
569.932494
536.212832
534.302235
488.877470
560.468670
565.957178
532.830428
560.431962
495.842828
523.136219
540.580857
591.852217
481.154259
533.033595
429.164342
509.829034
572.558933
632.987050
592.145561
566.043326
532.462667
585.867886
565.323225
509.658243
505.154889
562.825175
587.789938
538.560671
487.937942
530.220050
524.652951
571.310724
451.788467
418.236084
550.640689
496.911374
544.264728
590.269014
479.657180
481.979305
586.165749
555.852722
540.772776
480.876499
537.755388
480.716351
520.590925
479.756098
442.202526
476.263455
500.390681
547.879984
534.864824
557.555702
471.549155
501.564083
485.368233
568.118455
545.662127
571.614847
515.420133
613.711439
541.497811
514.736836
528.964485
454.271011
563.739577
553.984841
508.984645
589.991308
471.285720
517.759322
463.087060
464.754127
552.772063
564.769096
498.432564
528.807002
594.591219
540.088288
567.977873
510.884453
500.624474
503.042438
523.836916
458.187963
552.697959
548.650015
472.989410
555.341534
506.004159
564.014920
536.216894
490.866337
461.058432
582.582781
540.743067
457.636137
596.956463
578.804668
476.730603
585.824573
531.163585
476.955684
510.610539
578.611372
515.502256
488.008413
534.071093
530.633715
562.004325
580.753942
575.290103
493.904850
522.292062
574.221658
525.919123
544.458814
510.573431
512.025310
545.356639
517.261583
544.005750
552.822684
521.185788
593.217055
582.237877
541.123627
556.595291
537.500813
601.380988
504.248116
468.924217
548.505167
498.441967
590.588658
587.494505
547.709194
500.655255
514.227136
509.532844
533.575036
447.607412
526.921051
591.727806
515.911916
473.531136
555.717454
537.276793
610.285959
565.122495
591.396167
557.628129
535.629571
575.156290
508.358297
562.357519
560.234001
513.773139
609.322777
504.313683
476.319724
604.476177
485.504592
518.456302
545.004598
538.537803
500.751761
550.340168
587.155672
437.936014
502.309792
534.189511
553.778169
439.577157
513.000072
557.083095
515.314705
501.916914
470.006062
548.051715
515.879648
469.289606
551.922151
508.314821
502.557009
472.859725
509.697348
493.120257
521.375844
541.567799
458.582450
543.789267
587.919854
550.045756
606.884575
524.549993
590.557659
537.090767
543.687208
574.317938
569.473897
452.505295
512.803234
519.070873
531.202371
510.405822
549.991597
558.130167
496.711972
558.015121
533.217651
536.821794
497.366365
542.088113
533.150470
555.310226
472.837306
477.333707
528.363057
575.674995
473.997584
598.136102
586.978003
479.773836
560.146488
585.886348
454.966081
518.814243
498.393944
525.450361
475.002999
555.721282
570.852164
502.172548
509.831693
537.400649
497.984736
526.952424
532.077204
593.860059
550.887602
561.254075
508.257794
525.745333
567.483832
437.189549
540.044639
537.810613
529.398722
543.409282
537.375108
532.425652
483.679397
523.227262
537.651533
526.787545
514.538684
473.795620
521.342506
469.825582
526.330429
543.343886
565.299177
446.089627
536.147913
518.506648
571.539638
558.616401
504.619413
591.042741
575.909672
488.939711
524.053337
543.206075
496.304629
532.451133
549.381335
547.315134
554.640409
562.416846
547.854378
504.956122
541.737988
555.831140
532.891801
496.627800
517.843123
506.291354
634.809292
472.609729
490.584209
474.895063
475.321594
538.010101
577.543964
564.637978
498.827755
558.060836
511.478785
584.929548
576.388097
561.130133
550.880993
582.819279
586.543504
526.208987
506.402623
443.719009
470.333597
562.999970
502.853088
549.459811
478.797135
440.820201
483.290404
505.008548
567.431212
535.477049
494.591838
509.574320
549.374774
550.261859
440.261552
563.685966
547.984828
531.362896
583.402039
532.490685
556.227012
573.754623
544.478013
585.247348
493.660234
502.053886
515.160677
561.497604
560.895707
534.533527
485.153852
560.531574
529.299970
605.765315
527.283528
592.031305
557.938516
515.929865
545.159350
571.361508
488.617636
567.430405
546.921330
591.800769
516.966948
435.606634
587.342770
517.739374
510.651870
534.658606
593.749945
538.185297
508.869815
453.101859
518.292074
510.940884
500.315270
552.423185
460.251410
464.445672
488.991710
555.350293
527.775138
519.287885
525.142008
499.755691
534.039590
577.930825
567.005044
576.358361
510.459683
558.814565
499.651163
611.254935
509.004548
482.791075
517.995127
569.588662
562.458849
506.307480
570.238546
503.768978
453.037697
543.043096
470.827282
526.623156
493.146933
474.533563
517.410271
538.902419
554.115518
492.211003
565.173575
541.407803
506.290939
548.813333
594.423016
527.255215
491.441898
468.054679
570.275868
521.895447
600.801828
561.850611
542.422582
500.600640
599.374211
532.820805
528.227711
546.599112
562.055473
535.922555
491.422291
551.811077
523.580495
537.187263
544.513374
533.722805
531.095291
535.286860
555.525041
524.594970
547.822326
534.680061
543.132124
498.372887
543.457473
574.270885
474.235397
616.000393
488.760748
534.096051
549.953624
622.500567
553.981647
504.890442
571.135063
527.646655
573.098473
572.058525
462.504509
516.835433
556.545541
573.100797
529.475992
430.313935
450.317004
578.530669
547.406101
532.010682
497.933764
543.047540
604.235157
564.796348
515.505029
568.535855
539.325370
573.684027
543.124541
509.426736
526.325366
506.167417
575.920054
512.426336
553.909548
561.439993
497.755389
452.925097
510.314011
559.555574
509.902539
540.384774
476.371982
560.879823
536.189148
526.978982
487.686517
530.960718
548.950644
544.347827
520.121879
578.951685
540.283114
551.194431
510.850481
485.224609
503.297531
501.549688
525.678656
525.690105
594.815638
500.864868
474.647058
556.572272
471.757905
458.531469
525.701955
539.368488
610.143284
514.345668
510.439597
539.267910
465.643127
462.870875
458.316169
518.099410
573.927818
538.666333
534.345201
552.194726
538.263918
522.688332
515.017297
557.894690
535.244732
456.760192
494.649849
518.738134
529.242406
495.550164
606.302793
576.959670
463.970582
518.629032
584.746496
507.849660
512.930807
490.731160
553.413673
448.382473
546.361987
564.787850
450.030881
529.444769
558.090952
562.921543
579.864821
539.360987
536.242910
479.740555
565.022257
575.276607
574.351307
546.746709
470.847207
511.231952
577.311168
555.631844
518.304194
579.895682
519.871289
565.110246
595.529697
456.108339
599.226767
548.202836
493.032101
585.245427
525.141840
559.220389
529.663256
590.810161
578.370606
566.183911
518.696399
453.830704
526.903009
507.554347
517.834307
508.660809
543.745356
605.461231
539.267902
580.337177
596.441322
545.336925
515.124779
480.169532
554.620390
509.376613
492.812947
520.709029
542.834578
557.939810
569.165267
555.344240
550.439219
535.534929
556.015313
552.887576
471.207705
490.562151
506.017136
541.508779
487.569359
526.863447
568.384956
575.768256
508.973796
572.877924
516.052175
565.987863
594.913868
563.294090
534.021500
456.012985
503.629864
538.471257
542.016679
494.733816
540.061559
564.829879
524.338126
577.464503
510.120595
537.920141
570.998322
512.648100
436.002168
504.438770
511.634195
523.076095
609.430831
547.840554
562.321532
535.650949
479.471033
528.121361
519.950558
542.321624
569.905529
535.007729
541.801730
560.245227
507.984237
563.711207
565.507860
501.738552
521.515153
510.714591
556.922962
561.960033
499.743007
533.824629
506.714487
443.957734
537.326056
488.485410
575.353489
573.200936
447.837358
533.347096
570.299134
517.180436
559.308857
542.376560
534.066290
492.241071
553.012901
570.681993
552.111783
544.382895
528.260359
590.590110
484.426155
449.190193
517.349377
453.147494
556.761862
511.828823
555.776613
577.370746
616.515263
459.822205
584.635596
535.130015
538.423531
535.507215
526.353749
543.617275
520.737885
480.035483
531.005508
569.390553
538.057170
558.038117
521.543743
530.419544
538.698066
555.907409
508.490655
570.647508
484.945036
575.714057
514.739547
591.082768
551.322884
526.095629
554.116344
601.593145
531.409666
487.226523
502.065079
578.869478
547.824723
452.304787
526.085970
563.199867
489.225052
544.523341
438.340242
568.608806
460.564772
506.062206
568.979601
546.344331
526.302694
524.964404
540.615562
557.729212
596.399143
498.606387
516.397989
577.400325
530.002823
527.534768
475.820537
555.594930
475.957748
544.653064
481.004425
537.300085
474.359894
585.865543
499.437533
517.839867
524.288649
560.574923
513.357995
511.067091
535.740941
560.567063
469.218376
533.060775
586.338735
595.382873
534.804159
506.413279
479.291795
562.598064
535.993713
571.280520
470.006823
519.632718
497.524703
519.148674
496.606007
496.827018
512.682366
499.687199
555.341732
541.174871
467.870331
597.866532
543.619884
506.699971
563.123058
457.621860
554.390204
501.573113
533.493525
554.288143
492.168044
512.587466
571.985578
560.579873
570.329830
523.047186
488.100362
523.476367
526.045250
587.368390
546.443983
603.507034
594.493760
540.241248
522.946552
537.218732
561.157727
587.812754
530.711996
525.298097
520.729265
494.019878
543.256609
532.722105
536.317930
518.897199
450.490164
494.107896
517.871421
570.983007
454.388623
522.030094
566.280076
577.937414
571.512624
566.377000
606.588199
500.557577
533.701272
540.522366
624.679674
508.899838
564.373039
561.305572
508.968534
583.920103
481.383612
559.488906
548.217458
455.067738
557.324696
562.711458
545.269518
570.791005
539.610337
587.739206
514.127958
508.298957
475.288008
417.557684
548.879910
562.063496
497.682651
523.935212
611.106469
556.960801
546.797659
528.379067
556.930733
526.657810
517.549738
542.534804
548.848764
563.861258
514.945685
518.309714
517.739139
571.638545
559.738226
548.815371
503.991150
536.310161
506.987573
557.822101
528.601448
487.942809
504.984017
460.422369
550.981242
610.210890
545.265983
549.336546
496.121451
566.094510
542.316927
448.249054
561.208084
590.089101
501.562215
565.479643
537.002447
439.994244
547.033020
497.698523
541.715736
572.309912
556.639545
545.385999
481.595952
528.597857
514.761985
554.969001
535.007902
518.860714
593.089040
528.540518
476.030509
578.120021
577.802735
607.195582
523.817334
577.292803
492.593527
567.976907
455.074963
491.425636
493.784228
547.072975
511.277026
528.214736
506.829910
508.466364
544.696623
532.297613
497.433104
510.434919
440.519126
510.436538
549.229322
522.593145
483.702928
494.258726
486.835831
562.946275
489.415995
559.150806
481.452210
503.483627
506.335527
516.355050
523.814339
472.188773
500.157930
541.789254
545.994041
559.032576
480.404706
459.312010
565.083034
479.395560
530.212431
559.702344
605.629747
500.680081
534.512123
546.446680
488.071239
521.409227
563.826901
553.945152
536.683922
528.445046
478.845826
578.266181
572.364932
528.216178
557.784715
539.953241
485.697875
551.093128
549.729190
482.448834
540.017708
495.126185
440.790072
592.427516
527.475764
568.586569
463.556765
554.243865
549.258420
534.325693
570.506316
541.465279
544.636477
480.344848
539.057454
460.128779
613.328772
505.338054
510.736767
530.989021
510.138968
431.708744
548.129598
578.399980
527.944517
512.144479
552.557587
555.198355
507.077580
530.513782
523.004288
487.066204
452.801104
515.813999
452.274957
524.430580
524.099513
530.782411
492.270852
532.285799
561.067187
526.429133
467.353788
471.499545
490.030302
561.698416
561.761243
513.441579
509.612542
453.164456
547.238993
565.335042
529.885567
526.172546
443.699680
526.483393
539.843953
565.682129
522.419369
476.238278
498.710083
557.157174
555.702043
546.257593
563.969553
547.672537
567.730864
532.026120
526.353801
522.110112
540.192752
579.843624
566.773437
519.822129
495.864563
490.251852
543.456392
480.443878
495.985260
518.191466
514.634010
514.814685
492.738016
515.139454
531.669718
575.331458
542.306925
562.581721
533.344708
539.486555
464.938965
526.453565
485.182822
550.249572
506.163301
536.690940
531.554957
520.163410
546.307062
507.700393
525.861432
512.770849
554.020342
459.981544
517.698475
567.170282
547.488636
484.398490
516.981495
512.247006
560.259196
484.786916
554.655876
493.405823
499.609252
451.007641
534.273297
530.846563
559.977663
419.369359
628.722398
528.973199
567.727135
571.336818
480.085480
574.917444
534.555728
468.925280
471.550386
484.284517
542.739534
551.521178
487.322869
568.941680
560.745438
555.219001
502.925956
546.226417
515.050489
570.128382
527.001881
488.757285
498.764707
556.539705
482.937775
519.752386
506.719286
512.351868
491.718724
508.778501
578.481456
453.422375
513.024047
571.517985
534.718894
493.160797
468.682869
582.403618
573.985619
480.287991
515.764479
543.673168
517.925555
498.782218
556.899474
581.937734
594.740179
572.379912
541.075898
595.699361
437.626811
547.327088
582.629853
533.604022
515.162387
499.432769
580.726660
518.559756
510.882153
530.239004
496.941044
506.530450
508.774103
587.889202
581.366146
584.819308
522.029737
529.556983
552.220422
512.453177
529.317586
462.051724
566.978383
538.513313
558.092279
570.730026
501.199971
563.971726
532.656650
536.446841
484.265101
491.082564
515.876766
522.714433
502.937276
585.092947
493.369111
566.268892
487.192901
538.190647
540.005405
586.509074
517.062173
582.503729
535.622653
497.988927
517.254174
569.800893
534.901656
532.886463
515.802380
522.492283
585.301834
548.326702
475.762426
496.424149
587.307961
492.393557
564.882431
527.594783
497.390328
538.338347
469.882394
543.209885
477.505658
495.311627
519.749014
552.419512
565.509598
532.947730
542.081664
485.196358
582.206025
507.908935
500.619730
496.681113
471.202970
529.461812
552.435641
490.628889
514.152587
535.818286
571.702227
550.657429
560.589134
488.499979
526.156141
548.968824
564.319512
528.743631
566.924869
567.531390
530.751943
563.472991
519.830678
506.404139
552.939287
474.550072
592.038410
494.421939
596.618817
458.239256
548.169647
497.528018
534.590896
523.734596
564.931754
492.692627
474.870881
537.328531
541.528207
523.482912
534.533628
487.964369
546.302985
483.372822
550.349667
560.639570
512.474542
500.350889
598.659559
538.149609
518.230079
514.861861
587.188758
497.351524
541.826662
481.742933
505.384129
519.560712
486.893051
568.408882
531.980329
552.179547
529.966201
489.393838
554.893179
587.379582
520.977708
501.399956
509.905435
524.021601
555.111215
551.419978
459.345689
522.962799
513.667300
495.546401
472.504203
522.288193
545.351251
513.157021
606.036986
482.108682
514.844272
509.860384
440.457142
578.542510
494.819916
450.118404
571.720050
545.299237
535.117035
536.015943
596.093684
570.488000
556.452581
572.316475
498.846626
605.439126
525.275507
572.717111
530.075045
503.420536
578.834068
548.993343
567.674630
495.598237
590.810856
544.916649
517.729800
597.195746
483.490847
557.533138
569.716117
505.420313
518.913765
642.748072
552.179719
635.538629
478.892446
487.417530
553.689867
516.576567
519.534625
523.203489
543.711194
529.746959
553.399470
560.882839
526.458918
504.191886
599.504735
510.546926
514.398777
555.271822
500.665727
589.049810
524.669075
492.565248
498.957815
521.206163
499.542923
551.487556
532.431188
569.543893
536.912126
564.468651
461.260484
493.447503
547.384151
570.518441
500.902743
542.452091
535.452673
545.516727
561.116984
580.009363
550.396389
543.172076
494.175296
441.910205
540.964609
459.239997
489.021372
537.021915
567.389670
476.258631
515.208250
489.192480
551.008053
571.915644
545.727486
568.897920
536.292040
565.284619
493.550471
539.137437
555.386901
507.146675
548.511635
508.023015
545.192435
556.042706
523.070306
558.599940
551.575905
585.385737
548.326475
547.103893
552.771251
535.583083
569.917158
531.892781
534.990263
520.534287
562.720116
590.403765
569.809134
554.075407
497.376279
591.387834
512.982437
518.358778
562.185182
546.247546
554.492722
461.676593
540.574324
546.315760
548.664632
543.258053
537.765202
461.169294
574.749805
523.228307
491.218943
563.086304
584.263535
455.875836
528.719079
445.798723
565.437117
536.861732
534.292066
532.867897
472.720493
485.958168
481.500705
531.033156
585.756523
498.340925
582.106508
502.239700
552.037846
539.458044
555.586101
508.134986
563.960969
542.956099
546.267096
587.467530
479.270562
511.961023
515.789419
545.991249
522.702816
548.303934
507.406724
478.220709
470.373091
524.991186
548.176325
560.630779
537.583043
504.386611
562.731623
507.396141
582.342654
487.555866
540.001469
495.491220
590.822064
552.500864
538.822349
541.329470
474.790354
510.589282
497.982605
607.802955
516.833460
503.120262
544.280378
472.837050
506.792149
478.828133
540.045691
455.528335
571.234774
555.974819
565.492131
582.870121
532.845837
579.276065
565.553531
506.299514
552.865478
502.235446
505.027058
484.220779
545.048436
548.755502
456.568044
542.559964
538.123289
503.226044
501.457126
551.961562
528.951676
542.783193
572.628293
541.082595
586.502746
525.448041
524.279162
536.652168
556.732479
488.470238
535.013832
570.951832
570.870023
568.590504
611.341173
514.539296
561.749552
566.697450
523.331943
559.391919
559.855551
567.030578
545.501117
588.788354
467.696688
543.140316
549.544217
562.854058
474.102546
566.014802
524.005870
521.022484
489.498137
549.197010
535.294500
554.156137
533.522112
553.986318
555.802620
534.019500
462.570739
514.696703
553.317439
563.458006
596.829547
504.273830
558.388576
588.052256
525.505730
496.548280
529.433857
506.992465
454.006658
516.711265
513.432978
590.004194
535.083743
543.924397
567.117951
501.265031
507.798834
519.040448
507.745859
575.342637
511.283707
564.138593
530.712974
575.181811
515.302973
528.650711
552.295664
561.980020
556.398065
500.451939
551.782418
561.384323
489.481724
541.335355
520.134538
473.956818
510.207822
571.682272
550.119103
507.377942
528.964290
470.698035
515.374230
511.180133
599.018396
505.459247
543.442149
542.881806
509.274867
533.581212
599.567108
538.908473
507.717549
442.362645
530.060142
509.513489
558.337097
463.781204
473.950449
463.756294
540.683379
545.515479
463.952286
544.169176
470.055826
492.842176
471.338940
580.660820
571.046158
564.102640
556.615601
579.747900
541.189953
513.035025
544.809485
547.577143
574.694708
527.163743
523.550105
475.587481
546.834434
569.181225
565.084380
502.135499
521.097593
558.233124
613.565533
548.426170
486.157031
547.513094
526.458540
579.800029
487.165141
527.029622
544.457690
468.680152
538.925223
545.419551
521.614159
496.385526
428.466462
528.397307
498.618211
491.245815
475.430438
508.949270
552.344337
541.443377
585.323557
546.207762
505.519521
509.937182
510.277489
565.120816
535.955059
599.597984
469.800916
563.227362
525.543491
596.040252
591.608091
480.761785
591.076196
512.445118
482.637981
524.367556
548.674991
503.873096
520.951187
595.774398
549.199319
582.097743
558.227462
537.873026
552.634127
541.174037
555.706513
570.433772
522.210353
498.392445
472.986701
501.204430
451.983763
532.516552
578.717776
558.345290
546.878682
522.760388
539.981688
490.153916
537.173423
498.176666
580.488435
476.285862
542.014854
538.696994
566.828606
611.289045
557.585198
502.403678
542.153804
465.787446
548.046562
591.428808
524.737196
487.182374
515.554429
557.778939
576.563172
535.256214
573.371782
559.517793
586.068523
581.333391
603.276270
519.560097
547.924643
577.044295
508.548141
542.371860
458.103512
599.800540
481.273983
549.438007
501.399478
546.669517
488.374408
525.416930
534.792830
551.857539
501.605172
532.195642
558.778618
521.656598
557.969916
570.441731
513.652080
464.593216
476.899658
577.780334
484.825656
461.721110
522.090481
522.661141
479.730539
488.546222
471.364856
493.230224
489.005899
571.749243
562.149201
553.573121
563.641891
553.140428
545.757788
469.962914
558.500950
534.501668
519.152087
558.409027
559.413934
532.289055
462.582132
485.952734
565.733498
566.317668
463.542457
469.921060
494.312696
566.653151
414.444947
568.317590
526.883376
569.585918
560.360145
548.205570
567.492682
516.963475
485.532298
576.800308
507.923067
556.728391
567.480843
582.433901
522.024299
571.348697
528.247600
494.759785
502.411014
509.607759
461.836835
502.396633
549.477845
507.844192
470.832465
520.149417
532.037475
538.011446
616.165977
502.000967
507.159837
552.977572
526.292190
549.307617
471.594920
451.972110
525.730144
507.629318
547.627627
605.499592
477.521015
538.943407
502.223832
563.362950
574.898904
588.551242
554.233538
482.256559
609.735443
505.320380
562.161566
514.889775
525.608351
586.947854
519.561235
552.764795
499.236555
536.661115
524.889462
493.797922
435.286144
567.994638
494.891408
462.061861
536.747228
548.184308
604.039912
582.296623
513.731345
534.573964
565.456827
523.177717
527.229807
569.848297
583.387973
544.769221
617.990965
542.614894
548.797549
545.560724
449.308326
562.199069
618.116436
547.671091
514.839942
571.965804
508.291174
547.235158
534.044934
554.760485
542.343420
556.484932
489.288971
540.646491
527.164977
603.787506
546.216510
495.637019
555.637178
553.974722
486.178472
594.273820
517.203752
571.840606
503.307879
529.169787
501.396165
544.097380
516.131946
574.407020
518.351102
500.731876
562.304917
481.852498
472.451657
474.697530
502.409446
532.638437
485.766731
491.982714
525.729220
525.520144
505.218852
522.409868
480.884643
535.990932
498.432151
613.839253
553.490007
463.636327
520.580670
503.597558
497.142311
530.251399
514.982215
572.263305
480.499266
537.537616
505.505080
550.910951
575.767939
522.123219
512.656670
525.280702
542.419322
559.023962
508.281068
529.366153
506.651655
486.590612
536.009227
564.585129
603.093653
547.042842
528.360012
549.259088
521.330403
532.661976
496.107659
544.638668
478.562963
564.794126
499.799206
557.512029
505.387616
580.088697
571.055481
582.253982
516.421987
508.674458
551.481925
538.848736
558.860646
514.725472
535.601422
528.429168
622.064283
532.486097
507.904033
524.819240
576.632851
581.936918
