4.899764
3.601546
2.751300
5.822401
0.309195
0.500541
2.373645
6.506950
6.297094
1.062195
0.578637
13.823904
3.271874
9.665437
3.562610
0.708583
2.623652
3.578368
1.583753
1.474257
2.750953
3.349861
0.774356
2.087416
14.006461
2.271871
8.023462
12.679779
5.289311
0.529577
0.276247
7.425540
13.292935
6.218972
2.591438
3.083370
0.965094
5.416810
2.356501
0.380535
11.713672
2.821118
7.182903
6.771794
4.712739
12.495629
0.989901
5.429655
3.178560
4.953798
0.068962
0.387533
5.452415
5.605964
9.142512
3.725898
14.174650
8.519295
2.202438
12.334031
1.662212
0.088504
2.359173
0.692498
1.063436
11.965014
9.914958
4.073396
4.597868
1.535771
0.582919
3.537966
1.771642
6.767285
4.052798
1.477802
8.601399
3.986269
4.045102
4.070699
11.617045
7.734844
1.104292
1.747875
5.609687
13.466244
0.053879
3.752377
0.245217
5.040900
0.992734
7.776850
5.930251
5.598742
14.858475
2.946413
10.287563
7.273429
8.310388
4.281630
2.305438
4.552772
1.284952
1.486449
10.887848
5.815521
0.482091
0.448324
10.221490
4.280013
9.564098
1.566097
0.308643
4.060796
7.934417
1.077629
1.155778
0.025684
0.778302
1.406678
3.312081
0.344032
5.355596
4.717471
1.680913
4.339600
0.491483
1.174408
4.513360
0.237873
0.647545
4.337812
5.394755
2.447064
6.933694
13.100229
9.275470
0.782863
1.250085
10.735194
3.738418
4.464298
2.255014
3.316270
2.152524
1.269159
11.398433
6.182145
11.862584
9.463638
6.880230
2.178431
0.136946
0.906592
2.237992
9.007084
2.715247
1.320263
6.410319
6.054500
2.074651
0.872478
1.326719
1.807690
9.216176
3.041051
11.919855
3.460748
4.153137
5.252017
6.592399
3.137066
4.070489
0.722934
5.174987
1.643594
1.704555
2.257306
2.711749
4.124162
3.130064
2.144941
9.657219
7.840595
16.045015
13.257853
2.359717
5.095551
5.017428
4.942652
3.614719
3.822729
7.942983
7.378768
8.976509
2.488475
4.667389
1.495149
6.038910
4.912508
12.319650
9.848535
0.327540
2.191843
4.058842
5.752240
3.126585
3.196615
4.484024
1.121093
1.927601
0.487863
4.097133
0.046642
1.293242
2.304903
8.164486
4.020269
0.252931
10.061366
6.981868
0.293459
8.038531
12.650933
6.989033
6.342066
5.979760
0.825209
5.696191
2.755081
1.982054
3.620326
1.184982
5.272677
3.420801
0.585519
8.468775
8.520180
0.206715
12.100120
7.357476
5.369452
14.060624
9.500004
10.067836
7.055879
5.624117
9.974164
1.605360
0.221727
6.801109
3.873490
3.873381
1.860862
4.310930
2.967532
3.055990
1.314259
8.963101
3.133825
8.823272
0.459515
2.313027
8.941399
7.253387
8.305252
1.704440
0.054776
5.665361
10.865710
0.274806
0.087969
8.079156
5.431674
5.785652
1.575053
1.366347
4.126724
5.134866
7.418401
1.554398
2.606270
2.041309
0.424678
9.795020
9.088981
12.011921
0.940935
7.371386
0.061197
6.326204
6.924026
6.474546
4.215292
5.841502
3.875126
5.072036
6.258991
9.910862
1.695876
6.452262
11.969901
3.213469
3.376947
14.286711
4.185473
1.510059
8.949099
3.394059
8.897102
4.364952
3.499937
8.755146
2.660077
0.189265
1.060761
12.721836
3.714425
2.142380
1.008542
4.582904
7.006256
8.411072
4.696970
3.652191
8.439154
1.169100
2.564483
7.176965
0.071550
7.831832
0.089868
5.040276
2.543878
7.502700
6.047294
8.289436
0.770639
8.129091
2.030537
10.481238
0.891391
3.076108
10.860142
5.087319
3.540938
12.117136
1.099108
1.745116
0.157388
4.739682
6.524816
2.136479
13.071416
8.306509
0.136753
2.245017
4.879646
7.243076
1.077221
2.873291
0.544505
13.735564
5.198843
1.851420
8.782828
7.041249
9.281250
13.112099
2.286046
1.268315
5.178623
9.008018
5.841910
4.358320
0.924123
7.843339
2.538625
5.145261
6.394175
2.483664
0.731974
10.088901
0.000185
5.903617
2.297263
6.405687
0.697135
3.343562
8.111861
0.479765
3.630379
4.388641
7.256557
2.051450
1.128437
4.430712
4.729842
2.856647
2.123412
4.735050
1.558369
0.338024
10.203868
11.081385
0.663767
0.406243
11.425176
6.122327
7.860917
1.968357
0.068270
11.767773
8.460825
1.517212
8.665389
5.001177
0.547600
6.290958
7.888444
7.117048
8.689834
5.290439
6.641483
7.854340
2.179744
11.805442
5.974244
7.701182
10.451745
6.615721
2.568873
10.390156
1.048702
2.624054
4.165620
3.797876
12.879629
0.087282
5.859625
2.427459
3.067796
8.077362
2.058536
0.293554
0.275641
1.961270
2.192464
4.050855
2.702102
1.634787
4.197199
8.210786
11.284678
4.143598
11.647277
0.699600
9.680408
2.761454
7.629349
3.328776
1.222692
8.448987
3.185082
3.478866
2.435847
8.159715
6.360179
8.339724
2.414006
3.850814
3.917362
4.555316
1.621556
6.736460
8.502464
7.885570
1.540794
5.356863
6.414092
9.373159
0.438253
1.162177
5.198854
6.687369
13.636715
6.405082
13.295366
9.854126
6.130811
0.738037
3.646903
7.778694
4.138111
6.066295
7.613184
8.048782
1.280249
5.375085
8.141951
4.250228
10.468422
9.997467
9.809069
8.394982
5.103182
11.946876
1.275116
16.485888
2.836671
7.999088
4.224257
11.731388
9.675061
1.301345
3.849728
2.685978
1.888427
0.069528
9.090362
9.267815
4.162776
8.444366
7.720813
5.829655
2.816658
3.886196
2.050507
0.621896
7.995756
10.208952
5.583837
6.048107
8.226682
0.300009
1.029100
2.634702
10.830406
5.512162
0.284166
7.275698
10.404056
1.059258
9.521392
3.932868
1.733491
1.517609
6.901011
0.055863
3.214398
0.590077
8.206751
4.865051
3.742075
3.861497
7.292080
6.936768
0.010081
11.368952
0.142393
8.587352
11.260129
3.890669
3.090489
4.426160
3.864581
11.092224
3.326873
1.232496
1.543709
4.934730
4.676885
11.062133
12.066678
1.807237
6.800828
1.740493
2.732227
9.526093
3.324704
4.396027
0.549752
6.846949
0.737764
1.154374
12.473818
0.837611
2.867331
7.441115
7.134547
3.823759
8.374787
7.552896
4.207726
5.431029
13.805557
5.218764
9.367376
4.764801
18.882626
1.132354
10.804829
0.219373
4.439174
3.262302
3.764715
5.479870
2.289968
3.165500
8.533861
2.053202
6.845437
6.299411
0.391693
0.816756
10.675716
1.226250
6.812808
6.643837
10.570997
6.675057
5.416199
11.185243
7.753565
9.890183
2.276881
6.924619
2.551306
1.422732
1.415946
8.609554
11.538107
0.527654
2.538055
1.935914
6.852711
0.494310
2.093753
7.574545
0.166419
0.945246
2.708444
2.127404
2.442015
4.094861
0.896215
5.328204
7.677173
0.995105
11.825801
0.572300
7.757939
4.083023
4.082824
1.895529
7.374761
5.061820
1.069708
6.046888
1.813336
5.809609
0.110803
12.620017
2.598985
0.486018
3.813478
1.841062
5.908923
0.474252
2.281322
10.755857
9.961889
9.766244
0.106927
0.716332
9.096815
2.181467
2.528839
3.140779
5.716271
1.928620
9.708451
6.978829
5.143939
7.718160
5.363286
1.443870
7.638546
6.016291
6.602605
9.350929
4.372068
3.485669
1.107647
2.451446
6.895897
2.949700
4.809842
2.640826
9.128387
2.791891
4.447702
8.824882
11.116655
6.958421
3.821772
6.577617
1.039154
0.297703
3.599620
0.661655
4.107661
7.121983
5.972321
1.588046
2.196155
14.644826
10.309875
5.674282
10.269905
1.303277
0.668563
5.648351
6.825330
3.841833
7.752155
2.595760
5.827094
6.774490
8.645332
1.701450
1.628955
10.790958
7.302625
12.137114
0.614371
2.434352
1.117780
6.325767
11.976739
3.723680
6.617862
0.701812
1.545385
0.555823
9.875363
3.205739
3.861864
1.708610
2.771284
4.258196
4.047726
9.747105
4.794465
0.019995
5.796168
3.221563
2.280146
0.290288
7.490678
2.099034
2.019630
10.363150
4.377025
9.343580
5.831716
0.367228
7.675823
6.755443
8.886889
7.481577
3.559324
1.077637
10.921447
1.828078
8.887571
4.716758
6.987165
0.547982
4.723597
1.826083
1.017372
9.839015
3.161810
3.213901
1.242431
5.240391
3.434967
2.047050
7.500283
8.728145
0.980811
3.578847
7.025112
1.797157
0.196636
0.374841
5.067934
10.765932
1.774620
0.637917
1.177203
4.009549
8.199055
5.165635
5.935091
5.752071
1.243908
5.348665
0.427193
6.426352
9.023209
7.343097
6.180828
3.792813
8.344296
3.962244
0.954720
11.850899
0.749171
1.606999
14.464790
4.705596
2.448909
3.372133
0.136880
1.100796
10.908370
5.640617
2.262445
0.793721
3.694751
2.483067
8.124923
1.329362
7.007542
0.909541
6.300899
6.657543
2.942076
4.244196
0.733401
2.642694
0.184872
0.175874
7.517013
8.348416
4.522672
4.837765
6.978943
7.330730
11.456130
8.626344
0.500091
0.724357
5.709744
6.529873
3.046673
11.594263
2.923934
0.474718
11.118308
1.367942
8.384768
2.024165
0.371637
0.763310
7.597859
5.246130
3.264548
6.023075
12.347544
6.281351
5.181496
5.706347
2.055415
8.632258
2.408879
5.989313
2.446999
9.895712
8.580570
6.618936
0.366752
0.301348
6.314204
0.252866
0.227458
0.118372
2.933494
0.034282
1.039300
4.835811
2.101697
8.448101
8.757114
10.488771
0.175841
10.033249
11.938628
0.811136
5.129119
5.464969
0.010952
9.110210
3.819124
2.692516
6.526202
4.679140
0.234772
3.373915
3.011213
5.672752
0.680021
1.680451
6.832361
8.482595
7.339530
1.560634
0.024769
3.996397
1.347145
3.126932
4.854173
0.064129
1.992357
6.777700
3.314973
8.203250
10.079587
18.389422
3.154240
6.909172
5.646953
3.445929
8.777100
5.299432
4.253897
7.598553
6.103886
6.665226
3.134256
0.944765
0.628712
0.030805
9.857143
3.868098
2.868622
1.684736
8.697371
13.753530
5.668678
10.034676
3.735164
6.090368
4.999016
3.602501
7.954067
7.786903
4.425938
10.421800
3.777503
4.076011
6.301187
7.357098
2.014841
4.038171
8.238495
5.851339
9.918475
1.278726
1.578894
4.815956
1.191725
0.304195
12.155623
3.309441
2.207092
12.640887
6.261241
2.031699
1.878388
2.309856
2.098947
1.786856
2.131611
4.217108
5.980417
2.554298
0.047909
3.312227
3.440898
12.648073
3.984404
7.162532
8.127347
6.381250
12.251984
4.236852
2.198840
9.330112
8.717260
1.298540
12.006172
2.249477
12.990058
1.033278
4.719597
4.858289
2.094748
0.082943
5.930891
5.970336
11.612626
9.274635
2.165581
1.118150
3.999293
9.302803
0.996418
3.019373
3.898849
2.311852
0.808492
0.382012
3.138914
2.317354
1.029308
0.741823
12.143455
0.416292
1.615314
7.989015
5.252478
3.077450
11.360152
4.699171
0.024502
0.433248
4.582592
0.002930
2.056372
1.570200
0.513237
10.345980
2.337915
12.216190
0.555428
4.814254
0.772579
3.184551
3.282936
0.035544
0.150727
6.349055
2.312753
11.816550
5.019080
7.459080
6.018778
3.229741
2.661963
5.442068
3.768856
9.440521
7.372739
15.072048
0.760400
6.766298
3.377590
3.576112
1.198731
16.791148
3.062417
5.474347
4.553953
4.487554
0.407044
8.530264
6.257873
1.592699
5.858440
12.019214
6.147087
2.373551
11.999941
8.950602
2.524130
5.591845
6.764831
11.173238
11.110225
6.783334
3.057038
8.355143
11.504613
4.107812
2.468737
1.106208
2.860798
1.395097
6.632245
6.716007
5.741556
1.135014
0.913737
8.222485
1.644649
9.291735
4.987030
1.287190
7.751160
3.419556
9.687429
1.338499
11.914267
9.837278
1.768082
1.858537
5.556103
4.395363
2.276442
0.980605
10.809988
0.312879
0.347627
5.143990
3.392732
0.511634
6.807935
8.522868
7.040564
2.792169
6.274604
4.355521
8.106017
5.202425
8.628122
6.920754
7.538458
5.798973
6.434373
6.939176
4.110913
12.130853
4.597793
12.905616
2.591100
6.344758
0.343752
5.510079
3.220799
11.186772
6.702132
8.197620
1.138930
12.305228
2.007510
13.112377
1.193286
0.921533
4.150682
7.485523
2.036363
5.215146
0.954193
12.273902
9.317079
0.911284
11.999821
5.200895
13.591967
6.184351
15.028097
0.071099
1.390804
5.920442
0.825781
5.016571
1.321320
4.860115
0.170845
10.698228
0.992774
13.350200
1.321675
2.358107
1.060075
13.459048
4.780428
2.062022
6.789414
3.920593
5.888919
1.062811
7.406281
8.981414
9.568406
9.830962
6.040701
3.465172
1.008225
1.300352
4.686013
8.530964
7.399276
4.017286
9.776015
1.505904
7.081102
0.455012
6.475903
2.661593
7.429192
1.307866
6.345703
6.136337
9.537113
9.337993
5.631509
10.498222
5.317310
15.871182
9.117440
3.263858
7.942156
0.337676
8.035546
3.037402
10.024578
3.746140
5.070977
2.107462
1.567097
4.840099
7.189836
7.238741
6.399121
2.403153
6.145530
5.602097
7.363461
11.778941
4.247803
2.898824
5.771436
0.290198
3.268287
0.899137
0.279151
0.057483
0.817650
2.114729
2.746048
4.804462
9.673329
4.284307
2.552252
10.832025
5.195263
4.072958
8.786377
4.850795
0.616815
8.889411
1.455644
3.780964
6.594923
5.663916
4.876061
4.776275
0.499098
7.318340
2.189908
0.922191
5.165336
7.502857
7.586722
1.786329
4.453295
1.708232
9.310586
0.374266
3.597895
7.604669
3.491668
5.017164
1.362409
0.215821
1.707238
5.085292
4.413703
1.806660
10.917892
4.531549
7.123316
11.493818
3.011482
4.146963
4.881886
2.801045
10.389291
3.128677
1.731898
7.207183
3.998902
5.828456
3.604530
3.150424
7.052627
0.275301
3.068587
6.781980
3.735652
11.250371
3.967201
2.312236
0.296293
0.671691
8.494792
0.765920
1.870584
2.363409
6.524011
2.775052
2.665207
8.167850
8.049465
2.717109
4.687746
6.705395
2.819923
9.269665
4.428744
5.818852
11.084855
1.206105
11.072271
5.894073
5.407327
10.362995
4.893360
10.432394
14.130081
3.756192
4.864127
7.186962
13.964247
1.484466
5.744408
7.536988
1.597368
12.567965
0.978069
7.109639
2.829326
0.227461
14.350383
4.582232
6.308320
0.499446
11.035147
7.598908
6.760630
11.015032
4.320756
2.254034
5.245977
8.157535
1.653458
2.816978
5.044844
4.384000
7.976044
2.302042
4.220981
8.859343
11.573708
6.911368
4.051664
6.323585
2.141887
1.717649
1.733168
7.801845
0.666882
1.951168
2.529934
2.228591
0.470768
6.388375
13.491634
9.754076
1.071875
3.576306
2.151732
2.495208
8.033163
0.638841
1.383078
8.507723
2.730030
4.013888
0.781532
1.607786
11.936899
5.724894
8.300502
6.162446
8.677413
2.056880
0.421883
10.554905
6.154260
2.044460
9.547638
3.109121
4.023889
10.410788
5.081374
3.658393
6.035916
0.051427
9.517117
7.963861
3.409966
6.896417
1.910403
6.331029
4.149417
5.495885
5.142406
7.074586
2.178685
3.059348
3.209592
3.734880
0.086037
1.114131
2.584907
3.368803
4.120381
0.808616
3.812458
7.689512
5.934359
2.513310
8.145218
5.475364
2.885743
8.295988
3.421978
4.375700
10.873259
2.720153
2.620313
9.453390
9.521111
3.623633
4.229359
12.851299
6.202883
1.495158
3.785844
1.885431
12.297045
7.556158
6.597686
5.581897
12.672760
5.271597
3.728569
2.316859
2.886597
2.789339
0.652106
12.574079
11.524007
13.383060
1.720376
9.872536
0.692391
8.407636
10.451435
10.492513
5.398781
9.195090
4.226504
4.821602
0.674790
2.955333
12.741821
2.558087
11.470756
12.278239
5.389702
2.462275
1.845827
4.770043
1.725779
1.872229
1.518734
0.233995
4.330159
4.610772
6.190661
2.717673
0.806681
1.933196
0.264133
2.520955
4.565672
11.757275
4.806002
4.992688
7.437364
5.457780
2.866264
7.013948
8.648233
0.377368
0.802516
12.701676
1.340191
16.016665
3.085666
6.023963
8.994653
2.803560
1.896733
1.647403
4.067393
8.161549
5.669409
2.578562
5.278853
4.570030
4.982963
8.902388
3.337360
11.519914
5.837802
7.212906
3.105267
0.742399
2.078355
13.471876
0.081701
0.031063
8.168543
5.461267
10.497186
1.600122
4.880140
9.736017
0.902195
7.432213
10.763936
1.865731
8.135585
7.289576
6.675464
