1.862606
1.085593
3.063125
3.453386
1.790589
2.368127
0.018223
0.498550
4.985332
0.267156
3.451153
0.355117
2.089548
3.613788
0.688942
2.360501
6.608922
0.600183
0.138302
1.316358
0.189464
1.211602
1.967874
5.046588
3.745761
2.307456
5.810520
1.559718
2.000839
1.126565
2.999232
2.575125
0.190384
2.108205
3.421922
0.455626
4.796976
2.973384
0.657053
0.952062
5.518822
4.133669
8.169324
0.355669
2.110707
2.250743
0.388270
5.930069
3.526680
1.441955
0.596457
2.447398
3.134735
3.616351
2.957316
2.923610
0.011236
0.869275
0.846208
1.069802
3.129524
0.068452
4.043166
0.256920
0.691623
0.203370
6.146914
0.156308
0.477061
3.922612
2.730778
3.870593
5.021868
0.070225
6.314126
0.096201
7.220164
3.766049
1.402636
3.633632
5.220699
1.472903
0.564121
4.310004
2.951229
5.467191
0.619743
2.482455
0.224408
0.426193
2.313846
0.832793
2.911077
3.176065
0.962535
3.829685
1.429657
0.634872
2.517491
1.362592
4.417782
1.836851
1.246928
6.530941
0.156935
1.947429
4.330441
0.274254
0.064495
2.202961
0.010296
2.173447
0.368313
1.734027
0.817289
7.172972
3.874810
1.625408
0.839161
0.970317
1.155082
2.575596
2.321349
1.648174
4.193020
1.489135
5.906926
2.388332
3.316322
6.624020
4.293756
2.440640
0.022642
0.075640
5.054775
0.681170
1.917026
0.485420
2.929803
4.899779
1.412703
2.736448
4.721270
3.118114
3.878573
1.013447
0.406475
0.499073
2.004391
0.046853
2.663565
3.946609
4.039308
0.271673
3.197192
2.632045
2.723364
1.768263
3.314222
2.897268
3.304258
1.077777
3.618967
1.053533
5.712825
1.571873
4.532188
2.363710
0.045206
5.470721
2.058896
5.069943
1.067192
3.015241
2.853519
0.210729
2.032532
0.051941
0.185129
0.079160
2.284401
1.266770
0.125876
1.532015
0.074299
5.048096
0.134563
0.029716
1.779484
3.701302
7.004950
1.911587
1.247221
1.811006
0.421097
2.857105
0.610416
2.699441
1.780497
0.243278
0.225274
1.329132
3.797003
3.420895
0.143619
0.609347
3.831818
0.266113
0.602758
0.415589
4.182838
1.822140
0.303867
1.938143
0.661868
3.484896
1.997729
2.185760
3.774338
0.585434
0.672888
0.004075
0.891280
1.637212
1.201944
0.165451
0.857616
1.960133
5.945817
0.850261
0.921454
0.891404
4.809542
4.675278
4.512417
4.526166
6.013545
4.543699
0.017827
1.857311
0.691364
0.708631
1.589318
0.140869
3.850674
0.384269
1.472509
2.528276
3.956867
5.287809
6.029767
2.137024
0.866743
0.911634
0.280028
1.360312
1.378103
4.722212
4.278161
0.484941
1.808171
1.062939
3.615237
1.779120
0.574916
0.498046
2.344170
0.807744
4.757597
0.222730
3.957897
0.044673
7.250779
5.474083
1.425441
1.229595
5.841312
8.712524
1.426735
2.442353
2.839694
2.251916
3.568773
1.127681
0.006857
1.976477
3.106419
0.050694
0.347721
0.625099
3.283310
6.482340
3.245532
0.787381
0.462552
0.791334
1.211019
4.065344
0.980603
4.585883
0.037434
1.998130
0.373324
2.079408
4.725163
0.751898
1.395906
3.005385
0.458644
3.020057
2.896293
3.982193
0.197147
1.271644
4.158314
4.569978
1.500231
2.762053
0.616043
1.491792
0.989390
2.135987
0.273589
2.371560
0.995837
0.488346
0.069934
0.766887
3.105736
3.518923
1.569047
0.177606
0.069052
0.348718
7.288639
5.104822
4.781604
0.469905
4.901785
1.781594
6.418678
2.137730
2.696679
1.230908
4.313525
0.209858
1.736310
0.414932
1.266002
1.423464
2.589728
1.481215
2.619330
5.233728
6.229977
2.654104
1.185046
0.333109
4.099598
4.410364
4.029274
0.192668
0.150107
0.539509
1.820253
2.178058
0.697316
3.219425
0.551893
5.658419
3.211474
1.994369
0.376794
2.937760
3.830495
8.174015
1.500273
0.818556
5.623520
2.312002
0.600350
7.265909
1.408896
6.191874
1.778001
2.068144
0.535956
1.035384
0.005238
0.640924
2.367754
5.352529
3.011969
1.014635
0.251849
1.652329
3.753001
3.139907
1.228986
1.527896
0.522521
1.299609
3.575607
2.700097
5.828124
0.749522
3.226213
2.408846
3.981400
0.177871
1.543239
1.164551
0.465268
4.720244
0.608274
1.354352
2.609180
0.665018
3.747990
2.512085
0.648603
0.437499
0.193435
1.450481
1.212261
1.055472
1.184142
4.515986
4.930192
3.265256
3.984162
2.620940
2.609199
1.735303
2.326931
0.153402
1.459934
3.165723
0.199422
1.176348
0.419104
2.478743
3.294883
1.674555
6.572130
1.311406
1.314297
4.620579
4.104129
5.278475
0.557703
0.085704
2.434584
1.590085
1.509982
1.393749
0.321723
3.326132
1.861830
2.213103
1.436748
0.892685
2.164745
2.539216
0.864665
3.141795
6.039705
3.631851
2.990853
0.076632
2.134511
3.222031
3.353050
2.572387
5.075337
0.550530
0.143799
2.425558
1.770556
3.929376
1.302956
0.252352
7.349556
2.159362
5.505905
2.822104
0.916161
1.242067
6.550719
0.216716
1.623190
1.486156
0.016794
6.704341
3.261473
2.940278
4.346568
2.974904
0.112962
1.146783
4.376040
1.549498
2.309698
4.571334
1.113344
1.537183
1.357190
1.226887
0.958568
2.629217
0.205571
5.033216
5.645759
6.160696
3.964451
1.160893
4.136954
5.215178
4.784144
6.493870
3.058341
0.693809
3.640492
3.714704
0.481553
0.344143
0.165672
1.633428
1.047655
3.339195
0.075804
0.809662
1.660291
2.799650
1.000042
0.014842
0.172647
6.790496
1.392481
1.967662
1.201228
9.740240
4.037190
6.068339
4.050457
0.632893
0.218989
2.611565
1.915577
9.487929
1.508776
3.914287
0.104682
2.041001
0.215361
3.706032
3.435578
2.854007
0.045687
0.009463
0.563343
0.354994
2.039686
0.759880
1.109636
1.183123
0.321842
2.791655
3.266548
0.791863
9.746812
3.449646
4.180479
0.473375
0.132831
0.709182
0.647658
0.487493
2.087684
1.947767
3.569433
1.018772
1.184372
0.064715
0.081571
1.203121
4.906067
1.873142
0.178039
1.467058
3.204830
0.230686
2.123473
3.586787
3.191943
8.044858
2.331269
0.021155
3.883305
4.469661
0.685968
0.548557
0.145794
0.371445
2.250964
8.878020
7.936628
2.025536
3.889114
5.184173
0.282706
6.235116
0.022190
3.861962
1.875178
0.475167
3.169767
1.209236
2.892808
3.232937
0.442545
0.448703
2.667856
2.514986
0.801003
1.667463
2.571478
0.436783
1.368716
0.244052
4.455564
0.341208
4.435678
2.108811
1.514631
4.083137
1.198687
3.755938
1.679629
4.496868
0.752326
7.489222
1.698271
1.697264
1.844933
2.109869
3.692600
2.235921
3.596111
2.697807
1.414816
4.240402
4.552205
4.855766
4.973478
5.676235
3.765778
4.718911
1.258313
6.796058
0.024224
1.280604
3.662649
0.017988
2.161628
5.504520
0.307421
2.052266
0.053808
0.087261
2.728059
3.578252
4.787431
4.045873
2.384664
3.495244
4.370558
2.248515
4.956127
2.693767
2.640381
1.339866
1.307538
0.647223
0.303703
1.436359
0.665550
2.352683
4.431346
4.092530
0.301715
1.159286
7.318077
3.107160
0.207748
2.662947
2.135631
2.875991
1.115221
5.902174
2.228866
0.520649
2.048018
3.640488
0.087792
0.025031
1.757745
0.732749
1.400828
2.980783
4.280335
0.443121
3.560732
0.271470
4.756932
0.001403
1.501294
2.354338
0.615542
3.247123
2.157837
0.259487
2.647848
0.347762
6.651699
0.154603
0.971358
2.789931
5.074103
5.379351
3.012632
1.678800
1.019353
4.035988
1.517083
1.750147
3.570767
6.321291
1.073289
0.312221
2.369854
2.099582
1.456561
4.452048
2.021502
1.643917
3.905378
0.377932
3.908570
0.289702
0.139927
0.604592
6.228875
0.528509
2.501420
5.178849
0.160966
3.745159
4.364464
2.712040
3.546919
0.135223
0.045332
3.077590
5.873116
0.741420
0.452304
0.088247
1.307371
5.005988
4.119216
6.333360
2.666027
2.929493
4.173779
0.934085
1.495341
4.014757
0.076239
0.034816
2.284860
6.929749
0.642964
2.563886
1.817605
5.562691
2.100689
7.383204
0.073071
4.940489
2.058126
0.835414
0.016682
4.580374
0.108878
3.188951
0.137953
2.377287
0.368077
0.726583
1.567791
3.045067
0.305357
4.270600
4.628265
2.752464
4.286403
2.863259
1.397194
1.431194
5.786752
4.776425
0.320569
0.125747
3.280014
0.027676
7.328755
4.517052
3.766680
0.832774
0.866688
3.151092
3.699231
0.081913
0.350180
0.675453
0.174304
2.476155
0.398923
2.374992
2.311217
0.226830
2.218192
0.126342
0.304440
1.127745
4.716730
0.727968
1.426804
1.620362
5.309814
7.687108
0.672345
1.675752
0.050578
1.191629
2.017364
5.858931
0.205665
1.109530
0.238671
2.452880
2.957446
0.893589
0.102477
0.640870
0.514548
1.717955
0.067627
4.046693
0.024384
0.267125
0.241557
0.501261
1.242956
0.175274
6.423012
2.105560
6.349130
4.298785
2.671090
0.064735
1.432316
2.455516
8.185236
0.057665
4.298405
0.921229
0.032627
4.424892
0.094285
1.597506
0.048017
0.269060
2.802665
4.995625
0.075808
3.038358
6.062722
2.345475
1.619371
3.874472
1.609013
4.927290
3.417348
2.355578
6.279718
0.301123
5.616017
3.035724
0.064197
1.299561
6.586071
1.340303
1.053396
2.469860
4.242177
0.879695
3.452012
3.760968
1.415565
7.991615
0.572668
2.267522
0.104391
4.364932
3.907322
0.966195
0.033113
0.240556
0.972582
0.441854
0.463703
0.056332
2.494451
8.500848
1.434383
1.383027
7.243362
0.375562
0.384897
3.663108
0.001895
5.416336
1.180557
1.016082
2.911939
0.238062
1.344418
5.116163
0.419775
4.542700
3.762997
7.030737
2.641008
7.350599
0.072236
0.152040
0.610489
3.676475
3.604039
2.955864
3.074645
1.643340
3.957703
1.729863
0.617013
0.816186
2.578909
0.280922
3.534705
2.975596
1.747890
1.388214
3.262998
2.241097
0.543751
1.042820
0.615284
0.058317
4.954767
1.110946
8.978863
4.467624
0.010737
0.517220
5.550096
1.892786
3.574498
3.461046
0.269655
0.801400
0.360712
6.980471
2.524703
3.147186
2.041981
1.334865
2.339225
6.510250
4.536526
3.363863
5.245547
3.559232
5.038554
4.793186
2.254543
0.522960
0.253305
0.312313
0.348220
0.054937
2.374684
4.300308
4.173696
0.115183
1.249615
0.959334
0.972933
0.111868
2.690879
1.484500
2.467310
2.114309
0.064747
1.229320
0.617151
1.721954
0.705415
0.139999
0.783404
1.566148
7.515395
2.594274
0.533908
6.890522
0.585341
0.424176
1.341468
0.763938
0.440120
0.297828
1.489650
1.963766
7.137430
0.007088
2.042784
0.354368
0.263500
0.009285
0.723856
2.057401
2.351184
1.782942
0.412158
0.786216
0.529408
3.024198
0.719597
1.738167
5.441545
3.307299
0.001931
4.693082
1.834941
2.441796
0.864429
0.267629
3.257007
0.516917
3.506803
3.990572
3.826540
1.080756
4.134009
1.997919
3.629715
1.437777
0.853935
0.663668
0.170317
1.919526
4.566707
0.236930
6.620157
2.391719
2.195792
2.730309
0.449236
1.699242
1.161933
1.070585
1.873338
4.141751
7.722311
0.500798
0.206899
2.569309
0.305061
1.033778
2.180642
5.812937
9.491826
0.040776
0.801659
2.380747
0.319030
0.242835
1.315584
0.163613
3.433772
0.352000
0.038392
5.473333
0.183864
0.391643
3.077289
1.704210
0.466803
3.529405
1.055592
1.111966
5.212978
0.669224
0.771398
2.067978
0.157797
2.676763
0.818546
0.252886
0.021512
3.746409
3.240213
7.564763
1.954007
0.019980
5.535148
2.337536
1.140174
1.490068
0.037208
1.893006
1.997363
2.431101
0.088391
0.726001
3.633309
0.515961
4.193453
1.743015
0.126852
0.058173
1.676691
0.234604
3.611395
1.208526
0.054434
1.125644
2.219095
0.838000
0.042500
0.047197
1.572701
0.413286
1.199997
4.410421
4.177363
2.840824
6.454281
3.678081
0.177321
0.427447
6.902120
0.667471
2.524329
3.949139
2.473315
0.845399
0.156501
0.443409
4.241407
1.992198
3.121507
0.811418
0.177610
4.174616
2.634749
0.019027
2.093217
3.651403
1.836520
1.392055
0.581699
2.090661
0.354287
2.049594
1.876229
0.226498
0.585140
0.579704
2.388457
3.046340
2.002046
0.829243
0.349481
5.859659
4.670020
0.047672
0.019401
5.835401
5.640041
9.214170
1.917075
6.249742
4.318077
0.167610
1.118432
1.733094
4.897585
4.347789
0.014346
3.102478
0.718952
2.245384
3.822145
0.298626
1.254670
1.481207
0.752041
0.526117
3.872523
0.029583
1.080351
2.995214
0.395118
3.703314
0.567138
