25.402331
45.896995
35.448925
31.041714
32.251153
37.208363
37.529084
41.234156
33.573713
41.215419
37.267829
41.358439
26.302450
21.793517
34.514620
16.890883
42.094736
53.241382
50.720393
16.500152
16.672417
52.473953
33.171139
36.739590
47.249747
39.747112
27.060371
22.185149
30.406142
35.211109
32.541460
30.924112
27.613502
30.825164
24.600899
43.659557
51.210114
24.570423
42.951970
26.260042
30.086709
26.366901
24.477504
37.375293
31.040984
29.707872
39.482177
43.161355
28.155608
26.889437
38.653613
33.999564
21.004740
27.730568
32.629328
35.742962
40.911180
28.100920
40.888374
20.287330
30.169211
32.909556
25.762433
27.587178
28.621517
24.466414
35.588207
30.544453
27.234791
31.079144
17.296054
29.395641
38.722669
44.068556
35.505703
43.860669
38.154312
42.248804
25.125973
44.472441
24.229496
19.034160
30.259465
43.607896
39.548364
37.548773
32.703684
44.913641
30.537528
26.026326
37.273779
30.547126
15.681745
40.309334
32.782057
40.663235
20.932682
9.253924
30.090856
23.934645
37.697153
30.242905
29.725024
24.972512
27.462258
43.049426
42.951618
20.944739
39.953615
29.068457
20.093164
16.001294
30.001565
36.957520
33.817422
23.286490
49.956630
14.930842
37.661927
36.427181
31.329336
18.464947
44.818984
34.623195
33.498148
38.820021
25.448721
21.937960
31.958141
37.472461
38.500369
33.904544
29.123036
38.784124
27.909757
22.547862
21.435398
29.696795
33.857265
17.762531
37.594015
30.563672
32.552802
36.899120
33.099082
38.496196
34.308420
34.451410
37.092991
7.110944
24.477744
36.330240
36.746605
37.709468
31.157645
37.530650
47.277875
15.435789
32.578208
32.596749
36.535852
21.727383
53.822227
34.077404
37.766091
34.293600
30.767747
31.872730
34.171877
23.707179
38.656933
37.386977
26.057297
27.401714
31.821354
19.480330
33.289827
51.562102
43.590167
38.100391
33.890150
35.051787
34.440681
39.614836
53.050289
42.183726
37.218611
36.733152
36.313454
29.733247
39.560372
34.839973
29.287507
38.530511
12.885406
27.828713
38.292913
40.688105
38.518966
25.743879
26.116128
34.931566
30.685254
31.834275
47.009563
35.085041
23.730707
30.327636
22.033907
21.997294
33.119598
30.994546
49.711475
39.018423
37.610921
41.026857
34.727869
13.957546
25.514754
33.476561
38.596061
41.549200
39.895617
25.488644
47.611180
40.724581
44.234574
28.292105
49.017976
52.074135
25.407110
33.116272
35.997566
27.206319
31.689808
39.022205
21.557774
24.936444
35.219067
48.571610
35.196829
30.442556
37.905416
42.483983
33.259304
28.823429
42.557042
31.419277
44.979242
34.959938
41.191158
24.842267
19.536258
43.848037
36.586367
25.396170
25.213523
46.269821
27.618547
34.297484
36.117620
27.086226
44.217832
32.304896
13.896140
43.806906
25.852815
22.673947
24.520669
4.981107
43.579875
43.967238
28.470465
46.746001
31.591031
41.559348
52.993957
39.822473
32.074668
26.616843
32.446806
29.452772
35.926727
23.482950
24.132598
35.906898
28.094293
38.882719
33.520433
22.197505
25.156990
29.608929
29.504555
44.842663
45.456267
29.904971
39.729532
24.517242
38.408435
14.553281
40.552693
27.615134
27.898633
45.961571
25.495099
33.867648
26.337730
49.906545
14.832946
40.801898
22.376359
47.497968
22.359904
28.975234
21.920670
26.279692
13.097146
32.777311
38.192133
32.346825
27.922608
20.896206
41.391544
36.835845
26.496426
49.800349
17.147947
28.485625
48.654367
46.227763
20.715816
40.470583
27.260626
40.203613
31.653181
28.757437
21.443660
34.306221
28.624701
40.025488
31.672925
21.581454
30.135281
32.099627
45.165454
37.582072
36.707258
24.080927
20.633195
25.552902
42.333880
30.222618
32.237705
55.040945
20.466861
31.862228
21.349331
14.235489
31.190857
43.175927
27.040918
20.052217
39.875755
24.859078
38.718989
36.368112
38.766748
35.603057
46.355530
17.741348
23.724019
28.724267
32.756649
27.055964
21.954515
40.849518
40.218032
26.047986
27.217701
42.920965
24.615660
31.100094
39.156942
35.446755
30.264846
37.818053
35.898800
25.046533
37.156565
19.309545
29.847265
43.287743
20.778761
44.090979
17.116150
42.805338
29.070251
15.388510
25.298626
33.282221
37.952325
42.005614
32.545643
43.214986
33.242072
38.729296
40.364211
27.064424
54.042447
24.385703
20.136225
34.577363
26.964818
39.493852
40.963428
41.440341
17.861010
33.525032
42.924918
24.528987
31.489484
40.429761
35.194647
33.362955
31.383207
40.662065
36.972603
30.736775
34.813745
35.384888
39.698016
50.260105
21.470134
37.515145
23.229899
33.810322
19.205143
47.318212
34.976172
28.275124
41.325087
33.438044
31.975088
37.177301
33.688023
35.628140
20.047194
31.600198
31.496814
39.134436
31.044257
30.334572
34.516589
25.961591
34.526949
36.335445
29.356187
44.025265
37.146312
32.908219
35.922019
44.401850
35.235469
17.979404
37.338668
20.291571
42.175353
25.670711
29.276443
49.345120
38.006952
38.662393
23.347060
36.939572
36.787677
36.759980
42.381674
27.082718
35.271523
31.793870
33.441693
41.993554
28.235014
35.292764
37.899307
33.895697
15.088176
36.530642
36.412585
33.690134
34.102998
41.800706
27.582471
51.578411
26.495033
27.601596
41.542068
23.504887
49.406891
13.583060
39.081282
26.251603
31.339631
39.636046
34.297889
40.007921
35.409469
40.853821
28.142003
36.365416
46.760509
29.092661
36.804750
29.313649
35.541122
38.204877
14.838167
45.384365
34.533944
18.258686
39.701012
30.666214
34.316030
48.833361
21.779256
16.097872
31.906513
35.186645
26.042831
26.004529
41.426178
45.886564
22.906922
18.590891
43.523507
39.367566
22.961226
28.680989
36.784784
25.240422
36.729493
29.186149
23.257533
25.413661
41.110792
25.458909
25.087231
35.722541
23.299058
29.798848
26.678855
20.765942
33.006116
47.869898
34.626530
28.965242
50.895917
37.791385
44.912915
30.004403
33.548976
43.559190
37.896224
30.657440
33.891138
42.544085
29.495906
42.170697
29.803221
36.169831
41.476247
42.300628
37.502330
28.964656
23.914816
41.403513
29.983373
30.528072
27.681356
36.277896
34.395147
22.733681
43.774560
38.927518
30.884321
36.676757
31.669386
29.189876
28.132616
34.532660
39.958515
35.980148
37.823718
33.663110
21.471237
39.579923
22.595082
35.254354
39.218939
39.402568
26.077603
26.333282
29.341898
37.561799
17.501888
24.932918
15.122035
34.983621
33.358124
29.787183
35.433518
39.688234
38.574002
36.870889
33.880308
37.598752
27.654786
42.964549
28.348692
32.074700
47.282738
33.945065
32.739483
43.577978
34.736212
39.447555
40.665661
39.664820
39.155304
17.980312
25.262222
32.112725
28.893784
24.967298
30.363821
48.258907
27.772367
33.656424
22.083792
36.909757
21.358377
31.945971
32.904334
44.192366
49.401277
19.081197
25.511210
23.535009
34.263790
39.154800
36.995692
36.414039
37.567148
40.300966
33.997072
30.724425
44.438700
42.618032
29.807253
19.059110
26.355749
31.892745
41.061190
41.299106
34.937887
39.623962
39.844507
25.832950
35.603240
38.630846
29.122877
26.289636
27.589928
45.689769
31.204236
33.079664
30.340784
26.321749
22.186545
37.054228
25.909178
23.379600
34.112568
29.039187
34.083612
35.109822
30.432960
14.065073
27.228630
33.777973
36.951801
19.971853
32.070463
28.640601
32.136531
19.282393
28.112635
30.897858
24.812918
36.845248
47.944495
22.971661
28.662608
33.324708
28.088953
41.563998
33.956928
21.609727
27.713598
18.760519
31.120424
31.133500
29.376175
22.284854
38.299784
23.077245
41.401680
18.299642
46.916587
38.989909
28.304616
34.979240
28.700717
27.177908
31.520707
12.024027
39.491536
41.823694
31.114122
25.356994
38.613503
22.266999
39.108020
27.534008
36.469542
34.456194
29.169100
27.769066
39.385389
42.381854
31.079641
45.633648
25.129391
30.569015
26.305172
28.257729
39.253028
28.596158
40.662873
36.610355
31.035482
30.499105
17.530156
38.568943
38.089873
32.754148
27.341344
35.663294
36.572458
46.777460
32.912210
26.323870
26.637116
33.049949
32.930922
40.783825
31.907025
25.295080
33.578362
33.263167
19.980761
25.579308
16.600221
24.626861
30.848636
37.262857
24.557590
30.892069
36.153447
44.121984
45.825196
43.594489
26.344630
26.327015
24.762506
40.292086
46.630328
35.210092
37.325172
36.205630
32.406309
31.705801
28.169347
18.392326
33.470058
23.455347
52.045532
40.800053
26.983969
38.316153
21.153351
42.119918
30.254666
28.473779
20.592093
30.123329
23.501266
39.005398
34.110391
34.104221
18.605545
34.134174
32.310876
30.456977
20.977788
38.422907
36.896229
36.437398
23.811408
41.884189
42.358808
44.283416
27.325603
27.903032
37.023308
37.791594
39.491917
38.450860
39.592369
19.076454
33.602110
31.401628
21.404182
32.830660
30.601968
21.019051
28.905463
42.029744
38.139821
36.756040
34.029513
39.741237
17.836634
18.664186
44.815201
29.511145
25.475535
25.191286
37.488837
38.580231
42.452384
44.382716
33.716929
49.814734
39.899167
37.407043
44.847045
39.437758
31.572656
40.466154
34.059347
36.509104
27.620214
26.763131
28.478448
43.348946
32.592068
35.845234
37.226177
39.545391
25.855891
20.232082
24.772443
35.325417
27.917061
23.839846
46.744850
23.442863
45.505440
32.229842
37.419791
21.855641
43.037413
40.014288
30.274099
44.567054
34.716962
34.225780
27.443474
21.967278
29.269629
44.480965
45.892395
33.206861
38.293998
38.764497
37.152357
24.954001
40.892078
18.408580
33.697627
29.756767
27.280479
40.218296
21.467651
33.817837
24.054211
30.765393
46.971066
38.299131
35.941203
37.875757
18.761700
30.449315
32.542813
33.499357
23.368012
29.579600
24.249660
41.204013
33.073339
31.570833
39.023127
34.567319
33.902438
30.141728
36.011989
32.037292
35.703774
31.351669
17.993611
35.302101
35.568808
43.743057
40.144605
31.263145
29.273519
41.164593
32.581979
37.276364
36.324537
28.851809
27.736369
33.217584
41.357443
24.280266
48.496440
36.878093
36.165932
42.702970
26.180259
35.780588
39.785718
39.776771
27.201586
37.860612
39.867538
44.797241
30.692220
30.183709
31.416884
37.425282
45.101852
31.581566
34.583674
21.445248
10.688518
51.214932
20.095580
37.688521
36.441759
20.822441
48.537593
19.294718
39.751675
31.791348
37.601558
33.953781
30.101005
30.112362
30.041369
28.130488
28.090746
27.956787
32.911164
30.952479
36.156263
34.818721
52.677108
32.478786
37.832953
37.584011
33.041493
8.496759
35.041690
50.011926
28.770359
38.488017
36.136950
29.872223
25.121762
28.982070
42.279981
25.793452
32.166988
34.389547
34.824035
35.102855
19.191588
25.234837
25.856735
32.697862
41.555242
38.982605
33.571678
26.339821
41.831821
23.711075
29.290008
31.139483
37.377835
48.191769
29.228831
12.916813
43.921067
28.145734
31.444295
15.454057
33.021520
29.142661
37.904760
28.735387
27.194025
30.792570
38.837887
38.102019
20.002052
27.257535
36.168121
25.039101
30.116855
26.922137
38.880341
39.701209
21.394700
40.327746
42.568936
30.457389
15.764147
13.685953
31.228807
22.834218
50.842518
46.613008
43.337295
45.388901
32.641325
40.039706
37.008030
45.085131
37.125657
21.625574
38.729051
35.837478
35.010562
45.961598
29.060076
41.426269
27.984311
28.864228
29.803637
30.475280
41.129129
31.204133
35.900156
23.761941
23.264116
28.021886
44.423014
47.578243
35.361322
32.248426
32.216279
28.432840
32.195647
31.468113
31.518456
35.331531
26.847172
37.916129
27.476024
34.939511
41.252304
38.371363
34.860094
29.693819
17.248216
36.766207
34.727646
48.666040
25.380462
20.173363
24.818687
38.559833
37.174546
31.036798
27.447630
28.483691
29.201580
39.292397
24.002933
20.623027
26.586087
38.279578
29.894240
33.740788
35.474192
39.471299
38.894832
23.199017
35.917339
30.815028
40.164610
34.468391
31.011908
35.847904
18.386938
21.057116
22.908720
35.144416
38.226058
35.178267
22.326690
27.162813
28.497654
27.097380
34.940283
36.394454
33.589337
28.827622
34.914357
31.950395
28.271652
42.634980
29.828475
41.659772
38.970554
28.612943
41.484209
36.120874
27.481486
42.087073
35.019754
31.144585
34.373773
27.550339
26.793307
19.704141
37.048018
39.376448
29.193657
36.569258
36.748961
31.024728
37.254045
32.868043
32.233623
33.903378
32.175772
24.139682
35.975815
43.641539
27.916752
51.283544
44.307044
41.826099
18.323435
25.498334
34.591942
33.100511
35.029099
40.504224
16.733980
39.887621
35.993225
28.040893
44.914967
17.495363
28.073996
23.308920
27.582144
35.449633
36.485610
37.387950
34.691773
35.656704
35.703931
37.927216
10.485992
27.863880
47.618011
32.547787
41.997477
34.057537
34.186521
43.230738
32.604590
33.005667
36.714866
40.163592
33.619501
36.661615
39.316257
34.914240
35.521228
26.066711
31.778880
43.456801
40.790189
29.666636
30.229666
43.932286
24.281280
39.022054
22.266776
31.988517
30.213923
41.691482
34.260658
14.389390
24.186347
46.633638
