13.262442
18.956778
11.735683
23.217288
11.409961
15.931641
5.709667
17.432492
14.095151
19.125511
14.799297
1.529539
11.335077
2.935522
12.470279
10.886821
12.531692
16.500074
6.402045
2.054045
3.090586
5.773133
17.683012
19.806591
21.537414
9.591947
10.414933
11.142133
18.115754
25.018012
11.004586
12.160910
14.711316
17.356486
5.161247
11.855032
14.585923
2.519721
11.462796
1.427725
12.917327
1.589292
17.118101
9.393219
11.616378
15.286348
21.672077
16.075142
20.284361
13.604650
10.293221
19.860998
2.054547
15.631076
6.153235
16.180510
1.475430
12.492296
11.146441
9.270462
1.374551
17.481140
18.254504
3.465126
9.842363
20.978280
19.945266
9.768301
17.041718
16.433821
12.553464
9.870186
15.327999
17.314847
18.969129
11.146867
13.380312
19.471556
1.321718
25.579261
17.788264
10.234535
24.685424
3.367784
18.098932
8.846251
14.918850
18.023349
19.200544
18.314005
12.246337
9.900616
0.890984
17.059821
8.901531
11.655206
19.153740
23.119781
10.927203
4.915732
7.281250
16.115274
6.846955
7.564587
11.140263
20.886958
7.748444
8.875414
12.441840
8.060026
9.873310
11.474394
12.072073
5.526335
16.339244
7.555190
18.671212
10.361604
8.015387
9.185650
23.314399
10.388335
23.689513
11.380172
3.753605
11.316432
12.356749
16.811988
20.815628
3.922877
7.092163
0.513021
16.758044
4.307192
1.619380
9.462417
4.792595
16.704725
2.838455
6.433071
10.514917
14.536854
5.938102
19.312429
4.603379
4.625498
5.501122
8.529708
8.195943
8.386408
20.101743
19.379772
11.181235
13.785319
14.583881
10.583855
7.138151
10.868259
14.162366
17.379292
18.301726
9.125484
18.251838
13.470209
9.050506
9.705975
18.158670
13.107775
8.683714
3.021033
12.689607
13.549268
5.187468
11.215304
6.787660
19.319743
22.214253
3.783168
18.812241
11.540095
10.145671
15.142893
26.092499
4.568153
3.329554
18.921212
13.516536
12.379997
4.648719
6.169564
12.112482
0.829784
19.374790
2.980648
9.760805
4.934140
0.829069
7.773248
13.986852
5.439504
0.776692
0.894115
14.841537
12.030026
23.894313
10.828081
14.754256
7.534337
10.002733
12.540607
10.003766
15.791251
7.193792
19.895550
7.577308
13.392580
9.299787
1.420284
17.639236
14.292285
11.710037
17.293164
11.495600
16.993661
0.646922
7.217193
5.450051
13.111362
11.463255
17.346337
14.676588
14.438366
7.634140
5.485462
23.261051
21.799759
23.764843
1.815579
18.395947
18.543946
10.701426
8.011685
6.498699
13.834992
17.073757
20.786087
2.072991
10.099676
18.707792
11.430479
14.519827
0.157189
5.835906
13.040799
4.251651
11.126506
17.482093
5.850728
8.299210
23.591913
8.955934
11.506634
9.995217
11.495376
13.410841
14.450627
3.381466
6.587871
5.588099
15.340276
5.311867
15.066887
19.448566
14.961315
12.765985
13.298563
5.101712
1.711401
7.079395
17.365820
12.009294
2.830679
3.731001
20.073542
11.107210
19.109900
8.274550
9.909607
7.950167
10.900715
15.894696
15.576882
19.006243
5.185822
15.591990
0.151834
9.492764
12.048628
12.557041
13.372664
11.402969
0.478876
16.657312
12.884048
16.515638
10.207397
9.362387
3.423733
21.214846
11.332082
22.230700
0.604355
12.325590
8.700466
1.004972
11.666080
5.130088
14.983084
14.403592
17.232262
4.780007
8.750973
13.213282
4.806107
14.551483
3.609456
6.644049
6.986817
0.281908
25.012543
10.480318
11.434818
11.583603
10.239717
6.521901
6.782809
16.824163
13.121931
6.396149
8.289255
12.162763
2.731211
10.874559
14.930988
19.739036
3.219170
6.663541
9.005998
17.315220
14.550628
12.201558
1.603505
2.436165
10.702989
11.786294
17.181877
17.259545
12.062618
15.426566
7.441535
17.615924
10.876314
7.702487
11.637437
16.680830
11.735648
15.998310
19.215437
11.685966
7.205893
6.316567
12.893284
3.353904
3.833110
10.066594
3.170452
13.030182
17.826935
14.424230
10.881741
14.662767
2.923304
26.077718
8.939032
21.240587
0.976244
17.154192
14.483861
20.557133
16.736443
17.925447
11.637133
10.198749
16.624628
18.571645
25.314085
11.594296
22.309714
0.393108
9.600997
17.663619
13.880746
10.076255
16.827342
15.009138
13.610005
9.352392
1.110054
19.051540
18.689710
11.360470
19.274240
5.862378
10.501428
8.874361
11.206269
17.749643
23.073149
13.895483
16.127399
7.955523
3.841516
13.627544
18.337340
11.331863
11.508291
6.035911
16.352798
10.480365
11.317391
12.688446
16.846216
2.058901
9.287318
1.200416
18.552647
9.728255
7.031500
6.408068
13.212939
17.458170
17.040950
20.828272
5.436290
21.664656
6.712289
13.964492
4.549182
16.277205
17.410041
13.553092
10.396737
20.806221
0.448325
15.189596
12.935603
13.041695
10.911108
10.058206
11.172298
7.607091
4.684015
6.250093
7.414283
14.026029
23.058766
16.632454
3.394275
7.931196
8.425716
11.935493
2.672837
17.189158
5.065625
12.823978
15.881404
19.721359
13.025242
8.211120
27.658011
13.630381
10.797266
8.397860
10.728306
5.413328
12.888481
11.318075
8.763777
15.176085
23.281329
1.612294
13.643344
15.198459
15.285893
1.273788
16.722452
3.327667
6.664101
2.957478
0.395263
1.567250
15.516704
12.339356
15.712561
9.892175
8.150167
19.608579
2.023663
14.033129
9.951201
11.194566
22.708634
10.696856
6.463825
9.538131
7.848655
14.224648
16.327815
16.702648
10.381477
5.419263
16.794071
15.979408
3.173301
7.896526
7.936814
17.415260
10.980074
9.969974
6.331626
11.673994
6.470053
12.699153
3.518866
15.911634
10.077299
14.157041
13.663533
10.651635
5.544661
15.075287
22.331789
7.133432
19.731432
0.241747
8.302110
12.285491
24.859158
20.583912
15.308029
5.804738
15.942234
14.871554
12.602943
7.449935
10.403315
4.870473
29.617446
14.500050
13.247848
3.403977
13.180567
16.669264
18.429988
10.701224
19.340185
15.494905
17.443332
13.419970
26.454687
10.175943
0.454486
7.721344
14.658403
11.021761
12.419039
0.367132
8.795776
6.086223
22.975931
7.233197
13.293117
12.611917
3.601979
6.040856
0.845763
13.101685
9.210681
6.727735
15.500871
11.145777
11.531404
2.808318
9.000154
2.622174
15.066288
0.710022
8.738188
16.155101
6.604307
14.599688
5.296220
4.061125
13.053094
3.628898
19.243112
17.817775
8.084946
0.261978
13.713005
5.155013
6.240079
7.365886
17.117305
7.375140
6.059117
13.305173
15.859668
18.512331
13.207994
4.560177
14.005768
5.664657
0.412574
12.992440
22.645571
19.268284
9.981129
1.086359
9.589426
9.254566
8.285896
9.292947
8.065408
19.808737
24.465757
17.103456
11.758308
22.027202
8.956971
7.088748
2.815877
18.543192
2.690997
6.923884
11.052116
5.513240
8.140754
12.596241
11.689572
4.180087
15.520828
23.373780
4.266870
1.005220
9.593727
15.386636
17.015194
13.006148
0.162632
7.200901
9.673702
15.231325
11.589287
7.906800
8.476982
18.174018
13.616680
5.031689
13.707977
12.259227
15.053380
13.879959
12.932928
1.383881
10.788331
10.458133
19.434308
8.671807
1.770874
5.125234
13.088971
14.363734
5.881849
5.549482
24.482155
0.440345
20.108804
16.008975
8.741023
19.337955
2.622162
9.616244
9.033649
13.196870
7.618158
7.973324
14.929422
1.092512
19.668901
3.681871
19.156652
16.486690
11.114750
0.180334
5.191522
19.756628
16.293586
17.143671
20.687612
3.026566
9.287146
17.083465
14.611018
3.828528
18.358330
3.489669
24.459489
7.479788
5.431752
17.332442
2.361169
15.478146
1.710748
7.119408
13.405302
14.425865
16.427447
15.080352
21.427012
8.012292
24.492805
11.096570
24.654240
15.605413
0.022879
14.119481
1.531973
9.796125
3.853656
21.528930
17.098803
19.706680
7.023584
0.390385
2.572989
18.710511
3.284690
14.105341
1.966213
14.749341
8.524255
19.331019
3.699195
11.101849
7.432338
2.985337
17.267064
10.997977
1.929634
10.393243
12.435664
17.255085
6.389842
5.133713
15.551911
17.207468
17.344523
17.711848
0.248013
3.907967
18.641888
2.476798
3.990250
8.441314
4.350449
11.429416
18.058854
9.644071
0.896976
15.151299
4.860058
0.150687
12.419915
15.644687
9.203530
22.739856
17.298029
10.138046
11.533894
7.934622
6.999442
12.097103
9.549967
0.353905
20.603091
1.486152
16.457587
19.636915
15.962733
22.953147
8.289409
10.114452
2.637625
25.511946
3.480809
15.700592
15.097343
6.936949
15.606647
13.970761
6.161865
3.147837
15.228487
19.757251
4.940668
23.385076
13.847769
16.637104
10.809524
15.240306
9.920980
14.055178
2.814808
11.809631
14.487965
22.266845
11.763335
21.924671
10.172717
16.638176
18.299236
14.871223
2.676085
13.220823
22.500591
14.356074
12.092242
12.624769
7.278943
20.085612
7.991856
14.127247
13.611032
3.876002
20.658185
20.705275
15.163568
18.636527
5.594996
10.375256
8.633282
6.847538
17.125368
10.277722
13.183172
17.804656
17.600713
1.352950
12.734978
22.999512
11.324444
7.119216
12.163477
17.181735
16.157640
16.061596
23.475009
14.117764
8.602409
16.683447
4.267938
9.428035
12.748571
18.449376
0.538974
4.252012
9.633073
17.361506
14.648116
10.168418
14.883020
7.965513
15.891460
6.829568
19.670142
8.521152
14.875452
23.932298
14.619313
3.359902
9.320739
13.284633
14.598187
19.355515
16.813640
10.333085
10.844417
26.112898
3.285232
7.333291
23.663382
13.407295
14.093864
20.957761
20.839276
12.973404
10.535531
14.061070
11.517483
12.141169
5.661957
13.816592
17.006347
20.675395
8.514379
17.613947
9.073344
0.839762
21.068754
1.396208
10.944582
8.467472
6.246524
10.567125
11.331178
19.500447
23.076805
9.665067
11.050265
18.952201
11.134713
14.519272
3.226956
18.342432
21.197273
20.146784
18.851911
27.391828
3.857897
2.326099
17.260243
2.338052
2.176435
4.790313
16.492903
13.625898
6.441331
5.694833
15.914758
13.509724
19.251439
8.815318
10.143173
17.650229
5.032764
15.577390
14.711227
7.307534
16.279323
25.367149
21.224522
16.960576
17.447837
17.136585
6.661067
2.058024
23.162590
17.503189
10.682378
17.111532
3.238802
10.045137
7.474555
8.874419
15.679445
1.107387
0.470455
13.577748
5.866660
21.707878
17.677202
1.270422
5.886304
25.692378
13.465417
23.431235
11.984116
1.231633
8.174798
15.250358
6.611072
8.404341
7.069169
6.656579
9.835918
8.919899
11.966695
10.114213
18.073808
4.764973
10.601503
2.248322
14.530351
17.198912
14.294589
7.800347
16.309145
15.328475
11.006351
10.715463
18.299667
10.559118
17.194865
4.472522
9.696547
12.941647
11.514176
4.639609
9.624786
9.767362
10.556905
13.230594
13.784965
6.383915
12.583504
12.737969
6.149017
14.725117
7.427665
14.039122
2.580211
20.819911
24.097613
9.292024
0.138633
14.827787
17.496494
19.578373
9.138154
8.609917
17.899361
20.977118
16.455203
8.498205
10.842485
15.079601
19.164374
4.673218
7.331613
23.198377
16.040296
11.803238
0.622583
16.421788
11.201698
19.760325
16.444837
21.392527
3.846064
13.708945
7.072984
3.194040
23.003332
7.629648
19.626399
2.246854
17.515828
13.675735
18.510215
11.761177
1.023001
12.230638
20.531084
13.636875
6.219006
15.369780
2.929604
21.313723
6.190616
6.325290
9.635247
13.372081
1.444540
15.969008
16.294444
16.507409
18.254435
6.789346
7.267522
0.995690
17.439651
15.024287
11.161092
1.339260
19.641231
17.879061
7.928574
2.750744
4.953907
8.836288
7.901985
10.835476
11.307405
21.105027
20.285912
0.870349
4.818749
10.067855
4.918254
13.542303
2.726211
10.544125
19.644100
17.560663
6.610350
2.277639
3.966924
10.862400
18.797754
7.201348
3.237784
9.729625
5.532013
14.778167
14.837140
15.015779
5.114192
11.112822
15.816155
13.033970
12.967618
11.860457
12.614064
6.910070
10.835328
28.660843
1.707475
17.101481
2.542334
9.924786
2.138214
21.771508
15.700903
6.235116
21.794829
4.712980
8.694603
11.451708
20.983963
12.671413
8.923926
7.826576
17.263385
2.561733
8.161873
6.767240
17.695699
18.291097
21.256151
2.475547
9.446847
4.915632
4.736546
5.392236
3.337761
10.958490
2.791756
17.275870
7.240519
17.394881
22.786052
6.090668
18.167108
18.657530
19.878839
5.678016
13.940598
7.988429
18.710788
14.491062
11.549618
11.030884
21.957270
13.244479
0.086504
12.138711
5.458982
4.947643
0.298025
8.208047
