15.591913
7.213115
14.823473
15.607411
19.966574
13.421811
10.325359
10.999473
10.660168
14.311298
14.253003
16.140555
24.996838
18.740755
12.496760
17.928907
14.016413
19.778932
12.194192
7.606802
15.186524
27.867461
13.627949
23.691034
18.554128
12.655185
14.179332
19.768722
16.823048
21.045157
27.272036
16.636288
11.873985
15.149627
28.428625
12.780469
16.173974
18.654357
15.144968
12.776453
19.209606
9.552274
1.297036
19.012711
2.829965
6.631444
9.807037
0.825630
16.484337
14.579676
21.327267
7.402163
18.162091
6.840380
11.880850
27.997649
5.980285
20.191435
27.147471
12.590978
22.186283
19.391945
14.216922
17.300018
23.375906
13.280573
16.842958
13.097474
17.176522
14.314983
5.911023
7.598421
28.624479
17.698502
12.223472
19.384336
6.720116
16.726561
9.969862
14.134689
14.846056
11.927599
16.048567
20.064109
13.382249
12.591591
18.151970
29.051715
9.031730
11.440280
18.809679
12.163115
16.212849
10.806492
22.838711
27.034531
18.554472
22.128593
13.182054
26.284597
10.749170
8.578133
10.622140
6.950651
13.885198
6.191009
26.706864
1.524683
21.461048
10.150712
24.736211
18.917745
6.463608
8.589362
16.488927
16.890644
0.200321
6.509809
23.894490
11.072342
9.159996
18.215248
6.920775
4.181652
13.585746
6.879521
1.055705
7.013171
15.327341
23.807157
10.616180
0.967594
17.208946
14.353540
8.979705
19.673586
18.882838
7.611474
19.186201
22.279296
3.682820
18.895746
5.908055
18.865749
13.331270
11.234136
2.269101
27.294743
8.670600
11.261671
9.726593
21.654504
25.726615
7.819630
13.814724
16.259998
5.102267
12.193621
0.798069
13.168561
8.034644
13.280322
22.685966
6.411119
22.884262
18.430339
14.171150
27.267820
19.695059
16.167856
25.173861
5.834037
22.963581
6.016912
16.996823
15.899344
18.680237
5.255141
10.538526
19.519468
23.570271
9.372667
15.939316
24.506933
12.442689
16.799230
15.438693
12.349896
3.209115
22.886429
22.098246
17.776622
15.460913
16.561019
20.139633
6.786023
18.566445
14.047211
17.545630
14.082944
14.141496
11.357969
6.825231
8.684846
28.028207
21.114938
16.548026
8.166825
8.542233
22.374243
17.632922
23.042250
16.773172
21.252519
8.000591
23.977224
15.189121
6.666178
3.192579
8.348094
10.893707
1.089589
4.725997
15.200719
0.957890
9.697181
0.886551
15.025193
16.381379
26.175136
10.234037
6.441949
2.201430
18.787149
10.052034
1.460660
26.511298
15.956863
2.725650
10.062827
15.603014
16.495680
22.353265
10.873346
9.657160
10.420057
15.127450
17.010269
9.023734
17.337373
20.399676
12.627844
17.863781
13.722755
1.235061
5.797085
24.099219
10.970209
7.037584
5.475434
17.806372
13.259811
9.933702
6.520031
13.673066
7.131047
11.023830
21.361893
6.474302
16.186541
16.894567
12.308465
15.643062
9.940035
11.327557
11.771322
11.610395
15.785660
20.045984
23.754983
29.001799
5.153962
9.720311
16.213570
22.516469
19.044701
13.361778
7.398321
28.411757
19.726013
15.933862
4.455365
13.571905
16.968805
8.808038
15.192560
14.881813
9.554162
1.661164
18.071860
26.714593
14.767579
27.632822
1.993724
17.294437
14.554952
20.975299
15.339646
21.952159
22.728331
15.028957
13.281869
7.096844
9.311182
14.305210
10.079844
17.150413
3.997904
20.595627
7.032373
16.296790
3.347426
17.297864
23.824873
7.024205
23.117155
22.557060
6.888101
29.170232
9.530867
5.880597
28.011441
15.874581
14.873655
20.918780
6.145404
22.363019
7.678057
7.203327
9.940287
26.854068
9.716233
11.125700
4.709431
18.146564
0.089340
13.265059
13.812563
18.913001
30.031967
18.903096
17.426819
16.750511
19.490062
21.661555
21.212044
24.511849
10.706944
22.020344
9.449229
7.633585
10.354389
16.367303
20.009646
11.345819
13.510379
21.757805
18.082900
12.338846
4.257611
10.819400
2.278096
7.774277
17.029672
21.511909
20.973306
4.955648
10.096458
4.725565
10.020808
10.081275
8.173584
5.479752
14.086618
21.893622
0.834625
17.392917
5.238226
15.740125
21.950007
19.578273
5.894562
17.184741
19.444766
15.413561
5.941886
23.545942
7.808446
16.522765
28.396402
12.747001
9.750529
24.093867
25.934611
3.349833
2.176483
23.073212
11.253737
16.722764
29.419852
19.582581
19.400928
3.515793
17.778990
10.774754
21.733714
17.711266
12.344108
11.776152
7.438583
11.496308
13.233812
17.516066
18.690528
19.064785
14.683720
9.626700
19.431155
28.513043
20.369258
6.167601
8.787333
16.609439
1.779571
16.992701
18.301856
14.878726
20.933818
24.532564
23.832866
26.689631
16.719483
2.437802
29.548765
8.698161
12.659774
10.650785
20.169639
20.917901
17.374503
7.850132
7.785243
0.347494
24.708710
19.869518
22.620230
0.027773
10.283983
15.765746
15.653061
24.185774
0.758617
9.141176
14.992757
21.285052
7.308852
15.326902
18.419031
10.292432
18.986478
22.172347
11.681096
0.333876
16.242278
15.574678
15.498794
1.750299
13.167963
13.618263
13.950322
5.638246
0.042207
8.597962
19.859571
19.587772
24.181674
16.709965
22.582171
18.442368
4.807064
10.549608
5.727739
16.600803
8.946033
7.150591
13.617563
16.302238
25.227587
15.141027
3.674972
11.723168
6.556077
26.816723
22.462802
4.228809
19.116767
20.372069
18.015915
14.048885
12.078394
4.967459
9.017899
14.169266
18.390445
5.677368
25.816587
13.160777
24.706919
13.684024
18.917109
15.996335
14.779661
16.694877
3.811862
11.952079
2.362688
10.583438
18.224757
2.746131
15.483917
16.386574
3.149218
7.678099
1.767370
17.374153
18.838354
20.144834
11.688698
27.606902
4.238449
13.889976
14.527257
0.946376
0.003226
24.302200
17.032708
5.298919
11.381561
9.317858
14.852881
20.364642
22.434660
0.167661
12.030173
6.423514
17.601497
13.619005
2.668612
6.751027
16.999811
14.615807
14.861372
13.206677
20.336699
6.988736
24.865022
18.247620
23.245726
15.733702
16.557135
18.985004
10.483144
6.535176
3.232710
14.934228
9.582263
17.916169
11.627337
10.451638
18.966622
14.547883
4.301427
4.560943
19.057769
7.472447
21.634759
20.606557
15.889188
22.909577
10.898781
16.304170
9.008061
19.654720
9.252117
22.523284
4.479110
10.711459
5.719144
25.088709
9.511633
14.133019
17.632338
21.597848
11.512368
18.270796
9.602909
23.580159
23.381918
7.436615
18.883335
16.670407
19.980660
16.081834
3.689556
20.685925
3.540454
19.711983
4.904372
5.735473
4.017716
16.118605
25.020917
10.518294
18.677614
7.430262
17.422466
25.022104
18.937767
10.847894
22.130347
21.436035
10.693329
15.919156
15.072921
16.278364
11.273067
23.626118
7.788739
18.245444
27.954407
22.048680
19.935784
18.858397
19.415109
4.354507
7.259562
13.851484
2.339808
17.319636
24.607628
25.282762
2.043912
20.153630
13.417887
8.290688
6.742479
22.113587
13.148074
13.059708
22.656094
11.034509
16.961240
10.818348
9.621360
22.561791
11.240043
22.468872
9.044856
8.781849
5.020217
13.085151
29.202360
5.275753
20.595069
7.670623
0.682292
10.235752
5.642457
16.008725
12.484386
8.755143
19.589432
20.734766
19.749268
8.216606
15.453121
2.111442
20.297019
13.149401
13.142006
12.204445
5.529058
15.384149
8.045697
8.298841
3.988277
21.875111
3.458415
17.921631
25.141837
10.319830
19.122773
24.177901
9.535405
7.725664
1.500991
15.904667
12.154004
25.160590
0.433729
13.677348
14.009461
23.694467
8.370413
8.988868
15.943981
21.463016
15.225814
9.524655
3.140785
18.516331
22.507500
14.937792
19.960620
6.890146
14.619481
16.792445
20.341569
24.322462
5.770286
7.941882
15.415997
8.280820
22.202103
2.705952
21.946913
10.271926
16.559050
2.656130
21.998379
25.560578
25.583153
21.884568
13.315977
20.668231
24.679453
24.055942
9.425835
24.484469
2.698969
15.978365
8.115189
7.451773
18.559280
21.715638
20.959657
10.020863
20.120877
0.333165
14.553719
11.680193
4.317193
18.239634
19.938436
20.378739
4.365688
7.590542
24.506218
22.160103
2.329086
20.131850
15.425284
30.749052
8.816343
27.554802
6.597829
6.383284
10.059678
11.272434
20.822900
8.631739
22.584753
25.288252
25.014139
23.095840
7.864241
9.278895
22.061045
19.880908
16.574247
26.188753
18.706114
5.224575
16.428871
4.051559
21.901141
12.212686
2.880152
15.723062
19.777724
14.455613
8.793969
5.932706
21.652257
8.934902
8.729280
10.234334
14.238062
16.350514
23.568621
15.750082
22.674293
24.135781
1.663760
17.649049
14.613020
17.699989
19.805369
25.729685
18.088246
23.802118
4.906683
19.636652
12.569714
23.237999
6.801519
6.840740
4.506798
20.167578
24.351387
11.914514
8.212087
23.402823
2.027595
21.940446
15.472774
10.058939
10.414860
23.101480
22.024980
8.591354
13.499696
4.047723
20.968226
11.017640
20.334368
19.272205
14.264080
8.223168
15.423179
4.660555
23.517701
27.582353
9.704102
7.398851
10.341543
17.429438
21.667560
20.411566
5.893067
15.420075
5.144736
17.343553
0.069927
11.057591
8.801990
5.065701
17.527827
14.218057
9.277451
9.137785
4.741980
23.817678
3.300799
19.961494
13.447992
23.779556
15.200762
15.699542
14.431121
24.394269
12.007346
24.701129
11.637916
0.042387
0.781718
26.606298
0.152406
17.373514
12.557477
17.256465
16.964662
1.591578
2.667295
21.225343
17.130106
15.987004
14.230855
16.133596
6.448025
1.703907
19.702326
11.983608
12.662219
9.355899
18.243473
9.102626
20.348918
3.161038
23.524756
23.041344
0.801707
18.400049
14.183973
7.424806
9.541705
11.794733
5.437009
17.771786
24.476787
19.179186
10.775968
21.102102
20.847492
19.378078
0.581568
16.132004
1.578283
14.561954
17.729066
16.118878
21.855305
19.046937
20.076735
16.196829
21.560717
20.495787
20.889221
21.379783
4.736558
22.941048
13.455420
12.207427
14.879447
29.681299
23.711707
17.494236
6.370064
26.492139
2.911730
13.949562
20.647612
16.370051
25.352744
14.274894
7.775223
25.778944
17.717056
6.303665
10.150009
16.487303
4.981303
0.763818
3.675619
15.642039
0.498995
21.069771
24.163526
13.255430
10.421995
2.141975
12.155962
6.454660
21.117902
25.095457
7.626039
11.748129
25.377288
14.048562
20.613217
13.079886
18.219172
4.879623
13.779496
9.441608
31.781734
8.259031
12.762834
7.645893
19.928663
20.178834
7.265693
28.783321
4.133225
14.575479
10.746229
6.118659
17.579213
9.265874
26.882589
6.232098
10.601947
18.374676
4.495997
2.322642
21.914025
18.717257
19.889778
28.364146
26.148302
19.170399
15.727377
11.924434
22.237290
19.814811
20.379944
15.821158
6.360657
7.507010
9.976476
11.647469
12.148430
16.833144
15.043434
24.212887
14.869074
5.143614
7.461870
10.357865
4.310374
22.151784
12.155186
22.022047
11.011618
7.097525
0.921620
22.815537
20.200305
27.311827
18.360105
3.062097
3.963146
17.435368
29.442633
17.443101
29.082059
11.804875
27.356492
8.251697
20.548646
21.100494
2.448650
17.780228
26.967868
4.953670
25.471410
6.699005
17.640041
25.482650
21.973245
15.203919
20.248511
18.371549
21.600094
14.376698
17.653275
20.808929
15.559351
9.287568
13.225571
28.376300
23.449736
12.488152
24.608823
12.843191
13.628695
13.134918
12.636057
7.336992
22.847498
12.196353
8.286522
20.795528
8.681720
2.557932
14.832591
22.451488
16.816857
18.953053
20.790519
1.860088
11.477321
11.090515
1.337435
14.558485
3.933771
10.662169
27.217800
20.282017
2.937476
14.400837
10.657399
16.899985
12.013411
18.307966
1.901668
23.971299
5.926754
9.998465
21.815702
9.603291
19.929685
25.094115
15.321908
19.257168
21.135146
12.183973
21.303952
15.759515
12.398893
27.942250
9.860515
10.128348
14.780874
5.643612
16.641329
8.348141
12.835039
23.081758
15.910835
21.408591
19.883214
7.624883
22.932320
19.409911
18.023756
8.175776
14.841838
20.402299
18.380528
24.701637
13.384791
19.800152
26.374079
10.875089
3.035129
16.021555
6.572521
0.289717
17.999428
22.534962
9.781358
10.323471
23.795733
10.150432
17.312365
9.975968
6.896232
11.819960
27.958832
16.659114
14.655665
10.205544
16.916755
1.758246
20.922704
17.730638
12.640472
23.772020
25.094133
20.768875
17.759320
29.112697
1.093470
22.558371
7.755505
1.542408
11.803483
8.933970
7.047514
9.656495
5.028961
20.375541
11.097039
15.206970
13.817509
16.810364
9.577030
9.468279
7.437422
3.224102
13.108338
18.642194
13.160984
16.899883
6.357483
8.394156
7.617282
3.321044
11.349534
11.154410
6.370976
12.420019
12.124655
17.371463
27.037750
13.227419
19.147320
18.719972
21.452805
9.980370
14.111686
10.615605
7.336402
20.230490
22.166825
14.544291
14.122576
15.868838
6.705633
17.680952
12.583842
16.866707
19.211483
3.132347
15.744798
10.657228
14.156273
10.607953
9.665058
16.436918
2.594116
20.356573
12.905649
12.356513
22.382711
21.855782
3.645246
19.230554
13.526566
19.854569
20.946549
5.675892
17.152233
16.778213
9.770489
17.138521
20.162185
28.896964
17.324413
14.036912
16.195191
22.418623
20.682624
23.541601
18.094260
21.599935
11.266723
15.458767
20.521725
12.025223
4.033547
10.262043
22.312203
9.006304
19.107991
16.535226
13.662028
9.754033
18.942244
13.295115
4.758077
1.606095
23.137210
23.462776
27.453691
26.205285
20.204053
13.838339
8.686906
4.038054
11.809746
20.952966
9.269350
32.268276
13.718346
22.389807
23.151239
2.250515
10.509525
12.540781
15.831516
15.283813
11.506984
25.876111
5.184639
2.681613
20.138050
25.041519
21.558264
3.278881
20.683385
9.765286
17.445109
16.437585
15.092861
5.135306
10.872704
22.088328
10.412049
16.430209
14.999548
28.766007
1.932249
7.514218
6.262202
19.347181
26.676648
18.325728
12.573943
18.490645
20.503363
18.671011
11.685558
20.003523
13.192367
16.583674
20.939010
14.922847
17.247498
17.101978
12.906493
17.858847
10.875519
10.405497
25.628455
10.659899
11.316611
15.801102
11.957732
18.024873
18.869023
16.267602
5.994409
13.747206
0.658217
13.766207
11.769082
19.396377
10.269865
9.320351
10.470194
2.081683
20.544564
24.420932
2.001433
22.048101
5.999042
16.327842
23.018810
17.340331
5.568538
5.580885
17.590070
20.676627
16.036760
9.623213
5.877170
3.678364
12.664207
16.156882
16.087667
5.755238
15.907171
24.414637
9.932965
18.383226
13.130874
11.772985
7.769959
5.432113
22.467568
20.761755
13.062820
13.893990
17.101360
25.475333
24.146983
15.579664
9.091986
21.924743
11.965710
12.692188
9.880994
5.125373
7.661535
19.545965
14.881044
16.666624
22.160797
10.196235
2.069929
11.285562
9.559806
4.141426
21.014183
25.443324
15.064734
8.728035
12.734257
12.702424
7.679672
21.741802
26.900914
7.408245
12.776336
12.324560
6.034074
12.528673
6.872000
26.468386
12.287234
9.862251
20.171380
22.261940
21.232690
20.435923
13.742090
6.976724
9.470342
23.820116
16.165745
8.234747
20.705233
23.865005
15.176549
1.812080
25.386992
4.654101
10.339523
1.682317
10.247682
11.151955
11.542976
18.243879
19.522846
11.625366
