2.562063
3.720521
6.010889
2.872354
3.113045
6.075756
0.694071
2.464618
0.000088
3.878815
0.491506
2.232485
3.644474
1.085255
1.318521
0.923906
0.653520
1.230605
0.929341
6.967030
0.137776
1.227370
1.263807
0.988604
0.955744
2.356868
1.506468
6.704494
0.181225
1.255471
4.315874
0.221345
4.664445
2.627878
0.609935
0.055128
0.201559
0.924749
4.619857
3.861448
0.590387
4.376067
0.349072
0.286974
2.041604
2.131481
0.785218
0.411090
5.382890
4.779795
3.673786
0.420202
2.247183
1.720858
2.021326
2.440497
7.736711
2.543259
2.697667
3.853949
2.375586
2.366025
4.337885
0.433725
0.434216
5.102913
2.116049
3.476445
3.803330
1.093319
0.597624
1.720842
1.186075
0.412597
1.896048
5.372682
0.938806
4.597578
2.966460
3.794719
2.156632
1.269124
2.456072
3.247184
1.497035
2.775244
1.328231
2.069270
0.280934
2.587707
0.738561
1.003768
3.045432
1.509987
1.211895
0.751972
0.227368
1.720413
2.295497
7.810309
0.080797
7.977528
3.046688
3.900673
0.545276
3.757620
6.079137
0.721039
3.931118
6.691611
0.930054
3.253748
2.991489
2.205142
0.441731
0.236422
6.366717
1.284569
0.525971
0.978227
1.312627
0.394837
5.431668
2.656831
0.010410
3.934537
2.203620
0.830521
1.174424
2.765879
0.490047
1.393841
5.002844
7.201118
0.318767
0.536499
3.496522
0.876364
2.618703
0.410651
2.669747
0.790666
0.790523
0.488852
0.583217
0.503290
4.571341
5.647633
0.025250
1.425273
0.335300
2.881468
5.935918
2.761862
0.451016
2.345692
1.880623
2.859358
0.450817
1.294116
1.951341
1.351828
0.804322
2.378006
2.707859
2.406686
0.080308
0.581140
0.530247
0.450923
1.425774
8.441990
3.063022
0.303993
0.115312
2.652248
4.569473
0.723744
6.961240
3.265912
6.636505
0.485465
2.876954
0.512567
0.308121
6.534704
6.127847
2.933787
4.295220
1.699873
1.956892
1.032364
0.787876
7.732539
2.478662
0.198781
1.985280
0.162780
3.234615
2.527350
2.008617
4.822939
5.825930
0.100538
0.859427
1.252955
0.857045
3.113816
4.355673
4.692598
0.939746
3.107206
1.710659
5.574127
5.996363
0.058001
2.637256
4.286107
0.845463
1.236549
0.512325
1.713063
4.287066
3.047562
0.025074
0.117675
1.932055
2.270859
3.467587
0.924310
1.374811
3.383511
0.107395
4.890906
3.134101
1.750221
0.754651
0.888084
2.341189
0.872283
4.053218
1.608986
1.301119
0.439742
0.266441
4.952904
1.425505
1.981685
2.579380
3.834842
4.253931
1.955224
0.949518
1.392069
0.173810
4.603842
5.386105
0.488038
0.048089
4.134386
7.616914
3.572730
3.612727
3.441398
0.886851
4.613609
0.633719
6.326095
0.420312
0.665744
3.133569
1.880439
0.876285
1.727839
2.169789
0.494005
1.843590
2.515871
0.590899
1.140840
1.084968
0.737588
0.012165
4.705156
2.302433
1.245146
2.845084
2.630411
1.524979
1.673767
0.125746
0.056903
0.626254
4.247241
4.311284
7.130160
0.864122
4.831865
7.480272
0.000013
0.206330
3.032382
1.414328
1.519011
0.978368
2.703937
5.789328
1.193502
0.517354
3.964543
2.267501
0.838717
4.060984
4.972853
5.898604
9.586197
1.614486
1.946949
0.251316
0.130513
1.403977
0.686550
3.937505
0.802673
1.558912
0.026608
1.195905
0.266477
0.220658
1.868575
2.837597
1.808553
1.431217
4.413174
6.741889
0.688942
1.101373
2.876161
0.906099
0.295883
1.101761
1.756447
3.457312
1.791106
5.658020
1.944553
2.048593
0.534134
1.401322
2.217113
6.143527
0.579151
1.194908
6.266253
1.300860
2.743511
4.617092
3.013865
4.975588
1.130997
2.104716
2.437926
0.149683
4.030153
3.688864
0.285741
0.209413
3.172119
0.230987
0.787369
3.478372
1.262455
5.187684
4.883247
0.695018
0.296241
2.035176
2.839861
4.348439
2.809164
1.003429
2.008508
6.732389
2.490978
2.828676
1.042208
1.671070
1.129571
0.507523
0.144739
7.661927
1.491162
1.619976
1.368777
0.854736
6.152134
1.758168
4.640114
3.140490
0.610714
1.380259
5.308429
0.158273
0.843841
3.813089
5.207954
0.875456
1.389565
4.590604
2.556889
2.551394
5.070328
2.706307
1.944340
4.376945
0.156195
2.177219
0.348032
2.866269
1.861893
1.846605
3.622559
0.868754
0.241407
2.989679
0.892363
1.999865
6.389461
4.877522
3.381768
2.846171
0.008839
8.728021
3.224472
1.208859
2.671383
0.845099
1.598003
3.801120
0.675016
3.221997
1.490182
1.761033
1.213731
0.950416
3.666937
4.926372
7.033827
5.309581
0.988618
4.266593
4.686052
2.954275
0.675330
0.007886
0.019616
3.120063
0.306703
4.154721
1.956675
0.956949
5.987022
2.278896
6.729742
0.609835
4.684891
4.752400
4.193189
5.820639
2.024206
4.309481
2.965356
1.441769
1.267078
0.800017
6.385509
0.142426
0.171747
1.100291
1.625731
1.932742
5.717715
5.310048
0.406106
4.467549
2.491509
4.537177
2.720331
0.381161
2.140602
1.177486
2.193254
1.880236
1.736608
3.840427
6.551170
6.239704
0.666174
0.011257
3.197396
1.048258
2.933205
1.938042
3.482932
0.341541
6.192395
0.400529
7.837075
5.662367
0.430316
4.469756
1.499632
2.720314
12.488270
2.803152
0.528621
4.356056
6.246344
1.083578
2.658661
0.952976
4.428239
1.713889
2.907266
1.172662
0.341637
8.095090
2.203482
0.088562
7.548894
0.549583
2.144528
1.094295
1.993890
6.661677
1.850998
0.828617
0.746280
0.967371
1.379556
0.482140
0.544389
1.245910
0.272332
0.119327
4.145519
10.461704
0.088269
4.424946
1.496103
2.493253
3.714931
0.815880
4.622532
3.592406
2.279987
1.797199
1.060446
2.499718
9.385847
9.940883
0.853348
0.074446
2.379782
0.948330
1.027010
0.063150
0.958108
4.874159
0.168826
1.331489
3.750486
0.936961
0.700650
0.569439
0.911288
4.404294
2.149946
0.546849
1.358690
8.446913
2.261793
3.107756
5.403855
2.569781
5.159604
1.672543
1.475671
2.885714
4.716482
5.460634
3.322457
8.441980
0.301602
0.059224
3.460405
5.719484
1.391808
5.315791
2.613619
3.120102
0.034351
7.302232
0.135023
5.445395
0.341886
2.707116
2.462544
1.447962
1.310509
0.997633
1.537110
1.340395
1.325539
3.944070
0.442578
3.871635
4.534005
1.638774
0.477496
3.198595
0.543748
6.779633
3.451838
0.214952
3.063629
4.173362
1.486766
0.739465
2.102511
7.698513
3.013188
4.060824
6.192824
1.036583
0.146169
1.895346
3.010120
3.514005
0.530265
3.643670
8.769010
4.432599
0.042036
0.411068
3.350069
6.178784
6.089907
6.906047
2.789307
0.399261
0.873551
8.063588
2.589794
3.396931
0.002277
0.861277
3.318535
3.466726
2.343555
4.722661
0.139154
7.698768
0.049064
2.256458
1.649074
5.631902
0.005381
0.132279
0.615211
5.042298
1.033424
1.973204
0.821108
4.589824
1.743126
0.061911
6.745872
1.186754
2.848661
0.603796
6.475242
1.716993
0.420033
2.406022
3.835086
4.683273
3.189425
2.982992
2.578920
4.014595
4.919798
2.644588
2.589644
0.578032
1.270873
0.231329
0.974738
2.440017
5.468583
3.687451
1.574438
1.921694
1.531480
4.221153
1.008265
3.161763
4.370109
2.740231
5.945550
1.845705
1.493500
1.039380
6.638992
1.952431
6.022785
5.863291
2.832038
0.524875
0.168913
6.198044
2.283963
0.372507
0.203690
0.443107
6.363733
3.561516
0.665753
0.222888
0.495564
4.046475
1.630014
4.598485
3.393077
0.030588
0.246476
2.156584
2.653370
7.157117
0.955398
0.625883
0.298129
2.363992
4.854809
0.128005
6.389983
0.334664
2.157996
2.366498
1.551545
1.295144
3.738115
4.029425
5.615723
2.605435
3.619659
0.121604
0.853914
0.611667
0.894655
4.454495
1.768653
6.146110
9.548549
7.450729
1.230738
0.423472
0.482540
4.825077
0.320147
2.034763
3.845812
1.709518
1.012549
6.196924
2.211471
0.040874
0.195324
2.275435
0.612970
2.505853
4.114742
0.558539
5.633037
5.008563
7.609458
0.464084
4.780295
0.344461
0.049141
1.526579
0.637815
5.714725
1.744376
2.486649
0.366679
1.892149
5.424341
0.238052
1.329573
0.050597
2.509409
2.964717
1.546093
2.786128
2.079189
0.364640
7.478685
0.470989
4.201847
0.890528
0.679393
7.499614
1.241812
3.910591
3.043127
0.732097
0.387457
0.245310
1.643953
0.816632
2.690461
0.579335
0.744006
2.182891
1.345606
5.892974
1.428974
0.300399
2.139617
1.703070
5.501727
2.899956
2.967713
1.755564
6.424409
3.003558
6.809464
0.956591
1.175027
1.964318
3.286199
4.378153
2.206089
1.514250
3.506026
2.135982
1.413729
4.417080
7.318930
1.253537
4.391601
2.162085
1.104166
2.413068
1.826304
2.853568
3.992063
2.295764
1.046420
1.595548
2.548709
1.895133
3.254164
3.381563
2.721251
0.552664
5.284934
5.524783
1.967366
4.190393
1.976039
5.674382
5.505690
4.740092
0.012205
1.435064
3.316610
8.647510
3.585376
1.848398
5.495328
1.353445
0.833968
2.432601
2.247622
4.258188
4.981339
1.661634
3.141017
4.329050
3.404068
1.246722
4.446299
5.204021
4.919301
0.027901
5.379576
1.728500
1.263723
0.097304
0.525270
0.535598
3.065459
5.852381
1.314914
4.195243
3.095301
4.431530
1.455916
4.349907
6.569957
2.145587
0.478114
0.133922
6.203420
3.347127
0.300674
0.403156
0.940323
2.687665
3.725656
1.236017
1.714047
1.065188
2.727792
2.998703
2.248195
1.040890
2.667412
4.596855
6.331420
3.344180
0.019532
0.783117
0.868000
6.218733
0.924304
1.051788
8.212054
6.703802
0.873442
0.893128
2.929878
4.078926
3.166061
4.163328
0.441109
1.941389
1.520565
0.980773
4.702193
5.374358
1.997427
1.924115
0.476601
2.826818
3.607336
5.409857
6.782895
4.907465
2.736079
6.267521
7.452604
4.164475
7.876200
1.612842
3.077879
2.024201
0.156815
0.396252
5.250643
0.111204
0.008288
1.106580
3.512068
2.143900
0.302248
