3.071218
4.488229
0.094636
6.927385
1.137957
2.504771
3.993552
1.921444
9.031138
2.427931
2.596964
0.725576
0.429306
1.548659
4.543256
6.562983
0.683340
0.035030
1.993826
9.398282
4.538519
3.139155
4.025284
0.771196
1.217134
1.986672
5.509523
1.276249
0.700189
0.364996
8.149358
5.516523
0.523495
4.483043
3.790031
8.671230
2.455493
3.094637
3.210153
0.633214
0.155758
3.991791
3.275446
7.679032
3.646058
2.459936
3.499839
6.438875
5.538148
0.536190
4.620845
0.970830
3.022297
0.623834
0.028502
0.063294
7.650296
0.636628
2.417130
1.866238
1.582424
5.752929
5.908992
5.460181
4.915687
1.530530
6.610161
5.276708
1.613769
0.365536
4.676998
6.161444
5.439030
4.528345
0.579520
3.750784
3.929542
0.241471
7.862234
7.900473
3.777482
8.645150
0.990990
4.005317
1.714880
0.824732
1.032165
2.619980
2.417946
4.767171
4.516497
2.462147
6.370352
0.216909
3.355267
3.348444
3.279998
0.467468
3.013018
2.245812
3.521953
5.535892
1.576180
7.170870
1.619043
11.286913
1.569407
1.449179
3.431406
0.399696
2.309380
9.050019
9.807602
1.401144
9.252871
3.766027
5.039630
0.097348
2.853766
1.894926
1.950145
1.733448
5.490797
3.159707
5.711857
3.401188
0.782698
0.074257
0.745300
9.215147
3.402775
5.897562
3.949319
1.984129
0.429691
0.204482
1.693314
1.502625
6.867882
2.618815
1.796157
3.781157
3.581985
7.949127
3.418334
5.803526
3.591770
4.769665
1.711232
3.675482
3.453852
2.425224
0.936406
0.156852
2.996619
4.101144
2.318653
0.378623
4.659476
3.957837
1.518257
4.041876
3.718767
0.748777
2.356400
6.079641
5.532748
3.763767
1.348070
5.159940
0.509767
5.306985
2.121493
3.160141
1.841384
0.098032
0.699677
1.814539
2.618328
1.223951
0.279415
3.220995
5.575717
0.845381
4.199252
4.954106
3.048652
2.942217
0.223555
0.829951
5.475408
0.553249
0.195831
1.853263
3.901322
2.164612
5.962928
1.008104
6.643670
5.229251
6.101674
6.541954
0.868154
3.472974
3.288523
6.718378
3.111390
2.032710
0.369624
0.484084
5.861976
2.164302
3.236884
3.262774
1.501274
4.030385
0.929367
4.238006
6.720115
3.241338
7.160549
4.228506
3.305214
3.936355
4.421490
2.749590
4.796623
1.437881
2.344916
3.138568
1.173475
0.059719
0.842265
7.318643
4.434491
2.250924
8.170042
1.846195
5.028566
0.303402
0.063338
1.511512
2.041974
1.071104
0.866877
2.509878
3.352484
5.272233
0.287442
4.006064
4.621080
1.785471
2.247401
2.546922
7.796266
3.711622
4.001291
0.673394
2.512939
3.978833
0.194306
2.307768
3.961536
4.671181
6.305842
6.362851
1.027845
1.379779
5.983596
5.061278
2.265805
4.214717
5.334872
0.211737
2.599496
1.834492
1.049508
1.677080
0.113705
4.410758
1.348615
5.464519
3.651886
4.511564
0.250846
4.583529
4.741778
1.982795
5.832910
1.989607
3.893207
2.678333
7.934555
10.158939
6.946013
1.793196
4.208068
0.253927
1.433315
3.389466
5.138799
0.655498
2.780793
3.535149
0.616248
0.303715
2.940795
1.101308
0.652884
3.837782
0.776108
1.263863
4.059918
0.923801
1.446541
5.010858
1.242793
1.570008
3.564262
4.738413
0.027460
1.692544
7.582657
0.900986
4.357470
1.874328
4.919498
1.256706
1.952208
0.300854
1.406904
1.376621
4.551488
0.695141
6.736030
7.764946
6.404060
3.054069
2.150693
1.834798
0.147752
5.347809
1.554592
1.877460
5.944101
5.649744
5.417597
1.009580
3.887679
7.855180
2.444580
4.027673
0.932528
3.350853
2.033211
1.999214
3.183880
4.398118
3.675910
2.108674
4.506102
0.280507
2.280550
3.905734
1.568099
1.340608
1.606649
1.230782
6.343412
4.301304
3.107168
6.969109
4.957015
2.180464
4.211169
5.178549
3.793141
8.122840
3.911505
0.797530
7.595864
1.279453
2.127285
2.607249
6.693497
2.656766
0.983044
6.428621
1.429855
0.022140
8.043994
4.639586
0.106573
3.941205
1.850780
2.508683
13.261497
0.046342
1.738551
5.877562
6.322223
1.391457
0.312639
3.461625
8.834024
4.338297
2.505889
3.764216
2.567602
2.908608
3.391674
2.077926
9.443563
7.062400
3.041341
0.081457
1.649182
3.839225
6.056481
5.561792
4.788067
2.029071
3.586702
4.164348
1.783701
2.265860
1.962793
2.104156
3.386689
3.242566
1.991073
4.392497
5.744448
1.331203
5.702470
2.493274
4.818064
2.244392
2.971794
0.664167
4.427011
6.460562
7.160503
0.641994
5.168983
0.629837
4.623842
1.946405
5.047550
0.112004
0.327612
2.642383
1.408311
3.746589
3.485187
6.151769
2.157818
1.569946
1.129043
1.961991
2.689106
0.337667
1.413487
3.688657
4.851955
4.249586
2.511217
5.569443
0.543734
1.242141
4.808178
2.151761
5.864722
5.338163
0.415554
0.501004
2.715685
5.484127
2.257244
2.308740
6.131704
3.530133
1.490701
1.154283
2.061866
1.544172
0.163097
4.039381
0.787345
3.114234
0.018324
0.827357
1.409771
2.487331
1.528711
0.004734
5.996338
4.307662
0.442287
0.230497
6.544122
3.951834
3.797867
1.685560
1.827355
1.790429
8.523701
1.678666
11.013680
9.398047
0.077291
5.148456
3.675374
0.134601
1.333906
4.167428
1.266978
3.689934
2.014274
1.792278
1.167095
2.925059
1.596513
1.777807
0.046886
2.505862
0.912381
2.663446
2.538279
0.511810
4.024182
1.448696
5.735067
8.303289
1.010180
3.018699
0.224214
6.423750
4.180318
6.005001
3.678070
2.054178
0.677853
10.231318
2.025856
1.729927
0.223213
5.869700
5.810739
1.500723
1.931720
2.766570
5.061755
4.757650
5.295616
3.654037
7.938072
5.682132
5.569178
0.446346
7.927113
3.981589
0.536597
1.401439
1.813338
5.942700
2.515454
4.799518
5.688309
4.342759
0.180503
5.347349
1.241203
2.485340
1.357805
7.108237
2.082755
2.980949
4.325381
2.855413
2.007568
6.681394
5.998357
8.609899
0.211254
3.580783
6.226714
6.802897
10.340754
0.190649
0.639280
5.367843
0.923532
2.059204
1.199296
3.772501
5.346753
2.593774
1.473841
1.875535
1.215322
0.339033
1.277808
2.411998
5.533020
3.484731
5.190890
0.044386
6.698032
3.793276
4.811264
6.036194
1.554922
2.817062
4.113295
0.734148
5.311190
0.295635
2.356330
2.649034
1.009211
6.423908
5.618668
0.853422
7.893780
4.959051
0.031650
6.221751
5.124366
4.186132
2.108005
4.989294
2.850494
1.888561
2.116359
0.522116
6.139998
0.615481
2.108885
4.291097
7.039093
1.046726
0.646598
3.282457
1.565126
2.009793
5.247389
5.933577
7.997255
5.341970
3.927079
4.869954
1.135463
6.157904
0.241600
0.637641
0.258246
1.352458
5.511032
4.689985
0.267903
2.923841
8.477909
0.717133
1.930150
0.048303
1.676544
4.466711
1.655363
7.913569
3.018361
1.134397
2.020158
0.981820
2.512178
0.825475
4.626508
3.267635
2.094532
6.268677
2.657285
2.902370
3.676070
8.267887
4.298260
0.132587
3.251185
5.291763
0.275324
1.886136
4.153144
1.725291
3.797605
5.804733
4.881055
1.414740
7.689682
3.104270
1.283074
