5.169309
4.048053
3.236149
5.698145
1.894781
7.514562
0.538543
4.875245
4.194473
2.452161
0.929776
4.391146
6.026620
3.417122
1.435357
4.683844
1.042573
4.929581
2.997137
1.471234
2.558696
6.549699
0.498066
3.451167
1.182066
5.565308
5.237605
0.796070
1.818998
1.544203
1.753719
5.258173
3.220491
0.652052
1.678119
0.456110
4.942861
2.581166
3.643475
2.697422
1.192701
9.478205
6.905347
5.213596
1.326085
4.327168
0.812456
1.119146
0.169857
6.227793
0.260567
14.230173
3.152090
1.176255
2.219142
2.681825
6.446552
2.832744
1.607303
2.847651
0.211619
0.292039
1.163702
3.102959
6.224348
2.118282
5.571188
5.914206
0.100865
6.497929
2.545245
1.520957
3.173459
0.181597
5.025862
6.940554
0.904128
4.538746
1.792640
0.679192
4.018047
1.935356
1.542097
0.527600
4.336683
0.958375
2.685240
3.962554
4.335307
5.589368
7.981614
5.884790
1.978524
6.710546
1.763165
3.780103
1.565854
3.127090
2.656123
4.471159
1.369728
1.816067
8.976059
0.319867
5.700870
6.746992
0.687143
2.600192
5.632377
4.009172
6.537165
4.799869
1.664849
0.174538
3.442373
5.653257
6.395776
1.890775
2.280983
5.846608
0.522288
2.092575
3.974471
3.888471
1.058185
7.817812
1.470697
2.962839
2.785152
3.923412
5.116046
0.291267
2.565745
2.888582
1.146617
2.725863
0.685867
3.060086
1.126066
3.525468
7.303906
1.202163
5.189001
2.420318
7.969966
0.222916
1.293581
0.993075
1.128852
10.862320
13.133912
0.909381
3.031608
0.031070
2.530819
4.292058
3.261776
8.595193
0.299181
1.025968
4.003813
2.583419
6.724396
2.217540
5.488627
2.925217
3.621098
1.642577
6.281394
6.469862
2.330233
1.689543
12.261339
1.950465
1.255838
2.342079
1.465717
3.161280
4.597081
6.098064
1.040009
3.880385
5.306635
3.619969
1.478507
1.336636
3.823188
3.650889
4.303188
7.411007
4.720918
0.693870
2.072723
4.543050
2.580909
4.254733
0.712419
4.455501
1.158792
2.501250
1.545179
4.435066
3.596485
9.117456
2.162287
6.489152
5.199573
2.205437
9.024842
0.142641
5.454800
1.741050
0.256337
0.519066
5.877687
2.772407
4.509331
1.975411
7.869131
6.707053
0.096270
3.733335
0.514679
1.953550
0.625458
0.186468
0.183125
1.415746
8.051353
0.388061
8.360128
2.434670
0.976300
5.867169
0.252252
2.560487
3.539292
2.228587
3.412123
6.865888
4.597251
2.622011
4.625925
1.007275
9.111861
2.675406
4.282396
6.585785
3.316133
1.875547
2.063432
5.695469
3.761546
0.871235
9.315702
2.723245
0.770805
2.035333
3.764175
7.442401
7.651370
0.537348
7.769057
2.283810
1.824980
8.058457
0.716990
0.843818
0.974449
5.291585
6.442214
9.556490
0.076938
1.614226
1.537302
1.416428
2.541277
2.544503
1.946269
5.436486
5.319161
8.524734
0.188494
0.023267
2.141928
10.112810
4.936004
4.457044
4.764951
1.176034
3.550974
0.137861
1.554994
5.390583
1.109423
0.799351
5.965258
6.092256
3.835478
1.337630
2.856841
0.671321
2.202150
7.901792
1.216357
0.326561
6.141955
1.922618
1.594120
0.708850
2.251438
6.439357
7.387101
2.655218
6.312155
4.746089
1.975970
0.848623
6.539699
5.423274
2.993224
2.249076
8.829154
1.214898
3.034468
5.349154
0.599194
2.586027
4.840554
0.926847
9.316173
2.492498
4.002391
6.310518
5.411551
2.276943
1.834733
0.610665
1.134750
8.244868
3.616266
1.910585
13.235749
1.746280
6.275342
2.734910
1.096144
4.196781
1.974369
5.484566
2.772363
4.256527
0.650163
7.626023
0.646768
5.389339
7.905707
1.165348
1.894848
4.019494
0.282633
2.836555
0.502097
8.475318
4.531905
5.921658
2.991619
3.563543
4.632545
6.670674
4.710149
6.713243
7.276540
0.103419
8.383349
3.205774
1.064739
0.521168
12.107991
0.687637
3.669469
3.609548
0.914407
4.994054
9.160378
2.609671
2.390040
1.103682
2.302570
3.777473
4.094020
2.211103
1.297575
5.376377
3.430491
4.038580
6.608163
4.507178
4.160491
0.762298
3.292742
1.667583
6.399825
3.562668
0.716391
8.198605
2.695759
4.511754
6.132919
4.024998
0.655540
5.294133
3.016730
5.018671
4.604334
10.619899
0.625797
3.005331
3.189464
4.204877
6.003142
6.415238
4.709485
5.990491
0.565448
3.243777
6.445517
3.549909
4.091912
2.499947
4.367639
1.219162
7.196586
0.115964
1.616004
5.007640
1.645294
1.892440
1.299309
3.699457
7.504575
3.480554
1.500652
3.649583
2.898751
1.803902
0.600253
1.565708
8.463835
1.981865
1.878300
0.444944
4.629538
6.249064
5.921653
3.559799
6.683521
7.057962
1.571811
3.857882
8.221819
4.298575
1.145133
7.382389
0.276659
11.168355
6.559842
4.749882
3.774992
5.678138
4.229989
1.866512
1.959580
1.279620
1.209355
2.008184
1.152308
0.485922
4.590733
7.657591
5.152432
1.142244
7.733929
3.820233
2.777972
6.359043
4.412900
0.149580
1.497353
6.237806
1.698757
3.726489
2.390943
5.343166
5.713498
4.752261
0.753747
2.478769
12.072089
4.576059
2.961473
0.969089
6.196785
0.249202
5.582622
0.254412
0.611226
1.618372
6.341636
3.368953
1.689047
6.869289
5.513429
2.032282
5.723768
2.466794
1.456053
5.325549
3.515285
0.344468
3.356841
0.974571
1.365298
1.417991
5.729364
11.002453
2.212937
6.061765
2.977214
5.462194
10.058711
2.098254
0.998101
10.009440
4.175170
1.745138
2.944716
10.409561
1.875967
4.338646
2.405042
0.597156
3.134870
1.497507
2.887392
2.587170
0.173034
4.897526
2.461885
3.530032
8.548030
4.932447
1.389518
1.205121
4.587466
0.239553
4.453195
6.505759
0.595811
2.527813
3.794721
8.989896
1.333996
5.933379
8.245798
4.529610
3.614656
2.229579
7.241222
4.375574
5.117561
1.520468
8.181191
12.123555
5.169602
5.642503
1.075796
3.392585
3.111976
4.353025
6.944649
6.332826
1.273861
2.020962
6.906792
0.459532
0.646991
4.641874
8.328415
3.903351
2.206964
2.280018
3.559974
2.213338
1.429175
5.632062
0.532785
3.199896
7.944199
7.032332
5.843361
8.957152
1.360273
6.283216
3.366334
1.138375
2.346479
3.929154
6.090765
4.889038
2.461668
3.522741
3.829546
0.727131
5.840449
3.338718
8.240336
3.380962
1.853838
2.122527
3.062627
4.708118
7.814980
1.596844
4.106007
1.124649
1.593056
3.544675
1.340171
6.636086
1.409634
2.930304
1.228276
1.522853
2.667104
2.438348
6.030715
6.355033
0.116569
1.930746
0.976008
6.946252
3.687343
6.681127
3.922653
1.574855
2.783207
0.541792
2.251911
2.903008
3.392939
4.518666
0.846962
0.378995
1.285258
1.105581
2.078594
6.965494
0.426416
7.575517
4.366610
2.178384
3.381682
2.871481
6.263441
3.625961
4.486171
3.388682
5.011669
2.571967
0.479403
2.333923
4.222730
1.961934
0.964798
2.148121
5.154756
4.163139
9.665465
3.171785
1.894583
4.705913
6.448572
16.779987
4.602703
2.266228
2.498285
3.486004
8.322481
2.703226
4.938682
4.882488
5.949102
3.627044
4.303902
3.912257
0.355697
3.005271
6.139911
2.994170
0.045105
4.405981
3.055015
2.881918
6.252408
6.162569
3.674292
0.435655
2.725113
2.287746
1.299264
1.063310
2.996025
13.903245
2.302787
3.473630
7.273584
6.956684
0.053872
7.013261
0.421576
5.887470
7.541670
0.131112
2.340584
1.909155
5.273927
5.923560
11.161909
1.207442
2.093440
10.437879
2.192839
3.154360
3.319884
0.851740
2.285718
0.840126
3.837357
1.316978
10.613755
2.550932
5.506622
3.983705
0.370013
1.990154
2.180767
7.451080
3.157098
0.394276
7.264651
0.934444
9.466224
1.485562
2.391777
5.040033
3.337985
5.332477
4.024712
0.738281
10.012333
6.487808
10.830170
2.883576
6.113102
1.174752
1.041228
1.830119
3.684373
3.504172
5.093153
0.086719
8.790947
0.690137
6.848424
3.954809
12.943965
0.248975
0.311809
1.431826
6.033740
0.167194
0.250814
0.534561
2.201385
8.964113
5.668168
10.537139
1.761464
4.641243
0.946201
0.533038
7.533242
1.159429
3.651489
1.061367
7.090999
6.194085
2.883033
3.732227
2.664977
3.184426
1.322339
4.882061
5.958490
0.654682
6.857021
0.701138
0.637050
4.477970
0.405065
3.107469
1.875367
4.939271
2.056098
4.531219
4.074665
4.740669
4.734521
8.152944
2.886945
3.899421
3.746745
1.127141
9.811849
0.662852
0.488722
3.454122
15.699430
5.060508
4.396991
2.643576
7.888968
3.230927
1.658122
0.818965
0.659794
2.383700
2.469362
0.143626
3.024283
6.629622
5.018644
0.006441
1.998242
3.824255
1.411833
5.122756
2.305346
3.281105
3.472841
3.326810
0.844652
6.056759
2.627307
7.634863
3.427763
2.656215
1.885296
8.976400
7.838922
2.582384
3.908047
3.686598
4.693365
3.494357
4.258774
3.394772
4.864286
3.454164
1.034981
1.069841
5.688361
0.261100
0.134433
4.688493
3.430938
1.219144
0.286518
2.450959
5.081067
4.577062
3.465671
1.578825
6.693237
2.443303
8.861236
5.206154
0.151899
9.880878
1.940888
4.970069
11.960197
3.326661
2.555202
1.680824
10.445425
0.050234
5.859042
12.016087
2.704741
2.662017
0.065223
7.094494
5.105754
2.260383
3.117361
4.946789
2.724001
2.118773
0.151769
0.057492
0.023762
0.371516
4.883818
5.347826
3.330626
4.721356
0.059850
4.600993
5.342223
2.802630
5.008179
4.902787
1.619332
3.182814
0.114778
8.547067
0.830715
1.887804
1.905861
4.026411
1.260608
8.221281
2.088746
0.691426
0.227979
8.019203
5.630606
2.828855
5.037195
0.265442
0.040934
0.304459
6.333304
0.479178
0.022737
6.352435
3.205673
8.488269
0.949604
0.802817
6.840059
9.746476
2.414577
4.732671
4.521385
1.037255
9.246382
1.310783
2.896128
3.474965
5.247232
4.574772
8.149287
0.522629
1.241046
0.258867
5.136239
0.041643
6.363937
2.464504
2.484471
3.333464
13.587547
1.334703
2.530276
3.893071
6.405478
5.064013
6.100381
1.397229
6.931852
6.637864
4.328096
5.660476
0.837349
5.205357
5.114157
2.890181
5.133590
2.250942
1.524887
0.409350
2.420766
3.887751
5.498238
5.968464
