13.235662
8.881340
22.692998
26.071776
1.586601
5.780998
23.993007
17.296971
16.997911
25.168161
30.473997
13.402979
15.114410
31.014082
24.864346
22.965200
5.689981
30.752698
6.120687
34.703531
9.180755
10.769873
13.383505
10.754526
29.756706
30.644863
8.571081
31.832239
10.416455
3.032116
37.643419
18.859186
6.063694
9.741375
12.020041
14.228964
14.336172
19.938752
10.663992
13.443272
22.161178
20.905885
30.457436
18.310425
7.836973
19.917664
32.550573
20.711392
5.086798
11.989500
14.173914
22.144677
12.290247
12.082206
18.814000
10.308525
25.923417
42.110458
13.460696
2.137217
5.087031
18.276236
25.219155
23.609637
16.990926
17.846638
4.935871
10.309705
12.662524
29.092907
15.278067
2.269935
22.319506
13.206159
6.587428
28.033973
15.068858
12.647665
8.705878
15.229305
8.596510
26.476217
21.906301
20.170910
9.962259
15.341893
11.808880
5.097814
31.735695
0.860217
25.146438
22.824816
28.734643
10.025659
24.606119
25.401982
24.217126
15.694415
18.844726
5.700260
11.482876
27.639242
11.592314
1.767762
9.423348
36.112631
11.664598
20.053879
19.580266
12.413077
18.772630
9.988705
12.223269
28.743167
11.669989
21.601235
17.008626
9.792355
20.808816
11.397500
2.268909
21.282648
0.962115
3.932995
15.449686
18.041324
16.758598
12.445929
16.258631
7.306391
24.750693
20.127881
14.292782
17.234280
20.404372
16.773371
21.388562
20.860548
10.987933
27.707612
22.775638
29.407626
16.265890
9.704906
20.612108
11.190398
4.940134
15.737157
6.573428
0.849572
21.728180
22.288005
11.706111
23.009300
16.469335
16.141591
18.526258
14.199305
25.870292
27.628969
10.820788
21.426237
37.272885
7.807541
12.366109
20.345464
25.547780
10.359249
29.987273
29.210433
15.709480
18.444874
2.738449
6.644596
20.084225
24.790468
18.330038
34.825247
15.278978
29.125133
26.109115
6.516907
24.938986
23.720675
8.853345
20.837096
14.773937
12.014030
11.595555
16.850672
4.479301
23.082925
16.979434
13.706379
17.112405
36.491045
12.487002
6.857751
12.601969
27.706099
19.104011
8.833049
2.790009
23.319222
17.837189
28.031366
20.926617
18.477928
20.851335
8.728674
31.594832
11.356421
14.165373
19.691785
22.471165
16.665186
16.797622
28.882290
1.453609
17.132419
1.344396
35.003382
28.084651
13.679106
26.729975
8.683811
18.897945
15.336118
27.508618
20.233493
20.348325
15.586899
3.848854
23.776374
18.154892
11.147455
4.618124
20.567759
13.093273
4.225213
33.851956
4.792283
10.566249
28.120974
10.744765
17.533958
24.167385
22.723013
8.910499
20.151696
12.315136
26.307943
4.173919
14.816896
22.382379
8.660543
11.116703
16.955925
19.658298
6.928936
13.014434
26.408911
4.284814
3.996170
11.606327
14.631713
6.058943
6.192257
39.970370
4.834087
32.298320
22.536148
9.885641
5.304090
24.979069
12.119517
4.249068
6.419943
21.679614
7.219165
2.395023
13.438114
19.530961
24.379065
11.514642
11.214599
20.742714
17.957089
14.554066
21.167213
23.139392
1.828048
0.003254
17.757895
30.247741
21.941400
13.406212
9.970943
30.458075
17.263643
41.808341
26.129122
9.446698
23.876226
14.279176
18.718264
19.997031
5.263753
34.112611
3.644637
18.752469
6.323220
16.589030
16.829894
10.381394
6.730586
29.510312
26.524546
16.298268
14.715790
23.784775
14.727434
12.715418
20.168176
7.795836
27.799607
21.728407
19.263092
26.087718
15.327782
23.914522
31.074138
12.345970
14.697870
17.512393
16.367698
9.247315
31.477308
19.142223
25.149544
19.287568
12.111019
4.695090
20.352765
14.296309
25.914812
11.210228
23.997650
26.304329
31.965852
12.101677
29.545846
10.708953
0.345630
0.055463
2.977536
5.578431
20.788422
3.735477
0.987609
31.438409
29.070502
9.135698
1.038409
3.183670
12.274996
3.199062
7.105583
20.171024
30.770733
17.175987
20.959614
2.998478
25.515556
25.443209
25.427060
25.489795
15.380908
3.569335
5.004637
10.197214
30.103352
0.500454
31.871150
38.770663
31.334052
16.877551
19.651727
16.679257
8.630100
16.686403
29.709241
22.390337
12.720559
19.076837
20.661559
11.660275
11.039392
5.947857
13.373339
5.906557
23.802447
10.777488
26.963946
31.266658
7.274166
18.188990
27.744232
2.395989
20.361914
7.746702
22.249626
8.623027
17.929617
13.499754
20.144698
16.414664
2.603347
2.591133
31.501654
20.472829
19.708791
30.469824
10.177262
20.168742
24.792241
9.660175
24.611887
12.371885
34.712825
17.917700
22.412907
18.511377
17.047037
20.927443
12.900999
30.285922
21.567212
21.996577
0.647506
8.991998
20.122439
1.181587
36.062005
9.462711
25.441275
10.230521
10.984464
11.815203
33.446667
24.804546
17.382305
19.080627
25.146314
12.826871
20.177740
3.105783
17.948316
5.616746
29.697442
1.705596
9.765651
4.525438
11.421396
32.367942
22.600529
19.710655
1.215591
20.885807
27.958009
15.252267
11.213370
13.883385
20.999898
21.107884
28.480709
37.770059
18.536262
18.855291
24.386784
13.316904
24.915675
6.043311
4.610267
27.191413
14.645237
17.217706
14.668663
11.849498
23.292140
18.281524
19.513838
24.877721
17.751069
25.288405
24.377323
30.639116
21.382239
12.829394
20.156822
30.787599
25.670095
6.940484
8.882587
17.963295
20.282990
13.982700
17.039756
14.684310
2.916824
22.325925
22.441818
26.251615
14.370371
24.122216
36.142060
24.214040
6.585792
10.702404
10.601353
16.421249
8.718430
37.773691
22.517040
15.282758
15.125504
13.429210
10.685103
0.361530
12.748034
25.878097
21.650264
13.460724
17.297167
34.898406
21.791935
19.706409
24.510806
24.444145
17.870373
6.284419
20.140331
23.432320
19.739085
19.666471
8.575808
33.811668
11.889093
26.196164
26.082387
4.453380
27.618572
23.312850
27.589859
8.798038
23.122604
22.819665
18.545107
12.109962
13.851798
18.383007
23.609737
19.129114
11.905482
26.845964
15.764504
2.572360
18.935491
12.101054
24.576701
16.928492
23.107518
19.310856
5.893841
28.294381
14.192847
29.781696
31.221471
1.623970
20.001915
15.824558
1.588531
25.178049
9.505221
25.407199
12.218249
26.948572
0.785722
20.727542
24.259457
3.640000
23.142174
5.687742
4.842928
16.315254
19.503672
16.217740
24.385649
8.844850
10.244236
3.759793
23.296919
22.104493
16.564714
11.717966
14.119353
12.879114
17.188014
20.395988
28.533727
16.868274
19.180182
14.296159
31.925109
15.392812
3.585338
17.941623
23.334212
13.778812
8.946395
26.993367
21.946799
16.770528
1.697523
16.900677
24.709601
6.499195
21.234517
23.276328
18.071564
36.916701
7.301504
14.141843
5.081778
19.034113
28.231789
1.359867
19.172498
24.726697
25.800686
12.571146
16.073560
24.158582
22.589677
15.505862
15.310778
23.953464
15.259100
34.112672
34.878718
15.231744
15.259971
0.577602
21.745001
4.902865
34.164631
35.718175
14.803740
12.562154
6.848380
27.032118
9.916043
32.857477
2.167984
19.194430
26.934392
7.697649
31.227081
23.603141
16.778798
13.425367
12.878095
35.017353
7.447066
16.083983
18.223118
15.884598
18.874408
22.192019
11.748096
2.148106
21.141298
17.700332
14.350321
16.075275
19.325238
30.532273
21.788823
20.538421
2.316631
17.089542
23.263775
7.237006
13.534278
19.136843
17.723117
17.675548
27.194540
16.110579
19.588143
4.436968
6.889798
30.009410
24.978053
25.723527
30.318710
16.643372
28.224327
15.067567
10.042043
1.822769
11.871798
22.960948
17.247048
20.924987
10.561466
5.725000
24.968431
22.031247
14.997331
14.066834
8.677204
13.022957
19.318945
17.024970
17.539895
34.270648
24.267119
23.203626
0.738069
25.655267
19.007280
15.265108
19.795357
10.010743
3.880508
12.808724
9.066700
9.112021
24.075760
28.862208
14.249401
25.479821
21.681270
27.679088
33.449822
23.518542
9.963591
0.147995
29.219440
26.816087
26.510169
16.374197
1.962348
22.163874
23.485246
23.501639
26.028928
31.726929
14.347420
18.266119
4.154227
6.009037
4.078900
0.586832
10.347053
25.040638
11.278272
14.264844
15.907790
13.699721
19.312607
15.984413
29.328638
5.218046
6.244158
12.589177
16.363920
10.991043
17.158251
15.972761
31.349905
21.712902
23.936773
20.754009
23.775080
17.478723
18.733714
14.924587
6.622252
1.664174
5.428745
23.417307
42.889765
17.909479
23.202141
11.201020
8.607374
25.574329
20.908064
54.345251
11.459108
10.514601
33.703476
14.515296
14.361933
12.890988
21.149832
16.605681
12.976645
31.823097
0.779216
18.610051
1.018826
28.398560
17.976665
26.908547
5.495963
9.239131
25.857219
18.645535
0.362857
3.457837
25.313912
9.332143
18.840173
31.006379
3.224548
12.034583
11.449826
28.752576
9.041626
11.089942
24.740292
25.049500
35.485646
2.945650
24.320275
11.595319
24.496519
5.782033
27.004731
12.182331
5.206868
10.543645
11.940021
19.436696
33.987505
18.641940
18.609849
17.579309
24.790547
31.730923
33.800419
28.890592
20.362980
27.044928
27.258628
12.543828
12.690393
8.997134
1.073137
17.769008
16.970698
23.380976
1.991538
18.018145
7.916372
9.811908
20.267175
26.727210
23.381137
18.744032
0.432212
21.820169
26.974008
19.418954
16.808599
31.681294
22.028664
20.798961
28.974133
20.991876
5.438916
27.889937
15.713286
19.706583
19.597273
24.603768
27.461113
34.503309
5.540540
29.481557
19.142042
1.107281
15.635113
32.048629
13.335229
25.269524
21.341911
34.621578
21.620566
8.390368
22.052450
11.404809
2.941276
38.396449
33.771567
20.366866
9.911572
15.586623
29.744688
9.822790
11.048607
8.350403
20.026627
39.517832
25.560853
15.601374
24.837740
16.340380
31.148493
14.954234
29.865169
26.748904
4.807383
13.677385
17.640124
27.060322
29.983665
11.392502
26.639393
12.742110
24.322216
22.576548
21.127321
3.051383
29.787964
13.386840
30.694674
8.715333
16.155263
14.350703
3.404079
16.040064
13.443669
16.355759
5.345604
11.573346
12.759616
11.030043
13.572275
20.461742
21.569346
24.758598
21.020596
9.813260
14.347509
18.666481
36.709500
27.192288
21.298520
10.768810
19.669347
25.435862
30.380961
9.353014
17.462381
24.390070
12.760110
20.297290
21.573351
16.878214
15.591224
3.764434
26.061106
20.221137
18.772329
11.808985
7.667897
28.950138
19.655338
12.940293
20.812698
20.152643
20.733353
15.959775
14.077246
11.937680
19.888534
29.893149
18.219277
7.428898
13.914599
33.705446
13.082657
32.518028
3.961295
15.824014
17.670360
19.453051
23.209497
0.439916
15.434589
21.544847
8.371691
22.894837
7.545144
27.218204
3.868708
17.536814
3.582516
0.377777
13.010740
0.007546
12.108317
26.227451
17.795894
22.308288
21.092993
20.837120
10.393248
1.623586
23.131885
17.649401
19.245414
24.523317
30.283399
15.337594
5.127581
17.139905
24.851604
18.610839
24.813409
12.543198
9.952081
18.797246
8.512266
5.587510
24.715524
8.317351
27.201795
7.598456
24.016456
28.140163
1.123054
33.719938
21.823990
15.952537
11.284116
21.480753
12.943644
7.460731
12.840137
52.625228
5.527616
13.845156
6.407084
3.580350
41.813754
25.228032
29.916399
10.381396
21.952556
17.301008
13.496510
17.430723
14.890051
5.563522
12.374295
3.926434
0.827917
14.470922
21.569345
19.377847
8.588066
10.406298
14.819737
18.719615
18.803727
16.394101
30.256316
28.799573
18.336930
27.717477
15.728032
10.342305
24.195888
11.091833
15.277824
25.241378
21.205392
35.022340
23.676013
0.226346
6.241785
20.328256
1.631594
15.829218
10.166555
27.945758
13.822193
36.904936
3.345321
16.438195
20.677148
19.210242
20.856474
15.630274
3.624601
21.332295
14.250040
12.717636
19.699309
23.439366
24.227288
21.208597
4.655453
34.037286
18.697245
20.184335
0.467937
17.201181
13.119313
14.390929
21.409153
14.994684
15.693474
20.496413
10.795930
40.232453
15.471744
24.786864
23.768110
18.690600
16.025366
25.831976
9.365658
12.417075
17.997995
18.548562
11.715452
1.677553
24.701859
16.582550
25.783225
7.335838
13.613340
22.897637
19.115475
26.834433
21.630130
16.709468
18.164345
22.912066
13.906294
28.741065
22.050662
22.967249
9.330753
