0.004482
0.221525
0.146578
0.205491
0.167557
0.009887
0.007006
0.006628
0.006440
0.029369
0.013866
0.108318
0.011563
0.007769
0.027581
0.002730
0.042048
0.004018
0.004631
0.003745
0.002039
0.001089
0.022759
0.041912
0.036196
0.002517
0.161573
0.049566
0.171143
0.168937
0.142371
0.000504
0.013407
0.465831
0.001219
0.101406
0.069021
0.005871
0.061362
0.016945
0.065588
0.000554
0.005487
0.068765
0.101916
0.034362
0.047057
0.011337
0.006136
0.029711
0.187521
0.005734
0.238759
0.101771
0.004018
0.057807
0.018086
0.001976
0.843848
0.126364
0.010306
0.272738
0.010854
0.084673
0.001360
0.317735
0.300653
0.004197
0.005796
0.055999
0.081963
0.014869
0.010313
0.013921
0.046533
0.003087
0.006526
0.046743
0.002391
0.026586
0.028642
0.000698
0.001405
0.020010
0.001116
0.042064
0.057944
0.051375
0.011634
0.004360
0.017535
0.078689
0.002488
0.137100
0.125870
0.008782
0.001269
0.004138
0.055308
0.023069
0.034618
0.042722
0.303668
0.157890
0.198209
0.054809
0.003175
0.083989
0.752650
0.004811
0.027810
0.044873
0.008227
0.000212
0.055136
0.058878
0.293290
0.163573
0.153279
0.016069
0.108351
0.097078
0.082840
0.001710
0.137131
0.000318
0.048706
0.004879
0.008305
0.034025
0.004432
0.008373
0.028445
0.062134
0.008485
0.000107
0.277908
0.030342
0.016083
0.002607
0.004655
0.023392
0.118023
0.007809
0.006608
0.000317
0.012788
0.130034
0.102686
0.219250
0.001219
0.000168
0.001772
0.222182
0.047967
0.004910
0.022346
0.058164
0.001434
0.032096
0.011162
0.024250
0.043991
0.000390
0.000058
0.000113
0.000296
0.036413
0.005450
0.185688
0.029010
0.068805
0.002856
0.033996
0.002524
0.003804
0.030178
0.018378
0.017746
0.276140
0.008354
0.013513
0.177498
0.012664
0.365730
0.002738
0.040729
0.126588
0.098343
0.156979
0.005422
0.012784
0.025782
0.040058
0.029829
0.055178
0.055542
0.042515
0.015793
0.171797
0.262921
0.000504
