0.393539
1.765168
6.576268
7.641888
0.607282
3.627893
0.421049
3.915379
3.103434
2.059922
7.396218
4.151855
1.902297
6.663673
0.847128
7.244107
4.459466
1.578838
4.530279
9.088382
3.464723
7.824759
6.326510
1.793250
5.828888
4.323435
2.433219
5.336197
11.247604
0.668968
1.997355
10.150096
4.053446
6.319591
0.369510
5.182184
2.997879
2.311907
4.634023
3.862353
0.176924
0.699661
0.815106
0.018781
2.221319
6.295765
0.541966
6.128712
3.135603
9.210114
0.871518
4.474111
8.394979
8.805104
7.668700
2.523177
6.372773
5.088953
4.427390
0.305686
1.105324
1.396311
3.208568
7.526780
10.547828
2.418495
2.642440
0.549919
6.207893
0.469363
3.988247
0.370123
3.866560
2.692031
0.812894
5.577531
2.822240
2.584057
1.985844
12.110352
3.601494
1.473184
0.896196
3.682479
4.294484
6.544863
5.631589
9.041421
6.103624
9.820236
3.808525
7.365443
4.491178
0.919054
1.475161
1.001886
10.915736
0.408933
9.158955
1.783988
0.144382
7.652777
2.397216
2.277675
5.528575
1.071432
3.052460
4.649051
2.981994
0.165132
1.552931
2.404123
1.798519
0.111782
1.124072
5.406530
1.659741
0.963573
3.245363
3.101000
0.789598
3.341663
0.090452
2.415189
0.886351
5.833095
2.792180
11.056581
0.074220
2.086140
4.315817
1.212653
0.090640
2.106909
6.958643
8.720861
2.983703
2.934304
7.833824
0.379448
6.164100
3.767008
0.600636
5.817648
0.750268
1.914776
8.686911
8.465892
1.618200
3.483978
3.852906
2.359476
4.386867
1.064661
8.724295
7.508432
4.784129
1.595688
5.139392
2.604794
2.608697
4.685237
6.580379
0.944920
0.149075
7.467034
4.216393
7.759485
1.788523
3.772516
7.254951
5.372542
4.932662
5.202946
2.826108
1.868933
6.548322
3.057852
0.931645
1.718871
8.610142
2.940330
5.394872
6.679186
4.731614
3.614870
0.891306
5.809736
8.158501
0.236576
1.469979
0.064698
7.108749
3.141785
0.263690
3.593599
0.813418
2.093558
3.993335
3.330552
0.849314
0.400201
0.498496
8.326882
6.948656
3.604630
2.409359
7.366234
7.700081
5.491191
1.910338
8.200425
1.423009
1.380116
6.548462
1.309060
0.837673
0.010686
3.493850
5.963190
0.149931
5.068528
0.491808
2.653386
3.501016
1.005431
7.109774
3.840546
8.081348
6.011538
0.063374
0.481932
7.090104
5.213609
6.405111
7.470367
3.021159
6.538585
0.296722
6.368713
0.985634
0.691972
5.487543
2.813226
0.498329
5.119103
3.871916
4.847969
0.082527
5.225514
2.401772
2.087051
5.883833
1.355424
4.039985
7.538199
4.779250
4.377261
3.773004
1.429833
0.363328
4.657560
1.135811
3.553624
3.208326
2.672274
7.362254
7.368564
2.620830
5.827640
2.950835
3.194528
6.402173
4.107903
8.553758
5.089252
3.892165
1.867986
0.828135
0.924194
4.599834
3.959168
0.218598
6.108726
0.571607
4.693651
11.279467
2.254216
9.541232
0.234585
6.024011
0.617051
4.188889
8.954227
4.387660
0.172635
8.486611
1.829174
2.934877
5.394020
2.550266
5.564510
4.927746
6.640385
3.538689
5.611237
2.571819
5.195180
0.368002
6.916371
2.355230
6.790665
1.491967
1.447964
2.510416
12.302479
1.542862
1.306875
10.910880
3.840954
4.141413
8.149905
1.986030
0.333124
8.492262
0.722439
0.905595
7.564957
2.086865
3.994661
1.351010
3.587865
1.509966
3.018639
5.095008
12.664347
7.024753
2.938319
2.747213
4.862066
7.671971
9.176320
8.819681
2.917213
0.756199
3.386786
2.432251
1.013103
3.875256
1.335455
7.788687
7.506061
4.806611
1.651981
0.158420
2.703943
5.681357
5.941465
6.584027
2.115052
0.243360
1.061355
0.880346
2.880608
3.036509
9.233478
2.333888
1.705500
5.796198
1.341294
6.495408
2.139460
4.624425
4.927849
3.897754
1.409163
5.334599
4.361529
9.482982
1.186826
3.537328
7.276077
7.356488
4.533733
2.102231
4.010373
10.236264
5.882589
7.034059
6.782851
7.802475
5.977276
0.217589
1.940802
3.690748
2.362188
1.925632
1.986269
0.758132
0.654454
0.342078
2.768600
8.106229
0.581165
3.269037
11.188618
1.291356
0.257790
0.296634
2.851757
1.467903
3.068347
2.703573
1.681911
2.652576
7.376113
5.879522
2.717026
5.170733
7.865992
3.194611
0.358054
1.081429
0.124858
2.458145
4.641444
6.043126
3.005786
1.242437
1.235947
5.476551
6.759658
4.514376
4.713459
4.666105
10.147659
1.424898
3.586812
1.366857
5.246991
2.333005
6.460651
4.502624
4.702191
7.883951
6.827576
5.325512
3.750439
5.551985
0.994595
6.300353
6.199959
5.528304
4.676978
5.644050
7.058354
2.852489
0.859088
3.701305
1.765102
0.652248
0.663438
5.166933
3.188588
6.837451
5.297188
1.354562
8.383908
7.873628
1.068788
7.085429
5.734283
5.372878
2.346820
0.379420
1.184873
3.277142
4.232895
5.202774
4.833001
5.010345
6.747060
0.675668
0.909760
3.413150
0.342067
0.312417
2.493007
4.557285
5.826880
1.505744
1.123529
5.165020
4.976880
3.932825
9.962219
3.412607
10.413728
2.116923
4.074489
0.333047
3.778102
9.003472
8.279362
4.333462
0.062956
1.150974
0.999189
1.807199
2.055426
4.769085
1.718239
5.809771
4.713518
7.307727
0.975765
10.832942
1.320353
6.685488
1.207704
0.080983
5.291422
3.350150
2.030931
2.615152
3.488908
5.724539
4.183176
8.442285
1.856625
0.979515
5.645340
2.639328
7.009037
2.016519
2.430893
4.148696
3.039292
3.169129
3.781256
8.408289
3.209061
3.130165
5.230856
6.029293
7.890428
3.340549
4.139007
2.639339
6.964331
4.368489
3.922465
4.648069
8.526610
0.151591
5.457546
0.889319
5.422362
3.464221
6.627134
3.660738
2.597239
1.988715
0.391418
9.726042
5.151681
4.329277
3.399399
2.035460
5.653528
6.793064
7.107263
4.215664
9.516999
0.025724
3.646939
8.333565
0.457431
0.986390
5.668440
3.846197
0.245552
6.511556
0.227990
5.760501
0.719287
3.137479
3.149469
9.925001
9.611225
4.281595
7.982723
1.534992
2.055955
1.499820
0.255459
3.357341
2.726319
0.571351
7.146084
3.933621
2.628020
4.652268
8.168023
2.184297
0.058270
6.931958
8.690493
0.523611
6.170020
1.176807
0.494527
5.255856
0.153475
11.911684
1.283446
2.035862
2.876455
2.056674
2.352237
0.250635
5.719531
6.935136
8.389626
4.218320
7.181970
4.377801
4.651465
4.385780
2.073861
5.403562
2.935738
2.517306
1.055837
8.222584
2.673140
3.704320
3.329349
5.648388
2.395824
0.183295
2.180939
2.355836
2.552057
1.481966
6.465553
2.307965
0.820473
9.501720
1.500852
6.704372
0.251473
3.357728
0.768213
1.373951
4.980932
3.637611
6.703569
6.013071
6.340706
8.481980
2.675461
3.029779
9.259912
1.189101
8.381200
0.261287
1.171890
2.721701
2.397987
3.603337
6.998933
7.654653
1.082259
6.547293
2.160781
4.796778
8.093287
5.502885
0.970941
9.751097
0.486738
9.937154
0.924013
6.367139
2.476768
0.556850
5.612820
2.064341
7.123543
1.147874
5.015058
9.399048
0.687957
1.695435
1.795972
4.633408
6.272840
8.781697
2.480130
6.138242
2.422998
0.143626
0.163079
4.166241
3.301658
2.492360
9.328395
11.720632
4.060976
0.022155
1.408843
2.783046
8.859445
8.952550
9.293596
4.155475
2.243329
2.878904
6.383256
8.822334
3.709211
7.803383
1.919001
0.390851
4.094533
2.962735
0.382894
1.795496
8.468935
2.940253
5.916240
4.782752
0.897390
9.451040
3.705321
2.967987
0.680437
2.302740
6.176164
7.168791
4.600591
3.201126
6.838001
0.463728
6.497661
1.461406
2.821350
3.582140
9.519113
6.311249
6.928482
7.581593
0.366313
0.058389
5.424637
2.467559
0.747375
1.905031
1.006530
2.896413
5.185253
2.136991
9.951817
0.414555
3.014781
4.957024
0.954300
4.334383
0.423808
6.473775
7.088026
2.669855
0.682395
9.140705
0.923670
3.618272
7.923752
6.423845
4.070040
9.909694
10.642681
3.960652
1.160482
4.034015
3.629850
2.406817
0.639362
1.284590
2.056244
7.507558
2.885535
1.610629
0.685699
3.352176
4.067726
6.868739
6.843714
7.806005
3.797950
0.849309
4.999912
2.615143
5.990177
0.572766
1.575049
8.564423
0.105442
8.154908
7.604730
4.660959
4.810685
0.405053
5.462150
8.833949
4.862928
3.210543
2.645763
5.069310
7.123462
1.338233
2.342095
1.073713
1.948955
0.951317
1.674702
4.576611
6.708719
3.607776
4.440180
1.533723
6.696514
1.146419
0.712545
1.676140
1.974732
4.791472
10.663366
4.338790
1.802761
4.538877
9.504153
3.567986
2.342439
8.480727
5.467607
5.780323
1.294305
8.646442
3.382764
8.355151
3.473830
1.560607
5.669321
6.364087
1.319138
3.293199
9.336243
7.400696
9.411832
4.801728
3.841606
3.145574
11.195837
8.865440
0.910891
2.387686
5.771881
0.203650
6.256570
7.689440
4.841508
0.057099
9.885989
5.835902
4.000411
0.410798
3.726625
2.255571
3.794289
5.417744
5.172058
8.744759
2.141024
1.319629
9.043295
10.640102
1.168790
7.284089
6.075656
3.767160
3.017751
0.741964
2.166635
0.568147
5.921846
9.323259
2.072733
0.617344
5.191843
6.817533
0.680004
7.551187
4.192415
1.637614
0.163174
2.062785
0.366947
6.259697
3.829523
5.170251
9.395249
2.155242
0.052986
2.888993
5.239627
2.721589
3.941448
7.481522
2.692096
9.074903
7.448253
4.459171
1.515597
2.216685
4.484305
7.896731
1.568947
0.495111
4.912171
5.379224
4.057115
1.262455
0.855073
0.338610
2.769281
3.338951
0.463853
5.560993
2.472351
2.317810
0.754637
8.631136
3.372609
0.422645
1.351137
0.405291
5.506346
4.889777
5.258961
2.999541
0.436744
6.242729
3.620423
0.431589
5.911727
9.297540
3.097055
5.289154
8.206153
0.041974
6.664144
5.052374
2.828378
6.396283
9.574788
7.978376
9.905878
10.184815
5.346151
2.994329
8.643772
5.872646
1.168834
8.753726
3.910970
7.618346
7.419132
6.273093
1.264296
1.120038
9.778905
9.832104
3.064075
0.799846
5.064258
6.284191
5.184301
1.013982
2.209481
0.435367
3.496186
3.593110
2.838663
2.331522
2.909552
0.549077
2.185571
2.297302
0.962839
3.770041
0.341752
6.002196
2.101409
1.109759
0.046708
0.685461
1.889195
9.408029
5.860818
2.790035
6.381372
0.384228
6.252078
7.199701
10.838213
0.239404
7.374969
6.244404
4.678285
6.571965
4.544918
5.381098
4.292625
4.029261
3.599158
4.838483
4.400518
11.258916
1.327535
5.161979
5.904533
0.747120
0.191176
6.555222
6.701724
7.337022
4.554230
0.323139
10.425101
3.949548
6.278801
1.827852
0.737179
0.424523
9.375400
7.666203
4.984385
9.618503
5.333986
6.431082
5.578316
6.307297
3.555334
5.058740
0.537060
1.583571
0.634243
9.753496
0.280939
0.983308
3.373376
2.611772
6.995469
0.887145
0.774711
0.698089
0.707562
9.661368
6.315985
1.379780
4.062783
8.171921
7.387820
2.371317
7.609902
1.549637
8.114322
9.605382
0.915097
9.526945
7.473377
0.113929
6.813233
6.450408
1.992994
2.800204
0.270234
2.263253
0.645211
1.551541
0.940516
2.120883
3.984485
4.449956
0.131071
4.501197
0.484658
3.222258
1.775718
4.704454
2.213288
4.408249
10.338476
4.422191
5.617613
2.757240
0.098637
2.957596
1.965301
4.006633
4.424159
2.729950
1.483029
8.096211
1.189068
2.815623
3.270553
4.684246
0.251845
5.628812
1.516070
2.543968
1.710250
1.170377
2.283401
4.236389
0.062177
5.247844
4.066534
4.530143
3.271579
4.248540
5.309413
4.705115
7.752968
3.124858
2.554255
1.230910
2.585293
0.173342
3.395384
7.896654
5.486454
2.067214
8.120351
6.581447
6.350609
1.377821
1.845490
2.108824
6.967268
2.100445
4.592166
4.436723
10.207949
7.777733
5.394554
1.966405
7.042807
8.892405
1.338481
0.971783
3.447578
5.337501
6.577929
4.545601
6.846025
3.816509
3.660737
3.026656
2.164208
1.426838
6.424365
1.873944
1.461435
0.758746
5.511321
3.965656
2.472970
3.065033
10.658305
7.790301
4.699844
4.526279
2.772228
0.926211
0.755640
0.363022
0.480294
8.798506
5.974229
5.799188
8.548685
4.424629
3.771466
3.558027
5.235091
1.747832
3.547939
4.252764
3.043905
10.985596
0.036078
0.430503
6.183506
4.235275
5.874007
6.405520
0.432348
5.619618
0.105080
7.182322
2.005785
2.025936
6.100873
2.073153
2.011671
6.211530
3.468804
1.004152
11.154088
0.046669
2.835290
8.534404
6.446326
5.370530
0.554628
4.136754
6.831934
0.338675
6.014002
3.132101
4.851215
2.349595
4.916734
2.559745
6.817539
0.043248
3.611093
2.048568
5.154190
8.998540
1.390786
1.663019
3.759388
1.522456
4.294747
4.819987
1.656513
1.271384
4.317453
0.554736
5.599664
10.786519
3.542507
5.398930
0.143535
2.220065
4.858431
1.868563
6.197662
2.020863
1.973329
5.047126
2.758308
0.841215
1.156283
3.643919
3.543182
7.242860
1.961277
1.993222
5.122138
6.481837
7.172426
1.964897
1.587515
0.420429
0.815775
0.317685
6.462556
1.911286
2.797676
5.507127
5.062428
9.599412
2.177986
4.098674
3.781864
6.374576
1.428288
6.325347
5.381595
0.565158
9.352540
2.222093
2.376066
6.855858
9.450858
6.036486
0.463654
0.433213
0.385072
2.141015
3.250729
7.069565
6.485146
10.918876
3.092733
0.751086
0.647970
4.676448
12.294536
5.032596
5.414626
2.999592
7.853858
7.283056
1.894191
7.929950
4.283286
2.196926
3.154661
2.782535
1.505316
6.953347
5.318172
2.798395
3.087908
0.302050
0.605041
2.119512
10.494097
1.598896
3.890672
1.261635
4.415259
4.696031
6.552862
5.441291
1.667028
