1.947607
0.486294
4.768338
3.340607
6.427731
7.714510
2.377059
0.137722
1.453847
1.967033
8.082103
2.955063
4.124904
2.392824
1.430796
1.196613
3.163894
0.924640
0.982507
6.128432
2.983325
4.795151
6.550094
4.913513
2.748179
7.808906
0.626699
6.226512
3.495785
1.624353
0.976850
3.339225
0.239539
2.938660
0.120488
3.558242
0.695507
0.436607
0.683400
1.598164
1.266066
3.065932
4.068636
0.220875
1.695706
1.335071
1.219672
1.999316
2.190202
3.282759
1.039120
7.621172
3.069952
5.429218
2.404925
2.808155
5.692952
0.081078
5.490244
1.725076
3.843750
0.310892
5.216272
4.215470
0.849031
0.211772
3.253264
0.496157
2.064688
6.344745
5.650382
2.754404
2.632130
0.979013
0.651041
6.135294
2.887625
0.683178
1.893576
3.101600
1.070371
4.026718
1.868026
1.956826
0.790410
1.303562
5.262047
1.551932
2.351661
6.699126
3.608670
0.826833
6.501063
5.306054
0.877459
2.977580
2.029457
2.118431
0.257621
2.989729
5.430695
7.966166
3.227514
1.619006
1.465738
2.434697
1.038027
0.589470
0.851557
4.742706
2.046582
4.387340
4.833197
0.270711
0.698971
1.520214
0.771014
8.020372
4.221390
3.382951
2.538608
1.250846
2.010394
1.259443
5.600024
5.589558
4.720821
0.336468
2.647890
1.878184
0.976741
1.091098
2.107981
3.891594
3.076350
0.381666
2.862111
4.954069
3.171799
1.542049
0.332324
0.519323
0.410907
3.942808
2.090142
0.337090
0.473274
0.149968
0.029700
4.200015
3.227452
1.718252
3.629263
2.661018
6.270087
3.365118
4.999637
0.169774
3.553858
3.209881
4.834802
0.686831
4.038105
1.470763
1.695664
3.013753
4.675373
1.098848
0.910725
0.234604
2.665792
2.806379
3.469146
2.929601
0.061041
3.108762
3.673839
2.817736
5.743367
0.787936
4.901445
3.535788
3.495494
5.916875
0.822561
0.603251
1.885885
1.084199
1.689683
5.494388
6.774750
3.014012
3.295223
3.223350
0.683831
3.430820
2.199554
2.622330
1.557264
1.329685
1.710709
2.312290
5.335478
0.199316
6.726426
3.550013
2.161343
2.006028
1.636029
2.245673
1.460854
2.288427
1.378916
3.057522
5.475688
3.085066
2.060971
1.675708
9.277945
0.229930
3.740801
1.385341
0.671779
0.831223
0.855946
2.942650
1.696187
0.438694
8.141591
0.979008
0.346770
1.682525
3.738462
1.928026
4.408573
4.691722
0.482247
5.285603
0.423450
0.939377
0.858981
3.068327
2.596030
3.823387
2.514421
2.319956
1.709098
0.502890
5.889853
1.630993
2.198253
5.349283
2.316182
2.446580
3.561387
1.631921
8.046420
1.282051
6.126551
2.358695
2.960071
0.763487
5.027872
1.094700
6.654454
0.623427
0.223007
1.751590
2.425513
4.753956
5.585848
5.338333
0.581436
4.304942
4.812349
6.807305
0.775920
0.361951
2.637199
2.884986
2.273366
0.658306
1.569518
0.748946
7.769765
3.023305
0.480650
3.604652
1.289300
1.049767
1.229609
4.197976
0.870857
0.009711
2.726040
5.227524
2.660956
5.902556
4.304659
5.607068
1.944588
4.366315
0.103779
1.238820
4.653041
4.501714
6.296863
1.724845
1.988005
2.761286
2.947640
3.575160
0.897031
1.082152
5.734904
0.132778
1.814090
5.436157
0.947299
0.020925
2.640569
1.503596
2.356888
1.242866
0.974041
3.468754
3.791137
2.648116
1.443996
0.534662
3.026190
0.132667
1.225684
0.919379
5.454955
2.585079
5.610034
2.237314
6.044298
7.262526
0.432777
0.582552
5.044188
7.921124
3.472263
0.536268
7.305273
0.776741
0.376031
7.634862
0.409773
1.931904
0.740551
3.095125
2.728486
10.769256
0.720777
3.666750
4.180862
4.472046
0.550467
8.462204
2.587134
2.617853
3.000505
0.816085
4.791298
2.834563
8.923153
0.017325
1.770385
3.774913
3.197371
4.058644
1.839430
2.445836
0.799328
4.139440
2.606101
0.350058
1.427062
3.711302
2.993992
0.742434
1.127397
2.695293
3.052264
4.809980
3.448239
1.365485
5.949572
2.631273
3.869489
4.391456
0.054736
3.930184
3.832475
0.164487
1.291132
5.373285
4.297142
7.893143
0.418294
1.137269
3.767081
5.493394
0.275961
2.241233
1.683844
3.848968
2.150625
2.135953
6.344696
3.644922
0.647335
1.647003
4.676379
3.571988
5.328051
2.227095
4.338637
3.898893
6.650111
5.278347
4.937808
5.213360
0.498519
4.893323
2.763004
1.313050
1.953943
0.788900
2.759020
0.946269
0.442233
2.808406
0.850113
0.051296
3.002127
4.700121
6.075717
4.028582
3.314410
1.082430
0.075730
1.998631
1.443817
4.006309
0.316355
6.056560
7.196622
1.119073
0.509374
1.183225
2.932951
0.550448
1.089186
2.671055
6.055657
0.249616
1.091318
0.972237
0.480662
5.091734
3.597766
0.271938
3.775103
3.826646
3.136496
2.706768
3.824153
6.486239
3.219841
1.108992
3.610631
1.364865
5.544453
0.023511
3.091698
1.617520
2.069681
3.474586
6.093294
1.369402
1.909637
2.336965
4.358743
1.642816
2.023281
4.327335
3.086965
0.989361
4.620279
2.747911
3.901135
2.922539
4.087881
5.442489
2.822663
1.432869
0.723453
4.822488
0.406392
0.544067
0.146304
0.429617
0.020248
4.293563
0.329849
0.074832
7.869410
3.514423
5.208213
0.034959
5.339899
4.656303
7.512010
2.587522
5.290562
1.521870
8.773073
3.745788
1.263417
2.604675
1.504052
2.527177
1.798790
8.336416
1.328499
3.410696
4.896682
5.279799
0.169592
2.699939
4.593029
1.963861
1.370127
4.516741
8.502834
1.088750
1.656465
2.922485
4.031627
7.991159
0.332947
2.250136
2.397390
0.557073
6.230855
0.042168
0.584525
1.799360
2.806594
3.679078
1.053624
4.374444
0.248155
3.301157
5.475294
0.436413
0.545242
6.530668
2.528036
0.170296
1.110948
0.206124
0.178352
4.198172
5.137808
2.593747
1.059097
2.801958
0.010088
2.455771
1.861665
2.054810
2.188127
5.909588
1.745774
8.384016
1.499418
1.091244
1.416490
0.886417
1.297784
0.339878
0.052476
1.114136
7.049432
5.806398
0.394530
5.463321
0.861915
1.277220
4.092014
4.250303
0.688815
0.923405
3.791873
1.121596
1.179677
0.373039
1.832906
0.325395
0.253328
3.452929
5.181933
0.433177
1.763808
7.356271
1.778419
1.132602
3.135178
4.273042
0.199886
1.617711
0.922954
0.802588
1.088767
2.534382
0.823514
0.882707
3.133356
5.011119
3.559806
4.810903
7.578952
1.054756
2.571434
