153.275211
138.589518
116.388814
122.214479
115.903230
123.061642
122.045099
126.121562
124.579632
127.432148
122.674263
140.646882
95.479077
138.141311
119.043091
135.433986
113.360067
125.379887
122.894942
113.643573
126.244088
111.620637
120.798924
148.702927
141.027265
141.684223
102.416280
104.595521
126.393664
124.901286
134.031247
146.623149
132.926935
108.968119
96.520863
129.515196
125.105365
135.013078
110.010372
113.700726
118.709853
119.244593
115.407527
134.364884
159.857954
148.264194
134.562123
128.466279
107.815781
132.181819
142.409940
130.714131
94.672915
115.488507
108.896858
86.864361
104.930026
126.449802
130.653204
137.396161
134.328839
95.550491
118.084086
104.007298
134.849061
136.393841
133.327833
127.733286
96.974165
86.802435
124.025863
138.640476
124.990724
123.267794
150.156450
123.897222
117.150563
125.513784
132.542717
138.746212
120.058422
108.723667
149.478686
139.622412
117.773223
127.810286
119.321164
154.185037
108.946633
119.016468
109.647519
122.129034
127.051693
118.823929
120.883889
124.052943
128.811718
131.763458
142.764088
110.092823
120.038065
95.568345
135.358714
118.857846
119.471545
150.777571
168.038865
115.956316
156.196014
116.526961
148.958814
152.113378
123.179769
135.403387
125.765354
104.563306
142.563703
110.050353
109.138565
98.583178
104.522118
113.063224
123.809886
138.100118
130.701659
87.602656
111.230290
136.499295
112.710839
122.656239
144.635540
103.604743
134.633351
102.077627
122.126419
124.749807
132.813269
78.847244
128.987013
110.225485
131.968712
131.556525
140.657149
125.270739
118.128948
146.036174
91.258936
102.587073
159.047842
115.242721
121.476636
138.166471
129.782630
125.191185
161.298804
88.560219
115.517957
114.926235
132.738346
133.836320
133.160414
103.276354
119.231737
114.922364
132.516436
111.544406
143.305855
116.795869
146.243328
96.611322
91.070092
109.135272
112.474168
138.246394
165.208371
149.068469
136.576686
106.134372
130.387474
144.235206
142.738781
118.030640
131.177068
105.014303
110.240655
114.878679
90.048950
124.609263
133.947578
134.764857
93.979810
91.798979
112.138428
141.728550
153.557341
134.600820
115.999016
133.234066
158.430083
133.037236
131.753559
111.053813
104.335587
159.937589
134.414939
118.223182
134.841966
146.342576
122.900338
148.407990
163.881607
131.369064
155.887827
133.531580
122.234230
111.678935
125.638772
88.286270
109.333916
121.025148
113.967016
132.759742
139.109663
119.804755
134.465707
129.411565
124.086381
143.703166
118.538052
147.105677
100.362050
120.607000
128.158731
125.299761
135.397289
129.749816
164.959274
129.900734
127.760550
143.332648
137.119493
105.427734
119.892918
137.574508
162.579892
94.551664
107.260526
113.954797
128.790041
95.681961
121.217624
124.395038
120.529850
114.826838
169.684611
126.894518
140.720298
116.273724
99.404550
134.122788
130.487194
108.116177
133.353198
100.636866
138.569657
146.073907
100.021371
137.026188
116.813286
112.590914
155.216074
128.502022
155.851189
132.975206
107.315471
152.371548
113.153074
107.710348
126.869306
96.363023
117.794409
115.989673
127.167897
140.549265
115.283773
147.050053
165.252298
133.959057
101.275849
159.347221
110.916736
136.907482
113.725574
143.924790
96.174707
129.375788
135.009124
106.299940
139.856756
141.866774
164.652085
128.036457
155.569079
110.554294
121.002183
116.157510
129.863182
102.644036
172.567869
137.330837
127.178467
105.556074
122.967338
114.516385
123.031749
92.692944
148.190389
139.297109
148.468997
132.530550
140.182637
91.426302
166.190094
117.183959
110.133816
124.255948
106.325804
127.009469
124.314294
111.815403
132.959949
144.937472
143.176684
124.002994
138.831443
131.388061
134.088132
123.729046
108.232431
108.833441
145.813300
135.001799
136.097617
124.178260
100.062850
111.138069
97.838271
120.116838
93.256682
98.440540
141.023549
150.708579
124.409121
123.133198
148.496037
149.172036
143.182594
112.249972
142.973355
129.963864
110.271022
118.984241
120.006827
94.824520
141.384300
168.609598
127.169353
100.016826
144.907963
159.270921
117.678126
143.681303
151.362859
136.775468
132.824645
124.692579
140.780848
111.498569
91.681034
138.406593
162.026220
101.409083
160.493298
119.311506
109.745290
114.356933
112.035160
154.973004
143.658815
136.244939
80.834706
107.290925
138.579094
107.636250
120.960577
116.747130
124.459973
123.467304
121.334948
121.822927
116.078692
138.117935
115.213332
122.581985
144.757974
138.185663
144.309392
109.039079
100.861165
102.797290
129.494817
117.977497
100.333770
132.102763
114.043207
148.005313
115.042704
127.540350
148.568068
110.683641
142.677965
77.129331
108.045398
133.483525
127.353504
131.657179
101.469429
138.157524
107.042598
129.852428
143.169620
117.669621
109.036669
123.402362
125.087953
133.801866
154.081583
125.003531
134.298577
101.903293
98.982861
130.248071
96.226219
128.549928
124.173522
174.366029
134.514527
122.753135
119.124513
117.664184
132.818894
106.351016
124.783829
89.229725
135.684889
150.636188
131.445717
113.330401
112.724960
148.371493
102.723273
151.529635
111.760943
134.791573
88.971181
94.937629
148.261492
152.883144
121.751839
106.761654
136.291342
111.595228
93.196344
117.333792
112.145151
87.493784
106.620230
127.393533
92.211259
132.046712
115.734149
132.261648
106.513345
94.236119
133.439527
86.242716
118.346264
141.477102
111.846327
140.671759
131.099082
124.580822
136.887193
81.990992
120.893991
116.907282
129.287073
149.740255
132.243666
133.206079
96.051009
131.009665
108.837223
132.699201
156.264198
128.269257
141.343803
124.750193
109.598399
125.943789
117.563903
130.947605
146.754873
120.159699
96.659302
112.882769
144.853018
115.335892
108.312088
120.595094
147.359490
89.454105
112.317663
132.622102
144.383994
126.095153
135.097810
129.361215
128.197645
101.332727
98.522081
151.985912
141.376019
132.971961
130.370094
106.414524
158.254711
131.578809
112.188668
112.379971
139.663529
157.765924
115.851142
123.368077
127.559405
135.962388
121.929714
114.611071
126.959656
93.928648
160.748713
132.611098
118.618750
153.955319
98.607450
122.873342
128.862077
131.901591
140.734762
113.923442
126.306762
148.247089
129.234518
103.561448
125.103898
118.646097
97.360141
138.683653
97.379493
113.849520
140.100012
107.636197
149.826618
126.403617
88.222332
124.130695
113.062801
122.548778
113.341177
158.965768
137.136194
124.502133
91.568486
123.116104
128.465930
135.644859
122.137307
98.276931
100.319711
129.257799
107.881601
114.075968
142.875740
148.421711
108.833412
123.172539
147.858962
131.086503
108.273694
104.419067
109.379862
104.053556
153.028573
117.137563
130.420788
102.158725
115.594025
98.827521
125.282010
137.873289
137.424182
112.792860
131.665836
130.073887
133.997616
125.325237
117.416791
128.532110
119.683195
138.054220
114.398947
100.966074
140.792068
123.242869
136.328547
124.152621
132.635820
111.312003
134.186695
140.526285
132.103449
104.664045
111.244823
120.665255
141.655808
141.722626
126.817520
143.178742
126.078493
140.542327
98.832329
121.464825
126.335873
112.711552
116.234995
121.008246
101.773347
144.134516
71.815149
145.473087
108.749355
126.346428
141.802843
116.343674
108.413214
121.420946
128.311656
121.938605
102.600526
91.964911
93.504275
141.823669
105.262469
103.449877
153.049032
124.512725
92.878260
148.015889
134.106509
129.467046
129.442829
141.849695
130.992936
122.508533
118.133671
137.555477
165.616094
103.626968
135.466927
156.094181
119.772053
95.341752
133.325235
131.906302
141.508074
104.843105
130.909447
124.348269
117.903911
135.824227
122.505645
117.453279
112.907461
132.107955
127.210780
115.482802
146.289064
117.272984
140.453594
117.269706
116.608498
113.676639
143.541593
108.741441
141.518251
143.084982
116.735759
96.979120
110.480209
140.049303
145.515435
99.269872
100.333097
129.491620
100.040334
152.465029
115.369114
126.201791
128.944727
113.684559
136.717193
104.587608
138.182235
114.423016
118.401084
117.272099
142.193785
137.058111
153.897875
115.481583
90.353601
100.439759
128.538001
117.917741
127.015630
124.041182
97.357688
106.156642
110.790129
113.160245
128.959935
128.711149
103.353674
99.809195
119.953232
123.291771
132.184351
133.617648
110.873131
114.764807
114.528877
140.891109
129.234132
136.596128
120.409423
131.189884
144.857337
138.064746
137.286693
112.460861
127.249169
117.547890
89.171143
103.333827
116.797121
139.678655
99.893933
148.262622
127.751391
99.836977
141.622941
87.464720
150.065865
119.894253
116.003434
144.636610
138.666884
98.315628
154.481245
123.271916
104.798069
103.819517
137.457109
123.997174
113.138451
138.194106
136.571804
100.800388
122.197892
142.348725
101.040668
101.660262
120.931683
103.304523
137.625793
119.725317
149.036471
118.461838
103.277499
119.858457
136.967445
130.802272
135.294611
144.658212
130.211800
136.540807
164.034799
137.440978
109.198225
96.290144
136.361793
124.520180
107.370401
126.136019
120.697047
148.571700
105.555394
118.528760
130.948795
114.156635
122.110983
112.868043
119.701968
140.981617
105.322662
130.001789
126.580742
161.890634
133.994727
94.686752
104.864079
128.058010
101.803025
129.359444
142.619380
118.234263
112.324531
140.023414
120.484962
162.019195
120.741458
118.819765
101.289661
149.466285
140.681446
150.690171
147.212308
143.012638
111.538614
135.181095
139.894788
126.163510
123.854202
146.868441
119.967379
122.336021
126.608667
167.277182
117.887854
132.904386
158.558957
116.889327
104.915769
123.291513
134.789163
133.474416
133.510193
142.598744
101.431261
110.276269
110.449637
99.051207
122.840843
146.452271
153.240615
118.633553
124.251562
114.244831
123.002746
119.755787
161.196092
112.724678
117.624676
148.212748
133.761911
113.887233
149.358614
133.214587
125.056959
106.128779
120.182980
156.275674
128.723440
152.504698
130.209409
134.963332
105.460446
132.369086
135.199132
128.960094
118.235334
131.978926
106.128824
135.538311
124.885249
109.792757
121.128332
149.119671
123.138385
126.816703
143.798582
122.377183
148.611481
99.300023
112.306856
122.511546
107.409774
153.567893
116.229818
137.286884
117.583508
152.482436
140.404089
115.688772
139.652672
141.521624
120.976423
129.546788
151.862648
142.849379
126.459193
133.597186
109.256847
109.010883
117.780439
96.735685
115.609524
133.984453
124.858943
133.286858
124.116182
121.672921
112.134532
130.780235
128.398678
134.600186
94.212843
128.976672
75.272330
129.189928
113.617450
151.152826
130.039322
149.733774
133.714681
150.485234
107.467165
144.133561
138.515157
138.204224
151.285481
142.718170
151.860409
114.588047
109.826460
131.801203
129.216833
140.674765
100.370743
126.604886
109.670948
114.941264
124.936680
109.389949
149.806909
120.983266
119.375792
115.181999
107.916790
136.840811
109.867878
115.649683
122.200133
97.932825
135.637857
139.838564
119.647409
121.617117
122.249811
136.255119
105.025059
162.263295
124.847871
114.019817
137.913631
159.518404
123.454584
119.849336
139.192500
113.902895
100.024105
149.463318
126.017175
102.888707
112.987303
132.170182
123.779340
120.202132
154.034497
115.977856
110.394198
131.530799
141.989556
153.375592
148.064020
123.694989
136.916542
133.077281
136.665107
165.613600
170.596031
120.325015
149.985242
96.469734
132.870389
123.501834
112.614124
89.029035
104.253143
143.141442
102.488364
108.771908
122.426820
136.898386
111.569649
118.879421
112.237067
121.468672
125.657741
120.936864
124.222685
123.787871
123.148582
139.775474
116.569606
121.952483
120.392606
124.324098
127.541873
135.240841
104.330162
131.353594
136.687545
129.244239
138.411912
106.892610
134.987309
123.047701
98.318558
156.009062
114.444339
99.746460
122.904363
132.474399
138.082829
122.057892
114.032106
131.634998
134.217556
141.531165
119.213071
142.643767
123.658176
126.811616
110.759559
100.916502
155.770177
137.153255
133.309152
152.282892
145.334050
91.367290
121.462137
130.201309
140.163423
114.602284
135.899896
155.476300
112.805142
141.542707
133.137171
124.400737
119.678955
101.221726
125.072084
106.420190
105.803353
127.943015
105.144464
146.965367
153.260876
128.840961
126.952593
127.031029
127.320646
123.094691
93.931152
138.352115
120.236431
113.062467
126.994666
125.538807
107.178219
110.778281
128.110793
129.347770
144.907567
119.411064
106.908552
130.036295
133.872390
127.513344
106.033251
127.806496
114.345208
104.574488
91.211505
125.879290
138.930945
133.269910
142.484694
151.801126
101.749897
143.639568
120.465772
161.594026
107.479274
127.179114
131.885388
121.043931
124.989644
123.905239
125.151414
119.061410
126.734781
115.006674
132.281232
123.757341
110.477596
111.992322
136.953862
127.037365
131.323539
151.075822
122.123779
126.467785
136.559653
118.751792
168.205629
118.071572
152.291917
130.973704
121.267674
102.240795
146.838502
118.998935
148.961753
100.407450
141.356242
127.011912
120.054818
127.481911
125.920138
100.240877
151.606576
142.591846
130.020416
142.764676
154.367795
119.655302
141.947923
126.440342
135.960411
92.929198
