139.483357
119.456649
112.394011
124.654796
160.571242
145.337269
128.868330
99.883869
144.700181
139.038329
143.513879
165.654089
130.822499
161.204481
140.079673
175.343532
147.712649
127.640460
160.844785
139.130299
171.970737
126.144022
117.511235
167.368133
160.881520
124.465860
163.054886
124.188397
116.412755
199.891911
125.283436
154.187547
190.559695
133.472168
132.326220
134.228298
155.084294
133.229877
206.359642
197.332324
165.637320
135.442160
167.754679
175.831089
119.716210
138.450236
115.137225
144.225150
159.314832
148.019159
138.520041
166.628687
148.714349
179.196815
143.685501
156.099895
124.220898
152.517675
181.889030
108.237267
156.326076
122.163688
149.079363
118.092102
94.500022
132.906420
127.457718
198.672221
155.464351
164.250624
128.828435
134.554992
151.438583
167.631862
174.463994
177.864350
134.769937
174.209283
158.642825
146.560915
123.287375
121.843087
172.062168
148.517559
153.770834
139.614088
121.990234
175.137796
100.749623
129.904527
154.807953
117.548547
145.503714
143.882813
168.538006
142.562536
115.944340
175.733584
171.291040
145.760275
165.339078
133.462939
163.641941
179.608862
174.261199
116.971916
116.880586
175.197553
151.435728
187.711261
119.113774
154.910094
133.435463
128.467171
120.889872
116.699828
185.544509
192.163278
177.444592
180.548144
182.182055
155.449396
147.304808
155.901119
128.116944
180.491279
160.385800
134.436193
158.464160
112.666605
160.499523
109.010100
196.155268
176.403508
162.134883
160.237407
174.910284
120.072979
171.936689
150.872237
145.735882
168.431514
174.430576
191.215374
147.273688
156.206074
137.166361
140.216090
136.344190
158.694460
111.256847
134.727782
148.194423
153.446003
121.435619
149.376167
134.336052
168.052883
125.501937
140.753102
121.557932
156.491543
137.583038
192.737900
177.861974
155.006444
182.176989
167.172219
155.788433
142.532252
146.369535
138.451974
116.548512
148.543349
173.587813
141.554273
153.695409
152.277657
165.515538
140.740490
133.025697
170.197712
124.925358
143.877987
171.431250
140.462941
133.202639
162.130983
163.793496
175.231266
141.896425
179.515276
104.703358
166.792345
181.488106
116.928353
158.641756
126.511874
162.623324
140.059964
160.489212
122.467779
138.800186
132.593152
163.443157
151.204263
131.933279
146.818000
153.694862
127.259351
147.221345
148.759481
130.315246
148.183102
149.964246
192.560860
163.731555
152.960987
151.667983
144.432687
193.080987
191.165329
146.811268
168.568635
174.768182
146.441211
166.039631
165.787125
131.207284
155.676967
156.227863
128.571280
132.159834
144.882862
125.939000
154.908204
153.466696
125.293109
159.571005
151.649365
120.159251
190.971768
172.018655
146.247314
167.354501
134.819757
197.652772
149.556867
183.555158
129.970364
121.294383
151.571211
142.306824
159.266923
159.025634
174.784848
116.668328
131.188871
158.251631
152.305557
121.792746
146.846581
129.576372
129.953343
132.113198
113.866543
160.238524
139.925098
133.700110
156.517647
124.723286
138.487803
162.968305
161.483903
185.835171
194.527082
150.934231
189.867265
163.165407
160.252636
175.247184
167.240992
134.444440
152.416203
174.910785
158.897163
146.169448
159.834215
172.080222
176.638497
129.204756
168.473756
133.831638
142.415749
143.221823
126.589792
206.128241
106.494417
138.544158
173.955040
184.811281
174.964072
121.002153
164.616838
122.181171
172.537640
177.394340
123.501725
155.336672
143.802450
151.030203
167.391421
155.572995
154.538327
147.077478
169.729451
169.528837
117.891402
148.576915
167.319702
174.721435
105.607882
169.754055
106.196114
165.595027
146.209077
152.200338
165.947555
145.896321
130.663986
120.882281
148.382678
131.160279
122.464333
166.948188
164.971206
164.437558
123.379405
197.123945
159.506264
171.618172
134.714317
128.353965
137.549797
135.271191
139.787731
183.900031
186.529008
177.756432
153.378894
134.985124
163.487173
126.130640
143.120591
116.474785
166.772967
167.168797
167.994237
160.814548
164.554218
157.270224
143.929032
158.612121
127.480540
149.101098
136.936019
148.567955
166.509453
130.409846
127.772991
151.898626
166.403037
151.052785
136.371828
175.752189
144.759038
150.722377
143.736864
184.473714
169.919179
154.153402
132.249288
171.762465
173.769446
174.093451
147.996511
109.367948
142.320656
139.600528
153.534219
165.600286
152.838853
118.659124
144.412623
113.149271
181.184622
131.719930
131.759829
197.651712
142.611953
167.401601
119.268058
165.296050
174.553480
178.935164
98.264333
135.695109
137.273023
157.074000
138.010854
181.812082
151.042056
185.120971
161.630838
171.964726
149.708037
153.744992
180.014804
140.735642
171.540333
174.066367
171.896574
158.967272
170.062205
126.093475
157.805210
144.545912
197.184353
151.492443
103.078044
188.054461
146.223193
133.341923
178.249084
168.317342
153.401234
123.213211
143.141665
114.757952
119.056172
147.450104
118.089694
178.543212
148.431209
155.817140
150.011530
152.278137
144.630654
143.956815
160.178539
180.634908
161.860114
127.772729
135.719739
129.792646
129.253053
204.636707
110.510842
179.863146
163.632780
150.461452
156.498145
134.807615
100.556153
145.970770
149.039316
131.524916
137.709948
137.940875
153.886346
158.190737
121.830099
190.381610
150.064731
151.314800
133.897558
130.214463
176.441046
129.904144
138.938979
111.055639
155.167382
153.800927
120.971231
174.194121
139.679763
164.450890
141.490763
180.512820
123.427182
150.026150
154.038951
157.471630
142.485717
176.386716
135.043592
149.026465
150.785046
145.624019
149.292892
176.221025
155.097323
173.975300
106.697305
135.406420
163.817856
172.668429
187.219044
143.431805
188.646442
112.920562
190.479960
118.704933
160.509516
158.043818
183.743697
139.325779
155.180210
128.983268
157.116646
184.258014
131.540086
123.173037
129.453273
171.421923
165.972578
126.910942
173.563696
146.778844
150.383893
160.775715
173.220294
157.337098
147.373765
104.155772
158.278681
181.919305
154.633549
171.125737
159.753438
191.732616
117.180630
149.906706
155.087776
142.688556
150.147205
171.807989
159.812910
127.378027
133.969908
156.987023
97.813214
173.167749
157.417697
160.584490
133.867771
157.334948
156.193147
178.139537
137.590315
137.877361
186.028677
165.437821
175.075722
130.161132
123.447318
129.146230
173.707778
132.047794
140.118156
160.377628
111.656451
174.620261
166.241664
141.575207
125.037828
148.024981
181.351139
147.951195
157.489679
172.533527
121.163454
132.449565
124.116373
142.713982
151.277905
125.603408
144.611050
152.927231
189.526242
168.467459
152.086367
95.577480
136.220587
169.062334
133.446118
164.960190
175.393806
144.413125
158.509929
151.953680
183.753454
142.746387
141.305586
184.240534
105.855708
165.589981
160.401780
193.706635
120.606606
163.445537
172.259878
120.796196
161.336968
163.133850
136.707256
173.636316
163.466754
115.380481
194.795847
120.105161
136.792216
146.219037
185.900664
172.778709
173.231642
174.937375
154.356589
162.227411
176.734976
139.246043
188.627358
164.191463
178.337387
180.026779
125.394592
136.741476
120.095471
187.087034
117.091217
179.857731
188.343595
181.260896
123.785608
154.911759
157.851726
157.345685
136.232788
189.173751
177.941441
161.523418
167.722405
167.268969
176.628971
135.987149
132.845376
141.042436
124.817388
155.087990
165.301077
159.088440
151.707338
171.854449
134.597707
179.526564
126.972989
123.890875
141.292169
135.300217
118.923814
172.489628
162.190210
156.610846
145.566927
178.000134
164.364278
200.514748
197.198358
154.440490
130.705376
160.687802
154.372709
178.149802
137.894069
140.338883
130.333595
130.829834
122.059129
151.465193
123.708132
137.943660
99.973348
170.006617
160.831629
161.596231
173.331647
156.506210
111.126881
181.176356
146.040703
169.795765
184.085703
167.995501
161.303769
145.194173
150.680246
149.821180
184.911875
180.780247
154.776047
120.345638
148.717017
178.003929
164.497234
136.376183
142.324257
120.037346
96.492503
131.974984
132.197779
121.494152
189.325890
113.579088
164.426455
165.845672
136.825953
134.898577
155.928181
156.301073
171.505745
157.817145
164.986404
170.302940
174.378830
150.601663
148.921830
198.123469
146.722439
127.913117
129.863504
182.981837
167.147547
208.379469
114.195976
126.044857
175.365034
153.530726
145.489593
176.136693
167.951152
137.676322
155.362833
140.183783
163.640341
154.467422
122.346734
121.136063
122.865666
182.585405
149.296317
185.848646
155.455644
149.165686
176.559708
144.582161
143.052575
173.513205
124.279323
155.209196
128.836484
129.763703
136.762136
161.374546
162.408377
127.265330
126.383931
184.878825
191.821928
113.642408
176.698542
124.067329
188.560201
138.603797
170.836249
89.320421
134.032600
140.241665
166.001422
143.384594
128.223011
174.710676
131.214865
118.769772
140.493071
159.932958
175.218484
124.211872
149.349392
119.079422
129.274935
181.828293
144.927693
144.958361
141.241956
165.950065
139.717998
133.343326
158.696532
158.031336
147.902837
112.768498
157.986910
139.804252
147.477579
131.790812
129.892706
174.432107
126.063313
149.978915
113.287770
176.246220
128.052528
143.944368
129.563266
128.786052
152.117299
142.044997
157.975875
126.567938
211.093675
149.225014
157.068967
159.752213
103.045312
127.627777
160.311066
139.339939
159.749955
147.131846
145.823197
152.733951
154.918274
169.537231
146.507275
171.079687
142.352505
154.636099
160.566399
192.009234
203.824455
153.352746
156.944928
181.645990
158.382249
151.288601
137.540856
171.197383
183.223554
175.950609
183.486655
174.692015
126.607713
139.264855
162.214532
137.633712
163.721593
151.567708
142.109898
164.793875
166.283296
122.332700
154.280501
176.048008
163.774402
183.052548
157.535360
183.298892
112.243004
150.945800
154.015276
99.314048
158.256329
171.781805
158.514856
175.705446
152.678906
137.095114
198.524827
189.330399
163.770827
169.346520
151.556609
107.967752
116.650860
176.929794
155.811285
153.250926
130.861094
197.903141
149.383789
162.152248
162.413787
154.750038
122.119612
180.228691
192.884777
182.162974
106.109301
150.500854
162.840143
166.609711
175.875142
150.195892
158.547724
164.434516
160.501607
157.054438
125.581910
149.749233
134.047145
114.487643
167.899457
127.294596
174.101185
154.932771
167.025988
138.532833
164.548999
124.930048
136.157555
186.279264
114.683218
151.008449
162.678567
138.925966
116.872267
144.558194
141.635372
159.352905
172.891071
150.108773
186.838418
167.896137
186.978816
175.675636
187.719522
163.822109
169.553145
110.223188
159.020265
164.515938
143.083226
119.763516
161.482759
148.939332
143.178863
136.308756
149.518047
121.394032
157.436269
144.259635
170.044757
153.354210
152.580674
128.308843
136.224064
132.306649
146.907101
150.290975
139.990153
155.480532
137.232333
122.790133
134.443993
122.847042
147.492914
157.978382
151.940129
151.483005
122.180114
145.849934
138.656737
101.542288
152.202066
167.559768
139.014155
180.974265
145.560361
162.866104
171.292173
134.068683
194.476271
172.920182
149.766176
159.499173
133.656996
166.488806
144.795252
149.491041
166.700251
123.765933
110.538049
150.375259
174.810381
162.395132
114.720370
123.522750
154.139372
152.552084
151.798876
171.681179
134.760681
124.079559
122.810606
141.021352
133.140857
155.191972
151.628980
119.271841
107.759978
190.071257
148.923964
145.730751
160.622662
119.008934
168.761061
180.927653
172.616593
168.902240
119.540752
155.956074
148.424911
127.202778
143.626530
139.534996
148.279341
135.000294
110.665103
123.872882
153.725846
119.916687
150.355416
180.036787
113.672389
175.848930
118.389916
153.257195
167.954173
172.823617
153.717819
123.619656
155.158909
173.108132
165.998742
157.694209
156.683380
171.987647
142.171133
129.457555
165.684467
189.737718
148.687834
115.251908
130.415404
159.399268
109.765614
119.925303
139.798516
142.296494
143.949460
150.146227
146.386553
129.853769
150.742776
151.353202
193.488424
132.219324
191.931928
154.436252
184.636906
125.566097
136.504162
151.473000
133.554255
170.954239
172.360492
169.987905
159.462942
169.795941
126.030883
165.257245
140.474136
174.268967
134.447907
129.319640
137.334996
141.874504
120.361322
110.808349
120.851169
161.545055
134.198900
157.378553
168.414966
172.965385
176.502250
142.457523
132.934060
124.031709
172.370366
168.241460
183.369080
107.291896
129.587772
142.869521
124.159635
177.305521
152.222670
160.772080
127.706824
132.184079
161.039214
184.550127
133.566539
144.307642
139.670587
174.748590
118.390569
177.519364
151.233864
176.914867
129.433232
156.899647
124.407750
112.632715
178.987137
115.204842
152.163749
169.994873
137.357570
168.506739
139.886285
176.957448
126.735193
126.603343
180.229680
123.885913
152.133768
141.448702
139.314326
163.965942
138.612350
179.348532
149.190173
209.572704
172.608288
170.237468
166.020855
147.526902
143.121661
153.251675
124.844466
154.335721
174.065111
127.063987
167.251417
164.429696
160.207371
137.942950
127.272000
162.150689
116.788418
168.087304
169.905246
139.367872
145.013071
116.742515
189.260364
142.078251
113.789207
158.352816
192.975935
164.925430
154.984569
149.889567
157.111628
160.588105
149.099762
139.965673
167.521382
132.960490
152.895272
168.042829
145.046235
180.850135
135.312524
126.028137
127.929804
176.215244
157.485092
148.596394
160.954564
114.848070
174.779786
126.105666
163.974054
128.596966
191.306483
114.894720
154.810766
150.423416
145.958192
139.371670
141.395104
125.782527
120.530313
177.738796
129.326316
146.995161
151.386502
125.744260
177.814898
157.268951
179.567697
125.253569
133.479251
162.268615
143.763493
126.653900
114.814475
131.393893
131.899079
142.075556
114.824149
133.672686
175.940722
137.075340
172.326419
169.044814
128.962869
130.857197
109.965539
142.314142
149.134707
186.119437
179.497125
203.992168
138.902678
134.415553
148.318936
152.605309
168.059923
187.813249
186.104228
134.711561
153.105533
143.729682
167.881106
132.604562
131.196130
180.529239
198.481807
153.434901
136.395490
144.473118
169.707867
132.782250
161.319407
149.021877
145.964398
132.523876
128.708878
132.084164
133.254350
128.540418
124.543695
130.785189
161.903682
120.841741
126.023245
194.937657
143.388063
152.267728
146.640891
157.724813
174.896751
153.374089
166.340358
128.739552
139.724478
120.729265
149.989592
171.179575
116.120109
115.683361
146.619436
138.818974
180.961631
154.443029
147.498209
150.684223
125.098160
169.276578
143.169283
146.465878
155.293164
154.686450
185.430534
169.694258
198.008018
178.873290
119.286303
153.579468
145.331588
212.429574
153.604575
126.401361
139.030991
125.345769
155.927709
141.900419
181.533535
177.855454
138.341990
170.722106
106.174983
164.424261
148.836224
229.660712
148.924539
117.950790
150.638553
150.200084
133.602863
161.089636
168.252369
141.464056
153.950783
174.979402
167.913153
155.802808
137.547764
140.279572
174.096849
178.761333
162.294634
142.828923
129.485284
118.249345
138.410258
158.355858
153.933820
159.433072
114.753609
161.788325
169.593449
139.559231
159.603808
173.180204
159.704424
147.572285
172.786002
157.150928
113.392952
172.845584
146.189980
117.775896
168.049836
124.714743
141.916363
176.992802
133.765641
126.330762
126.093792
164.017929
177.166265
138.753748
165.615910
121.097077
173.794026
161.214187
178.480612
128.773573
205.749659
118.145742
159.646549
152.752130
136.683717
144.568330
140.261429
128.006894
170.546295
165.539386
161.627414
126.796041
168.282797
181.460802
174.688690
124.067289
140.271956
160.873920
168.291484
174.517878
173.466502
153.666379
163.896358
136.778287
170.247773
189.494607
166.547371
144.218224
152.412887
143.757644
143.728076
171.047077
179.494082
132.484917
136.045273
170.093440
175.631876
131.282208
110.145742
184.342120
173.053161
109.677538
195.405225
158.511348
134.403431
150.827187
106.958679
135.264488
190.623727
126.636404
176.179841
147.451306
153.906543
189.634577
144.309594
151.387089
142.591676
172.306140
187.281624
125.413059
145.093399
171.174360
157.848715
120.717077
110.348952
115.969477
140.839333
185.529466
87.192870
174.199095
149.917192
190.226293
141.028940
163.682613
138.909004
118.409536
135.582546
140.786752
170.619041
141.651904
185.601291
131.108322
138.888752
156.407037
159.166506
116.278046
150.079553
154.887375
109.594450
161.217640
151.236410
173.159823
174.978292
166.009886
136.588282
187.246893
170.885460
145.418565
183.046599
145.530537
156.101002
115.237218
116.143904
186.170749
171.684156
168.300120
137.279773
120.079880
170.553661
179.927656
210.042547
162.040774
155.472162
172.718730
156.500487
185.759361
175.366723
215.798672
151.823175
112.293029
151.518999
152.945861
147.700468
146.365969
181.600317
148.736042
116.031210
169.838126
126.679896
125.165610
115.870574
116.345861
133.735985
187.368622
145.856260
167.993522
147.474385
137.949559
97.989991
152.009744
169.241976
196.712343
154.029237
164.474606
170.299690
170.699335
157.877167
132.954975
121.862636
115.530501
185.003115
135.466507
150.142297
166.752906
111.571849
117.750517
139.698808
175.099194
143.394538
184.628644
159.702072
151.322207
166.057622
136.750660
143.141906
149.548505
154.602271
166.639107
172.038894
163.555179
154.161432
134.534345
142.116183
98.803866
146.059612
154.770908
149.288223
143.564228
139.627731
146.533680
139.302639
137.647009
137.970396
154.847615
139.048364
136.315024
155.117145
169.299838
142.821095
122.612969
124.808791
94.565914
121.924496
119.596183
134.029559
136.585145
135.761785
142.723780
106.593619
190.840906
170.798335
120.444612
175.130358
167.686682
152.562479
129.532958
136.039152
207.939258
159.869029
153.763034
166.209088
136.666904
179.717125
153.999361
160.475051
128.061128
135.164563
189.481010
175.345023
189.609171
127.067257
139.180111
134.706286
149.585658
176.353116
144.463025
157.930128
145.285588
163.510457
112.400978
123.660559
127.985125
128.059430
146.178156
143.009382
170.803045
160.093237
140.500112
190.338639
127.635738
132.193637
131.236762
133.866307
164.481144
145.455893
163.453723
111.712201
178.776728
172.648011
177.023910
197.727828
131.208424
188.582124
144.670315
149.602849
160.085306
137.258004
175.088992
182.841512
157.825893
146.747326
199.436558
179.283051
152.043891
191.899464
154.251400
147.723565
171.935177
99.879396
128.884514
130.034877
153.136809
119.647800
132.604265
175.086072
154.977012
191.139491
153.806027
107.346195
169.963015
155.504953
173.062282
164.110155
137.099905
159.783726
91.536407
142.838079
141.629662
119.666171
173.521271
108.798177
151.831592
179.926124
142.672048
164.963481
183.323452
188.898797
168.110619
180.478288
153.133298
146.238748
150.912502
160.463859
143.838813
167.340337
157.884582
126.874783
189.148077
134.235674
132.866096
162.181091
124.132642
158.949897
173.074530
155.894781
133.492374
165.564872
177.531049
167.105620
131.252666
175.139771
124.894250
150.645146
152.742526
124.307561
157.622826
132.972538
162.719478
119.876901
131.562022
198.082278
183.219115
171.270224
191.412788
174.625356
166.509021
154.717233
146.391801
174.069640
158.807951
128.358573
186.380567
165.831448
112.589028
160.565885
131.081619
175.226709
146.289091
151.638222
186.797516
147.483309
148.089356
145.252765
138.630709
172.173150
128.942711
130.854385
129.306796
136.803803
175.663045
136.239462
133.653743
138.027607
134.963865
150.876181
144.554358
140.460044
114.683470
132.883120
126.102035
142.927742
145.455518
127.823310
141.703493
169.373731
144.896919
149.366599
165.977453
129.952439
129.035650
142.260971
142.100403
98.476202
106.884097
173.615571
175.703178
110.495244
157.519893
143.253174
173.801912
181.853170
147.453466
146.356844
152.460713
104.633202
175.044449
115.586498
143.395393
99.409380
120.760689
170.612782
187.620551
146.976030
153.742480
170.384957
168.887093
131.749442
106.535592
126.070925
120.189066
172.318023
140.371544
128.300552
139.985321
153.157502
194.694112
120.102225
180.578233
126.459140
173.618420
169.061867
184.086880
168.558919
192.056768
183.211161
191.260292
174.117198
162.724133
133.404668
124.658672
122.487495
171.488209
168.680133
168.323706
145.807895
164.826251
130.896435
149.655570
162.494976
160.234690
149.244401
126.781051
125.597462
133.737244
145.812889
132.527892
161.836045
204.951030
140.756494
137.159035
154.630242
115.695350
147.168858
127.490347
163.729567
124.150247
139.012047
144.379350
161.199025
125.544288
150.635763
152.494346
112.931838
132.917926
111.983084
161.024444
154.621584
140.333385
125.527640
134.750362
118.936346
147.252027
175.928092
130.299390
134.803789
222.413488
119.246337
124.304946
151.748099
143.661459
150.863702
139.061784
112.364851
151.611652
148.777647
155.603680
148.493747
143.809080
161.071763
146.612011
148.462378
139.390065
152.524283
114.363394
164.309587
176.070318
114.380476
135.343749
152.044031
154.981972
151.521724
156.812722
140.558926
184.605101
109.461563
163.833697
114.379090
175.174071
172.036296
197.287589
148.519475
136.125441
158.395716
189.584821
168.882645
163.786006
163.164539
106.859061
135.097725
170.031347
135.088113
171.786920
