0.045280
0.002647
0.002102
0.000994
0.442282
0.000077
0.248533
0.577394
0.011188
0.097848
0.002525
0.000000
0.004835
0.115981
0.032833
0.000104
1.039759
0.103564
0.052282
0.018551
0.171391
0.011233
0.020335
0.018933
0.000009
1.305771
0.002803
0.105136
0.003800
0.005490
0.056872
0.078978
0.148192
0.376449
0.043959
0.022077
0.099468
0.099562
0.001367
0.084655
0.002910
0.004601
0.106954
0.115505
0.074933
0.000907
0.019252
0.005064
0.102008
0.002281
0.004167
0.115166
0.009376
0.048334
0.000003
0.797233
0.613138
0.005039
0.002721
0.021433
0.002832
0.095159
0.001171
0.047763
0.300342
1.095148
0.001113
0.001260
0.000411
0.002956
0.064609
0.000174
0.000676
0.044978
0.017422
0.008084
0.067538
0.000097
0.030525
0.003238
0.156213
0.155983
0.311175
0.128337
0.000852
0.005388
0.003100
0.205154
0.000137
0.024152
0.002367
0.197204
0.156669
0.092048
0.086607
0.000249
0.003451
0.009786
0.056776
0.016451
0.000027
0.010084
0.087222
0.000021
0.003675
0.048394
0.049382
0.124640
0.123731
0.000004
0.012752
0.000007
0.154670
0.000000
0.279217
0.003667
0.515013
0.078563
0.121536
0.010276
0.182711
0.001667
0.153274
0.002435
0.004558
0.001202
0.027630
0.070873
0.080797
0.003308
0.003051
0.001788
0.013940
0.001510
0.169368
0.039639
0.056798
0.000535
0.023448
0.000102
0.001053
1.257503
0.001641
0.025651
0.000006
0.058481
0.595360
0.023847
0.000681
0.168934
0.018294
0.007772
0.000572
0.029200
0.001793
0.002098
0.096720
0.002933
0.013901
0.020301
0.658431
0.015670
0.005443
0.010179
0.040594
0.071929
0.050117
0.002883
0.005219
0.020594
0.178717
0.000768
0.012806
0.005519
0.036474
0.088864
0.044954
0.000336
0.006454
0.081016
0.000899
0.262566
0.001571
0.051027
0.063179
0.003367
0.031605
0.019289
0.042181
0.007099
0.177565
0.001419
0.007918
0.087476
0.086816
0.006227
0.012036
0.571986
0.000117
0.012111
0.005960
0.865774
0.012548
0.074535
0.348471
0.008088
0.019871
0.007380
0.033478
0.001509
0.000697
0.106536
0.036141
0.288722
0.001600
0.004830
0.139287
0.013687
0.004167
0.010459
0.073350
0.009879
0.091010
0.005508
0.183358
0.001683
0.009886
0.181271
0.224234
0.037682
0.088972
0.024945
0.032267
0.846692
0.000090
0.008975
0.168658
0.000797
0.005461
0.100313
0.111783
0.000142
0.000005
0.691159
0.256787
0.007164
0.000729
0.042654
0.038623
0.070220
0.025160
0.000068
0.122188
0.142655
0.000796
0.060531
0.078051
0.127155
0.029669
0.000216
0.066177
0.006684
0.000236
0.005958
0.000012
0.070563
0.015688
0.014580
0.011857
0.135772
0.001649
0.001113
0.189102
0.006265
0.096617
0.080920
0.129636
0.000387
0.000176
0.005432
1.062746
0.004417
0.007177
0.000397
0.000031
0.019010
1.221324
0.222314
0.007885
0.111062
0.023277
0.000285
0.019781
0.000002
0.181027
0.110253
0.781143
0.111571
0.114448
0.002990
0.356628
0.007602
0.000377
0.145063
0.001339
0.000823
0.067724
0.011743
0.000206
0.002071
0.009543
0.003346
0.041985
0.001671
0.015663
0.001248
0.018758
0.001634
0.009084
0.157356
0.001094
0.000279
0.000282
0.029779
0.302071
0.076508
0.000402
0.032200
0.010483
0.000003
0.001379
0.000011
0.126918
0.093630
0.086191
0.041162
0.316632
0.000071
0.092417
0.015256
0.000023
0.010579
0.036270
0.207518
0.003564
0.533250
0.008426
0.000106
0.041719
0.416519
0.052114
0.003109
0.000932
0.700143
0.015632
0.000505
0.000261
0.030232
0.000780
0.003076
0.006952
0.056724
0.004850
0.007557
0.003908
0.021141
0.000857
0.076508
0.000143
0.000992
0.007061
0.020493
0.000824
0.000136
0.000057
0.222962
0.763856
0.000609
0.000803
0.000191
0.014525
0.039624
0.042783
0.591039
0.000108
0.009959
0.265490
0.000165
0.024853
0.084831
0.000673
0.001868
0.018453
0.012383
0.000010
0.142415
0.371394
0.017231
0.032026
0.438481
0.170788
0.092897
0.005956
0.252085
0.005561
1.533987
0.020751
0.005510
0.247535
0.067479
0.022390
0.055801
0.001499
0.000808
1.539280
0.000599
0.283596
0.000027
0.081014
0.003709
0.223886
0.000040
0.000004
0.016774
0.252090
0.004748
0.002988
0.002711
0.046121
0.000121
0.000211
0.121861
0.005230
0.001393
0.019075
0.012670
0.012872
0.003783
0.013031
0.013880
0.028338
0.192894
0.002538
0.001715
0.029786
0.000212
0.042169
0.015022
0.038106
0.007636
0.011918
0.032333
0.000402
0.217039
0.071310
0.854756
0.026963
0.144592
0.000653
0.003538
0.016241
0.011097
0.002089
0.026338
0.003236
0.096711
0.002324
0.373839
0.000526
0.000207
0.019349
0.037823
0.000234
0.887682
0.000047
0.003675
0.075704
0.068854
0.000172
0.358833
0.165035
0.000438
0.072949
0.007690
0.019906
0.016460
0.010872
0.039065
0.054840
0.000298
0.002243
0.317367
0.005048
0.000177
0.239477
0.000328
0.000238
0.006896
0.029334
0.034485
0.052070
0.382446
0.188086
0.080037
0.003745
0.008597
0.680132
0.013363
0.006242
0.025218
0.035999
0.017504
0.000848
0.000000
0.000181
0.001323
0.004171
0.001373
0.000019
0.003069
0.005178
0.002933
0.158443
0.064958
0.007158
0.007265
0.002045
0.041546
0.001759
0.275815
0.015780
0.042291
0.000659
0.436293
0.001722
0.053308
0.003712
0.012679
0.060823
0.002238
0.002105
0.019178
0.001668
0.005131
0.003713
0.004200
0.000085
0.103369
0.032523
0.004086
0.029816
0.111548
0.049667
0.111382
0.187256
0.002984
0.016193
0.009934
0.005621
0.082925
0.223927
0.066052
0.000254
0.001460
0.000181
0.034950
0.075781
0.016198
0.081690
0.000521
0.004856
1.574013
0.049686
0.027148
0.034693
0.000366
0.002863
0.031351
0.001125
0.003986
0.031990
0.002766
0.013660
0.517642
0.000627
0.241132
0.010409
0.339619
0.084362
0.083017
0.000000
0.011881
0.010465
0.136235
0.185847
0.797885
0.157050
0.005062
0.000046
0.006874
0.040611
0.003589
0.001791
0.004003
0.073690
0.001876
0.087885
0.309250
0.023462
0.563864
0.089958
0.001496
0.001092
0.000277
0.231352
0.513571
0.050457
0.020318
0.009244
0.008098
0.010642
0.266091
0.000935
0.001289
0.048317
0.050868
0.001524
0.353634
0.004987
0.003014
0.012834
0.091691
0.255242
0.906045
0.125610
0.025629
0.022832
0.003312
0.002284
0.000532
0.002976
0.001038
0.154822
0.000238
0.035175
0.038776
0.206919
0.003613
0.237342
0.141528
0.178354
0.002737
0.000092
0.521943
0.533207
0.080148
0.036302
0.000281
0.041293
0.000341
0.373776
0.810547
0.004822
0.010581
1.104671
0.113404
0.058940
0.047737
0.000285
0.000021
0.007796
0.227706
0.000066
0.256586
0.000647
0.063379
0.198838
0.000148
0.006303
0.028674
0.076631
0.021582
0.114169
0.332885
0.006527
0.013196
0.016386
0.096110
0.000905
0.002218
0.017200
0.000031
0.022815
1.765776
1.132569
0.000009
0.180110
0.006844
0.002882
0.033583
0.000023
0.445470
0.020962
0.001381
0.176039
0.024772
1.773197
0.310376
0.238781
0.066604
0.004376
0.000061
0.015322
0.684503
0.000017
0.070045
0.002226
0.000093
0.023762
0.052343
0.003666
0.004934
0.000375
0.019783
0.000120
0.002580
0.000602
0.001969
0.000940
0.001106
0.061066
0.000100
0.103949
0.737580
0.543516
0.062467
0.002051
0.072326
0.156610
0.031703
0.000301
0.037444
0.009806
0.002239
0.001267
0.020348
0.067470
0.170701
0.011945
0.024084
0.043019
0.197050
0.000505
0.007687
0.002196
0.111422
0.001640
0.206132
0.117702
0.012376
0.000546
0.008803
0.000636
0.042071
0.000918
0.064050
0.000002
0.000641
0.000345
0.017307
0.330527
0.300509
0.000145
0.034362
0.011804
0.041338
0.131435
0.029587
0.002571
0.001696
0.046373
0.023219
0.005755
0.000532
0.000383
0.002111
0.018538
0.033897
0.021041
0.077653
0.000651
0.067166
0.000533
0.024991
0.174092
0.018220
0.045279
1.291635
0.699012
0.363270
0.000267
0.006001
0.045310
0.081853
0.000093
0.082020
0.117988
0.001162
0.107223
0.024550
1.923582
0.004882
0.000022
0.000684
0.016585
0.000000
0.002592
0.000905
0.003140
0.042655
0.414191
0.013936
0.000095
0.005943
0.066118
0.459976
0.012670
0.000324
0.120997
0.000022
0.027502
0.154419
0.029716
0.015932
0.000566
0.086109
0.029597
0.030929
0.001174
0.000026
0.000015
0.058435
0.004348
0.002121
0.064431
0.023879
0.001524
0.002745
0.012968
0.000735
0.003214
0.124795
0.000086
0.002061
0.000515
0.000476
0.010884
0.001215
0.052413
0.116216
1.152355
0.000057
0.002709
0.009468
0.000019
0.000548
0.179066
0.016530
0.000624
0.114550
0.001474
0.002826
0.000058
0.008911
0.002739
0.000271
0.000208
0.017709
0.021187
0.050779
0.044387
0.030295
0.005322
0.019187
0.629211
0.008918
0.039310
0.194791
0.115655
0.005949
0.001371
0.015830
0.058801
0.058375
0.035591
0.000016
0.016810
0.037788
0.122693
0.048441
0.000169
0.000637
0.005803
0.000226
0.002255
0.114681
0.004799
0.007085
0.003834
