0.000910
0.003377
0.000008
0.001851
0.000003
0.000008
0.000680
0.024209
0.001731
0.018861
0.000058
0.003344
0.000233
0.003940
0.000150
0.000145
0.000993
0.000078
0.015575
0.000254
0.000237
0.001679
0.284953
0.015433
0.000017
0.004970
0.040293
0.007123
0.000001
0.012448
0.003084
0.002993
0.000002
0.000007
0.000000
0.002003
0.000008
0.000013
0.002075
0.002017
0.000862
0.016383
0.000019
0.014668
0.050061
0.012947
0.000002
0.000100
0.000785
0.000331
0.001514
0.001319
0.000826
0.010478
0.038477
0.000110
0.000001
0.000652
0.000219
0.000817
0.000007
0.000024
0.006699
0.002404
0.000034
0.003178
0.000022
0.000290
0.003333
0.012215
0.001837
0.005300
0.000001
0.008331
0.021429
0.000002
0.000125
0.001035
0.009014
0.003504
0.000108
0.000977
0.001118
0.001191
0.002958
0.000044
0.007671
0.001479
0.013824
0.000000
0.019917
0.002057
0.000107
0.000000
0.000403
0.000006
0.000094
0.017306
0.000000
0.000033
0.007315
0.281609
0.001422
0.001244
0.000574
0.039424
0.000003
0.003459
0.002388
0.017469
0.001612
0.000011
0.039252
0.011526
0.000177
0.007834
0.000742
0.000189
0.000743
0.000030
0.000803
0.000025
0.001034
0.001613
0.000034
0.000030
0.000020
0.000000
0.000500
0.024351
0.000003
0.002772
0.000059
0.002609
0.000152
0.000011
0.000394
0.000096
0.000275
0.000438
0.000002
0.000000
0.000920
0.003044
0.000137
0.001444
0.042951
0.000000
0.000002
0.000002
0.000143
0.000171
0.001379
0.013751
0.008767
0.000528
0.001417
0.000136
0.000827
0.000061
0.000181
0.000325
0.000718
0.000089
0.002488
0.005109
0.019239
0.000164
0.000076
0.006045
0.005042
0.000846
0.007286
0.015940
0.000000
0.016865
0.008365
0.007421
0.005157
0.000580
0.000034
0.078388
0.000001
0.000006
0.000003
0.002708
0.000422
0.027404
0.033302
0.007208
0.000127
0.000058
0.001429
0.002223
0.000461
0.006228
0.018135
0.000264
0.000019
0.005859
0.000001
0.000024
0.001343
0.002506
0.000008
0.003764
0.010356
0.004385
0.023510
0.009297
0.000741
0.003466
0.000105
0.001065
0.000405
0.001833
0.002691
0.005610
0.015622
0.033427
0.000009
0.003992
0.000027
0.000006
0.000001
0.001054
0.000875
0.000492
0.009570
0.000178
0.000006
0.013631
0.000259
0.017926
0.000138
0.000932
0.001598
0.000024
0.002795
0.012791
0.000038
0.000616
0.001605
0.000397
0.000327
0.003324
0.010767
0.046843
0.001261
0.000004
0.000968
0.112026
0.000000
0.005456
0.011207
0.000109
0.000001
0.000185
0.000398
0.001844
0.000103
0.000243
0.000001
0.000017
0.010844
0.000007
0.000898
0.000005
0.000182
0.016364
0.019306
0.000304
0.000037
0.035189
0.009312
0.009611
0.000562
0.047639
0.002779
0.000271
0.000021
0.025986
0.000311
0.254285
0.001370
0.000001
0.003950
0.000004
0.000022
0.026454
0.000380
0.000581
0.011306
0.000476
0.000267
0.000035
0.000116
0.000121
0.001783
0.001098
0.016808
0.000280
0.000137
0.006721
0.007018
0.000095
0.003699
0.000005
0.000355
0.001703
0.094143
0.000867
0.009629
0.003181
0.000332
0.013593
0.000362
0.005657
0.000250
0.003882
0.000604
0.002577
0.019184
0.000001
0.000151
0.000684
0.000379
0.033075
0.003125
0.001268
0.000052
0.025594
0.000886
0.000317
0.007215
0.000121
0.012261
0.000214
0.001208
0.000109
0.000004
0.004255
0.015372
0.000000
0.000419
0.044610
0.041793
0.000057
0.000000
0.000048
0.000419
0.000001
0.000628
0.000031
0.008635
0.000395
0.000030
0.000510
0.000002
0.007874
0.001291
0.002877
0.001313
0.001632
0.012851
0.101905
0.005701
0.006519
0.006733
0.000582
0.014566
0.001142
0.011004
0.004748
0.051690
0.000010
0.000002
0.000590
0.002045
0.001002
0.000110
0.001340
0.000146
0.000512
0.000051
0.004453
0.004296
0.000078
0.109276
0.001076
0.012678
0.000261
0.014494
0.000012
0.000170
0.002874
0.000323
0.059559
0.026309
0.000005
0.026388
0.093155
0.000120
0.053811
0.000364
0.000160
0.002319
0.010710
0.000168
0.000053
0.000109
0.007208
0.001608
0.041883
0.002282
0.000169
0.002564
0.000008
0.000068
0.040643
0.048390
0.002450
0.007648
0.005864
0.004615
0.005230
0.000869
0.000829
0.000017
0.011026
0.000221
0.001295
0.000000
0.000151
0.000296
0.000019
0.137307
0.083865
0.000007
0.001348
0.000034
0.006697
0.000389
0.000029
0.001420
0.000034
0.016148
0.000002
0.008498
0.051342
0.023324
0.000416
0.000212
0.000002
0.000066
0.020320
0.008755
0.000027
0.042566
0.000933
0.025223
0.000169
0.000094
0.000001
0.000134
0.000000
0.024507
0.001413
0.057842
0.000112
0.137175
0.006246
0.000290
0.000000
0.000525
0.000823
0.000392
0.002531
0.001057
0.003100
0.005188
0.087164
0.002942
0.054730
0.011405
0.000393
0.006600
0.000004
0.000122
0.007844
0.000001
0.000324
0.024016
0.279280
0.000062
0.000278
0.007594
0.001764
0.000222
0.000230
0.006494
0.001368
0.003505
0.001957
0.003693
0.000249
0.001487
0.005883
0.004176
0.000003
0.000312
0.000495
0.006084
0.051771
0.000322
0.244371
0.000241
0.080980
0.000471
0.003558
0.005044
0.000168
0.003916
0.000915
0.008782
0.009238
0.018765
0.007043
0.000023
0.000980
0.001207
0.000041
0.000020
0.000122
0.104209
0.000059
0.001899
0.005560
0.000357
0.000015
0.006441
0.001359
0.000322
0.000018
0.005888
0.003176
0.001825
0.002226
0.034926
0.079708
0.000028
0.168875
0.000422
0.001110
0.000248
0.000030
0.000000
0.001828
0.064592
0.000863
0.121283
0.000868
0.036695
0.000141
0.000148
0.000003
0.041521
0.000730
0.000059
0.000003
0.001225
0.000151
0.002131
0.000304
0.000352
0.052457
0.051803
0.005269
0.000091
0.001010
0.000001
0.024860
0.000010
0.000244
0.002827
0.000656
0.007742
0.000302
0.000156
0.007815
0.002380
0.000156
0.000087
0.002582
0.025374
0.000010
0.004208
0.000002
0.003103
0.000924
0.168542
0.004310
0.000293
0.000238
0.000964
0.000378
0.049596
0.000000
0.122124
0.001447
0.009559
0.000432
0.003966
0.001225
0.000098
0.003113
0.029851
0.000416
0.000979
0.012348
0.000279
0.034968
0.017107
0.003095
0.001173
0.001410
0.002442
0.000014
0.007416
0.016643
0.002570
0.087308
0.000000
0.000226
0.003315
0.000513
0.002122
0.045518
0.000534
0.001522
0.032412
0.006870
0.000288
0.000082
0.000000
0.003591
0.116902
0.019171
0.001703
0.023810
0.000030
0.005105
0.005743
0.000374
0.013714
0.000000
0.002762
0.021587
0.000046
0.002413
0.042567
0.012781
0.011743
0.001529
0.002677
0.008392
0.001262
0.000102
0.000053
0.003531
0.000011
0.071488
0.001168
0.010453
0.003871
0.000929
0.035704
0.000098
0.002873
0.000182
0.000363
0.000129
0.001503
0.000011
0.010161
0.000275
0.000298
0.000344
0.005149
0.001147
0.051972
0.194101
0.000388
0.001341
0.006054
0.000053
0.000119
0.001620
0.005909
0.009391
0.009316
0.000375
0.000935
0.000012
0.041511
0.010529
0.000199
0.000001
0.003103
0.000004
0.000117
0.087231
0.009713
0.003503
0.011366
0.070535
0.000939
0.001604
0.002067
0.017587
0.000267
0.038618
0.038254
0.000001
0.008564
0.001248
0.000006
0.000029
0.000298
0.002913
0.000171
0.000246
0.002509
0.008884
0.000000
0.001310
0.000584
0.066534
0.000840
0.000278
0.012289
0.001579
0.013681
0.030210
0.000055
0.000387
0.003148
0.000218
0.008687
0.000001
0.000929
0.000007
0.000144
0.000001
0.000017
0.000016
0.031822
0.032189
0.005757
0.001400
0.000058
0.000278
0.000938
0.000962
0.000098
0.000006
0.000012
0.000851
0.000574
0.000340
0.014053
0.007042
0.000150
0.000013
0.002934
0.003055
0.000006
0.000005
0.000042
0.001485
0.003192
0.000005
0.027612
0.000001
0.000375
0.003621
0.000009
0.001555
0.000029
0.002721
0.003368
0.029781
0.000213
0.000000
0.000220
0.000055
0.012004
0.013466
0.057068
0.000883
0.003843
0.000343
0.001117
0.004183
0.000286
0.000564
0.004585
0.000348
0.000010
0.002287
0.000013
0.003127
0.005345
0.010664
0.047808
0.000000
0.000011
0.000376
0.000035
0.000000
0.009556
0.000005
0.006288
0.000055
0.000438
0.023903
0.000737
0.010033
0.004432
0.000561
0.004427
0.005137
0.000086
0.011854
0.007504
0.005552
0.011437
0.000257
0.000843
0.000016
0.000002
0.000496
0.002154
0.000319
0.000771
0.016579
0.000126
0.023023
0.103704
0.003047
0.000000
0.000012
0.000041
