0.003060
0.000019
0.000861
0.000062
0.000292
0.000154
0.000079
0.003216
0.000005
0.000034
0.000760
0.000001
0.000000
0.000016
0.000003
0.004958
0.000004
0.004353
0.000028
0.000096
0.000025
0.000008
0.000562
0.000036
0.000010
0.001400
0.000000
0.002354
0.000340
0.000227
0.000350
0.000285
0.000061
0.000396
0.000020
0.000414
0.000034
0.000067
0.000036
0.000000
0.000363
0.000525
0.003059
0.000131
0.000005
0.005104
0.000040
0.000190
0.000000
0.000003
0.000010
0.000080
0.000205
0.000009
0.000016
0.000140
0.000034
0.000156
0.000135
0.003316
0.000014
0.000000
0.000027
0.000013
0.000000
0.000002
0.000020
0.000000
0.000000
0.000008
0.010020
0.000012
0.000002
0.000452
0.000374
0.000421
0.000072
0.000003
0.001074
0.000630
0.000081
0.000001
0.000012
0.000440
0.000003
0.002233
0.005149
0.000180
0.000000
0.020618
0.000524
0.000003
0.000276
0.000175
0.000000
0.000094
0.000000
0.000161
0.000000
0.000003
0.000008
0.001201
0.000105
0.000006
0.000003
0.000154
0.000000
0.000082
0.000004
0.000003
0.000011
0.000000
0.000062
0.000328
0.000022
0.000000
0.000012
0.002111
0.000005
0.000236
0.000375
0.000281
0.001291
0.000083
0.000345
0.000005
0.000097
0.000002
0.000017
0.000037
0.000000
0.000989
0.000020
0.020342
0.000000
0.003305
0.001477
0.000035
0.000000
0.000090
0.000000
0.000033
0.000151
0.000006
0.000001
0.000006
0.000365
0.000025
0.000000
0.000000
0.000175
0.000012
0.000013
0.000198
0.000008
0.011477
0.000029
0.000117
0.000183
0.000075
0.000031
0.000000
0.000168
0.000041
0.001266
0.004566
0.000003
0.000000
0.000002
0.000002
0.000031
0.000131
0.000003
0.000022
0.004167
0.000044
0.000297
0.000001
0.000151
0.000330
0.000046
0.000555
0.000002
0.000004
0.000012
0.005022
0.000000
0.000173
0.000114
0.002241
0.000084
0.008917
0.067534
0.000190
0.001236
0.000001
0.000026
0.244465
0.001983
0.000125
0.000003
0.000000
0.000194
0.000098
0.000146
0.000097
0.000166
0.000027
0.000000
0.000021
0.000010
0.000000
0.000007
0.000001
0.000352
0.000052
0.000000
0.000008
0.000016
0.000003
0.000015
0.000030
0.000059
0.000123
0.002322
0.000565
0.000528
0.004051
0.000213
0.009179
0.000001
0.000071
0.000004
0.000010
0.000012
0.000013
0.000964
0.002118
0.000004
0.000006
0.000744
0.000375
0.000353
0.000004
0.000236
0.000051
0.000772
0.000006
0.000006
0.000001
0.000517
0.000147
0.000394
0.003344
0.006207
0.000016
0.000108
0.000514
0.000001
0.000039
0.000040
0.000007
0.000001
0.000062
0.000007
0.000033
0.001602
0.000045
0.004147
0.000002
0.001106
0.000013
0.000002
0.000014
0.003230
0.000004
0.000389
0.000000
0.000225
0.000000
0.000170
0.000006
0.000032
0.000653
0.000002
0.000005
0.001469
0.000000
0.000003
0.000157
0.000017
0.000041
0.000279
0.000662
0.000001
0.000003
0.000000
0.000040
0.003453
0.000001
0.000082
0.000000
0.000008
0.000008
0.001033
0.000046
0.000146
0.000053
0.000001
0.000701
0.000496
0.000015
0.001339
0.000112
0.002150
0.000000
0.000025
0.000003
0.000000
0.000681
0.000001
0.005156
0.005891
0.000018
0.000478
0.001255
0.000002
0.001627
0.000412
0.000060
0.000000
0.000043
0.000399
0.000001
0.000019
0.012383
0.000001
0.000085
0.000089
0.000026
0.000076
0.000015
0.000009
0.004003
0.000019
0.000018
0.000000
0.000000
0.000333
0.002474
0.001053
0.000278
0.000172
0.000001
0.000000
0.005790
0.000109
0.000007
0.000005
0.000017
0.000000
0.000074
0.002334
0.000000
0.000231
0.000175
0.000116
0.000070
0.000310
0.000008
0.000031
0.000051
0.000339
0.000127
0.000135
0.000017
0.000019
0.000105
0.000165
0.000016
0.000018
0.016459
0.000021
0.000039
0.000013
0.000000
0.022456
0.006562
0.000181
0.000000
0.000327
0.000001
0.000080
0.000565
0.000929
0.000003
0.000018
0.000000
0.000001
0.000004
0.000030
0.000072
0.000008
0.000054
0.000011
0.000002
0.000003
0.000011
0.000226
0.000149
0.000046
0.001147
0.000037
0.000046
0.000059
0.002088
0.000000
0.000000
0.000005
0.000430
0.001139
0.000710
0.000044
0.000065
0.064938
0.000078
0.004285
0.000541
0.000308
0.001306
0.000003
0.000306
0.000185
0.000001
0.000006
0.000054
0.000038
0.000172
0.000088
0.000009
0.000753
0.000030
0.000007
0.000010
0.000002
0.000316
0.000000
0.000043
0.000024
0.000058
0.000003
0.000205
0.000001
0.000154
0.000000
0.000032
0.000000
0.000000
0.000003
0.000169
0.000181
0.021741
0.000002
0.001202
0.000055
0.000016
0.000039
0.000017
0.000026
0.000151
0.000028
0.000000
0.006590
0.000795
0.000183
0.000006
0.000065
0.000769
0.000028
0.000000
0.000333
0.000023
0.013578
0.000094
0.000115
0.000000
0.000010
0.001164
0.000277
0.000000
0.001788
0.000000
0.000165
0.000216
0.000003
0.000012
0.000429
0.002156
0.000006
0.000000
0.001123
0.000202
0.000001
0.000351
0.000004
0.000025
0.000086
0.000004
0.000008
0.000380
0.000000
0.000006
0.001367
0.000018
0.000024
0.000009
0.000602
0.000011
0.000053
0.022984
0.000008
0.000001
0.000000
0.032087
0.000460
0.000003
0.000066
0.000257
0.000329
0.000006
0.000002
0.000005
0.000160
0.000002
0.000494
0.000568
0.000001
0.000000
0.000098
0.000001
0.006446
0.000379
0.000001
0.001434
0.000442
0.000000
0.000005
0.000026
0.000002
0.000001
0.000001
0.000266
0.000002
0.000048
0.000014
0.000100
0.001823
0.000018
0.000043
0.003334
0.000001
0.000080
0.000019
0.000001
0.000126
0.000161
0.000516
0.002622
0.000062
0.000076
0.000032
0.000002
0.004214
0.000010
