17.423715
11.339218
17.420636
24.487901
7.516611
14.337218
24.937057
14.495906
26.158495
22.861186
7.789881
15.077735
22.250551
1.266949
16.637082
13.572050
11.603469
15.859939
22.090102
22.562098
16.441770
28.669394
10.998202
5.151346
15.661372
20.694192
11.462836
15.521264
19.591076
10.326490
16.467039
16.901978
14.292134
17.239230
25.547193
8.838690
15.474367
9.746248
6.573260
21.883918
22.732104
23.841695
20.806512
9.076853
11.730104
15.049970
13.526436
16.388645
22.446218
4.365649
9.238062
17.658062
3.070918
16.275154
25.264332
3.533024
28.817172
24.525689
27.718409
22.877493
16.687843
13.268175
10.028179
9.887908
23.352708
9.630758
3.172842
23.153184
28.565642
5.166606
15.000586
19.020247
30.492088
4.460130
23.401432
15.041691
20.071364
20.544533
1.775762
18.966980
8.716433
15.584087
17.959834
28.210955
16.870809
22.091372
11.887794
21.962958
22.870011
27.054423
5.993954
21.764368
5.873752
21.714561
14.938240
9.204565
26.086778
32.856361
20.478056
14.789750
11.159261
13.299839
15.093342
35.606825
4.097210
2.563213
20.895795
17.725609
8.082109
29.251323
11.233396
35.407504
13.171653
3.566571
25.688870
28.335707
8.982779
18.857211
11.665434
26.742533
31.534100
21.864503
20.795837
18.615574
20.853522
22.847796
1.396382
23.721125
11.041718
25.196829
13.304293
24.023107
9.453029
12.607417
19.210477
21.703550
20.426807
30.154002
11.166379
26.456840
15.792982
26.594884
17.868291
16.263445
26.489136
16.939864
25.134138
24.211126
8.462947
9.794510
18.747468
6.758429
4.035964
17.919403
13.531620
11.243558
16.851493
20.531059
0.570498
22.947639
19.169735
15.567569
23.210608
6.949508
12.518286
13.766591
16.235005
2.949303
19.108960
7.304432
12.617850
25.495022
26.687291
17.757103
26.041808
19.453312
20.662889
8.776623
4.495410
6.754880
15.226579
31.511754
23.549605
21.353938
11.881379
17.825407
29.060414
14.736239
22.157219
8.770964
19.312614
19.970529
14.245564
26.934596
20.009648
9.932179
5.839927
19.816080
20.733188
25.188503
11.420205
9.737888
27.217015
20.542212
27.168350
22.825225
23.698049
17.465099
21.977197
25.431893
6.366156
16.939286
23.983198
18.287232
31.059087
31.020787
17.381641
3.198952
10.914634
22.634880
20.641812
13.336717
17.417654
15.389425
16.264492
8.649516
18.870560
19.267702
14.000788
17.049287
34.307704
15.147540
22.402306
10.289207
13.062572
20.478569
12.415313
21.081896
9.108427
30.220253
14.053302
22.917876
21.832049
11.272601
21.308877
8.993747
23.319120
18.002376
28.533502
31.225077
21.280361
13.514935
12.742081
16.202789
20.122283
8.693766
13.133897
19.993840
26.025069
14.924493
22.556149
27.901543
9.160189
8.356896
25.600081
37.920038
6.361697
7.334074
3.007766
19.221647
20.847257
16.223351
2.309011
20.054971
7.851489
20.376622
10.107762
8.747994
3.782926
22.789813
7.951912
15.372851
22.685533
16.705074
18.584489
14.773973
20.812504
19.142397
14.541021
15.218164
7.573523
23.277750
12.448639
22.204017
6.004652
9.119709
4.310245
23.001355
14.823527
12.787186
30.976815
17.057644
19.017683
21.462311
7.448983
38.012141
14.795755
14.639765
26.092133
25.315126
4.547111
15.462710
13.863102
22.898271
17.989829
19.557133
15.046084
13.424718
17.716126
12.388119
26.747831
14.688996
9.193891
12.703971
15.479587
5.976322
14.410175
2.341014
25.496846
18.263191
8.194026
26.009612
23.758747
21.235836
23.663920
25.590066
35.580028
7.099236
17.534201
22.830109
24.469058
20.466354
14.645856
15.098269
31.465672
16.739043
19.821300
15.222050
18.296938
1.876452
6.057946
5.231549
23.860450
14.684953
4.172746
10.796224
16.479854
13.039611
6.682292
17.826266
15.102971
9.544010
0.683921
14.382058
17.147164
10.977158
17.355751
11.419106
26.614600
25.808611
17.138712
6.276776
27.215892
24.590525
18.106023
9.247667
16.668330
16.509934
11.783251
18.160494
3.130736
24.193706
23.388718
26.473258
29.171535
10.710811
22.751138
27.297049
25.302366
30.370273
7.004278
35.689226
25.613498
13.739034
17.128218
18.537993
7.438638
26.552407
7.056099
22.798797
20.012708
19.677481
32.207308
33.783789
18.864166
11.720656
27.030403
5.886090
8.655297
26.215199
18.296655
23.259828
16.663415
9.399247
35.125032
15.076869
13.512637
0.446958
11.219188
26.799229
17.852514
14.773885
25.099822
19.422706
8.258490
22.820297
14.684114
18.643988
18.078419
4.752404
20.683211
21.391902
28.200965
14.979807
33.875510
15.300530
15.158463
33.538976
18.849913
20.699178
16.930541
19.273829
19.608065
15.036311
7.962556
23.554274
12.964092
6.802724
27.151460
18.139390
13.987624
23.771759
27.075163
12.063568
25.978157
18.658294
25.279595
22.663515
16.739038
25.297930
14.392288
19.715258
6.088360
4.081210
13.840673
13.418895
22.740926
19.519945
16.343660
0.252311
9.400870
24.108578
4.881050
29.281931
11.213102
30.601919
19.198918
25.212875
24.630230
10.601793
16.667337
28.553150
21.785774
13.111606
5.554287
5.724016
32.191398
26.246433
27.938303
21.620499
16.798246
12.964861
18.521849
19.823570
17.665295
11.117143
5.212716
28.159169
13.634832
21.984040
23.383144
17.436980
21.164809
11.697727
17.124626
10.272556
28.400466
22.943164
20.266102
19.522330
20.495455
21.627352
16.773758
15.590078
18.205991
16.031352
10.899365
27.989212
14.296999
19.493954
22.227573
31.419328
31.043166
17.267491
20.692767
24.218666
26.706409
3.933944
22.477110
18.389016
14.238604
4.579787
10.433729
25.654302
7.791662
22.704800
21.705888
16.822591
7.072882
17.528452
25.754770
14.117080
2.795329
24.684512
27.648019
15.370747
16.109782
12.239104
20.328287
14.348802
31.113120
11.543775
20.002067
15.452324
6.026192
16.651068
17.512600
10.376855
20.616048
22.882400
15.231074
27.804615
5.975207
15.754149
21.672064
22.457725
23.806855
18.222275
16.172912
17.893087
7.639264
10.129596
17.592048
13.287709
14.338140
5.163163
14.605156
7.896983
2.144611
10.016420
13.809767
25.235361
22.795406
12.324931
13.516290
20.911823
7.094725
18.831190
12.730875
3.128174
9.486848
18.315662
16.462056
23.134902
17.090195
21.891397
20.874896
22.087480
14.317286
16.847827
3.405337
20.816001
9.206134
3.215758
14.905441
31.793939
21.120946
19.372465
24.791009
20.607012
20.513741
14.314408
1.949588
23.266342
22.077566
4.033982
7.361415
25.352764
13.353840
24.583499
28.009854
16.924686
18.205066
25.440592
4.235837
19.154946
16.067716
12.538411
20.603549
20.102077
22.957942
13.624996
20.460241
25.421002
19.972658
27.410276
28.102772
18.255813
8.909917
27.093965
2.908055
23.392633
17.185682
29.577340
9.295945
6.852260
19.414403
15.444371
19.932989
5.210079
12.322846
15.789345
27.167007
15.882870
1.477599
17.859696
18.889263
29.594328
14.610945
20.474420
29.423328
13.093815
15.184444
31.270603
24.962289
25.262140
11.054534
0.007186
16.333872
22.231365
12.853110
10.784261
15.970499
30.060563
13.139131
19.249519
14.371971
2.436017
26.340890
22.673489
9.311480
10.860117
24.360148
19.205923
15.164618
5.886195
19.932983
14.415679
3.883818
21.995728
10.859093
6.897498
19.911989
7.122614
17.438807
37.846589
19.711230
28.728435
10.338544
23.721514
28.817735
8.372167
20.517886
13.275597
2.999343
22.791731
17.486231
2.174195
6.903146
21.386260
14.248493
19.256073
21.777699
30.580733
16.392190
10.787424
18.952872
23.540792
2.025858
11.285336
22.032282
8.022560
17.247764
22.541725
18.318485
15.931033
24.102327
3.308216
14.670133
22.367077
8.472190
5.462140
22.451190
18.800170
16.230938
20.059494
18.230894
13.499800
14.853204
11.384681
24.895164
19.159906
20.076123
4.967181
14.790966
2.388558
20.787589
15.751225
23.071365
25.077493
9.190757
20.948221
15.604299
16.549441
1.475558
18.544383
12.227416
19.806004
16.927533
27.868377
12.907142
24.409476
19.647448
15.110556
8.685563
25.565986
15.422668
15.198263
35.469019
6.631430
20.374547
24.841250
6.096222
20.021816
21.375010
26.581605
10.154017
1.110515
12.975527
20.427852
27.008270
30.139412
9.999191
9.747532
13.704611
16.969078
19.777828
25.186600
21.121026
17.731788
20.108885
16.442730
16.934580
0.848338
27.331190
4.628474
27.356939
22.690434
26.997477
19.048968
12.070916
18.248007
14.855799
26.847207
22.748822
16.343115
12.879598
17.717868
22.419091
10.127922
16.859919
28.728315
29.493764
22.321109
15.477234
16.519584
20.961873
13.766566
18.239715
15.355157
30.162710
21.907486
20.415206
17.909326
32.664303
20.317944
5.497986
33.183630
2.007600
19.146966
17.541437
12.416523
39.123753
16.900226
15.671751
21.090072
15.194030
7.194826
21.695844
24.004436
17.790771
21.792924
5.857029
11.986773
