0.308822
2.115276
3.230222
0.946675
0.987819
0.229374
0.581249
2.546337
2.168896
2.922494
0.208491
0.149897
0.418395
1.519275
0.042050
4.664844
0.187813
0.195349
1.549046
0.019468
0.465103
1.935466
3.341806
0.973904
0.456166
7.519813
2.106673
0.638388
0.104721
2.962012
1.426106
0.025287
0.797873
2.818893
0.884913
1.696436
1.740037
5.675013
4.134678
3.910273
3.409986
3.046675
0.004359
0.498145
1.294257
4.201508
3.119061
0.139973
3.627158
1.185293
0.211112
1.259061
2.381349
2.655504
0.396456
0.850880
7.397585
0.179038
0.380939
0.791461
2.758763
3.589240
0.784481
0.874467
0.608600
1.444129
1.281498
2.484717
1.861941
3.616478
0.303743
0.757151
1.323114
1.036594
1.579829
1.596311
3.037838
4.733518
0.638651
1.563738
0.859509
1.057796
0.773654
0.502948
1.431478
4.203970
0.010941
1.754144
3.308924
4.051428
1.438155
4.667347
0.815023
0.856951
0.569648
2.312982
4.036054
0.284132
0.234664
2.824338
1.090308
0.216373
0.532721
1.132335
0.715677
0.110695
0.335474
1.136274
2.275779
1.482210
0.790244
0.501366
6.985440
0.019212
5.490422
0.591843
2.654047
7.624982
1.978322
1.889248
2.669298
1.103221
2.192981
1.133724
1.005342
1.249956
2.488426
1.487842
5.143368
0.062936
0.049419
0.697485
0.240283
2.000516
1.761678
1.894524
0.863488
5.274655
4.270049
0.434223
6.043459
0.564164
4.438659
4.157044
1.743093
3.920926
1.503915
0.760912
4.575793
0.371370
2.568444
0.623321
3.979039
0.423878
1.853763
0.158614
7.414726
0.024868
0.547008
0.582730
0.866519
9.204163
4.760097
0.196708
1.698136
3.324057
1.431345
8.399570
3.341444
0.059644
1.417437
0.890671
0.142043
0.401843
3.808850
1.746505
3.702778
1.957561
1.640125
4.149019
0.021801
0.379312
3.129873
4.944950
0.365044
3.291741
0.684141
1.085863
0.443235
1.105221
2.083223
4.151333
0.792466
0.901327
1.438070
0.963544
1.568024
6.472959
1.754653
1.036690
1.750592
0.520043
0.094208
0.489038
0.607371
0.752867
0.123004
8.060113
2.391963
6.843568
3.880840
0.868779
1.865660
1.300264
2.290059
1.984161
0.181431
1.692662
2.258900
0.811953
0.716090
2.036358
2.814989
0.080404
0.188467
1.992651
2.035337
1.143105
3.580169
1.605568
2.870478
0.724630
1.022245
4.537300
0.376155
0.520658
0.245528
2.368854
4.325252
3.653325
0.598142
2.706373
0.594960
0.160554
3.959960
1.845568
0.735288
1.048729
2.369935
1.623509
1.300048
2.435211
0.974842
1.145805
1.637797
0.345837
2.093574
7.186341
2.991874
3.551055
1.548488
0.632725
2.624896
1.260473
3.633950
0.313641
2.892095
1.836874
0.065577
1.151191
3.868149
7.755708
1.501748
1.242658
2.411606
2.899609
1.672842
0.896088
0.402711
2.325496
0.733238
0.257978
0.174982
2.191088
0.091903
5.160607
4.935933
4.171528
3.028049
2.101421
3.153404
0.449521
0.654369
6.485069
2.518599
1.885050
2.968751
5.072243
0.596477
1.612015
3.752466
1.320284
1.319003
0.923787
0.517169
0.212693
0.144613
2.459948
2.859410
0.786523
1.664852
0.097639
3.572668
5.695091
0.565729
6.501439
0.418804
2.249383
0.064772
1.739590
2.267553
4.525945
2.050153
0.126638
5.966698
2.562559
1.361977
0.240299
0.010306
3.310809
3.658687
0.948039
0.433004
1.197088
4.624990
3.293413
5.506014
3.421673
2.597572
3.661577
5.997877
1.455457
1.525216
0.020977
1.183184
2.385668
1.564742
2.439778
0.403398
1.907289
2.252981
1.803808
5.824305
0.348585
1.297658
0.196096
0.440725
7.576863
1.003752
3.397840
0.410406
2.274867
0.027106
1.086407
1.155163
0.530437
1.251012
2.061547
5.035733
1.461901
2.433055
0.492379
1.741982
2.791312
5.192061
1.513636
0.481184
4.605768
0.173682
1.352181
0.071326
0.687460
1.345803
1.879599
1.177881
4.188543
1.661043
0.551741
0.500328
2.181741
0.648494
1.967527
0.816820
0.043432
1.832871
1.230369
1.938404
2.000677
1.328666
3.972237
1.010238
2.601574
0.083984
2.489602
3.062713
0.421995
0.233867
1.250269
2.054992
5.261058
0.517615
3.704273
1.817751
2.648440
3.982758
1.638231
1.332372
0.139912
0.937801
0.390686
3.642594
0.098981
0.085352
4.545919
3.565054
0.474747
4.714508
3.587455
4.172792
3.828608
0.973156
2.767969
3.683296
1.927422
1.665637
4.982659
0.607328
1.213302
0.081200
0.308516
2.915417
0.514273
4.108744
0.014500
2.121401
3.163083
1.271326
3.860495
2.532683
1.590352
0.465872
1.688897
3.781826
0.648313
7.133055
1.587927
3.155205
3.371957
5.767521
1.469782
1.052128
0.076368
3.578233
2.723774
2.521053
5.140936
1.781042
1.178958
6.023785
1.888148
3.114659
1.806922
4.929379
4.950054
0.331488
2.975341
5.616438
0.261916
0.147683
0.062940
2.644780
1.114622
0.049408
0.998779
1.719580
4.516029
0.029798
0.851037
3.514754
0.003604
5.644984
2.428515
0.326080
3.306429
0.615456
2.366372
0.627668
5.777740
1.301176
2.593296
6.041503
1.919574
0.192756
1.909798
1.955316
0.879734
6.052671
1.939042
0.480306
1.050048
0.323246
0.655602
0.336549
1.926321
0.616124
0.835975
0.982118
1.050543
0.449895
5.237278
3.270232
0.024127
0.735462
1.761352
1.678999
0.139070
0.505637
1.297614
3.857595
1.715568
0.678314
0.159388
3.975845
0.351980
0.304141
0.810363
3.385641
3.254923
3.489633
0.669106
1.219617
0.911616
1.567340
2.227550
4.497236
3.207152
2.503166
3.268847
4.899147
3.324035
1.164834
2.251503
2.942648
4.543912
4.508466
0.506458
4.027576
0.936956
0.810338
3.701341
0.173245
2.118429
0.083253
2.966909
0.018477
0.171697
0.170084
3.183449
1.982222
0.783629
5.324173
0.148420
0.281866
0.295767
0.327896
0.593234
3.359990
3.934020
1.078831
0.073048
0.246705
10.881659
0.081265
1.229665
1.370262
2.357420
0.096931
3.637244
4.685254
1.300300
3.380156
0.419031
0.733312
0.458609
0.979249
0.611047
0.005786
0.183164
1.768708
0.160700
4.902151
2.506527
2.240281
1.980816
2.922939
0.813718
1.429566
5.152855
0.029467
0.623083
0.347006
2.404596
3.891302
4.700712
1.760603
1.945711
4.990188
4.781792
1.199422
0.886543
0.036728
3.234252
4.005731
4.972916
1.640866
2.397356
1.426979
0.004764
2.734670
0.492476
1.774696
1.167506
3.678700
2.344825
1.803955
0.008562
0.835787
0.939004
0.160551
5.384768
0.093430
0.031233
2.299110
0.584615
3.368760
1.912605
7.005892
2.369809
7.108007
0.101108
1.389354
0.064623
8.625681
0.485992
3.888133
1.195780
2.301915
1.720456
0.074539
3.324467
5.819686
3.881020
0.013525
2.332306
3.405833
0.251492
3.609059
2.120517
4.013684
1.125118
3.206983
0.335676
3.715192
3.630199
3.877710
0.673433
2.621803
2.934884
1.440131
3.543424
1.768799
2.971003
0.175312
1.062734
5.822648
1.918117
0.505144
3.066451
0.616698
1.211450
0.360048
0.611985
4.262956
0.985807
2.484546
2.653472
0.727172
1.943877
3.991341
2.574118
2.558741
1.018314
3.946193
0.012431
2.471755
1.852760
2.969413
0.745533
1.767037
2.817732
9.461629
3.397245
2.324152
1.643616
7.285418
0.751711
4.288042
2.900903
1.650885
2.131189
0.142655
1.134085
2.045494
1.942537
1.022589
1.131321
2.195297
0.594691
0.348444
1.127956
1.894568
4.130921
0.480491
5.354784
1.262100
1.466509
0.743233
0.985191
6.576688
5.575234
1.094789
0.096723
1.478421
0.076020
0.495209
1.705040
0.525856
3.625279
0.973860
2.397335
4.285008
1.414020
0.715634
1.201424
1.437695
1.461050
0.506190
3.954933
0.240389
1.063284
1.988747
1.996616
1.231873
1.667109
1.536737
3.942036
2.476917
5.747685
0.848803
0.160563
3.087952
1.504892
0.405420
1.236616
3.060674
0.509120
0.106241
1.370825
1.288774
0.847757
1.017849
3.883496
0.883642
3.285976
0.322061
1.424381
1.420924
3.207341
0.527430
2.398387
0.514699
0.075545
2.834297
0.046802
3.350784
3.516992
0.867415
3.096527
6.027497
1.530579
2.835367
1.677069
4.574634
2.301333
2.645564
2.312254
4.903688
0.079183
1.447866
3.363545
0.892606
3.943607
1.135279
1.966796
2.725592
1.326027
0.830553
1.111447
1.235687
0.997502
2.881948
2.021365
0.592337
0.717969
3.075202
2.344712
3.740435
3.406507
0.803075
3.824222
3.140885
1.565911
6.097401
1.653045
1.041491
1.575260
0.438940
4.183380
0.957714
3.365022
1.325381
2.217387
2.519608
0.416984
1.438469
4.280341
2.091707
0.030433
3.517625
0.824864
1.218905
4.659493
1.026196
0.653031
