4.201207
9.432764
0.314954
4.695480
2.912316
5.298208
8.634073
1.860728
1.487510
6.972353
4.609582
7.841289
5.567769
8.347621
7.174083
7.478413
0.874852
4.765846
4.201738
7.973235
7.459274
2.721846
4.971846
8.502332
1.315814
8.131794
4.137477
1.015081
5.950322
9.562256
3.465917
7.633883
0.177130
10.516854
8.019073
7.165446
1.045843
8.376660
1.789642
6.850074
6.871725
0.814062
1.138948
11.632456
0.925607
2.823915
3.246814
2.235135
3.565250
3.799461
1.413838
0.745855
3.645110
7.723650
1.444505
0.265867
2.401694
5.759511
0.845358
8.291894
4.987794
4.365914
10.209747
8.753339
1.157434
1.998060
3.598036
5.037097
10.419877
2.144984
3.571078
1.757949
9.547793
0.134556
2.254818
7.637628
4.724172
2.478984
3.694374
2.550880
6.064781
1.353108
5.388333
2.560626
0.097089
0.275002
2.363396
6.251153
5.614447
2.724201
1.461925
0.448738
0.506982
3.657904
9.787273
8.773653
5.428456
0.326095
6.417660
6.651833
11.153805
5.104866
0.346076
9.190235
1.491205
0.214611
5.330216
5.311730
6.951992
6.973174
5.655693
0.523626
10.561957
4.242619
6.358235
2.265019
0.338557
6.202156
5.727298
0.663519
0.291027
5.223187
3.428930
2.544400
2.600411
4.262153
2.074940
5.350994
8.336743
0.809351
3.846958
7.198833
7.697450
2.016787
1.125381
5.684338
8.129432
6.564221
2.597770
8.303141
11.914626
6.228125
9.893704
4.026876
2.888555
6.435427
4.338958
6.597332
6.761313
7.133521
0.904895
2.986499
1.246772
5.312533
5.931391
1.714575
0.104514
2.875887
1.375043
3.914959
3.128012
3.518890
6.105470
9.396779
0.787770
3.440749
5.467263
7.958346
8.077255
1.094895
4.726170
1.433373
3.833118
0.906853
3.637493
0.670513
3.868866
0.464593
0.116619
0.473784
5.852716
5.294763
2.818063
0.768917
3.541466
0.547497
5.676117
1.906663
3.881129
8.332721
8.708739
2.936796
4.116475
9.079248
5.307815
0.738911
7.827026
0.103386
6.121195
2.979521
2.682087
1.403501
2.661109
7.133517
5.754313
4.050194
2.870660
5.017132
2.513722
4.599926
3.812544
0.630109
6.409704
1.979427
1.036139
2.632474
2.096568
3.071330
5.142751
2.772577
0.827184
8.007068
1.126087
1.778400
0.320202
6.609152
4.125208
9.436873
4.851437
0.820616
2.928709
1.278024
12.865305
0.496670
5.047344
3.367435
0.942837
4.410922
3.163268
10.728716
4.735649
1.384777
2.797075
7.879833
6.817753
1.731980
0.462442
4.316678
7.956101
6.872763
3.309108
6.800643
4.589157
5.803430
5.040947
1.475669
7.336941
5.826468
5.599638
5.861757
0.578434
6.239818
5.030424
3.273072
10.652861
4.143912
0.065643
0.681699
7.341085
5.120046
5.564261
6.503733
5.566402
2.340677
6.974720
3.207117
5.735508
5.982861
11.753666
7.038930
7.361171
4.467336
3.049764
5.573173
6.098053
4.669384
2.474434
6.507863
2.689543
7.025037
1.649639
4.383443
6.195856
8.749947
2.666001
5.482141
6.765527
2.851526
0.465886
1.278389
2.222503
4.518049
6.950150
3.683744
6.462355
3.144685
1.279071
2.665461
0.873784
4.852504
1.917750
6.583393
6.522113
2.363618
8.953926
0.047634
4.852926
2.831636
4.666318
5.304162
0.392768
1.078663
10.026584
3.538842
8.571218
5.277980
3.566521
7.390886
2.679780
0.041119
4.342654
0.651400
1.203307
2.266289
6.337443
6.784502
7.051962
4.579310
1.986314
7.129897
0.311580
3.909845
2.003439
6.535402
8.140552
2.995668
3.893342
2.056412
1.049461
1.020515
5.686762
1.121290
4.483010
1.698938
0.017829
4.445363
1.351563
3.229687
6.894416
3.967894
5.111999
8.017328
8.178653
3.954330
4.779138
4.547398
2.477526
4.540696
11.693062
3.497975
8.111646
5.223025
10.760290
10.128694
10.102314
6.027417
0.037534
1.456359
9.710942
4.688402
1.409118
7.930157
5.640449
4.627068
9.657148
4.043109
5.635116
2.769698
9.364078
3.628424
3.438959
0.562210
5.496604
4.144573
1.318351
1.220841
4.952918
7.155728
2.239991
4.072620
1.764886
0.895425
1.331189
4.147046
8.898835
5.911104
4.190971
3.263519
9.142866
4.098347
4.988558
4.572849
1.132480
3.461767
4.863707
0.105749
4.081012
6.175335
0.514425
1.728708
3.931286
0.613749
0.303268
3.641644
2.367150
0.686673
0.843175
2.353499
6.748806
7.887545
2.703832
0.654357
6.273569
3.135878
7.117578
2.066651
0.129528
3.040602
7.730235
3.961534
2.500065
10.761273
0.545942
3.782577
1.135985
3.474972
1.406012
11.393401
0.845799
0.907393
5.443895
2.421660
2.256513
6.978437
3.424740
6.571272
3.319399
6.223434
3.104684
12.179622
11.113208
11.478926
5.924458
6.792192
8.535084
3.950333
9.322687
2.508287
1.014573
4.586940
1.962361
2.794575
6.321300
2.925014
2.480594
7.792948
0.321303
3.816515
2.874069
8.381583
0.991273
4.802600
1.556351
7.294129
3.967525
2.070605
1.283879
3.346339
1.538754
5.023745
1.805250
7.684016
3.711892
4.445657
4.912144
2.546365
1.688960
7.863276
2.734172
6.115639
5.942414
4.760510
3.910053
4.247927
7.121528
5.052194
1.753723
2.897192
5.461459
2.747360
2.710831
2.234240
9.033566
6.203043
7.184527
6.152712
3.986138
4.177847
0.637978
5.056009
0.040083
7.039463
5.531038
2.064904
0.051754
3.843063
7.001651
8.925795
2.465510
4.910498
7.700186
2.763722
4.562055
0.928592
4.132575
8.362362
5.644300
2.414328
2.904963
9.779999
3.813715
7.568528
0.158161
0.992425
2.482672
2.027939
1.087786
3.250613
1.643862
5.473458
1.499823
5.556682
2.898006
1.153272
4.077160
1.904483
4.599663
7.059645
3.332907
7.002165
2.120979
0.027889
1.139333
7.290737
0.686198
5.833918
4.603185
3.277494
0.882046
5.501148
0.757023
7.087243
8.812862
1.084424
3.177102
2.747503
7.034472
3.684153
3.201605
0.274288
6.023529
0.616983
3.832476
7.285636
3.410839
7.932901
2.248735
6.529973
3.270908
8.281421
10.228228
2.484150
2.983301
3.621866
7.482872
3.165661
0.006538
1.322704
1.437859
4.429121
1.604614
5.296529
1.956041
2.251347
2.985488
4.093522
4.882493
12.596719
4.290701
4.799807
8.793345
4.706691
8.160097
8.457383
6.611442
0.126293
0.066650
4.313774
6.668564
3.503270
7.540036
5.601089
3.760453
1.950071
3.669823
4.571735
5.972325
5.928920
3.453227
1.572216
2.872260
6.156179
1.388576
0.287456
1.986817
1.920525
15.749278
4.573127
8.295710
0.923564
3.356913
0.365900
2.685207
7.671854
5.678634
4.949624
1.378647
9.847737
4.783697
3.318901
0.038557
1.428755
3.633487
2.923499
3.612503
6.659321
10.835640
1.909060
3.159423
8.678910
3.079348
7.365570
2.722624
5.637787
4.714357
1.150042
6.399896
0.956314
5.705337
3.067327
1.971207
3.974572
5.454960
5.420738
9.756156
4.683521
0.614181
2.252128
3.114037
2.143249
3.636521
0.477987
4.912325
1.842384
8.286481
1.021076
1.426909
1.267800
5.518991
3.037499
5.861137
0.908066
6.145693
2.901906
0.142990
4.427711
0.918469
3.675029
1.059516
2.376423
2.666321
2.997828
5.120300
3.203814
3.330887
2.377220
0.059844
1.608982
2.012854
1.433844
7.340448
9.512948
3.720366
7.902968
1.466613
3.469933
7.570619
4.963290
0.716708
4.042324
6.974962
3.421160
1.703582
6.976140
7.560828
5.661847
3.922801
1.696823
0.766474
0.102032
3.325957
5.365379
2.263638
4.477294
4.450073
4.454511
12.172027
0.581287
3.984490
5.696865
2.166245
6.416614
1.899477
0.031083
2.961424
4.432729
0.875808
4.876477
2.162119
0.557398
1.078191
11.805479
0.984970
6.910552
0.440445
1.644928
1.776887
3.285398
2.390613
2.533242
1.724291
2.974793
5.522753
0.821912
4.333509
5.891952
4.860100
2.573223
3.167847
7.531896
4.303991
6.925472
0.407978
6.864821
8.468740
1.530968
11.991356
1.376755
1.795342
6.300661
1.296687
0.436551
3.868633
4.231272
4.537321
10.413622
4.399854
0.340424
6.698805
3.074829
1.356949
0.418728
2.198606
5.016694
0.890516
6.565482
8.492161
0.900914
1.095761
1.179939
0.301408
0.456506
2.882405
7.253775
2.282939
1.191447
3.512645
5.341245
1.631590
0.469112
1.234145
9.648451
1.937618
1.396969
2.809126
1.210478
2.655138
6.618497
0.322233
6.055017
8.892017
6.334476
2.266413
2.120833
0.229624
1.854957
5.047542
1.395218
2.231154
7.537672
3.763536
4.134777
4.793567
1.384690
7.450711
3.793592
3.130346
2.862811
1.633348
7.434655
0.342857
1.165649
4.698337
9.288020
0.735168
8.530377
3.428271
1.768011
3.800747
7.433585
3.980028
2.808274
0.285612
2.299255
4.637913
3.887729
0.052965
8.884403
3.575918
0.956597
1.493334
2.773632
0.712537
3.410641
5.809829
1.923985
2.570938
1.429643
3.618597
5.165078
3.250388
4.177631
0.466871
10.464208
3.571878
3.565881
2.457381
1.948493
2.396184
1.412189
1.495395
4.185306
5.325500
4.466166
5.119854
1.117107
4.264589
2.835868
6.250225
0.303918
1.600100
2.448575
1.324901
12.325566
5.975375
2.414097
1.459089
1.693596
4.788564
5.360325
6.367583
6.085714
1.890374
4.678015
3.199432
4.748980
1.731837
5.783021
3.031084
1.402844
4.012483
4.055506
4.536196
6.232634
0.428529
4.378460
7.827111
0.235594
7.404854
10.996592
3.441289
4.156951
5.299005
9.284438
0.970009
2.166919
1.331228
7.297469
0.637225
9.943253
2.834855
7.244095
0.685201
4.514506
5.286057
5.293740
0.792284
0.498540
5.217112
1.004115
0.990921
3.161082
2.726676
1.451406
1.730968
3.897781
6.350155
3.095475
6.547669
5.373687
1.663500
7.597923
5.112629
2.827548
4.154843
3.595174
5.771705
1.023433
0.202462
0.382944
3.394253
4.601133
10.472282
2.755728
7.506600
4.753615
10.260579
6.302589
5.802913
3.461728
0.534819
5.624842
0.703538
6.797951
8.868569
5.283849
3.849380
4.126741
4.116451
2.540100
1.166933
2.823782
7.327866
1.727766
3.105576
3.569674
5.577022
4.331753
3.319201
6.393282
4.040789
2.237720
6.598727
4.939978
1.759547
0.821516
1.102025
8.078436
0.571911
0.768768
0.173988
0.444217
2.963979
1.536688
4.580562
5.864461
1.732285
5.585140
0.171132
0.549862
3.696751
2.212694
6.623211
0.660780
0.622985
7.306974
5.513348
14.483693
1.483424
7.381542
0.536586
3.040584
1.389064
4.437654
2.790355
3.751874
0.305730
7.258122
9.324789
9.283515
0.434509
2.693594
10.166411
3.564980
0.046677
3.830716
4.471717
6.392435
1.945030
6.506162
9.151241
4.399438
3.771870
4.000269
5.185235
3.271880
7.700093
3.098394
1.563277
4.894288
4.489691
9.586005
2.074626
3.731394
1.847901
6.349219
5.668225
6.561717
0.788006
3.242868
1.400368
6.318894
10.206369
0.517752
5.567106
0.376357
7.437083
1.670479
4.671608
1.020373
7.962228
1.753050
2.926373
5.221621
1.889161
3.122444
1.124709
2.416542
4.784361
12.890377
3.401471
1.865998
14.609701
1.287324
10.387189
3.713384
3.264243
0.965360
3.801030
3.862110
4.066047
3.393540
4.928928
0.320529
6.029634
3.025770
6.199050
1.267608
7.461542
4.046002
6.130251
2.012117
2.758200
1.807064
6.841501
6.466535
5.831861
3.915824
2.481723
2.574758
15.040506
4.863454
4.867326
1.560995
11.310218
4.194059
0.932462
7.687663
9.966582
1.186596
1.015823
0.012920
1.371231
5.657500
3.116518
3.849583
12.774477
2.477256
5.536092
1.147065
1.208590
8.253473
4.057609
3.615003
5.732972
1.411783
3.177787
2.243817
5.207644
2.303493
4.759404
0.676652
3.596922
1.053128
1.268591
2.745158
2.950501
5.600862
0.328525
1.504674
3.776442
8.851185
6.286773
8.588503
2.088354
6.967960
6.607464
3.141725
0.664150
0.268174
0.505970
4.904269
0.568776
4.922225
7.012636
1.162243
2.497300
6.222014
0.418761
2.716397
2.973032
2.891667
7.162356
6.318764
2.024420
3.506581
0.810308
4.274087
4.063048
6.612861
2.842451
5.380093
3.258515
3.357119
1.837427
4.762160
7.215180
4.174253
6.692774
6.462840
2.697235
0.172878
5.651040
0.732840
5.815335
2.483095
4.450346
2.122670
1.750258
1.770592
2.373326
5.811183
8.571269
2.430613
5.911885
8.377940
0.956819
1.639025
2.354679
2.110921
5.198724
9.739786
2.408401
13.510305
0.389125
0.331739
4.332812
4.393621
9.619008
0.865897
1.618122
8.558878
1.382155
4.573853
1.117010
4.097981
1.552048
3.654144
6.711849
9.300333
5.579960
8.023499
5.090361
2.218792
1.385529
4.629248
1.323441
3.953570
2.482346
3.985441
5.845177
4.859955
3.310016
0.450786
5.339476
3.692933
5.982987
5.404678
4.862144
1.446525
3.885296
8.626694
0.281498
6.880992
2.565029
13.505999
11.664655
7.961617
8.568696
4.005337
2.019275
2.562189
2.054238
6.294596
2.829437
0.762713
3.906036
0.414370
0.301166
4.841556
7.553469
1.569911
1.086600
6.483475
0.857070
0.042584
1.596490
6.891405
0.739744
13.475806
1.311207
2.473636
7.365355
1.448817
7.079248
7.484543
3.085226
6.441286
5.301555
6.636900
2.634649
2.009732
1.393604
8.337930
6.882247
2.137607
2.217111
3.193391
2.218934
9.801221
10.686307
1.152338
1.858992
3.980966
1.515557
1.689554
6.112049
2.506788
2.621221
6.633672
7.077050
3.569058
3.965496
5.304115
1.863040
0.140229
4.810362
3.090795
1.566782
0.509899
1.768908
10.015728
6.531296
8.216683
0.948709
2.840952
1.704308
4.531021
6.070406
1.390825
4.976156
8.689836
5.895826
1.151440
4.903391
7.025416
2.234475
1.437947
0.482411
0.173520
6.960651
3.578199
5.669486
2.012480
1.817005
4.861594
5.285605
2.797959
3.850102
0.115252
1.466861
1.323884
3.015166
3.019506
0.529209
12.654544
3.569166
2.881928
7.682942
3.411158
2.238445
2.354336
3.360966
3.869520
6.171837
0.278759
8.635480
3.531800
1.138220
6.559492
8.014973
4.319493
0.359806
1.822495
3.982797
4.607192
3.066331
3.850398
2.572582
1.468664
6.194595
4.646661
4.822488
3.916463
4.187658
2.111618
3.589316
12.456511
1.391686
4.976166
4.670691
3.048476
0.124744
2.163061
1.915849
2.755808
7.331460
5.194726
4.849867
0.789584
6.429319
2.585746
4.441451
4.534177
1.841953
3.347035
2.108869
7.222041
0.393429
8.389203
4.217408
7.436648
1.589133
2.635580
4.646529
1.668195
3.963635
3.791881
2.259115
3.630732
2.403512
0.043843
