0.730503
0.044287
0.118440
0.118950
0.470552
0.243342
0.001866
0.761110
0.132442
0.141988
0.802944
0.352357
0.066307
0.039479
0.018146
0.204684
0.172540
0.237653
0.048646
1.130658
0.010060
0.065221
0.085372
0.002347
0.007589
0.003392
0.040263
0.000799
0.099593
0.013700
0.729456
0.379064
0.267468
0.017934
0.866165
0.011391
0.076687
0.000364
0.221666
0.079894
0.058389
0.325011
0.336890
0.671927
0.069139
0.623434
0.009110
0.024087
0.023723
0.100911
0.099057
0.326599
0.282171
0.282534
0.065883
0.418543
0.354059
0.063570
0.281541
0.700022
0.213519
0.153878
0.144860
0.140230
0.271154
0.118764
0.092146
0.004916
0.005048
0.009053
0.186407
0.371490
0.386343
0.134983
0.017061
0.292534
0.106504
0.747944
0.106016
1.628333
0.086244
0.080861
0.034526
0.600175
0.013365
0.007129
0.473964
0.004192
0.833864
0.379854
0.005222
0.325542
0.232824
0.093091
0.017481
0.041502
0.118338
2.722576
0.126140
0.006226
0.043074
0.010098
0.059350
0.381350
0.156079
0.005680
0.031180
0.023382
0.253652
0.005951
0.284058
1.118857
0.022304
0.094355
0.798649
0.124354
0.032187
0.255918
0.730047
0.641035
0.357488
0.024829
0.011103
0.260826
0.100694
0.044709
0.578061
1.039769
0.286234
0.012251
0.072332
0.115608
0.126943
0.624471
0.241995
0.121932
0.110644
0.319081
0.084020
1.087843
0.083031
0.475747
0.085055
0.408478
0.119434
0.004315
0.015397
0.047724
0.016512
0.270513
0.742771
0.010216
0.185641
0.186220
1.107378
0.008314
0.165539
0.137392
0.236662
0.179967
0.829140
0.020489
0.288968
0.371704
0.116273
0.001647
0.124390
0.103567
0.106712
0.008083
0.194913
1.181104
0.176241
0.144572
0.097431
1.094961
0.032547
0.051472
0.038571
0.248538
0.132586
0.012948
0.060035
0.025727
0.003864
0.091237
0.253143
0.060656
0.127085
0.443198
0.026182
0.103660
0.003533
0.002676
0.040082
1.203499
0.255964
0.180575
0.095295
0.017994
0.047925
0.056817
0.046354
0.354943
0.023921
0.252979
0.313654
0.027972
0.022551
0.318922
0.142013
0.002312
0.022196
0.077781
0.010034
0.008022
0.097932
0.125782
1.685357
0.002829
0.008737
0.095947
0.061045
0.046444
0.082721
0.029943
0.044803
0.085739
0.287732
0.990364
0.453598
0.018108
0.029311
0.019533
1.620752
0.229357
0.154913
0.016397
0.114114
0.746989
0.002545
0.316905
0.108974
0.043449
0.566586
0.082113
0.362032
0.513211
0.015521
0.193017
0.024969
0.004344
0.899985
0.171707
0.197542
0.019258
0.167649
0.249403
0.642615
0.670750
0.237952
0.153554
0.006520
0.140737
0.209957
0.003067
0.070906
0.099361
0.959901
0.025677
0.007157
1.311294
0.223418
0.022512
0.009465
0.548412
0.005285
0.264645
0.264369
0.019308
0.143155
0.293901
0.053754
0.615589
0.176850
0.226701
0.009469
0.030830
0.004844
0.006223
0.007765
0.117768
0.319775
0.102243
0.021044
0.484167
0.239471
0.272249
1.093123
0.001035
0.008067
0.154731
0.718068
0.117013
0.014000
0.207332
1.177197
0.179937
0.199915
0.231680
0.013691
1.123014
0.119362
0.209639
0.081060
0.688057
0.007568
0.013313
0.230316
0.061554
0.230648
0.003782
0.230153
0.079465
0.031286
0.013778
0.052822
0.011201
0.015281
0.128640
0.168799
0.073655
0.140759
0.058117
0.309383
0.091588
0.581655
0.199429
0.118315
0.015162
0.176462
0.090847
0.052526
0.011878
0.971742
0.049553
0.344478
0.016615
0.024858
0.651455
0.444818
0.161495
0.020068
0.529882
1.851345
0.235287
0.154181
0.300666
0.005801
0.631019
0.547961
0.653234
0.449168
0.104936
0.118631
0.018605
0.292456
0.059870
0.836762
0.403862
0.011280
0.406032
0.557105
1.704318
0.166366
0.085665
0.034638
0.051641
0.116074
1.206362
0.203253
0.204056
0.005531
0.022346
1.022722
0.260764
0.090307
0.201411
0.240051
0.212785
0.167067
0.949089
0.286881
0.005639
0.380802
0.182539
0.551838
0.057321
0.381356
0.030060
0.063014
0.142689
0.196354
0.089757
0.000584
0.009857
0.104409
0.101000
0.119649
0.547962
0.050182
0.058759
0.080579
0.006334
0.050526
0.389525
0.181879
0.184250
0.214638
0.047497
0.042062
0.034434
0.037368
0.840845
0.997824
1.237695
1.952211
0.005623
0.082755
0.184320
0.020719
1.293197
0.383922
0.186385
0.148175
0.130491
0.003869
0.266950
0.685996
0.030408
0.125405
0.418745
0.099992
0.725125
0.004280
0.468358
0.097451
0.617999
0.397097
0.078246
0.030946
0.096615
0.075862
0.279044
0.053266
0.050142
0.041406
0.166750
0.008620
0.002206
0.030798
0.016237
0.052430
0.717384
2.575810
0.271034
0.331339
0.018173
0.030208
0.061634
0.001627
0.196705
0.397856
0.012545
1.097303
0.112305
0.022546
0.047206
0.058936
0.871858
0.260407
0.103413
0.099999
0.014111
0.953652
0.030287
0.023797
0.195417
0.205080
0.273896
0.538157
0.028256
0.071823
0.036735
0.006905
0.011211
0.010643
0.228774
0.836176
0.017437
0.037514
0.209234
0.000646
0.018776
0.150443
0.589614
0.113667
0.013210
0.107097
0.677964
0.469105
1.628456
0.299845
0.155892
0.842905
1.462163
0.064947
0.132924
0.114062
0.026009
0.047080
0.693636
0.115425
0.430294
0.268140
0.301372
1.049445
0.453493
0.132872
0.114643
0.163794
0.061688
0.004344
0.015363
0.013949
0.054216
0.066832
0.534430
0.386473
0.493612
0.105361
0.028454
0.335379
0.257930
0.323809
0.057588
0.709796
0.179631
0.220904
0.665394
0.007323
0.190099
0.807103
0.000762
0.048583
0.021577
0.135277
0.028247
0.026713
1.227231
0.333825
1.217082
0.015323
0.022001
0.129339
0.003294
0.062878
