230.744410
167.415441
157.695955
204.905298
184.479017
188.063607
200.747928
175.473970
173.564281
174.341961
205.758617
211.602360
186.829607
211.807826
205.151452
209.822768
153.604239
164.142332
180.420342
214.020676
169.936887
190.383719
241.799690
216.799983
236.357387
148.140214
201.450372
200.915717
201.311434
219.593183
143.335065
169.687239
163.932966
177.346920
213.923816
162.194497
164.596735
162.534040
187.483175
225.216228
190.288570
208.049651
219.299734
157.065389
178.847058
171.726006
203.279559
196.449862
182.335597
179.217363
190.849409
202.381602
178.992560
185.720898
196.256926
163.222828
139.512992
160.419867
167.968107
183.185848
179.789350
189.001677
193.464342
203.927533
198.820034
187.637106
172.176454
179.055791
194.530095
207.734949
207.335125
169.387331
183.687505
195.679152
185.376501
187.008436
174.500473
199.213774
194.054929
189.098255
160.972853
166.153281
174.628879
195.429479
189.400713
203.964121
168.322939
169.351716
168.065850
163.420988
172.837515
172.991359
156.399306
217.044463
166.056948
230.412002
190.274452
213.940210
187.170927
174.938257
199.002035
194.695579
178.988282
200.211553
198.987141
157.829786
182.342311
177.888022
199.195049
157.102590
218.903084
193.796587
190.888161
198.201150
137.051046
189.714708
171.330568
205.765043
175.150459
194.158771
171.634226
149.157539
176.021022
160.918718
147.266236
162.678680
198.150859
168.621462
171.147875
170.446740
161.299545
150.389023
151.549102
198.939241
161.863089
136.790212
217.824663
202.877628
193.653757
166.369461
163.103186
203.822849
167.204808
237.610602
197.782829
196.016811
186.783341
222.570927
165.827029
194.546197
207.138191
170.201300
172.192776
165.100461
165.464570
153.995885
173.425049
183.722495
192.240703
166.983194
234.417889
162.402740
186.554582
187.014849
156.044047
215.183072
204.879544
163.737508
170.093625
192.912729
220.661106
167.209877
203.899581
195.547682
199.503340
178.568761
213.429654
154.067278
186.896942
212.423823
213.691235
151.587224
225.069078
199.337854
215.796039
192.410121
188.370691
166.039428
173.453381
156.743121
191.486990
159.915061
154.999549
217.228863
168.665676
175.590551
193.027243
135.982662
213.404903
197.640477
179.921680
170.661858
155.063218
206.289355
218.177876
173.577286
207.634504
177.573305
188.456445
160.240611
238.325140
183.908178
198.995572
157.247387
188.280158
164.046854
209.943910
146.815691
139.395048
188.245810
172.596669
164.173020
182.560291
187.023717
175.351813
198.008583
146.948789
172.945390
166.034522
166.811262
224.852165
208.831321
204.307481
176.459448
185.957430
203.740900
229.742241
204.136710
204.587133
189.727466
153.936037
173.734605
169.426117
184.794050
175.917558
190.517022
169.289870
169.975204
153.185343
217.156350
199.714926
209.123409
166.824757
189.586485
168.257741
208.837855
177.679848
181.202371
170.607005
164.226815
168.743934
175.504288
165.665966
205.384742
187.035069
169.193143
176.107285
166.929912
201.873846
170.049607
192.460862
216.574136
181.682365
212.930093
170.364304
193.021244
183.932441
169.448084
183.554207
165.587136
181.268325
191.816980
183.573971
134.877441
192.398894
201.305304
170.837290
193.651244
162.228192
215.720693
204.073278
187.629507
210.203008
192.227202
176.531764
180.019792
169.762873
206.219281
185.170119
197.324927
223.719968
201.787336
171.624476
209.469003
170.827328
184.152595
173.460770
207.257619
180.665167
201.670142
196.453879
148.712859
214.219625
176.521161
173.359786
215.645822
220.248238
151.909174
202.649920
216.815139
194.775373
185.748662
178.739356
166.065734
179.836278
180.518155
185.573734
143.734733
181.018993
163.835879
200.311020
203.741869
190.817440
192.914781
193.138558
149.262443
173.016232
235.223353
192.675648
215.822614
170.443340
148.649539
212.772105
210.005314
194.386237
180.968209
175.338753
148.895099
201.177405
206.460145
184.331441
209.510594
206.827706
148.955320
135.746017
184.381692
172.146252
200.774438
151.968171
141.015458
146.302269
209.622620
170.524206
205.352377
154.498304
201.798611
183.899381
195.003517
174.568730
211.440165
168.121835
199.839821
185.342637
207.277710
161.039803
215.184987
222.255034
183.769338
185.437794
192.541856
159.081466
193.619078
182.644033
148.698222
148.132644
184.217266
226.671862
194.780428
217.991241
200.177403
160.355993
154.044519
207.830285
224.664728
192.674830
178.458230
194.296330
152.488728
182.711053
176.027874
181.990596
185.052909
181.013602
176.294366
196.917184
200.671423
165.301101
178.280846
216.455591
139.600653
168.251190
190.142945
165.482046
239.523536
187.370779
183.506969
149.511457
146.595930
169.607767
214.440221
173.307189
159.895262
186.138349
178.267271
196.168274
183.704422
197.345931
234.218045
154.873879
126.221718
183.360558
211.425063
188.313355
192.109036
170.081839
185.788967
193.343392
151.834746
185.325294
185.589357
139.298650
204.318340
172.753615
213.035426
174.693448
194.324645
199.653647
188.976598
192.006843
214.786382
211.968940
189.907870
192.090483
190.577144
183.106327
158.075563
181.019264
207.245610
175.345855
200.806680
232.530449
181.666730
171.237471
129.033037
163.275765
152.911175
203.953577
160.205999
204.672747
139.685863
161.348041
139.872636
208.201180
187.588117
197.616658
181.690401
172.602077
179.921667
202.305573
234.194249
177.712656
177.868115
161.731320
160.434983
203.571393
190.516086
203.994652
176.321744
194.866275
164.176526
202.231866
184.367353
192.114011
148.854314
209.898164
142.260423
171.697758
201.011131
191.654326
202.518800
196.504908
184.948113
212.992032
184.753179
198.783878
216.183507
171.874738
192.822614
201.690277
163.809310
138.405567
240.302257
156.590469
161.907665
196.933713
174.895949
188.599262
184.732199
190.486047
198.016663
204.631746
163.624213
185.043377
173.138104
230.702513
217.909132
187.290671
154.682707
151.951118
175.461612
179.174293
163.205080
161.461667
192.435032
194.371153
182.492013
160.523358
221.149186
180.681370
166.961015
180.741481
193.994495
202.277341
158.202943
169.371990
181.766862
190.379993
211.634774
185.643411
163.130579
205.940799
187.200082
198.703364
165.603611
180.356156
167.605226
194.729921
183.734289
206.220155
173.772450
207.251932
195.885865
201.900143
193.667302
191.202631
188.398654
203.290624
181.562808
171.915358
195.801934
144.305878
177.529189
204.474149
203.266950
166.342046
174.712624
146.219441
184.267437
196.216226
158.200973
191.814719
150.065128
214.582581
217.001981
175.683102
210.426675
178.996490
190.954383
190.033316
220.472605
187.813396
179.137353
186.985008
165.193892
193.919158
186.634109
170.338892
231.893171
157.212191
217.608396
170.910630
176.762456
175.642303
214.530915
161.059260
227.528342
208.787549
201.272035
184.597491
166.866777
213.798914
178.896642
196.833376
169.902946
151.855756
171.221444
195.827052
170.458287
171.998736
206.072399
182.394654
133.139289
195.971141
191.267844
206.256510
187.021595
185.606473
208.252942
186.931481
156.484359
186.109891
209.202504
227.828671
150.420918
199.393361
156.261186
215.929723
167.940887
175.184369
193.189521
186.648361
194.865203
163.379114
239.208433
226.593833
151.907313
179.419789
182.625521
165.968196
180.970170
191.729004
173.598423
182.936098
162.857819
164.800642
170.898347
186.964447
149.449550
203.146978
170.742440
194.845548
178.837047
215.555608
196.040004
199.147701
176.893235
185.549769
207.950468
183.118068
197.989313
198.577461
203.486141
201.292515
232.778361
190.157872
175.086754
162.260968
170.093568
163.222234
177.533188
210.225855
172.041342
157.601342
173.062359
210.406014
203.867300
217.388018
197.757595
186.840135
189.805490
190.562120
176.452894
209.295067
195.813648
151.543438
184.656845
205.522068
153.233608
203.941724
171.515246
186.864129
185.253113
158.294987
181.342405
157.249919
177.782608
172.029162
205.328428
198.270916
184.068778
175.460063
158.998583
238.693912
204.274714
160.332490
198.174510
195.197033
215.218201
169.054270
218.262462
228.226958
211.443149
183.133277
177.496418
198.967184
202.922573
205.287629
168.689940
193.942396
187.246134
197.630391
164.395695
193.782892
173.618750
225.334376
181.781089
192.522844
199.182884
234.720980
192.813731
214.101711
171.531666
170.736315
185.355106
154.000691
154.375971
182.954218
214.733339
169.742012
216.999619
162.906698
191.579487
213.449992
170.848056
196.165333
186.446767
182.055618
240.329848
188.219499
168.138556
216.010685
200.887454
149.373140
174.093954
158.984262
202.803857
160.120292
164.098453
156.943027
204.856962
178.769762
202.254697
208.798374
153.133790
197.024755
192.542714
188.641094
168.810674
179.892812
174.648395
180.167054
161.446845
152.312455
155.682686
176.424815
192.665360
172.448393
231.849458
203.792112
173.245618
206.876476
187.028794
186.749689
146.670628
166.407514
188.898900
195.850710
197.910967
195.415488
201.395834
176.929141
187.776799
188.154399
186.371619
190.539967
186.973616
192.967471
201.207366
176.033650
164.024505
209.124271
166.052474
174.539707
199.459240
209.595470
161.480928
169.736222
164.834499
211.153451
149.094590
215.881680
192.762901
187.955006
191.567898
174.703548
219.710541
211.726282
208.729191
148.679261
178.701230
184.170882
189.286391
210.875033
218.918159
188.486181
183.888043
183.225341
186.270791
181.476729
185.421557
207.599493
166.964158
216.016160
195.348506
181.038850
182.517568
172.687136
172.643732
176.148796
117.025623
166.886338
192.247511
198.930444
169.415786
192.197707
204.222409
215.501607
157.015482
189.473673
203.988387
198.185806
221.573921
210.816720
194.861017
201.268431
188.466313
175.370017
207.730120
158.512247
171.056296
193.390451
189.320578
205.154486
178.525417
177.802660
175.580958
206.145724
184.924971
152.669450
172.462543
182.010886
178.623757
195.404254
183.895992
193.370343
200.926730
163.550075
186.120959
207.761549
150.599692
189.834894
145.007018
186.999451
156.303757
187.584394
193.479761
191.918440
167.307033
217.273043
196.336815
216.857737
185.409452
163.856457
145.002701
168.230477
186.428481
162.483309
222.423860
193.689076
213.391526
192.519291
140.624896
172.940400
182.702594
147.927271
208.166366
219.393260
189.302278
154.458586
164.939201
154.800945
207.545465
196.332082
187.358351
183.179065
164.358162
151.072411
178.626638
186.530799
168.569414
166.137231
181.987118
147.944919
183.090360
169.766356
165.347120
201.832636
188.015163
195.749919
235.595582
190.193765
164.774723
165.522016
191.922204
184.162850
172.648924
190.735041
217.837702
183.641824
191.540988
216.401468
177.216113
162.067885
186.854996
148.713224
183.363646
180.915530
179.016595
163.688794
202.991723
209.176367
207.355963
202.438750
167.078347
185.522603
208.368556
165.554588
183.888892
167.556056
213.146374
164.283830
140.213686
208.259182
182.696856
201.113660
184.290586
173.331126
226.266098
205.855186
184.968449
175.036548
188.215290
176.884414
219.578711
196.673972
167.650102
167.039820
170.071827
180.818454
217.974877
154.473940
179.107088
222.421879
176.738155
179.481098
197.772337
195.243753
187.559977
145.168749
165.319309
173.900606
220.159493
154.814233
173.460538
183.927903
183.235055
197.187405
193.657383
212.678799
198.251155
181.558732
205.234528
191.085398
183.774990
186.256111
210.237582
220.429626
194.836142
166.562660
228.216695
211.252413
222.237873
154.436846
204.742743
190.613011
151.482155
159.865092
165.832284
165.819308
192.440585
159.719012
193.497974
197.320947
209.628587
159.863474
179.780190
179.022238
168.806475
172.252010
182.244132
185.009827
146.625091
163.634241
187.632832
172.676857
202.697508
188.708579
179.089123
187.017211
188.153872
186.289392
208.260089
171.462539
175.063623
168.940994
189.152848
182.483610
198.769030
195.183033
207.461786
160.601858
175.847005
170.575871
205.050227
149.349664
142.647551
214.274335
193.713180
161.986011
159.452789
184.775826
211.435949
202.725529
208.908612
170.873563
215.671204
173.188064
198.918678
201.690089
234.086052
200.740719
197.157023
221.555569
168.410543
150.084205
174.614234
244.367886
164.219918
188.270300
194.463577
209.397592
197.072584
203.080658
221.640890
167.922344
205.397540
196.797149
180.627943
167.963087
213.102852
185.591648
171.987772
174.211299
176.498553
166.763915
184.182418
186.092598
207.265466
164.415963
161.793146
195.190024
227.581181
159.992890
219.105975
158.834870
198.077521
172.580568
197.386525
202.044237
174.711922
196.678873
177.822019
139.768918
163.443033
159.566522
159.408671
170.035532
189.142830
171.099352
211.664757
205.532325
202.451643
213.259563
171.205626
188.974978
205.124989
163.570890
178.602005
178.682498
206.041678
209.696707
194.145971
208.979352
193.435912
168.331327
191.533468
217.684472
217.876730
181.599741
191.697143
208.060286
170.238845
166.416294
212.416723
174.981633
171.762970
234.530963
176.526326
206.913347
196.594614
210.874787
217.498265
183.604096
159.500686
197.486234
203.343230
217.442609
185.120631
213.986020
135.192372
214.413764
184.266322
184.659986
194.447719
183.389858
193.832063
175.331249
221.188758
221.147258
191.126165
186.356687
166.007678
174.678957
205.474147
194.714204
154.883109
186.878485
183.355737
171.459693
204.198381
181.338129
150.215003
161.040623
195.679228
164.681072
207.580751
207.742502
206.762468
228.987644
183.619832
171.973101
202.872785
173.376755
189.795060
212.932565
214.984248
188.843887
152.639707
187.869379
182.249214
146.432937
207.029238
206.670337
163.175716
178.988801
221.522833
225.165764
177.236272
206.100756
205.223109
154.226838
186.380429
184.178532
164.524769
218.726605
187.426219
195.790617
177.113886
195.688990
199.291681
163.285707
198.590725
167.729063
220.319642
185.958667
205.683128
182.614867
186.928030
182.089823
207.503934
231.891461
165.655696
180.862447
196.693628
214.238260
195.716290
190.816232
209.129887
155.837473
184.038304
159.110093
183.438495
149.422265
172.897521
164.173215
145.304896
157.109051
210.330247
199.195674
201.502188
179.059546
145.137683
237.242381
192.463355
166.560724
157.026974
197.508255
210.312822
178.889341
193.170624
227.252362
228.461223
155.936189
202.356520
128.945582
184.480925
154.513430
179.160779
190.500083
196.762545
170.323273
200.222562
186.006287
203.809221
167.349034
191.098780
168.446786
136.901743
136.878605
157.313341
191.921618
200.369508
182.784997
202.735376
200.984510
181.154577
151.490232
216.665583
165.538801
165.966787
198.846318
164.078309
184.975501
172.971140
177.119173
190.260732
187.801366
194.610871
188.897775
165.916787
168.038496
145.285303
171.226110
195.784078
207.300773
180.625454
144.055634
202.540461
190.894178
191.754510
171.719999
161.455419
166.606610
181.030243
223.454981
165.326023
201.118822
147.989645
226.384746
214.007729
162.515879
218.573963
200.135301
186.687766
180.159213
200.028688
215.270487
185.975033
200.052959
229.723965
210.871941
217.699630
154.405504
205.906239
166.779000
160.574663
162.976750
157.251518
194.240933
150.095225
206.530622
169.638865
158.209842
186.223457
167.713801
156.604158
189.356474
167.976572
201.920850
138.709478
170.864741
158.248699
189.955558
165.397832
215.499041
198.101878
255.187691
212.598175
186.856516
190.040790
197.703857
176.296103
171.176070
165.883128
171.132297
163.862410
184.327647
190.187601
145.636193
192.393910
214.944211
176.365355
141.210514
183.013272
210.868331
154.968178
162.420147
191.151266
176.945963
178.797099
186.848954
181.993115
203.724902
165.888185
158.277257
202.379499
174.568873
171.966928
205.982814
183.713683
195.103148
207.876911
197.983849
127.091147
223.302069
147.620066
179.135031
183.372111
180.627868
186.892204
205.844260
202.307225
179.842299
208.260754
155.880435
192.486244
176.413130
172.500838
221.047075
156.626051
153.822307
201.211166
209.430898
190.642273
213.341526
171.916712
164.119615
156.529553
186.549660
142.007917
146.543456
181.450117
163.506156
188.272040
167.133442
193.445701
187.853590
201.481592
167.347884
191.731072
169.537787
212.046104
203.712134
175.312759
218.148223
201.827784
170.290657
186.274431
170.381717
156.297904
161.453271
185.664271
205.688336
183.104430
186.277745
152.712884
173.092117
178.511165
191.829355
159.277906
200.040148
170.619618
208.999001
177.981168
191.825847
202.176533
193.609612
161.442894
148.357206
165.473354
207.470848
166.641033
223.498772
198.084673
193.376197
206.700849
149.008220
162.434118
218.826283
229.098311
210.821426
204.593772
222.856385
148.864155
143.773077
220.034784
199.447983
160.939972
185.482575
204.079205
201.258455
188.834726
210.864730
154.023323
205.323153
173.422316
211.074020
128.384992
191.634614
198.025677
196.486515
180.953126
173.278328
184.053508
148.350911
169.692571
150.465852
220.903527
164.692105
178.397788
208.064837
199.205238
173.318544
194.737281
195.976108
196.455299
197.912939
190.896354
199.637551
181.847203
173.529686
182.018998
196.949418
199.754798
170.174269
185.961262
201.306101
184.366597
205.184667
162.767780
186.339199
179.836481
202.543575
148.206667
184.134612
187.032350
160.735783
176.634397
205.763625
185.503792
196.282135
143.958744
164.521939
208.650926
185.897678
192.362993
201.081898
196.286726
188.565322
166.315808
160.188886
217.309016
201.789182
