0.053849
0.005964
0.015134
0.031100
0.054764
0.007906
0.071151
0.000281
0.010034
0.000373
0.335150
0.000370
0.022026
0.005624
0.003092
0.016550
0.041321
0.001210
0.049141
0.002745
0.286476
0.090052
0.016672
0.000141
0.000109
0.014103
0.011666
0.042797
0.019320
0.005611
0.054504
0.074109
0.024712
0.089745
0.001650
0.021931
0.017624
0.031330
0.076962
0.002266
0.029595
0.324759
0.003331
0.008813
0.008300
0.020390
0.000671
0.179324
0.005517
0.035106
0.006696
0.129419
0.084341
0.102558
0.009734
0.025580
0.453334
0.000185
0.042932
0.005786
0.004377
0.044224
0.030122
0.002579
0.532610
0.000042
0.009118
0.003007
0.003079
0.002881
0.007597
0.007940
0.020312
0.072577
0.000495
0.045218
0.002147
0.038509
0.015937
0.182331
0.026518
0.112947
0.022523
0.006147
0.005615
0.019999
0.041264
0.113081
0.041201
0.006537
0.258869
0.071686
0.002534
0.023617
0.015018
0.029829
0.016828
0.015471
0.004738
0.002211
0.152928
0.107448
0.004911
0.093499
0.036278
0.154391
0.010698
0.008366
0.265414
0.014339
0.252476
0.005601
0.059869
0.164618
0.004768
0.001722
0.087698
0.001296
0.005379
0.013839
0.008041
0.043404
0.004540
0.031499
0.001196
0.043328
0.028836
0.010415
0.030561
0.033150
0.070790
0.035772
0.002515
0.013152
0.005876
0.006965
0.205066
0.000217
0.024373
0.177546
0.053628
0.001598
0.033845
0.131405
0.040757
0.029527
0.086539
0.003153
0.005295
0.391826
0.155089
0.003349
0.004122
0.003898
0.001399
0.108413
0.030591
0.128824
0.003329
0.032206
0.146112
0.033088
0.044321
0.016566
0.011457
0.068611
0.024638
0.039342
0.047702
0.075826
0.019563
0.001731
0.002136
0.001472
0.033977
0.010764
0.160985
0.071397
0.015767
0.176840
0.007574
0.002809
0.118028
0.061840
0.029563
0.090905
0.091473
0.001171
0.007407
0.188207
0.022218
0.014470
0.000046
0.171973
0.101512
0.004017
0.006678
0.017808
0.000469
0.026419
0.015729
0.002269
0.002425
0.191372
0.008148
0.062154
0.001443
0.014257
0.000714
0.086470
0.136513
0.012149
0.077726
0.066333
0.081186
0.001216
0.014417
0.026368
0.060282
0.024840
0.003383
0.031673
0.045303
0.094427
0.017461
0.010081
0.050218
0.001165
0.078248
0.004232
0.031969
0.040167
0.008163
0.000947
0.000432
0.004318
0.002059
0.001351
0.100134
0.005902
0.000455
0.084554
0.298918
0.008983
0.066879
0.186475
0.130658
0.001184
0.020360
0.002733
0.005232
0.008575
0.002631
0.073930
0.010372
0.033453
0.009121
0.010779
0.030634
0.011085
0.028739
0.007243
0.047250
0.117648
0.005602
0.015661
0.069073
0.068955
0.031469
0.005606
0.002115
0.002226
0.006389
0.000949
0.005227
0.019456
0.013944
0.029681
0.637056
0.013267
0.013232
0.002444
0.006379
0.016550
0.004409
0.033957
0.026973
0.007965
0.003475
0.001430
0.036003
0.060835
0.025495
0.053183
0.078055
0.236639
0.046706
0.215411
0.086305
0.005739
0.074134
0.034343
0.072140
0.024665
0.002082
0.001988
0.002209
0.015052
0.028737
0.020071
0.070321
0.021048
0.042628
0.039008
0.000305
0.007952
0.002714
0.152984
0.014038
0.047132
0.029071
0.132156
0.020673
0.073408
0.040382
0.003511
0.170955
0.001092
0.009766
0.001688
0.160644
0.007161
0.081623
0.006895
0.045777
0.051593
0.000330
0.011960
0.006789
0.000235
0.045417
0.006177
0.001934
0.030393
0.025096
0.020600
0.002854
0.029677
0.009431
0.012020
0.010290
0.003947
0.018110
0.001425
0.257183
0.015028
0.005798
0.048218
0.003907
0.000268
0.025693
0.003917
0.014702
0.156316
0.005437
0.032032
0.006264
0.030170
0.002908
0.020980
0.072199
0.028243
0.009119
0.010280
0.008798
0.009499
0.003395
0.009505
0.007735
0.065912
0.173659
0.058223
0.005793
0.012872
0.018405
0.031581
0.068199
0.010153
0.037381
0.030477
0.012506
0.001184
0.088690
0.182889
0.009033
0.203299
0.033645
0.000573
0.041901
0.026973
0.072472
0.030624
0.025588
0.006952
0.014831
0.027068
0.000605
0.001665
0.055816
0.072416
0.030500
0.002568
0.002868
0.077133
0.011825
0.078075
0.031560
0.002224
0.003942
0.015904
0.021228
0.026602
0.005008
0.105385
0.002395
0.000745
0.006156
0.359745
0.206503
0.000291
0.010416
0.033771
0.017497
0.018583
0.020280
0.027280
0.000483
0.003757
0.003700
0.015804
0.046534
0.000937
0.025963
0.057187
0.006953
0.003342
0.020481
0.002714
0.012202
0.050752
0.355588
0.002811
0.005339
0.075718
0.002720
0.044460
0.016191
0.029035
0.030622
0.027366
0.027594
0.271853
0.073637
0.001821
0.261847
0.052369
0.009559
0.049844
0.031215
0.150567
0.563328
0.004548
0.067393
0.002926
0.051351
0.012510
0.000243
0.011211
0.057626
0.000008
0.003305
0.052144
0.267384
0.421782
0.001435
0.003560
0.000320
0.066944
0.013515
0.050114
0.003592
0.027422
0.000422
0.057863
0.199717
0.016177
0.002175
0.053785
0.005717
0.011651
0.027298
0.004982
0.000240
0.062402
0.007004
0.003241
0.003133
0.147564
0.010676
0.270020
0.007332
0.144317
0.011153
0.059464
0.004736
0.001015
0.008465
0.078058
0.002560
0.005810
0.013889
0.023707
0.033539
0.025438
0.013576
0.001423
0.026364
0.027874
0.015216
0.009291
0.024007
0.028226
0.061967
0.017095
0.032486
0.002350
0.008986
0.005007
0.014904
0.040164
0.063822
0.128619
0.084128
0.025714
0.037940
0.001036
0.006366
0.017513
0.029111
0.124107
0.042865
0.028072
0.006145
0.095379
0.002998
0.007788
0.685569
0.098087
0.015109
0.039459
0.008183
0.013678
0.000403
0.025600
0.013360
0.005836
0.362170
0.056587
0.007978
0.047984
0.001965
0.007883
0.008898
0.004018
0.176133
0.101175
0.019227
0.064695
0.056922
0.009961
0.010836
0.060521
0.021446
0.036870
0.434494
0.039639
0.099387
0.009281
0.013036
0.074551
0.208701
0.004330
0.000564
0.003899
0.025704
0.115238
0.046998
0.002947
0.002560
0.011252
0.055874
0.011373
0.010667
0.011436
0.281524
0.041453
0.026991
0.000135
0.000117
0.085733
0.013531
0.113863
0.005074
0.012092
0.076900
0.021610
0.053324
0.008999
0.104396
0.042199
0.000075
0.001376
0.234650
0.048430
0.000712
0.062185
0.011153
0.163436
0.001574
0.003165
0.024757
0.052641
0.074566
0.016700
0.100341
0.009593
0.041398
0.047444
0.003288
0.000100
0.025425
0.002983
0.032729
0.017603
0.069508
0.002042
0.057447
0.022632
0.002633
0.018112
0.066044
0.040050
0.036886
0.025909
0.008654
0.367772
0.001370
0.004499
0.032739
0.024030
0.094126
0.025053
0.025294
0.006018
0.000654
0.003562
0.002534
0.089456
0.025026
0.111499
0.031130
0.011445
0.028744
0.054796
0.129404
0.002898
0.005752
0.163654
0.026219
0.005452
0.003574
0.001540
0.019896
0.094445
0.000865
0.001157
0.051547
0.183613
0.113802
0.005367
0.001856
0.004908
0.004164
0.082698
0.001076
0.012110
0.144769
0.009669
0.013482
0.025380
0.019971
0.111692
0.001601
0.000885
0.055823
0.001581
0.019580
0.027043
0.041555
0.013382
0.048069
0.057861
0.008954
0.104706
0.015033
0.015303
0.008885
0.177721
0.004092
0.027306
0.114789
0.003776
0.040341
0.018867
0.020914
0.018916
0.605775
0.000879
0.028780
0.001264
0.008855
0.002751
0.007986
0.000635
0.124253
0.001366
0.000559
0.008087
0.004955
0.024887
0.039692
0.016162
0.002186
0.004632
0.000321
0.053770
0.010822
0.190674
0.025056
0.002385
0.307074
0.179984
0.178373
0.004839
0.020115
0.036028
0.008213
0.011726
0.023971
0.089653
0.007508
0.047278
0.006507
0.039348
0.000998
0.016665
0.038214
0.009440
0.004124
0.028585
0.129648
0.055516
0.015050
0.023668
0.119625
0.069002
0.054993
0.059207
0.035882
0.000283
0.000778
0.008031
0.518228
0.008252
0.000261
0.041789
0.052593
0.014388
0.032600
0.240065
0.114408
0.226306
0.000372
0.001213
0.026500
0.020182
0.007526
0.000572
0.003470
0.001489
0.028510
0.103921
0.055879
0.074878
0.007466
0.025388
0.103853
0.003558
0.013461
0.142856
0.036320
0.002921
0.009893
0.000057
0.020568
0.002042
0.060276
0.000585
0.007215
0.057211
0.049155
0.008876
0.069071
0.014797
0.000984
0.001650
0.014931
0.013955
0.022749
0.002714
0.001625
0.014649
0.006740
0.233293
0.004479
0.002231
0.014100
