55.289953
50.021843
49.799375
15.902189
45.238008
36.579444
44.924803
43.078236
46.176115
37.556377
52.463771
62.540544
54.854389
55.602659
54.048814
51.252237
25.824626
51.657568
37.994129
52.672917
46.773976
38.794982
70.590311
40.026071
66.944887
75.964568
45.561385
19.777292
45.268269
45.896174
31.526966
75.381033
73.324549
56.966360
37.610273
37.615309
46.412773
27.763552
64.286872
82.555067
38.702158
41.087456
25.285746
35.494613
56.233961
55.874733
48.444668
57.342290
43.084493
57.823663
48.266712
49.396017
49.512433
34.101625
62.420193
33.727003
61.033124
48.383615
35.299024
56.329034
35.923832
69.041241
23.313772
38.291330
28.172567
57.264875
54.279488
61.830138
42.088129
52.783554
54.691788
58.258409
50.646487
52.097412
29.597065
69.871971
48.218908
57.935182
55.695070
48.284049
37.817236
42.315803
28.728788
60.082313
80.876420
33.766067
40.651924
69.395874
40.755037
42.568208
48.627997
66.896235
49.914792
50.848438
59.538876
36.673801
67.192847
59.244986
58.653473
50.529792
28.179003
35.878829
54.455388
41.299544
65.878341
44.105825
29.879810
30.417055
71.179742
59.055133
70.251139
44.329699
59.026949
57.310697
56.432127
54.111414
31.087513
61.257219
58.126539
41.162810
40.025460
53.984030
73.734969
64.468960
63.755880
46.199111
65.796432
48.267157
65.519561
53.445449
39.596565
27.070001
23.617275
35.999823
41.694729
40.924530
45.965071
55.040046
32.381082
38.435971
42.440520
43.948266
21.606077
49.836155
38.742618
59.675891
72.725698
57.251596
57.684385
47.036223
26.920058
61.338682
39.243911
56.654836
56.427526
32.133747
64.379190
26.827898
45.226707
63.834883
46.955094
50.277073
69.221309
42.075170
57.110560
47.983337
35.492444
43.384355
31.972634
56.967784
74.518142
29.172747
34.056110
66.032460
59.833309
49.755440
43.490680
21.009591
58.689123
49.247791
73.134784
62.827744
17.587773
32.521387
57.593599
52.612042
58.265342
34.078522
52.068678
64.066281
47.263580
57.503769
59.298910
50.844421
58.658191
39.338029
52.252084
38.267160
55.852566
47.554456
30.348528
24.971799
56.159051
58.178357
38.770893
45.919947
71.569748
68.440694
49.857739
49.405242
74.769582
52.195853
48.300612
20.441749
52.581479
32.390399
35.310766
22.965544
57.581383
60.217485
46.446210
45.179426
37.695896
56.728015
39.402353
45.150581
46.255777
39.979279
19.462716
65.309177
63.956225
45.550177
56.142226
59.069485
50.652566
70.673579
43.164051
36.056860
73.515078
46.509390
44.845510
59.675955
53.020853
61.346303
49.556856
65.680570
46.646649
28.111634
39.566272
37.105616
52.539544
31.965753
44.292526
62.851922
45.852229
54.224722
48.460455
44.760843
59.383519
52.444674
61.284532
78.527489
66.148400
28.095044
41.181881
41.473249
47.719693
57.772585
51.105048
68.012094
60.105940
33.360094
52.811737
49.254916
63.345048
40.140463
41.991977
44.717782
53.024580
40.530536
37.611636
57.014656
44.277821
39.076236
39.749715
59.424944
28.326789
45.484134
68.367534
68.575706
33.316676
42.202922
64.105149
67.871195
29.392583
70.865815
48.508990
51.726467
41.077713
66.426253
64.309754
50.223900
47.696033
27.279416
67.416390
48.253603
52.236837
41.360084
57.675552
47.191826
44.675837
54.029149
66.993475
58.299042
43.209548
67.931500
44.023839
61.622985
51.984047
40.447040
57.840539
47.018539
51.811207
25.765171
67.439098
64.132824
27.041355
36.657010
34.726779
53.398028
50.979853
43.400668
46.553001
64.405834
69.633701
35.328382
57.118883
49.977939
63.915649
57.216563
49.201606
61.279583
43.936398
61.633562
55.834654
57.823615
52.690755
43.735542
38.582329
48.669661
30.747546
45.588361
62.611377
52.930879
65.074306
63.540911
55.597909
52.842128
70.385402
55.990875
70.151699
71.498307
31.453883
40.489664
50.123977
42.352641
39.757109
54.743155
51.713197
64.561079
51.076942
33.918265
41.663085
61.512374
50.770614
53.849503
41.392996
61.182382
39.573455
43.250678
55.670053
65.090946
62.045470
62.402955
35.682727
63.441625
52.377254
67.976704
31.582002
46.902622
66.952146
56.272031
45.434349
49.860279
72.510639
69.983915
33.877883
38.263899
42.006353
36.941614
29.257607
28.294526
27.274837
76.835614
45.692955
52.603887
44.730491
36.908047
75.101369
47.477220
53.463599
32.890936
41.043577
67.981376
39.237747
31.778026
65.168719
52.285837
40.300737
67.231144
20.619632
37.218157
46.292812
51.969298
34.632847
50.438143
38.827898
35.237784
50.683201
41.011935
45.153265
68.051060
45.590768
30.442772
36.678949
40.454195
59.687405
39.698555
62.346798
39.290969
79.156206
44.113957
52.361848
49.750660
55.056658
32.349145
49.154554
45.928914
74.717693
58.109016
58.839764
31.369843
52.262230
52.782622
66.142808
59.514133
30.510747
67.749026
28.875382
60.231915
80.500249
49.342843
49.403384
30.723967
44.584468
34.145312
36.123020
47.706371
59.452444
36.998884
55.611986
54.244148
50.654984
36.380787
56.913404
59.990087
53.170458
45.812008
49.087100
40.593322
48.453307
74.321135
35.703920
28.728101
57.276609
61.455121
41.042844
56.553576
50.503046
52.575264
43.550795
56.520993
62.694184
52.983706
52.914082
45.593650
58.197732
51.797407
46.426971
58.080053
49.075535
63.218209
55.356162
42.248148
35.853508
47.069536
57.165349
49.290494
57.874307
29.914494
45.242642
30.842916
39.941751
47.484930
43.897734
62.356880
50.239921
35.860437
39.514716
49.221270
61.127352
56.658714
28.490645
67.293526
52.753246
51.553719
75.074214
60.817966
44.456839
44.040251
62.592073
47.921235
46.650682
41.936141
50.145545
44.422479
56.513139
72.966251
30.133518
50.343281
59.789502
46.923860
36.066787
60.532931
40.452895
70.620036
69.581569
52.141250
47.538605
43.864633
56.156082
47.754114
71.555861
73.888460
55.020893
58.485914
58.989915
35.401653
52.707751
63.577309
26.996218
61.398753
55.707533
40.208656
40.596197
55.609855
64.529391
61.072334
32.992756
61.621294
23.170738
37.551311
30.658857
40.799941
50.828218
52.734161
27.734589
68.158095
42.472506
76.336417
44.924758
62.233852
54.575251
67.444856
40.419819
38.536979
41.998821
43.799746
39.804924
68.878302
62.060424
46.780676
66.144031
54.621678
29.075986
36.109890
34.690948
47.213986
30.362726
52.855068
53.074863
50.778521
54.993018
35.863462
53.540467
53.903484
35.194001
30.302395
51.032482
53.725299
33.086907
50.341982
48.608172
48.617754
60.900366
35.737461
42.634103
52.639296
44.190614
51.916115
34.412778
36.953582
53.423403
35.918015
45.907723
55.994269
62.125041
35.118317
60.822437
35.972119
68.040585
58.882320
58.608282
59.394125
36.159648
55.965046
55.434193
42.171526
46.526437
73.831091
42.702180
41.789539
51.262233
26.379969
46.523943
40.848462
78.256488
67.035571
64.562456
60.263442
53.638131
53.663112
48.999226
40.847846
45.346144
57.293196
54.292393
43.837904
64.610192
26.905747
47.708266
35.456097
45.862095
81.681572
30.160490
64.947919
39.845623
49.330563
41.530050
68.282385
35.647685
62.681441
31.652683
64.387020
49.673035
56.999697
55.072699
54.193463
40.943828
66.521367
55.598902
58.302968
42.478272
60.848517
55.097692
48.954340
51.161517
39.389613
52.398194
45.345500
44.450860
50.145679
27.354976
35.367943
70.779290
26.401278
38.862733
48.964590
37.165817
45.483502
31.311406
46.057766
47.195039
58.255383
61.333135
70.167629
58.802756
50.936105
56.053944
52.955337
47.713986
62.423643
66.485343
48.111945
38.219405
38.238858
35.629400
76.319138
51.802078
38.211717
60.340644
48.976681
43.968870
61.829240
53.670749
40.061668
57.166568
34.419457
49.504226
58.032674
50.837114
36.645957
54.405651
51.159531
61.838207
65.372923
44.396925
39.855698
53.494428
35.462363
37.512042
40.987202
41.307817
46.114932
62.802334
48.737567
41.015948
50.169921
53.473541
50.615099
49.414680
59.503342
57.822718
51.704396
43.369673
50.787365
77.054232
30.670664
53.784482
37.715370
77.281381
81.008929
60.346679
51.894661
67.473048
43.490639
33.329568
54.337323
59.921108
55.420439
53.806902
56.431853
35.621049
24.940055
47.875194
35.026200
46.463603
67.472344
44.577218
72.892399
60.668074
53.721641
58.894002
69.386773
57.099236
48.639561
61.402929
70.062909
57.724227
52.633192
52.502397
47.464600
57.883313
45.063033
68.272102
60.680051
54.465065
41.888675
62.927692
35.857342
20.532740
64.870802
43.112800
38.945730
36.578092
79.182880
46.404721
59.977706
47.086914
43.875528
68.477901
52.060769
53.320294
53.069425
51.924327
58.763582
51.100453
58.297260
58.495475
39.829522
49.050138
56.977051
44.044481
33.971616
27.937453
40.379623
60.331308
52.759029
59.622143
60.792114
31.754753
67.514397
30.781642
55.379620
40.272875
59.349838
33.180455
36.961413
49.216981
60.850185
40.144864
37.188094
57.694554
44.687025
60.580218
55.467722
55.658405
59.111086
64.834917
58.502772
72.596785
53.261091
57.972624
43.975411
53.028292
45.213263
52.221503
41.276046
48.675669
53.503919
47.700742
44.550196
38.976573
43.488984
59.510215
47.193503
59.285190
44.379829
35.693724
45.972558
44.838001
51.402131
56.537177
42.737150
40.345244
30.488035
49.631122
53.974494
34.735376
35.175124
48.061038
43.594671
64.450126
69.101216
42.365075
32.042105
43.938767
53.620327
42.184590
29.172926
60.105040
29.012266
49.655762
57.788732
36.190862
59.857535
50.960021
51.015049
46.176733
50.509468
56.050484
67.807689
47.982714
70.639774
52.215511
65.203248
48.706145
30.430917
78.202639
38.013267
56.848194
51.337299
51.655932
63.352591
44.526831
44.629741
51.014045
41.761600
43.910991
31.325195
31.832639
69.860248
55.201782
45.644460
55.990293
32.499196
63.875708
58.467459
53.162039
50.075196
30.360607
45.692011
45.671792
57.230072
55.517778
34.730712
58.932421
52.361513
34.486459
36.649578
34.255321
54.015219
34.425034
59.439788
53.018044
60.465935
42.098971
55.241073
64.444001
66.822899
45.446292
46.045976
51.019832
68.582163
57.845279
46.284422
52.033850
44.050551
45.604154
55.583433
46.392620
51.176933
37.645919
49.083515
35.806204
55.116424
44.576022
43.256186
42.343494
54.034995
55.032451
61.919453
63.400890
57.539200
64.997069
45.939457
45.692456
36.757470
50.969873
38.705576
53.985673
43.598658
64.892058
62.511777
37.634990
37.688843
40.735294
34.356893
30.363799
36.421019
59.430204
47.897576
49.525093
41.905638
56.442998
51.535971
49.497342
81.471116
48.720484
34.158410
58.201582
56.833553
73.613098
14.486371
52.900512
52.470163
48.045001
76.428455
48.142184
59.313729
34.895411
65.595028
46.823929
32.289675
55.134465
55.633654
42.116738
37.295733
37.957030
68.953281
51.044981
68.341891
51.915915
48.303136
26.220586
51.179817
67.451665
43.800550
40.876445
38.135174
40.250320
23.475015
43.697693
60.012278
43.947667
24.661411
50.112623
57.604754
53.607343
32.110159
56.079449
61.396259
82.085164
50.187740
60.581727
51.226569
56.275682
55.085045
29.293417
43.154810
64.196304
60.486585
41.545523
65.305272
49.430969
52.431971
55.576011
33.001936
57.054002
30.381689
63.449002
61.204400
57.475824
68.990697
67.892926
44.326282
58.610209
56.923508
38.103469
31.280450
49.382460
65.442869
55.725773
51.051808
63.923674
40.217299
39.450946
74.023575
52.930302
42.322542
41.434346
57.775032
36.542426
32.469978
65.969954
32.674504
48.863460
52.081504
43.411242
39.639087
51.361395
49.744226
40.888457
55.712703
62.236571
47.536342
57.178184
63.104600
66.034675
30.893495
29.816831
52.715610
40.792082
47.785857
26.682815
44.276691
47.574032
40.040518
44.408524
52.132567
51.281134
63.424997
44.935548
59.413152
43.408375
59.563866
55.881927
50.312597
77.453917
40.504318
49.367299
65.433437
69.392251
55.578312
39.568081
65.026000
63.301551
29.218429
59.895051
27.227106
58.150183
63.635766
57.928281
61.959731
34.567603
72.682729
45.176815
49.207790
48.184631
67.900607
27.340948
55.352153
52.075508
64.710095
55.468009
54.545860
32.112596
36.522040
57.998695
30.088566
29.864885
48.702799
49.478037
33.887905
29.066483
65.881208
50.501642
60.391189
47.121827
59.360361
59.290703
43.012843
42.177159
54.560461
37.036389
69.065098
44.009478
47.434070
25.999301
47.457579
54.422733
38.752695
46.274102
69.151709
32.578569
30.905919
50.764317
69.456646
58.390365
45.289418
54.761327
55.299362
83.220340
57.108226
66.405156
64.219705
46.861716
44.154859
55.228344
36.568803
50.852258
56.089533
69.771432
60.279080
55.861984
71.986027
38.766610
54.261022
60.282903
52.978542
89.225948
47.522036
40.569445
33.196728
62.753706
60.311003
48.709521
32.555053
57.844980
62.315683
55.011822
52.032627
68.403272
34.742284
52.884352
51.984500
35.664450
40.347709
36.078336
61.772711
41.290548
36.866152
62.402950
60.964803
68.069447
36.934229
35.432516
46.187655
48.722835
40.599966
67.265188
66.020899
68.354689
60.736377
35.480747
37.833311
45.990829
56.802066
72.148346
36.556205
50.229240
35.582973
28.864468
51.678571
62.417886
32.173374
36.600968
66.090380
53.658371
42.890897
34.194710
49.281129
47.303148
49.590003
53.490905
45.927265
62.209257
40.941455
68.949324
63.964068
73.729614
72.881858
52.944392
64.634438
73.813100
53.294050
79.989767
53.915668
49.576587
54.777104
59.680981
49.365631
62.315159
69.365227
62.850650
65.920316
59.389328
22.180860
44.370917
30.920840
70.599778
35.500285
70.123549
34.773047
59.199154
61.316302
46.054552
27.204996
81.675875
62.765124
51.413075
52.276522
39.978753
33.314351
74.170847
58.943606
77.122117
38.648456
46.103429
60.174492
30.823963
39.460271
35.850402
38.567838
78.663218
51.974930
45.641974
65.926003
37.255273
63.474140
38.414152
56.982721
30.784597
44.040563
44.038417
56.908277
41.897343
66.434220
53.490262
35.695651
55.694132
36.355895
50.468334
55.778460
49.490906
60.292861
59.954286
56.924962
59.096690
54.136912
63.024123
33.398960
55.354713
53.252016
35.550378
46.581518
63.378989
30.822568
64.444153
38.733817
36.067330
51.900440
67.999774
59.381163
47.691334
52.193569
62.732013
62.216435
59.588452
57.740607
59.321366
53.920826
35.620784
54.477230
79.004272
58.894700
50.212090
78.002317
31.735804
51.144849
53.121216
20.144231
28.303408
42.999240
46.647881
53.450982
47.764739
54.287631
55.985979
45.292412
58.720157
23.538882
30.990018
53.641793
49.216910
48.821204
61.558493
48.095177
58.851936
64.901105
57.380702
27.497405
38.520058
48.736216
42.773503
57.952423
47.768861
68.832724
52.742837
52.657118
61.009087
43.714521
62.396822
57.668059
57.854454
41.626322
56.436690
62.880489
65.193435
58.938042
47.040893
34.349287
36.943508
46.617255
53.510128
53.628695
52.789932
38.917554
33.592130
47.048531
50.700909
46.652538
53.330162
47.082352
72.326312
36.603903
44.372293
43.640855
36.245452
39.780455
39.664892
52.599346
35.685405
34.550534
64.803606
46.420230
47.864420
50.519466
62.529264
68.732066
38.025646
60.810422
57.202101
46.062081
59.245470
70.523397
37.954931
71.641130
50.165491
55.977817
30.293884
50.429310
40.500436
55.906942
67.901796
42.328349
53.961651
70.365289
40.216278
68.155181
68.013963
51.791471
25.970923
50.200642
47.931181
51.187682
53.168040
42.988158
46.341790
56.761478
52.299294
52.834446
63.983996
26.571763
48.704641
38.928211
53.514248
46.818257
50.547162
49.678741
63.133103
61.195729
49.625030
72.556603
68.558821
51.680402
63.699146
42.397756
48.341623
52.591065
65.188697
56.403027
81.843795
63.702708
58.737982
54.678543
61.863670
42.090185
43.132613
46.879161
35.607386
55.906477
71.419787
56.791469
45.863861
75.063702
56.365126
55.568167
51.066975
34.548397
55.475332
67.794912
26.296197
48.691487
27.221051
41.835001
54.482290
37.313241
44.876899
50.932348
51.023885
62.633270
53.663108
60.385976
73.930632
60.341349
46.948734
48.349007
37.630836
51.572156
67.052551
38.840847
36.431096
51.911919
39.223501
57.533062
36.935398
61.859094
53.807187
61.126648
58.455642
57.521020
63.929474
54.342947
59.034263
59.689382
56.611158
31.979844
56.156384
34.833555
46.621376
67.575768
28.122319
29.529754
38.530707
32.182974
40.434844
65.742556
61.990917
45.841568
58.519504
52.086031
22.730845
62.044328
58.972124
42.957842
64.789777
68.945031
35.115907
52.083598
57.232426
67.343094
37.570221
40.411004
43.414873
65.311527
20.423852
54.293065
54.652413
46.730844
56.390265
63.892765
44.650153
35.808436
72.209419
38.500907
38.937422
76.979748
41.711507
30.564436
61.489064
58.941618
45.692060
45.131879
37.939456
62.054229
41.027541
46.450950
27.959299
41.653930
34.949985
41.491963
63.033787
39.806652
43.358227
39.380526
28.058904
52.145027
48.629161
55.663684
35.823066
67.172604
52.080675
40.112111
46.353598
49.946496
55.801267
39.061743
60.104099
60.202017
31.113355
39.501446
41.114189
27.255974
31.835746
61.983504
54.757364
41.306105
39.198616
35.802518
39.614404
29.941002
50.338414
66.919227
38.131465
58.441970
56.145366
33.151177
52.524287
61.230328
68.589220
48.915028
42.390224
72.821036
69.531838
49.059090
46.192104
36.286903
64.773172
38.239313
65.355836
51.350717
54.115385
45.739169
42.415809
52.692980
63.032843
67.650963
48.834325
46.480216
61.134881
37.086984
41.580740
87.617508
50.087398
55.490585
60.239585
33.513857
38.487823
46.715945
64.644901
63.551002
44.867618
36.805291
31.832545
41.366403
35.876034
54.939610
58.488960
39.498284
48.788214
56.046239
43.176937
31.159450
53.815791
41.812868
26.767530
93.045838
48.509675
44.784917
39.615443
38.837662
55.736876
72.824047
40.083923
49.555467
33.874540
63.624739
43.748732
44.784113
45.724967
41.029000
48.057706
56.655445
52.770518
45.613853
57.973487
50.232015
32.472841
57.449018
57.036669
44.695905
57.382101
35.547200
47.722929
34.472129
66.698202
38.171113
45.246171
60.966585
55.328700
48.362497
35.769171
58.015627
48.187283
39.368808
60.904732
51.812568
42.862310
24.882554
54.760466
41.406664
58.294500
