225.413265
212.181097
228.890891
199.833867
169.688148
243.972995
208.909860
205.561112
210.510826
223.036262
201.482107
186.919303
212.349190
191.427042
224.791537
235.859588
212.665124
190.458329
226.721061
239.904904
231.620467
248.490152
197.105192
193.414959
218.534371
222.769776
207.463485
211.422992
200.275600
189.928508
255.682739
204.504563
209.028410
207.326983
242.593175
222.595683
220.791885
207.149001
232.382093
255.665286
263.074680
208.829553
213.178965
242.338761
236.280329
189.886619
210.763599
181.260127
214.382538
234.172977
232.077991
200.497200
269.117882
238.740789
258.941642
218.267106
235.929687
198.488900
210.464197
246.647444
203.570025
214.537929
207.097189
189.718247
233.488646
201.872511
177.745998
162.803558
209.513334
224.804244
238.057359
217.042916
235.754773
221.936108
228.618258
233.166972
236.219435
242.158151
166.690012
257.610079
213.501387
196.119441
180.918269
228.448105
173.542624
210.382047
206.788340
232.989960
194.678240
240.199570
219.207892
190.718470
203.406665
180.093395
192.875448
188.732442
220.181956
230.024813
248.946413
246.271213
236.810893
208.212611
220.873520
200.385324
206.911435
245.519649
198.397392
176.053464
179.910634
203.938209
253.673849
187.148387
225.037660
210.707112
195.133079
195.104443
191.945865
226.334702
192.456421
256.510101
244.702275
227.568733
227.772578
173.927129
209.280714
223.802286
201.725712
244.373156
225.809721
180.676466
234.775719
189.645671
191.331298
207.347265
208.181355
223.144865
187.402430
207.426321
176.850996
222.066446
236.040441
261.497977
264.493158
232.212210
208.955295
228.157412
241.170095
223.118777
209.480378
240.946499
233.480915
226.830769
218.390648
234.218735
175.672983
192.016528
209.126535
212.694568
173.921126
205.935609
206.317571
184.416226
228.255166
220.036827
213.160032
198.571329
211.884491
226.720302
177.445639
232.621990
204.748974
221.486536
227.266520
204.627673
211.206612
187.297680
212.483403
232.846421
269.211151
246.753333
215.571533
218.906055
231.303118
230.790952
198.665946
255.484327
193.745923
228.952573
186.012156
220.747542
247.893255
202.756331
224.716917
260.663723
227.806893
215.221991
218.105110
187.459432
218.816462
209.929799
182.343712
237.693161
197.910819
245.729365
248.179645
206.144983
228.133490
227.849593
176.037878
252.246160
249.095201
231.053892
215.604653
184.851249
209.383218
246.614832
198.525687
216.502849
241.465625
253.891465
237.690721
188.368092
210.721757
243.948460
218.657711
223.438785
215.642214
217.205438
215.525574
222.747633
189.459180
230.297964
214.611010
234.897409
209.673013
252.682211
217.094559
209.898256
244.544239
200.355369
189.591467
235.798413
188.567057
254.582867
181.861873
220.277262
199.372166
199.015902
206.637392
219.471357
183.124130
214.552645
238.055666
199.438505
212.171935
236.490966
262.129410
250.797436
246.419180
241.727497
226.395788
262.820199
214.153271
213.095131
242.182490
214.302084
257.045008
236.152549
188.789825
220.072938
206.389841
209.869287
255.801760
176.375317
235.199547
219.632849
188.224064
226.874382
205.917664
183.606691
191.581920
214.735699
201.277094
194.445984
237.323083
214.581120
198.528713
211.421591
181.375100
216.191268
194.232895
200.381794
197.570714
199.537083
190.249248
250.549110
275.904317
217.007020
256.559362
238.383175
204.215232
225.194303
247.058573
243.524795
178.207682
201.927180
207.102343
237.854962
190.961765
225.573174
203.463397
185.815574
240.563058
203.859045
223.814874
223.554476
203.503488
224.491063
213.381945
252.104567
199.124177
188.192135
239.423483
257.646256
241.323857
210.249914
223.323200
232.331515
192.929392
207.083788
193.395054
217.083268
204.058226
222.374055
182.736455
200.852884
205.088377
220.564104
252.941022
235.974047
213.676762
213.189848
223.527335
235.417993
178.344530
239.120906
216.800201
213.767502
193.597873
208.749458
220.855372
214.818521
192.371630
202.875605
215.263053
197.496231
164.823791
199.390627
195.421785
213.535396
187.834747
243.433458
235.630052
242.690367
217.355811
232.142586
200.837623
229.562691
220.206447
219.615194
220.170180
198.185609
225.178898
227.203322
239.205188
224.099768
243.421289
215.687252
230.897514
214.941836
205.509610
212.571884
272.162039
186.261090
201.111205
205.095593
223.280440
212.530892
205.661798
242.672878
226.044393
203.666757
237.544686
249.638070
181.606292
216.959922
211.903338
247.139235
249.950150
225.122040
207.183727
177.127664
226.631548
199.620920
200.001197
180.995903
173.890545
211.157783
248.721109
214.134519
198.892827
234.577225
186.113707
232.971282
229.757142
236.538671
210.285253
251.215326
248.024800
178.666810
243.505018
174.392939
235.091824
219.569009
220.131812
231.332376
241.243871
238.175717
192.976428
195.568070
194.972737
230.457398
265.245225
205.426571
256.224155
234.475388
211.648495
228.481408
215.603283
234.432496
227.640582
254.356941
199.136385
166.375897
253.575859
201.638049
207.111478
235.095111
250.761182
212.932660
194.971861
176.663890
216.809434
197.901224
196.461369
190.038921
192.469936
241.065971
221.433056
205.068173
224.399374
224.635200
238.504842
242.400813
226.525561
240.229034
208.285656
231.587768
193.052382
268.909274
233.091463
233.125184
215.033819
224.248489
193.655130
237.965267
243.009127
192.093666
173.607808
228.992705
195.514428
219.201185
187.489499
204.219128
229.451835
217.468733
246.250078
204.902033
249.024440
219.043742
196.120627
219.845490
242.099366
239.623988
175.878921
193.770881
238.221740
207.176878
236.827308
219.166688
243.032971
217.182102
213.875455
245.442942
207.158559
227.687915
222.269085
237.340950
235.118059
225.722850
221.678779
215.476483
234.590103
216.586310
190.115760
232.750938
173.818812
206.812954
227.726517
235.554332
237.859131
219.881676
224.335476
249.593376
270.384493
183.922795
200.540160
235.372080
262.331185
229.693279
201.606102
231.323393
245.988283
172.553179
201.186791
191.447042
234.068373
231.040940
202.247781
158.999582
255.876708
231.251576
237.304636
266.158717
193.468912
227.088755
177.162545
227.628919
236.189331
216.453482
218.542566
217.068062
198.159096
242.861758
171.280249
229.312199
193.468447
196.690911
193.296002
179.589281
212.890612
224.913967
199.235845
201.826539
219.070524
249.064475
223.328729
217.944938
232.678793
220.305413
232.161541
219.375566
236.130349
228.467986
220.660585
215.558030
201.349936
197.031204
212.591815
224.168140
227.389371
234.656445
240.851027
188.821544
210.024403
231.820348
253.846017
219.823287
218.607675
189.153626
185.595338
210.806816
239.690724
227.637387
234.697466
231.167158
223.288576
224.137960
204.974350
227.408916
217.457951
180.951797
188.599980
207.357078
220.701489
199.897287
255.331077
243.104695
194.901661
212.474911
250.002505
197.980324
200.710912
231.712729
176.073033
227.092406
199.258026
226.724356
223.588596
190.119616
237.555053
246.103583
217.829196
219.047996
194.424505
218.955346
201.216781
254.371920
221.155565
191.569254
213.293607
244.005409
247.121670
218.155881
248.313562
229.488449
209.752822
244.088039
251.822076
240.121357
268.407160
209.047911
192.788065
250.808754
198.665155
248.953385
225.497193
246.177019
240.208440
233.920685
213.400105
216.802395
223.347979
214.231718
211.575435
225.148545
196.092442
227.278913
202.493109
247.125515
235.779364
235.358164
260.346575
236.290428
173.080433
211.947575
219.202779
235.290202
235.951878
215.766009
229.536206
210.132048
220.197107
218.266344
206.059265
197.842237
192.117291
238.097026
249.383538
223.947471
211.489060
239.341209
185.871228
216.727742
254.395702
268.533275
257.855449
200.695291
199.195074
225.643546
218.044263
214.712538
210.837867
198.640291
240.420599
212.939011
221.355018
212.127256
233.016439
203.103344
228.894119
199.224840
273.955507
227.076732
236.848431
235.627130
194.166378
208.221152
242.125992
183.405130
256.793279
216.290793
244.246430
219.881340
211.181109
256.648717
228.187108
192.282244
222.485633
190.052253
205.979713
247.788886
234.183260
208.603643
211.391196
171.899936
223.768251
186.978735
249.968477
235.507927
166.176500
184.500444
226.989777
219.911720
244.803952
221.952783
226.840051
225.856076
240.878710
219.664866
220.888968
258.759856
180.999978
223.141638
165.928210
236.326195
206.266141
240.339587
234.015606
269.888888
193.903224
255.020361
240.028302
226.646371
198.789706
189.314592
209.698702
208.725588
246.120394
195.830195
205.969833
218.395239
198.960911
228.047131
260.385173
205.909860
230.686770
218.321214
220.729840
232.004363
255.047593
205.569552
221.024931
192.038395
210.789922
241.219297
234.834281
190.403258
250.150544
204.956494
220.554932
244.787675
185.564732
215.633859
220.250056
227.180604
207.471986
222.629353
229.753288
206.541119
245.713405
177.134089
195.853159
228.719340
201.969237
214.598242
227.554924
190.371934
211.999354
184.630776
252.016867
214.206074
187.214832
217.189023
190.170041
216.635501
193.524257
222.479506
222.145771
236.149061
180.335352
234.018829
230.583052
240.133617
206.527440
200.956431
240.511215
214.976140
219.338477
200.168136
243.147824
186.964279
204.774920
228.679515
202.768417
178.120932
203.889200
190.674300
207.340131
230.619176
251.310009
228.002306
194.168543
235.744230
219.535880
206.562409
220.342209
233.353133
211.319219
236.301836
213.336676
231.599283
232.065611
190.221773
201.070085
233.667943
239.513201
208.781842
244.398883
233.038378
214.548868
198.810252
233.464907
231.898487
209.186964
226.892870
225.854081
225.993543
205.963142
223.808059
232.115553
208.999541
196.361057
197.758133
219.198277
238.256723
212.119473
227.967341
236.321340
251.609919
213.302542
189.244541
208.775077
246.327377
193.296025
238.962507
226.926142
189.846317
271.721009
183.739745
224.043704
232.882989
173.552722
226.985648
239.702662
234.650008
233.519876
223.658602
260.484373
250.593479
232.277985
214.659444
187.926844
141.828120
221.737739
241.567770
203.594516
229.542188
191.679805
273.051350
239.334387
231.205354
196.401744
211.605257
217.747132
221.113742
246.552247
232.330980
233.664488
217.471406
212.024153
228.799553
242.781017
246.580720
218.204661
189.722313
223.606079
201.713640
252.143394
199.981816
213.026101
253.260966
196.257660
214.245243
226.619600
232.542817
185.794730
175.281040
242.264251
208.208432
252.180642
212.078931
221.540768
227.698823
164.968416
240.558335
225.579923
250.643089
241.749177
197.034318
229.099483
225.937598
216.914975
213.823741
248.579232
216.923817
245.105695
243.642504
198.341013
238.574604
211.492421
245.653744
179.748650
192.664838
247.966264
188.877666
226.534301
194.993045
185.282257
201.445144
216.126653
201.081325
201.898904
155.121345
223.234038
216.452893
194.707490
232.822049
172.111452
201.481435
214.444294
230.652568
209.397024
202.120783
181.811239
211.098137
222.644811
228.505790
223.218715
181.869865
182.392015
240.558681
173.016840
207.692688
183.575116
232.935994
204.123590
204.025919
221.674535
191.224070
196.917749
199.900205
237.472381
221.150748
204.142183
244.271019
227.300043
238.491272
239.541193
219.564876
194.059313
216.102243
237.121852
188.775950
216.295377
178.077996
180.707596
238.740108
230.536527
257.764364
220.415260
195.709143
216.715887
210.853041
228.356655
237.838173
227.884506
234.354040
163.909439
280.126648
205.986434
217.083818
192.344324
197.454234
226.159415
243.916427
219.915296
209.387270
221.185729
239.667786
215.488554
185.348095
212.852527
197.420768
220.386498
222.742515
223.539788
210.822392
217.295127
218.568484
227.051051
222.838839
171.984228
193.900042
241.862539
221.940234
189.312416
250.854286
204.980231
191.636470
198.883567
215.914825
180.847520
236.982986
216.817795
229.998437
218.166412
191.744303
207.798249
234.725759
228.140839
220.354149
233.027752
243.542537
239.653506
208.674841
201.811911
182.152258
246.723054
218.291162
221.153665
191.390656
221.067408
191.695592
183.926513
222.630392
210.958048
210.607791
193.733548
217.422864
221.532492
253.444645
184.770873
256.931561
225.586647
175.496451
225.808521
235.579758
204.790172
212.996475
197.301957
223.517884
212.594123
205.849937
198.960147
235.683453
207.364313
220.724827
184.663461
199.498194
225.665012
183.168125
200.941682
232.859215
234.735528
174.427199
205.940452
257.592009
204.377849
214.778040
185.905352
188.042591
240.494253
221.520871
235.859065
187.123969
259.240319
204.872594
235.360708
216.173752
209.932281
219.663717
194.649966
212.791494
177.208531
239.168130
192.574121
220.854192
229.557373
231.189317
235.103342
229.669593
192.668949
221.976357
186.253916
245.902786
214.270291
200.095266
217.516909
196.720143
207.996875
198.089514
193.450387
196.863021
234.214642
173.525597
207.145683
219.873433
185.826790
244.398126
227.863628
180.811276
224.992486
219.892019
199.932390
247.610235
181.407758
248.967874
254.286937
240.325848
246.348894
240.832444
174.951629
240.259642
224.276925
202.789153
200.947103
207.027679
226.405118
208.602539
177.360189
200.028839
217.125454
243.351472
246.974328
223.483190
216.610494
219.376548
213.930540
217.858817
186.479049
202.540736
225.271086
227.066368
237.685886
226.660463
200.422293
227.441481
185.272274
215.405562
219.326884
206.256672
187.733998
217.588781
202.331044
236.659152
202.014067
225.300412
224.825668
224.834696
246.278825
213.705683
196.198299
211.937186
237.272062
228.030785
211.770275
220.400510
214.904205
231.957594
186.569902
233.649782
160.491583
247.126374
185.717801
213.219511
241.247483
207.116649
216.617442
192.774590
193.732000
231.109417
200.733964
201.029967
214.013447
224.029645
233.070198
206.616732
217.577957
224.746516
198.917067
239.848921
201.400872
195.045081
197.857525
207.922406
183.967121
184.755514
218.884317
185.310162
251.703539
225.704245
227.562550
202.762436
203.884624
228.695010
215.530328
222.422862
247.518501
258.456584
223.088218
222.739735
202.721609
219.363292
255.740530
203.368938
180.125820
198.664935
154.102887
186.431839
205.920067
204.450633
243.809146
185.892022
212.462694
230.262594
226.758454
206.870440
193.665190
192.630882
241.418556
244.963869
204.565522
205.397191
243.844130
197.098879
215.590731
199.742776
213.078016
252.804831
196.826020
212.857468
203.522479
210.078632
203.578152
201.976401
177.241165
247.057420
210.639653
246.271644
198.085770
213.288806
237.091143
258.529473
232.359009
187.545406
195.244987
195.211387
234.086132
236.566487
191.657290
199.892680
183.817936
203.231440
210.301786
227.515712
201.672393
264.551250
192.884698
233.753019
175.113219
213.257874
171.600745
226.913845
234.950625
251.587830
260.525961
242.703760
236.083433
191.508198
225.954513
262.476321
240.146414
220.128370
215.165697
227.479192
224.215773
174.973557
238.445102
243.821574
196.050939
257.887924
248.972987
207.959352
251.910698
203.367967
219.293222
244.789103
203.241120
191.674602
174.364252
224.567131
262.707803
219.233490
275.382303
187.130984
195.090789
227.089069
202.983743
202.498194
210.754298
232.887855
221.062539
240.181673
229.505867
175.083957
246.916616
197.397356
224.442039
175.392168
206.544540
223.288179
197.119070
198.072649
211.753367
214.259846
224.871203
240.696751
198.341306
205.290428
199.138087
192.545581
219.172967
245.404408
214.490391
242.432360
205.403246
217.207233
219.717356
196.783551
226.908508
185.653066
218.319723
180.384875
234.694321
172.994526
211.643873
191.936149
188.870573
229.218987
233.002960
225.015801
231.179213
226.252007
202.654578
209.998517
235.838234
198.406992
240.841095
201.781340
225.651440
235.789065
209.766017
232.158790
224.372302
198.297785
256.828738
219.661122
230.631514
258.398702
195.998561
228.074753
210.439090
250.769558
241.353327
223.533137
221.101953
207.926855
252.708067
208.295403
238.237554
233.338660
236.015251
227.417053
220.109182
223.377413
226.757232
178.263857
224.674508
212.006412
224.617277
198.057208
232.078105
252.574871
210.532797
175.775385
248.199027
218.864852
219.865949
229.260025
199.690430
192.604090
198.791077
215.879290
251.728537
195.539860
249.212938
237.409624
227.580540
223.363216
204.477848
245.722883
200.227641
239.698300
240.162992
203.429275
208.164650
202.827599
220.833651
208.215293
241.702920
217.275731
230.556577
248.740320
205.173103
234.738668
217.243110
257.769760
190.919385
223.754232
212.882217
229.633615
243.443046
211.837596
211.382472
202.421452
277.329432
199.671228
216.894924
217.855883
196.806761
177.389144
188.711823
211.593600
210.929442
231.662101
250.988137
242.916782
204.796399
253.844385
236.982010
206.609844
227.888277
202.279029
177.353754
193.400624
244.070026
239.017592
192.220917
237.825732
213.907306
209.319448
235.450244
225.807410
219.622887
254.730137
213.967298
261.920325
220.020645
214.394098
229.884166
226.417784
207.368965
222.891889
220.479052
251.407110
239.985310
270.979943
226.962593
247.901267
203.818829
223.171692
231.031352
246.948331
241.123674
236.238669
241.857193
186.147933
218.603657
186.834912
190.076795
243.683996
220.474312
187.591250
179.674838
215.468044
225.567846
229.974336
243.356474
213.709927
241.851576
215.379822
178.278448
217.904213
240.041806
249.090252
223.679799
219.749050
234.013722
225.487149
172.220059
200.887576
220.984510
184.296515
194.250264
244.587395
198.636924
265.721695
221.562868
232.129313
222.428812
228.852458
194.206385
210.491928
215.070565
238.726722
193.279722
244.595416
231.672490
205.292972
220.145046
225.081032
229.629480
229.530794
200.530907
204.922728
247.718540
217.293763
184.147134
190.625022
194.907584
172.556104
218.770949
254.067625
249.213020
188.345216
213.299039
266.465611
229.506331
220.210829
221.907519
241.332533
235.436259
214.540210
176.867393
208.134974
207.824873
185.929564
238.277258
190.542018
195.020618
224.576385
206.646315
194.421717
184.797339
264.787387
227.438636
228.468095
238.773492
245.217399
227.975721
212.949843
253.034055
231.277628
225.741572
210.661160
196.244532
239.819093
220.707075
206.801750
250.289741
241.860484
232.063965
187.738226
225.036646
205.362242
234.705409
220.045797
217.281731
169.554545
199.213339
220.520480
175.805073
190.342610
197.144093
196.715148
182.567993
183.848249
230.710743
232.331399
248.518332
210.992324
206.252936
234.154050
232.615768
244.864965
238.814023
221.690062
245.617151
244.255283
188.473595
264.719037
207.018477
204.196840
197.984266
233.885680
266.507322
221.210608
245.763509
253.987729
248.740912
242.257189
226.511031
197.652841
226.469294
197.896447
182.521570
204.356906
170.547036
214.697674
228.794475
238.588196
205.211399
178.285497
230.871597
192.695849
244.504658
199.207042
231.757900
241.873486
248.532278
198.003337
227.868829
180.718307
231.194333
242.830259
195.965988
230.101721
163.203112
259.709308
223.863972
241.124126
240.017850
230.542315
237.925092
259.652427
196.135128
222.530933
247.224650
206.278463
219.429325
261.157383
170.715816
211.757811
219.237396
187.791150
217.629625
198.104913
185.439403
216.297131
205.392826
224.084535
236.682668
202.783016
190.476537
232.685320
254.792610
209.038930
187.806658
190.248639
201.546953
248.824093
198.188791
159.939346
209.350189
213.349893
184.562481
199.341606
225.337959
249.026261
238.943328
250.738083
221.193617
199.619125
237.129664
225.061891
226.327495
234.414835
219.968187
206.006668
171.367995
229.393543
178.022278
200.901153
254.689076
240.504244
212.607680
235.429976
222.550883
235.570018
244.396102
223.459351
203.417484
244.396823
207.494552
227.073218
217.450168
236.053090
222.713129
222.291990
195.554986
193.187450
211.637701
196.640923
215.093407
216.294061
185.082178
217.366849
223.679651
183.290006
222.165097
269.681484
203.528941
209.062259
208.076017
243.512211
245.509517
221.098255
184.499704
232.750374
201.074910
177.464943
246.152060
180.528764
219.161237
203.815178
237.786232
183.361599
218.107998
243.376239
255.606214
219.069256
225.650425
181.854003
257.282406
209.321643
230.216754
211.009922
211.000516
211.361696
232.625375
261.062917
195.010978
239.528532
206.109072
219.629930
167.829297
238.470368
206.089343
236.264875
267.975031
211.320977
238.712791
194.100956
220.666485
252.525211
214.875494
192.175673
235.474266
249.469471
213.953573
262.766060
237.910474
220.685289
217.179029
185.088829
240.345288
263.929530
223.503916
217.655968
251.474920
212.326101
241.315091
237.093377
211.526586
209.915218
181.749305
212.567200
227.833127
241.918312
221.801440
207.214632
231.981139
231.876897
197.540979
260.327960
196.548682
217.037832
207.096633
208.687006
248.480259
201.025752
227.185484
178.712502
229.820455
219.056160
179.616642
202.149796
215.513023
234.412771
188.115985
195.044822
200.305606
235.499623
201.734530
274.030834
245.564418
207.494681
207.059220
196.008465
232.686288
215.852595
189.622262
219.425743
218.152695
241.638939
210.949778
216.875125
227.081986
246.449472
223.567468
220.835217
189.977026
201.949687
231.248475
232.392951
229.589531
233.770261
202.977127
220.017074
222.350208
225.655287
241.913404
192.639663
214.216377
251.032211
257.779572
204.233768
224.524429
236.720999
190.465586
240.249956
196.648728
255.458577
208.751447
182.637741
203.611628
252.070503
250.663168
