13.899420
14.480533
9.947399
17.768538
8.235440
18.029935
5.114632
6.376998
12.458299
10.481555
9.690750
4.531933
13.517418
5.629758
6.897259
8.458815
9.342258
8.551154
17.204023
3.287815
3.770878
4.913368
4.959273
1.139074
3.422925
12.779414
3.120551
15.515146
16.197037
9.846442
0.210189
6.318326
12.511313
5.579011
15.740896
5.854438
1.391319
14.925261
2.239185
16.365484
1.584757
11.595848
12.637549
4.031752
2.386800
5.219947
5.286062
6.602095
7.418549
8.031554
1.202191
15.415776
11.662444
6.075301
14.197766
5.843172
8.001189
9.325775
3.940103
2.248671
6.769913
15.996746
4.817230
9.299506
4.500333
25.221168
12.049454
1.158210
6.812312
2.528662
10.903604
7.567100
6.120578
6.063332
7.360789
11.965978
3.494580
0.496635
4.600783
19.316878
10.365316
12.235460
13.558531
8.805929
10.581562
5.021123
13.638979
5.038694
6.685558
15.173923
6.964333
13.099334
8.258402
13.915542
0.142454
1.625496
3.743001
11.718407
9.434584
7.879589
3.885071
10.417867
9.681203
2.267618
5.088210
2.489567
13.686606
8.176556
8.830680
5.601227
3.396392
18.728550
10.428300
4.428935
14.056461
10.541777
3.094362
4.642287
1.410264
6.261223
3.127302
1.647622
6.760357
7.785929
7.154058
6.925202
8.159168
2.064653
22.077681
5.222780
17.552306
3.960303
3.298385
4.209789
7.614065
13.209021
8.235371
13.643380
15.764292
3.114463
19.876763
9.315188
1.172264
14.974225
7.910884
2.185527
11.457157
14.273996
11.895845
11.671627
9.314068
13.430542
14.018972
5.896483
1.917857
6.612700
15.980425
11.656725
7.800525
8.448321
4.100532
9.384824
3.485758
2.959409
10.488068
7.347323
7.160948
11.405002
2.587292
0.424466
0.783487
10.155563
15.911062
11.859472
10.036509
7.107721
8.396283
5.714166
7.311008
5.628936
8.582651
12.654328
2.415321
14.506535
12.710517
8.654096
0.410584
4.251610
2.978921
17.334245
10.897958
13.775531
7.634749
0.628904
4.390792
11.256739
1.641967
15.097902
0.602013
13.268193
5.897815
2.203299
8.496744
10.243914
4.173844
9.112625
7.984916
1.126940
3.839696
6.678172
6.951730
5.534781
11.204733
11.781385
1.650109
4.747768
5.878169
11.188446
2.282786
5.195516
18.645438
18.581925
3.053836
3.034177
6.219231
3.394075
11.511391
14.577625
13.509769
11.154305
4.759462
16.290974
2.949345
2.736924
8.436483
12.960408
14.901343
9.806159
13.739606
7.346986
6.891711
8.752089
11.951204
4.786273
15.284933
13.859588
10.847216
10.047466
6.040992
9.495274
22.012874
1.062461
3.847731
15.108033
14.300806
10.509452
4.781266
1.324806
9.165972
8.638741
12.058924
11.292895
13.127836
4.468949
9.857321
11.535026
16.768498
2.572907
0.747503
9.554430
11.669998
13.730997
0.431098
13.539641
12.783572
3.667134
15.156152
10.024069
0.379215
9.970149
12.879655
2.267362
6.684744
14.836183
8.109538
5.521764
10.350175
3.803024
6.541011
5.239309
0.637972
15.013285
11.475214
14.379182
4.427043
8.293892
8.153404
13.435494
7.663232
7.341255
2.726417
9.815852
5.039362
5.558143
2.651394
3.994172
1.975563
10.414083
12.669796
6.945330
7.073187
1.718438
7.583330
13.657387
4.335708
8.226362
9.947217
13.619986
7.435909
12.117834
14.462925
16.507380
6.782247
15.302662
7.774454
7.543102
5.603814
0.636901
3.202089
10.126860
15.093445
14.903055
5.592909
12.752116
9.854112
6.105467
2.540559
7.864224
9.655017
16.847478
7.883933
11.950176
10.858078
9.516767
12.456352
10.183924
0.455162
10.794621
14.630886
9.837834
3.328311
8.303209
7.184113
3.414317
6.982728
8.659567
6.470464
8.322246
2.408409
9.409753
0.179912
9.137697
16.838410
6.611973
13.144923
6.412935
5.234632
9.502201
4.691299
4.703713
5.822240
10.594177
11.076863
3.266868
11.598944
18.578569
3.170840
0.788735
16.643660
19.450677
5.741523
5.987514
6.577009
11.880239
5.481829
14.150353
13.483593
13.299522
13.545946
15.266877
19.067311
0.807054
16.646201
23.543007
5.462138
8.232548
16.992313
5.999221
14.361831
2.608593
9.403907
4.884147
9.262431
3.056670
13.000980
0.900234
2.560551
8.866040
4.972562
7.478967
18.143762
8.450753
8.200199
12.013981
15.475309
8.514209
3.265352
5.588350
4.935051
11.241386
4.464066
10.776822
18.977079
16.291182
20.812619
12.293779
9.130866
7.529017
1.760945
4.274502
1.676271
2.879005
4.529315
1.965704
4.252317
3.500746
9.297338
17.150461
0.463217
5.842350
3.467696
0.816309
5.209031
9.890201
21.649292
11.598323
8.812037
1.855249
0.797166
11.512525
9.453476
0.434262
15.496898
1.049485
6.982149
14.966095
5.601375
11.787780
7.555081
11.043015
4.870128
7.246233
7.320308
10.548056
3.100148
9.528850
6.723154
20.781305
15.165322
0.456162
0.908487
0.065859
0.293255
7.214899
16.461025
0.526676
5.698571
12.151907
16.712882
7.064995
1.328203
4.106228
1.788826
3.426181
13.432351
17.982104
4.975451
1.397984
4.953080
14.891079
9.768737
12.809523
1.946549
9.083252
5.994577
8.053729
8.129711
17.427794
4.617865
3.714913
5.345053
4.089883
18.114844
6.527401
2.644130
12.904731
7.696559
9.149441
7.880143
0.195024
15.968934
6.394552
2.384410
5.847909
11.038314
4.269280
12.435524
12.528523
11.380949
11.138399
10.607974
11.103812
14.270519
3.331935
9.026765
13.291557
10.729132
3.668570
1.169041
2.384487
3.761059
1.198992
2.880444
5.887139
7.756709
10.435075
10.684859
12.532893
2.472955
10.239101
15.935024
8.279091
3.726087
9.187888
7.103857
4.386049
15.984855
2.393465
12.295399
13.193410
9.617823
0.719253
3.376982
18.849454
2.600293
12.399601
1.186871
9.393953
4.356908
13.460123
4.228255
10.181675
0.771683
4.148731
2.996142
8.084550
14.795796
0.366737
10.849548
8.366393
6.024654
8.777664
15.314497
2.083234
16.278203
14.672504
21.954803
12.322465
6.981320
12.587521
16.538184
1.148269
21.011081
0.307855
7.361483
9.883706
8.484748
8.698896
6.080313
7.345109
10.552831
3.827905
5.408982
3.428071
14.063844
12.100775
14.980332
11.260875
10.906441
1.208969
13.475542
2.614157
0.916024
3.937946
10.370915
13.765375
15.911159
5.208107
4.172517
3.984500
3.921447
0.945247
3.066389
1.025152
7.627277
6.270582
8.616241
12.832865
15.436605
4.497434
6.747020
4.005867
9.624918
3.356553
6.576674
5.855543
13.069062
13.469706
7.242784
1.385264
9.764848
4.085361
14.643200
15.998755
9.072918
13.171751
9.412233
5.234743
5.080384
8.441931
17.524745
6.483640
0.517281
8.836118
5.600163
16.753418
7.392839
20.919938
12.203428
12.921225
6.626155
6.010037
10.879172
6.834981
26.397504
12.077974
9.323802
13.128396
1.802300
16.239023
10.481168
17.289315
17.276714
0.275271
6.909651
8.434258
21.392135
12.494320
3.351172
16.653002
6.831173
11.592459
10.086870
2.453955
3.183692
9.841902
14.589129
16.250388
11.279739
4.602413
2.468891
0.679461
3.447017
7.981080
14.438476
7.780517
1.492728
14.146767
22.337814
7.563072
10.624969
15.114749
4.529195
11.789262
1.403089
15.671945
15.077138
11.194823
10.277896
16.139837
3.224260
22.232556
21.369618
3.952641
1.071021
6.141726
5.727487
5.134797
8.701588
12.361459
4.053129
11.733399
1.223374
7.487006
5.328601
9.431406
13.130105
6.537242
7.656052
10.693475
2.640894
4.946932
10.608220
15.931019
1.420626
3.039691
11.514665
6.527700
18.421672
18.234045
18.179559
2.890736
6.868003
13.515723
11.570147
4.367725
4.935034
4.379358
11.810085
10.830145
16.417584
11.574523
19.067118
7.309873
2.457058
9.262466
14.056258
14.214345
1.848432
10.542219
8.458902
1.721817
16.775657
8.170280
18.960143
3.473721
13.049693
2.038728
6.228526
10.813709
6.624086
3.938448
1.535363
13.851806
10.977709
5.126481
9.409807
7.314501
3.130735
8.452910
9.250911
3.752313
1.559985
14.901940
4.662793
8.955135
0.896867
6.474099
14.026009
5.522830
7.464709
16.273205
14.706977
0.135456
17.490525
0.491661
6.785918
5.769365
4.695094
8.843531
17.214227
11.300374
5.606402
15.531977
9.242334
10.536785
7.016827
0.659932
5.575363
8.019829
12.511702
15.833186
11.960655
1.194039
18.980974
12.218245
4.597386
8.738319
8.618689
10.355974
9.408260
1.764194
15.883430
15.489722
10.323452
0.627525
2.698067
17.661656
5.174681
15.435653
0.856425
7.310651
8.397893
9.706025
12.531196
5.810261
10.843209
5.805466
10.348126
1.533998
19.313661
6.552505
7.318109
13.372045
0.220625
14.397275
11.550615
11.757008
6.857998
3.002383
3.507454
3.557829
14.490844
11.808030
13.525750
19.988085
9.133096
9.196878
5.203211
14.858823
4.835889
15.752871
17.981085
2.499616
8.293754
9.964184
9.544397
13.627579
14.799937
13.113356
7.114595
9.947806
8.076240
9.749371
1.918155
6.293626
8.670952
14.892564
12.832520
3.257135
4.539051
1.262523
9.913700
9.145248
9.998103
9.165193
4.944725
11.609967
10.131232
2.339645
0.930922
19.723339
15.539060
9.821296
9.652886
5.247519
16.215966
15.364523
1.616583
8.945981
0.143174
13.445616
3.286807
14.912012
17.077147
10.643886
17.576231
10.213692
6.531038
6.901848
1.066316
10.476025
9.310293
4.911508
8.538446
14.584712
9.475253
1.700001
8.117497
17.678395
6.920108
4.422437
16.548106
13.816129
3.513119
15.479484
4.427607
5.399642
14.247824
15.788606
7.669458
14.932923
7.473015
9.812984
6.299467
19.993469
1.054371
14.166876
7.646522
2.543294
15.772098
4.713411
12.992242
1.159394
10.493821
1.782675
1.648391
16.469985
2.478668
19.074604
9.428719
13.011431
14.634437
1.418130
7.992359
0.252746
8.795124
11.239319
18.510883
15.975100
14.813216
2.555767
21.290658
17.746370
6.270332
3.840716
8.267749
9.043198
4.027384
9.268892
17.687754
10.163813
15.069081
5.822639
0.992318
10.447920
7.758435
11.634461
6.908765
3.455714
12.286062
5.533465
3.261634
9.243699
14.908803
18.883734
15.514222
12.473952
18.907863
8.625251
2.348187
11.972511
7.550308
3.860720
4.230945
9.153107
5.451007
1.357815
13.086236
4.938443
4.170245
3.915284
6.950924
2.000128
16.454618
3.262588
18.092375
1.541225
0.578232
11.407227
1.784223
2.609733
10.955508
4.369366
6.350809
10.026940
11.365648
5.232028
6.976091
8.611532
6.252857
3.138441
3.524572
7.827887
18.616391
10.238564
9.886065
9.679731
20.459183
0.444473
1.535283
11.395411
5.098561
11.177472
7.741949
8.553921
10.896534
6.712475
4.169963
12.415883
4.659464
4.594850
2.233381
11.649145
6.452581
11.307564
5.875511
7.126877
13.694631
11.918805
4.501980
7.660699
6.198483
8.177191
5.038238
13.523918
8.201719
9.998377
8.354168
14.745311
12.537435
4.952130
15.425633
11.812657
4.124831
4.538395
11.163263
16.474819
17.008793
10.832741
12.955414
0.286377
10.125536
12.138348
16.437311
5.163637
13.685242
8.096093
6.580192
7.487341
11.292544
14.648477
7.314561
4.879786
9.781100
7.611517
13.952906
3.715598
14.979408
2.752270
15.065448
12.517546
11.477873
7.571533
17.119065
8.495027
13.034493
17.250898
0.595691
0.613571
5.261141
8.984112
6.498208
10.947223
13.169674
2.781817
19.037314
15.163938
10.280224
5.992966
12.500702
4.535183
6.320321
16.466781
1.584590
6.697500
13.365494
8.313458
16.441494
6.777850
7.744778
0.732830
18.184674
9.218286
5.762278
10.006670
10.312714
12.078279
13.465533
13.744742
7.863588
4.183102
1.197546
0.220071
8.248564
6.800199
20.469423
9.902729
7.103130
8.505415
10.859077
7.651319
10.313024
10.120480
17.338140
3.918405
7.598275
2.640870
17.212822
1.741174
7.443557
2.012204
3.191234
10.827978
15.635150
13.678132
10.671294
5.472998
5.096304
14.426405
5.882824
0.864268
2.986357
13.302195
4.810618
14.125862
14.287844
5.957521
11.696157
2.664685
0.399215
16.536027
13.835877
13.129183
18.211799
19.076231
4.178068
11.972434
5.681728
3.459187
12.179243
7.078994
4.394499
8.269024
20.121792
8.713777
3.891133
13.401835
12.253466
4.770126
6.404284
11.754416
10.372643
10.794742
11.879464
12.695264
7.923414
2.357568
9.728805
0.864925
13.001825
13.563833
15.177571
15.565941
6.902876
8.442945
14.298644
17.351483
0.725039
11.438782
18.447595
7.099370
4.321086
7.275390
12.884638
9.295804
0.818115
0.339553
13.086071
1.900970
17.175424
1.163296
1.543973
4.275043
10.664634
2.675884
