570.498932
543.159232
607.743663
536.309153
663.127949
621.068776
601.799857
585.021218
587.838022
640.845657
541.263200
613.840083
613.156998
621.427137
565.179050
619.447998
585.757963
617.902804
605.182392
609.234891
602.966644
576.670191
628.674294
671.958344
590.209477
577.501978
591.644726
622.790138
626.311844
568.788903
664.971808
579.131311
670.351235
567.434398
582.613131
652.418520
603.178694
657.212167
658.277470
627.719992
657.135963
669.222280
632.500010
555.864388
546.627194
537.808118
668.412740
560.796571
592.142991
572.662730
532.721200
602.798047
635.870072
674.373800
595.848680
609.930543
600.547220
550.167845
609.941565
532.568314
557.927862
591.892072
589.661332
503.874136
580.977564
587.380956
519.810610
578.404506
551.221489
630.715088
553.417913
624.748810
572.869044
553.076858
612.284135
610.241977
571.785784
625.611315
592.939420
631.521268
588.325446
533.632604
554.659350
607.780131
655.849736
646.596155
578.624825
641.485172
657.654630
600.281170
651.575548
604.802004
617.733616
628.298565
555.698222
613.787378
509.250962
596.870088
633.608906
633.213560
632.200645
590.013490
607.984252
631.092689
623.801085
561.455719
577.718681
616.990373
575.151086
575.259487
598.568182
570.118396
640.562703
634.210346
591.428840
571.281097
557.970723
543.709596
598.519806
622.559796
598.960471
576.526406
608.325608
505.882279
577.150545
592.829279
630.631525
563.856232
610.828479
585.634113
574.680023
654.447449
599.939749
650.968869
626.156595
649.717640
584.470310
648.667651
566.187782
533.067684
580.805606
567.162011
571.307327
562.745464
646.033735
633.602171
525.628309
652.610763
519.489831
669.176967
677.120679
635.851118
574.968752
621.003693
656.172009
608.004151
629.865426
503.185316
613.990361
607.348971
577.657914
568.768323
612.420613
626.281119
553.225934
640.287173
658.032582
612.381690
550.799058
604.817143
579.706766
531.504317
628.577708
633.792120
614.056352
657.251854
614.442858
622.321686
597.814246
536.249023
546.861874
627.472872
568.028786
558.444868
590.310634
559.959809
636.387897
584.705396
635.830455
568.002567
590.970786
565.927179
525.506060
606.750523
621.968503
583.130170
680.740039
575.634604
554.445318
578.190154
632.928221
607.038127
605.279134
603.042935
577.594484
571.412920
592.260431
654.324889
607.870340
616.472438
595.309906
649.528202
552.251112
624.287099
522.238003
615.735262
612.157195
569.114223
656.924975
596.210587
570.002834
675.990278
619.141637
618.139370
654.441131
615.610905
590.071401
542.543212
613.650946
540.316144
590.181712
584.882726
662.431089
511.299576
514.620151
635.366171
516.617431
523.985533
592.232798
580.048504
644.542088
576.470579
602.696151
614.193104
609.197083
598.500461
654.274224
656.070243
619.669112
646.174132
677.151399
617.877244
587.351135
615.905187
620.744252
585.546533
653.196785
495.691369
618.923505
620.840046
632.594539
636.962406
495.251051
621.428548
563.143152
647.192208
595.294149
585.306247
614.707433
646.836749
620.536024
673.978707
657.092685
607.995721
536.444773
665.940180
672.434155
636.592127
617.399424
552.246850
596.138168
613.788008
537.832452
520.292722
601.886097
551.970278
651.147470
618.765807
571.946389
556.027518
649.792793
545.962323
591.438383
619.956582
627.893919
538.728007
559.336823
652.545471
625.912763
605.340921
577.462992
581.494868
561.762488
563.908211
573.737646
595.446499
652.597281
562.556469
550.788449
577.290082
603.926765
606.122375
678.842513
621.528050
578.641998
618.456844
629.913218
564.207246
631.386572
613.395183
634.636975
641.036756
594.711719
598.862123
581.195088
616.128766
633.542935
599.588906
658.034392
620.495086
638.634028
647.259897
617.819483
629.953848
558.254195
555.313783
568.852259
542.074456
594.368745
589.043442
600.795155
655.174270
518.508430
529.269530
673.836929
572.442211
542.422587
637.657353
562.341975
644.848445
645.279767
645.485102
540.171495
529.078756
591.029876
659.834774
640.232151
610.103108
548.106125
611.175482
562.433246
638.670285
582.954260
574.347943
658.022767
634.382773
592.096564
649.312522
inf
562.934268
656.897919
612.268374
588.513652
637.726532
583.927924
533.673102
625.088482
567.022222
614.486222
563.483735
604.492362
610.960423
655.190822
625.755692
565.214715
597.119877
621.888908
605.251030
540.060141
583.242823
599.503040
635.730224
568.535481
601.213453
653.375559
631.361698
548.557616
570.013655
611.722585
580.791262
621.364920
620.017948
623.101285
586.474965
612.574458
601.356302
639.056179
548.841498
645.462767
499.716442
641.876651
646.025111
646.077369
599.912217
588.890757
640.135800
608.451687
585.887421
inf
529.464995
529.213258
623.928089
582.511153
570.348171
610.783447
624.554551
633.698368
590.961598
603.814987
543.653549
630.241585
589.674771
631.991918
569.504689
542.334528
675.214025
598.867322
595.791439
600.666891
579.282407
650.234639
598.078259
675.353560
637.909994
589.446004
614.557328
658.011766
561.498756
578.387928
670.505168
655.320765
554.382150
593.751316
622.743852
668.648574
557.312096
642.335596
672.927475
556.948622
577.074053
702.606061
601.072060
636.949981
660.669106
561.673651
631.692889
554.976464
618.172223
623.068500
646.544145
615.806730
621.117185
677.355233
632.511474
625.963117
561.785108
621.829449
564.865987
618.755343
652.751761
560.439126
684.166582
612.783995
614.174811
605.469829
605.499906
656.835156
651.952891
583.213937
587.295410
575.292878
590.031342
576.066872
611.551791
534.386674
551.797728
557.156744
532.106290
641.435494
625.600920
643.690185
519.701899
565.701311
636.888390
603.808155
597.100061
570.607142
601.058698
519.954491
659.067033
563.648067
614.935035
612.913493
625.196298
570.737516
597.315287
596.003539
566.288969
556.435934
702.480201
647.341167
619.572577
593.845429
615.879941
583.088703
640.625597
563.644461
628.649433
675.628115
624.746415
578.785733
623.885585
638.072500
602.590282
623.548742
548.899344
629.390003
660.888030
592.778703
635.384197
622.092125
627.665345
508.202325
682.521386
581.222068
592.011199
663.564313
553.301437
583.987771
570.011544
609.369614
609.097778
581.759312
646.909970
626.062418
606.698456
645.038978
540.415939
553.268791
583.554249
492.990372
596.679905
609.302208
525.383031
658.015930
689.952094
675.757205
574.280605
618.369895
634.605469
589.477599
655.381868
608.245701
630.902158
630.081344
619.967347
618.025902
579.173322
534.190594
626.862310
591.970146
631.574230
620.330205
504.813463
620.462228
605.148293
576.330016
574.193282
623.015197
595.602326
659.629026
574.556020
619.718597
597.992312
615.890446
587.482547
646.661144
573.410046
580.290871
516.079604
655.367986
542.468850
578.188322
613.739552
577.890544
538.105992
570.295667
617.684462
576.657473
606.194884
637.572102
569.168511
597.947624
624.579049
637.692812
550.035676
617.877534
609.606317
674.327564
638.641711
618.274626
579.752457
583.143062
584.319520
557.875360
612.509902
492.007807
643.083750
531.561788
645.416177
569.026500
652.826775
533.437891
583.612421
580.770293
637.520751
623.403598
644.516907
646.332636
556.611640
570.352912
545.911808
626.687428
618.217327
576.333217
591.928612
577.960314
598.122345
675.836726
648.028009
557.761686
565.960510
542.681384
606.729711
613.704380
630.053613
638.808468
595.408391
652.492106
582.587300
517.568570
627.064647
567.659050
644.889438
646.095256
599.976975
595.179553
588.086339
582.531721
612.890607
634.075346
626.777364
527.202857
673.329778
586.180873
582.938903
672.592863
630.856875
541.930560
558.067958
600.014351
649.704508
596.087650
613.093078
598.473663
589.202545
602.337524
629.507974
528.700104
595.713357
579.865090
642.981420
553.298350
560.387553
614.488706
581.508668
658.551262
602.620209
662.467193
641.234809
642.962939
635.927525
599.848648
611.155072
565.564263
625.082902
573.519870
586.129430
620.334496
618.533034
654.761157
610.114538
602.550995
643.933288
645.427923
579.680961
604.567000
535.686593
591.046561
570.521104
525.774005
571.325125
640.078629
633.942673
605.118192
610.588393
642.553540
579.686139
693.235729
669.703370
574.472507
602.107478
537.200952
502.177943
603.449005
580.230129
608.314861
602.993060
679.375259
584.402118
541.874110
641.134371
678.294889
666.788635
550.068026
595.210768
624.435991
550.302614
597.515511
632.764470
557.032080
585.810867
584.762102
678.964386
628.254707
648.992136
624.088799
644.136585
608.597159
584.025726
629.438827
634.338749
691.947865
607.814796
645.013829
543.230221
632.325487
589.512430
545.605926
682.421673
559.777068
640.933928
564.482034
591.219115
538.101304
565.924386
640.107493
650.242592
569.132018
588.201420
533.477520
630.454872
636.134739
679.364835
551.824678
638.838098
587.594084
533.703282
583.877032
578.860450
493.674631
667.405434
606.439545
552.833137
600.736576
656.934982
566.024260
494.040561
617.957317
572.171237
649.357159
552.471682
597.690254
545.497303
573.519337
656.932513
605.905845
533.575499
629.036475
541.121504
616.418707
565.746732
647.511001
597.493024
597.893765
614.507920
675.474403
532.925771
610.649818
601.983114
507.723648
607.045376
553.505026
598.138043
574.385223
614.948414
572.451030
644.974304
622.624265
623.284661
614.173884
566.225271
618.421804
646.310949
581.033931
597.313862
630.252216
597.602843
673.993837
630.510737
604.834339
646.730244
496.215115
586.306149
563.324531
607.445901
552.269739
614.009870
620.512224
620.482659
591.411971
638.413898
658.006586
586.519057
514.545484
630.965551
565.340165
647.270204
587.724790
597.293925
557.330991
629.166994
617.397718
650.197074
547.775838
651.097784
606.198552
600.933931
549.657158
683.319740
620.066246
559.520564
664.817887
601.608007
535.038763
614.114933
579.556172
631.549717
523.189695
645.988307
560.847219
516.101850
641.364144
620.807084
627.162682
654.101046
640.811197
595.139620
679.385696
531.654091
638.451376
670.490261
610.693912
642.673427
568.979380
651.636480
554.983537
558.529909
544.348406
575.582079
627.256791
550.859692
577.101903
604.094376
597.650287
601.498813
654.190444
679.521816
607.486091
629.132794
602.793197
558.521339
603.260429
600.373122
670.711173
589.118861
667.134641
628.749957
650.353136
592.384697
643.195075
568.146957
637.896796
610.218846
635.850794
678.873761
638.282549
594.410357
660.130846
648.421093
551.599812
591.459146
612.192547
598.211814
619.251663
616.704483
639.211545
582.707077
638.201004
497.376876
601.570063
616.345619
620.741681
620.726689
623.061658
676.110549
637.756868
628.581413
600.935511
660.364598
585.146622
668.877747
610.083774
556.535827
622.142449
679.415389
622.647471
629.046893
625.747745
573.702788
619.194347
622.292330
552.304205
593.756901
613.175508
569.151928
647.408524
606.744319
510.013843
631.606639
678.219334
531.837789
613.197884
584.648321
639.937014
559.526289
644.300891
538.619583
580.304166
668.314718
530.165649
613.611161
619.835919
622.373988
686.304055
663.262861
547.855607
518.116261
625.691577
618.209991
639.954973
607.914572
647.297829
638.585292
548.123710
613.144839
632.797360
645.496364
610.453110
573.122831
584.058053
626.737064
600.644317
531.816107
654.185836
565.632460
646.085011
630.795673
565.096130
587.606262
605.325561
581.826168
662.831331
550.563780
690.578257
494.912070
577.822164
595.223239
587.187232
652.364150
590.841910
612.018364
594.576501
656.462277
530.702181
559.223430
660.402206
563.438385
572.353223
664.659113
642.378115
593.935100
588.183430
628.354180
654.826420
500.802500
570.115150
606.092669
576.171361
579.072193
590.551093
625.856189
611.683911
514.424784
584.335646
603.633315
647.637959
594.610199
554.158571
592.911027
643.540370
588.491724
526.821917
566.594854
663.388051
511.766147
594.844789
616.687599
614.189646
557.200085
612.966957
596.963111
573.708319
623.891147
620.195906
603.035901
554.469888
608.470541
572.538162
539.490683
646.347967
569.918218
657.820431
621.646470
558.886277
637.668504
578.074896
491.534844
618.036458
519.696907
591.824532
615.808826
619.630538
600.930020
667.099211
645.807780
667.626699
559.039824
590.456075
597.793096
627.699862
597.634211
534.446373
526.455359
609.581711
601.606245
618.828076
555.225179
557.120529
642.296352
574.713896
643.523187
657.762947
538.262065
543.799410
557.240834
635.439066
619.398945
552.034361
622.525173
582.367679
635.160498
612.071614
548.242974
680.601049
629.630380
576.620658
631.665396
542.209870
642.477036
646.375951
inf
593.810049
615.099252
564.489407
626.208658
572.240177
648.801653
570.595324
651.436628
581.454982
513.669688
633.227829
625.298785
545.987670
605.028561
639.894764
596.674348
631.148758
512.723896
636.823625
615.652812
591.137838
577.332433
647.917918
631.959712
614.663907
654.089943
576.542631
585.670545
646.087513
630.769266
617.115596
656.111202
601.629652
616.520012
626.318464
651.215416
627.107526
608.102570
627.820425
609.812533
624.982523
577.041155
577.520968
600.577492
587.069189
569.311648
613.276518
592.162770
549.090272
527.408356
620.993043
570.781841
518.650515
627.022271
652.598415
615.597982
574.344382
597.187883
614.589683
569.562936
682.766490
629.829704
683.084075
595.375842
649.429541
586.918957
585.146954
637.458769
543.687378
586.434739
657.810704
653.342906
648.120665
595.570480
615.830425
585.250046
638.598692
572.642474
565.356450
549.041107
606.436101
571.993837
501.694246
559.654387
570.178390
610.799663
620.560683
586.332794
674.111260
648.603009
575.784553
587.881564
645.363563
620.765537
547.863798
671.251934
604.154138
693.127368
608.519500
678.200771
558.229262
602.968036
579.340511
564.500219
631.910937
616.602041
566.514997
535.259224
599.662835
567.791476
616.857588
641.611611
657.245061
625.034535
653.344241
591.410614
638.226732
509.357217
586.694433
667.876220
611.509497
616.080963
519.845767
632.317704
577.586635
555.346247
618.003552
649.788313
560.968156
514.752971
639.375156
682.817945
568.768163
542.950354
566.626304
565.257819
586.667202
671.533616
682.345057
579.808063
614.380355
619.147966
666.888482
626.955437
598.287324
557.680598
591.764192
583.178772
585.638648
621.302877
638.387631
592.182204
595.209878
565.237053
680.283378
558.754941
623.984854
629.153863
580.034429
563.196612
667.546441
566.841725
638.924515
636.558674
668.132496
616.501910
669.064140
624.400722
577.290944
626.580356
639.464849
578.200195
523.884815
521.766489
633.697420
629.620350
628.500598
579.253558
546.600259
595.603690
665.945110
604.601156
631.024778
594.692832
636.761613
583.373650
600.230420
579.572887
607.564198
583.630112
607.380375
582.746546
623.817781
515.490159
590.843645
585.231698
628.422476
615.256462
627.037832
547.285612
602.811435
556.094786
669.416620
510.259018
625.702300
577.286328
569.162081
645.723273
621.399861
540.831309
575.340250
689.839616
596.030576
616.854967
593.893356
639.492708
607.627937
603.700586
526.490078
638.843552
553.207412
524.782752
626.713358
618.214793
629.637481
610.230229
549.471605
559.274913
586.738959
653.252871
670.437314
621.943835
598.142081
589.770922
529.025287
634.290701
646.484002
664.124399
560.607929
648.439465
571.906768
677.061361
547.048161
602.551118
627.476549
619.135976
551.832435
556.201640
648.465113
603.629822
586.188437
582.650696
582.156869
649.859563
623.619273
639.240056
587.538951
514.963836
619.594322
687.792678
555.229788
576.643291
612.718925
504.719149
549.344376
569.356463
592.400916
645.572199
629.168991
633.727475
651.813844
569.924458
588.826670
621.763566
502.612865
635.890143
620.037422
586.533151
570.589401
503.853892
559.174655
605.860884
632.966673
622.758222
612.508596
651.698155
593.452908
602.500927
620.306242
613.002226
569.831146
696.995731
594.849223
548.992139
570.022210
477.581271
603.367812
634.034116
577.481453
630.521651
668.518469
553.905081
627.512585
626.920216
634.542757
497.097097
633.821788
682.829650
521.755870
604.830283
599.087842
614.425046
605.415867
624.763611
636.701819
535.162251
662.037887
625.119537
498.772330
624.817723
610.256638
576.769498
680.344444
596.988523
543.663161
536.288738
697.515189
670.390239
637.096546
615.117381
590.708137
594.498741
645.450307
639.487734
565.262166
516.666866
606.551124
599.790961
602.204347
621.938710
656.151441
508.394195
594.397924
636.389017
636.049512
683.378148
590.871236
547.942881
600.563011
617.759383
540.457943
624.420809
602.426299
638.838450
542.184791
603.152525
555.540304
577.529646
599.435986
599.782433
546.333004
584.606632
584.240298
542.636490
517.821156
598.997982
564.137130
630.664552
624.784188
637.174561
573.526486
601.006542
596.328087
580.678981
535.168624
654.168205
574.596065
625.739491
612.492672
632.839877
610.233230
670.340215
600.084167
625.573403
540.239000
613.548311
629.304092
583.624457
inf
583.608240
654.018354
562.841912
648.504377
533.107227
653.042211
523.571811
638.396431
638.369491
662.552342
624.264683
629.584591
591.694166
466.617096
633.827753
597.670925
619.856680
649.727018
612.463301
648.887977
579.525054
623.513268
593.559200
545.936364
561.787826
608.083505
631.898325
590.488114
613.494948
596.144004
613.633960
569.875034
591.418552
547.713149
615.885138
621.728518
565.817193
516.856029
673.073552
614.411809
585.339970
556.683592
647.670125
686.583834
565.044056
652.732793
661.453220
541.790074
562.530285
537.754042
634.784673
583.957568
634.942966
526.652351
629.876386
563.131182
619.662817
654.407520
611.135725
641.214824
641.721091
593.818745
627.327651
542.606357
543.782231
587.766283
526.059002
551.176405
542.475420
579.497086
671.851409
564.863975
598.231780
650.820471
606.865340
565.730939
684.824265
623.923470
609.406603
523.704647
609.962609
489.608996
609.985795
531.461875
594.321689
606.624845
577.071631
582.003812
623.241047
610.635233
639.643110
618.569480
651.346205
605.636879
596.861109
633.589140
564.740188
674.014260
599.807063
540.336100
592.749500
566.805934
603.458936
596.854595
551.575389
622.785010
589.720812
529.185986
587.128055
620.769868
654.887801
663.368896
605.095876
642.997130
603.743379
613.464965
642.605521
567.086179
571.601276
618.095485
654.713722
647.894826
647.047061
662.735859
629.926076
594.814711
608.864849
604.866206
665.745063
621.129996
533.928853
668.129118
563.992751
637.501507
596.141554
573.940952
650.599501
567.407989
594.203212
588.195843
639.059491
608.142003
521.352232
624.342404
636.466125
585.927128
565.694756
554.816153
654.656707
615.061148
693.099526
654.889872
564.865946
577.894726
550.975724
616.866724
634.962322
622.058465
620.103560
580.850200
596.600080
639.322188
566.381527
564.362041
685.606597
587.500823
628.892464
605.015762
667.716388
653.084937
614.456494
603.785495
546.288910
654.434384
570.221039
612.777448
580.591246
616.318993
494.907855
601.320131
596.022777
540.928360
529.135344
557.807179
567.319463
627.009903
599.441623
600.680673
600.694428
658.668848
570.830545
624.170703
559.841836
573.918209
591.051601
509.003935
523.280519
560.403130
554.256287
591.271242
664.590639
566.891177
645.529796
576.081624
617.667994
555.037846
574.094901
537.006629
659.548334
540.467049
535.255485
643.913324
571.336144
602.788634
618.085652
656.362941
609.844438
685.326002
605.296729
590.119420
619.605653
612.938478
534.169033
632.543650
698.378102
563.180652
571.924690
646.311714
639.729426
562.355590
586.868997
627.636344
626.170052
563.764276
607.908053
586.005421
617.335365
699.926777
576.858861
643.790564
531.806517
566.242672
568.742031
622.068402
548.015442
609.229364
542.345052
604.194912
601.217134
630.618082
651.531568
593.658284
556.264532
657.354949
573.343151
626.321026
589.220592
590.102194
569.382152
553.632704
651.635802
623.773721
627.403148
625.624822
615.433081
478.973188
577.496237
562.665741
615.942932
610.134708
619.383953
612.993127
620.736213
650.274774
540.549466
654.640670
605.422091
567.859377
560.370483
604.004413
620.870317
629.369620
652.070666
678.492458
647.935572
691.008334
534.926638
672.149484
641.530464
627.378125
585.101229
535.487318
604.274571
605.179093
644.067288
582.565152
661.730265
637.371201
518.011427
630.125152
611.372197
610.231296
582.491179
573.689956
669.813109
602.061841
545.244072
617.521572
643.744914
582.228755
670.649143
623.678628
605.059665
530.233260
585.393635
541.852890
633.322339
641.807553
625.478130
641.031940
636.929301
656.247113
684.384067
619.531566
625.662874
531.134094
697.552849
590.778013
554.416526
589.100541
680.647983
581.626411
546.954293
563.705850
582.859426
632.436011
558.955262
610.885674
571.451901
611.295258
628.171691
557.675628
623.363665
630.838512
579.585169
564.338133
602.560057
534.687507
603.966622
561.798462
627.352079
583.760924
552.274287
556.215306
607.764871
559.556352
611.737316
576.334509
601.822339
561.792314
562.874979
640.298656
669.577810
587.362310
650.785717
655.495084
598.260738
524.735119
603.205126
547.615367
547.117809
610.212682
617.472098
595.109894
666.245191
645.037996
560.610759
484.962917
599.659345
511.068852
546.661174
687.295692
613.022073
579.373719
554.165448
619.220831
692.665595
609.839403
633.572670
600.039661
608.769085
608.919514
544.349165
596.870412
598.895558
662.052102
614.022045
587.158831
549.537233
587.613578
628.091829
570.747648
575.140860
593.892507
544.818586
548.173522
636.859453
606.700576
678.100964
580.226015
559.355253
528.006378
609.346933
531.349640
594.711839
518.280324
610.207496
640.772936
556.034978
568.532484
559.452773
660.611805
608.329688
590.216362
636.879667
674.524523
635.668562
687.450827
512.657878
641.763392
613.899045
596.693037
579.395952
642.866880
534.306922
483.008178
577.338197
607.919597
634.305152
506.416413
inf
590.550281
616.663139
642.690604
617.533513
552.330802
560.694773
570.029355
680.302541
558.881783
609.637076
535.253637
555.790781
622.285463
573.235374
584.438187
inf
543.061302
619.026851
612.735341
617.529845
609.826314
633.172716
639.566481
666.672882
654.002528
632.932251
592.775701
608.655020
561.766812
575.524817
659.464443
643.576075
651.575405
618.101939
616.193757
591.438465
572.547439
641.757413
600.634332
660.749483
622.191877
651.774176
582.628087
542.256922
611.035122
691.621008
584.031363
585.591805
558.635755
618.224954
594.836538
514.826755
630.388080
524.913929
524.850188
556.641960
680.675333
609.975715
621.813839
647.331707
589.679124
555.670220
563.628522
599.324905
705.844294
501.901096
561.588272
607.801890
612.534261
605.806612
530.700497
601.240711
602.807354
586.938645
588.399044
632.153208
578.773678
591.069774
658.659252
660.750471
532.428461
596.258720
621.224160
583.903507
525.482697
620.971218
556.293140
599.687224
625.942085
inf
564.604932
581.339044
605.507493
590.914649
590.823835
586.979280
578.791115
552.958699
616.632677
517.516102
683.004832
603.194574
573.344744
579.121935
579.922941
562.359876
614.322640
615.093620
560.216809
658.839640
615.028790
632.064388
620.043151
638.523766
633.614724
680.714871
589.326230
652.563722
633.369103
652.213711
620.460391
609.905196
560.747776
703.440466
603.796950
591.225027
549.841935
641.957531
637.235377
