122.476654
99.664746
94.866732
134.267232
143.545137
93.518365
116.349096
133.827713
87.502482
131.316600
132.369845
138.982786
148.037573
125.158386
106.652676
135.550391
101.863585
103.136755
96.850502
153.834622
117.887727
135.955452
116.912040
107.177573
141.886164
148.286931
114.828691
116.482395
98.119008
113.213433
129.695502
152.568735
85.608580
110.016605
133.070077
96.952061
71.657457
122.539871
136.033405
125.328162
127.142083
97.869843
111.685897
118.127873
87.855300
138.179770
107.255166
95.775972
130.063343
161.620015
139.477460
147.002049
149.378209
141.583320
139.465821
100.577131
105.894636
148.546819
148.744154
127.459036
130.345189
135.410578
115.638702
123.799455
81.067975
114.589365
123.229203
127.553924
137.912585
105.037909
145.609984
139.667915
114.841877
132.395245
134.324132
97.594440
103.682618
127.648834
136.953390
127.443859
144.363747
107.274467
88.232332
122.627714
117.981632
144.766650
101.248578
137.908761
85.472605
126.915402
115.220075
79.875694
125.898292
137.112176
115.171476
122.515276
86.352697
98.530323
103.976087
121.023000
109.534843
140.368218
129.723237
137.473447
98.916170
122.884405
105.465309
109.562179
88.206176
114.822204
102.037181
124.360356
103.766229
132.996982
138.357763
150.984568
125.590838
117.568676
85.652518
151.865363
98.138467
127.794163
85.084284
127.156937
109.915019
138.817635
94.031262
138.662623
122.055342
101.664942
144.945767
103.661288
110.567421
103.363019
108.247390
155.806140
90.481693
133.766942
91.228160
104.628959
135.286425
81.889516
111.315225
141.446622
135.842213
124.582532
132.214303
132.574709
122.402034
99.824040
145.416842
97.087363
150.582062
102.281580
128.629411
140.082489
148.792973
81.727176
140.158469
133.987082
81.208744
95.318140
140.769910
114.537277
107.325368
95.749994
139.393950
152.994765
157.454498
109.140104
109.245299
148.480298
141.104861
95.702795
120.454761
104.624063
114.085063
161.842963
122.631084
128.778774
145.478405
149.347582
120.401876
130.286303
126.415216
131.426923
124.186691
100.048385
91.176322
106.810116
112.926333
109.644583
85.550531
131.707811
96.092972
121.058310
104.731533
139.973370
153.819365
94.202579
119.954875
120.566773
109.395533
121.098228
134.473901
141.703855
117.142589
73.400103
105.328712
134.945102
128.123846
143.536265
88.669683
133.710196
156.750913
121.995595
147.000925
123.434743
92.831377
143.300568
89.676843
90.529578
78.098910
103.243710
131.667677
134.958142
162.576811
119.802610
117.837300
89.530030
108.292658
121.087377
148.581017
120.806346
135.618150
107.925588
150.573827
118.408888
151.799036
136.973708
118.191536
122.959300
133.353778
108.103990
127.054069
119.765517
120.505738
123.235755
147.551893
97.296128
119.118446
89.445903
129.522920
126.756468
140.715069
90.544477
135.193657
134.715598
90.629109
105.766944
131.613323
103.694610
140.720843
114.613186
104.887928
130.095141
77.288177
96.058804
108.668770
114.993361
79.913034
146.371521
107.782261
134.278063
108.588262
120.545184
134.724739
124.523891
123.690755
97.790407
102.614109
102.435068
132.147783
128.240136
92.304756
115.239409
134.746446
108.771272
139.892945
129.181722
129.905504
90.712145
109.194428
120.004133
148.148449
124.357134
140.382594
130.278636
131.690703
128.480434
93.283150
83.618211
129.658656
82.990942
130.328506
118.822638
141.904353
128.548622
131.976613
148.797796
96.231525
130.891869
115.910312
120.836225
105.751314
130.420752
115.548296
128.700201
125.686612
105.160345
96.269883
126.848644
77.517132
129.455373
129.921825
141.184425
99.408913
111.990477
110.665476
118.267725
125.120797
124.756318
108.683790
143.843874
133.416421
118.459022
109.455663
149.276446
119.944504
97.658723
140.194844
140.693901
127.499327
105.031143
121.583706
114.084126
121.021813
137.120279
140.735690
113.738958
109.896863
141.422968
79.261943
148.402308
109.629023
131.605449
134.161541
134.507851
75.202395
146.235480
135.225899
100.891156
101.621510
165.424409
109.492412
111.187995
107.950252
122.246859
127.783181
123.893318
159.516013
126.069178
129.690887
103.374677
115.077386
122.375727
129.083605
111.255090
89.000032
145.572476
122.044288
133.808590
114.830908
129.292840
130.735615
143.930732
114.550210
111.000357
127.107516
136.905254
129.401047
146.287570
99.118190
105.806779
102.278892
102.444764
121.472160
90.052913
134.117663
117.423452
115.799975
113.851818
156.110692
114.196365
80.656173
135.149164
140.896764
90.593106
102.865262
138.341659
146.483933
114.364759
137.058047
100.865279
136.948325
121.797382
121.853277
122.169057
96.387980
99.807901
126.741878
120.402019
71.892208
110.234911
88.593438
89.831692
128.494263
141.057394
124.395710
115.345177
118.122684
117.436547
106.830685
125.613144
138.288384
112.137745
105.429158
102.131808
140.991298
99.380955
101.457036
146.351046
110.052343
100.071517
137.164337
110.262071
145.226260
115.446130
118.866883
148.307793
120.229585
122.612096
98.490462
106.253202
100.951576
109.973916
107.506059
145.892272
120.862367
154.958288
130.876981
105.205594
96.583414
155.660446
89.325373
113.990432
146.474583
122.032316
85.660245
109.113968
116.926362
162.657572
86.808718
121.554010
121.719229
112.029530
130.373586
82.598126
93.616979
86.291746
125.345633
113.630290
143.417982
133.412082
117.221530
124.031778
138.230203
104.965839
151.798692
121.018006
130.730075
117.762916
143.458407
121.770453
131.676236
143.205599
151.380943
126.869055
136.080340
151.273679
112.889281
133.326161
125.344846
122.318124
111.635325
125.871575
129.955518
110.186338
141.776167
104.629408
143.156478
155.431712
93.024567
124.750564
129.117598
109.484038
121.727417
115.196597
143.401180
153.582320
91.464203
108.756308
113.450326
145.927834
133.120280
130.603576
104.245927
105.352901
104.865653
82.126310
145.976753
129.327225
116.850286
121.829670
150.038911
101.810329
110.663063
151.479263
110.467280
106.343950
82.181839
123.462546
121.440694
136.000726
80.633536
129.464906
118.135311
114.126404
129.381729
154.646138
131.594811
114.887960
121.756956
119.376612
121.900808
123.194027
131.635565
92.490870
129.433382
105.812047
123.557160
117.897277
129.421098
83.165394
138.953846
121.083968
123.395626
118.217516
139.441980
134.691284
117.900459
130.931838
109.284461
113.576236
141.668338
134.530499
84.447707
100.165341
118.355811
128.057598
132.860755
143.915893
126.020485
130.425327
114.498526
134.075908
140.797812
114.618556
135.108717
107.280628
103.636695
107.051217
128.349532
125.966821
134.212741
88.292518
140.095830
124.041021
108.898099
128.648168
114.291905
102.545598
109.866336
123.149201
96.512139
124.195939
124.632201
121.950680
96.942276
122.162823
137.180993
103.482032
138.552929
110.489771
133.879734
106.561438
127.980528
73.196861
116.313107
142.981521
130.843169
149.164843
107.216821
142.582838
111.339666
106.309502
144.890021
118.747481
111.517480
90.784498
127.585131
116.976559
136.245611
107.087436
105.551594
151.585215
130.922882
128.374119
142.165512
133.407842
119.665720
94.260719
115.238624
136.181424
119.047877
84.040033
113.858385
136.852187
83.101039
174.360109
92.401906
112.270738
121.061385
146.800024
128.546275
90.831566
134.675791
146.212680
130.886900
137.817087
116.908176
136.662167
136.124893
112.873100
138.779700
139.588329
112.435020
141.527580
98.621326
105.506459
123.172846
123.580884
129.350615
135.407689
133.313716
103.119553
125.498960
97.574915
95.175664
102.744145
114.720147
118.247415
139.133258
105.787916
141.667097
137.760792
146.890798
83.573357
121.368433
141.432429
125.908819
135.363631
124.970609
143.185492
113.350399
80.224571
153.139589
129.320483
141.752242
84.864741
115.994080
125.903022
119.184905
104.222077
121.979092
114.552927
112.499594
86.722470
131.718887
108.473941
117.431480
112.964932
147.994025
119.536874
91.572493
123.171021
122.426383
114.850214
127.332678
138.596536
104.206053
149.096401
134.371750
122.926868
110.319572
123.795733
134.887734
117.943223
129.687655
139.804106
127.044108
99.694804
105.580809
127.882166
123.163779
146.465350
95.353638
97.549827
140.765577
135.134494
129.212586
113.325583
144.000881
128.348356
130.272935
110.068842
85.125760
132.816886
122.773088
123.978217
144.733559
139.854686
88.986413
108.062397
139.168637
118.518842
111.374812
120.335817
87.610725
154.519490
122.587267
122.007161
115.222210
105.267843
94.285813
102.841590
147.372039
134.255458
89.934530
107.102527
145.250886
89.292328
115.840018
134.286940
142.130080
156.684246
150.225851
107.319479
117.386258
114.593296
102.537251
116.085503
84.879234
136.329343
167.515317
123.737270
92.880371
134.955366
133.119871
119.642009
97.348598
144.102025
137.081863
95.933645
100.826294
162.839779
104.276731
90.916387
147.164553
142.566900
119.519227
81.474286
138.845068
111.540428
129.398893
109.755021
117.109661
112.626691
146.503462
103.006695
133.964285
129.491605
116.100507
129.051459
143.345851
107.106725
101.925988
125.404545
106.005800
93.917255
118.258267
115.050071
115.399562
94.238309
82.008301
150.381796
153.042511
89.097459
86.310436
163.241299
132.072175
147.454396
113.296868
128.256114
126.473791
143.578135
171.179159
102.768782
112.716622
92.172482
150.347058
150.148492
143.343362
121.970407
147.349137
113.317324
94.610358
119.435608
155.781257
126.244582
120.690553
132.043147
74.883243
123.009731
158.370471
104.863485
127.641314
134.004294
136.731319
111.614210
137.137652
121.970937
105.787642
64.921607
124.924747
118.420927
111.487425
73.933736
138.923911
138.042586
142.328171
137.929829
107.936273
157.642891
137.299147
121.161650
124.072539
114.845427
97.812670
104.851200
102.649684
111.014786
111.999932
138.453567
123.185492
126.547767
110.210343
140.626413
111.261425
124.696007
151.802210
134.686648
115.625025
149.658812
99.200565
137.915090
136.994099
134.990453
153.932084
135.957879
112.505935
139.326304
158.059914
143.450162
146.956834
146.684591
123.164086
92.764950
134.942291
122.561852
120.946992
138.289997
115.506335
138.788169
93.404598
131.761293
101.298033
155.026593
143.519002
129.327127
161.029882
135.929447
162.180122
103.024543
104.196611
105.537282
113.544308
134.140173
121.499567
86.308322
116.409117
142.718877
139.103784
123.866210
118.946049
91.249652
98.982389
132.210971
107.106721
115.509540
124.140963
131.479430
151.959719
149.019222
124.838972
156.291365
102.885176
136.003946
117.741951
136.762530
86.971894
117.327587
106.834249
103.636321
142.594627
128.620899
131.041996
88.204467
114.336610
104.342146
89.185335
115.897680
102.023022
94.099330
132.295233
128.305686
111.873351
116.380573
117.906156
115.457812
104.408643
143.504035
97.301742
132.338362
125.212722
77.151762
166.101743
134.174950
137.403638
128.330154
68.622268
155.930871
80.023736
131.885343
98.723923
112.402905
115.128841
134.520009
119.993899
96.481041
126.496455
135.106934
84.257935
130.236843
137.988815
123.399504
107.009860
148.247457
128.351987
140.897725
115.904391
94.107904
106.403873
125.720472
152.958378
145.383442
98.667789
109.745178
135.562982
142.692891
95.306861
128.335777
135.076278
165.170556
85.524394
139.958080
127.655304
91.863890
148.926498
94.841510
111.334157
151.758954
109.068867
129.103477
111.316393
91.917640
134.150579
123.689793
130.978014
107.788411
154.269231
92.574063
144.796772
125.606242
120.802598
137.161105
146.392719
104.499896
111.430646
123.952716
98.772245
110.527347
110.310409
104.514915
119.408953
103.440692
115.086326
107.537281
134.833287
118.636853
164.161574
74.890706
111.388216
132.127160
120.498494
141.620902
109.788630
102.224757
124.401993
76.422817
122.084334
105.343951
137.815086
153.264611
136.019141
95.387768
81.074305
108.811146
141.612941
118.264384
145.975020
145.112507
117.901207
140.078396
129.232607
135.902528
153.648735
143.628452
128.727649
126.269805
118.666276
121.000550
113.620805
103.331086
111.205746
105.078669
106.820326
80.292433
118.197595
93.826350
127.384682
133.031211
122.950659
126.580066
116.744604
125.812071
123.098561
131.208245
119.811860
119.650172
100.991705
109.969159
117.025171
120.615364
119.758778
138.209918
117.574819
100.336974
114.176074
88.663197
125.802153
112.974686
117.336585
102.370480
150.729174
147.649878
111.645508
107.153533
124.027379
129.813589
131.318284
127.849125
120.428566
160.264439
130.139175
112.203342
144.770968
93.993339
97.443184
93.193244
116.053923
124.272651
109.856740
120.550655
106.361975
155.130562
93.620702
95.652093
135.766133
97.869538
96.467109
122.128378
128.749544
137.360388
138.616319
130.153238
106.795972
132.020861
96.998239
135.112221
103.907591
113.969399
133.064217
154.872469
90.658743
119.428153
113.627447
132.020881
99.177832
128.145709
134.002864
118.773727
103.970893
102.621977
129.881688
107.922261
99.135712
115.849664
126.133719
106.304784
