13.332049
10.649978
8.398123
20.250215
17.481894
11.339683
17.747432
7.505310
8.830841
11.041111
21.218059
20.738510
17.129965
4.177905
22.505001
8.247914
4.633320
13.226176
14.187376
12.017215
17.718648
5.661914
17.294901
6.626357
19.105363
7.525593
13.847901
30.138001
13.813130
14.692743
11.967807
10.030030
0.715319
19.216233
2.440096
9.871102
16.687161
3.387415
15.085289
8.827876
3.035184
13.604558
22.680657
22.722251
23.307233
3.521604
14.524762
15.106574
22.402452
18.709745
1.457664
17.213756
11.193279
14.757469
11.011571
2.324731
11.002863
3.137130
12.261613
11.246400
7.586687
21.447586
0.633898
17.196195
22.262363
11.078137
20.229839
16.562652
15.143547
5.094477
8.591508
12.876853
18.373153
17.178763
13.403369
6.176029
6.724447
19.111723
19.518434
1.500386
13.432703
13.148854
11.362325
6.296861
1.342649
2.060242
13.589865
13.897445
21.668959
13.241093
13.280327
12.094178
10.825540
10.304225
13.638243
23.598611
4.341423
10.396172
6.694695
6.521717
10.989689
13.280605
17.615555
4.667397
21.680327
10.864709
23.003439
17.892252
17.096652
24.663507
5.088927
12.876485
5.268689
20.318061
12.688644
12.939721
12.760428
15.292445
16.748663
18.451989
7.360685
4.956217
13.854089
3.363698
21.759113
10.104751
6.610818
3.608235
10.919688
2.613592
1.085080
11.177801
1.599101
20.459562
18.752254
16.907213
12.610326
24.361154
17.845930
7.499512
5.271762
22.477741
8.892489
18.181744
20.387169
16.546632
1.524832
8.616471
12.859665
18.352755
18.130836
3.218821
0.338647
14.889730
16.373915
17.044127
16.132167
3.395945
12.785599
17.671879
16.413895
1.080047
16.461840
4.869955
5.898962
25.578352
15.941517
15.755267
10.425236
15.606885
21.547048
13.765077
19.099292
14.100928
0.827561
13.732766
6.790649
4.126265
10.150307
4.543576
17.917110
12.683589
3.974809
14.193009
10.633269
3.461130
8.219604
17.209592
7.520265
22.786394
8.621606
3.974772
13.101218
21.372129
16.066601
1.407747
4.944045
14.534886
3.367872
14.040867
3.418923
16.528599
21.241714
11.407466
4.120341
6.232650
0.099766
8.681068
16.605970
4.968937
10.579021
11.509649
10.515318
2.801890
15.336853
27.738368
3.213145
20.260322
15.818337
7.018989
22.432330
17.287627
18.505849
14.800483
16.547771
22.746238
23.788692
6.180876
2.809930
9.020301
9.496888
10.775631
4.879535
13.752652
16.917898
15.412862
6.084348
17.986959
11.128764
6.331009
14.912743
18.753607
18.345980
15.242496
14.128783
11.668070
2.491199
9.540855
22.690567
16.542983
21.989164
0.538546
0.302289
19.048140
14.473187
11.668397
6.665121
23.073570
12.606968
11.136442
2.764076
0.854155
2.899321
12.584953
20.367859
8.177994
11.042707
21.640523
19.793917
10.936346
16.021339
11.990056
14.649010
19.714237
12.986190
9.218238
6.154101
18.079266
24.781019
3.244274
11.803340
2.053757
15.961203
16.072204
13.862938
20.262519
8.079597
0.565055
14.280085
25.235563
2.847123
20.125234
23.512281
12.113477
11.553572
12.632329
10.799490
13.576467
14.261240
16.958933
20.080390
5.456177
15.802837
2.002595
16.484105
5.112858
7.700284
16.169603
13.703921
6.374928
13.024669
13.648355
12.012777
23.126231
14.283882
15.233774
10.863027
5.055466
16.817376
9.288742
21.748325
8.688363
10.716965
18.405883
5.815918
5.769003
4.347245
3.755266
15.086503
18.832535
19.138739
9.669636
9.861418
13.481347
11.904941
12.254687
5.545192
8.165820
9.345263
13.964382
13.286462
4.569151
10.885626
22.480110
4.435328
9.218063
22.556818
13.627897
9.318344
23.532161
12.098575
25.658990
18.268811
7.592918
19.558310
17.000813
3.760893
3.900586
18.000962
14.783788
11.068242
20.327242
14.302678
13.754195
8.865018
7.029830
16.075225
16.553402
11.042493
5.905430
8.423316
15.197956
6.042028
7.278257
16.708122
2.223917
14.567896
7.942458
18.966432
13.727620
15.921088
13.688304
10.600129
22.944528
1.532162
9.267659
9.221219
12.808306
13.999068
2.764788
13.410208
19.313157
4.412197
20.803907
5.424918
8.630382
10.979807
6.113888
17.136122
9.748504
12.683208
8.564490
10.073624
17.686640
17.228879
13.573710
9.497833
8.942450
19.412130
15.110795
14.699422
8.976189
0.253923
14.273623
16.655324
9.738827
7.265431
15.446927
13.582328
19.104256
10.216076
13.196523
14.355420
1.942882
15.290903
6.079926
13.017230
14.680350
8.750111
9.356968
25.597760
10.321742
12.433890
8.147279
7.573808
15.964904
13.418809
25.753094
16.082677
5.087023
21.919425
9.065960
16.983530
8.061045
15.447178
3.239172
18.485998
6.562038
10.968534
15.972045
0.054551
11.119531
8.844317
9.685074
16.872511
13.632202
11.630002
3.958374
11.559128
18.547123
1.519428
17.226782
9.701871
3.335061
11.094099
15.446204
23.682955
19.077062
11.582639
15.316690
12.260359
18.775775
17.193828
17.065665
8.963454
7.853627
10.503690
2.014153
16.939659
0.881886
9.874348
17.577749
10.129988
12.488331
16.593672
4.559501
13.469597
27.224737
4.897633
21.341632
14.317237
6.617568
17.969502
25.479422
15.066877
12.363706
10.661410
5.659962
11.834133
15.802234
18.685398
14.408655
21.357491
12.448153
28.899809
19.115804
14.329688
5.935771
0.888466
18.734510
17.839716
20.643700
14.544906
9.253768
16.162117
15.646098
16.015822
4.689326
9.223651
10.080637
18.286837
8.864056
0.356072
23.350621
22.102289
0.815810
9.158401
13.909817
8.603600
18.995219
12.459300
16.290696
14.029604
5.198883
16.511544
5.694997
8.659048
11.739235
18.341468
3.803857
8.166411
6.443879
0.261115
18.213057
16.575235
9.112338
8.297573
14.403848
0.042176
20.846396
5.371717
9.034058
9.427252
12.681732
9.861371
4.650763
21.557521
21.460835
7.365838
13.754950
4.716501
18.590939
10.673496
8.571523
20.396515
18.105117
13.222752
13.456473
4.118810
4.271092
9.634552
2.551855
11.518994
20.422123
11.038010
9.339743
16.702063
3.632284
8.184009
18.240389
21.761408
22.313934
0.201559
21.762675
11.770463
12.314226
16.712667
17.736496
10.546816
1.695151
17.980602
2.952601
10.784638
15.699263
7.894541
17.724720
25.253745
17.297795
26.505488
2.989183
20.208203
16.785851
11.664268
11.644279
20.711835
16.344202
13.264632
11.169704
6.498099
2.036356
19.885099
8.868413
3.721547
3.645215
23.859352
6.740304
13.933541
0.515904
21.587012
10.441420
13.331320
20.935494
12.526283
12.048284
15.164707
5.649434
12.877550
11.593106
18.102215
3.007260
11.442262
6.468381
10.602392
22.593462
18.555300
0.853967
10.042580
11.811275
19.711501
11.740450
17.089281
19.342773
8.506379
14.898437
14.436752
9.669472
14.004909
3.304544
17.452194
18.453769
3.042362
16.624235
9.732191
8.554550
3.570499
10.691110
15.824979
11.095308
0.076376
14.587786
12.480885
17.825378
7.207991
10.405069
2.878734
11.759628
14.978392
0.666475
18.451048
15.342703
14.336270
7.807173
4.808885
10.892288
11.489528
17.489760
22.891040
5.715459
5.973922
19.995942
19.992409
17.504360
13.614285
9.422282
19.953639
11.349638
13.217502
20.087708
17.261108
5.123023
21.001358
4.562047
3.221560
17.069418
8.777758
1.418372
10.219038
17.055316
10.837670
11.715973
4.492818
8.335904
15.903479
18.220951
6.958486
6.409706
8.756705
15.473350
12.572024
1.599055
14.407874
8.795245
19.613240
9.290275
10.992425
0.045617
20.435064
4.708003
5.315339
17.298678
15.610481
3.829101
19.145083
16.089046
20.779566
23.228928
8.705297
10.388382
27.056778
10.236085
11.164097
17.780370
15.704948
7.406024
21.711490
13.989714
16.778842
20.198551
2.208115
21.747375
0.440185
19.023856
4.159761
11.253538
9.928528
5.247700
14.066485
10.655224
15.105290
7.987809
15.952963
4.468206
16.431350
14.908199
11.168275
22.872552
17.830156
12.349008
14.424012
22.104758
6.294826
13.858725
5.955510
24.102214
27.860174
8.633091
7.677112
23.677881
11.752470
9.351316
20.208281
14.250326
19.844969
23.392191
17.339061
13.105765
16.241095
17.442029
10.699606
16.037936
3.302320
15.132243
1.244060
18.066107
22.920723
10.125131
10.592533
23.387399
12.107797
12.793429
16.174728
17.883433
8.905896
5.617549
10.576368
7.695776
14.555379
18.111195
13.091156
6.708367
14.903042
11.451259
16.139439
13.531430
17.617349
28.134804
18.666082
13.491400
10.367276
15.592985
11.898464
3.886560
2.794861
11.405805
6.884520
16.087809
18.489598
16.088196
10.425870
6.339549
20.826031
20.455028
12.374329
15.430015
9.950902
18.610186
12.106304
12.667181
11.729788
24.584521
21.736201
12.782987
15.923874
22.691876
13.593511
7.960157
4.237113
10.982605
17.777325
5.765964
18.058677
16.326812
0.286768
22.537805
19.696834
6.158956
12.902346
14.309233
29.964599
7.614823
4.719104
20.730219
7.946033
9.280513
7.709927
15.950547
12.036443
13.236305
18.336562
13.713637
3.434370
7.996874
6.371786
4.520620
19.784839
13.066694
21.828340
16.136830
17.791221
5.739948
13.571805
19.058235
6.868796
22.929074
1.135558
16.400156
6.766985
9.217823
18.139128
10.986624
10.539684
8.643081
13.131512
6.866673
12.201391
7.083331
5.721844
13.254656
19.795848
10.103515
12.262964
14.419286
1.246617
0.713592
3.511267
12.202038
16.914229
5.531553
9.817593
6.761393
19.323268
21.922649
8.398274
1.985351
5.772719
12.945151
16.315870
10.516308
5.060501
11.693237
12.078549
17.571650
0.688209
6.545427
11.160773
17.350081
1.498709
15.748306
17.949481
19.057644
27.101635
22.679254
29.437851
15.338713
0.578188
0.459160
17.799066
9.146082
10.872085
16.758244
6.533337
19.213083
10.301833
8.265066
7.485387
7.027356
21.711344
26.439193
16.750737
14.601226
3.458280
21.269458
8.665216
20.117375
2.372625
15.068205
10.582135
8.820759
10.136744
14.824794
18.507579
17.396216
6.012202
0.704234
16.924789
4.768934
16.586023
14.217245
13.533152
4.076451
1.474773
20.897393
10.590276
15.740854
13.677949
7.283988
5.300900
19.761835
12.864639
10.372495
4.838282
6.185011
20.698030
21.122731
7.130391
20.275043
14.627930
19.485688
11.315688
12.124518
12.456082
7.245657
3.385361
5.417932
5.710703
16.163573
6.408550
15.031869
3.268396
0.498338
11.978937
17.168517
7.781625
16.313965
10.265317
13.874621
18.930420
5.859264
1.737220
18.080789
14.463382
11.593259
15.116191
9.980803
1.065401
5.944074
19.131069
12.438421
8.316654
12.359849
15.643356
4.989577
11.037474
17.859054
17.076577
21.529209
5.684761
15.819985
20.361378
11.743803
16.922529
21.385154
19.513666
11.296327
21.656575
10.387233
12.908418
23.682887
4.485449
5.396483
9.701939
12.109935
7.010990
12.126094
9.218045
6.764140
13.200954
6.677548
12.294142
15.160934
14.204276
14.829896
4.174250
21.490299
17.227748
8.843018
2.814959
12.202117
9.247249
21.560937
19.373452
21.479073
0.530825
14.573833
20.790298
2.100013
0.020276
18.287078
11.063485
7.948876
6.725521
11.828817
17.242632
1.785770
7.002343
