181.717650
144.019434
146.842977
162.269664
158.628844
113.749132
136.110388
144.163101
117.858046
120.082137
129.754027
134.144995
141.984310
147.699628
153.611527
128.391017
136.561840
154.526591
159.681503
143.239223
173.950714
143.740712
129.362285
124.909358
126.533445
152.282770
156.342708
115.363772
144.728204
150.126039
155.306599
166.600005
123.085906
116.090766
140.258593
152.857594
146.459133
158.048563
146.386251
146.387081
120.160658
175.012081
150.612865
137.961340
150.081344
100.876691
124.438193
126.607434
154.972649
123.268815
144.970849
149.801110
145.928974
145.079689
132.248903
153.130578
157.699043
136.200575
124.155932
160.391630
157.809847
147.553032
142.266959
148.911230
133.384423
143.078136
152.239157
142.951869
125.636765
147.469891
142.303604
113.367769
161.134850
125.965554
122.348554
156.665131
176.710359
152.751483
173.318024
146.888708
138.395725
138.144816
144.361609
153.800633
166.835294
161.589818
182.123954
149.363416
148.538828
148.135860
140.297835
157.183000
127.549981
150.410635
111.860024
124.943755
163.179743
114.326229
147.720575
126.635456
99.170141
158.668365
154.797604
151.993023
137.156694
117.012047
141.183605
129.677649
124.685920
161.684644
147.762865
125.180550
141.006038
103.323065
152.959992
155.821967
144.754025
122.504006
160.308797
135.828009
148.473575
159.461791
134.726099
178.358500
124.667882
149.422384
146.823053
119.815977
141.429554
149.860107
131.608975
145.914805
138.323978
139.778821
145.514285
115.750093
144.686277
103.569834
132.391555
124.320435
145.644472
138.049443
152.874510
143.327922
152.003818
143.363099
151.192295
132.785665
131.305097
122.002048
129.246620
146.098133
142.407072
149.383051
131.724121
157.689613
137.171538
131.635348
153.754952
138.067111
130.109844
135.829736
145.097570
125.787973
139.390053
144.929844
152.128780
117.565371
151.964831
142.534052
108.367925
106.921036
111.350779
136.015296
124.265911
165.127177
147.836781
146.931885
150.902067
147.405483
142.114841
119.516328
125.957864
148.073425
156.238074
128.196197
153.277296
155.303399
144.839333
99.686527
138.990635
127.214787
139.549933
167.762654
162.525056
139.323837
157.439518
143.293541
132.387188
128.651189
144.216805
114.508227
137.564929
143.237833
140.430261
159.047403
155.526969
153.381083
142.209202
121.746820
144.910678
132.071107
152.243118
157.414737
119.097880
148.353519
144.323599
135.314505
93.365778
124.917593
149.976145
109.287692
125.733439
133.426161
130.206305
114.004351
163.990358
155.427402
154.257752
140.071678
128.643924
140.999529
135.231739
137.188220
182.247459
109.325336
164.977557
135.200821
172.289575
124.253106
146.363722
113.237992
147.101635
161.323347
161.850211
112.890059
135.049286
121.318256
139.383131
140.733441
145.766236
135.713382
156.137540
136.012301
130.072117
132.195897
149.698117
150.947524
145.867345
153.071573
147.693744
149.511862
145.030260
100.588140
161.306396
139.379700
141.788702
133.232840
119.419849
117.043088
123.984604
127.903580
144.506431
142.402696
167.672928
153.446461
139.937131
148.174372
143.800702
114.226888
134.299435
122.604315
145.847778
140.829742
114.308284
140.489976
135.100057
160.495264
143.501309
118.398300
156.534047
130.015020
141.925670
164.149611
134.208992
155.069117
118.415448
178.056918
130.915838
124.075400
152.027004
151.426621
109.805294
136.787212
145.280115
170.904629
137.970064
132.305554
140.807366
146.148322
150.027233
142.469290
133.912590
156.789349
162.735817
136.702018
155.339864
117.088488
136.815140
121.803948
146.203286
127.592330
155.275959
160.426502
121.957593
128.655882
161.269670
162.233668
131.366146
140.249762
162.752609
172.745482
145.743109
151.582114
118.696265
98.254567
126.395535
150.244311
145.171413
121.131170
150.847967
132.037086
151.157030
157.478183
132.895391
133.309354
126.745904
136.140341
117.244832
144.928480
121.372419
147.169472
154.002623
150.223298
133.059536
142.427916
163.982279
154.841711
128.006310
137.366082
156.822309
153.622405
113.149275
157.892993
155.079498
114.100167
153.633224
153.694410
151.880651
144.407655
105.755296
158.554915
112.674624
165.994109
150.504149
147.728941
163.021983
148.952081
141.004254
139.360766
137.220768
157.251643
126.627332
174.823765
131.663024
118.744733
127.295505
138.280207
132.842470
134.766127
117.770854
145.990799
136.404265
130.003720
119.453401
143.904366
180.680865
174.708700
147.027388
132.329862
146.042677
147.061235
136.868479
145.039661
154.133073
144.213603
167.312221
150.128240
181.020699
133.910235
101.692685
163.934202
133.187054
142.163506
133.309199
137.125425
156.546096
120.155585
142.725663
136.983311
168.855542
146.051684
113.313850
149.235875
161.489462
124.746434
138.222594
111.223161
161.141859
118.724351
149.892234
154.031961
134.509003
142.301285
156.020207
128.807616
145.552968
136.213577
148.337331
110.583209
146.508431
131.369553
125.977269
139.154597
140.144168
161.514713
157.867151
145.136750
128.078313
136.827607
129.239572
168.980528
129.745799
150.822091
111.569664
153.027222
156.585393
115.375757
140.254595
128.204887
180.493366
174.572353
157.528748
124.365266
145.212778
147.273974
143.146393
107.767345
137.125780
138.720924
124.386199
119.826802
152.885431
122.020264
143.658820
170.489511
120.859533
157.822615
114.904410
109.689538
143.512129
108.083074
158.425716
155.122578
146.285734
128.508710
142.254781
145.410451
100.142915
147.718889
148.627017
181.879976
166.571857
141.640418
163.395285
149.562252
170.665914
142.668864
108.103948
153.653702
165.032304
125.472377
133.373449
144.564225
109.086052
161.900025
109.518996
127.708853
147.496298
164.760508
99.290473
143.060923
120.356251
160.572820
152.607072
157.563232
142.788107
117.037508
130.281490
110.029124
106.085029
162.905998
142.847048
169.609379
151.031018
132.133818
132.652235
144.266033
126.585882
154.505081
175.700191
156.310471
119.168309
152.124332
140.978289
145.773431
119.523649
185.229189
139.988585
122.053766
123.381230
146.738505
127.960009
133.480430
123.583498
113.387624
109.094381
171.669120
110.851005
141.463341
133.515014
153.228658
131.144589
147.139533
123.293879
164.574330
175.931468
140.901929
123.408789
136.149179
129.563872
149.510178
147.973100
131.681625
161.329335
127.451243
162.486577
140.900565
136.281736
132.373772
122.688334
108.102917
144.686690
156.045846
131.298255
146.237492
160.585587
140.010400
164.147659
123.421787
115.927687
121.513014
137.537223
133.792663
148.654647
128.055523
147.886874
141.642881
152.627386
116.269675
155.299239
134.425400
135.237729
147.038804
155.785913
113.792600
144.939802
122.459669
132.778816
115.987514
107.214366
135.503816
127.920685
146.422267
156.460886
147.154840
163.313174
121.797204
131.183399
144.788807
144.986833
183.392810
140.720666
128.120414
147.870599
137.305823
142.751902
133.371699
147.704198
143.272811
155.809117
176.927417
138.118469
138.571544
157.573973
116.148980
129.972842
152.095293
126.972170
147.052868
153.376612
137.276305
153.571669
158.336527
110.654114
106.298381
115.313496
121.982359
103.601647
120.702648
134.503072
132.601632
135.540864
139.860242
124.401706
173.640045
145.965865
157.807124
150.427157
141.210824
145.336545
145.342592
154.817868
120.448985
138.995362
137.246104
163.184478
136.202710
147.652723
174.554962
110.782125
134.087778
110.921079
161.970820
107.083906
139.690019
120.044060
126.206320
134.076913
161.912797
148.629501
148.000123
153.485411
123.562336
146.335456
126.186536
136.032522
183.501992
139.899745
134.077595
138.709829
148.227110
141.515154
128.017984
136.084280
161.220626
123.522277
144.960323
146.545336
160.513942
134.025697
134.052415
135.795742
126.191849
108.203219
151.183495
135.606711
148.003133
126.381643
134.986426
152.976116
134.234295
98.917703
153.951190
157.249440
131.731324
153.988838
134.741384
135.497886
155.270815
116.040771
109.898775
139.149606
122.909943
109.172910
150.511800
134.466544
151.222031
140.291621
131.743723
119.551681
137.432341
131.853466
115.692615
133.992916
160.563733
107.637583
135.115309
166.474769
126.609040
103.247236
149.887998
113.031022
149.735932
168.290074
147.720948
128.339500
153.010088
123.545136
157.510749
128.760891
121.117016
115.792502
150.039915
154.533441
95.179849
143.433413
130.813764
159.028870
130.523766
158.620928
137.511095
110.608316
130.334705
177.191445
126.177181
139.835838
136.882591
123.361283
125.759372
150.342281
158.594951
141.001138
110.013479
134.779721
177.491436
136.078049
177.731583
160.458501
143.073164
129.135201
124.159441
157.164324
149.519925
164.752050
161.277371
172.745330
153.343731
131.905143
135.575388
139.636923
121.840657
116.158139
138.049829
139.969114
142.426349
148.320405
127.664543
141.329111
177.637353
155.446858
125.619215
162.496166
131.045361
167.790400
139.341081
155.385014
141.854081
139.905062
130.590782
156.466441
130.789254
155.426305
121.979006
154.400018
154.527164
143.521332
160.608091
125.610855
127.142871
142.529772
130.041135
168.336382
124.514988
153.997264
135.411272
116.908021
120.565398
163.292294
158.395058
144.754865
128.652813
152.006469
128.951431
127.244268
170.195892
151.197241
163.552517
166.628507
155.949841
125.809457
168.283945
163.478599
138.329090
133.211374
131.476829
147.171396
136.089674
154.858514
143.038979
180.837764
158.202469
110.196326
142.719562
129.774286
139.414428
150.466438
158.806817
139.214240
158.704357
115.483919
130.283377
117.409303
138.812082
128.978459
145.413687
128.393926
124.766268
150.520668
158.745324
160.180932
164.872390
140.685604
144.312092
123.720002
135.702429
166.779632
160.495484
124.417607
147.556025
130.618107
154.417035
140.934536
137.098864
147.498997
150.527060
148.961773
130.985412
172.934920
149.354864
144.214956
157.080124
148.156925
141.870268
137.350395
167.484214
132.327493
137.817205
142.549644
161.760598
135.883658
148.413723
117.034154
115.276402
140.976482
140.433040
147.770222
134.295694
140.076272
159.998225
161.689704
131.893795
133.813922
149.777560
142.931690
165.258414
152.428468
169.823527
155.409032
155.753024
141.764694
150.528706
109.504198
139.302090
150.888675
178.385161
161.293026
132.080157
137.837045
160.946080
140.623474
145.041630
129.554050
175.062442
168.608539
161.881094
161.289412
139.670674
161.249681
141.776446
156.567227
143.084829
169.220197
157.035744
129.251443
142.946537
111.028915
140.706133
132.010888
137.733835
152.263020
105.355959
158.236960
122.728594
130.481833
164.667670
114.681825
131.664838
125.944866
122.849188
146.201746
111.711468
136.614083
146.906868
131.253276
130.963116
140.169300
131.654674
135.430986
154.874405
173.666093
144.852900
120.612685
153.596485
136.837936
137.691083
132.764529
166.068003
113.003725
132.897490
114.488200
136.473757
154.546848
135.161453
120.340529
112.522097
141.134735
133.795341
138.373578
142.807227
167.478009
130.990616
124.366031
157.933274
135.621720
156.318342
156.508070
156.858936
168.509042
175.122184
142.038594
161.503508
181.014641
132.538542
149.105401
149.589719
139.149243
136.622097
130.549254
149.072147
127.328253
121.861316
163.284012
127.079490
149.222063
136.828413
183.144632
170.789403
163.827199
161.248430
127.000249
116.620649
153.965181
126.770153
124.633265
155.152152
136.441442
113.223785
154.431429
118.758174
148.244312
117.940709
170.093560
145.380040
130.157249
139.627424
127.005208
133.242743
129.865785
160.151381
161.865694
125.469172
146.764328
149.474402
135.976159
121.630203
152.482988
116.266074
152.835701
134.297487
141.923100
154.950257
121.280780
168.221124
117.354758
141.581249
130.447257
169.224584
109.189142
159.132907
137.472925
113.845116
159.071778
111.970485
131.468704
140.844305
134.592583
112.660779
116.032242
126.320922
126.811371
167.183202
107.989048
101.894193
154.310251
147.539922
156.877817
149.590534
142.198137
151.641142
162.954889
140.372599
118.593545
96.050127
161.323488
145.903215
137.095757
129.517884
123.033436
148.801721
162.403943
146.697527
164.289890
155.515404
141.171583
105.301421
146.262167
132.821728
154.266931
165.516205
130.156959
143.803515
184.729716
127.858246
141.805715
145.796738
149.296321
132.703615
100.134044
113.860731
151.615646
110.633070
127.422448
123.984223
165.171276
159.058933
133.669292
154.519614
145.051485
121.733934
151.348779
148.139040
139.457190
142.829903
144.408983
118.915550
140.138124
138.306280
168.984196
138.085815
177.959140
146.776950
140.387465
166.310034
130.092153
119.822211
149.952186
148.714120
158.574453
133.304569
164.666614
125.044281
145.487376
134.752533
110.410222
166.797326
115.783062
