14.997461
20.231040
22.407565
29.379637
13.662906
20.284056
27.937080
8.247061
27.084822
38.929232
6.479085
20.942152
22.819865
27.046016
13.360910
29.964423
13.911689
33.374206
13.768146
16.848844
25.019268
4.033189
25.664581
30.413097
11.038896
10.948947
14.683630
35.928143
27.727136
11.092364
18.856601
10.755880
11.901530
45.351180
21.348647
17.971545
22.063395
25.263809
22.331414
24.530711
35.156448
21.499283
35.158858
21.807149
21.703342
32.312664
8.261430
12.933083
5.698371
24.004257
17.268820
20.477482
24.803446
20.583656
1.747364
17.474971
8.935291
46.992978
4.889531
18.661061
17.939645
26.786088
29.974275
31.064876
19.146033
17.167373
19.674653
10.007348
24.877126
24.477730
24.165792
20.319509
33.452792
29.205317
12.845060
34.199127
23.433102
11.080237
21.463036
21.017990
18.573974
4.052856
35.706708
25.517351
30.419644
31.900174
18.743606
24.643452
29.370558
21.935473
21.977630
20.530327
8.629647
8.487455
21.982869
16.160748
33.417037
6.055025
14.155401
24.455024
12.768644
29.519691
22.199055
2.568823
22.690704
35.851922
23.367940
5.111939
40.605909
23.741388
2.106531
35.176855
4.476031
24.674819
23.249260
2.747023
32.899479
18.724616
11.551159
30.164176
17.763272
17.381884
20.499643
21.219831
29.432874
24.135783
23.205103
18.968466
29.939356
18.186630
18.493796
10.743848
2.729914
24.440312
32.138568
10.215750
23.792293
29.169942
11.217626
19.222539
22.881852
24.989037
26.957043
23.947010
22.229756
46.257486
6.441516
33.210408
28.567844
37.087311
9.450443
6.007368
21.163519
31.645151
14.176647
44.915831
17.487427
31.110160
23.324806
30.314039
24.315223
18.379424
24.280506
6.011125
30.332348
14.670893
24.194195
13.893142
29.410822
35.145076
23.015348
38.388941
10.906624
6.020727
4.712405
24.090647
16.210574
15.413528
16.051585
34.105202
24.642045
20.591346
24.611850
20.745946
34.952038
15.042780
21.175554
25.247599
32.488865
10.994650
1.702195
13.143424
6.496956
32.487942
30.951606
18.150748
22.941787
20.036390
17.065358
27.229962
18.671997
22.573999
8.321997
22.372035
17.373390
7.580259
22.536547
24.783829
7.422309
19.568149
13.636956
18.315679
18.412563
20.324910
25.718036
38.743973
17.901286
21.140838
9.115980
11.772202
31.296958
22.272077
31.561537
12.578371
14.585916
30.661520
18.478332
19.673747
18.511463
19.825509
25.681526
18.778458
7.099729
15.797386
10.482381
6.762470
17.642956
32.534731
13.278031
28.829029
14.709756
28.145781
17.256294
5.435321
21.069388
10.293537
5.247055
28.820681
9.831199
27.906584
15.942690
4.331625
24.496754
22.882314
21.395384
8.696277
20.350670
28.188906
26.296081
19.603148
17.531333
27.370566
24.236650
45.627442
38.630251
9.390322
8.726851
11.760073
29.251718
11.783098
21.629262
15.089633
23.554918
17.300643
17.321578
21.149527
21.325711
24.893643
7.791318
23.634298
23.233114
26.171813
19.349368
23.326042
27.132476
19.557750
12.493709
25.885138
18.093621
22.700879
13.275189
21.005073
19.602130
23.185378
33.146460
22.091003
23.382055
25.333468
20.372632
24.910195
23.681931
27.000959
19.770886
22.280395
27.834145
4.386044
19.013746
1.783018
31.406572
13.798576
28.683597
31.341208
19.808700
34.354863
27.026643
5.137111
14.139441
23.249578
7.374744
15.646267
20.114187
19.916935
32.480106
24.618554
9.663187
24.679608
10.497698
13.526900
12.035278
25.301831
28.747788
9.436831
29.510020
28.055885
15.373788
14.515780
22.077203
28.623722
24.094279
26.912612
11.105608
9.642704
32.590652
18.684623
17.080012
24.743517
36.626883
24.504133
20.459353
23.763098
3.351293
22.086603
29.767319
30.097844
28.000589
25.441955
18.153879
14.664583
26.628858
7.379980
32.889077
30.746552
41.424152
19.490311
26.521845
25.229398
12.619437
22.348456
13.858426
24.535233
26.558307
37.692701
27.090314
31.418489
19.505809
23.732839
13.780009
25.164234
19.660792
36.361511
19.244395
24.816694
27.289091
24.621037
26.564086
8.251591
28.858043
18.916295
23.001560
9.833657
24.976725
4.915857
36.221395
19.095499
20.198917
13.350041
1.104001
19.837654
41.983123
20.123280
22.998275
12.946647
24.513029
12.325765
30.533899
13.406436
7.554788
25.499338
9.875941
31.343771
21.033778
1.522184
22.810463
26.469973
17.216659
16.406121
14.343609
29.952498
42.946303
23.800964
12.133291
34.630905
4.992150
29.931008
13.655400
30.512883
26.048762
23.572953
20.453018
18.679315
14.907427
31.975278
28.653082
24.322571
28.111614
41.898024
30.202362
20.866407
16.550049
10.559615
36.837954
25.443180
3.408056
5.464024
20.289959
23.730596
11.509122
23.184911
25.183578
35.296869
24.391060
6.848702
10.266671
31.384092
20.293221
9.923008
41.711745
18.473962
12.418951
16.152224
17.673358
19.158714
16.891603
22.482797
29.886320
11.674600
20.110451
29.619431
29.399526
11.321411
21.177720
26.077518
6.052829
26.727433
28.266723
13.353282
25.117754
19.601322
28.515978
17.422343
26.006653
23.598594
37.404818
21.534752
28.582025
24.408474
26.305976
16.197280
27.556827
23.506852
31.353833
15.010172
29.169464
32.354295
25.724129
37.059649
3.350068
24.737635
25.569498
13.686088
23.780456
32.636285
18.573353
27.641301
4.222230
17.792399
18.161308
28.902209
28.696507
24.507170
18.684908
23.520781
10.126446
23.971884
13.099276
31.262561
28.089174
20.262321
7.650193
15.820809
26.215881
35.403795
30.640776
29.678556
9.545468
22.497668
18.952552
20.726786
29.644920
26.113308
22.579655
23.117919
16.770966
15.235289
33.078466
37.135182
26.524661
29.330022
12.365832
14.924489
29.083447
32.245504
30.298428
5.845536
41.530991
16.302861
20.732510
40.392939
21.552814
6.703526
19.801815
32.560539
23.755059
7.026194
9.588076
20.767708
36.442430
37.507921
6.327823
27.414205
35.112076
29.345797
18.389383
30.147313
14.734919
33.319149
12.565371
28.200150
23.260080
28.814007
21.934338
35.005015
23.650732
9.998944
14.876241
22.167231
16.292498
37.351427
7.579130
20.867626
12.756415
26.871690
29.198635
25.590193
5.271191
26.414227
23.278408
19.738296
21.812988
24.290882
8.099174
22.432847
21.030387
34.669641
20.845534
26.507502
23.032600
23.180667
7.016083
24.300063
23.705022
20.549627
12.597977
34.625521
28.312602
36.847191
12.626884
35.206151
35.703953
17.643477
24.958065
22.351900
30.103798
18.843112
14.501382
11.422636
29.151466
14.079675
26.416615
17.729574
26.883998
10.264906
21.895161
23.573249
13.742017
34.934483
33.039025
25.633339
3.486295
34.813907
22.327812
9.418990
21.605507
17.595807
10.156439
20.940963
2.502870
18.597745
24.183301
35.008056
22.730054
13.053417
30.490176
36.504219
19.337889
15.177623
8.198683
33.057839
28.787839
30.391590
12.933980
19.863755
28.104295
28.601739
18.454245
16.791751
16.076653
10.102803
22.879702
25.365534
12.153532
20.002875
20.787111
11.824476
22.339339
21.496394
27.605055
4.704128
25.990298
10.449244
19.860257
13.351655
22.472709
27.771605
19.537425
35.844443
18.433569
22.315165
27.106546
19.551041
16.075049
22.209805
24.452321
43.762567
19.833554
17.288153
21.789698
12.371370
5.358002
28.388177
18.970476
55.412026
23.041214
16.071466
33.515397
26.029136
19.645462
11.037067
27.148159
20.197875
31.462624
9.235581
24.863530
21.121551
18.639386
9.159832
26.718915
32.447179
2.259610
14.236223
15.270804
15.154212
25.052550
23.787434
10.327230
33.380388
18.588167
5.167884
9.965625
28.552630
48.067696
16.643225
29.613255
30.318943
21.214493
39.756551
0.713817
12.036758
7.125128
15.425332
39.184178
21.753184
21.251013
32.855726
39.094442
29.590684
31.076861
18.419442
13.329663
6.339502
16.955019
17.252209
24.563779
14.259631
4.052400
13.994486
31.167521
18.039105
27.546108
24.625488
23.899583
28.166385
29.335506
7.759365
25.424322
39.690690
23.356676
33.635038
8.032134
28.513803
16.575203
26.186502
36.642003
29.913480
40.184111
32.355626
28.005919
3.582150
11.245598
24.827092
16.554749
26.143864
39.258508
22.799674
14.729518
23.261415
10.142787
44.297363
25.672244
15.520366
15.464062
35.284115
14.625444
20.212548
20.408052
40.549952
29.923815
31.086595
23.948040
22.960829
34.247872
4.043297
19.816016
27.938965
23.453741
14.010577
29.606399
28.003440
19.876055
26.420474
26.135889
23.161739
37.690210
22.977812
18.532240
4.842202
17.542721
20.497928
18.349706
15.583665
6.160667
15.867695
20.430113
18.741863
22.105065
6.289350
25.220363
6.305617
16.402283
22.078381
28.610426
20.249985
14.949233
19.854512
45.618807
30.128736
28.276232
5.863877
31.930245
27.676477
8.466494
14.587702
18.061270
16.473435
13.444486
19.430458
14.669495
24.892529
6.054057
20.078878
0.693339
35.111307
6.562504
14.666634
22.684463
24.251516
29.057229
22.676059
14.926105
19.988128
26.699251
13.163541
19.037114
25.487782
17.865515
25.509600
21.724554
40.483649
7.730997
24.527702
22.773321
23.396149
23.352598
27.015567
20.875590
16.895383
12.802287
18.594676
30.892332
12.194768
5.598089
6.910967
25.078745
12.198588
18.278600
25.857018
22.289033
34.160239
27.037876
14.868458
14.422617
34.594068
16.310535
17.958876
27.755956
28.432327
18.230673
24.113402
28.243352
18.084617
26.273521
14.891685
11.829016
16.528145
21.888905
20.763565
9.185096
31.931025
15.367781
26.217829
26.943322
13.327291
22.406502
23.557696
33.122539
8.842463
6.609188
17.834959
46.357585
5.839177
19.948549
6.423949
15.022924
33.404177
27.375734
10.402378
30.261980
23.943292
22.785653
20.709773
14.216500
18.784038
19.068308
22.709655
4.713336
17.267761
25.729235
28.512837
24.586533
8.433719
21.590574
23.741464
23.624290
37.097326
36.176684
22.898513
29.200209
12.607549
15.822081
20.673394
2.393128
20.024829
24.888952
36.348711
32.324532
8.663486
5.922412
16.046669
25.592210
22.868950
20.847049
44.057086
21.993585
2.485547
5.234737
28.537846
25.815104
28.436526
29.908379
28.711151
28.525927
18.729612
15.776635
19.671274
28.302260
17.669940
18.722412
15.688008
25.864936
17.086397
29.863220
20.768987
23.079575
38.481955
6.768456
23.023509
24.778143
21.520813
26.961431
20.711492
16.015674
28.901924
26.895899
26.903347
25.232294
20.393639
27.493042
13.581980
26.064291
14.854854
22.237640
13.617974
16.590344
4.829133
32.531484
23.063995
