1.696633
1.952096
5.750898
3.776585
3.705943
0.062092
0.541277
0.480216
5.183688
3.962838
5.845677
1.891812
0.417659
0.811164
6.278211
2.892312
0.622394
3.620148
5.220289
4.644140
4.803353
7.315906
2.617453
0.020528
1.548374
1.284054
7.385920
5.360364
3.173499
0.594111
0.883296
8.057361
1.736043
3.486384
2.084050
1.274424
1.788998
2.948237
5.103494
1.068213
2.137395
0.759616
0.097771
1.397778
1.109360
2.419958
0.611130
2.619244
1.108081
0.066457
0.526474
0.812778
2.257395
2.442967
4.258265
4.060707
0.741202
2.508936
0.856628
4.110601
0.996147
5.201265
3.408605
9.034874
0.092651
3.442474
1.719190
2.630807
1.285653
2.413560
0.109013
3.192352
0.096482
0.002431
0.894227
0.798785
1.185307
3.826393
1.749684
3.459687
2.980389
0.323587
9.105976
8.340373
2.395445
0.256048
5.073160
0.044419
1.210983
1.791892
7.267806
3.981133
7.222440
2.794279
4.846857
0.462062
0.093532
0.871764
1.142270
0.379352
4.411457
0.575539
0.746479
0.928910
0.331608
1.157486
2.961862
0.457908
0.884661
8.374684
2.267476
1.392123
3.230991
0.974674
1.094250
4.972151
3.020416
0.008026
2.699342
0.812739
10.971543
0.303962
0.914388
2.992853
1.402969
1.205743
4.470078
2.682064
2.317639
2.729617
2.588520
0.348542
0.370899
4.285459
1.606279
0.509775
1.281075
0.932028
2.045182
3.352524
0.901044
2.851594
2.931646
0.228890
0.597504
0.667473
0.609547
5.609164
1.334665
1.496199
2.645639
5.697866
1.452992
3.520858
0.033246
1.639832
2.720919
3.810893
5.479133
1.575687
4.657354
3.953979
2.460085
0.820869
0.269786
4.304550
3.050894
3.171599
2.259306
3.540852
0.345807
3.608139
2.029589
0.093114
4.881912
4.323654
4.496069
1.016432
1.964046
2.480654
0.184435
2.477370
0.449141
1.042712
0.989217
2.641955
2.988030
1.379786
4.419398
4.164316
0.297404
0.343479
2.352311
3.443936
0.878996
1.880041
0.082450
5.795527
1.163776
3.637700
0.866620
4.541122
1.653846
1.024252
2.789649
0.262418
2.568477
0.112293
1.667852
4.641185
0.071431
0.541095
1.431485
0.904719
4.145772
0.919107
1.252694
0.639120
3.386922
3.115714
4.476432
0.671622
7.936276
2.988911
2.603716
2.449796
0.706731
4.681386
2.188557
2.933706
3.145880
0.534579
5.504245
5.064838
6.276135
3.370655
7.833567
2.865376
0.905862
1.925770
2.319545
4.158295
0.036050
3.770045
1.328976
3.260489
1.552724
1.374691
5.097192
0.718165
5.409237
0.772310
2.487077
1.174571
0.441228
3.908652
2.206376
1.844167
0.526754
0.113027
0.469986
1.759620
1.476287
5.839053
7.066054
1.717631
2.221549
2.724698
3.864802
0.241750
3.909310
2.173227
0.094480
4.688072
0.302226
2.892758
2.583885
1.168556
2.283843
1.824393
1.010425
2.357930
8.556504
0.940696
8.956261
0.008972
1.777247
6.397736
6.337084
3.891600
3.305916
0.558742
1.848746
4.949963
0.616730
3.071239
0.091276
0.042407
1.643164
1.134498
1.710171
3.287043
0.941185
6.357504
0.606230
1.742841
1.308281
2.441348
0.374627
4.498202
1.070888
8.362668
1.101700
2.408555
2.633826
2.012581
0.789043
3.747833
1.348097
3.903718
1.490147
2.891378
3.414636
3.260454
4.249745
6.806368
0.818011
0.230906
0.310693
4.904093
7.275093
1.536873
1.546239
0.675125
2.514086
2.469870
0.044430
5.966638
1.025230
1.565209
7.919800
1.021392
1.507557
1.902537
0.249946
0.694113
4.876349
0.048803
3.021139
4.998589
0.646618
0.651059
0.363730
0.699985
1.074542
1.328767
1.273459
2.568562
0.434358
0.452985
1.337417
0.326326
0.232723
3.792701
2.489640
1.062786
3.967501
3.088197
0.693601
4.454213
1.653167
0.142221
2.839933
0.080173
8.357873
3.543117
0.608600
4.116886
3.580504
3.799119
3.075328
1.377625
0.675608
2.924547
2.500106
0.785497
3.758019
1.433743
0.463202
11.055514
5.160782
1.807275
1.109212
3.150155
1.740194
5.868899
0.021902
1.874081
1.253173
1.051375
1.841196
6.487886
4.287771
3.042002
3.703215
0.403395
2.282561
2.206438
3.462291
4.509283
1.554951
6.850119
3.234650
0.774091
2.398003
4.074598
0.234025
0.020777
1.546503
2.834392
5.713702
7.666111
3.993662
0.243773
6.561534
4.819542
0.597854
1.954383
4.236182
1.777212
5.600570
1.581102
1.837724
5.297038
2.627501
2.339177
3.989605
4.541278
2.742733
2.258283
0.055050
4.293151
0.737491
0.745333
0.968988
0.003451
5.524328
3.688407
5.117407
0.315317
4.658906
1.169083
0.067503
5.191282
1.020976
4.164837
0.315546
4.553814
3.638047
1.291965
6.070586
0.196786
0.468109
4.199967
2.184231
3.271835
1.203546
5.248507
5.529366
4.300048
1.957982
6.221689
3.699114
1.487453
3.704147
2.351623
2.965077
0.255246
1.434770
0.955499
2.350148
1.092830
2.089445
1.788121
3.578428
5.207220
5.049478
1.621466
0.323381
3.063424
4.399434
3.378622
3.928734
3.454720
4.226651
1.271585
1.753963
2.891914
4.859763
1.424259
2.923785
0.955043
1.277955
2.666178
5.732709
0.156185
6.513161
0.953924
2.978001
0.571223
0.239289
2.882493
2.564140
1.743865
5.744845
2.206006
2.426026
2.606240
0.550067
2.121959
3.824577
4.583600
2.167692
3.041437
5.698613
0.086450
0.492793
6.612285
1.911636
1.994567
5.815981
0.855771
3.543462
1.610478
1.937119
1.306512
0.394293
2.185835
1.245413
1.259855
0.700706
0.624843
1.812594
2.049315
2.267502
6.988171
0.611153
2.724026
3.076814
0.868079
6.028628
3.334546
7.696393
2.753758
5.636193
0.254092
4.699046
6.186132
4.128486
1.369484
1.891086
2.032534
4.379493
4.490028
5.426409
1.603947
5.501053
6.476564
8.447970
1.539700
3.526059
6.270484
1.686473
2.057284
0.109000
0.527871
0.325904
0.567373
0.995790
0.689476
0.581706
0.368453
9.938048
0.092350
1.283889
3.151588
3.279367
5.275937
0.026961
1.417603
3.880755
0.520127
1.956838
2.727853
2.756176
2.363361
4.342637
5.886601
1.608643
6.263282
4.683798
0.563179
2.682165
2.055960
0.525362
0.090229
1.420704
0.398697
3.851250
5.774063
3.343865
2.092383
1.881530
2.988079
3.902962
3.183255
1.792502
0.586701
0.723447
2.222082
1.614572
3.967867
0.245332
0.738513
0.742083
2.078270
1.966039
0.868186
2.800309
4.607019
6.507447
3.431516
1.988042
0.405538
0.229442
0.103433
0.214978
2.880997
5.025251
0.015054
0.462248
1.195998
4.365036
3.554698
2.946577
0.768971
6.964345
0.041998
1.097259
3.240009
1.290505
2.497041
1.882222
0.745783
3.839637
1.922775
6.441518
2.896134
1.380242
2.044319
2.275501
5.296399
4.726120
1.520135
5.208413
2.318028
6.057863
3.429411
4.707865
0.878096
1.722102
0.404277
1.219095
4.802001
0.932737
1.289513
4.794131
3.334315
3.764295
1.188057
0.808926
7.555246
3.581261
5.654674
4.438441
0.833952
5.010702
4.170550
1.696177
0.291069
6.112764
0.499272
1.041751
1.544963
1.149001
4.541265
2.563009
6.603343
1.604179
0.362438
2.895516
0.690245
3.891827
3.680867
0.141067
2.812827
0.413970
0.981048
2.282003
2.886761
3.964226
2.572444
1.084801
6.233567
2.035622
3.498979
0.718280
2.051471
4.808444
5.849586
1.797541
2.261447
1.681508
4.836469
2.528452
4.612915
0.556564
6.951049
2.290854
5.353061
5.675530
2.607169
2.673828
4.211579
2.956161
5.201293
1.134320
2.197499
3.877348
1.192388
4.315698
1.610235
2.374535
7.713697
1.717154
0.848881
5.161310
1.487356
5.427759
6.075103
2.385894
0.443984
0.023009
0.624485
0.895202
5.651849
2.496453
0.929021
2.112964
2.827906
3.496837
0.994051
0.116239
1.540179
1.428201
0.157147
0.225525
0.232188
1.783760
5.617129
5.641151
2.303349
0.246754
4.366209
0.184841
5.045945
5.201205
3.889557
2.277251
4.361679
0.729136
2.853935
1.758246
5.258149
0.037990
5.405062
3.827680
6.126378
5.593016
0.975336
1.956809
3.830214
0.572937
3.761855
1.091359
2.603751
3.461204
4.431621
0.100461
0.727926
2.327881
0.500659
2.015444
1.861597
2.783390
0.637339
1.462028
0.330894
4.988823
5.509565
0.676079
1.821511
3.384648
2.713632
4.306370
2.676445
1.552688
3.340068
1.428756
0.140129
1.320138
2.450133
3.859075
5.170708
0.770964
2.947251
2.543766
2.872959
7.604231
4.590445
1.908047
1.715990
7.936037
7.095767
0.609849
9.798374
1.261739
7.484364
4.274069
0.805569
0.609324
5.238121
2.014413
3.525020
4.184253
0.009827
5.018932
4.795938
1.367294
2.261428
0.096131
0.716994
0.630830
3.286097
0.122205
1.642626
3.594276
1.528989
8.100268
0.541857
4.192127
0.437956
4.025778
1.886331
3.487546
1.726040
3.338405
1.312860
0.629173
0.247187
5.415921
3.998166
0.963307
0.485627
4.576046
0.235761
5.153074
3.589992
3.106295
0.402983
5.392500
1.865670
0.978054
3.643358
4.882017
5.326691
0.407654
3.116345
0.159148
3.069737
5.153851
1.627428
3.837040
3.715973
6.027937
2.254531
2.510433
0.284917
7.136838
4.099475
0.657482
0.389920
4.342823
0.404026
3.927051
1.863887
2.045636
3.412446
0.392150
5.381667
6.560015
1.686631
0.318155
0.987188
3.554293
5.905578
1.783541
0.170622
3.293035
3.116747
0.163240
1.670606
3.144725
0.706308
2.370785
3.379493
2.348047
0.225016
2.469382
5.032394
4.344753
6.020071
3.614383
3.081460
4.168126
3.853576
0.461584
1.106901
0.978577
7.046239
0.459185
2.193955
6.828508
3.575340
2.408237
0.856035
4.919507
0.537446
4.199505
6.015714
4.128092
4.591593
0.836895
1.723750
3.261052
3.451400
5.334646
2.207709
4.126162
0.599526
6.636398
1.298256
5.878434
1.163309
0.336065
1.456705
1.012885
1.680568
0.158167
1.381220
2.729557
2.194139
0.530980
0.235858
3.593071
3.391737
3.899873
1.545506
3.025762
1.047229
2.917664
1.451264
0.903094
0.678399
3.146663
2.381964
2.371444
3.587296
0.980962
0.861634
1.882808
0.194997
0.711475
3.644747
0.091435
6.494764
4.405610
1.940417
1.180207
4.365458
2.523096
1.951024
6.294310
1.964253
2.394124
6.213198
5.483210
0.937722
7.843077
0.043645
2.682483
1.190690
2.431967
2.330203
4.782788
1.592542
4.742521
1.669351
4.796333
3.393834
0.849891
6.075669
4.325934
2.779939
4.495298
3.411303
6.991803
1.146918
3.611361
0.735329
1.771536
2.227883
3.501439
0.165299
0.763260
2.724509
0.259978
0.113433
0.338329
0.574296
0.032655
2.642360
1.643678
0.227353
0.988034
3.883444
0.539416
1.993573
3.869765
2.500061
4.075333
0.123594
0.151349
4.486838
0.611681
1.768824
5.490537
8.519444
6.914690
0.529897
6.085758
5.545233
5.363720
2.638865
2.308865
1.302829
3.172001
2.027975
4.227347
0.789573
3.341469
1.752759
2.930604
1.852370
0.022318
0.645369
1.002207
0.811460
0.131043
0.015521
0.225833
4.484208
1.104224
4.117653
0.856035
1.011113
3.435520
0.453444
0.840338
1.922399
0.322023
1.314546
0.130518
2.116194
0.819238
1.686491
3.024196
0.019494
0.115459
0.817118
0.990573
3.528286
2.554091
1.824591
2.608099
1.370301
2.692179
5.179635
0.557110
6.230956
0.063183
0.832290
2.509906
1.098888
2.539508
8.205382
7.101109
9.565607
0.856797
1.241638
3.204344
0.790028
1.673162
2.302702
6.929522
3.505961
3.424391
0.210903
5.907536
1.351287
0.343043
0.381942
1.500219
2.446285
5.508366
2.322753
3.806873
0.154045
0.983899
0.438674
3.808158
0.041320
1.146076
6.929123
5.070607
12.695779
1.199464
0.035066
1.406052
0.239650
5.584432
0.619685
2.453472
2.551310
8.029651
0.764235
3.727987
2.378400
2.243055
1.241407
0.126157
2.214337
1.195536
3.525234
6.349199
1.390075
0.006501
3.333644
3.277752
3.261577
1.032132
0.828233
0.062358
1.981442
3.408053
4.568704
0.323141
5.601752
0.116079
1.985436
0.598906
1.728191
6.232104
0.130950
0.133350
2.447260
2.719144
0.355051
2.376884
4.045957
1.091349
4.340802
5.377643
0.503809
8.840749
4.796387
2.252108
2.854924
1.662288
1.733359
0.859507
4.507485
0.033712
1.023435
1.701618
5.705712
3.751684
1.805647
2.617773
4.420821
1.381108
1.269485
4.513309
2.305777
1.220567
0.160504
0.474502
1.025717
0.695339
2.968995
0.033602
1.298346
2.019061
0.234467
2.431963
3.396541
3.046292
6.017562
2.420025
0.124347
1.972069
0.271801
3.364777
2.567885
6.107038
0.696722
1.179161
8.950929
6.285587
0.135791
1.118143
1.192179
1.713426
0.168401
2.738824
5.566402
1.303355
0.214869
5.714017
4.968977
2.683816
0.227873
1.504960
0.070531
2.294150
8.505907
0.279908
0.382048
1.202915
1.717384
4.245673
6.031972
0.402781
0.317789
1.126376
3.072050
0.264045
2.440827
0.111942
2.050208
3.310818
4.876474
3.347831
2.875451
1.125825
2.449760
5.359192
2.380948
0.521232
0.796752
4.396761
5.662623
3.985409
0.854792
3.481118
2.951195
1.032094
1.565301
2.938345
0.347360
4.033985
5.742371
0.776634
3.011339
4.655607
1.838269
0.803842
1.554262
1.970165
