1.986595
0.083428
1.113529
1.077643
0.214230
0.411941
0.622023
0.030185
2.218444
2.774476
0.828206
0.002275
0.093859
0.082913
2.152672
1.956548
0.361413
1.827912
0.091595
0.389110
0.776126
1.423809
0.992470
0.433221
2.519081
1.184768
0.392621
0.014610
0.810037
2.152272
1.844871
0.230872
2.193265
0.759876
0.333769
0.098340
0.953140
2.283303
2.637352
0.459888
2.738145
0.128353
1.750355
0.491278
0.082053
0.201026
0.564995
1.159523
1.484550
0.052117
0.499655
1.166382
0.156497
1.232042
0.353165
0.234848
1.332829
2.213101
0.030960
3.136817
0.998208
1.322176
1.670557
0.163544
0.230025
1.454083
0.264663
0.005365
0.349644
0.192982
1.305099
0.594916
3.332573
0.451629
0.621249
1.194001
1.112798
0.139971
1.296845
0.580530
0.822988
1.019328
0.054159
0.287189
0.395219
1.561640
0.051746
1.257482
0.194535
0.134367
0.303988
0.961411
1.096519
0.386997
0.576476
0.206759
1.798781
1.109064
0.025400
0.305809
0.125956
1.197608
0.139939
0.369851
0.573384
0.145260
0.556674
1.054919
0.919726
0.686236
2.259688
0.399388
1.491571
0.756494
0.163231
1.713966
1.129422
0.102882
0.067706
0.537894
1.235818
0.294765
2.555696
0.238555
1.460674
1.252411
1.619190
0.996792
3.119862
2.452416
1.352282
0.861772
2.262385
0.532000
0.816499
0.945167
1.344953
0.292164
1.005122
0.186674
2.400801
2.477124
0.070349
1.377177
0.734085
1.218003
1.882545
0.264426
0.732686
0.622576
0.282610
0.955961
1.315224
0.476593
0.930544
1.319173
0.694214
0.225188
0.591280
1.090674
1.422496
1.342924
0.881059
1.087031
0.596897
0.788813
0.838648
0.066234
0.459950
0.727016
0.535951
0.004843
1.100623
0.224748
1.569931
0.312136
0.353825
1.345889
0.229863
0.570987
0.090444
0.309029
0.154266
1.025658
1.125728
1.606841
0.892632
2.755769
0.749157
0.271163
0.147787
0.149720
0.334235
0.736152
0.854225
0.248190
0.930585
0.921277
0.249310
0.645629
3.156172
0.496345
0.718698
0.956370
1.175127
1.043625
2.967962
0.958097
1.121845
0.550405
0.211622
0.323862
0.734390
0.298551
2.874680
2.515528
0.854780
0.001567
0.000039
0.879863
2.995728
0.030527
0.333299
0.308181
2.957820
0.784520
0.176537
0.887367
0.926466
