41.902755
48.896718
46.457272
55.144563
35.149205
46.886186
45.633005
43.964085
55.376836
45.013183
58.180203
37.936488
37.934758
45.024400
59.589014
62.507083
39.018682
38.248188
35.407481
27.950363
49.703893
49.317112
64.315822
51.581955
61.165515
39.644670
35.525750
52.474541
50.712116
62.882570
54.904057
50.687933
31.485815
53.737864
39.720158
50.022134
38.209869
48.231398
58.595422
51.935886
47.898484
43.698988
37.856764
50.220964
52.859172
42.240689
51.862833
56.108961
46.949169
38.318911
52.651172
41.240454
49.757369
62.831653
61.759638
38.827333
54.800137
53.704544
58.631180
46.719571
56.953031
46.451592
40.714330
59.547202
39.748044
50.083090
47.718265
51.135423
29.595197
58.107207
50.159854
43.792128
47.917149
47.726635
48.832674
37.093270
37.261372
56.337489
45.453288
48.412302
38.540887
44.211943
63.192922
47.384074
46.498132
45.195000
35.926760
50.771650
47.574216
55.152615
46.971918
40.687013
38.544009
62.930847
29.335307
70.677370
38.917733
41.360619
42.810353
36.961589
40.165194
37.776295
43.735577
50.696921
50.442980
44.787529
55.085646
43.913056
48.752405
43.251767
37.114265
38.724000
60.840916
51.329536
48.783824
47.911961
43.179489
50.283483
38.845963
30.665385
50.654120
35.828106
56.199186
59.851346
38.142865
55.452094
43.344378
48.625208
50.180595
56.212385
37.561724
45.160450
54.134482
34.841793
37.210470
48.200961
56.149278
49.039247
44.441994
49.722334
41.956262
53.062631
54.178413
36.232139
56.773424
52.394961
48.633713
39.473673
47.867416
46.999363
51.176510
43.639101
41.307469
53.598427
33.888266
51.916378
43.582981
44.444032
28.624880
55.308981
51.660242
56.247850
31.927121
27.117387
55.504208
45.924007
47.270132
50.574939
49.294987
55.095209
47.271339
44.287615
52.779099
43.364836
47.828273
35.897563
37.258551
46.187750
56.837296
53.540938
34.219056
37.782095
55.010020
55.636361
62.203857
44.207652
52.750145
43.742732
53.209353
39.070959
48.618018
51.453830
54.389131
43.518035
47.256874
45.310314
51.232574
36.767330
53.181036
40.578842
53.504831
57.083388
51.210426
48.697226
62.135274
30.317574
53.519512
53.744394
64.779901
50.784852
46.091727
53.411542
36.494506
31.520628
48.805999
32.143203
50.762482
46.097825
55.302416
61.255715
53.909992
52.586930
44.720306
46.526383
47.030454
50.324316
58.244245
52.186994
53.354263
36.376369
56.825809
45.257940
55.202797
47.967244
44.709255
35.351249
46.173415
56.394454
46.954605
38.910584
49.368699
45.106479
41.974864
49.472309
61.999300
56.175103
30.204253
41.302223
49.132286
41.970076
52.004221
59.622898
49.056865
64.671363
33.623134
52.239025
42.982774
42.470758
57.944980
38.695785
35.940731
30.102527
62.440512
43.498040
39.610980
53.826021
51.462014
40.811797
54.526688
44.492511
49.937119
57.569832
59.417838
33.340005
42.989166
42.597555
49.417527
53.401247
51.770713
48.077757
46.393775
45.509245
48.681490
38.617495
47.959094
53.548541
59.226664
61.908423
55.397492
31.141579
51.824246
29.379205
49.860644
70.341834
49.663825
39.347632
39.270443
44.491545
45.945801
44.193246
42.058543
39.636314
28.246738
58.689829
38.672728
47.991921
51.043904
46.778554
33.570815
50.503596
48.490852
36.558455
36.909233
61.416445
38.657498
44.653817
58.638698
43.579842
43.450153
53.881312
35.887498
62.726103
54.109507
46.421610
50.686784
47.525260
42.697392
48.364365
39.661260
59.583472
64.136064
47.377209
52.294530
56.746942
61.826461
41.740321
57.107775
59.320014
46.537317
50.020029
52.167074
44.637593
28.604340
48.397349
50.216666
59.405439
42.769088
46.305898
44.304229
38.861658
46.808846
60.692621
34.321647
53.771419
61.649432
24.756544
40.968720
53.725183
52.133388
53.562883
47.556041
57.222697
41.754488
51.175393
40.526528
42.285125
66.626715
58.007863
53.258774
57.181668
39.397371
56.037943
50.260585
47.722855
53.360217
57.693827
59.597871
52.237057
49.546181
53.237080
46.354596
54.016549
45.038806
37.585871
55.232062
38.773149
48.894850
37.570389
31.983014
33.375399
49.023111
50.204042
46.917048
44.048666
33.958504
42.515780
49.394719
44.599700
61.870906
50.193489
32.481000
43.167209
46.974956
52.123444
32.577492
50.411829
45.603778
47.712004
38.504815
33.915840
55.597757
54.561680
54.437809
45.713843
60.477593
37.946520
48.447072
41.260531
52.397463
26.020081
48.099301
60.657772
53.727214
34.852004
47.112955
50.202354
53.131488
51.291081
47.068688
57.948792
35.293191
51.564604
51.989060
45.272918
44.910744
48.565452
52.570551
58.136613
63.677767
36.554024
52.239447
43.760054
40.521500
42.697341
37.275221
53.036685
50.938378
42.920425
46.985559
47.694309
42.927073
44.459785
48.137456
48.041627
33.419445
63.230406
41.245583
35.823529
55.892570
40.044959
56.821728
31.201748
44.244626
44.817703
44.748117
44.607620
60.338767
45.707171
37.649346
55.458828
45.313050
43.843360
49.302764
47.615768
51.616024
50.579834
59.256778
54.188972
38.102248
48.312676
55.243602
52.227271
54.837615
52.392450
47.405300
36.805824
53.089233
49.187743
52.114446
49.361481
50.719023
57.196740
50.254514
51.686146
54.560369
42.770223
36.897455
50.871024
51.971171
57.498920
40.035449
39.962304
54.248149
44.643368
50.977617
43.868641
51.628473
37.224012
48.593526
48.242924
60.173988
43.298111
39.613715
56.537448
69.178407
60.864790
48.557484
46.115858
38.134046
40.133033
44.987186
50.031678
44.453555
41.428472
58.371971
45.141292
38.898053
49.801979
55.213534
53.169970
55.712755
48.264753
50.162060
53.955712
49.041570
52.662182
50.779558
28.483610
42.726723
46.662023
45.902227
55.156691
41.991595
52.067522
43.366537
48.284530
46.906486
49.559223
63.677777
40.262568
51.057794
48.394001
46.261836
37.727157
48.545245
29.724213
43.716200
49.646295
52.742899
51.727038
48.376485
41.600932
40.731568
53.005295
38.409644
46.195301
42.493457
39.559584
50.842246
50.664475
50.306109
55.116307
28.873228
42.327046
46.060808
49.381592
49.504337
60.628755
41.230501
45.294977
51.133805
49.202614
53.976843
31.124064
43.214525
57.745368
40.130095
43.332449
56.371698
29.808576
45.391573
58.834798
36.514149
52.529876
46.827209
46.021847
54.542763
55.342089
41.870041
22.836463
55.952812
48.404211
65.224854
42.114075
59.809825
54.404356
50.511348
61.330394
57.845988
43.527073
48.239141
45.394517
46.021223
53.001349
39.683021
54.316433
55.839318
48.970291
51.569570
47.545009
39.993183
48.808453
47.968546
47.993733
48.364325
35.193895
52.458959
50.864175
41.222555
41.935520
34.592214
50.929560
33.866519
33.708639
36.211779
49.833213
51.994196
58.660045
54.884624
49.546888
55.801872
47.076538
64.099545
47.549093
55.417312
48.080437
34.687167
62.341791
25.092811
54.187189
59.332320
61.747786
57.227436
50.805600
58.138427
36.392227
47.967305
44.603207
55.900083
49.980448
38.063484
51.152248
38.660216
44.980761
37.441147
36.401039
69.190746
38.015350
33.002847
47.378544
30.334033
45.104790
55.368473
32.835383
48.399030
57.897183
51.100708
59.035950
56.786280
48.103826
48.720962
51.778931
31.497500
57.766918
40.752325
45.929702
47.902898
64.685539
54.653089
35.738528
48.154616
45.486116
34.356833
49.929366
47.966730
49.972642
39.902801
18.872655
30.634129
42.221819
64.120543
45.509035
48.763598
44.422991
47.575893
56.754040
32.699412
55.026165
41.601960
46.453425
50.408955
50.727060
43.875425
60.629688
57.638182
40.323083
50.545409
44.439647
46.818495
44.365401
40.055490
48.903323
32.757290
55.861011
40.145951
51.510719
39.211103
48.114560
50.061398
47.024453
38.865993
39.560132
50.002304
57.129449
47.083941
51.980892
50.648640
49.791817
45.401172
45.181035
52.229680
49.007471
41.925377
41.130742
53.338763
58.360162
40.381612
49.739698
49.880046
50.996271
55.034988
56.261232
44.958931
44.416962
45.754444
54.799830
36.376142
51.119338
54.357113
48.775661
50.220362
60.361421
48.564966
33.336207
61.063314
26.193109
34.778593
46.176106
39.389304
37.379105
46.794009
51.999672
50.547117
39.756667
44.320132
58.363443
44.956083
25.765714
36.984708
48.540016
54.590601
56.827447
45.362247
53.426456
29.445654
56.002708
39.877187
55.192237
64.807534
50.658928
60.010857
53.657205
43.235771
38.641432
45.182835
42.227467
55.703927
41.484275
56.314764
38.542552
36.816517
38.199437
45.842955
42.697779
41.364376
44.787653
36.742124
48.639631
67.281631
50.520511
62.280416
50.471231
38.688013
36.682412
41.765860
52.945348
27.171894
47.144546
43.909166
50.754819
41.535300
50.295957
52.146363
48.840947
47.630455
40.134367
41.068719
50.853278
41.579837
34.078250
48.229274
54.901970
38.989682
52.122120
50.388353
36.375701
49.972408
50.029730
54.734687
38.039287
49.837087
60.553381
55.991738
52.248492
46.014339
60.297252
46.864953
42.435183
51.631001
58.036925
41.290795
41.002777
55.759582
50.035702
60.457736
52.550072
53.313349
41.620902
49.959482
49.231486
58.867969
29.191202
38.650088
28.838468
38.939896
39.046398
42.580826
43.831187
55.630148
44.351105
42.892505
51.604929
54.321190
59.450601
33.945655
52.858354
64.227594
52.852921
55.489924
44.556262
55.403297
36.014901
49.871320
45.310332
60.097933
32.881779
35.470665
59.486850
55.230337
41.175247
42.555274
40.830578
51.662620
57.969818
27.914737
45.910790
44.849951
36.883545
44.084843
46.076955
57.978826
44.642259
59.623593
42.450773
40.991820
49.466628
37.463642
41.514721
40.286890
40.626539
34.733483
55.507041
59.627120
51.666507
62.817791
45.778351
26.896086
40.509144
37.650218
40.486652
45.660100
58.024648
54.886959
45.533137
41.278815
52.200024
35.700463
55.415912
51.164560
32.140805
45.678855
49.185250
47.230927
35.995633
41.244491
46.211477
57.715058
49.536065
34.240876
46.485458
45.081607
44.133686
44.517469
44.409643
45.790380
41.455144
47.571207
59.408416
34.036492
44.019551
53.386975
50.316492
46.915311
41.710742
37.895169
47.657948
39.060941
41.063333
52.183018
41.253571
49.072923
28.836996
48.438740
54.251502
43.287197
53.645602
51.763755
25.942266
47.172661
52.260898
50.967331
45.811651
61.813953
51.146487
42.535329
41.671561
58.806508
57.178990
66.237066
45.033169
63.097316
49.221376
56.600510
38.549185
32.922986
51.493765
59.220241
38.784691
53.816355
58.731161
53.297731
42.912963
66.993550
45.396521
57.714735
50.938855
54.385504
49.969086
52.659278
38.467854
59.945099
27.701535
51.358369
53.395393
42.884921
37.081339
49.396524
50.874706
44.512878
49.490739
53.375663
43.995879
51.978093
31.537655
33.454027
46.609346
49.190651
43.180474
49.544304
42.491897
45.274737
53.877497
49.786860
45.779450
28.046225
38.051342
45.685535
40.205126
38.140079
34.837622
45.597395
54.703068
39.272303
41.472195
51.851573
58.799193
44.414723
46.737401
45.658398
36.299031
36.331787
58.268839
38.615276
46.591277
29.628568
59.460512
52.660599
47.681651
33.198057
45.211041
58.436451
58.839492
43.551942
54.187958
49.748920
33.517842
46.437029
59.481779
48.951949
53.909305
51.721393
42.149790
53.618618
64.087474
40.325426
61.011846
45.710229
42.633124
39.215951
66.140166
36.932199
40.029398
54.379607
47.145423
54.271261
49.394728
51.121237
42.794232
46.792657
36.680568
46.437914
58.574285
41.139707
54.427859
60.474297
62.019948
54.900959
48.963634
54.091854
52.759607
47.930492
54.845753
41.063694
42.258279
41.033423
36.912248
32.130184
42.184940
64.118041
60.602267
44.649962
60.336165
53.478104
65.310282
36.359520
53.796338
44.276129
55.001182
29.700495
33.119069
35.603038
42.984809
32.842600
38.104070
34.431547
47.281373
47.919281
50.027705
45.133335
59.725855
39.378065
44.049293
43.330412
66.927237
50.114269
45.192321
38.204418
36.144494
62.417083
62.018092
44.206138
44.544740
57.380822
54.324302
62.512211
61.215638
57.938360
45.488203
40.529267
40.822176
27.288711
50.169021
42.577989
48.918948
40.426115
47.929890
49.752868
34.792982
40.674222
51.419090
35.204661
52.852044
54.076057
59.619618
53.837495
33.787177
35.094774
54.127156
58.418346
47.751621
48.730732
60.260290
47.333881
43.961919
47.299116
53.652906
57.385203
46.033892
29.031880
46.096785
40.173467
35.055681
48.855177
49.653198
46.651363
43.498217
40.475553
38.487763
50.534431
35.801410
63.540112
42.427447
45.459149
55.997747
34.147126
43.079975
39.874321
52.902731
56.324078
36.897275
38.608351
44.260302
49.306975
54.532463
50.766026
44.301697
57.260358
50.269155
48.483288
40.154888
40.655350
53.125314
67.558892
28.421221
57.927037
46.792806
47.452406
56.159772
62.807315
50.596227
43.665497
50.722041
50.670545
59.824703
54.490148
47.211378
50.380321
31.055381
43.589198
41.648562
47.655171
37.944661
50.541363
47.796104
38.171617
41.225258
56.793517
55.271703
53.188976
50.441317
37.012905
40.228269
50.168059
48.820542
45.100815
42.915231
55.637531
51.169673
39.202104
61.933972
46.285091
58.836022
43.683618
47.228732
45.891865
51.250204
62.453001
55.584912
43.759476
51.038329
50.634738
50.111314
57.957672
54.249279
46.813477
42.982989
51.655510
46.183731
45.131139
51.752225
47.424858
45.498771
36.993095
51.330894
37.465592
57.044797
44.393595
53.026776
57.401572
57.089662
48.565730
58.338357
44.295453
47.891342
62.186614
46.567905
33.176789
60.815032
49.516222
46.404623
35.675871
46.287105
57.877668
50.418390
66.274075
48.501076
53.869472
48.244641
42.196017
53.438281
40.451377
51.354826
42.481526
44.425401
56.891573
42.070726
45.007427
51.310917
56.995179
51.965198
40.622376
48.703489
56.250671
41.721501
53.309686
52.144541
36.584807
44.536532
42.791062
54.798889
48.913727
50.154554
55.720123
35.318640
60.156823
49.267867
50.004738
40.729647
60.322915
55.459460
46.661274
53.470251
52.138469
55.359953
51.616055
50.514526
49.403332
47.450521
44.836934
48.569628
53.754679
55.132065
44.715193
41.754058
45.030796
42.414055
49.262713
43.620800
52.692517
45.869975
40.326921
44.930878
53.889788
41.719287
53.875667
47.897358
38.393604
47.599770
55.780122
44.973229
52.571824
42.724892
48.910759
63.808693
51.262167
43.133165
50.227215
53.422368
71.523137
56.144498
50.730081
37.223103
42.337174
49.947333
38.206029
61.514664
45.187977
41.251597
35.472195
70.308304
46.546074
41.059040
38.068904
52.557831
43.717583
35.151603
57.612880
58.928163
54.140727
34.757821
59.711381
57.886631
39.277771
60.634579
52.478437
51.552405
38.380766
43.263211
49.198255
60.791198
41.770506
36.730994
42.221726
60.490933
46.997309
60.630697
44.383510
47.871834
50.115922
45.981111
43.813231
45.161909
37.819654
51.438681
51.849174
43.548399
55.087027
56.754364
45.965167
42.346250
42.361831
58.341600
54.729257
51.578256
44.746733
39.175993
51.030814
38.070506
51.962990
20.877463
58.780622
47.546706
49.138948
63.872649
54.945422
55.981405
49.251748
52.900799
40.174091
40.235602
50.550279
44.464700
56.253979
56.729672
58.412862
65.931955
54.416107
56.167296
46.531666
44.460510
57.617270
49.824284
64.585924
46.298006
38.422571
52.199239
