0.187476
1.065296
1.055483
0.007664
0.252816
0.516462
0.151328
0.498899
0.870785
3.450232
1.945454
1.980184
3.326194
1.379468
0.748160
2.905000
0.028083
2.859650
0.222477
0.683147
0.452396
0.395934
1.858900
0.194577
0.705633
2.935026
0.985394
0.253467
0.175842
0.504567
4.034505
0.388663
0.320727
0.268166
0.571217
1.181189
1.297281
2.962385
0.889477
0.142999
0.855212
0.669389
0.029733
0.161078
1.844568
0.196875
3.797335
0.259568
1.526447
0.615021
0.982757
2.266555
1.021918
0.097345
4.357392
0.257043
0.012363
0.293144
0.043364
1.726985
1.030682
1.539446
0.359776
1.904050
0.163606
0.627918
0.488295
1.899515
0.170094
0.490801
1.031503
2.706695
1.070457
1.132458
1.547982
0.326506
0.048434
0.141189
1.496901
0.874217
1.718619
0.603319
0.795884
0.118976
0.199460
0.309905
0.902298
0.098927
0.281748
0.365002
0.156297
0.421329
0.654671
2.152643
0.646593
1.501484
0.094357
3.744742
0.357425
0.916609
0.367681
2.085091
0.450766
2.482156
1.566947
1.131471
0.258338
0.177539
0.416061
0.051869
3.963931
0.075575
0.590250
0.931010
0.072156
0.256452
0.812203
0.750649
0.164956
3.086021
0.339458
0.113011
0.364384
0.630992
0.891242
0.211319
0.175298
2.708608
0.570266
0.421308
1.589394
0.765774
0.986178
2.531310
0.124491
0.037460
1.556622
0.125281
0.946298
2.204120
0.060561
1.628757
0.429222
0.583840
0.952997
0.496377
2.037550
0.243298
0.645578
0.185454
0.113480
1.394835
1.016056
2.858621
0.241348
2.740280
1.030265
1.433195
1.057909
0.571753
0.077343
0.105756
2.443810
2.260922
0.620197
0.317933
0.052077
4.204313
1.216786
0.007295
0.819747
0.269371
0.041726
0.439294
0.881697
0.565460
1.406669
0.695441
1.364550
0.847089
0.462132
1.217832
0.876891
0.129941
1.523250
2.206044
0.686725
2.106992
1.609097
3.859515
0.252028
0.560602
0.134618
0.326588
0.045724
0.005187
0.714062
0.407780
4.367035
0.864340
0.250995
0.184556
1.681590
0.181451
0.268055
0.236538
1.782037
1.032971
0.024557
0.161550
1.952874
0.299951
0.916562
0.121311
0.655970
1.280198
1.492570
0.815574
1.397886
1.067862
0.241870
0.923372
0.067891
0.200525
1.067612
0.121376
4.007089
0.059453
1.030099
0.261766
0.388753
1.720382
0.254389
1.099110
0.990597
1.168214
1.555064
0.134647
1.014681
1.688349
2.776454
0.774327
2.920856
0.350002
0.501390
1.079875
0.026528
1.361372
0.937006
0.187964
0.026982
0.185775
0.132107
2.209529
1.004872
0.285884
0.234765
0.092783
0.066891
0.431735
0.024929
0.893727
1.934552
0.755772
3.424547
0.048207
0.026124
0.336929
0.067447
0.014730
1.843933
0.921263
0.293489
0.786980
1.621393
0.021117
1.210584
1.010576
1.329302
1.404016
2.967176
1.333794
0.310263
0.093072
0.022672
0.092998
0.368214
0.895260
2.879458
1.182165
0.044069
0.800929
1.724321
0.314211
2.560632
2.616529
1.113383
3.822411
1.865206
0.844220
0.172592
1.232840
1.439273
0.579560
1.497606
0.069441
1.386949
0.387397
0.441774
0.616715
2.546454
1.610419
0.846020
0.283059
0.099196
0.668321
0.504066
2.287342
1.820919
0.754521
0.546051
1.220710
0.016589
0.102015
0.670743
0.431463
0.013844
0.348465
0.801623
0.295653
0.318072
3.625860
0.685177
1.561715
0.754842
0.956877
0.928080
3.770979
0.030885
3.860310
1.493567
1.232179
0.154944
0.198429
0.399050
0.846107
3.191068
0.427316
1.476251
0.034692
4.370724
1.554012
0.923072
2.389310
0.902806
1.376531
1.387024
0.002692
0.659928
2.817650
0.373730
0.180398
1.053621
0.051490
0.196754
0.101628
0.863900
2.245666
2.358531
0.208390
0.793506
2.505245
0.087539
1.385830
1.198268
2.981584
1.641218
0.041377
0.837553
1.171876
1.779423
0.088055
0.015357
1.716273
1.547498
0.148604
0.075785
1.713360
0.159876
0.253459
0.446432
1.038402
0.430433
0.251656
2.998003
0.044158
1.436667
1.063661
0.799965
2.410501
0.409114
0.015431
0.144152
0.437744
1.804256
1.924148
1.431917
2.127016
0.550138
2.512564
1.640700
2.098675
0.019802
0.455534
1.570410
0.542091
2.617864
1.539784
0.149837
5.807630
0.167896
0.198412
2.667343
0.265405
0.444722
0.144330
0.017611
0.179368
0.485877
1.115719
0.268632
0.063293
1.034066
0.379443
0.041390
0.685744
0.414928
1.057905
0.033221
0.066106
0.092150
2.105779
3.339176
0.096582
1.686236
3.417625
1.060517
0.368218
2.785541
1.230862
0.158361
0.369445
0.372136
0.235086
1.100531
1.662174
0.087220
0.894312
1.613723
0.603686
2.496460
0.242242
0.406623
0.344429
0.650238
0.346708
1.928032
1.885413
0.441393
1.343261
1.466076
1.118590
0.298473
0.305360
1.241842
0.588352
1.667729
0.091600
1.953506
0.750770
0.699977
1.712698
1.926163
1.326443
0.185192
1.876148
0.465858
0.972079
0.009989
0.105534
1.416249
0.061477
0.196265
0.700604
0.133685
0.883448
1.473399
1.451847
0.451081
0.160355
1.988270
0.031933
2.973417
0.758627
2.632645
0.193761
6.055866
0.386414
1.626671
0.127307
0.039630
2.327823
3.851986
0.172300
1.696632
0.428815
0.185316
3.039925
0.482956
0.125648
3.026740
1.913757
0.569668
2.036341
1.027874
0.780689
0.544067
3.139678
3.896265
1.063606
0.481447
1.266542
1.589858
0.034826
0.424639
0.942950
0.236789
2.481598
1.868611
0.758377
0.682484
0.052681
0.491928
0.747035
0.257729
0.308785
1.016864
0.183004
0.600146
0.015362
1.297508
1.592565
1.253312
1.479061
0.614074
0.772373
0.504002
0.984201
1.595156
0.443670
0.157671
1.759812
1.128695
1.318154
0.107609
0.696089
1.907205
3.049948
4.488513
0.775853
0.034871
2.361464
1.057502
0.251890
1.629198
0.262193
0.599940
0.939527
0.323830
1.195987
0.212798
2.234795
0.088779
0.105828
1.345066
0.337758
0.014243
0.225734
1.686279
2.805902
0.011418
0.096513
0.413861
0.450041
1.714855
0.330311
0.629695
0.869177
2.302000
0.084331
1.086736
0.469026
0.741111
2.172054
1.043422
1.650674
0.172121
2.210329
0.319437
1.864897
0.292498
0.232989
1.453878
1.527831
0.254263
0.453144
0.861652
3.021547
1.443915
0.950240
0.206236
2.330774
0.058364
2.269370
0.187671
0.295809
0.457495
0.382562
1.060152
0.163737
0.094611
0.220348
0.347478
0.489875
0.116056
3.105365
0.374043
0.207398
0.365388
0.269501
0.387903
0.638977
1.023658
0.755947
1.449207
0.448069
0.367635
0.016903
1.798804
0.232517
0.354848
0.085825
0.001382
1.238492
2.041269
0.914318
6.264817
0.160333
2.607681
3.802170
0.510767
1.012148
3.883431
1.887833
1.135650
0.369639
1.680580
0.305987
1.143094
0.001875
0.061147
0.064656
0.048754
0.099955
1.009043
0.923301
1.029773
2.421112
0.147571
1.653991
0.058832
2.936969
1.564205
1.313784
0.450643
1.892454
0.903781
0.242542
0.916993
3.074760
0.806172
0.032977
0.064057
0.782327
0.006133
0.239060
0.232094
0.918567
0.550727
1.001155
1.125528
0.984643
1.119001
0.467959
0.985795
0.792914
0.487558
0.028253
0.274632
0.214641
0.688030
1.333537
1.835873
0.014488
1.831791
1.167589
2.009007
0.292472
0.110458
0.830807
0.361793
1.507798
1.545958
0.416860
0.819490
0.555337
1.794878
0.601504
