0.401081
1.017353
0.072119
0.250904
0.162160
0.875362
0.350364
0.189533
0.230250
0.039693
0.253187
0.144220
0.465388
0.609594
0.596209
0.212671
0.165158
0.177636
0.104228
0.119183
0.126722
0.040252
0.184742
0.004415
0.001495
0.071220
0.151092
0.133086
0.408212
0.008625
0.146005
0.027117
0.439474
0.341794
0.145704
0.694982
0.025301
0.359836
0.026265
0.163335
0.177133
0.247354
0.307429
0.098608
0.552147
0.390963
0.094530
0.454700
0.474200
0.194765
0.839358
0.659417
0.074941
0.081019
0.356640
0.074961
0.081794
0.045963
0.044077
0.205179
0.417121
0.818743
0.160908
0.191870
0.946308
0.570227
0.392930
0.783905
0.238709
0.018397
0.039209
0.149062
0.281397
0.116007
0.175680
0.058358
0.317861
0.165112
1.068633
0.758493
0.326875
0.193499
0.230842
0.582090
1.187914
0.186747
0.706475
0.222474
0.060061
0.772651
0.044948
0.821351
0.382073
0.091485
0.351846
0.023627
0.824962
0.235678
0.319467
0.768075
0.179337
1.069629
0.409147
0.092444
0.574469
0.924193
0.098735
0.162455
0.229322
0.145523
0.972589
0.267233
0.059932
0.308096
0.210244
0.019875
0.175456
0.347058
0.922506
0.517876
0.165601
0.898447
0.117229
0.007633
0.720904
0.131076
0.010456
1.147175
0.150871
0.493198
0.093147
0.010720
0.043014
0.326362
0.112561
0.402362
0.410965
0.321192
0.211762
0.298733
0.007709
0.330317
1.127417
0.091050
1.254253
0.506834
0.152996
0.311972
0.128223
0.085642
0.303582
0.039323
0.255741
0.096364
1.030297
0.218806
0.313258
1.006334
0.737471
0.164684
0.198015
0.091243
0.175889
0.786771
0.335912
0.385234
0.200236
0.293917
0.502826
0.096562
0.637078
0.078706
1.141572
0.426587
0.306525
0.365349
0.348784
0.244883
0.482369
0.434201
1.663301
0.844587
0.269744
0.141935
0.394868
0.049683
0.273237
0.885142
0.093298
0.493821
0.551156
0.208033
0.270557
0.810799
0.037057
0.154410
0.325401
0.081626
0.037318
0.089487
0.486609
0.066953
0.031378
0.052551
0.384808
1.749009
0.021324
0.079259
0.325890
0.119607
0.150791
0.226744
0.014149
0.439015
0.141088
0.021305
0.565453
0.388711
0.353511
0.095065
0.774766
0.218479
0.622199
0.498225
0.356319
1.045426
0.066534
0.377860
0.009987
0.588319
0.065278
0.032654
0.033336
0.783608
0.431301
0.230431
0.241621
0.025139
0.125764
0.396155
0.119404
0.641667
0.165528
1.148069
0.188759
0.430380
0.331011
0.741044
0.056185
0.015911
0.970072
1.001234
0.228364
0.557995
0.656237
0.089522
0.097099
0.252410
1.354958
0.632037
0.456229
0.258072
0.133101
0.034512
0.194596
0.381221
0.036670
0.573707
0.227714
0.359413
0.023801
0.081816
0.169502
0.003046
0.492149
0.119751
0.360684
0.017876
0.319363
0.035488
0.330495
0.309341
0.023714
0.346160
0.167266
0.029845
0.125012
0.272513
0.081519
0.177308
0.211680
0.248332
0.407902
0.711576
0.144307
0.271624
0.145574
0.430070
0.525082
1.233042
0.147436
0.026917
1.064324
0.552476
0.192046
0.785947
0.501420
0.462412
0.033114
2.015956
0.318495
0.090814
0.181234
0.402043
0.089174
0.933228
0.270504
0.761091
0.026982
0.823576
0.151527
0.841743
0.144855
0.143939
0.377022
0.260131
1.398366
0.018699
0.114322
0.218481
0.186093
0.397935
0.016829
1.538211
0.187576
0.242584
0.462365
0.182568
0.085471
0.012906
0.114441
0.177241
0.005027
0.175692
0.553590
0.274503
0.029742
0.227543
0.564201
0.210589
0.381589
0.082316
0.710112
0.677757
0.683808
0.153743
0.989566
0.729295
0.010521
0.522233
0.031772
0.184168
0.030163
0.499040
0.238235
1.389283
0.268737
0.457357
0.129573
0.321861
0.020374
0.015917
0.025526
0.094461
0.162292
0.180230
0.084203
0.927899
0.702236
0.281088
0.001787
0.043805
0.025027
0.181638
0.203898
0.041851
0.457871
0.298220
0.268271
0.131372
0.081555
0.178180
0.698921
0.154513
0.565540
0.006563
0.012354
0.063651
0.327548
0.689979
0.744933
0.054672
0.138522
1.247508
0.328799
0.373689
0.259585
0.103859
0.028950
1.010737
0.161395
0.379609
0.036523
0.035134
0.619763
0.088352
0.591319
0.106233
0.013078
1.152275
0.384889
0.012168
0.083578
0.422472
0.534111
0.595621
0.689395
1.464812
0.476648
0.741539
0.557675
0.334075
0.177458
0.861542
0.488286
0.347047
0.102895
0.293484
0.101120
0.166124
0.124240
0.650598
0.148110
0.028847
0.213021
0.235968
0.303301
0.402167
0.144106
0.807221
0.012873
0.121953
0.107705
0.664196
0.101575
0.042381
0.276910
0.274526
0.183749
0.450992
0.290775
0.450216
0.268205
0.270063
0.028445
0.794094
1.211157
0.712102
0.273824
0.309549
0.152575
0.428184
0.284239
0.088502
0.173785
0.196971
0.039916
0.103047
0.161552
0.133197
0.400674
0.020208
