0.131281
0.001988
0.016116
0.000092
0.020127
0.210352
0.126295
0.045963
0.000039
0.053829
0.019813
0.000923
0.004725
0.062756
0.183411
0.048809
0.021801
0.002403
0.000312
0.060177
0.001738
0.003125
0.019436
0.000492
0.014519
0.005719
0.003295
0.058711
0.025604
0.018971
0.005705
0.006503
0.029700
0.009372
0.106797
0.000832
0.012474
0.024263
0.016933
0.067226
0.011330
0.041301
0.030944
0.046332
0.004720
0.011807
0.091385
0.005061
0.017010
0.012724
0.111182
0.001252
0.053244
0.020923
0.009504
0.003984
0.023791
0.014084
0.031348
0.067030
0.005313
0.037748
0.000146
0.000664
0.001093
0.006223
0.008306
0.000349
0.000077
0.009923
0.007374
0.000422
0.016615
0.049260
0.037684
0.016810
0.029876
0.002366
0.137073
0.077848
0.249672
0.015780
0.032325
0.004753
0.002498
0.001009
0.001726
0.021419
0.083236
0.001178
0.015498
0.018389
0.012462
0.003912
0.048134
0.068888
0.101602
0.007719
0.019585
0.001838
0.012529
0.109175
0.001072
0.154940
0.001728
0.001415
0.075470
0.006418
0.122570
0.000549
0.006634
0.002708
0.002318
0.006125
0.029031
0.005201
0.001024
0.067421
0.028038
0.006260
0.000583
0.009001
0.038800
0.007705
0.000776
0.004171
0.209597
0.022851
0.025836
0.081548
0.015437
0.000418
0.002038
0.051297
0.113044
0.019781
0.001056
0.000720
0.053534
0.002036
0.005697
0.269705
0.146645
0.093544
0.002592
0.001381
0.006703
0.077010
0.000959
0.066986
0.001195
0.001188
0.003158
0.020230
0.036239
0.024168
0.005561
0.000421
0.016926
0.014553
0.063881
0.000598
0.019351
0.006191
0.004980
0.008908
0.073971
0.051779
0.093894
0.049324
0.167139
0.010697
0.000620
0.000881
0.004692
0.006907
0.054483
0.051561
0.025886
0.024448
0.018111
0.002371
0.004579
0.009824
0.008754
0.003309
0.002274
0.252529
0.006014
0.022597
0.025234
0.105980
0.120736
0.039595
0.039178
0.030031
0.001196
0.079281
0.006052
0.064611
0.156260
0.016000
0.039569
0.001988
0.060201
0.027375
0.020716
0.003600
0.212840
0.214854
0.029161
0.067327
0.154053
0.000198
0.014571
0.032100
0.034019
0.012350
0.003915
0.266304
0.000674
0.000834
0.000055
0.000057
0.005038
0.013776
0.001467
0.007402
0.001176
0.177328
0.048441
0.014019
0.048603
0.069849
0.006760
0.004513
0.039700
0.003157
0.004972
0.013139
0.002365
0.093445
0.165563
0.109939
0.032822
0.055177
0.002805
0.058671
0.025929
0.007934
0.001376
0.116645
0.001793
0.008231
0.053963
0.000614
0.028157
0.003376
0.047453
0.056615
0.000295
0.015391
0.048667
0.010020
0.029002
0.037906
0.021751
0.020043
0.207313
0.026527
0.005112
0.047152
0.048561
0.059517
0.019016
0.258673
0.003051
0.021233
0.002056
0.002395
0.038419
0.005083
0.098928
0.013490
0.008752
0.133685
0.000056
0.027710
0.006489
0.004645
0.022403
0.009938
0.001107
0.002072
0.003898
0.325525
0.049499
0.002779
0.015944
0.032118
0.069361
0.011275
0.006146
0.000001
0.026602
0.000885
0.049645
0.081164
0.051493
0.003079
0.058845
0.004605
0.184552
0.134759
0.060587
0.004646
0.000834
0.066429
0.014290
0.001041
0.036521
0.000657
0.164307
0.025776
0.000177
0.000394
0.002905
0.037902
0.581849
0.189782
0.001535
0.034776
0.001228
0.026126
0.010308
0.011594
0.028161
0.004123
0.023566
0.017370
0.001751
0.054969
0.025847
0.056406
0.019496
0.035174
0.001833
0.027894
0.073491
0.006549
0.003171
0.044845
0.000807
0.006745
0.007801
0.014698
0.013448
0.072428
0.007923
0.001871
0.008367
0.005086
0.330297
0.005276
0.229028
0.020328
0.015069
0.005639
0.000622
0.022491
0.284194
0.245335
0.004458
0.002582
0.002763
0.045124
0.031703
0.003545
0.009132
0.022560
0.142752
0.064141
0.000450
0.005149
0.014415
0.058182
0.063391
0.329071
0.000308
0.091798
0.001894
0.244172
0.005851
0.168013
0.000977
0.011051
0.001901
0.001399
0.005608
0.001481
0.014730
0.049908
0.004414
0.186730
0.023017
0.002562
0.010552
0.002562
0.039212
0.063271
0.167933
0.144316
0.025255
0.003592
0.001698
0.005814
0.002451
0.008209
0.004817
0.002729
0.000907
0.000555
0.014351
0.004880
0.069514
0.028474
0.037600
0.156301
0.006146
0.006602
0.178073
0.224709
0.005013
0.010729
0.023534
0.122744
0.201357
0.046847
0.013001
0.026005
0.055117
0.053380
0.082377
0.000678
