161.591372
172.189963
180.924146
183.336264
199.355733
134.016055
213.306099
175.009657
185.427406
186.983007
146.705729
193.677863
168.267636
203.543078
185.730119
205.532794
189.368209
211.573517
190.971810
160.153870
207.008980
202.021370
192.857771
175.540990
191.867073
197.482348
207.002871
217.699971
207.212373
172.190823
182.036062
153.252747
181.228207
206.831891
195.147711
194.991760
160.758629
187.241432
185.560527
178.513293
150.093465
150.949620
203.441422
159.052767
179.926897
134.361804
134.673149
117.338207
198.568117
178.574661
167.759856
155.638455
187.680992
163.740806
155.249072
200.798460
205.419879
207.652734
223.662054
169.380537
191.677642
211.825234
174.845562
214.388415
154.192490
130.323189
189.694044
193.085609
189.470876
173.491418
180.129445
184.826309
197.734036
170.800929
193.745600
217.495038
230.781532
160.846743
182.262951
151.445574
170.777045
189.101707
214.884862
185.860455
177.927581
151.390176
213.514643
170.505136
141.815557
194.316196
144.058274
196.475838
189.038571
239.999878
207.123168
177.613114
192.021626
219.420683
188.744888
185.377797
153.883064
153.638739
145.161069
148.620601
183.202263
165.683654
200.796770
162.375499
209.635034
198.733323
152.005690
191.345901
209.778821
168.536744
197.545191
212.914825
208.369348
195.427481
179.339159
182.481677
201.109859
201.704488
154.607280
169.331478
156.188656
165.040129
195.366680
166.748744
139.153975
181.042860
205.855025
211.969433
163.930964
185.480001
180.874343
210.127742
168.415893
194.450809
175.502685
181.579960
237.436990
179.604637
197.959605
188.638452
180.633257
136.137723
209.131699
174.512861
180.590418
153.998218
203.334825
155.155935
182.269762
202.153079
176.888489
157.123217
205.514863
208.997508
178.711958
206.650856
160.633600
171.338441
225.233150
157.359951
161.648747
149.502806
189.707317
211.210483
176.110706
179.376043
223.359025
152.392927
181.379849
174.473993
178.942933
198.730186
187.646133
173.777391
199.553731
180.999417
190.213335
178.107783
209.272739
195.550509
161.909236
185.122364
124.420218
187.576860
201.153910
192.807652
135.176566
210.905763
179.973146
236.640074
194.931993
198.141309
229.126623
188.749293
235.555290
213.516307
165.100183
219.682847
154.321723
185.452114
157.273246
169.362102
211.565378
150.674828
187.198312
143.168770
191.386613
168.471376
171.463056
201.192838
157.648059
142.667006
193.558143
202.091809
186.326555
155.797705
189.184988
196.743573
217.165204
193.029351
208.332930
204.960302
177.880543
190.790919
208.159479
173.784651
177.323963
199.924119
194.471758
184.438871
180.009460
155.529678
173.967148
175.642131
165.908041
218.522462
146.554095
172.324719
228.130947
160.498727
177.638765
187.304767
167.628270
186.695322
180.632242
149.476538
155.080275
173.618597
181.942275
204.366455
197.990772
132.335395
142.979626
188.477788
184.089019
157.074289
191.342631
182.955550
159.306091
189.482061
191.546480
216.668407
162.193189
215.534408
183.689900
199.914803
138.202984
196.652156
185.516910
153.606080
214.800884
180.427624
187.993556
178.652422
197.666852
190.919482
169.691890
219.130769
150.520477
158.541926
177.315902
201.027690
151.084268
173.996341
170.685925
195.881497
199.214626
149.675916
134.768692
210.143811
189.273971
211.570449
182.244929
162.457330
188.651150
158.427158
195.031760
186.323541
192.440726
145.082253
172.069204
178.181369
161.869195
163.585447
193.586381
214.111170
199.726184
175.005621
251.261709
158.177331
189.946575
216.986480
147.924634
190.900281
186.954144
176.101172
197.817775
201.793296
224.980293
202.361632
151.197180
224.581358
194.008952
184.945792
209.001852
148.880234
171.951061
177.360969
205.676633
190.815897
185.403965
214.757984
156.657463
239.540689
163.261909
186.106112
181.285446
218.270764
163.709743
165.158708
197.809606
173.791551
135.973249
167.362164
163.113928
196.029382
183.718746
198.499115
209.495668
199.972171
190.394996
155.671993
212.946877
174.084524
171.457377
170.792714
201.253431
208.030907
169.755088
172.251878
171.179059
189.644826
174.071488
152.524713
195.541492
185.496693
190.318075
189.380465
186.980803
154.668635
157.616424
163.091434
165.233428
151.444093
182.216477
190.374288
162.208088
215.392984
174.831172
191.641145
214.661594
168.456695
218.075572
162.051943
157.256373
186.082119
127.371223
174.935757
205.646827
162.848495
186.961039
180.218651
197.579367
183.546751
183.615794
160.127711
147.725957
181.962436
198.950060
179.719038
189.529699
204.080473
200.654712
194.643610
170.676279
152.606369
167.623566
192.148505
206.482015
203.499940
177.526713
185.049977
150.851798
154.737949
208.899967
197.417349
151.815451
186.228223
167.025294
181.624666
208.192559
170.164331
206.142652
216.204183
192.484368
205.812193
214.665349
176.843838
181.318135
185.164267
145.677868
143.587401
192.042059
168.634452
187.913553
183.093085
152.251079
168.154123
188.751867
179.837147
204.587853
226.370680
179.628740
155.278042
192.008502
207.636417
210.436265
192.881944
228.305601
229.450516
170.880889
177.229320
132.029454
215.583684
173.595451
190.153771
130.307303
200.285830
172.072361
207.932330
196.301239
207.312819
153.608819
165.605266
182.746023
162.100497
158.370004
159.537838
178.185952
160.089540
172.826310
190.464209
200.847492
198.672278
217.820545
207.793880
212.515616
164.025366
184.128537
176.804500
225.026242
202.171345
154.917798
197.684268
171.076744
171.965079
152.546067
189.215144
204.055030
174.173138
189.106073
164.009573
214.504023
183.969836
178.935379
160.762703
168.483350
181.880910
181.605949
197.565723
177.747697
186.035864
185.801148
190.277872
200.377596
180.860325
214.614619
160.581345
155.751240
191.815372
165.206393
178.643570
199.420688
213.935131
193.970261
207.196844
160.492229
212.015790
189.969725
142.175929
189.336090
188.509139
162.795285
218.133152
161.198217
175.782115
195.301101
183.939788
151.402882
193.825910
208.898966
163.841038
186.954861
176.395331
179.433916
195.950315
174.872262
206.934647
191.752040
150.355471
156.328486
212.926112
191.416262
167.969149
199.440299
170.989602
159.801283
206.054865
176.658632
187.699372
174.493870
176.998507
223.159122
150.700697
186.907252
145.847629
205.013686
171.700637
239.795483
197.299086
174.113096
145.865929
205.803438
196.583538
206.584406
164.632788
178.415578
175.528126
210.495583
212.212191
179.940848
164.921715
171.628963
185.570544
212.579361
184.581999
194.261049
199.016616
137.463102
191.025731
167.401461
169.179654
215.365263
192.776077
154.176963
212.750579
224.523241
159.994704
205.508926
167.761732
159.017931
155.605607
170.561364
161.760688
170.972055
164.238569
166.836176
233.627740
186.623117
158.422348
192.422097
159.138941
186.436237
184.936484
156.727045
197.843663
180.809424
182.311295
170.451607
193.356418
171.651414
160.586483
156.676381
215.174742
170.576653
161.777727
214.566246
174.493876
165.542520
189.634147
192.386727
213.833506
143.207983
209.951036
198.236659
191.995391
182.648513
200.375802
166.730110
180.806491
206.648059
185.339714
172.579830
185.105446
192.472293
203.887368
204.105139
192.952875
185.200042
159.312848
194.924301
230.095788
203.710120
195.083531
215.982239
200.786004
191.186492
215.766324
168.727217
187.419226
178.093020
210.494652
178.671093
183.849258
175.709162
120.246961
172.778609
179.391694
167.491368
162.561951
188.195858
140.148468
192.617868
148.107417
218.082555
193.272027
191.523784
185.189873
167.349522
191.824120
196.195451
150.714495
157.979881
220.963019
203.573595
140.674468
168.484727
222.492009
153.421114
223.628151
244.924546
186.755432
130.696552
196.296425
163.825789
206.992542
196.608140
193.022155
216.041566
210.803414
207.044591
213.366524
205.047010
208.350856
155.977010
160.168507
169.547596
188.413273
220.104610
176.718742
134.338385
152.856015
190.396870
156.070009
150.355119
218.271129
152.977712
152.331972
198.472442
150.864156
174.633383
235.008548
225.834088
203.927304
184.834826
161.670657
177.849255
180.679647
189.073447
167.177445
185.846379
183.447401
164.148453
202.524899
206.504909
140.681987
214.333702
169.605290
137.638870
189.231687
184.061249
163.537405
190.513053
170.558960
174.649069
207.869263
199.912535
179.690550
178.307977
188.668614
186.210373
169.236003
202.367897
160.148709
172.640531
238.065280
202.389921
140.862859
157.569249
149.078942
168.167283
194.496970
209.503042
199.900592
219.849326
169.610188
192.026973
166.800980
175.826529
158.814102
190.256930
146.369060
195.148863
155.263519
197.931025
198.429977
169.462968
234.426175
196.515522
156.262750
168.027249
201.371114
182.550947
205.999852
169.888403
198.100820
164.816894
151.434899
222.182759
215.846486
208.140274
157.663643
192.427008
195.772476
176.354558
192.139338
184.250708
197.518598
184.550809
233.382239
143.538989
204.437476
170.681219
180.349626
203.433861
190.730071
193.658900
183.425551
205.947012
159.174099
192.098088
205.948869
216.812741
190.539392
211.729643
177.263749
172.421202
165.043468
215.956376
215.495265
173.467982
220.662780
200.455660
206.839515
169.073302
165.502889
130.883040
193.619556
214.133320
193.217236
156.930816
194.243386
185.881102
159.320299
184.129933
175.152757
194.826297
159.063574
214.845369
158.646222
189.090057
210.094313
206.809030
183.869954
196.363426
207.747365
163.265016
209.772816
172.292115
162.304270
183.460849
161.682404
185.538386
167.166189
184.485026
165.977921
163.168987
215.354241
186.731138
218.336442
171.136337
174.453151
178.053544
201.682342
227.751088
177.816025
188.986676
182.530845
195.228504
185.550677
164.588046
194.356045
162.844250
210.292724
190.883107
177.093584
218.819558
152.028646
196.691798
199.885155
204.520996
175.730611
176.899202
121.086013
122.962327
174.991444
167.712083
162.311063
163.462233
162.275082
182.681075
176.617048
140.075607
185.620608
207.041119
155.788784
187.510094
175.243590
187.255754
174.627163
188.360715
210.736811
185.945269
214.917843
198.472034
172.806321
169.729133
170.013716
199.071467
170.085739
220.986532
157.474192
217.654989
212.772178
193.798678
187.470731
163.083190
204.415246
149.072819
139.889003
223.615764
178.394906
210.195622
164.578919
181.058710
179.631828
189.549191
143.915182
172.243685
185.312161
181.479957
186.797684
144.566137
222.351031
181.025896
194.933539
175.400761
187.827062
199.039113
198.256496
188.314200
137.081595
153.869461
181.414062
201.706907
182.097670
187.753403
190.921606
208.146210
170.630946
191.053758
204.204298
213.338484
202.045582
212.863364
168.539180
172.465431
164.556825
195.251525
189.928958
214.614228
189.670789
192.427298
204.741305
183.727054
210.042868
206.127955
155.514894
216.905867
207.978717
200.497310
215.019093
213.230945
181.680855
197.614982
193.926542
170.302594
173.292960
148.510661
229.776879
158.857948
158.378419
186.628680
149.008004
183.498721
182.065145
199.740811
180.742785
163.606521
140.185145
146.888651
212.530677
231.779154
190.644250
195.327742
215.051374
188.801934
198.354099
173.519175
184.023235
174.683759
223.115713
173.059237
209.094904
174.938578
203.854221
152.810187
184.786869
224.705669
168.019512
168.699019
168.891308
150.681905
195.321110
174.960162
202.356712
223.947724
190.359254
158.134361
199.283813
181.882937
165.824820
192.456438
159.343973
208.276990
225.709733
148.332884
153.047015
204.781279
161.549505
142.534599
242.165185
150.897340
197.323031
198.028444
172.217663
214.186705
193.887889
179.574187
138.081294
188.132831
196.617166
180.346546
195.285619
190.742180
177.460834
213.329379
132.979114
170.587486
164.138141
178.475072
205.660395
163.954758
200.234787
176.118239
172.259371
202.107779
221.171063
136.295877
189.374797
161.341906
182.732176
179.314560
190.386231
178.463768
218.848472
193.052473
161.839846
206.002335
183.509033
214.855253
227.727541
190.598289
155.213852
174.779118
194.760585
163.299468
217.755679
205.935391
190.018735
201.028564
177.661420
156.333480
217.662822
141.034728
186.655230
208.023566
200.923704
193.127785
206.770401
175.634183
181.539888
165.534344
169.526435
224.968977
182.515403
186.582815
216.955778
201.263645
190.741864
169.594742
165.406423
223.720496
162.890748
173.941992
225.977370
206.673307
191.015819
176.188327
162.112283
197.695134
209.801626
202.980638
147.986878
166.753030
208.355006
135.066444
196.444314
144.111341
162.497357
214.674817
167.857833
191.230860
174.556652
194.800690
190.102581
190.825061
196.662963
217.151834
206.062388
171.138987
213.022739
182.540054
154.224916
139.214272
169.033210
184.583325
157.834472
122.720220
177.731586
226.202554
207.567852
176.459579
194.284296
199.603722
220.129027
189.545723
205.597318
183.426204
143.455356
203.843785
193.785498
203.847344
205.977944
198.944995
188.765852
178.366161
158.715431
184.751148
199.058400
174.339210
177.784573
210.919635
235.687375
213.015913
206.424162
164.773642
171.116800
172.698508
226.109033
195.527562
150.549692
200.850380
170.185879
128.658519
192.374668
231.499483
164.304224
196.185188
210.198035
154.556392
196.063004
225.182006
203.452830
205.920317
186.703898
205.295556
185.337252
162.292959
179.198207
160.703201
164.922262
243.791747
171.898569
145.496780
154.110728
148.843197
201.920400
189.364567
188.752959
212.610761
151.665932
176.888366
159.040557
186.145327
216.313356
150.668726
153.183348
181.130542
160.227830
156.875506
178.022672
157.809532
222.639943
182.516173
190.510838
177.842218
172.127562
227.485174
198.767662
194.149977
195.610836
202.274164
156.998361
179.504065
215.716429
177.534810
197.892042
195.979971
195.792574
138.201575
134.767352
188.988486
192.069922
172.033883
132.200841
160.191062
153.217104
150.088908
175.255977
158.732594
172.811012
180.585080
167.022019
142.803928
158.905084
143.443396
160.430884
152.655138
174.364729
151.576623
177.235476
163.298419
209.035275
181.718433
190.892634
193.657484
229.140168
164.056553
145.507248
175.366697
142.835300
165.187209
197.827689
195.868207
179.860631
194.022973
183.822742
186.201274
169.659941
164.754159
140.197645
175.489793
159.206991
168.641563
135.093719
170.254040
156.705833
163.267801
184.791229
148.259059
213.905845
185.561006
158.285382
214.955028
217.046966
172.997180
138.169177
163.899509
207.752690
188.384222
169.661452
202.539458
182.887451
214.885944
210.037160
220.603115
174.745130
206.521199
176.593577
179.432719
204.928040
211.858277
177.152813
218.270992
212.226756
184.041101
197.177019
149.531549
154.474765
185.387902
149.087457
178.724208
190.281405
180.518175
189.210132
202.649508
172.409698
167.107042
202.052931
178.180451
168.974987
208.058819
149.986687
195.060709
224.615124
211.157351
212.697458
238.710968
210.942615
202.298387
200.191692
152.415229
187.955509
151.988335
187.107588
172.649290
188.121559
213.025824
158.481044
169.111774
189.753201
182.789914
214.697796
200.128575
168.070455
179.983612
134.226053
162.526313
205.636961
158.312891
202.301892
179.377508
215.248730
221.220718
169.291056
197.564003
144.559134
158.497703
200.306353
156.152187
208.414281
162.326271
163.850581
187.832755
212.911183
169.841872
228.924142
216.400625
142.957265
171.055091
176.061061
227.710491
160.290951
205.380619
193.174078
134.810404
204.331610
187.917512
184.178563
213.953568
195.981795
165.759840
169.921299
186.120327
184.460157
188.254689
183.808636
155.396121
165.981957
164.714329
185.007738
160.980472
160.036331
156.817352
181.642928
192.094845
177.200868
185.898505
200.217415
193.467850
191.195618
148.581014
167.905059
159.645789
192.067030
148.670823
181.464009
169.511339
140.549684
200.592048
217.902626
166.499157
159.876216
185.617831
176.879465
151.077726
204.254561
192.757086
141.791618
166.817673
211.857225
214.540683
158.227538
179.087907
196.498992
227.287008
218.336540
197.885632
152.455079
181.469196
165.065846
151.435263
202.083162
239.407047
151.469229
200.628293
199.292445
188.858744
189.969003
176.846544
177.097054
236.715018
212.531556
203.746075
184.347453
175.098792
167.326316
204.581931
160.617382
188.716486
210.303061
188.730593
192.484406
198.614111
207.007860
207.840550
213.876257
151.054281
173.117127
208.374312
181.471620
186.139216
194.988772
174.556953
157.120525
148.692232
162.751731
183.230114
196.284020
161.006821
176.688713
183.916233
139.456630
169.352407
153.983297
194.611113
195.874108
187.105463
160.590373
188.098251
218.907919
187.002401
183.750687
177.417658
166.411005
178.767111
162.511006
214.366593
142.443165
148.394450
135.058444
182.128370
197.255895
216.926402
150.139569
173.154418
135.272445
197.143938
114.408335
199.391042
149.347712
171.173811
180.237006
184.235539
148.294695
192.871541
223.281706
170.586066
204.360821
164.991068
217.041032
209.966104
185.911044
157.184708
166.738541
217.122911
