7.298289
5.104406
2.643247
12.242041
4.168291
7.949129
8.143727
15.662891
8.632830
8.249687
9.594576
12.254016
3.335602
3.265756
5.204644
3.735272
3.147311
3.971114
9.142655
11.242074
19.666775
9.202868
18.376061
7.088552
0.967757
14.119689
4.965641
11.474767
17.342160
9.145233
2.496944
7.982376
3.012844
15.454615
15.981684
5.828203
6.322166
11.528657
2.889138
14.098384
5.492973
8.050173
12.760663
15.659429
12.426011
14.421389
0.259976
5.902197
10.577958
6.731809
8.413904
12.362086
9.194434
10.553812
6.673999
7.973708
5.335278
15.329714
4.565390
15.655175
13.240583
11.473959
8.924946
9.579853
12.767300
10.988007
5.702492
15.887035
12.470014
9.983543
16.215761
5.700329
7.490296
2.525744
3.155330
6.483161
9.726072
5.885096
5.061295
11.347982
9.541479
11.244992
5.046599
13.812051
5.676556
4.922098
12.695786
8.254168
8.342535
2.028734
8.958904
4.891418
7.750777
8.798422
11.626043
17.838767
2.305911
10.265879
6.526166
14.685373
11.052027
12.761593
10.836954
0.705518
7.999617
2.278531
15.749356
8.280657
7.832985
6.270104
8.627958
5.626420
10.758110
8.100380
10.764410
8.751255
7.250999
8.068649
8.206895
5.387622
11.178472
8.591385
12.333066
4.225686
2.818248
12.114196
5.863436
13.713244
9.935335
1.343594
14.822026
5.531218
14.279013
15.286622
9.824027
5.661448
3.543921
4.100561
7.982065
3.189305
9.625497
15.047301
12.565379
4.934201
16.706770
8.147548
7.623036
7.528453
6.021260
7.376399
8.119701
6.156980
8.053043
11.602022
6.493173
4.431151
13.311239
9.597256
7.220488
10.177777
12.360124
5.908416
17.557817
7.140300
5.805890
11.945065
11.368400
12.185923
2.478039
9.011425
5.418668
5.228977
3.587197
3.935548
1.681066
9.973652
7.656681
13.208056
3.732456
19.042962
14.207652
8.547703
8.224621
14.536394
9.875860
2.181307
15.431292
12.231722
14.217408
13.518494
11.470503
3.411207
12.058831
12.789852
9.176726
12.943308
1.303038
1.194306
6.571842
13.118839
12.710887
2.772273
11.068455
3.607609
10.151852
13.879123
13.469608
4.226933
7.673234
13.362020
11.377220
2.595199
7.084491
0.422571
7.419583
11.918458
5.472501
12.168526
4.832054
0.579433
9.715361
3.636904
15.546856
17.911692
2.003321
11.988551
10.963308
14.413004
16.540846
3.716195
10.463399
12.449637
8.250012
16.762144
5.381475
9.969886
13.086024
12.312632
8.856466
17.120142
5.895588
3.610698
12.810538
15.756824
12.520181
2.285045
12.239025
4.571044
4.475370
6.532470
14.374875
7.018694
8.274692
11.712297
12.690702
2.587988
14.690471
6.968676
9.996771
12.251113
4.433204
10.377673
6.850863
11.149366
7.171334
5.021244
0.929534
4.257246
15.424623
7.546966
13.657228
8.078964
9.918056
15.642707
6.103702
11.472002
8.045212
13.104886
6.001025
4.583912
14.882986
13.531041
10.773480
3.204298
9.279252
15.257369
2.771642
1.644958
16.218908
17.595501
13.196238
2.110029
8.628616
17.547948
19.011036
11.969408
12.959024
10.073825
12.504414
5.930809
15.700716
5.573330
1.719074
3.650160
14.646531
8.420150
6.466750
10.153762
6.416170
13.692663
8.565041
14.733227
7.774360
12.774975
7.163949
6.139598
16.158109
2.231441
12.932560
1.439494
6.347678
6.192998
9.141195
1.868400
2.153950
11.331615
13.683705
14.257296
11.073974
10.216555
15.343968
9.294693
5.524750
11.132023
3.249136
2.317787
12.892262
11.223743
14.759526
5.171123
12.118337
1.033291
3.882738
4.973995
1.881514
6.696039
12.962108
12.108210
1.713485
13.014791
9.030854
16.521937
2.762977
11.574151
1.632577
11.798148
12.506499
14.278893
15.680452
12.403907
14.313881
4.171923
11.544053
4.595118
6.879447
8.993122
0.797612
8.770026
8.417277
10.922385
19.567229
5.831525
1.811976
10.049251
1.777303
8.992786
6.731088
14.125673
9.281941
7.180058
6.482928
13.919788
1.343452
2.080384
8.788642
11.813822
1.725282
2.697539
11.667889
11.826460
4.665274
7.927117
15.333735
11.509505
7.839466
6.795224
11.930337
8.301278
11.054826
5.081382
16.124204
8.450277
9.077201
4.559472
11.078563
18.351301
8.268361
2.301889
11.388186
7.689989
16.354422
3.899889
12.241133
8.128393
14.298118
4.404432
10.913915
5.272456
7.427419
19.563211
8.520313
7.896957
10.255646
12.879913
16.292301
7.755464
13.180466
11.748274
3.518825
0.846226
10.718166
9.902767
10.486500
6.203928
3.669213
6.106493
1.156204
16.760383
8.517794
6.183703
15.515867
9.227934
1.931817
8.909701
4.726392
16.736263
1.067164
4.930102
10.384050
2.379323
10.828516
11.153581
13.665038
11.764675
11.123762
9.664236
16.280096
1.697935
10.580207
10.878650
0.460564
9.364187
14.313946
2.437289
0.387290
4.169526
1.265689
3.739782
8.188584
8.665973
16.871561
5.769364
13.677772
0.023576
16.234572
17.281120
2.649164
4.226075
1.294683
9.239809
11.236716
7.082283
16.098120
1.434557
10.504235
9.863126
17.797047
9.415430
19.711772
1.039621
10.364033
7.083934
11.845897
5.891827
15.329716
7.682037
11.446011
17.386064
15.062372
1.074048
10.633272
9.595047
11.420145
11.313586
1.553504
3.122084
3.436405
3.146085
21.176593
10.672897
17.658592
17.150825
14.861391
4.515434
6.668195
7.383226
0.222327
0.055481
3.096673
16.434688
17.094153
11.735189
13.740289
9.341645
9.085672
12.157217
6.226272
5.521387
13.498915
7.967838
6.066499
12.047797
10.314476
11.306495
6.835003
8.535457
1.941592
12.915056
2.705290
8.998422
7.755253
4.804234
11.043035
11.346961
17.210153
1.386008
5.556466
3.095372
13.832705
5.571346
4.320445
6.474904
13.404437
6.855014
5.369415
6.124694
3.641792
8.587670
7.954280
7.679726
0.514530
7.666843
4.804578
10.631888
7.437515
9.850530
0.844845
13.580839
6.439124
10.973123
3.362469
9.950885
11.843102
5.687612
4.678150
14.423244
18.610664
5.544412
4.172395
3.806273
4.615044
5.095403
4.304012
14.064539
8.863834
7.119816
7.971244
9.474799
10.652031
12.607759
12.604830
5.633463
14.676161
9.665291
12.348755
5.693139
9.274849
7.078866
1.903533
14.760626
5.615631
4.518993
0.903508
1.194284
8.269107
16.491838
4.330676
9.476194
8.014118
9.082517
7.306341
7.729912
13.266754
5.291147
8.257846
13.098816
17.228178
7.965088
8.017228
4.451076
12.199908
6.026783
0.629092
9.122171
6.769445
3.955652
3.209036
2.844590
9.583340
1.138217
7.379580
8.488870
7.950800
12.808902
8.342614
9.778870
12.743729
3.151295
9.107040
3.151995
8.644187
10.599956
10.042443
8.653511
1.348935
5.376136
9.101045
12.813218
0.217662
7.784932
14.135283
15.559906
12.698757
14.113266
18.329097
7.651925
12.800811
11.748758
0.399028
9.924569
17.329865
10.801270
9.515589
9.722830
0.197293
11.462755
1.296560
6.582606
10.702659
14.277940
14.564823
6.065685
6.474106
0.876244
9.081212
2.910080
14.425157
1.047247
10.142194
19.064956
8.381165
4.467110
4.315490
7.543889
7.986629
8.560459
3.260182
12.654678
13.555081
10.107587
4.168489
8.578664
10.143060
2.221534
10.521132
6.768501
6.594067
8.174115
6.685699
5.606139
4.746792
11.481552
2.464415
8.300570
14.636586
8.593914
11.744947
3.753944
9.423983
4.909272
4.617784
8.831848
7.680336
15.509792
12.762441
1.406084
13.362715
13.636647
6.389134
8.284704
6.636337
1.289684
11.169927
10.603970
4.493738
11.383484
2.163747
0.707503
8.367200
9.008263
18.258966
5.190191
6.021146
11.323613
1.809798
11.578752
4.015637
3.298057
11.726592
13.976710
2.130168
5.176678
9.266359
1.659790
11.862660
10.562190
11.231966
6.520194
1.668494
8.328875
7.839041
3.137566
9.171640
2.484536
13.943841
2.061546
9.455144
12.449207
10.337647
6.739363
9.027031
9.339798
16.001702
5.091956
0.347234
20.109634
13.155110
3.578301
13.207431
2.432280
13.300668
7.835204
8.184603
11.788112
11.487429
11.043180
3.630191
7.217220
10.122835
8.476651
8.009060
9.379138
5.904834
4.973834
11.500561
3.904472
11.770200
7.561355
1.664023
14.097209
6.895321
3.849264
9.669284
12.211955
9.313104
8.685027
8.675744
6.313732
7.000127
14.090407
3.249883
10.033000
0.505172
5.862868
8.393800
5.216552
9.167226
9.952644
7.546440
11.519806
10.725074
8.780389
0.357627
7.655451
8.280757
6.648993
10.237450
1.822639
9.621946
14.357736
5.155329
5.161517
9.852504
5.593457
10.361573
14.350366
2.646561
12.307981
0.386555
13.141937
12.031929
7.389545
11.010554
2.617556
1.357387
6.337550
9.866687
10.537715
1.953424
5.542260
5.023199
1.858111
16.893370
16.505990
13.710124
10.498467
7.291939
0.294773
0.166312
12.013852
12.745767
7.420931
13.083002
6.424448
15.842072
6.703273
1.188890
13.189130
0.751846
0.516347
5.671389
8.377807
4.211766
6.190363
4.147916
13.158863
9.091550
11.589302
2.583164
5.928795
10.936945
8.226057
9.685227
1.425580
7.875060
10.508351
0.427472
6.274093
6.273167
0.271382
0.842388
4.348391
8.446804
2.569793
11.114872
12.382014
2.827431
9.802297
5.016616
7.186899
3.585961
6.090457
11.965297
2.555458
9.047249
17.834455
2.338086
6.387938
3.375054
14.348576
7.814915
11.764834
6.775578
7.885196
14.121200
11.506826
13.802517
3.320795
11.137747
13.530215
4.881978
6.039466
7.595391
7.609674
17.003919
8.522285
16.232828
7.591021
8.700321
7.039644
4.626618
11.929247
8.243405
13.879719
6.061290
11.970675
1.579233
1.735219
10.236047
14.542476
4.162433
5.179296
1.169016
9.599605
0.694824
7.674804
11.094814
6.319476
7.344804
3.626837
2.696850
17.733876
1.842351
3.168135
5.149454
4.060890
11.735573
0.876322
6.105264
1.732059
8.407705
12.081865
10.185469
5.249568
9.746923
8.769149
8.432788
8.433004
7.488448
5.149155
8.580218
14.355729
8.395034
5.485922
1.802866
8.710899
14.990257
20.787924
3.331692
15.137416
8.159252
2.845543
3.231294
7.475159
11.671912
13.220509
3.495572
7.833647
5.831269
9.894680
5.521488
8.086756
10.175461
6.888057
5.429818
2.873043
2.876522
12.182864
3.593525
14.239879
0.390964
6.830859
3.801057
8.274716
6.962967
12.659709
12.020960
1.342717
12.860786
11.363604
0.462351
6.879776
11.731700
0.867040
3.969786
6.716290
7.402511
4.428790
10.506139
7.090828
12.009245
2.001948
4.898068
14.467222
11.321205
10.078503
12.164868
11.578554
4.824379
6.846467
1.640007
13.532625
6.820992
10.283893
6.103500
16.750923
4.483701
9.452520
15.561026
11.697622
1.943428
4.864797
5.683408
6.625331
4.177029
7.207508
17.779663
2.348015
9.286353
13.130571
16.296240
12.184841
5.585704
11.084419
15.578496
7.382933
6.534007
15.571048
3.616600
7.709245
5.847487
10.898997
3.670373
9.332857
4.767784
6.218822
4.505051
1.328560
8.381169
11.612782
3.370780
12.692760
13.495264
1.127438
13.731344
10.173521
3.912162
12.202257
8.284500
7.456713
4.671525
14.309450
12.827660
8.253045
9.581730
4.061579
3.347758
5.992506
14.207608
9.466042
2.417461
2.006205
0.302233
11.081575
9.986539
10.530735
12.907766
6.204548
3.366962
2.435954
10.218430
12.959576
10.885800
8.864393
10.674122
2.699131
5.521635
10.844833
17.647447
6.585968
3.076954
10.090364
3.192036
11.450014
0.108713
15.515275
3.207603
10.474848
7.668583
12.349855
2.599570
19.193115
6.886414
2.871890
3.797342
11.005985
1.399805
15.819101
0.974287
7.857617
11.763783
2.268736
20.811462
0.530621
5.269704
7.875607
5.845784
0.983716
5.393587
2.074682
7.182629
13.138823
10.496235
0.323723
8.179585
8.064498
0.384959
10.975855
11.292210
13.015574
6.975556
6.797146
6.610744
11.386681
7.893224
6.562153
13.114730
5.667938
1.060145
10.020103
0.059691
5.661530
8.880378
7.706288
11.246086
8.024443
11.127948
7.559013
0.185596
10.715714
13.961685
0.235780
12.133685
10.008803
18.414674
7.306069
4.022582
12.479793
11.443363
13.707886
12.179443
11.546601
9.952333
12.952310
4.346106
6.414019
1.754293
6.734253
11.365665
5.681745
12.509489
4.314822
2.445557
5.943217
2.398782
2.324347
8.046176
5.785669
7.112064
18.563878
7.771660
12.303457
11.012939
5.875977
12.373041
9.373370
1.957044
6.662523
9.224832
5.704761
15.567062
5.350771
11.994736
10.665337
13.942040
7.316922
4.768092
13.243841
5.389796
8.454333
6.449296
15.087137
8.657131
7.840427
4.395607
7.483503
8.783841
10.383958
8.196778
6.513168
5.459081
6.770584
13.412291
7.323871
10.773036
15.293930
7.733971
2.654616
10.152349
6.281340
2.156547
11.042597
1.433345
7.114210
11.636283
13.576471
1.322885
0.889798
17.657241
13.608080
15.147772
12.335968
9.717431
1.605370
7.251452
16.316289
3.270583
12.553847
7.888214
13.407185
14.045963
9.570451
11.258999
14.273732
3.056091
11.555619
1.961584
2.013341
2.292742
9.503340
7.717447
15.405755
4.965598
4.551861
14.885258
16.761688
13.717686
5.265784
11.807418
7.347310
15.789908
14.470597
6.765357
0.818367
7.473226
0.255604
13.528466
5.862529
16.206902
8.305996
4.185186
9.783331
13.265900
6.806286
18.829059
10.337143
3.601687
4.789233
8.865140
6.602939
11.925691
6.313511
9.791984
6.659319
1.589131
5.846254
7.622899
7.727082
11.638005
2.113375
8.254535
3.801583
1.824249
17.155103
8.554791
14.945533
14.970719
17.073203
13.815712
11.241721
4.477857
11.418945
4.613435
9.478288
9.608464
10.083583
11.028714
11.690688
17.508361
11.366501
3.746979
5.315969
12.216797
10.360043
15.875797
2.918903
1.301305
2.553868
1.806221
2.660817
0.883808
9.926726
11.911520
2.137219
6.067042
6.100200
8.788971
2.159888
16.555032
11.222848
12.505312
8.000842
6.764900
12.767078
9.907867
4.843075
5.280794
4.295608
6.731390
0.333488
10.870794
5.711590
14.696835
2.753790
9.519017
3.585337
15.636071
1.323181
5.241487
5.766486
12.985149
3.720423
9.948132
6.408882
2.889500
5.287682
2.734034
6.660842
6.221752
2.951330
0.628791
3.727951
8.324529
12.462155
8.973567
1.201764
21.634571
9.291778
10.880156
11.773583
8.785733
11.720341
6.157228
17.826296
6.984427
2.119471
0.090016
2.997220
10.463564
10.629196
5.030709
1.263337
14.481980
10.205150
10.113418
1.492042
15.291117
14.551258
7.550507
9.140392
11.001650
13.634749
14.119898
8.727108
3.671424
0.263155
9.497123
12.488970
19.904019
14.367500
15.839237
10.348404
7.553997
12.307004
5.558740
13.499094
0.099316
6.719889
15.553975
7.509501
12.670032
8.914732
6.839015
9.834829
10.168141
3.899125
12.828140
6.103761
8.237096
2.727281
8.203751
10.318231
12.253385
7.485476
8.608701
5.912693
13.841285
12.124200
6.095690
3.175016
7.788833
7.321598
7.305187
3.115679
1.907600
19.503449
7.957783
6.563625
7.027091
5.782723
1.102421
14.295359
1.483564
2.822424
8.290036
10.656609
9.229906
8.175796
9.395601
4.580546
9.895248
11.592033
6.776536
14.719325
12.240320
16.379647
1.070011
9.606225
0.396664
6.419846
0.529409
10.891022
9.017080
1.071388
5.657400
18.204650
14.683153
17.995533
12.332510
2.133568
12.003561
6.082800
0.380581
