376.196183
349.442404
334.628131
336.650627
349.282194
300.191269
316.036182
342.895838
313.617753
326.058649
341.723928
366.006657
352.084499
383.283027
330.958505
361.995838
361.637589
337.962034
319.268943
346.386906
347.941801
317.456845
305.448002
326.658314
372.538896
334.668577
301.835674
300.248718
390.821908
364.693440
326.847817
354.506505
292.292264
312.286725
284.002571
336.245550
315.684617
326.381946
382.498318
353.707984
314.379876
368.379290
341.759168
356.109314
295.818474
314.464370
339.783824
317.380159
317.894731
340.746513
296.482169
313.488380
348.944687
317.695251
326.545999
383.673662
299.317006
367.546756
385.617348
313.647722
345.969501
291.541186
311.915747
357.629477
340.941044
353.069509
351.825363
284.310622
347.451294
342.706431
333.065428
339.682546
321.724329
315.069398
343.330866
356.569895
266.732902
300.407107
303.829818
287.932693
326.737826
347.148038
373.819702
320.683199
287.848210
351.102566
358.635813
367.277720
326.998340
392.387778
332.726018
306.570047
370.971934
318.974763
351.612917
357.698962
317.864391
330.616042
349.508404
300.042761
336.171742
382.540045
359.380309
353.385159
349.747449
349.234208
387.527273
306.964998
318.771395
299.153305
314.282639
313.198845
329.969863
332.209512
340.189036
341.629460
339.368949
318.666168
372.885242
345.175803
324.099028
351.134451
309.073421
306.686280
346.409611
377.367598
291.073022
381.317133
343.764986
295.788239
396.352137
317.333034
364.555885
362.116274
356.375524
353.590005
327.415434
322.679794
318.641877
299.999566
297.961520
274.208342
353.392636
313.660129
350.659524
325.036408
272.458644
308.290946
316.098736
305.241819
351.497531
326.039247
312.374389
355.729775
359.176697
294.092076
328.128244
307.356504
343.211757
399.360234
369.895527
295.511389
318.606056
387.442954
309.479110
317.280486
336.780736
350.587956
353.611116
302.848115
362.635580
269.460746
310.702727
343.219882
397.534874
365.150649
354.896197
315.954441
377.383048
334.121805
402.969260
303.646189
311.904470
350.924806
351.245428
327.798508
356.487098
375.645547
320.401265
359.584736
307.088995
348.016906
332.787255
356.123126
287.943540
318.534773
306.291646
336.224094
399.328698
329.300617
397.937930
385.165639
340.480182
299.907956
338.443522
348.877400
358.331034
360.822346
289.585505
380.989726
318.082224
319.684510
302.199042
353.548495
284.793863
309.482954
366.598154
317.521499
309.435924
291.191196
357.241476
372.630122
374.405209
324.357479
332.752859
283.269692
343.589455
333.584303
301.465746
313.050982
368.326142
357.943436
289.668087
296.595733
349.903943
364.171278
324.455405
382.774921
396.300490
370.402495
352.294570
349.093697
353.753817
305.214877
339.226236
386.953747
312.277460
302.226431
363.803451
346.237744
316.635747
337.711675
324.328906
376.128206
333.307224
387.526057
371.378725
297.513783
306.166653
328.460207
378.401306
355.612290
364.372981
339.209523
416.789379
343.376978
360.065514
365.355783
330.652533
337.815915
388.481062
272.516279
311.639403
318.624036
311.959563
338.718698
346.885402
290.094468
360.621140
357.120183
348.606804
321.142210
316.092745
356.493986
289.504827
300.663762
371.759576
364.922220
344.366831
358.017667
275.882186
351.379583
363.080708
299.720246
286.431858
352.000998
325.129330
302.623824
389.783207
339.274168
386.341796
288.586779
335.025813
318.683032
351.239327
313.772276
367.589130
280.238827
329.714666
294.273013
354.293932
344.600044
328.043996
316.529369
348.671443
402.883756
372.418098
337.915133
372.055534
335.062235
361.378381
290.193688
317.191470
366.369570
307.995962
323.139593
399.523922
336.353169
289.485791
329.677199
337.791517
356.444804
396.420000
381.618650
383.335770
306.336137
330.437323
297.867918
306.440857
340.570522
363.198210
325.964141
372.077316
334.699350
415.940312
364.319950
278.238373
303.036197
283.425788
356.692314
283.403824
366.066155
365.051148
385.328083
322.696727
342.220348
302.090082
321.307635
299.656938
342.164951
392.341182
328.544454
348.351234
306.385576
327.705415
324.886224
349.805976
359.862879
373.825663
320.115014
340.306809
366.171002
363.446166
315.632806
324.281045
306.607857
348.249044
377.261021
332.494342
375.988150
274.517390
333.271440
285.722357
290.577840
293.920416
336.731201
279.171017
357.894366
373.273879
329.766847
352.383448
359.918531
341.052665
369.003771
337.183508
314.775837
347.524735
302.923455
337.979148
338.680770
335.695061
329.638012
349.873101
327.142253
310.409502
351.836207
393.610943
324.403723
284.415587
383.659066
374.826956
388.861891
361.144215
375.120726
329.346095
374.386846
337.893254
335.836544
354.704369
294.345795
372.767882
390.042414
337.471587
383.109804
316.130622
334.771688
334.710506
280.765610
349.240672
386.098084
304.532686
357.417156
338.541878
289.557916
313.814706
326.502296
376.725303
317.552563
306.456375
377.924390
324.915371
346.345590
327.439394
337.448648
334.113142
333.905448
338.082493
315.208430
331.052188
337.291495
310.198252
361.285138
372.457980
340.712380
351.896945
334.150906
317.529431
275.816920
297.711170
327.772712
369.650960
336.052667
311.362728
368.588061
356.059347
341.932924
333.094470
281.209059
379.047310
332.171766
323.599965
340.198096
361.646904
325.602677
375.487083
309.168798
357.077617
374.103136
365.939482
315.267619
319.620646
335.100744
347.084881
337.886759
334.290317
339.417531
370.326497
339.559523
352.285068
277.290570
337.791659
293.435327
334.751740
312.397076
411.079279
331.614580
358.822616
317.932368
346.422585
345.229885
319.712529
341.541841
377.988359
313.169731
339.060278
343.889039
343.230775
296.511170
329.208624
309.927064
364.964568
286.874356
361.327036
385.089424
307.823823
323.454921
270.998924
283.774302
282.545799
391.863374
320.010599
341.424251
339.003334
307.155536
302.833663
361.558229
295.118542
348.748388
342.519853
352.624235
323.961627
296.858376
337.850430
333.250402
335.614973
317.478868
352.085920
338.743460
317.998529
339.915615
289.181639
315.450357
406.982677
349.246571
366.264680
344.480279
335.204992
342.780298
340.147647
373.365489
337.383871
340.960972
331.324346
343.932336
324.926136
333.605267
361.276705
330.422668
360.153576
358.656879
320.527654
340.784554
384.870037
347.892631
328.391713
345.418863
351.251144
281.204746
329.350171
349.895583
381.618705
374.440594
352.466614
355.205128
325.147844
296.099105
308.053267
377.167280
351.327705
363.742834
331.074308
366.310513
294.572323
365.100871
344.504287
300.229058
343.694822
349.033841
397.356328
342.928714
302.027071
338.871670
323.957283
361.658257
314.678692
337.031905
374.511880
368.787721
323.911733
327.677961
317.467688
389.754921
328.584302
319.574570
389.567811
283.656945
324.861456
343.529398
340.833209
333.275707
322.567581
326.155526
320.947101
349.351210
338.962868
323.836314
329.283746
355.873919
327.852965
392.772234
327.563275
271.849571
337.301837
319.538096
315.776164
331.005113
290.117836
344.143460
324.551162
335.610665
298.041877
354.144281
366.113058
316.790522
300.742452
341.213976
345.220162
304.719218
317.853319
287.294069
290.968040
344.022170
331.722021
364.424990
351.460007
346.812971
295.281464
313.631426
339.099120
303.323633
316.122016
381.528002
316.556229
308.560287
338.816476
317.665489
295.749267
373.320887
356.763184
356.102863
321.517388
328.347522
372.729342
344.353690
345.252749
291.514756
350.087664
286.906895
329.922584
364.010403
329.470418
338.161345
342.933426
354.756970
318.064691
282.032528
340.980982
312.449462
353.334087
301.391877
348.827421
286.130899
341.859842
306.700948
347.197711
330.292938
375.510823
286.558820
352.018599
308.875904
335.058412
323.844446
383.527374
360.080655
341.699671
342.760731
365.501005
359.725010
328.364065
310.086313
362.906024
346.092532
341.116875
354.728845
345.298807
341.542452
314.171644
321.758408
372.299402
312.571902
348.464397
349.494273
332.475682
317.224202
332.609336
275.824442
361.560566
313.660456
357.304969
358.028769
324.739282
322.500998
313.830709
324.372568
312.522240
350.558180
299.079119
252.441325
325.928982
359.120802
337.680776
328.684628
289.823423
367.017202
338.718175
348.689618
362.028221
310.091937
336.160682
349.547635
354.465626
324.052078
307.203995
392.518669
300.858691
356.218056
374.168815
325.964390
295.792247
302.244623
364.969856
350.362397
324.887988
351.800033
350.508336
334.711485
322.714943
324.787386
341.806304
347.680081
300.783990
338.764694
328.082047
309.581354
345.552712
352.802128
375.485107
290.270122
347.106020
356.250805
326.982183
369.593097
343.107326
334.907261
346.470950
330.937759
381.265933
324.471900
366.368058
360.789959
305.832539
300.045209
342.449701
298.769423
318.487507
352.013404
294.793085
374.746730
328.849042
345.563216
358.522533
315.263748
348.138288
316.737835
362.734585
328.078474
333.873028
319.286756
327.978984
326.985094
330.560031
374.676391
337.315491
376.285852
350.361025
306.380013
340.848527
350.569572
300.377839
322.327393
351.274518
329.217592
315.880399
320.345503
313.063704
362.163550
375.942839
331.486845
351.121136
323.614393
332.533695
351.400473
387.427426
373.667858
324.884624
351.822055
353.250304
352.182136
381.397307
345.652292
364.449957
326.976607
303.035315
406.413290
255.060355
274.707892
365.465654
338.572499
309.082591
346.737232
336.589631
343.422448
292.382465
368.107752
337.294961
371.510109
324.103523
330.135126
344.615466
354.761379
348.802802
291.337414
305.071229
376.643658
336.872070
329.000159
359.765779
297.509775
340.610648
376.974802
344.879973
325.659406
347.407871
318.562986
306.484287
303.580609
348.491640
287.556888
318.652071
370.971667
364.598954
361.738649
339.449314
300.937802
344.496628
336.210096
349.053427
336.580406
348.322718
337.167313
397.562299
349.818050
328.820499
327.062182
326.226749
343.939936
309.993446
322.736142
360.537670
327.567150
354.182865
336.801547
328.843393
354.034755
306.668993
257.388414
360.797217
342.445735
340.021221
306.648273
342.395779
340.508571
356.185852
343.953298
333.738728
374.045520
265.184319
321.386927
293.204185
348.682866
341.112363
298.957925
327.068622
342.827943
330.418890
346.011629
357.819900
345.022093
345.688066
319.905211
333.409511
302.613689
373.128530
387.672280
378.991072
388.609150
386.121208
293.916945
366.813855
369.964343
362.808859
336.352677
352.212908
344.766264
323.009631
366.390182
326.521797
418.025695
323.616625
322.974332
379.778253
380.463921
393.311585
329.788667
299.725482
351.755832
343.391838
372.628030
344.908791
378.676772
350.422976
314.429947
395.545703
294.777132
336.650749
274.177282
341.731550
355.692063
375.570278
309.660669
313.018546
358.721607
337.667109
332.327102
346.309152
356.753634
378.246772
306.607177
393.583812
352.808167
356.659256
290.448435
363.117496
340.325638
332.270345
351.272331
302.498729
336.996330
352.775433
331.201620
332.421813
338.945689
384.148036
351.835573
335.154220
347.632996
369.446209
342.230609
362.883222
318.638375
346.616474
335.318598
338.634372
371.824031
331.004117
368.281378
361.140449
358.244976
379.619055
335.303000
380.116618
305.336117
303.108652
337.753033
297.414714
364.768354
313.008326
354.460454
328.922334
372.464518
328.334939
356.493310
339.866854
347.521902
395.474353
332.147627
367.979121
343.759763
383.386069
312.214669
285.434373
335.651693
317.527595
311.282171
314.212066
330.999005
336.176844
340.694248
367.053586
362.376201
338.876482
360.747237
299.187592
320.468859
319.837891
365.314203
341.526245
293.815208
363.627410
339.349335
252.084336
360.251914
324.057265
399.307444
370.326844
373.581579
339.291801
380.141967
342.287299
360.720436
358.041142
346.838299
399.708790
336.887969
316.536176
308.833995
352.582899
342.946817
352.834766
281.887433
302.122776
274.811941
338.079333
334.395118
329.118922
311.311763
336.208558
332.172446
320.528851
368.463375
325.225973
363.606139
333.140959
319.630366
323.822537
323.889130
326.971959
311.634007
289.250650
320.127063
303.067240
342.792471
332.628634
359.809154
318.290146
316.685728
370.413046
354.562335
340.492235
382.233946
347.812035
292.599007
311.895596
327.784626
369.994702
372.442832
332.169977
318.303943
296.129435
365.099140
330.063865
336.676954
379.740555
307.311615
370.183462
337.726445
296.509254
338.786278
345.501411
325.774719
346.021134
340.912596
330.681049
359.762002
315.537423
312.375836
343.993456
357.222489
386.223169
377.886897
329.891770
327.848372
359.031063
364.770521
332.156826
386.624982
425.045834
369.255788
363.351864
361.594744
323.022703
309.968891
293.694860
312.171281
344.713448
345.449173
303.705895
333.386034
320.040768
330.780082
295.436859
312.399573
329.488556
310.138688
298.383424
345.810498
345.158364
347.656834
374.148579
368.195939
360.125653
336.966286
351.817279
283.842437
329.079604
315.973477
316.019821
365.251468
342.909583
345.650244
342.105273
345.500333
298.699046
341.089575
315.790926
386.173988
335.752575
308.685047
308.799288
327.474185
347.138403
336.899065
334.303997
297.207160
324.858046
353.445275
325.041095
313.305217
362.920208
358.114845
344.391344
313.229663
347.307218
297.881860
380.728355
281.950548
353.753510
322.461607
351.429696
376.585754
348.043094
389.008426
284.593770
305.682442
349.522037
296.059378
373.776933
409.036759
369.502498
340.320542
347.418042
315.789667
297.335826
314.242873
323.083352
298.644642
326.010653
345.715144
357.291538
294.758750
311.858062
331.612074
334.227193
294.757355
360.607741
310.470008
336.563479
344.609170
315.820196
331.519496
327.429813
354.482645
353.595725
314.093576
292.998214
347.739326
337.111328
354.689449
305.516856
297.852537
313.729353
354.794905
318.562633
280.595537
344.090277
340.357668
353.011113
383.214252
370.498125
386.759663
280.365738
377.578909
362.579347
302.704314
398.176941
321.717600
313.788888
358.409885
359.384208
344.917051
317.349145
312.386227
322.627417
338.285655
326.432017
308.849183
371.152679
287.964190
307.498412
344.387291
334.672497
347.347079
331.177218
332.360054
339.224168
319.898965
400.552676
395.213679
331.788812
331.792641
330.787051
370.678552
339.163119
367.535698
299.754405
381.577576
336.796357
331.517459
324.039797
335.658385
326.415628
319.872700
297.709901
347.302940
376.342901
336.566776
354.926174
359.193550
328.357443
364.675885
334.678743
354.702863
327.620814
343.909878
338.769638
382.851419
280.255507
