9.885523
9.167659
6.294120
7.711226
1.251028
10.432482
15.210473
17.760362
8.803944
14.004310
11.364548
11.387198
11.416229
3.930162
20.036369
7.843962
10.120414
1.254826
4.837570
13.251219
6.362606
12.842600
11.978957
10.910152
14.573927
7.403238
4.250501
14.219338
10.999454
14.443240
3.210978
2.494454
16.426497
9.211204
11.959254
18.072981
17.419497
16.043979
3.533395
8.264152
4.070138
21.028936
5.083545
14.520636
5.081713
12.469567
15.259282
12.034522
1.707291
8.038662
9.510565
0.143118
13.647072
0.728505
0.339115
8.355598
11.139964
7.707240
13.435487
12.205679
9.785199
11.952779
3.954883
5.860029
0.350472
6.045716
9.170355
16.568900
0.426196
10.906104
10.028983
13.515087
9.081852
7.221959
7.570829
5.285023
6.169375
8.788821
8.320930
13.397359
9.806069
7.884322
2.613238
7.890115
10.812670
15.696177
8.820037
23.168115
0.270006
4.077095
0.382330
4.148009
1.818773
13.967272
10.874063
6.605196
2.035408
8.471380
8.067188
3.504224
10.419116
18.475713
5.154135
5.592598
8.162946
17.198967
2.193256
6.324193
2.577533
15.024318
2.507370
5.002717
24.605912
25.047051
17.452554
6.042814
11.707252
0.948255
15.478989
4.032598
11.564791
5.846525
14.392862
4.052521
19.434710
6.538309
1.948688
20.839913
9.624416
11.736755
19.129467
3.742477
11.659308
12.021386
12.539908
2.655032
15.635436
12.081399
1.070727
17.072221
7.643787
9.725356
3.870754
10.487356
3.994073
2.123592
7.312250
2.378209
15.521882
4.625532
6.453513
7.585228
9.633482
2.599138
0.101936
13.853934
6.255433
0.764281
10.585889
5.058894
6.442144
6.512967
17.118287
6.638713
5.603268
10.710078
8.646499
9.222671
13.836439
17.544245
8.441843
5.234454
10.672736
7.017735
5.675509
5.610926
3.798405
12.798531
13.744428
1.930555
7.311630
7.360591
3.266629
18.979847
2.669037
3.901637
8.910144
6.724038
8.055373
10.649054
20.552494
2.270973
8.230962
10.834022
13.647727
15.757168
11.133998
6.986771
5.225755
5.376180
1.501090
18.695228
3.866206
7.093000
15.517162
10.121895
12.237265
20.004778
11.666805
11.444161
13.564318
4.208524
14.795131
3.801135
3.909231
13.751526
17.734625
5.340801
16.394920
12.942248
9.100937
2.849272
5.856997
10.994052
9.019870
14.684495
6.087321
7.533685
8.226563
15.277982
0.664658
4.530397
11.356693
17.271863
5.734821
3.184762
10.155692
15.167775
8.861214
16.901683
16.587010
7.095527
0.412051
0.026716
9.032751
8.788094
0.668659
8.201345
14.340096
7.685903
13.880554
5.106610
10.625833
15.883390
3.574258
15.217528
22.597967
4.941534
2.602790
8.776820
12.057555
14.101443
11.526634
12.379229
9.022059
3.061649
15.007549
11.939601
4.505251
2.168967
10.316725
3.738408
11.590942
7.263210
10.907191
11.995596
5.972569
9.782517
6.298936
16.521014
14.885307
11.387439
16.784087
3.711097
15.004263
3.743673
14.310793
7.894842
6.616113
0.883705
16.570703
1.355255
1.709610
7.887634
10.898063
3.327931
9.795386
16.333122
6.725607
1.560608
12.916343
9.765322
9.691317
12.325826
15.070963
8.002155
6.008340
12.627030
0.269378
4.441503
12.945793
12.433561
11.429372
2.931065
12.627055
3.895347
8.189698
5.740077
12.347498
9.239657
15.112525
1.086276
9.768097
8.388404
11.102807
6.722060
15.226253
4.609939
1.423360
11.706094
12.630573
11.540825
14.315539
9.974224
5.367379
14.541381
3.242833
5.059178
7.401672
8.687736
2.682454
1.299145
11.198934
1.450781
12.113903
16.883934
22.973037
5.014556
11.178111
14.471412
6.965812
0.484190
11.635231
11.502608
1.364511
20.732174
12.934562
0.764225
20.813734
1.474634
2.192653
8.103840
11.314764
15.968953
1.164880
2.689442
11.878747
6.977654
17.223555
7.388744
24.350355
7.092103
10.656470
8.865167
20.157885
8.999875
18.264589
4.990579
15.767869
14.385878
6.227972
11.118765
0.319689
11.578429
9.036126
7.082085
10.317444
2.735356
4.181247
13.392891
2.115170
8.868427
9.400923
12.008475
5.846027
11.236021
10.877274
12.059256
12.995670
14.205668
11.023482
19.140469
1.749153
1.731734
0.160917
18.143997
9.902067
2.859262
9.093394
15.737827
2.244865
2.363383
3.665710
13.456459
11.023675
14.952320
12.412624
7.155298
10.563186
0.257024
6.668658
12.076209
1.168533
1.269598
2.797102
17.390077
7.929679
18.571313
2.911094
1.893387
12.538702
11.604222
19.456373
13.533256
8.660414
15.522094
7.555298
7.065703
16.015600
16.712773
2.737562
14.028425
10.056492
18.883619
11.067006
6.537766
22.973697
8.175202
8.303960
9.200868
9.616544
5.488013
7.778913
6.727845
17.142388
8.952619
13.476449
13.627865
10.079299
2.714560
9.283408
11.068963
14.757245
5.294928
1.852760
3.543705
5.842689
18.774637
8.393788
16.747699
8.945856
8.996029
14.682502
8.117994
10.060749
3.381848
1.089387
8.166357
0.162092
6.472318
13.616617
6.504367
5.855487
23.600891
16.794614
14.565879
15.942486
1.889204
1.317492
15.888494
11.998764
5.556393
6.552607
17.925121
10.380317
5.068620
8.321642
9.569864
9.164695
13.544736
18.142498
13.572219
13.797475
10.094321
10.452281
7.531098
8.781874
0.172133
9.046497
12.822438
5.635908
11.930240
7.452559
15.830299
15.620978
6.186479
5.331110
23.418793
20.569612
17.700034
7.925671
10.680158
13.620442
0.356824
14.546873
10.554439
9.412004
5.894929
9.351653
19.733460
18.397574
16.549530
5.052103
22.393959
8.367689
7.296083
10.471825
7.038763
13.555164
4.761129
12.261115
18.530188
2.794144
2.500197
0.565618
13.619895
3.147097
19.025888
10.041629
18.896608
9.732956
6.445239
11.688513
14.407934
8.276647
17.529750
8.048944
18.402843
6.648338
0.923038
15.688524
2.882468
1.887624
12.543957
9.769921
8.158434
13.485361
3.863593
10.900507
11.590144
15.499248
24.381796
5.487732
7.053909
16.606356
14.588557
6.068070
3.944231
8.964649
1.751781
4.920357
14.080962
8.131206
11.861686
9.038304
11.101564
12.387242
1.100450
9.646489
12.665886
6.757469
7.127975
11.385771
10.408954
5.651407
9.052970
17.215133
10.172558
12.519412
0.511792
10.861195
19.203450
15.371026
9.550604
12.229860
3.249706
12.660087
12.686578
11.376925
20.214746
11.251220
10.571586
10.815287
11.487463
4.446921
14.552864
3.671626
11.221211
14.672224
9.511847
18.848365
7.017704
15.471775
7.086356
7.023336
18.110424
11.482374
3.585120
3.420218
5.372957
11.081266
1.862749
17.365227
5.308091
14.340309
12.396260
8.667575
14.059857
2.547152
13.436972
12.419847
12.127720
13.087895
9.388677
2.149751
3.830070
11.612852
8.127461
9.263366
3.966384
6.797018
9.890141
15.399151
10.956686
15.858713
14.451974
11.541354
5.986379
10.450150
12.358482
15.179618
9.020332
15.845140
4.325525
6.110450
7.320714
8.410447
14.039942
5.143423
1.134566
14.382062
12.192893
6.171527
8.490823
13.289320
9.571274
5.085962
1.701592
15.312493
10.368196
16.523809
5.007841
9.874389
12.133208
7.975026
12.919413
17.215477
5.398121
8.165939
12.438961
10.868856
8.225090
2.650242
9.494958
5.998455
8.045153
6.671317
8.066576
15.394895
9.631722
12.817744
11.781965
17.853920
6.897415
11.089439
15.221602
2.014238
11.950833
15.930277
15.210140
6.864091
1.669613
9.649365
10.588754
8.842879
9.073056
4.638808
0.151829
11.094214
18.306097
8.617136
2.154082
9.610220
4.869869
1.227847
2.374186
18.460845
12.134596
12.260936
12.209127
9.671000
14.012898
2.163320
11.145923
14.347596
2.169913
18.837313
3.664850
9.212887
21.706400
10.885092
14.835130
11.387843
7.571586
7.165052
1.459225
10.827778
8.341077
9.753318
5.311631
9.939375
6.426093
19.912665
18.368251
7.342456
8.477803
10.050261
9.022611
8.511548
16.776811
13.673330
4.096422
5.192996
9.503479
11.873715
10.710714
3.825236
10.941384
5.087364
15.435425
2.639662
4.031597
11.608670
7.434401
7.107980
11.873757
9.685182
11.035980
15.472914
8.393074
3.856278
6.199595
7.749937
12.822865
4.311654
18.320462
16.003418
9.776858
5.432314
1.320400
0.017429
4.940041
5.364930
11.388920
17.104446
13.092207
10.959939
16.907426
14.395663
6.994774
12.104226
9.007915
16.801666
15.087797
7.685793
3.972424
13.175240
0.672588
17.701083
15.886441
5.701512
4.840311
8.805585
14.129749
6.958674
13.106340
14.019365
5.691372
16.054634
7.679045
10.618155
16.043738
1.113933
0.444789
4.250119
8.970146
2.445279
10.015984
11.622353
11.308201
13.633063
2.147206
7.583955
5.631246
13.150807
8.232137
8.927452
12.617631
7.339144
2.702132
16.165599
6.538754
18.063102
2.670917
7.502463
7.800213
2.695990
13.357553
10.783031
17.237765
17.737366
4.154603
7.522427
12.732241
3.545066
11.087207
10.619260
7.035662
8.838115
9.757262
12.117125
26.904683
18.205374
12.382447
9.896412
9.546291
13.361566
19.240224
9.075965
3.680091
14.160807
3.337506
16.220314
0.349459
10.769083
15.717809
16.447645
4.149587
16.943254
8.912696
5.333397
13.979934
8.940214
14.102065
6.206105
10.144323
13.053462
16.561242
14.334032
17.267313
16.000789
14.727788
11.390140
7.004156
16.164357
15.033944
19.049300
10.814407
6.417026
11.034941
12.796191
5.052412
5.380942
10.426770
4.027423
18.791947
11.160040
16.683809
15.266444
12.915526
9.828319
12.426283
11.400346
15.509287
10.511308
12.540173
0.051447
7.436039
24.384295
12.329359
13.343025
13.940866
8.895776
8.063450
4.262675
13.376711
8.614450
7.105689
1.985816
10.756817
10.658779
4.268978
4.370792
11.035352
12.245905
9.372721
10.670974
13.077765
6.085337
4.377092
7.363198
12.606557
22.876114
14.303660
12.715848
0.404006
0.720615
12.855860
11.550464
19.607887
10.916284
13.634368
11.264871
0.061215
5.988028
10.535955
3.516762
8.889079
4.001627
12.096573
7.530402
0.079387
20.005113
5.498878
8.320272
2.622427
13.097606
8.590485
12.079076
3.829833
7.270306
13.599238
18.768654
18.673775
19.217653
1.464340
11.470552
0.260371
9.258754
3.004307
14.785273
14.529543
4.973586
4.376288
2.255720
8.310734
7.063412
13.419081
15.198084
7.414187
2.948482
1.487485
14.542021
1.996304
7.223991
13.086571
7.660089
7.044589
9.351256
14.869197
4.343886
3.152078
4.073692
10.185178
8.174230
4.011959
8.881828
14.401087
0.698114
12.530678
8.410289
13.638167
4.261334
16.791096
9.013287
6.636583
5.988624
9.640614
17.754373
7.604408
10.861347
10.817160
6.268846
6.272264
19.351418
11.724825
8.351823
4.171997
13.464152
11.669637
8.813272
2.899735
7.725450
6.253205
5.722375
2.592314
12.592824
4.371150
9.520179
7.219210
5.796933
4.808321
10.522073
13.372797
14.707534
3.282586
8.386939
7.761285
6.938099
11.340408
2.897133
3.760004
17.418488
1.648686
1.603280
7.142653
3.048880
6.087202
8.690648
4.429742
12.167814
15.075425
18.666702
3.261222
9.939649
3.054699
14.010031
3.142261
12.523624
20.798788
11.990820
10.222717
2.737755
10.735104
10.883281
1.408979
12.071365
17.472417
14.884467
12.439956
6.409881
4.678286
0.123755
14.801405
14.978192
1.905986
21.883587
5.624370
7.435905
9.401953
3.723307
6.146095
12.945787
6.845065
20.808286
11.926164
20.883189
8.638770
7.715228
15.097490
15.237445
19.664058
15.256259
12.162151
12.040063
17.539172
5.553163
14.997282
10.776880
4.172285
10.541190
10.365940
3.402800
10.878116
3.042163
13.346774
12.506207
6.054707
12.324261
8.787071
10.713915
6.226789
11.603662
23.407510
4.791405
11.804096
7.903263
11.276667
8.998361
9.336962
14.666394
10.512100
8.147353
9.617435
11.186023
0.813774
7.590885
17.384874
5.555914
1.651279
11.885336
13.895463
5.801964
16.810298
8.152228
8.909735
16.483084
4.502832
9.946851
13.163692
12.852433
2.947818
9.452273
12.824185
13.710424
17.923401
15.786347
7.870032
9.209175
16.755187
0.181536
3.788294
2.364852
2.770716
14.351808
2.714319
10.223882
15.267063
18.013182
15.472719
14.214053
11.974579
11.609403
8.965356
22.795526
2.118576
13.127755
10.374681
11.741246
11.104152
11.029951
0.778979
3.952688
6.966370
6.142179
15.801559
6.140764
14.179806
12.278392
11.149090
4.023569
15.700796
11.984760
19.742839
3.194939
8.062128
0.934539
17.249841
11.878799
16.548192
12.692885
0.069647
15.566960
3.774383
22.541407
11.967905
18.867217
5.456394
10.436849
2.954077
10.453907
17.368032
2.653001
9.656889
22.198983
13.728260
21.713979
18.799252
13.648020
12.882623
20.105443
5.863056
15.929011
7.515168
4.142267
4.283539
8.701616
13.248537
13.389142
12.960910
8.065534
9.346829
13.866895
17.013772
14.529543
14.303132
8.829271
5.133316
18.007783
12.029832
10.067639
10.879740
9.246098
12.604714
3.599437
9.549150
5.454044
15.630504
4.823601
4.160285
6.551323
2.357705
4.859960
8.504313
0.074644
7.434124
5.220935
6.617369
22.550708
3.644813
9.774454
5.032509
17.756499
10.501338
5.308396
3.899121
2.387161
9.761986
7.621232
4.480203
7.505106
13.895157
1.763308
2.371465
9.228293
15.608086
17.761600
9.395856
8.577192
3.415573
5.802033
8.043739
7.084560
14.711405
11.209220
21.230634
10.336497
11.069786
10.871189
7.470701
16.970139
15.503254
12.893925
8.308486
22.716889
8.049176
13.133287
12.632612
12.812943
2.299552
5.552179
21.528359
4.118839
10.693403
10.539348
5.331753
19.683954
11.434947
11.831501
0.259195
3.495148
11.350951
9.549650
10.334536
14.674848
3.012295
0.900103
13.270972
15.531727
14.402923
0.978976
16.683369
6.152596
12.172546
6.985532
23.954876
12.248907
2.240712
6.685903
5.818789
14.917759
10.523575
15.089300
6.420561
11.168682
8.445382
0.768217
8.416063
12.802979
11.150775
11.925266
8.522880
8.262422
2.991893
2.773756
9.395330
16.066058
2.673720
1.967452
14.118492
12.856984
5.666541
13.216387
14.901289
3.303547
7.881980
19.228996
18.607046
16.905569
14.575986
22.441161
3.537728
18.766635
1.430103
6.178779
11.569300
2.421658
6.470522
13.110762
8.359978
9.726524
4.328989
12.431007
6.336518
15.375156
4.990385
9.427640
11.860282
16.771529
16.629185
4.126741
3.764345
16.729097
7.023414
7.544418
1.765027
5.164995
4.668780
8.679422
7.188103
9.698815
8.212284
8.675855
10.927128
4.294107
9.334205
10.898232
15.788971
9.451957
3.754516
14.442118
5.213312
11.103832
13.587569
13.611712
1.729253
6.548300
10.257198
3.821171
12.990441
7.689112
4.934058
9.818443
12.725519
8.594162
12.738873
7.403948
5.923677
5.268838
8.483234
7.229110
5.942408
6.050742
13.130681
17.619421
4.956923
8.465907
18.786797
17.277921
2.743870
11.751109
1.384061
1.330185
12.809846
20.989591
6.853755
9.826287
13.598593
22.237842
11.990626
9.371989
7.136220
3.735838
13.089968
9.486499
22.216913
17.830490
19.886414
3.320455
15.803778
17.977477
21.345527
2.139697
7.514017
3.642422
7.637380
4.116141
5.178131
3.966021
10.178398
15.510581
3.202526
5.277075
13.756492
10.221710
0.640691
6.768624
10.899343
8.261914
9.839030
17.816132
3.392566
3.267525
2.418598
7.683388
1.690464
17.914993
14.110872
17.842135
13.219572
12.084449
1.749316
17.312149
10.930443
14.068417
0.329031
9.128557
24.936818
8.562337
15.134018
16.886545
14.351268
6.910851
10.450276
16.681700
5.646017
11.684577
5.701028
3.239922
15.972543
9.254062
3.243342
0.899529
12.185172
18.641227
13.396733
7.305747
3.800789
3.782621
4.866543
4.538961
6.058269
5.999515
8.313049
14.596598
15.419091
7.297480
5.724881
12.457039
9.620157
12.616189
8.592845
16.309392
5.396766
3.896140
8.085241
7.003745
12.465251
8.772317
13.597463
16.031273
16.243471
12.105911
8.908194
17.347105
10.341730
23.772617
4.916094
12.391721
10.381977
10.274099
11.966470
14.363118
10.222973
9.115824
0.261369
6.072336
11.169701
4.488600
4.385421
5.445962
2.520677
6.363556
2.445874
6.094143
11.066900
5.846125
5.879348
15.222117
8.299292
19.687286
17.504881
3.240646
3.033463
8.650727
7.994660
4.523023
13.936877
20.232485
6.714171
10.936443
15.228576
12.372685
8.250590
17.336329
6.413606
5.271663
9.662437
2.438512
0.748815
0.752756
8.915978
16.979137
5.466579
11.559477
16.419367
6.592400
15.043705
15.267388
7.159879
7.209863
16.756287
5.926829
11.053972
12.985359
5.141864
4.719099
16.210300
13.800514
8.784996
17.330195
2.146989
2.971440
12.029202
11.553291
8.123285
9.283695
10.419347
16.222951
17.861198
11.363564
17.556517
13.424784
6.784397
8.847029
11.820344
10.566224
4.000315
3.159481
7.792048
20.552689
17.604410
7.861725
3.806419
2.162283
2.019339
11.976983
13.552994
7.106443
9.708696
12.431585
5.458251
15.383424
20.890735
2.319590
7.142160
7.844363
8.823362
15.476747
11.685544
3.038503
15.690896
10.242880
6.909648
11.489743
14.380539
15.970560
13.620727
18.802690
12.330801
4.422825
8.206575
9.317475
8.853053
8.259072
4.727485
20.932731
14.252524
3.640887
9.912813
3.434029
14.202112
15.135177
4.063047
12.051575
9.681622
6.950716
12.727473
5.737982
7.194391
8.858637
5.325097
9.823699
