207.105133
192.466842
209.432008
193.939602
178.297183
204.123259
203.042807
217.510059
160.674936
198.244813
202.252590
232.802636
217.156357
206.157316
194.654580
194.643151
210.578752
202.951556
181.592813
205.942347
210.097942
226.945590
189.632502
219.832380
231.995565
242.730661
178.963165
252.758192
176.419870
219.925229
171.374992
228.236563
225.348435
214.693529
159.045502
207.964110
213.659369
190.326956
196.025435
193.040569
229.731809
196.306057
219.252119
231.060396
167.761270
192.782062
196.947442
213.872243
186.046193
208.223752
202.243089
206.945587
180.797697
207.013153
202.306904
205.863314
182.684964
195.997435
232.821326
189.639127
193.999366
189.816278
232.342749
222.256153
237.755214
221.988005
188.692858
200.426848
220.168112
203.397320
182.352793
190.819191
207.556843
199.409374
202.506514
190.218608
212.032835
207.185766
157.937611
213.476669
206.344303
166.704661
164.383492
184.568595
215.130496
211.307695
204.852794
178.917372
190.247318
224.128517
175.172228
223.774117
196.850730
206.326138
195.499913
220.721336
221.082612
240.773216
190.597865
232.810034
206.064471
230.033226
207.864071
216.356063
228.639090
209.714471
196.475623
221.049232
193.180920
202.066880
218.256278
169.986372
237.050427
235.385775
175.239658
227.679911
235.475461
223.699184
221.291857
177.270813
178.646805
199.303705
164.941135
185.042879
198.208611
198.631881
180.076500
172.613760
164.814476
190.018943
178.043047
173.545222
182.644459
190.515031
211.320973
168.165241
174.612111
223.160629
212.352536
207.980543
209.697547
203.922195
209.419469
177.760274
209.798484
229.746033
222.089899
184.712446
237.483038
156.788249
178.861040
195.601154
199.662605
202.103517
191.973540
206.473473
184.963815
211.304703
176.935052
206.180311
202.986428
206.037188
198.677636
236.108943
137.494922
210.932451
194.669991
173.688222
170.535877
204.418779
232.507696
228.367256
172.967091
184.485574
206.320225
218.065508
235.737647
196.830650
185.060795
212.321483
252.846350
178.943243
185.498678
204.361058
191.608750
225.246069
178.051874
225.821029
207.022985
217.288188
221.428361
198.491477
199.948652
204.883308
193.104518
174.573283
218.223008
196.315294
191.560173
203.804558
153.588776
198.473623
206.369398
183.049288
192.616516
206.994533
227.780545
192.286867
237.972352
226.793616
201.336349
180.739963
233.504854
173.409904
195.828581
246.652814
197.649673
207.039737
201.131851
227.756869
195.635931
208.709517
208.289934
223.241182
214.810374
215.326171
185.543864
221.954077
218.872659
157.834332
171.764010
174.810223
233.435395
224.225543
191.068809
175.781398
193.153637
186.191673
184.758952
230.262899
214.397863
225.945479
228.660342
243.944125
219.591600
216.679115
221.996545
213.075734
194.104800
201.402539
189.186691
177.937115
205.879498
236.244580
188.411207
216.134812
172.569558
179.817037
210.184496
216.834562
199.827547
200.003883
187.455320
147.027779
188.587180
202.465281
211.647551
182.221227
197.035384
189.208641
195.658029
155.964655
179.137403
224.766882
172.628648
178.812403
189.873236
201.738100
183.232084
207.699090
215.048191
213.308209
226.209263
195.668952
198.657227
205.759305
189.201001
223.224465
167.552976
213.295237
180.784710
202.039972
171.623964
213.698057
172.743292
225.368251
207.433337
184.530043
206.429568
203.523041
196.343957
204.676912
180.322179
206.114705
209.259752
210.959979
221.741400
190.637507
194.924599
191.314712
206.490911
195.012219
165.714268
201.159987
227.391229
189.903853
215.607932
158.136080
228.382474
186.828679
243.217121
230.496545
171.023065
225.224221
209.226671
204.854569
210.567189
197.248305
203.336065
172.200841
169.913338
183.935338
178.414864
188.318042
179.511310
229.657561
220.113968
211.417505
192.639532
207.005991
198.260272
182.428139
154.733105
187.124765
242.974368
186.509216
232.880660
229.622840
207.452502
226.299696
182.786283
168.946661
231.508288
242.232090
209.720963
211.628836
218.138013
246.435966
231.123065
190.053182
177.192103
207.030681
204.290507
184.249353
178.749994
201.373049
179.603940
207.823309
188.029832
211.358309
183.742543
235.632058
190.511601
190.503077
177.997819
242.627758
193.466844
169.049491
229.672217
211.832206
229.342064
193.536580
227.249512
189.743309
169.646966
196.151309
176.700855
169.670895
164.583018
240.390764
188.598804
237.474597
221.697743
192.581799
194.826263
212.521962
195.677551
170.513147
211.388683
189.619381
242.972805
217.031147
195.627289
200.741550
205.217604
219.950278
213.755307
213.829728
213.177766
193.525695
232.412526
218.903699
168.148380
235.519179
168.975013
209.871216
180.294309
218.716582
213.284998
257.646212
194.584762
175.440623
176.812617
194.790653
200.124199
224.617589
194.873098
203.683943
204.345874
205.503874
183.912982
219.516362
163.760639
244.574333
149.952417
202.172013
236.202394
227.856647
184.238378
190.966016
203.253994
203.588785
228.424376
224.539891
177.033375
205.229148
205.501466
147.994510
204.841053
214.093006
202.415288
213.695618
207.678224
225.358833
179.124061
230.654414
230.171278
173.012897
215.736832
207.117637
218.776943
195.871656
199.074582
195.929763
221.950741
206.143690
244.839838
189.820259
204.671703
171.863398
160.809049
198.256299
195.426818
184.934540
197.530544
209.675147
141.662898
175.580141
170.091067
229.397323
212.953378
193.595872
176.234843
184.905934
191.159223
237.432424
225.539597
206.082843
185.704510
177.279162
179.150004
230.397615
180.046750
168.541481
238.319198
221.437386
194.756569
207.999116
218.708360
156.514714
203.621237
208.510063
203.568627
238.224514
181.197534
153.594243
209.282780
222.009348
219.660303
179.992016
217.923690
195.802399
216.912037
203.191425
205.955594
244.259838
184.157918
237.245716
181.265436
214.640647
211.348308
223.028415
206.678330
206.781617
232.093004
222.157412
251.112924
225.146147
225.765324
183.470515
203.563392
207.873112
229.376338
194.005676
181.773330
194.252233
185.382379
173.793847
201.850738
219.037309
193.967428
208.658957
209.721277
182.663606
168.188711
232.052488
203.473683
181.740526
191.162111
195.075985
216.240158
223.854764
147.491160
202.116171
223.967790
207.211274
177.627772
157.565585
211.237858
197.294952
223.008862
196.189522
190.346559
207.417226
169.407588
188.046509
224.363499
160.936899
209.864550
213.309661
187.992779
222.841848
211.139225
170.685056
196.354677
194.565820
202.136991
225.123955
209.574544
171.180667
229.881460
183.710635
225.953614
176.727665
229.844189
210.819729
203.513048
208.825236
229.933450
194.808971
212.754262
244.152137
221.806165
178.076375
174.009985
204.041930
174.226439
206.200963
215.741056
214.601477
205.134815
224.367174
168.650107
234.450673
203.656670
189.092628
208.332143
219.028959
180.550644
233.312116
172.523920
228.255197
214.757258
191.921612
210.270134
202.076852
195.217883
198.657773
204.676666
166.737509
171.228922
193.943343
208.110112
222.925173
178.140299
191.190332
246.222323
174.060555
182.133109
217.116442
185.568278
218.697582
206.023946
195.857785
177.117391
232.485074
197.671983
240.510578
230.088023
169.143480
226.865930
224.429111
197.228846
172.367023
189.754954
204.887416
196.300516
166.080494
175.217333
246.901057
230.809494
169.476464
183.193137
213.881770
183.521122
179.901683
203.496686
214.399877
156.127593
206.871252
182.412259
199.641035
169.681141
182.847935
205.147049
243.654316
196.812238
200.622120
230.165768
189.659027
208.284619
179.161316
207.503199
184.757144
205.267894
224.227762
208.229431
199.980670
217.937122
194.661718
192.415814
200.894992
219.123157
192.408233
203.092257
245.436328
229.902975
204.893027
161.079217
197.901792
182.900147
172.839333
196.845340
211.790448
229.273522
203.067373
196.616455
209.324358
196.154916
191.976391
182.688160
195.947560
190.532618
231.332726
217.691150
214.462238
170.748002
212.490652
223.734258
210.699393
198.314787
187.582896
190.099165
203.275745
155.601582
160.736621
199.451500
163.934033
256.253480
236.334993
189.853153
212.849789
213.399016
230.425089
192.272740
215.777790
250.831186
205.002885
189.650142
172.188219
197.537917
207.690617
210.315427
226.258425
203.426730
220.731448
187.427631
219.479724
195.350189
195.567145
181.914792
198.744284
203.863851
191.157779
250.181014
193.660892
228.327466
194.959794
188.873387
241.834231
211.136864
228.797181
170.504048
217.761401
221.493979
189.783445
177.417877
228.179748
197.756641
189.428867
168.628402
192.445042
210.182213
205.755284
246.616691
211.864282
221.487238
218.337501
191.182508
159.535180
154.360897
195.820862
166.920195
189.547952
226.322542
195.078058
186.722506
219.666383
199.421939
199.200258
209.843070
174.265688
190.101473
184.268915
205.543516
183.236278
195.916006
200.487633
208.918746
228.858718
163.804380
177.281817
226.023656
196.640818
248.144912
195.527239
214.055188
167.445884
207.269624
187.132077
222.917818
197.643255
230.536630
197.843353
201.149028
202.744197
229.588065
196.692547
213.411111
173.503926
233.755999
222.275593
222.786688
204.439733
210.910956
213.284840
195.494789
229.192413
163.593069
212.293005
224.804257
160.985700
201.282609
182.675071
175.420617
207.196128
192.459044
183.819939
200.624531
218.015073
236.604387
171.632820
215.312984
184.433237
210.154962
171.109192
198.364354
203.466257
165.749013
203.797219
196.290264
235.160281
196.829013
252.120822
214.836072
163.210813
200.512417
187.271135
211.248768
202.777950
203.949299
201.764158
223.264417
227.432769
210.493394
230.605472
232.711677
175.092602
200.577892
208.152027
183.154378
200.798742
223.638054
196.414099
188.731696
228.657366
182.919059
231.903295
173.268410
200.873671
203.777509
192.834722
188.088046
194.651517
183.975399
209.640022
206.391966
203.601885
201.574316
215.590949
187.186991
203.247173
200.257243
205.129454
208.677496
165.969803
187.002013
193.497822
184.364966
171.201453
204.311647
198.941602
192.480099
191.114380
205.743479
189.103855
198.394016
197.687558
172.864146
203.079816
197.012432
252.704090
210.779082
202.772386
209.218281
187.656219
165.986452
239.147573
181.763273
217.011315
238.887561
222.803966
196.971115
188.079676
196.861414
209.809917
247.073248
229.731280
203.797037
166.781707
196.675979
195.817148
186.187074
220.036708
211.069327
187.116238
184.789999
191.982828
176.526692
190.976018
224.329888
195.196799
196.506567
232.142982
205.291547
179.354399
200.088882
187.105918
201.534357
169.646851
192.714402
232.503679
205.647602
221.567172
217.785502
156.325403
216.397100
204.274422
203.740554
175.389858
222.881258
200.409916
231.372366
239.222352
242.017121
181.641134
193.107065
213.018578
176.221834
191.682734
204.878005
193.768228
231.000177
173.959801
224.439254
219.097857
186.758048
186.415877
216.902498
206.262741
193.626983
184.070594
225.123870
176.657932
182.028263
227.215209
201.222291
212.639901
213.759904
164.033324
164.898719
236.168384
205.471602
185.321856
219.209445
209.143719
189.261562
187.733819
197.789977
190.649699
217.001670
206.263726
186.605410
168.522601
190.265576
224.270023
223.835324
215.320550
209.822163
172.124459
211.467646
220.810453
232.055002
215.538425
205.927202
190.421979
196.463512
236.294890
182.176248
249.333255
161.418724
191.978124
188.354691
192.896714
168.231525
197.018462
228.197336
207.036966
172.965120
186.683936
204.624650
225.151348
176.315600
180.458518
202.986525
183.913791
191.103149
195.809638
211.839925
203.664375
176.044454
208.789100
217.898971
207.582503
213.565871
214.519889
215.994461
211.933533
210.759560
204.447269
214.084384
190.967682
197.139597
213.566335
218.506194
163.083692
191.253644
179.826223
234.871348
168.534555
178.808666
209.204774
196.503607
193.641983
192.805223
199.123349
207.898671
183.337308
190.029545
186.019336
217.872280
188.905043
205.414255
218.301386
227.917650
223.296332
192.918673
191.618707
163.841293
248.461959
167.473536
178.432499
216.765791
242.136053
209.630580
193.603692
224.995964
195.861643
246.760081
229.349259
217.051391
197.204528
201.383981
221.022279
182.592018
182.825147
219.583033
151.419903
180.002014
198.164739
190.977223
191.387339
191.906187
200.540066
211.102156
194.587415
179.898188
226.715776
191.986663
230.134886
188.258540
177.346411
205.110265
195.616290
191.529678
172.880233
200.169346
201.121752
218.236654
181.988138
182.602655
209.548240
196.423186
219.002241
225.422582
210.455794
198.940089
224.244864
180.433508
214.929538
204.534617
203.984612
234.862729
209.674483
221.993540
210.758970
219.014829
230.484059
208.133967
206.960319
224.097736
221.853533
187.552394
205.206472
207.641717
229.535636
193.198047
190.913106
229.679958
230.176572
156.960932
193.596996
194.749349
223.027150
228.079028
178.606223
185.477687
201.924345
197.056600
193.712692
154.069118
212.647146
164.969816
202.310309
190.727754
214.324019
189.377729
210.583135
211.770662
201.483075
205.201819
226.381279
203.537084
200.277001
197.717557
171.414050
209.094203
210.396250
162.819593
200.163322
199.902568
193.875539
200.099743
194.350137
188.838418
216.237078
184.784731
200.287810
219.620453
206.375000
202.943558
212.506554
206.443233
238.102076
198.958088
211.936753
180.773965
191.781058
197.617474
228.118070
206.953395
226.758939
165.907853
196.779728
206.515683
169.054547
218.295746
183.904055
210.448725
235.529849
239.470718
206.976756
216.782154
231.555760
197.379403
200.498228
189.513619
228.623937
213.105324
219.483566
192.260881
225.306268
230.062712
184.167027
216.004073
196.787075
197.754513
180.899415
221.784242
247.244684
214.485007
225.243532
208.623197
224.953829
214.905139
209.705328
189.816665
187.599287
218.255471
176.137199
176.480994
147.179345
200.767648
203.103210
193.752660
210.646765
181.905154
162.272136
203.985798
205.210682
202.369266
220.058653
211.249680
189.429446
168.867704
181.392543
159.572543
185.645793
232.605342
196.150301
184.781577
202.369111
245.756158
206.328670
195.880981
176.282440
223.292319
228.947137
223.686296
195.858616
220.289996
246.304543
190.662892
196.038792
202.791406
145.541894
185.830710
198.823863
213.944406
165.743467
195.565214
185.244274
211.779783
183.503980
194.522041
198.317813
242.362873
195.120682
198.672211
163.775060
172.395190
215.443552
171.781145
173.076661
200.101164
183.947526
202.220793
191.980930
213.012180
208.711829
224.140558
197.208223
222.227883
184.559763
209.116991
203.988762
177.623150
174.274615
209.040074
211.326222
191.845712
181.876417
197.861225
194.098442
198.690103
218.398015
177.020411
168.366050
202.347458
197.947786
220.352147
221.271708
216.314355
169.372949
251.422896
200.797118
189.542111
205.463195
199.627582
131.400546
228.919866
169.301332
206.236111
219.864295
215.967336
193.306377
226.886583
220.510500
212.661836
200.555648
204.387694
209.527789
241.593507
210.940191
206.509226
230.041777
203.858080
241.105769
191.162886
223.781944
224.516689
176.383354
207.856380
208.888687
184.957793
163.526807
224.260615
196.970261
193.797400
186.011209
169.243505
203.534170
177.843361
195.494242
189.485542
169.030302
187.693575
221.238332
206.398423
238.364045
230.221348
212.634961
215.486900
198.990837
192.313498
178.734577
182.666027
187.449808
211.294163
207.534591
186.161030
213.541553
160.141150
198.378679
224.225911
192.848406
150.466772
204.084449
211.643453
191.271411
242.838240
191.137995
204.067789
213.861890
184.270147
195.175473
178.664027
206.469451
204.055092
205.633370
218.645038
208.612847
196.395740
221.819161
211.191686
173.829885
225.037592
159.334759
191.937675
203.599174
241.552787
229.302707
196.887065
240.690763
217.792266
180.021134
180.848262
182.999345
165.642863
236.022819
196.265852
204.328437
215.446320
197.296852
217.403333
179.474685
206.066027
187.889904
230.486932
181.705658
195.890439
165.574252
185.242332
212.532250
184.094175
192.671745
168.383612
198.248518
217.454257
185.684587
215.520076
190.910621
199.458026
188.318504
216.516030
224.643087
194.324999
165.574797
195.677415
194.771975
190.964494
214.815061
195.434090
231.350189
152.346943
221.614789
212.685497
210.596335
222.879575
231.161633
186.911684
175.479925
158.476639
170.479614
189.858328
199.051175
231.657258
180.519067
205.543130
179.996547
206.881421
228.460958
199.906802
206.046533
216.642055
245.070225
219.105611
206.204796
236.050385
215.788957
167.088791
171.285244
187.402478
228.007946
188.605960
212.548583
214.646065
190.661113
213.357356
220.118800
187.932359
222.683599
197.913269
222.445679
209.764368
174.505883
219.759020
204.522420
170.009781
211.912612
213.577547
180.540938
214.908458
169.102982
173.975703
186.379670
219.672694
238.718349
197.629403
232.139063
201.519394
172.689054
212.851103
233.144141
168.230945
187.463406
211.962564
203.331218
225.504648
215.605008
200.996463
218.919713
213.157572
220.411763
210.482137
216.895465
227.529975
153.207290
214.786339
189.328420
228.543485
172.371116
172.419642
233.687978
206.820884
174.324742
212.573545
236.735570
211.935847
189.002780
242.678817
182.907981
198.033707
200.204470
220.094871
210.544169
201.419594
209.132187
176.713263
237.623705
171.689536
227.099971
