58.270837
68.378737
44.793379
54.547881
73.235843
66.557895
57.886613
41.848817
59.370998
42.949270
41.528212
73.967282
43.787209
64.337070
66.914333
84.762872
49.405028
48.978187
84.335533
53.087930
53.871528
72.500057
61.672041
59.420605
42.614739
81.652675
42.599297
59.307379
76.682577
58.671461
49.159845
66.592306
56.149402
93.392196
91.034758
71.408083
23.853665
58.410571
60.820818
74.177308
72.157678
45.315542
62.332020
43.632087
46.513659
71.581594
66.585047
54.438761
56.194372
72.272121
68.081632
67.913457
61.106033
73.588205
45.734741
52.289650
56.907573
52.126516
66.309007
57.604827
43.599575
51.408030
43.439320
81.944196
70.710890
65.015643
55.974015
62.488857
81.482399
74.823165
80.352890
58.078648
61.213476
72.861417
56.077183
54.190137
63.727519
62.509684
66.699256
65.057087
49.244559
57.800127
67.131186
71.283066
65.871846
62.241570
57.379766
34.094906
75.965736
83.856493
51.696773
66.137343
64.884957
75.134131
79.019494
30.575767
46.932773
69.899861
72.554755
89.760808
48.441628
53.777965
62.005241
57.627750
53.429236
44.022047
78.334642
94.585946
75.077952
81.198638
62.513276
63.145968
72.569347
55.068806
71.439936
70.000121
59.664285
48.455855
49.151636
76.214964
69.690262
60.959153
65.561949
67.608994
45.428718
63.881362
80.037313
74.411520
70.887759
88.298559
48.777280
63.913828
49.025298
64.745419
66.219627
69.979322
48.159706
58.727230
62.384068
51.264237
81.728320
59.167934
65.830794
60.435542
46.114486
54.919561
67.002195
55.509125
51.797130
85.152741
68.534024
74.356683
45.109242
52.498505
78.615788
63.576027
67.524999
64.413728
53.678048
69.906357
34.005025
55.426868
73.646076
73.545651
45.280523
50.906543
79.434751
25.695968
51.214524
48.123098
68.142371
55.524138
63.555263
77.298477
60.656839
79.340657
60.085811
57.375665
83.258000
62.715415
88.539207
72.586013
38.690382
52.619399
76.806800
63.523103
65.602420
50.774973
50.908687
60.905703
78.088081
54.838501
40.381265
47.495209
55.800359
65.510664
62.219749
60.310044
72.374841
90.985739
71.519721
56.907875
64.566942
87.224913
76.263375
57.080880
78.262165
61.892090
57.975137
70.006927
54.710374
54.511103
69.535043
60.387856
52.527978
51.921094
60.785501
54.828168
75.495534
69.370070
41.986369
67.545012
72.439221
65.732857
75.344243
48.073987
88.670882
63.603664
71.619543
56.965086
50.632712
70.484979
64.269622
69.638745
76.072783
56.209668
78.906154
50.308512
64.043009
67.970542
50.267309
62.814902
44.926816
57.937318
56.087138
53.723785
57.451557
44.499239
64.590393
60.808769
59.991043
40.902738
73.628113
62.120454
78.456756
87.787251
66.160085
85.987620
76.775222
51.995328
50.994605
71.524778
55.508677
68.853426
73.776961
52.028426
70.822318
66.149758
84.407439
78.422224
59.776421
58.999943
66.278918
60.339421
95.580993
55.302911
78.506795
85.049501
81.128832
50.974237
49.377566
74.767473
81.031520
74.045096
64.776535
56.695684
50.432501
57.461842
47.321432
70.769912
65.962886
46.354127
69.512845
61.228409
73.744872
48.442757
48.646169
70.978708
76.061662
73.033353
39.078765
59.080463
54.678666
43.509385
65.360999
62.742006
38.514681
41.412160
53.373261
40.953745
53.747867
55.137445
69.016553
45.788831
53.368669
88.382005
59.491072
61.897859
58.622239
53.237298
85.912982
66.482766
81.294578
72.795237
58.620674
52.396930
67.857291
54.948425
77.491121
74.241922
75.049427
74.554357
47.990120
45.691958
70.093477
47.903499
67.482018
53.843636
45.689838
64.445861
77.067171
55.330379
52.426428
69.034967
68.864914
59.594921
67.497692
81.712006
65.912383
62.870281
63.209198
72.749644
75.169476
45.772557
47.637020
66.302132
65.044395
74.419024
65.769089
58.554675
42.383967
43.726960
76.902073
57.971402
88.449227
56.716958
74.670704
45.690877
70.831952
79.637131
30.616035
48.918144
59.083242
65.781905
78.639023
81.823918
60.446090
74.779267
55.582516
72.723481
36.860659
65.216741
63.593370
69.204346
64.205105
82.754138
75.942273
56.833367
61.624657
58.831651
95.524235
67.490261
81.914018
74.639478
67.085221
49.174993
58.418797
51.393961
30.879852
67.759139
44.993384
65.436401
66.159783
74.334689
71.591372
58.877958
62.637813
75.227887
77.289072
46.914635
87.612508
81.138645
74.567947
67.492286
72.758871
49.546043
37.600304
66.379557
55.810187
57.802996
48.105487
56.577685
71.517044
79.290282
63.481919
67.127542
44.905258
85.327658
49.836335
62.823279
66.482503
43.872825
72.842594
59.862064
68.034269
53.218293
60.777422
70.589904
63.985422
59.453632
82.276736
61.560227
59.601880
70.351133
66.911574
69.077186
72.623895
41.927254
62.722607
62.605743
80.532673
76.008700
82.918296
68.450632
76.062333
54.336338
46.657114
70.955634
70.335197
84.199445
55.368005
47.848673
46.891597
59.249327
53.816592
58.367702
48.773906
59.097974
75.841878
69.265513
67.271140
70.296859
54.105321
62.651070
70.764539
77.103380
68.696543
58.005315
88.355143
69.159589
75.283849
73.210688
78.073652
69.932286
64.742530
83.785555
65.140281
64.049810
74.768500
70.158340
51.766109
57.803579
63.108272
79.293335
65.580294
73.031133
43.612550
71.001740
85.469474
61.815438
79.174845
69.235231
80.283600
51.662418
58.131186
52.980904
72.079796
58.522298
58.545960
51.802517
80.742587
68.164263
66.282522
55.027616
82.771991
62.834428
61.169089
78.447450
47.971307
58.883408
50.755659
60.637228
70.147493
50.097144
62.634659
74.213831
85.974104
79.354909
70.850095
61.511729
63.887639
71.563074
75.197202
62.596238
86.256587
57.613380
75.689863
44.570027
62.928211
69.602442
87.183962
33.706206
47.865575
70.664112
72.039126
55.111016
73.907501
70.823612
58.025575
65.956091
94.679693
46.780722
62.660100
62.450887
74.139083
71.767550
69.488836
78.768855
58.151993
69.795459
84.087988
59.047893
80.232730
78.104787
49.558696
46.154602
79.212823
83.160003
88.467243
85.491059
43.884523
51.772412
52.985284
59.094947
69.418908
70.957713
89.753825
69.310838
77.701838
62.421493
82.831532
64.421420
56.254297
51.859709
54.206693
44.574301
52.201473
69.833151
73.979197
58.580317
78.366187
58.648145
71.492127
45.737651
62.884086
50.528786
79.729993
73.516747
66.641839
65.923167
65.770204
45.130005
76.677794
96.546387
53.996531
54.534783
58.720312
68.317421
63.014179
56.421017
42.780259
59.389393
63.466937
50.564784
65.735714
50.153790
60.715597
72.116462
61.648921
79.989425
66.263988
70.912083
58.563269
79.861937
67.104585
77.735376
45.013182
64.666230
65.903908
75.444553
54.486807
44.761112
49.042646
66.432461
80.557121
59.708358
59.809701
67.423334
39.630986
56.453847
50.512941
82.822418
45.504825
71.934374
80.879720
62.915183
73.813164
63.497544
72.078851
70.313494
73.239366
67.971773
66.652029
48.398169
85.184855
57.870015
51.628621
56.684275
79.885127
81.286684
98.981798
45.774290
61.363710
56.523705
72.346728
50.340635
86.615031
72.543887
48.026344
51.498187
63.561266
65.748367
55.585194
47.830608
35.732267
52.393060
84.995396
55.350742
68.090871
51.345474
66.357621
63.277206
45.729144
67.995937
56.891196
50.115696
58.623461
49.916350
60.423880
71.771903
62.803805
49.254381
46.285295
73.103151
91.636408
36.678266
58.048238
83.009358
43.533903
68.158010
49.747856
82.053251
77.288333
65.529434
55.881927
56.107909
75.698581
40.767393
75.564063
67.706062
80.233487
65.809847
53.508140
75.427519
64.334585
47.493663
68.009787
58.511227
73.772241
63.060346
57.729077
64.776410
39.802987
61.004513
71.523593
70.462651
56.375157
71.293019
51.391390
43.996407
65.870126
69.793944
50.753642
50.541160
63.030764
54.654571
69.695272
67.038645
66.495920
91.073202
67.360658
73.545084
66.864378
55.767267
69.172744
60.124937
61.732612
63.173225
62.812030
64.905954
63.724022
67.789754
68.416241
54.726538
58.823590
91.794130
91.649471
52.880261
55.037165
59.340189
83.880343
63.045906
72.784401
57.203401
53.343816
90.005087
83.560186
77.836426
48.297691
64.933882
58.296834
67.363658
76.111612
69.206983
50.454280
46.791681
75.651313
79.061266
71.203786
84.136701
64.432628
47.387983
64.258274
70.046292
74.259892
57.924736
72.330816
62.597906
82.906697
83.406443
78.444057
59.932804
46.295161
58.738203
66.940294
44.677940
49.952963
82.026545
62.852426
63.588922
71.954494
64.022972
42.262683
69.114110
77.246982
85.588285
35.829081
62.187328
67.851640
74.493269
70.578264
69.132155
52.175682
74.717212
63.156856
63.776314
54.500629
48.544209
45.780403
34.999473
71.867199
43.979606
69.521563
56.001423
50.129602
57.516386
58.357054
66.401325
44.050109
61.561351
69.688647
67.713873
49.328675
62.709301
62.583353
61.769128
69.837950
62.792378
64.379558
63.972217
79.261257
79.405066
86.362710
84.985248
41.897195
77.026484
74.894620
45.465671
67.250008
47.831547
75.814466
59.141770
65.695379
48.778596
54.613993
51.405346
54.938346
65.851339
59.365042
65.719258
65.438969
79.627560
51.570007
66.285152
60.966489
50.922508
62.970825
52.193890
62.754961
64.081618
65.354282
60.542118
55.532438
60.193477
55.768889
68.399630
72.513497
46.035717
60.698192
59.378637
59.399347
43.410234
64.090759
46.887223
74.312035
63.580824
78.303011
52.151406
46.884245
56.715133
78.519968
60.876806
92.151116
77.784153
58.168697
64.753209
67.788614
69.295702
54.766202
65.577560
76.237495
46.415762
62.179193
43.440091
66.855445
65.735636
50.912817
71.883391
56.519056
67.835375
62.633898
72.398204
74.978251
55.841806
46.648161
69.150268
52.903513
38.576375
76.598788
48.713292
64.638583
70.261971
54.623041
62.709707
75.684265
49.432842
61.784944
56.988139
66.424453
46.931133
61.816585
50.425799
54.288182
59.057942
56.048910
61.422390
53.793478
69.123417
72.664761
54.550483
60.204499
79.470039
65.900964
36.332650
64.872265
76.603136
57.731853
58.119210
78.546717
63.013571
37.638481
75.501186
81.932382
68.357965
37.385111
57.690029
72.528208
65.076639
65.108731
45.240367
35.338451
62.171219
42.831645
66.794141
79.891819
91.069677
57.628844
89.110411
53.841412
37.853211
40.448207
55.681514
79.149461
78.226322
63.470675
74.005445
71.260425
37.080530
80.985788
62.321148
83.678379
62.441379
61.840314
44.926192
51.903243
42.989840
61.318064
56.796483
60.912613
67.228113
65.936031
73.721418
57.880936
57.703159
75.422172
69.357591
63.874136
44.415956
55.603430
48.014678
74.010605
68.363995
72.434144
57.485725
68.010431
86.859834
53.687082
44.430179
64.031137
67.662174
50.794350
78.309304
72.909686
79.850236
60.887005
59.670859
68.695705
46.272186
46.813394
72.509141
51.466251
70.604013
78.030028
43.154926
82.460695
65.995970
82.437596
49.618620
88.374000
57.434369
68.862366
68.806235
66.163568
51.300407
44.032382
48.794390
76.350664
60.934433
85.656623
62.901830
80.619859
32.819274
66.003600
55.117786
64.924636
63.667244
70.528541
56.083608
59.220250
74.992491
42.213316
73.233103
77.800074
55.998475
61.373173
83.130567
66.351840
59.095009
82.405745
73.940650
63.729204
59.796120
72.811589
67.528296
56.355523
68.378442
70.847378
55.834166
76.967474
48.095865
55.790337
75.743773
61.793519
75.348084
66.051354
74.543623
48.524317
72.797990
90.571594
48.727074
61.360458
54.371272
42.701108
58.192283
56.791068
54.369909
50.022478
28.802851
79.144876
49.314186
59.795190
71.207980
80.239469
68.643244
68.364356
47.647564
45.509807
62.245379
51.374455
85.817730
64.592871
80.062418
63.114263
55.195168
61.801723
67.428855
68.946566
86.189183
77.976297
86.293878
36.272525
58.255124
68.096184
46.833300
64.183466
79.821449
60.422072
86.017525
58.804059
59.760228
60.696317
78.872061
44.154645
49.042971
82.786096
57.769913
87.193656
56.777365
46.802495
53.952357
76.417268
58.461578
43.725593
58.325974
58.430116
54.014065
56.231670
68.980876
91.630429
62.898381
53.867463
75.000576
67.796903
47.610086
65.207783
78.094490
43.140410
47.180146
52.062075
61.381932
68.571149
58.895649
61.860964
56.351864
76.049183
55.430393
69.183335
54.176211
68.273065
80.859100
81.601116
50.519723
57.025470
97.809555
35.544032
59.841674
50.224740
65.148281
51.970971
60.013937
66.200182
75.545581
77.050855
54.572554
61.065671
74.716238
40.932198
71.073196
55.219382
57.320963
70.740899
102.197532
43.965097
63.385691
61.999654
61.405401
71.833907
69.270828
61.121191
67.717487
57.490239
77.341537
79.656546
71.344749
46.269861
61.273030
55.526895
80.785022
76.961421
63.105582
61.127896
68.306144
70.801027
45.569487
38.863894
49.139598
51.965967
68.345081
55.373082
78.103770
47.869895
46.488483
62.504766
61.489459
73.368495
62.685655
57.676403
54.021136
44.400656
76.939910
66.977919
52.293405
62.438088
41.123908
76.825316
55.713607
47.155519
54.071877
74.207026
66.918641
55.801601
44.134478
76.110938
66.655545
71.610816
50.278357
94.613491
64.590652
62.516612
70.443373
55.356113
32.379352
79.440043
59.646091
63.494020
76.434705
36.190160
85.814797
74.926044
56.557223
53.029127
58.311693
78.010342
50.027448
71.798471
71.805265
64.868410
64.084327
63.484123
84.684029
78.406961
61.556806
54.557900
76.735663
87.164405
55.277241
63.050050
71.431582
71.125051
61.198617
53.113993
73.390315
55.904326
91.506793
66.773730
52.207293
36.457044
62.372920
90.994129
70.174653
58.659033
89.213027
57.782269
50.779972
60.331627
63.265964
83.712358
40.378481
59.453304
57.885894
75.698806
48.280851
74.298313
51.176568
41.344508
54.355429
63.730305
80.109183
60.389364
64.478685
91.164442
76.445223
48.977701
49.331911
57.118905
50.025460
73.279192
58.485853
78.729280
65.471500
74.623126
49.920795
63.539258
62.295523
48.164349
65.892535
76.916637
65.421865
56.297530
89.265610
79.804891
62.475081
74.603903
59.214001
65.524895
59.576930
45.331794
47.364090
81.527262
81.107082
53.741108
66.702263
57.917890
54.156205
68.470103
82.255261
94.138281
70.582662
69.256927
54.831301
80.903090
72.355344
71.485374
83.207217
98.273656
64.008541
64.946001
59.948172
66.270817
84.864549
53.657173
72.312070
55.050292
46.868664
51.835302
68.508194
81.222489
61.147293
53.992228
40.212013
64.858851
80.869796
62.845999
90.481516
70.800374
74.984037
66.850788
53.743608
43.288413
75.387262
55.956094
73.889658
50.924657
66.732744
42.416349
67.745466
85.751218
62.452411
86.222352
72.542391
66.611276
72.057061
52.399352
56.637379
57.896842
71.765507
60.415345
76.677014
46.922870
51.667431
55.114249
50.212511
39.067737
64.567855
70.027821
68.090404
54.044731
50.753118
34.124922
51.185874
56.437974
52.790246
46.655477
69.143193
67.484975
61.304083
45.326208
53.163856
65.505664
50.919672
58.319660
58.109844
46.157460
59.175087
56.182645
49.006640
81.600134
75.454585
44.472423
78.225835
49.090978
67.370773
71.353872
52.634785
60.954871
100.429211
71.582523
62.653101
76.703642
65.942892
81.575500
65.210350
71.744441
45.893373
54.857511
74.371193
88.531193
69.096544
60.905220
58.917153
68.177102
71.137802
57.845070
64.999376
65.886077
59.603371
68.541320
62.061031
39.856963
51.535136
56.957275
46.147438
55.960105
66.850985
62.577591
88.915769
63.863401
44.481246
45.074092
77.571986
61.567777
62.741511
39.567052
70.142983
80.087760
70.941263
89.118796
53.735234
88.817316
69.850913
64.063792
67.426082
44.619229
81.194899
66.564181
70.454307
41.039782
78.950144
72.855723
80.539498
64.704941
56.859468
78.962552
41.467186
52.823527
60.228761
55.303649
73.470745
61.214971
83.422954
70.970045
84.209321
68.934044
77.007345
65.981410
79.299132
55.913698
65.218570
51.477241
57.437627
55.975315
54.318181
32.789041
77.958896
46.175169
69.721138
69.305238
61.496581
62.539592
69.284853
88.203815
69.919594
81.572933
61.369876
70.070314
62.444191
69.593596
60.558726
53.289239
70.539290
70.904369
88.881224
71.661747
72.095580
83.339255
67.921244
60.941630
71.970760
81.661098
75.700908
51.776615
73.320649
58.715712
51.412741
61.228286
46.538320
54.396603
73.312597
74.937600
55.982194
94.072773
75.924224
72.241368
75.270056
70.992778
68.049780
65.631254
58.457006
68.350055
77.536131
83.467401
52.618298
42.039914
61.937483
69.462053
54.852337
88.212970
42.419199
58.880071
62.932331
77.292302
56.904113
50.631398
52.712560
77.121730
52.794453
46.614338
62.604889
56.336615
59.436207
59.959241
58.007949
41.044582
58.903723
53.218436
39.573912
60.013964
67.819259
51.530964
44.012519
73.387810
65.846470
60.507930
52.913295
63.321347
49.923867
56.695080
34.835959
81.578917
61.136957
60.333615
69.281073
60.523337
70.900190
62.166290
73.060830
62.361184
84.789311
58.121790
67.554625
34.590383
75.930088
53.435293
33.704695
66.153177
81.412833
60.147262
79.323817
72.824908
42.000764
57.408718
56.512537
77.024314
61.757703
81.673430
70.746476
80.198579
50.576279
73.472446
59.723417
81.423460
51.371087
76.064471
91.202418
75.834550
77.595477
80.055389
46.525976
66.840311
76.462794
53.463364
70.895281
65.217372
52.802388
64.949554
57.275432
72.053148
58.652173
55.165897
59.986423
66.811384
88.461585
59.718009
57.267916
71.385795
45.249796
54.614331
59.825555
59.051419
54.599419
44.105153
58.838089
60.320731
52.643608
50.501596
53.329313
47.504541
72.294408
57.467740
43.192643
76.901480
49.840948
51.999914
86.959751
41.544841
61.818810
62.446837
69.405766
32.930997
67.377085
53.372347
62.831928
71.054522
73.852458
72.157445
66.769281
62.589556
61.374302
67.734898
63.017588
47.054742
66.861643
74.852291
83.882700
47.385624
49.243312
65.427923
76.026763
67.136868
86.367988
64.940369
42.709740
84.152177
73.837606
86.428916
65.687662
66.257863
84.473242
65.523835
72.135480
69.606853
63.487200
34.121406
54.296564
74.527460
