0.000205
0.000115
0.090419
0.003876
0.000013
0.004484
0.004579
0.013857
0.015332
0.012791
0.006717
0.001815
0.000414
0.031694
0.003635
0.004291
0.001784
0.043897
0.009324
0.006319
0.000191
0.000202
0.001547
0.001493
0.095282
0.039439
0.000012
0.139589
0.002856
0.007701
0.051166
0.001906
0.000538
0.000008
0.000021
0.001902
0.002581
0.066857
0.004734
0.001230
0.007532
0.008014
0.031620
0.012972
0.000072
0.003542
0.001298
0.006491
0.000799
0.000429
0.000388
0.054160
0.000250
0.011136
0.001908
0.000529
0.000692
0.051146
0.000188
0.000501
0.076190
0.074860
0.001446
0.107567
0.003663
0.280331
0.000252
0.008756
0.001177
0.027210
0.162188
0.000024
0.002543
0.000168
0.000535
0.009525
0.000041
0.000584
0.104918
0.000842
0.000193
0.008661
0.000063
0.000035
0.000904
0.001920
0.000122
0.040811
0.011260
0.032920
0.018854
0.003642
0.015693
0.000056
0.061043
0.007351
0.000216
0.014367
0.000117
0.001628
0.001260
0.000163
0.028383
0.000001
0.000029
0.002272
0.013829
0.017100
0.001955
0.014696
0.122144
0.008466
0.005263
0.000224
0.000054
0.006691
0.000631
0.000172
0.069955
0.006385
0.228184
0.006100
0.000209
0.002501
0.284971
0.001295
0.111329
0.037418
0.010891
0.000040
0.003202
0.000761
0.001335
0.034596
0.014857
0.006532
0.021454
0.008016
0.000011
0.461850
0.000706
0.000047
0.002078
0.033621
0.024013
0.002321
0.167163
0.000005
0.001752
0.000017
0.003208
0.000214
0.004118
0.000292
0.023672
0.020881
0.005836
0.003069
0.038077
0.006838
0.000991
0.002896
0.054076
0.001266
0.009201
0.015209
0.000336
0.000933
0.000088
0.000121
0.000123
0.006554
0.002216
0.041837
0.026066
0.399899
0.055670
0.010013
0.001357
0.111315
0.000230
0.001629
0.000236
0.000354
0.000022
0.000065
0.016278
0.000036
0.016489
0.000084
0.018364
0.020646
0.012039
0.000118
0.000238
0.000375
0.000051
0.004823
0.000794
0.000007
0.001514
0.006119
0.000895
0.000487
0.001997
0.001413
0.004168
0.191651
0.199104
0.000600
0.000036
0.000062
0.000016
0.000007
0.000306
0.094013
0.002920
0.192347
0.009959
0.013579
0.020235
0.000014
0.000557
0.000204
0.002632
0.000503
0.120779
0.000380
0.000010
0.000120
0.000398
0.000182
0.000372
0.071349
0.000016
0.016393
0.022701
0.004263
0.001089
0.022083
0.142280
0.006108
0.079542
0.000072
0.000579
0.007185
0.007079
0.043065
0.003692
0.056967
0.004418
0.000028
0.028949
0.037911
0.001149
0.022922
0.000042
0.000657
0.001850
0.034706
0.031757
0.000570
0.004877
0.007006
0.001833
0.003055
0.000769
0.009520
0.003186
0.000162
0.000134
0.000989
0.000121
0.000103
0.010757
0.000419
0.030042
0.002510
0.001752
0.001687
0.185514
0.065644
0.000073
0.000001
0.000097
0.004300
0.016616
0.000481
0.001388
0.014781
0.034941
0.000036
0.003357
0.008131
0.000584
0.000041
0.000067
0.000020
0.004649
0.175405
0.004988
0.000375
0.186818
0.223713
0.000003
0.000342
0.001819
0.000324
0.000643
0.014449
0.000172
0.001636
0.000860
0.010349
0.000132
0.000633
0.000002
0.000082
0.000333
0.000026
0.000432
0.000108
0.009467
0.006396
0.010138
0.017759
0.003025
0.000801
0.011710
0.011606
0.000056
0.000075
0.000279
0.031984
0.000120
0.000154
0.001489
0.006855
0.000001
0.046536
0.000926
0.024376
0.000576
0.029656
0.000724
0.045796
0.004173
0.001201
0.032386
0.110998
0.524202
0.000889
0.007306
0.400716
0.000576
0.033433
0.002957
0.000014
0.000732
0.002462
0.239926
0.131832
0.001762
0.000054
0.009134
0.018864
0.014463
0.081714
0.012337
0.000000
0.001082
0.000038
0.183197
0.000122
0.000003
0.006156
0.010215
0.055145
0.000958
0.000110
0.030426
0.000024
0.009005
0.000229
0.000085
0.002664
0.000031
0.001740
0.001432
0.001035
0.005303
0.082544
0.005072
0.002015
0.101032
0.001929
0.000008
0.000147
0.000010
0.000001
0.000296
0.001806
0.005775
0.009676
0.002360
0.012763
0.001679
0.017630
0.001629
0.000664
0.007944
0.000007
0.000507
0.002687
0.032998
0.000047
0.002975
0.014961
0.080995
0.000094
0.007469
0.201725
0.002644
0.000685
0.013414
0.000186
0.143666
0.000002
0.225076
0.006942
0.105758
0.003727
0.002707
0.029068
0.019840
0.000285
0.032007
0.000539
0.000025
0.000000
0.002423
0.003804
0.003495
0.001627
0.013127
0.000931
0.000972
0.009676
0.002858
0.019730
0.005451
0.801062
0.000384
0.000132
0.000385
0.006206
0.019102
0.067697
0.000344
0.008533
0.028850
0.000070
0.009787
0.000346
0.000073
0.004111
0.007304
0.000008
0.000811
0.000486
0.076474
0.035000
0.032231
0.221088
0.014027
0.009180
0.000242
0.000089
0.003271
0.000113
0.000052
0.016166
0.068137
0.000015
0.000073
0.000006
0.011309
0.004920
0.015865
0.000630
0.000688
0.009007
0.000276
0.003018
0.054233
0.198272
0.014339
0.030579
0.006128
0.000103
0.011375
0.003736
0.014055
0.003202
0.000292
0.000164
0.047516
0.007756
0.000279
0.000471
0.002115
0.020293
0.001099
0.012533
0.017208
0.024870
0.061406
0.001329
0.052064
0.000950
0.006805
0.000290
0.000141
0.001049
0.038176
0.000011
0.001041
0.000338
0.000127
0.000021
0.000002
0.007714
0.000772
0.000152
0.020114
0.079867
0.000008
0.005003
0.000304
0.011825
0.013018
0.000080
0.000045
0.001998
0.000147
0.022799
0.001467
0.010633
0.000204
0.000127
0.001398
0.046775
0.000058
0.204439
0.012938
0.019477
0.008259
0.004321
0.000512
0.000033
0.006336
0.089704
0.040891
0.000001
0.000025
0.207051
0.000168
0.000281
0.000436
0.002790
0.000004
0.000218
0.000128
0.000241
0.009628
0.005980
0.013163
0.000537
0.000521
0.000317
0.000088
0.007862
0.024727
0.000032
0.000417
0.000624
0.000391
0.000077
0.023474
0.000685
0.003080
0.000099
0.017420
0.008262
0.002205
0.000931
0.012398
0.000012
0.060736
0.013428
0.000295
0.009685
0.000139
0.001069
0.002168
0.000096
0.044016
0.006192
0.000425
0.012706
0.041186
0.002576
0.001200
0.003374
0.000826
0.045383
0.013303
0.003832
0.000035
0.003913
0.068085
0.000012
0.261990
0.001084
0.000001
0.000425
0.012680
0.004440
0.000016
0.000057
0.061107
0.000052
0.005673
0.006050
0.009255
0.032334
0.146613
0.003699
0.000885
0.000025
0.009332
0.000361
0.000227
0.004793
0.002920
0.019448
0.316049
0.000835
0.033596
0.000043
0.000002
0.011503
0.008487
0.002864
0.144711
0.020676
0.000388
0.000083
0.000587
0.011805
0.000443
0.007294
0.001399
0.002825
0.000513
0.001035
0.000609
0.052945
0.017457
0.000007
0.000066
0.018776
0.162919
0.001161
0.089554
0.000403
0.000291
0.007662
0.127661
0.011278
0.000079
0.885004
0.052814
0.000024
0.160424
0.000591
0.020272
0.000087
0.009035
0.040235
0.008439
0.000019
0.031465
0.018297
0.003831
0.000012
0.000110
0.000036
0.000126
0.029090
0.002223
0.001796
0.037311
0.385726
0.105038
0.001471
0.009780
0.059751
0.002675
0.250190
0.002040
0.001204
0.000011
0.002807
0.001489
0.002960
0.331644
0.000256
0.000520
0.000033
0.027329
0.000118
0.014168
0.019202
0.000639
0.000001
0.000079
0.000655
0.010055
0.000042
0.014119
0.001291
0.000214
0.000134
0.029486
0.035691
0.023808
0.020057
0.005784
0.027278
0.067342
0.004734
0.000080
0.004471
0.000046
0.001864
0.010105
0.000052
0.002133
0.000193
0.001046
0.004198
0.000002
0.000001
0.006991
0.000825
0.000991
0.000106
0.000434
0.000474
0.012088
0.009354
0.001876
0.000701
0.000051
0.003551
0.000355
0.059102
0.000378
0.011162
0.000106
0.000056
0.107057
0.000006
0.263342
0.000067
0.000963
0.003587
0.000789
0.000348
0.000441
0.001228
0.004257
0.267596
0.102874
0.002698
0.049284
0.000199
0.000048
0.000012
0.000308
0.016986
0.000708
0.000544
0.001143
0.000036
0.008988
0.004974
0.056396
0.042756
0.022921
0.039296
0.012221
0.490174
0.013530
0.031525
0.000799
0.000334
0.000001
0.041090
0.000262
0.023323
0.001707
0.000003
0.000203
0.000370
0.000017
0.026870
0.001156
0.163723
0.011139
0.092365
0.000752
0.000000
0.001193
0.001865
0.036516
0.021969
0.003731
0.000468
0.005651
0.001535
0.001522
0.027849
0.000310
0.038897
0.004572
0.000065
0.000154
0.074900
0.000533
0.032118
0.009340
0.181622
0.000072
0.000031
0.000001
0.029994
0.028052
0.005528
0.000783
0.450786
0.060302
0.001048
0.095323
0.004543
0.025603
0.071532
0.144982
0.038787
0.000057
0.002139
0.081167
0.041393
0.003191
0.003440
0.000816
0.000415
0.000018
0.000910
0.000821
0.043988
0.000951
0.075380
0.002550
0.248940
0.002281
0.025716
0.000307
0.059097
0.021221
0.000161
0.329084
0.002955
0.003551
0.003630
0.000039
0.000478
0.056182
0.000211
0.000008
0.032067
0.000009
0.001358
0.004410
0.008669
0.000033
0.001478
0.019624
0.000538
0.003759
0.003056
0.000027
0.038455
0.000604
0.004479
0.095586
0.000451
0.026818
0.009503
0.003227
0.005748
0.000061
