4.172045
1.331674
1.368338
2.714851
0.282613
1.533897
1.573077
7.558792
5.646808
1.273346
4.125645
1.923970
2.133730
0.722332
4.655334
1.628177
4.402205
1.582475
0.264744
0.045667
0.852780
0.310949
4.280750
1.638951
0.175054
2.086652
0.600325
0.208734
1.319334
2.810205
0.368789
1.192946
0.124963
0.422375
1.246480
0.551714
0.828640
2.415707
2.337549
1.625643
4.268247
1.705629
2.136549
2.980458
3.395375
4.419461
0.100067
2.160660
1.761926
0.405276
0.105653
0.132254
4.032748
0.939437
2.392078
1.027807
2.297261
2.473434
3.492301
0.042606
1.499378
1.077437
3.609668
0.513593
0.715851
1.672383
2.279627
1.867079
0.190412
0.658828
1.498767
1.094790
1.836431
0.552529
0.870735
2.580404
2.863671
1.489795
1.696348
3.229562
2.478922
1.761186
1.200234
0.170102
0.393008
0.372854
0.574786
2.407999
0.621193
0.333878
4.548096
2.220989
6.462610
0.627519
4.307277
0.117572
1.553305
0.634326
3.113062
0.038551
6.495417
4.074892
0.380025
3.399670
0.036025
3.886045
0.157583
2.773664
1.075655
5.494487
1.378757
1.729761
0.455994
1.213385
1.080553
0.153660
2.696248
0.905030
0.021016
1.565472
3.306657
0.647538
0.457062
0.250060
2.299674
0.703635
0.889014
0.117946
0.772348
1.308810
0.051421
1.094003
0.190826
4.687480
0.901411
7.238157
0.748975
0.162748
1.692392
0.638223
3.085062
0.198624
1.724793
0.601363
1.911995
0.444965
1.900420
0.109864
2.027970
3.255718
1.270483
1.706941
0.535152
1.123697
0.265896
3.279739
2.975080
0.992138
1.301946
2.194262
1.285545
1.400383
1.376963
3.103500
0.445880
0.429124
0.858726
2.502165
1.357029
0.891951
3.166433
4.889687
0.309601
1.161664
0.510177
1.331465
0.074762
0.259379
0.686138
0.282878
2.013458
1.528916
0.333229
2.068138
0.662663
3.752067
2.514677
0.625051
3.537660
1.382992
2.072008
0.175383
1.373164
1.412455
1.073402
2.795801
2.864200
3.326530
0.764668
2.874444
0.640220
1.194968
2.094972
1.156868
2.307862
0.941445
1.423165
1.363578
0.551652
2.815087
0.838734
0.529285
4.333049
3.332573
6.787299
2.519747
0.091468
0.617505
0.815444
4.395241
4.117673
2.590754
0.789541
0.081651
1.132005
3.953271
1.452031
2.445995
3.202363
4.003752
3.572750
0.066711
1.311605
1.063516
2.345049
0.431041
0.476021
0.721119
1.719904
0.664586
4.733649
0.273451
2.079113
2.757246
0.473188
2.947214
1.558359
2.662360
1.796282
0.940848
3.360937
1.697713
3.457553
3.115409
0.548192
0.114633
1.457754
1.593756
1.528371
0.172099
1.344668
5.633532
2.303066
5.059945
4.876928
0.936895
0.048726
2.512498
1.501820
1.335258
2.307315
2.902972
2.990723
1.526928
0.019675
1.097037
2.069748
3.176784
3.830704
6.916859
1.910559
0.096337
0.407266
1.642250
0.862756
5.538713
0.358137
3.359938
1.354006
0.969583
1.682765
2.735047
1.115716
0.610261
2.228336
0.534252
1.315647
2.140312
0.199446
1.863814
3.057613
0.440642
3.026810
1.296273
3.465509
1.694205
0.996488
2.682765
1.378794
2.163955
0.326539
0.263126
1.415517
0.021162
1.162656
4.873352
1.875341
3.061327
1.638046
1.126133
1.850937
2.041146
0.247228
0.310368
2.310260
1.508997
0.142683
1.531955
0.144935
1.214879
1.433420
2.514374
2.829932
0.297733
3.682821
3.202991
2.721721
1.790894
1.364359
2.928032
2.555900
1.687203
0.583453
3.010432
3.894469
3.085869
3.346920
0.350734
0.489692
0.627131
7.639179
3.413380
3.524366
1.700311
2.327299
3.042270
3.361254
1.711411
1.024559
1.883111
4.391258
1.862925
0.662352
0.327973
0.005306
0.803005
7.382268
5.091290
0.959165
2.958020
0.189399
3.901184
1.033632
1.427867
3.844426
1.204044
1.010971
1.062066
0.260030
5.999177
1.119274
1.309365
0.511953
2.421862
1.275186
0.431759
3.097776
0.870691
2.066555
2.186706
0.773904
0.576986
4.581652
3.446768
1.177754
3.169580
0.273536
2.459913
1.917691
4.252676
0.060054
1.105364
0.399414
1.586494
2.413498
0.585890
3.866773
1.245268
3.152619
0.776117
2.817786
2.455671
1.827054
3.279390
0.386807
4.378759
0.843020
2.536363
3.225521
1.650676
0.336504
1.389377
1.090490
0.149001
2.538350
0.731750
3.544391
1.213792
3.275083
0.017095
0.893430
1.357674
1.512987
3.635595
3.346114
0.769015
1.441068
2.238647
2.901482
1.844590
4.209501
0.009297
1.472788
0.656690
1.961817
4.734365
6.650802
2.144879
1.790945
1.922976
2.804746
0.677128
0.595869
0.747136
0.883942
3.612757
2.349004
1.533942
1.451353
3.565833
1.277635
3.345742
1.571239
1.647141
0.232577
0.145009
3.507736
1.874503
1.998014
0.448649
0.443505
3.054252
0.621474
0.889654
1.839142
1.710802
2.056127
2.092206
3.257243
0.684706
6.356198
1.586391
0.735936
0.115624
3.386363
2.244271
1.486479
0.284565
1.069569
5.136729
4.285783
3.143793
2.988367
1.095593
2.714666
2.144429
1.629117
0.144984
1.562578
3.392292
1.274021
4.066993
2.210247
0.060514
0.190066
0.958776
1.552231
1.566403
0.980619
2.713794
2.879995
0.347082
2.481867
3.395880
1.434798
2.598097
3.354716
3.057210
1.819651
0.079520
1.322756
5.925367
3.688339
0.294546
0.413087
1.070861
1.227935
1.310171
1.470089
2.698942
2.058815
4.217094
0.525823
1.801525
2.085456
0.095687
1.210384
0.183104
0.898815
2.655297
1.204673
4.575838
1.802325
1.208381
0.850963
1.074823
0.286434
0.462044
0.758919
0.854240
2.735525
2.199051
1.182374
0.895222
4.000679
1.946718
4.280362
0.936878
1.650542
1.099556
1.173041
1.488287
0.938154
2.434314
0.129800
2.309373
1.893689
0.869341
1.816116
0.849945
2.011556
3.295246
2.559183
0.764821
1.026363
3.891982
1.054338
2.202376
2.361921
3.714289
1.724705
2.248861
3.394280
3.045799
0.110916
1.098664
2.637480
3.583027
2.629017
4.439631
2.467020
0.278428
0.719091
2.001162
0.319713
1.193549
2.073910
0.445054
1.256722
4.148066
0.647875
3.444236
1.985094
0.713616
2.326178
1.300371
0.952193
3.790056
1.862356
0.530702
4.070260
0.789524
0.768671
3.233629
0.633076
2.636031
2.623503
0.909454
1.230799
1.799726
0.430696
2.815755
4.464271
4.401257
0.293396
2.210140
