1.989682
1.969407
5.970308
3.391640
1.273756
4.444973
11.769015
0.421870
0.196071
1.576280
2.594582
4.390852
2.093941
1.702948
1.328006
2.684172
1.278672
1.779609
1.069410
0.189216
0.327319
1.991614
5.183109
0.615345
6.219883
1.390775
1.883331
2.656385
4.823240
5.983437
3.569937
1.895475
5.803334
5.163263
0.873103
0.525770
3.101565
2.664588
3.868817
2.335567
0.138454
1.571529
2.110207
1.445766
1.176199
0.911279
4.741510
1.894652
1.210197
1.872613
2.104537
2.171073
2.578575
0.675478
1.689406
2.345322
3.249443
3.700706
0.020113
1.705657
5.574765
0.989612
1.262627
0.440519
2.485022
6.788705
3.195077
1.381772
4.120108
2.283688
5.789987
2.457394
2.456218
4.692385
1.316111
1.482281
1.588882
0.689740
2.409149
0.788423
0.139529
0.378985
1.235065
1.677804
0.905260
0.970524
1.878504
2.018670
5.702709
1.896687
2.239567
0.558525
2.040239
5.164908
0.986811
5.421791
1.344020
0.232584
4.362384
2.086510
3.235558
1.313425
0.911010
2.908036
0.482287
0.464010
0.030465
2.104372
5.613686
0.307640
0.717029
3.842621
1.384908
0.655565
0.325318
0.360961
3.604790
1.112298
1.976767
1.466105
5.184626
1.799380
2.122883
2.333565
0.803868
2.977982
5.480442
1.503738
2.272848
9.992122
6.186976
5.156410
3.085881
1.233767
1.868317
2.585879
0.694747
9.548116
1.700244
2.795090
1.622819
0.879084
0.485227
3.728981
0.973423
4.154041
0.383821
1.137871
0.915626
1.379509
4.475396
5.030616
2.853016
3.710031
2.170654
2.334772
5.749351
0.528054
5.489189
0.874047
0.577306
5.738030
5.496681
3.932168
4.420822
1.300393
3.285182
1.312363
0.171941
0.291219
0.638456
2.757157
4.735941
4.074918
1.150792
1.409460
4.392635
5.110942
1.388979
1.330287
4.911004
4.362831
0.581542
7.735252
3.791367
4.140589
3.752587
3.773984
2.969717
3.782245
0.880500
3.659537
1.283385
0.455717
0.116422
0.186954
2.253587
0.256586
2.105060
2.999759
1.561182
0.819116
6.184710
3.772022
3.052620
0.009000
4.527523
1.136956
0.538547
3.523077
2.114543
3.410826
6.722499
3.924855
2.650147
1.157565
0.791317
0.732155
5.085496
1.487051
6.825217
1.549981
1.885336
1.208196
0.103095
0.370947
1.084273
1.704151
4.065768
8.951468
2.923591
0.902460
4.447157
0.993642
1.624753
5.418264
1.258367
3.991146
2.467506
5.281266
1.403362
3.942019
5.060394
2.396856
0.644332
6.910928
0.180645
1.583147
0.710119
4.795022
2.613585
2.130708
1.629333
1.430085
3.346708
0.978954
1.805566
4.018436
3.034371
2.854636
0.009625
4.712472
1.174918
0.611191
2.313810
2.247491
0.685071
1.827457
6.342504
2.626140
0.831886
0.941927
1.525159
2.399675
0.543858
2.429459
4.320882
1.966152
3.246997
1.966422
0.240137
3.842336
0.994123
5.390243
2.139520
6.451217
1.689938
2.049897
0.053692
1.967697
5.434118
0.701187
5.556204
3.482773
4.137236
4.850969
2.733916
0.126368
1.793943
2.204892
5.176194
3.852005
7.958761
1.976773
5.776302
3.105733
4.548020
1.239527
6.776187
0.963916
3.187995
1.328935
1.482392
1.657307
0.787354
0.136487
2.937020
1.072536
0.241504
3.249731
3.125178
3.275917
7.228580
4.004533
1.651526
0.159026
2.303555
4.163363
3.942416
0.283050
2.343012
3.211868
0.999121
3.935478
6.012732
1.057967
3.913790
3.121383
3.508087
4.549142
2.211984
7.004440
2.194204
4.842882
9.560387
1.743095
3.813903
0.821130
2.659526
3.637354
0.408617
6.925827
1.063291
2.715632
2.104872
1.750550
5.243450
2.059872
1.557738
3.692180
0.582964
1.498185
1.641142
0.488099
0.744340
0.717365
1.857567
3.300427
0.751938
5.409104
1.445845
1.990370
4.151145
6.814280
5.405663
6.509560
1.030870
5.603735
4.428421
0.131533
3.176771
0.624236
2.502342
3.488599
3.881586
2.187497
0.552724
1.404272
2.149858
2.340597
7.150311
0.267798
0.714634
1.129572
5.970953
0.615762
1.758886
3.503601
5.329450
0.703992
1.230583
2.367667
0.480604
7.972281
4.787661
3.064551
1.645321
1.696784
2.645069
2.746177
3.270550
1.334327
4.474079
2.761245
4.105000
3.328056
2.327102
7.794505
0.849034
10.172453
1.983024
0.645390
1.273401
0.985132
2.825306
3.884355
4.619649
7.044279
0.168736
5.991641
0.562479
2.602270
4.289168
0.524789
1.877923
1.360344
0.836990
2.463054
4.152494
2.505863
0.122664
6.153205
0.700804
0.915927
2.057191
1.295036
1.776703
3.623640
1.844710
4.475454
1.939488
0.042024
0.663983
1.363882
2.915330
5.218158
5.019238
0.604696
0.617707
1.064126
4.659349
1.595359
4.985366
4.909710
0.947009
1.766758
1.814735
0.321577
3.164510
0.696954
3.189986
0.487769
2.678326
2.697261
0.855596
2.632375
0.654456
1.363363
1.171573
0.166829
0.863642
7.470262
4.924661
0.360764
1.843208
2.525725
4.232848
1.412951
3.654905
3.829268
0.106452
1.037393
1.331991
1.168093
4.395289
5.764274
1.611063
1.630090
6.591342
4.353338
1.776187
5.320799
2.209273
0.249669
7.563281
1.432559
7.735743
1.182203
0.641232
1.382815
1.893698
7.752382
3.061654
0.863213
0.704308
3.008912
1.320322
0.562268
0.166804
2.633547
7.890837
2.558050
0.752289
1.851416
4.018936
1.081907
0.332954
3.812309
3.540773
3.740941
1.647770
1.686389
3.953684
0.725081
2.541493
2.029481
0.024607
2.483195
2.356171
0.325857
1.826976
1.120771
1.688445
0.481424
2.991894
3.314645
6.735525
0.288847
4.006450
1.761137
5.119715
2.016972
1.156834
2.745209
3.375116
2.575744
2.269837
8.963227
3.596247
2.754471
2.468098
2.653016
0.802641
2.941530
5.242202
3.520382
3.967689
3.236640
0.722861
2.785741
4.614407
5.998598
2.103639
2.899935
6.003203
1.384369
11.788404
1.990013
2.680502
4.318971
7.071770
0.457036
2.894159
4.166199
6.615629
3.039802
1.843426
1.867835
4.516296
0.142945
1.661537
2.065023
0.286183
2.834941
2.726020
0.708946
0.406918
3.070176
2.802215
3.072950
3.055467
3.098483
6.811207
5.712646
1.618422
2.321755
2.847949
2.699418
4.098421
4.847762
3.454986
2.160933
0.092584
1.640883
2.959298
2.803384
0.435601
1.723199
3.420671
0.042121
1.830497
0.648515
4.502163
1.733972
0.240902
0.767131
2.280141
1.427649
1.160705
1.820137
2.864251
2.700134
1.285998
1.465663
2.666378
0.302491
0.619752
0.158793
2.408198
3.250423
0.233595
4.237429
2.562011
3.367701
1.529770
0.242940
0.889691
3.935415
4.798404
1.819912
1.456658
1.737141
1.124884
5.924470
2.481028
5.085786
2.571233
1.942385
3.509745
3.342861
4.998678
0.326720
1.081153
2.559119
3.041987
1.975646
4.144658
4.139511
5.968093
1.264488
5.242348
0.826435
0.404701
1.241825
1.648846
1.927583
0.414092
1.315865
11.020333
0.621765
2.476989
3.055081
1.054612
0.100381
0.250648
1.057420
3.745441
1.384453
0.196147
1.129530
2.257186
0.612246
2.573140
5.605645
1.598608
2.990489
4.092538
2.006332
2.333176
4.940891
2.579004
3.204599
1.947879
3.705321
2.364196
2.336834
3.943640
2.836943
6.421439
1.369104
0.938109
1.421602
3.836932
6.201915
1.349993
3.899384
2.913437
1.085291
3.689518
4.662318
0.067701
1.162449
4.459633
3.514537
0.219607
0.409119
2.819584
0.469180
4.400394
4.756314
1.671442
3.555229
3.715625
8.295378
0.031619
1.133172
4.101203
1.217770
1.457208
0.355073
7.586578
0.890866
1.119801
3.706750
2.044859
1.568770
1.184484
3.134053
3.686967
2.849874
7.786556
1.205310
1.042714
6.317564
0.079711
2.744311
2.224722
2.108252
3.241116
6.051300
2.954766
0.340311
3.142493
4.666881
0.719217
1.011492
4.876837
1.002678
3.820958
5.373795
0.586250
3.039069
1.479543
3.581546
3.471552
5.180933
2.491598
0.662356
2.066435
0.813453
1.917980
2.415539
5.018330
0.401255
1.877992
1.845290
2.956627
0.690777
1.540681
2.118945
5.209607
2.132313
2.309113
2.144441
1.484000
0.274571
1.416836
3.215285
3.569922
0.388962
0.512577
1.770795
2.885689
1.676443
1.069692
2.736705
2.493922
2.866073
1.732487
1.026046
4.029335
0.533288
1.603657
6.350628
3.986088
0.892409
1.574339
6.320506
6.654933
8.056020
1.209835
3.931550
3.811845
2.775832
5.097463
2.321901
7.939251
2.485472
1.069152
4.153848
0.767154
1.945511
3.464940
0.979587
5.240480
2.146827
3.447909
4.799392
3.684669
0.502876
3.709051
1.557294
0.844237
5.811153
1.510401
2.681561
1.256846
2.876246
5.015940
3.721032
1.483229
5.644220
0.744421
2.094959
0.049420
2.406484
3.225334
1.624373
4.077376
1.359363
1.067156
0.716754
3.604186
2.278421
2.206366
2.884558
6.486566
2.438466
3.408413
5.181548
4.321644
4.021143
4.673824
1.091138
3.712733
1.303529
2.545215
1.020181
3.836538
1.955198
1.175562
4.248231
3.212105
3.522368
2.004729
1.912624
2.644460
2.822091
0.563472
1.901361
3.306185
0.340171
0.076269
2.368297
4.824241
5.097979
5.031299
2.871218
0.199626
2.436069
1.675189
0.056501
3.866979
1.963685
0.157905
2.364030
1.494305
1.224987
5.407787
1.689559
1.658654
3.774183
6.028257
1.203127
3.144172
4.754080
1.323292
2.031952
4.890585
1.426682
5.575609
2.086700
1.869548
1.327822
4.388505
3.914296
0.212857
4.577782
2.150203
3.094526
4.040344
1.975649
0.669811
4.024091
0.209011
3.387548
4.400233
0.908603
2.040638
0.098906
1.879445
6.188507
0.973057
1.668929
3.977309
3.970253
2.939994
5.311713
2.626350
6.629136
4.485348
1.459800
2.616155
1.273381
1.432680
2.859132
0.391197
3.752921
5.310153
3.438765
1.136168
6.053945
7.426420
1.229493
6.859786
5.327098
6.804465
0.451878
2.276430
0.594252
0.419403
1.209209
2.399609
0.102253
4.713098
3.948960
0.211531
3.226685
1.600619
5.116242
0.495412
0.522508
2.873189
0.787890
5.529116
1.620490
1.301969
3.483570
0.565366
3.117961
1.841310
1.347201
4.580616
0.655785
3.565594
7.989030
1.911112
2.732162
1.749173
2.343898
0.510673
2.057615
1.924066
3.730033
4.057487
1.898721
1.445762
1.255635
6.255561
2.058379
3.686475
1.905781
0.897981
1.043954
0.234040
3.399853
2.207228
4.830034
2.853657
2.418041
2.651303
1.087054
2.345963
1.617478
4.908523
1.859552
3.167947
8.362556
5.021280
0.717546
2.063705
0.727220
3.085295
3.146842
0.547043
1.358852
2.247961
0.072097
0.188160
0.097936
1.667532
5.420751
0.546666
5.452525
1.882218
2.173221
2.104292
3.990844
2.610651
6.070679
0.490355
2.091689
2.670701
5.316663
1.055797
2.701693
3.882678
1.562446
0.542905
3.095812
1.292113
2.288308
1.044253
3.754189
1.759892
0.100332
3.067399
0.333576
2.527434
0.664818
1.159583
2.024335
0.024021
1.901608
1.724681
5.363194
2.260134
2.464562
4.341238
1.918641
3.292864
0.481952
2.562951
6.822108
3.055364
3.284782
5.560219
4.217651
1.651992
7.596546
9.495199
0.833659
0.394328
4.004839
3.193507
2.486999
2.535798
4.535001
0.816757
2.209529
6.404092
0.088005
0.481469
3.625851
0.083935
5.026378
3.819408
2.718920
1.948738
4.506909
2.348398
5.781457
0.582017
5.950881
0.760402
5.932666
2.910699
0.378106
3.290560
1.353268
4.383350
0.926780
6.136899
0.925705
0.738662
3.044261
0.070184
0.125057
6.949723
0.527745
1.756019
2.720432
0.237197
2.454636
1.551080
4.856380
0.927464
6.275137
5.754550
2.871332
0.984828
4.738873
5.576853
3.222886
1.949965
1.008210
5.526167
6.810405
1.536500
0.056620
3.860802
3.244246
3.668758
0.989481
5.736964
1.928469
2.833936
0.845066
0.859603
0.800846
1.031382
1.612762
1.206186
0.989327
4.293767
1.714870
1.632098
1.218203
4.040066
4.529233
1.657391
1.300968
2.678158
1.984145
0.513797
0.510281
2.990296
0.521605
1.057149
3.783568
2.378942
4.557933
5.311944
1.838196
2.855456
0.697384
1.508227
0.419797
4.815504
1.613602
6.383769
0.485582
2.270509
5.474000
1.018865
1.020741
2.781482
4.072918
3.160602
3.840532
3.678531
0.350027
5.113590
0.220182
2.778656
1.677942
3.970209
1.515675
6.627166
1.718231
4.062838
2.624730
0.088527
3.470412
6.192175
1.515528
3.590459
2.095201
2.572245
5.119517
0.963415
0.812927
1.906092
2.927499
2.978719
2.473153
2.319392
0.891860
10.019755
3.394019
4.220296
1.450316
1.996668
5.663690
1.818012
3.680809
0.574338
4.581306
3.765938
3.033047
1.324762
1.097616
0.744627
3.315762
0.768344
4.471975
2.513581
1.024709
5.039194
1.026069
1.342661
0.983748
4.430687
0.763037
4.524629
0.017043
0.956533
2.532227
0.542315
0.690459
3.443237
0.767133
0.372052
2.662817
