5.631367
7.689799
8.971477
4.268770
12.967327
6.817611
8.045582
8.694059
7.063395
12.003465
15.969844
1.422734
5.949573
4.005905
5.313418
9.746259
3.230234
8.254493
1.470204
3.281388
6.804805
11.058589
14.264708
4.414728
3.074412
0.021309
5.928945
10.976614
6.267941
7.150023
2.980580
4.105155
7.136218
11.125372
4.843566
7.690161
2.373211
8.352048
8.765205
3.203922
3.607133
5.349597
6.036436
8.987647
4.844403
0.424816
5.293049
7.180404
6.699209
0.933461
6.815713
4.729641
1.088597
4.564171
7.224539
8.040909
2.511811
4.481319
7.732310
4.901849
8.158978
2.864632
6.251755
3.254687
11.489380
3.905767
7.283052
11.165107
6.015555
2.814585
4.787128
12.641801
9.021325
6.902181
1.608276
6.479953
11.863304
1.580779
5.493986
6.148419
0.693412
8.358998
9.790698
7.169268
8.465923
8.537032
0.673322
7.625793
1.926999
9.090823
10.346771
3.347873
2.935375
4.187478
6.918027
10.018390
8.414708
5.050505
3.560585
3.210465
2.912770
0.531491
10.013783
6.304073
6.257342
7.166359
18.299742
5.746070
6.898864
2.064919
6.681329
9.721526
6.428381
4.597287
7.525487
13.848630
10.316486
1.500737
1.964389
2.672006
1.189676
0.944558
2.948430
6.046479
5.479438
2.960736
4.141624
10.652402
10.168744
8.053457
1.850142
2.494534
5.991708
0.481122
4.897648
4.095974
3.244594
9.373549
1.037388
12.450009
6.388556
6.066007
5.143371
7.402198
3.769615
4.539055
4.646402
3.649517
4.854188
4.421820
2.010075
4.550640
1.133091
3.505042
4.395952
5.067830
11.657380
2.489182
8.211438
5.415517
2.861738
4.271075
5.028317
9.691198
12.265003
1.834308
7.328956
8.507372
11.572405
8.700371
9.545864
2.453678
6.797058
21.301010
6.072354
9.496945
2.483796
10.035258
1.475426
8.021095
3.006735
3.600817
5.022628
6.393790
8.167208
5.680057
6.154668
5.169099
3.485307
1.622541
6.937758
8.153208
3.097634
5.381335
2.227603
7.731782
5.905781
4.059661
4.596026
1.809650
4.576181
10.092066
4.460824
6.226250
2.648951
1.940918
6.019372
6.967113
4.290114
10.551594
3.461518
1.101656
7.315671
5.263655
2.727611
7.685688
5.037320
5.851196
5.133712
7.234636
2.584242
11.673279
2.936699
10.302691
5.784019
9.811180
2.575263
10.391538
4.734287
5.056957
6.525531
10.499940
2.921648
2.521069
2.197529
5.401458
2.545155
13.454315
1.266972
5.062551
5.521562
6.137808
0.842590
7.061957
2.122732
2.162230
0.786864
5.189385
1.000090
7.175537
1.724602
5.238497
9.091310
5.355239
4.392166
1.525535
13.888170
6.521842
8.456105
2.720210
0.473990
4.019070
11.936510
2.681067
9.100149
3.406896
9.084786
2.200749
12.651376
8.818925
0.894002
5.744250
5.228627
8.057540
4.953290
9.459135
5.602235
5.835653
8.201601
9.142749
6.290332
1.120493
6.881029
7.951942
12.812473
1.737103
1.979416
7.449084
1.884324
7.220431
11.168517
7.486571
7.813227
5.727437
1.759412
9.147114
4.377036
0.283857
1.231777
10.491391
9.970039
4.070067
1.136745
3.290212
3.713403
3.097538
12.319587
3.593453
2.791293
9.962502
6.658540
3.036701
5.530157
3.408057
8.322656
9.060528
12.230102
1.498217
11.421431
4.855834
2.627303
6.375163
5.575032
9.401109
4.151210
0.069047
9.814524
15.064717
6.935471
5.536366
0.576987
1.100954
9.420796
12.161291
2.373388
10.425314
1.973441
5.162811
6.094593
5.370577
8.972693
0.266478
0.124746
5.048472
4.315435
5.706455
4.808781
9.709005
5.084480
13.679386
5.072884
8.335030
7.637139
8.084745
2.970863
13.187926
11.649109
1.278758
4.334319
7.397020
1.542567
6.184537
6.890398
5.643404
7.247475
2.064446
