4.462439
1.155826
14.031883
19.617378
8.263615
16.854283
14.435877
9.914570
4.550628
8.672393
2.976312
16.031200
2.044071
3.538037
8.373831
0.680284
16.570119
8.850710
11.705288
8.605562
11.643195
13.942059
4.727840
9.831769
14.206212
2.062401
8.964839
2.327956
6.550010
9.525858
13.545161
2.545450
17.935999
10.339439
1.148366
13.294884
5.636298
5.630361
9.580750
0.460900
9.928818
0.872185
5.219960
3.956948
13.536276
0.250243
12.474224
27.308064
10.081604
18.021778
14.141379
15.249193
7.373704
14.684814
6.713060
3.832354
3.607255
12.816394
3.132168
7.568374
14.798292
12.040956
6.567322
5.677554
11.557355
16.434913
11.576761
13.105904
6.222480
7.230558
16.783434
13.812834
13.072306
9.961495
6.785406
1.160529
11.671679
9.592072
23.676423
13.779748
11.475188
20.301963
5.809979
10.078177
8.390291
12.451692
13.471875
5.190715
18.546196
12.381404
6.988811
7.106250
3.371321
10.654657
14.335238
9.696899
10.382704
7.865659
3.183466
5.049722
6.460637
17.282639
19.579544
11.842608
1.203994
16.389646
2.685659
8.288439
21.030189
16.284031
3.411544
2.287738
13.378085
15.469711
1.684581
4.796012
7.781238
8.480423
11.145938
1.017749
21.025102
0.930010
6.053936
16.369333
13.067731
1.703201
14.760672
3.358325
7.945711
17.225731
19.521690
13.112780
9.215008
3.094863
10.168310
1.955144
12.492575
11.873979
14.550095
8.100165
2.955484
10.952768
17.681721
12.719262
10.758147
12.720474
14.833694
13.218697
13.751987
16.155909
3.345108
20.803915
9.308103
1.113150
2.585757
16.959451
7.527710
4.777423
13.314390
17.056995
20.201135
16.816503
16.454520
10.727703
4.854770
16.233051
5.039774
3.701617
21.017398
0.835430
5.230321
8.528996
14.190810
14.225352
4.615867
7.036753
5.641504
11.905720
7.683833
18.032840
6.144917
20.502107
3.833580
5.744788
9.488623
11.293033
11.165684
12.263266
8.648185
13.256996
10.740047
4.699026
16.263559
7.267931
0.960253
5.553564
0.160883
8.285328
8.494960
14.012628
11.983402
12.305356
8.564667
3.680432
0.415384
13.151783
7.150364
14.568927
8.006622
11.953914
3.868323
25.332840
12.000829
12.940831
13.567709
7.543451
11.242366
13.200788
11.833009
9.880616
1.296311
1.220316
18.278826
14.028318
17.598240
13.199244
6.516540
13.850245
6.557415
0.398500
8.475565
17.564245
14.982394
18.573593
17.372930
1.478553
5.201142
6.516275
15.839935
9.702563
9.228165
3.351392
5.603804
15.156155
6.282836
7.285929
2.960444
2.809882
5.270308
7.417894
12.457112
5.648228
8.795885
14.892410
9.219214
5.524159
4.389538
12.566154
12.005662
16.267708
13.261946
2.308769
5.607203
17.168806
1.219855
12.365334
7.644585
12.441584
1.567388
17.389690
21.146151
7.637342
7.083916
4.353243
11.171319
6.573052
6.590954
4.922250
1.139602
8.981002
10.535610
11.549003
7.197087
3.349044
10.400685
9.493020
11.022484
20.079636
4.682613
7.876585
12.334758
12.195329
6.664910
9.944403
12.512041
17.710900
3.002999
8.843166
7.211900
5.618476
2.813678
7.104084
15.195873
7.107347
11.081245
7.241749
7.340793
6.312143
20.971671
2.400316
18.479194
15.237157
19.376462
9.352467
6.762467
10.127269
10.321988
10.561077
6.884732
10.882397
18.431978
11.219476
9.091830
9.504752
5.491434
20.538379
14.267101
1.555291
18.299099
7.942336
10.172390
9.898236
11.963504
11.829676
6.605941
8.695043
6.509378
12.576218
13.064742
6.046491
6.024801
18.573428
15.234621
5.034409
9.393328
15.238391
11.651086
1.818053
13.158829
4.832980
4.959068
16.342473
10.841160
8.774084
18.301074
3.768401
7.957004
11.336417
3.643823
12.922578
12.329526
2.663705
6.480824
17.976665
12.417112
13.828858
1.927562
14.950204
10.103637
10.785890
21.460488
7.075006
14.349209
5.232815
8.164114
7.974166
14.889044
21.536224
7.522048
16.972010
8.594313
4.974082
17.000153
7.018841
9.384313
12.595524
9.606367
18.107706
15.817371
12.225965
19.134647
1.563522
3.623366
7.769808
19.247291
15.803265
0.985761
2.253882
8.698339
12.917899
14.835026
14.053421
1.847782
4.079490
13.042836
19.755202
2.188980
9.718174
2.090698
10.300601
13.749405
4.194261
1.251059
12.492091
8.328793
2.809853
9.058120
12.624026
6.996811
2.494195
15.784390
9.078610
11.025541
14.317019
16.012851
9.245703
2.982537
5.925067
8.562058
0.805761
5.295115
7.874251
15.499205
5.448967
13.400586
10.208826
3.870438
6.669127
9.374566
20.069528
18.731641
14.562947
15.828111
0.789249
13.742502
4.711132
11.848415
23.092158
5.910267
5.799500
6.199658
6.154902
10.055470
17.049990
22.550083
11.788278
11.909551
2.830321
9.848466
10.435777
9.386327
17.266682
3.657769
7.846307
1.134602
2.110553
14.390787
7.768546
12.419794
10.445793
11.973590
9.178392
3.273313
13.600615
7.765694
12.711370
12.653930
10.075161
12.096096
6.737759
14.285058
0.049733
11.588666
9.343128
17.679401
15.525886
14.591231
7.237966
10.971579
12.136264
19.047697
2.748515
0.671046
7.352747
16.199057
4.813810
9.544399
17.808997
16.399854
5.941022
2.067229
17.547306
19.688073
4.279521
9.923596
5.575938
7.069581
10.409648
11.184901
0.926683
15.285946
10.451179
0.695168
5.235706
9.332197
11.287241
0.024301
13.183944
16.036514
12.940855
11.631522
5.843082
11.619063
15.332625
5.361624
15.768199
2.846375
12.415397
6.715201
12.031725
3.725238
7.085494
9.083619
14.829768
18.859849
9.733417
9.681772
14.236142
15.869454
16.595582
9.958048
20.856894
13.026668
7.406327
13.063184
17.012073
5.825859
10.676972
10.888487
5.514026
10.424965
4.983396
4.358974
19.863135
2.445572
14.037302
15.006896
7.694967
6.427346
14.858096
2.238383
10.691308
14.062736
17.593152
15.391579
4.362541
7.224322
6.698959
6.860099
7.130871
5.585601
12.723170
12.546593
4.056347
8.722823
2.430753
7.732386
6.988772
13.147473
2.126425
3.375070
11.659356
13.354580
22.576704
10.957772
4.475128
0.093319
8.203417
18.797740
12.863191
6.412536
7.535650
0.316673
5.872542
9.257420
12.758252
8.626672
8.999038
1.555728
16.581407
12.108546
8.043037
5.498365
14.991994
20.260584
1.166248
4.755874
15.311136
5.483544
9.762932
1.604870
7.646632
4.800083
0.774742
4.402367
7.002002
8.906612
4.053072
0.763553
8.776977
20.654226
10.260120
10.691919
3.064040
5.434017
3.765236
13.921939
8.724322
13.941181
10.783142
12.859520
21.893988
22.287086
16.757438
13.346015
13.413840
5.721992
6.119063
8.942645
1.600615
0.107499
10.942307
15.576697
14.981648
6.113375
16.874589
6.159140
7.421708
5.344432
5.755444
1.803690
1.688765
19.661731
12.504483
8.207491
17.660818
14.069952
9.467057
8.361578
24.201743
10.421188
8.518191
8.819806
16.017697
10.545880
8.050620
11.073017
12.632638
9.401895
2.129420
4.676335
18.619811
27.045487
10.673773
12.478403
3.823100
