0.139138
1.074678
0.938617
0.322773
0.121576
2.560466
0.215119
0.808270
1.488938
0.441894
0.050321
0.571454
0.008201
0.221840
0.153813
0.362859
0.110074
0.140455
0.064258
0.144283
0.049565
0.098738
0.072111
0.301683
0.893863
0.098828
0.038922
0.081281
1.174944
0.050524
0.077473
0.187017
0.090555
0.011771
0.074958
0.663092
0.338068
0.044821
0.134122
0.108684
0.011507
0.349344
0.145797
0.460303
0.296328
0.104982
0.104535
0.019583
0.407903
0.563857
0.274175
0.742582
0.031244
0.591255
0.069190
0.304287
0.853940
0.264270
0.438875
0.242822
0.970605
0.090425
0.125775
0.012257
0.010943
0.765915
0.812190
0.283724
0.087837
0.046214
1.648014
0.381037
0.779701
0.258230
0.506359
0.149286
0.081273
0.067867
0.010021
0.094284
0.068951
0.892262
0.042490
0.244542
1.290746
0.027191
0.108661
0.035168
0.106249
0.016950
0.500686
0.011098
0.063595
0.374317
1.778740
0.005561
0.724549
0.164606
0.847014
0.011318
0.491284
0.225791
0.063548
0.094489
1.388036
0.217050
0.294283
0.273968
0.060082
0.040743
0.057094
1.083766
0.231632
0.076735
0.102376
0.654515
0.111960
0.807718
0.031071
0.013400
0.353537
0.982640
0.091467
0.879392
0.100840
0.120277
0.275068
0.052545
0.907101
1.680364
0.961987
0.654594
0.130514
2.246467
0.913117
0.148007
0.086382
0.677144
0.072587
0.214487
0.031861
0.033964
0.080452
0.360283
0.063156
0.003547
0.584016
0.039284
0.002425
0.275767
0.052760
0.251344
0.180889
0.127759
0.138606
0.128305
0.430547
0.468304
0.517645
0.008009
1.413208
0.245269
0.282624
0.058685
0.976383
0.192338
0.006213
0.357724
0.538859
0.275469
0.085313
0.528211
0.429184
1.240977
0.575850
0.561649
0.012017
0.650299
0.282493
0.199059
0.003643
0.053344
0.319748
0.117507
0.988820
0.014321
0.131311
0.044489
0.397271
0.028721
0.202749
0.677958
0.699310
0.091365
0.068086
0.133910
0.097707
0.260545
1.213144
0.333133
0.639849
0.224973
0.098612
0.187184
1.410298
1.368683
0.112621
0.745634
0.066920
0.073364
0.580195
0.027240
1.023455
0.089334
1.699591
0.294573
0.094674
0.120001
0.194958
0.093623
0.836808
0.015199
0.149389
0.144703
0.482673
1.157264
1.576083
0.900781
0.772475
0.539308
0.598538
0.038844
0.025660
0.018133
0.208851
0.291137
0.036991
0.111140
0.229854
0.689387
1.073757
0.012863
0.161088
0.378246
0.331245
0.487159
0.346156
0.354683
0.524740
0.072966
0.267120
3.018066
0.574645
0.149529
0.006864
0.124640
0.434597
0.209755
0.205869
0.062197
1.163603
0.097514
0.789478
0.137476
0.176514
0.101940
0.305006
0.074450
0.548543
0.105747
0.064957
0.094015
0.260569
0.316893
0.186537
0.046432
0.005676
0.258188
0.020992
0.483279
0.128918
0.252239
0.188655
0.011741
0.035502
0.967488
0.314428
0.288926
0.210324
0.032841
0.549194
0.330321
0.597006
0.406482
0.285833
0.441224
0.082656
0.188150
0.117497
0.154480
0.270204
0.336322
1.854126
0.029860
0.360814
0.582052
0.087884
0.456686
0.076281
0.377877
1.633892
1.499936
0.087605
0.061282
0.165181
0.197227
0.023385
1.295601
0.371608
0.128026
1.108215
0.232546
0.556635
0.235717
0.325754
0.264026
0.132440
0.035145
0.043246
0.295955
0.641098
0.111122
0.305926
0.065357
0.065251
0.002686
0.131982
0.002033
0.211696
1.087285
0.737129
0.067765
0.000572
0.658931
0.860908
0.545622
0.116828
0.005542
0.077123
0.044644
0.667655
0.107683
2.106636
0.336982
0.584359
0.567298
0.128734
0.323824
0.123181
0.474699
0.244200
0.644705
0.139289
0.375507
0.031830
0.744083
0.113513
0.146030
0.608595
0.539607
0.112053
0.110598
0.151804
0.152702
0.293119
0.002432
0.136486
0.028030
0.009703
0.343361
0.528108
0.421165
0.413643
0.284055
0.687498
0.101158
0.052531
0.139362
0.361689
0.058299
0.259483
0.387147
0.064220
0.006775
1.495987
0.086129
0.172527
0.179307
0.029856
1.406237
0.210387
0.489004
0.525626
0.032328
0.086197
0.394618
0.197580
1.073501
0.396397
0.017157
0.153470
0.450079
0.062009
0.384244
0.293677
0.222053
0.699647
0.033046
2.457643
0.005364
0.138454
0.153244
0.265240
0.676335
0.400862
1.000808
0.013236
0.532078
0.071651
0.733909
0.069527
0.149405
0.187907
1.898803
0.190094
0.548859
0.084736
0.964029
0.572885
0.366531
0.124340
0.029129
0.126920
0.237353
0.174702
0.853579
0.924490
0.843924
0.250825
0.040017
0.110825
0.016726
0.008614
0.052949
0.263111
0.723797
0.358748
0.478467
0.185489
0.016608
0.083816
0.178155
0.762288
0.191176
0.193229
0.013126
0.498800
0.109627
0.018977
0.324172
0.445667
2.349708
0.387927
0.029745
0.119794
0.167680
0.012733
0.352326
0.531024
0.022206
0.001707
0.079561
0.311280
0.020662
0.642570
0.177741
0.041758
0.524908
0.084932
0.236263
0.800980
0.032025
0.024863
0.015240
0.052008
0.030621
0.057535
0.118839
0.231220
0.713979
0.422406
0.105639
0.028061
0.032457
0.664014
0.145553
0.651788
0.234096
0.349886
0.126830
0.598670
1.224930
0.444720
0.021964
0.178127
0.982617
0.200706
0.726752
0.077969
0.145843
1.324922
0.458033
0.271268
0.485407
0.007022
0.363909
0.964042
0.186631
0.130564
0.641166
0.129137
1.687658
0.611717
0.061171
0.199409
0.235359
0.168891
0.098867
0.226103
0.207460
0.009284
0.592555
0.039846
1.226010
0.061406
0.144325
0.260317
0.424535
0.298968
0.070183
0.157487
0.180176
0.592364
0.105564
0.085981
0.175472
0.400159
0.095822
0.487034
0.058770
0.046027
0.020840
0.381958
0.761663
0.129068
1.009895
0.350238
0.227319
0.574058
1.144345
1.281264
0.019056
0.405907
0.164496
0.147254
0.546528
0.093813
0.001514
0.440177
0.002046
0.561397
0.054812
0.223271
0.259937
0.261849
0.033279
0.169834
0.349464
0.015837
1.011606
0.182259
0.240809
0.108194
0.197306
0.245634
0.142299
0.539902
0.508933
0.022395
0.690477
0.265478
0.226230
0.037284
0.058532
0.194006
0.295534
0.105611
0.609455
0.007238
0.132311
0.120812
0.209807
0.077971
0.042250
0.232946
0.095780
0.144205
1.312629
0.640747
0.313653
0.083606
0.286995
0.074118
0.149203
1.867205
0.017464
0.802509
0.554315
0.631257
0.305560
0.144197
0.028049
0.548548
0.939462
0.036902
0.657812
0.293071
0.715527
1.245259
0.267435
0.516650
0.568413
0.004372
0.043140
0.294616
0.098366
1.093261
0.163141
0.199667
0.766428
0.017266
0.233710
0.838646
0.155490
0.334215
0.386897
0.041821
0.038500
0.031228
0.545474
0.057422
0.887912
0.098304
0.220376
0.140434
0.920871
0.124878
0.271575
2.267767
0.984022
0.788751
0.165642
0.514045
0.128524
0.267218
0.324818
0.017459
0.808132
0.268525
0.750761
0.742439
0.013091
0.026851
0.126046
0.026627
0.669808
0.038162
0.004941
0.132453
0.031775
1.312607
0.513092
1.278732
1.776967
0.530267
0.036957
0.024302
0.133132
0.010590
0.222608
0.439049
0.764906
0.310815
0.204834
0.294338
1.390339
0.514840
0.435348
0.046583
0.014418
0.044679
0.283489
0.164360
0.749114
0.039557
0.222868
0.124656
0.125394
0.259569
0.887265
0.036828
0.337270
0.905669
0.001531
0.045482
0.021719
1.064053
0.269086
0.405880
1.466474
0.927824
0.233941
0.016269
0.980195
0.091564
0.008779
0.115762
0.625427
0.136525
1.901464
0.114129
0.045947
0.044958
0.248664
0.040980
0.084031
1.538734
0.405777
0.486333
0.468565
0.487369
0.806555
0.117325
0.038358
1.696709
0.485856
0.838092
0.414423
0.190565
0.007098
1.029273
0.003071
0.422732
0.039502
0.151282
0.489441
0.016145
0.061277
0.215902
0.596456
0.016259
0.003949
0.091588
0.086728
0.107440
0.038915
0.015022
0.006169
0.054739
0.137788
0.224675
1.006978
0.034354
0.176674
0.392776
0.077011
0.551893
0.065084
1.358628
0.231470
0.061786
0.256636
0.036355
0.248186
0.171982
0.001897
0.074770
0.405253
0.947656
0.066650
1.279066
0.526130
0.740699
0.069570
0.105875
0.282699
1.526370
0.081164
0.054907
0.426674
0.601608
0.099447
0.218049
0.479870
0.558015
0.409218
0.128377
0.798417
0.039446
0.022278
0.089243
0.445872
0.033724
0.176305
0.255082
0.015742
0.115820
0.146102
1.316061
0.616500
1.180939
0.162894
0.030779
0.044481
0.319320
0.403694
0.014215
0.676048
0.643490
0.510322
0.037458
0.108431
0.049472
0.348604
0.387096
0.359486
0.469740
0.045701
1.138584
1.011324
0.022726
0.103752
0.158317
0.032223
0.013809
0.415271
0.902556
0.192189
0.298172
1.967313
0.015798
0.004259
0.603632
0.025578
1.112503
0.154386
0.071706
0.161743
0.041403
0.687900
0.619738
0.340149
0.177482
0.271843
0.518240
0.078116
0.272634
0.482826
0.201370
0.340675
0.083649
0.567421
0.492396
0.473976
0.104800
0.164590
0.844413
0.035994
0.401950
1.039039
0.452555
0.143351
0.605579
0.277707
0.169871
0.768635
0.007657
0.878809
0.062392
0.166894
0.178636
0.029190
0.493547
0.188017
0.025486
0.105124
0.270017
0.203256
0.017406
0.189644
0.785447
0.533532
0.144529
0.494439
0.015905
0.096402
1.324500
0.744306
0.197584
0.580114
1.688260
0.374228
0.161103
0.690488
0.002485
0.353898
0.157231
0.000484
0.034390
1.215924
0.010985
