58.305324
62.399301
58.952021
56.350545
62.319757
51.322401
65.964289
59.438653
41.424040
77.751027
31.800876
66.931725
79.254931
47.046968
37.645370
57.247239
25.368561
62.736034
67.385075
59.260661
66.135418
41.239472
73.396410
67.146303
48.367182
56.782030
58.580182
74.557426
48.639575
71.032872
68.948676
45.620598
71.043250
39.116933
68.537939
65.727219
69.001780
49.961111
73.456422
65.124192
55.703441
40.249313
40.838700
66.800777
47.729132
41.099442
62.737119
58.724668
46.917128
63.597545
48.410067
34.925248
39.097749
52.247553
63.197336
77.228477
49.824479
75.323346
70.249141
51.614758
50.606371
56.326342
57.027325
53.668886
67.831529
55.500837
45.360295
62.243583
36.894759
64.076764
52.583368
36.479129
49.306767
59.857130
43.297235
36.035756
60.486538
68.273975
16.829513
57.062113
64.599023
21.326395
43.099723
45.736387
68.310372
71.389173
62.781171
50.600788
44.145780
41.228970
56.856369
53.888566
73.896374
57.574650
83.631717
61.490224
58.851183
68.755733
51.081400
75.515678
38.781819
38.917792
44.247903
51.264473
50.495779
54.052845
70.909495
62.478745
67.235886
55.137823
39.919650
63.752282
50.990333
72.276661
53.389862
55.948794
48.330738
40.298698
45.746140
64.364006
48.691410
55.802540
48.880433
41.463287
58.994830
33.951564
55.921548
73.328218
53.754610
39.094553
64.076868
53.729846
35.932486
45.573650
63.929458
51.827229
60.987191
69.013114
43.430415
79.647619
23.427214
58.394479
45.673663
57.171161
57.784424
51.605394
72.490904
50.682102
48.842863
55.609355
52.072414
66.028072
47.960309
67.618222
77.452760
20.100034
53.434646
47.539479
62.517920
66.006164
44.540925
49.943506
68.234618
60.810662
75.108801
85.047917
48.620700
42.144095
34.916364
61.656050
55.779843
47.690355
42.514068
71.100287
65.531719
44.807839
56.600109
65.114570
55.889161
42.286709
78.474913
54.535760
44.781909
41.170793
57.725293
68.215226
40.102195
64.427422
63.253881
70.919306
95.435076
49.208224
60.748773
65.997175
79.724183
64.998381
77.677540
57.066109
70.767040
47.979042
62.435853
42.617414
73.338683
50.546384
42.030436
49.313956
46.829147
43.110251
50.960459
54.313220
54.085883
67.390428
66.717173
38.029898
43.912411
67.621154
54.551912
45.868277
35.699571
54.418949
30.781043
73.230847
62.506163
53.951542
54.434199
55.905202
65.048069
62.443142
64.105854
45.303972
74.086730
48.104347
46.902259
43.382119
44.113444
25.610538
54.942098
59.028244
52.898185
48.161809
57.185130
47.774063
41.775372
34.810106
35.520366
41.250093
75.804801
54.362584
39.341128
37.616519
61.610163
57.256457
62.474689
25.669976
47.122832
55.726279
51.924217
65.777492
63.074191
44.599472
66.987154
37.528669
39.776201
63.853829
46.209902
57.717205
40.228879
67.792792
38.531430
58.871990
46.160111
65.330010
54.060368
55.574659
59.551330
57.836802
55.387563
62.631064
43.896089
63.120742
50.698945
47.838782
61.566515
68.932969
36.933238
60.237149
69.276460
64.736060
50.713876
43.246302
29.419317
69.317698
54.259852
78.012738
67.186534
42.965449
48.226708
75.754499
41.235342
54.480697
64.386573
60.469741
65.597975
32.570185
84.918514
36.944718
52.282653
70.866624
64.903586
58.909460
49.872119
69.903833
62.873556
28.104024
43.274864
55.320693
66.501546
28.593556
84.948749
66.809572
45.297392
47.218286
62.476924
56.432994
51.684181
70.594660
54.435160
69.094151
48.561688
50.184998
57.096896
52.500709
37.509678
41.160674
63.248389
32.444051
31.289640
64.742046
70.912340
46.952824
62.531535
59.121147
45.063375
37.388663
30.602636
76.975811
68.458591
55.193910
67.794763
27.849162
44.565262
34.667829
45.929847
47.630480
30.491497
32.649837
65.449623
65.517251
62.369894
37.559164
46.667109
64.793637
53.713382
74.090046
41.757337
72.639220
56.581919
72.431975
57.885431
60.865837
84.541699
49.989001
62.703037
27.528893
61.700368
74.877902
64.534177
41.100439
41.700266
68.753356
35.680856
73.347973
52.957729
64.008781
52.928718
36.509468
55.244350
51.227175
65.252461
46.383686
79.392230
35.521040
44.605229
59.768313
52.089150
74.838654
65.953471
51.793879
45.930642
68.983734
65.164439
51.224007
41.105354
60.328874
43.961744
51.533787
65.476892
69.165929
68.483441
66.077186
26.755272
25.869526
50.461719
80.381269
56.260395
42.109399
79.561718
35.369151
46.202707
41.900825
76.616660
62.284033
61.283487
46.456167
27.075772
65.030055
49.430216
49.591622
31.009902
55.994536
51.891549
61.781644
75.396143
69.195410
56.300758
45.815533
70.059584
66.411997
61.458368
78.108622
33.656171
52.605156
35.205065
66.208761
46.094447
44.060478
72.857177
68.770183
35.387538
40.015548
56.871757
57.723037
44.939961
52.119961
37.216432
67.369821
53.759982
53.027355
75.413554
50.539688
46.741343
67.524414
58.871141
41.592348
60.623361
77.393795
54.360554
75.063795
60.059027
59.609285
78.529229
52.835136
60.957382
52.558509
71.485686
56.473805
45.846828
49.160394
63.415493
72.644614
75.785467
39.401111
37.358068
46.303450
64.734344
63.394848
67.667935
50.313807
51.519709
45.363595
40.930148
55.022807
62.589338
61.505438
52.476882
60.032428
59.118122
62.833406
46.678914
47.415869
71.776664
73.928807
60.324158
72.929299
35.079620
40.059453
45.405155
38.815802
44.153301
76.137828
58.515540
27.108991
36.626989
65.034914
34.466206
39.035807
53.718059
52.550886
51.364106
61.848142
45.315989
71.438747
67.952367
50.281725
45.522494
65.884954
61.473735
53.709505
58.658789
37.010822
57.287353
54.082557
66.111422
67.993966
61.650804
37.447426
67.173327
51.694899
74.182431
74.777590
63.524285
62.016801
41.924057
77.500270
67.047167
38.141663
37.236575
69.885551
64.610502
70.261877
28.087939
33.876681
42.107776
51.902080
61.646519
71.457389
77.526990
63.008629
73.990781
66.823243
47.914816
59.740223
68.117840
56.025666
67.428918
64.197452
47.146546
33.118173
55.757959
70.401929
37.247304
35.802756
61.461703
74.215827
44.322493
45.999392
78.182944
35.705394
54.750781
64.980407
69.430541
61.308313
56.473416
58.359100
52.653933
58.109353
70.864693
60.914753
34.167189
67.495456
63.572999
54.867365
52.338812
43.432102
56.469872
66.513458
51.796983
79.862913
45.784827
60.548075
56.118850
65.075250
48.998866
41.705879
55.300167
67.123568
57.713853
48.843401
57.589594
61.202431
55.016255
66.445224
63.058912
61.636197
57.730991
41.443779
65.178450
59.034829
45.032498
72.145854
47.094015
29.413034
69.948538
82.102929
66.184783
63.170129
52.339106
46.130944
62.215032
26.267026
49.063934
47.186759
60.499880
39.793915
35.926872
46.637674
63.442653
30.569469
60.556671
73.771092
52.169049
68.433873
54.869473
69.556742
62.945157
63.822022
40.980681
53.750025
34.758367
89.746161
51.365081
45.392622
79.987418
54.499931
59.475814
57.300896
75.181348
39.265591
73.306192
51.568540
36.276168
58.018118
49.783365
48.987926
66.516088
70.978749
46.633064
52.939069
38.475832
61.343337
60.870873
48.408210
75.629343
66.886425
52.766402
58.153575
34.083913
41.946227
38.189761
51.898292
64.788093
51.578607
62.172021
40.992734
68.546208
47.332761
36.417890
50.079503
76.896786
33.346207
54.749226
72.819296
64.939182
36.558198
66.492383
72.106003
55.426901
36.084308
27.490173
46.529100
57.382297
56.683215
45.391395
48.325571
38.368467
60.066387
52.988946
62.110245
40.815296
61.745477
55.060268
41.738295
50.659621
47.520774
66.498391
43.768697
46.250082
40.797644
42.010877
44.380019
63.144248
80.841988
45.828287
82.876851
46.431154
73.459360
63.334822
84.941920
74.398166
45.900891
69.724662
66.418769
45.794998
44.576467
62.189504
36.191464
40.644917
47.320304
69.204685
48.107160
41.985060
52.751935
54.513394
67.905409
50.783015
64.004431
30.142181
57.309911
71.838829
52.794584
56.991477
57.580514
70.696901
53.887784
53.386219
36.068355
64.282236
59.810879
44.177978
56.508551
56.779870
71.653909
46.753846
61.385395
45.393528
68.825525
52.381548
65.895721
51.450998
83.096993
54.656314
63.325634
41.951078
56.081629
61.662589
52.561075
43.334380
48.572539
51.470999
83.153646
64.834079
52.017096
63.103860
78.091098
59.774114
64.429610
57.852457
45.327765
60.651667
78.750186
71.723458
64.391891
62.902725
87.883160
46.877810
48.557260
52.529891
69.433319
45.674118
48.315792
47.954136
50.254000
51.853274
74.962098
37.713745
50.418289
40.726412
48.730183
61.432375
70.375364
48.988243
62.762681
23.963519
46.653218
37.586355
37.187361
43.926270
58.518204
53.743480
32.765981
50.281562
44.715084
73.529498
47.188045
39.061874
66.110388
46.620363
69.682004
36.016410
30.422499
70.329392
67.956218
68.068015
54.078853
39.971536
52.809339
26.229648
77.254446
24.832292
68.544473
71.060110
70.103462
44.888746
41.705441
42.039598
44.419703
74.039496
33.380372
35.604794
57.299650
45.761327
59.629617
62.906193
37.803123
48.311647
63.707367
50.211040
42.655535
44.669686
58.894691
58.077464
47.771479
61.798168
37.542918
63.466556
52.245527
64.920072
36.706756
69.031831
60.287226
45.153523
32.734826
84.359496
75.464924
34.705088
48.244336
70.975549
46.235415
48.299245
76.614423
43.165422
50.834897
64.518269
67.179469
57.124985
59.535332
42.970131
50.677817
74.104874
55.583026
57.991682
59.495881
28.326903
36.225553
58.994505
47.892722
41.569884
58.641661
64.666596
63.232312
65.461666
36.018644
47.691920
60.975187
34.602253
74.200551
47.435255
63.014137
42.304295
52.720342
68.605294
63.382584
47.708817
51.439137
55.223016
54.095962
67.562540
59.353354
54.916420
59.231269
50.880939
68.532983
58.577501
83.428670
49.465825
40.867914
41.147175
51.024463
58.112772
62.312001
75.397570
75.885371
55.085027
64.618456
73.969231
55.364810
69.017575
74.239943
68.236316
53.254691
37.645390
64.871166
64.885092
61.652491
54.383471
59.820596
64.943187
36.752800
50.406063
75.148041
50.128011
57.248218
82.793953
59.331089
67.426572
45.042947
54.677406
42.552954
43.117968
50.341638
55.890538
42.149850
34.448829
81.829758
64.328210
56.353513
63.838489
60.476673
54.246116
71.729926
56.624811
69.043559
51.547480
69.679544
39.126114
79.217621
62.699213
64.455541
57.361098
29.056423
40.019485
44.440924
65.689417
66.639004
64.094929
54.813595
37.246440
75.831923
43.818896
62.586345
57.536965
43.165481
38.926437
60.407025
65.583227
66.185392
67.994657
57.693631
57.004573
49.427870
48.645986
81.782865
31.632172
39.986824
51.600433
52.892477
59.475749
50.448378
74.828845
76.320871
54.571830
52.724529
58.003235
52.179387
60.984432
68.706623
37.987069
35.044410
51.877676
61.286950
40.005241
50.264361
27.823466
26.355743
63.480006
47.108129
60.838883
53.165662
59.255706
60.676957
76.336801
46.483907
33.428621
73.852426
44.279264
38.791756
47.953303
29.071917
63.244618
49.362729
70.465984
64.880574
28.430128
25.724398
60.051910
84.202773
50.531520
73.364186
31.106249
59.352620
30.139045
49.696226
58.208251
51.721045
65.189215
45.391231
63.637697
42.917977
69.930980
72.064907
57.511752
32.599148
56.349393
81.013278
37.512275
53.307198
42.182220
58.554755
70.051099
56.729151
39.765418
84.503130
60.592019
68.850141
57.578442
84.443104
58.686304
39.674154
40.818294
68.719118
57.753368
48.724529
28.190110
49.805599
48.906034
56.434845
44.356860
46.481967
40.506491
67.599702
66.162246
19.310161
55.021485
56.566026
65.919929
36.398188
64.062126
44.901906
32.496034
74.516265
86.568751
64.070034
63.898734
39.588114
73.924985
48.699894
38.037382
37.523556
44.779254
78.410627
64.012687
31.540836
50.512005
56.400027
39.673849
47.636459
56.512658
37.547597
57.820905
73.997841
70.672704
66.230016
77.882622
43.035196
64.042969
68.769525
84.586548
70.316856
46.754176
40.488854
78.408633
74.185206
44.999158
63.574626
59.835353
36.875095
65.226066
81.449153
55.562577
67.661661
66.647337
63.678268
53.747095
58.915200
37.269512
53.479022
76.630261
53.487186
32.970076
45.248707
50.566339
42.344907
54.793602
27.090249
74.837076
47.943443
48.350844
60.887038
70.203032
59.212817
53.887504
54.270809
56.401567
57.182762
34.727974
45.985519
48.726379
53.252936
35.639241
44.833799
41.031036
78.612717
32.181913
67.408984
62.686742
68.610038
63.749489
62.219471
44.866879
79.522048
55.843172
30.530202
46.209374
57.888445
30.128168
35.182087
64.584284
58.560131
46.796905
60.087464
30.750660
58.914835
57.437571
61.350863
59.222938
12.654022
39.936968
47.275021
52.226433
48.235123
36.658339
47.895621
37.147063
44.318050
64.301020
54.462711
40.514312
51.151877
80.172788
67.681864
55.255477
55.124357
64.004206
46.434265
69.734849
42.061378
32.597050
54.879307
54.095593
58.899655
41.116535
48.087816
46.031336
43.442837
38.094287
50.455046
51.637939
27.134354
64.173074
61.946673
42.123520
61.356785
75.306432
49.660048
44.830303
72.414156
72.315828
38.945170
43.860259
63.766763
57.749554
54.147738
53.013981
69.043140
38.039526
63.937602
39.733843
76.599485
61.122499
63.292030
69.146129
69.182099
80.372035
64.334528
61.898463
70.076910
63.410896
66.954322
49.633049
54.446696
51.975804
44.860305
39.905614
75.902289
51.268830
38.851698
30.855346
59.081069
55.091656
58.867823
53.152979
43.397223
63.834351
59.576194
78.857666
72.508929
73.623453
56.416419
46.579686
42.748963
53.732174
36.265134
45.998305
73.731670
34.026292
68.771559
55.591164
49.579866
43.619236
49.108923
64.452279
68.570901
31.808795
42.679726
77.649029
39.179487
39.106517
50.926158
68.248714
77.126859
27.984591
53.687033
48.272605
70.964967
70.498162
46.547229
72.505346
40.394131
48.600174
62.336896
56.020973
70.824177
43.182621
70.800929
62.832793
29.137875
54.263615
40.216730
36.902449
62.968472
57.697006
90.075762
47.222484
60.321023
52.166148
78.083340
63.036215
46.615330
84.728595
54.598003
50.781183
59.843443
62.447333
51.489224
46.605084
51.177842
52.017641
50.140316
38.095059
44.578054
45.400297
39.726146
61.773217
41.441319
49.679295
70.440365
52.479631
41.467509
31.535403
62.972444
77.129719
53.420303
39.966403
59.520093
51.771768
42.016833
57.132290
20.644337
60.123482
49.885233
74.078456
42.027276
47.918236
60.384357
60.979931
68.975250
44.681711
64.549672
52.044703
47.957775
44.170234
56.568003
70.664254
52.762225
48.472394
47.803442
67.485612
63.494501
77.135102
32.490950
42.763400
31.777596
68.521090
38.802268
58.699001
58.134039
55.706656
62.678489
63.316571
52.825976
64.116356
73.122548
66.341991
47.088365
50.715735
44.242808
40.422330
32.936206
60.763362
53.826389
58.174310
53.232824
48.450636
60.964700
57.831915
79.670871
40.426443
60.543789
66.343943
45.948711
58.313586
52.560216
70.702215
31.120986
60.215635
40.123796
58.048933
59.343901
37.471815
35.041821
43.852885
70.826084
58.615651
36.955470
46.757042
50.732030
72.262426
53.031890
63.799703
74.345604
24.849413
46.239863
51.564059
44.649490
72.085887
51.678720
52.334304
67.380454
54.058706
73.127173
77.129993
44.166494
66.314156
49.496867
51.151718
48.609902
59.311786
41.663839
55.637244
56.038797
45.112597
54.328761
64.351537
80.196856
57.234269
41.539843
69.768621
64.082427
56.975014
47.865320
68.437141
60.964559
56.796023
47.418444
52.731207
54.282098
60.899870
38.629050
50.536509
