35.239211
27.398441
34.972142
18.543038
15.984922
33.731580
12.554637
30.812902
24.338766
18.600789
38.335577
34.755293
26.738122
34.922784
33.141347
23.664016
16.125925
18.230658
32.806107
33.148641
22.504154
30.696081
19.852506
23.643441
33.454220
37.491397
32.669356
25.274363
27.496161
25.060454
26.197529
28.494205
27.900989
36.460008
41.905478
26.047507
35.316183
32.446251
32.034596
46.049434
32.605365
41.794380
35.109221
20.265526
27.140571
27.061508
33.440462
31.731301
31.215628
27.086162
23.083139
30.876471
26.909881
29.846660
20.157320
20.261104
26.494668
23.169314
31.886801
36.031039
26.232696
36.068773
30.955653
22.642461
33.176446
23.110384
23.455657
31.807118
31.751532
14.956321
27.427861
28.550078
29.399220
33.732157
35.299376
33.768431
28.684734
31.769781
27.376777
32.158600
27.443871
30.726177
33.766597
27.086035
30.591628
36.521893
30.594638
25.654971
29.926280
21.885072
21.709535
16.618499
35.224843
10.429681
33.827427
28.982163
36.228075
20.858280
28.222257
29.317501
25.525034
33.484257
42.182458
22.324351
32.547554
35.032465
28.667744
32.559546
20.751158
27.540695
28.632099
20.240110
26.565358
40.707875
44.425313
43.846915
33.629134
38.123544
28.415173
30.470962
29.045904
28.018362
11.019567
23.471165
26.098778
40.272888
30.710363
24.719486
35.432730
36.456074
28.324127
25.932157
35.779847
32.857177
35.703762
21.611594
20.769110
36.615114
34.942217
39.762906
20.328375
38.255444
37.029352
16.519935
20.673047
45.299691
24.692033
24.397692
24.760989
25.367932
45.516881
31.678052
34.867652
32.778921
18.107041
21.894553
38.733878
13.557577
25.756748
36.408369
28.806782
34.633345
20.168213
31.555040
33.844022
31.700121
26.900460
32.412028
20.881045
19.775955
26.355261
23.181777
32.614064
34.579857
33.270905
38.777743
24.241389
29.194741
40.997345
24.107555
24.779190
24.014851
25.489038
27.727912
29.320876
38.813285
23.199930
33.414279
26.318579
46.583656
10.701188
38.552874
34.885711
13.000147
24.114226
40.111077
23.322028
38.062375
17.014246
33.053740
23.639646
28.680503
22.825408
39.340165
46.058137
35.540280
32.834453
33.920522
21.773462
35.867306
31.860160
24.315772
19.789217
39.300793
28.758566
34.836155
23.076673
41.124067
25.401445
23.291516
26.966621
32.030324
18.704786
34.239382
31.350970
23.362791
28.512398
27.598994
23.930689
31.568477
27.367589
23.228009
27.833232
23.459401
20.598801
42.716564
29.785341
23.904845
31.904944
35.590495
33.443602
21.940949
38.868442
22.419702
37.278285
19.882500
33.857193
24.452458
33.352422
16.131845
13.470721
28.076282
25.387507
38.055064
29.629380
29.813917
26.590234
39.743304
46.016403
17.322509
22.996380
36.531041
34.098843
35.375408
22.505069
30.701192
25.880277
35.693612
24.181970
21.806871
31.219654
18.975337
21.104272
33.500135
36.749350
14.469778
23.874586
29.164495
34.825745
26.141876
25.964008
21.025958
29.049163
31.373561
32.083998
28.311919
19.955366
28.951565
39.709704
39.200241
20.972398
27.853326
36.258516
28.183637
20.284438
38.887118
17.450628
26.678599
37.573403
27.967734
24.059106
37.124456
29.281332
33.844285
29.547049
36.677622
34.020682
40.786854
28.911891
20.464167
24.716460
38.063818
28.537190
32.702006
32.947499
45.410075
32.259182
27.656481
37.089276
34.801941
22.096489
41.309098
26.191387
28.646836
24.275322
22.057490
36.478905
29.071615
33.905450
19.431467
24.054128
34.172344
42.648404
20.754733
32.648117
25.243358
37.371266
20.054720
27.059432
22.378041
33.389623
31.540912
18.713010
21.566755
27.580072
51.103358
34.671362
40.070370
30.766091
37.903966
25.088546
31.097254
31.104709
33.226060
30.907648
29.231715
22.625733
17.565965
29.017960
26.193543
30.258058
32.731492
21.590505
21.226779
24.326916
39.847855
25.773084
25.962889
33.398720
28.971883
41.720849
34.829320
45.271704
22.119288
29.380354
33.722772
21.382887
35.771043
21.918203
31.052016
33.167358
30.048205
32.572637
33.528782
28.282645
37.953438
34.126372
22.013902
27.748583
19.268527
20.069668
33.848618
24.180370
33.224565
26.605490
26.599046
37.781635
26.632699
27.007788
26.673881
27.555753
15.322589
40.424349
29.234758
37.180653
27.613329
34.334022
35.235784
33.583250
29.593133
38.691330
31.019272
36.753505
26.878280
30.835320
28.239597
31.985230
34.030446
47.132984
22.839717
28.711898
34.607875
36.534048
27.204166
27.422302
33.913728
26.761413
29.780983
16.490481
37.853907
19.317374
13.917205
12.158216
32.824549
29.343167
28.381814
22.435653
31.912782
28.039308
36.549993
20.686450
38.957031
13.069132
23.958560
25.126863
24.754193
40.465865
20.366225
26.529694
31.094266
31.283230
20.853624
23.534421
17.721565
35.001280
23.655801
39.810765
33.250257
28.462320
24.228037
27.161492
32.116337
36.983201
28.968261
20.498454
21.993423
37.693467
26.047614
35.609181
29.860960
28.768449
43.585194
28.417246
35.777847
41.730536
31.993829
33.869697
17.550379
24.062819
39.827718
23.239175
33.180722
35.391885
17.500664
27.889762
42.870430
36.153254
27.514436
19.916899
37.252571
30.900544
21.570963
29.277157
27.005139
31.136679
18.317814
38.903290
24.175894
23.203245
36.249848
34.911544
30.500256
30.706926
24.810271
31.403101
33.160079
15.074602
43.577341
17.361575
34.669353
26.454581
37.245676
38.778966
36.270756
35.043897
29.587568
39.793069
22.763429
27.836054
36.935018
26.911637
42.606722
37.891233
41.728881
19.201706
24.983642
32.403183
33.944053
28.390448
24.321381
20.212400
41.185858
26.527298
26.303672
29.259897
37.231622
31.346019
33.304379
20.515175
20.454142
33.218125
19.666577
36.303126
24.830425
36.890861
24.641626
26.105517
29.476990
36.570442
27.158537
11.231183
17.412900
17.988158
38.528400
28.611898
24.450259
45.334942
23.632549
26.496788
33.926577
37.346203
24.901498
25.966716
33.165581
28.429512
38.460790
45.936651
31.231217
34.774559
31.790660
24.774421
20.760553
30.751954
27.257155
29.114760
40.114969
32.880000
34.957204
29.676629
33.602765
26.050726
28.356334
32.482104
33.643317
21.070206
38.571773
36.274449
19.736708
34.479786
24.217824
44.235450
27.007265
35.556658
22.800176
29.567767
31.936616
37.083625
34.589187
31.173233
41.483268
34.993915
37.018604
26.725852
29.020173
29.597516
39.021659
31.693243
39.039912
29.129648
34.142238
24.854400
32.124947
25.497846
31.957353
25.628766
44.738424
27.782711
32.002376
35.394536
37.059938
14.293101
34.077658
31.475368
29.743476
32.671547
19.298279
27.770206
23.607295
23.400488
29.014576
24.943791
33.062183
39.424565
28.068165
22.702244
22.312137
27.857882
33.329391
16.573163
17.603928
35.160297
33.371953
35.777148
28.901601
22.540017
41.141148
23.273928
25.520783
27.977521
34.164136
30.353450
26.532420
25.114460
33.952175
29.580844
24.774488
18.854896
21.921384
20.155511
32.668520
30.549714
27.949624
37.058560
28.360959
27.772923
19.113700
37.818994
34.060026
35.842242
34.479333
37.255213
36.059149
31.958244
27.958538
34.199368
35.597159
31.632508
29.791075
29.562679
21.646536
34.761004
30.204828
34.807679
25.313655
36.373727
30.518917
28.423870
42.247720
37.556662
27.341609
38.092506
32.547582
24.056685
26.347920
32.113373
30.858626
28.099798
37.943658
37.490846
38.671625
7.137735
24.125010
36.306828
19.461507
40.895740
35.504240
35.518604
18.506878
32.512033
37.276127
37.128093
18.506359
13.352360
51.678611
26.659961
24.605457
19.087465
23.550795
39.033792
36.005701
40.199196
31.536118
32.138590
36.672545
41.619730
25.340060
37.329001
25.665447
40.739810
31.771665
37.374160
23.584372
37.248430
24.647176
26.487742
37.073532
32.955763
29.079513
40.467948
28.185538
27.416722
29.904532
38.602441
31.184418
36.408795
35.927331
21.978241
27.472983
27.806175
32.354396
21.702152
29.761791
31.539129
23.608323
30.482676
30.185586
16.963040
44.897224
23.196869
24.536954
32.193575
31.638103
33.004948
29.320889
26.708120
32.808256
29.842646
34.646267
18.035244
33.990216
17.284368
37.429538
25.480457
39.526244
34.732593
32.221333
44.884299
21.809018
30.447594
22.557133
26.607760
19.686827
17.948680
28.486366
32.529509
18.407662
33.004831
26.334530
28.965531
22.444227
40.645384
16.815711
30.313816
31.353662
33.768691
39.902560
38.533676
28.766121
32.063571
16.140917
22.899861
30.972387
21.667119
32.874288
19.057954
32.353753
39.795101
11.648480
35.507770
21.763143
30.882300
31.006347
41.100380
23.977855
33.392021
34.277387
29.377325
37.345816
46.507876
18.456899
21.417841
36.825236
39.946574
21.115162
38.699703
27.076647
28.494341
26.793697
26.113471
23.988846
28.045601
29.661957
32.471058
25.162284
34.874075
23.647543
27.798258
25.645220
22.870384
34.400381
29.631173
27.059475
29.758764
21.633266
23.671268
31.336866
32.048722
37.572939
32.986671
25.581798
28.449435
33.938994
19.942144
39.564175
31.275799
29.184251
37.644533
29.893558
23.458186
36.858044
31.561756
28.310498
34.494177
26.386205
14.496412
36.363674
35.768591
25.535905
21.588002
19.385094
32.532199
25.857653
30.433837
22.469252
34.120533
24.582308
38.835117
24.918052
34.296835
38.973401
14.274361
30.621439
25.193039
38.267123
31.422646
27.719770
29.637748
26.174694
28.751195
24.860610
24.591155
28.658957
18.727633
25.430246
32.029737
33.005334
25.976174
36.539792
31.640784
23.634191
33.724243
30.618096
39.245229
45.545249
32.071443
31.703118
31.416304
16.488493
28.470524
32.406297
21.525654
25.545151
38.170566
26.757669
24.097047
39.021941
29.238678
31.488650
39.817204
24.001974
40.157326
19.684529
17.321137
28.685199
19.110136
35.505696
30.645503
31.095861
16.209828
38.870345
26.803097
25.248124
43.260998
26.707809
20.950656
25.579911
41.531258
21.912473
22.110613
20.077556
26.295484
39.425705
41.318954
45.083058
32.205603
29.285809
35.478002
24.463637
32.109263
28.503887
24.305509
20.142013
40.189140
14.496772
36.827399
26.703748
20.813267
17.698206
32.799010
29.710269
29.651940
38.446163
28.593388
34.315825
29.688308
23.223045
33.396932
37.842403
25.411334
25.113559
36.168953
19.143853
36.431989
26.231869
38.678136
31.484190
39.997566
26.559765
30.417049
22.672502
17.762671
29.641808
36.014149
26.231408
42.558919
19.473888
30.232281
34.242137
21.220495
29.012831
22.352696
31.735447
30.949246
33.614330
24.443104
25.959714
36.262505
37.444164
29.820368
30.349109
24.049332
10.541829
24.948772
21.136616
37.440441
21.668672
43.494551
27.113634
32.720856
32.958780
33.686569
20.494783
38.446048
31.791984
40.296773
24.405493
17.462058
36.116516
30.256921
19.162681
29.468366
35.544142
23.948562
24.867476
34.884631
30.084587
25.067721
24.284949
40.953151
30.847453
32.406074
13.865383
27.260607
39.794305
30.588443
43.314438
29.450784
42.625214
24.660089
30.913105
41.794341
30.879396
37.843245
24.654325
34.181312
37.469039
32.230725
23.481384
19.037156
25.346899
34.097367
32.035672
30.740756
26.169299
28.494148
36.207918
21.044941
36.698713
16.926379
18.791996
18.905127
18.936252
18.126810
42.956309
29.771112
44.822588
36.596781
37.411525
16.196803
34.637445
26.347831
31.691992
24.730240
37.931317
34.863330
40.644042
41.690697
38.085042
33.996006
29.577410
35.000508
37.298164
36.399267
20.134272
23.985407
35.864215
49.591762
31.745413
33.120475
32.253024
31.201441
21.045648
21.792760
36.805930
26.963982
23.364146
40.383678
21.318656
21.410964
35.910079
31.283457
32.633722
32.400103
37.606405
30.645630
22.557796
24.548692
17.107866
30.567858
31.946925
33.648271
21.725884
33.248344
22.906725
35.016600
30.113004
24.079335
36.059521
34.458046
31.025015
24.687373
18.023272
29.149607
12.571823
12.886992
36.730188
39.337255
34.771735
30.471060
35.046231
22.051772
36.463684
29.632049
31.297714
19.306701
19.865822
30.481449
25.006414
34.132059
31.225170
33.300115
36.182527
26.095755
30.538658
34.762385
37.018227
38.084075
22.952868
30.333614
21.074552
41.530624
35.033074
36.139704
39.928437
29.947355
38.579639
37.547750
30.984538
33.832640
24.981825
20.226171
22.134394
29.243985
37.324473
32.679356
40.619665
21.124532
24.748395
43.249709
23.165903
30.291788
26.704686
29.304476
47.547424
23.251822
37.526375
32.019998
39.392497
32.677144
25.657298
35.170408
17.699827
22.029598
24.940806
32.835140
28.525117
29.827940
32.883799
42.370421
27.077948
33.529124
37.346475
18.488402
29.565032
19.373211
19.173048
27.442057
21.035661
28.938960
38.440144
33.578182
29.413534
23.829873
29.265114
25.778874
34.726592
37.521232
42.140360
42.852280
17.049798
40.981983
29.351850
22.408138
30.018419
34.970242
38.310284
29.668540
27.344000
36.869860
29.055419
36.210763
36.672185
29.561674
20.059006
29.161944
28.450210
23.484558
35.062478
42.840988
33.164708
39.247265
24.880478
33.966047
31.664763
32.230329
34.380832
31.509829
31.594124
36.906080
19.394520
32.137883
21.596370
23.457528
27.043719
27.935746
26.349871
28.708602
24.809502
20.491415
38.821737
32.623568
27.076400
37.330678
9.499664
27.480945
35.397539
21.294165
26.189921
32.547837
38.301955
26.945064
38.253724
26.364877
30.062796
32.393868
28.335704
32.875324
37.945434
29.665537
33.506998
39.801187
32.259623
35.511600
35.768061
21.306189
20.596147
32.802852
17.762747
39.723348
42.639577
27.785810
30.161497
35.673251
25.598222
44.145015
33.984975
24.868951
27.276935
35.486123
18.793006
34.989195
32.943106
29.095896
15.026423
16.459176
33.370796
29.934977
30.469742
25.017208
11.028739
23.122615
18.570569
18.527526
45.998605
39.960632
25.050728
37.377308
45.624072
32.433175
28.684697
23.290228
39.433648
29.360877
29.823136
27.772830
20.223561
21.927592
33.780316
26.405206
42.138607
42.770591
37.654817
31.749323
24.296152
29.185587
26.315519
33.822390
32.262685
36.963231
39.184079
19.183891
37.935469
31.819434
38.876378
18.013456
22.720163
30.810595
34.172130
25.730025
18.981776
37.378000
32.164144
24.720274
35.904616
36.034630
34.960682
24.377373
47.763594
28.604255
27.620704
28.992880
41.350430
20.935049
44.612198
38.852477
34.316829
26.342155
16.817355
21.931089
19.127111
21.582815
29.888321
29.527632
32.331142
24.125849
30.180328
31.655828
25.863764
30.998353
23.052631
34.087052
43.989855
34.400295
32.202513
37.726743
38.721185
28.486901
26.165800
19.314211
17.462763
28.091886
22.595216
31.031356
17.296351
34.519264
36.725837
22.936015
42.667933
36.886702
46.593432
27.852420
33.573246
20.114108
24.217220
34.991834
27.772353
35.707946
22.637130
29.596888
36.580189
32.458769
33.975176
30.974678
24.552210
25.810672
30.748083
36.511254
22.647325
34.173584
15.350991
24.848949
41.094546
16.180092
18.871118
29.978794
31.286684
23.806797
40.698109
31.484649
31.541550
19.786705
28.955244
36.347345
39.281033
43.066602
31.732815
27.636110
28.353049
33.772067
32.184556
19.910756
23.918050
19.788325
24.757074
32.308119
17.108274
36.447745
21.629561
32.705137
38.605324
35.149754
26.252953
30.878312
26.733577
26.662035
34.742923
23.927918
37.502461
30.987195
25.980238
35.052095
38.005544
29.828947
27.821179
20.685104
23.531803
31.918230
33.483884
19.746023
30.019769
41.275500
24.426866
24.965341
35.484387
33.305356
35.287018
34.898354
23.371273
21.187768
31.921430
21.863968
21.661261
28.129079
25.801490
20.223584
18.242902
19.079845
38.537948
40.321725
21.796483
44.996232
32.557978
23.561737
46.880396
32.742499
31.777963
40.257540
19.739114
28.698471
21.357730
28.395387
29.516039
29.587594
31.793549
29.331315
34.163320
23.663141
20.399089
22.541929
26.101823
45.086380
23.145581
15.438244
32.177331
37.761457
36.958316
44.074671
33.083686
26.102409
24.100681
30.605268
32.346209
32.593754
45.681477
28.356544
35.590143
32.084779
24.353045
35.878912
31.380976
24.231362
29.120541
24.308253
34.658598
32.486606
29.429715
30.298625
36.414456
24.524481
42.538861
28.390804
34.264404
15.620343
38.163495
30.942286
33.774072
25.324790
23.756797
31.229153
24.242436
22.404496
28.763756
34.024108
26.129924
43.470369
22.755308
31.606213
25.719305
29.370944
27.334014
28.975190
42.228245
28.786222
25.517203
20.779360
33.262628
29.802550
27.658683
33.299580
17.658902
21.497636
30.713833
30.629245
28.931621
27.685122
28.131573
21.224797
24.338429
31.595566
24.490691
20.901711
31.106668
45.995531
33.105733
29.598749
27.863452
27.151170
39.758895
24.354147
31.719318
29.917799
27.897265
19.368832
38.629924
20.414623
