5.678766
2.262219
1.730443
0.027290
7.198700
5.445461
6.474500
1.455059
8.149927
0.096622
3.502714
1.637237
2.026799
3.122465
2.739757
3.606532
5.995485
4.731237
2.640028
2.820429
4.702757
1.204676
4.710627
0.619608
8.189249
3.986854
9.007343
1.085071
6.239829
0.551325
0.501456
7.466948
2.138259
6.287462
6.417858
0.940652
5.012562
0.075041
0.799770
3.104848
3.606174
0.324195
3.697626
4.067380
7.457726
4.221335
5.404174
8.280650
3.044063
7.677470
0.857310
5.165472
2.241509
1.974349
5.858158
4.000576
2.622326
2.899732
5.921766
5.806849
1.945383
7.263740
2.862490
6.553166
3.288846
2.378965
4.205677
9.081111
4.077659
1.305733
0.756524
7.339564
1.496688
4.082104
1.762186
8.617349
6.365833
3.725691
6.973438
1.762610
0.780201
4.993316
6.123871
2.870103
5.521912
3.678174
4.846895
2.507827
8.872371
0.521893
1.960856
4.936510
3.603337
1.478250
5.290530
0.317713
2.851715
7.944045
3.099234
4.547500
0.737268
5.456204
10.317520
3.390239
8.184509
3.880133
3.334661
4.708644
1.527920
9.438122
3.718109
4.487984
1.665013
1.458845
5.760767
7.089860
0.670553
2.152268
3.369852
5.452937
4.807404
6.840246
1.630360
4.284600
0.799637
5.744602
4.733649
2.763225
0.594799
4.645712
0.748759
3.114710
6.967567
1.524531
5.384523
2.008814
3.190783
3.177044
1.653589
5.387377
2.985043
1.181238
1.810996
1.287690
4.762954
3.875495
4.192874
5.164213
0.262722
2.543859
3.816214
2.874325
2.074610
7.171659
2.431077
4.161291
2.755065
4.969883
5.411365
3.740196
0.331726
1.814975
2.377086
0.402852
0.209913
3.686344
4.398899
1.716335
3.723888
0.497236
1.120935
7.281193
3.446443
0.810027
7.084108
4.336740
2.755912
7.117596
0.931253
2.201043
2.822904
0.506814
6.728276
2.302156
1.332120
0.079775
5.809675
2.335109
2.426225
1.609107
6.587414
12.469791
3.624339
8.234465
0.823239
4.571425
2.976888
1.556201
7.955015
7.752225
5.551524
5.225354
0.714764
1.745637
0.507707
1.661171
1.893783
2.448612
1.628450
5.010016
1.193738
0.672975
2.395640
0.814467
5.739327
4.899215
0.343024
2.360766
5.169925
0.596204
0.053050
1.788724
7.990656
6.188766
4.537548
5.279862
2.877004
1.580994
7.969519
3.587948
2.609904
4.015462
0.371676
7.511498
2.219626
4.207285
4.663371
1.085720
5.562403
0.472242
1.369666
3.865756
6.382206
4.846873
10.683055
1.033275
2.589829
6.170426
1.358508
3.509803
1.320642
7.416587
2.151833
1.852218
2.989960
1.579651
3.108712
4.349687
4.647555
6.567891
0.964095
6.572112
3.793893
8.218953
9.170957
3.129992
2.182422
1.032111
2.913633
2.466543
2.585982
3.397143
3.373838
3.606551
2.831622
5.096944
1.577378
1.544602
2.405168
4.508698
2.347118
5.835208
0.115612
0.184072
1.420437
0.964878
2.244879
2.078190
0.688355
4.640160
8.359548
4.956373
1.819643
4.293831
2.537995
8.077165
1.669004
5.176500
0.962834
7.325162
3.332404
2.583922
2.963440
0.490950
7.086798
4.730174
2.910635
5.896808
1.902231
0.917170
5.585599
6.184653
0.015752
3.763854
1.349752
2.674035
2.644601
7.619927
5.374927
5.625383
0.470967
2.100534
7.271605
5.465318
2.572807
7.624068
0.753827
0.157536
5.793621
8.316641
2.741305
1.947368
1.674140
0.845435
2.750287
7.497320
0.430464
1.995358
3.263887
3.078369
2.726545
2.841706
5.704728
9.697969
2.869973
8.757271
7.394797
2.125127
3.031650
4.127165
1.933292
1.500220
2.476303
3.400874
3.729760
2.295693
3.932109
2.024535
6.354771
2.311541
0.822717
0.569136
4.600268
1.747086
5.170550
2.615576
9.729295
1.755040
5.175492
3.452666
2.698604
6.840916
0.721270
0.852299
0.764497
4.016827
1.101513
5.053658
1.857959
0.281138
7.327985
3.869424
1.235648
2.208384
5.674543
5.155057
6.827352
1.934684
3.861957
6.427271
2.740239
5.569230
0.323810
5.400119
2.359612
1.932019
8.912946
2.427166
6.522402
7.485839
3.723268
8.725819
1.484074
8.997997
2.233839
7.252155
1.929833
3.721278
4.912724
5.333157
4.740198
1.934057
2.894261
6.730611
0.529248
3.188104
0.126984
2.952591
3.937839
5.652271
0.285736
2.622012
3.773234
5.756795
2.827831
6.624177
4.164191
3.067489
7.720870
1.816278
0.376867
7.874616
1.401266
7.051543
3.044169
3.579031
4.596440
4.381853
1.024372
6.354629
4.934652
6.785517
2.759540
4.584903
1.429105
12.946958
2.767085
4.264824
3.359825
1.740858
5.819758
2.974133
2.785191
8.997978
2.760274
3.219265
1.526732
2.477437
1.184588
0.222943
1.986023
1.707838
4.860050
3.595367
0.874596
4.403697
3.650575
2.053972
3.569995
4.421248
4.123225
3.253318
10.666249
3.936476
4.872613
6.304762
6.824910
7.007686
2.941005
8.173164
5.182481
1.770849
4.279399
1.839936
4.313234
2.278364
1.298620
8.797717
4.281438
4.147687
0.588827
1.698038
6.072752
2.105652
2.068640
4.856408
4.495239
2.512721
0.603235
3.518695
5.217227
5.232542
5.425858
0.200013
1.645969
9.308291
5.685638
3.896916
2.051706
3.506629
4.310873
3.207350
8.874238
2.018515
0.983484
1.750361
4.404306
4.151016
3.287097
5.099736
1.112052
2.233510
3.913930
3.227377
3.575829
1.296404
3.156783
7.525521
2.802889
2.631379
4.286557
0.771311
0.107291
1.493619
0.118767
5.427654
0.457186
5.867573
1.987117
4.603075
5.646209
1.867807
3.590697
3.783236
8.125523
2.578904
1.767230
6.060744
11.265064
2.966634
0.402501
2.156890
3.334559
8.070657
4.469504
3.054348
2.974049
0.724899
5.294109
8.231503
5.000357
4.340042
0.846963
2.291085
1.861905
5.454406
2.945791
3.505814
6.901723
1.244551
3.880625
4.421567
1.317674
3.643622
0.507180
7.314475
5.387048
4.701696
2.161027
0.701394
4.322650
0.090145
2.205360
5.817487
2.426733
11.844104
2.875578
2.767703
0.794748
3.665193
2.286749
0.799508
5.775744
1.057668
6.893524
0.376362
0.090018
1.248660
11.022190
2.464055
3.252583
0.906440
1.124714
3.232880
5.575334
0.832141
7.773282
2.279243
0.259590
0.558877
4.049843
3.904261
1.117937
2.658290
0.824836
3.796273
6.102271
1.388814
1.365052
0.346794
7.105189
3.975012
2.441908
1.315266
2.825816
7.039222
0.081272
0.022395
6.378771
0.667385
4.756126
0.966629
1.733284
5.662143
3.009451
1.099974
3.323603
3.354803
5.388180
2.555964
3.599578
2.311635
8.896217
5.760554
4.085258
2.137463
5.063368
3.657443
1.698534
1.723582
1.573416
0.991834
0.768401
0.956515
8.482407
2.861564
4.231546
0.263576
0.725639
2.120981
4.472459
9.987909
2.341173
2.350039
3.299909
0.024331
9.457284
5.822267
5.058058
6.396285
1.928897
1.617072
1.938536
3.426737
3.173645
3.470567
0.170150
4.222731
5.111122
4.454960
2.450882
2.266346
2.270731
1.373447
6.124325
1.970649
1.585256
2.152624
4.111134
2.623804
4.019900
4.040860
3.263151
1.873544
4.103773
5.609996
1.967715
3.571446
3.517231
3.163904
4.580482
4.298411
1.032659
2.509458
3.924847
3.051685
3.736193
5.369730
0.888094
3.041089
3.343362
0.586265
4.061167
3.631566
4.372142
4.816166
3.931881
