3.317230
2.651941
1.030625
1.010253
5.456133
2.507262
0.180966
4.825338
2.046753
1.296216
2.674025
1.092050
1.768948
6.437322
4.396943
2.851171
2.311901
3.475883
1.385496
4.395860
2.568492
2.912407
5.207439
1.308749
5.015870
6.021072
6.462692
2.413589
4.288267
1.220311
11.380198
8.015909
3.969156
2.787388
3.825540
11.828381
14.571289
1.191151
1.185951
8.380145
5.150753
3.136494
1.079666
3.123258
3.306095
0.091881
4.328936
2.505144
1.096497
4.576565
5.144164
7.077231
2.041338
7.121088
2.726374
4.958827
1.732815
3.588249
4.286039
7.162360
6.849520
7.834278
5.949548
8.830140
0.684921
8.951434
0.342007
5.141607
1.613374
5.340000
4.554216
3.321620
1.726945
2.547893
1.708286
12.549244
5.014464
10.562715
3.388733
1.829596
5.356074
1.668023
5.220700
2.127257
8.104081
0.370946
1.707769
2.961481
9.381967
4.263802
4.444341
3.130967
5.389548
2.245090
0.434602
2.568653
4.473171
4.011127
2.391623
5.008700
10.330752
4.702918
1.329789
8.116178
2.257447
0.214351
1.995650
0.280667
4.226577
4.218510
0.387719
0.355273
4.536838
1.702437
3.032612
1.855307
10.352790
0.870431
6.579403
4.909155
1.007319
7.226225
5.614225
6.898447
3.940465
4.773929
1.263430
0.840708
1.730354
1.032832
3.916593
3.487257
0.029543
4.381588
6.989317
0.782432
1.124290
3.931083
1.883325
5.300567
2.287399
4.671195
3.603506
6.365061
5.018202
6.409331
3.629693
2.198588
7.865570
2.625767
3.598954
2.715814
5.482943
0.852515
0.481900
7.636346
0.954554
5.767945
9.146296
2.144169
4.785710
4.645388
10.249493
0.647434
3.365782
1.837197
0.446291
0.963759
4.980343
4.701773
2.560845
6.365190
1.389854
9.579462
7.554999
0.585880
1.029905
1.139640
2.760205
5.076452
3.402374
6.046650
3.752456
2.765597
2.939190
3.057565
7.463068
1.140671
3.223640
1.804592
1.688357
3.738579
8.290969
2.925775
2.631269
6.358991
8.896427
4.399577
2.731189
0.020243
3.204793
1.590528
1.330388
6.299592
6.613688
1.887759
4.239127
8.856894
5.192342
6.129755
4.162268
0.377804
0.756332
5.172007
3.072771
2.904669
7.015224
5.184605
3.846136
2.465766
3.041557
9.832958
1.007017
3.440998
4.430489
5.204378
4.140007
5.234942
9.156557
1.846898
1.433322
2.081966
0.814679
0.688418
4.079030
0.444507
5.024274
3.075990
2.289590
6.471254
1.803360
5.733818
3.389077
13.570863
9.055821
5.588094
3.051702
3.751910
9.595303
3.111646
2.839581
0.467842
9.865275
0.717926
2.184485
1.336887
3.209013
7.331468
1.253092
0.800508
2.542098
1.041884
0.651168
3.216250
1.944998
3.382339
7.093336
1.634658
1.642983
4.093971
6.919233
1.638729
7.983276
2.395269
3.962006
5.242958
10.171091
5.031176
3.197404
0.718363
2.074494
3.634784
2.136323
4.344747
5.837125
1.775257
7.770008
3.890423
1.132136
4.590133
4.310640
3.000130
4.383862
1.671339
2.626289
4.252115
2.593541
2.357107
0.191207
2.768200
5.108676
0.216217
2.911818
7.865885
9.027306
2.131966
5.266794
1.846140
2.973202
2.963468
5.742609
0.370396
3.316323
8.014649
3.400749
6.870294
5.258733
3.829079
6.493921
1.345469
4.287635
3.516864
7.524807
2.540614
2.945217
2.120400
2.785417
1.730494
6.081726
3.653991
6.504504
0.332021
7.259178
8.852392
5.093361
4.468002
9.986460
3.242201
2.173822
3.578565
2.942924
9.649209
1.809332
2.330886
3.709580
0.569231
8.423670
8.201410
4.160615
8.631284
3.597746
1.319615
6.153654
5.330280
6.110963
2.311008
2.864916
5.399414
7.502706
1.974144
3.457526
5.747882
7.722280
7.678062
4.076260
0.224357
3.763808
4.725476
2.292918
5.589966
4.194656
10.855451
3.693965
3.247327
2.703114
0.980443
7.441388
3.884831
3.282016
5.215701
1.962609
1.676428
12.018422
2.184163
0.765680
4.888995
7.085560
8.762853
2.180947
0.436231
3.856017
2.607295
2.241983
4.221863
2.640321
3.758883
5.035664
9.811395
1.955933
1.616082
3.743764
3.406729
8.296749
5.527361
9.086462
0.153805
4.033711
7.272391
3.247155
9.249124
7.325635
5.991523
5.275046
2.740558
2.175649
9.057692
7.772964
1.538244
6.844606
2.602294
13.420816
2.265670
1.795390
0.566401
7.758368
0.126100
2.712037
1.808801
4.393206
3.695753
7.552852
2.459879
7.537470
8.136521
3.313188
5.494018
0.753602
3.008374
1.366223
6.738986
6.290804
0.855405
5.417324
2.916671
0.938895
2.466378
6.466941
3.050501
5.975743
10.415188
2.291317
3.284836
5.015807
2.851699
2.221232
1.353273
4.710427
4.154947
0.201028
1.270999
5.001650
4.650219
3.164315
1.005239
2.252781
0.044823
5.984529
6.779416
3.087184
1.888864
3.178765
3.708537
3.044674
5.557083
1.187072
4.220236
4.737231
5.676504
3.373473
6.387699
3.066560
1.959185
5.604997
0.488105
2.920242
0.144736
3.454673
2.787445
4.791624
1.975656
1.603763
5.686435
5.028598
10.604993
3.332346
1.061382
1.419042
6.720465
6.383422
5.123717
5.115132
2.030498
6.132097
3.811280
4.353590
0.930950
2.590791
6.192741
6.518313
7.886109
7.563299
6.028298
8.430955
5.360246
4.180107
3.667564
6.084820
7.221689
1.204691
5.391385
1.294685
1.784249
0.375875
3.503355
2.011406
0.049388
0.220515
8.644896
5.190912
0.714894
10.756551
5.621015
7.479141
5.554828
2.538453
4.319475
5.885147
11.405501
6.854783
0.943582
0.577013
2.469820
4.494698
0.860463
2.936781
3.456329
2.443197
0.826084
5.352689
1.848642
0.399223
5.590978
1.826577
3.408005
0.399422
4.403163
8.740027
1.484386
5.777292
5.244612
3.077519
4.790741
6.345974
7.949748
4.895048
8.339547
7.603808
0.643763
3.280319
6.680222
1.003265
3.574052
6.602738
4.272941
1.440211
0.915603
5.418828
2.565562
8.229107
5.752198
2.454229
1.758912
0.918291
3.556484
9.052310
0.746097
9.677855
4.326102
4.535109
5.698311
7.959405
8.916684
6.811624
2.603042
0.494404
2.556644
1.959837
0.222178
0.960354
2.356250
3.215468
8.003855
1.489125
4.605290
5.162438
3.455786
1.415230
7.344487
2.696593
0.920827
0.747730
5.944958
0.683992
2.397661
4.347267
0.430331
4.783517
6.390552
0.662621
6.273251
1.187259
0.851870
0.283699
4.150789
5.180762
3.433692
5.713975
5.229260
8.379702
4.838232
1.127462
4.961081
1.778317
1.545622
4.096513
6.279606
4.854564
5.076794
4.310062
6.267921
4.614960
6.183134
2.266788
5.369273
4.040450
6.209473
11.408085
0.763760
1.150159
0.785113
4.860026
7.213074
5.735067
1.856753
7.170228
1.559494
4.048092
1.224046
3.775496
1.158017
0.685631
4.443676
2.025868
0.278902
2.725294
9.851615
1.109875
1.106762
4.470717
3.291131
4.206254
4.085092
5.524294
7.240196
9.032905
0.425732
1.093365
0.233176
4.706569
0.147721
0.660449
4.076640
11.985638
2.762715
6.926181
0.780771
8.886476
9.916130
5.044889
5.473677
4.084168
7.607369
4.909681
9.915293
3.124619
0.635455
1.105145
5.503356
0.217391
2.425938
8.940440
2.101372
11.953608
5.224805
6.168476
8.247461
6.920650
9.365679
0.989232
3.915355
2.177544
4.850163
1.330285
3.565783
5.602212
3.997387
3.658700
5.124833
1.258873
0.480772
3.900173
9.046631
1.386081
11.488272
5.978035
5.758872
8.542298
0.295418
3.360965
3.523249
2.271627
5.061768
4.546402
0.483810
0.106464
4.791815
7.826957
3.122439
1.355885
3.947714
2.098637
2.940930
5.172729
7.394969
1.821525
8.029671
1.741980
6.334310
4.610359
0.379629
0.847366
1.809868
0.969414
2.455989
2.417625
1.293112
4.113155
6.124335
6.136186
3.065124
4.735044
10.103149
3.189492
4.137303
8.688986
5.600471
0.206973
2.202951
3.523400
1.122449
5.103155
6.263215
1.569572
2.783374
1.033378
0.771635
8.867119
6.453144
9.112614
1.318823
1.296733
2.687405
6.447999
5.445258
3.436480
3.242422
3.092377
6.676735
2.084160
1.729281
5.577770
2.559195
8.382247
9.639681
3.808849
3.284345
2.566790
5.371841
2.073422
7.264105
6.826646
4.458990
4.269363
5.377486
3.893576
3.357271
3.577766
3.232784
10.527409
7.782817
4.390231
2.386748
8.080485
6.013341
6.515925
0.317808
5.887298
6.230284
0.078233
7.999699
2.801581
7.549058
1.352816
4.693412
2.665824
3.251288
2.081157
2.874542
8.120072
3.047095
7.967569
6.052877
0.810923
9.322477
2.238885
3.401075
1.403950
2.018375
3.516167
3.334161
3.833497
2.084072
1.748969
1.283969
4.344352
7.515071
3.399676
1.888480
3.299220
5.488726
3.623726
0.862351
2.175031
0.970666
0.771655
1.687951
8.411238
4.224793
0.479427
4.668757
4.938635
0.524291
8.011334
1.127128
0.451396
1.256016
0.455713
6.015843
1.206880
3.754527
1.792835
4.763965
3.531571
7.091209
3.649661
4.111993
2.183819
3.229237
3.526306
7.881811
4.494103
1.202276
2.215178
3.831713
0.177032
0.767747
1.826979
0.699829
10.163100
8.331682
5.756229
1.662203
6.265209
3.989808
2.395764
3.533928
5.705738
3.738182
2.251134
3.306811
4.539657
4.449064
2.305065
9.714254
4.305105
1.053743
1.614961
4.064664
1.359186
5.396614
9.808289
2.825249
5.748759
1.047039
6.172362
6.796969
1.217539
0.936433
5.818835
5.255413
2.015036
0.999334
2.965521
7.044288
0.918949
1.237853
0.038294
5.884482
8.968500
3.658339
1.493536
0.387414
1.951154
4.931710
5.436366
2.557696
2.421756
7.845910
6.049293
7.815196
1.702656
0.080091
4.705458
10.240240
7.403245
2.186873
4.498433
5.744507
6.395682
1.127547
4.623688
6.185585
6.304170
8.423846
2.266402
2.339895
5.364068
3.350352
1.471763
2.762838
3.349731
3.200257
2.732657
9.541525
4.176892
4.464712
5.372291
2.530114
2.077013
1.209861
3.207110
0.372650
4.758717
3.593519
9.108002
5.048069
9.598403
6.267437
3.880608
1.424134
11.876716
2.312648
4.087515
4.553692
2.646104
6.130685
2.532650
0.991654
0.642580
8.234150
1.928382
2.013812
4.157131
6.877195
0.954983
2.681997
4.765260
1.493576
4.206086
2.074026
0.270944
6.659919
5.921662
0.196483
2.292350
2.110780
4.585133
5.091029
1.245884
1.430094
6.980379
2.039705
3.138981
1.867646
0.174450
4.041425
2.716958
5.269887
0.312054
9.649667
6.734012
10.522807
7.801188
9.518093
7.314553
9.334329
2.396002
1.911604
6.134015
1.359389
7.722263
0.287370
3.459541
6.165712
0.647122
1.378944
5.121024
1.741007
7.005923
2.454551
0.065414
5.348080
3.385826
7.818385
6.855917
3.567602
1.019668
1.826574
4.340676
7.003550
2.646750
1.996852
5.594585
1.328504
0.926045
8.416930
3.576975
5.952295
1.964169
2.574326
4.088529
0.000620
0.199110
1.412321
2.057278
2.917761
3.622917
6.307255
4.311195
0.453900
4.668994
13.360657
2.385686
4.720092
1.137797
4.787273
4.553804
9.049081
1.343576
2.062553
2.071087
0.443827
5.540539
3.408003
3.859438
1.477775
8.964726
8.187419
2.439545
5.648813
3.141744
0.182953
0.910048
6.168290
5.695223
13.731428
1.173252
2.349043
7.718921
8.178058
4.821586
8.126303
1.149096
6.655527
1.042398
6.612880
8.478696
3.827408
2.177840
0.893412
5.609396
0.530963
1.288092
0.528398
0.850333
5.606823
0.936915
6.600241
7.426605
3.578338
4.034091
5.817706
9.670560
6.531029
4.908807
3.620675
0.332206
5.766945
3.592750
7.217011
4.246025
0.887339
1.335487
8.046977
3.515761
7.531625
6.249281
1.516944
1.514436
4.377674
4.000546
6.605642
5.401105
2.231349
8.431049
3.903563
8.882822
3.260905
7.064604
2.331042
5.886734
3.376282
3.689450
1.290515
9.387475
0.435472
10.215687
2.051389
3.320629
4.566398
3.028452
6.582668
0.333324
3.997974
1.120395
3.729492
4.445809
7.143295
0.915691
5.064029
0.320175
5.202971
3.224690
9.110796
6.664641
1.030778
0.490131
8.248839
1.669710
0.700900
4.707272
0.064827
8.753246
2.386974
0.608058
10.362040
0.481429
7.337323
6.088860
4.546843
0.718894
8.253473
3.535588
3.067863
3.939266
3.017605
2.335811
1.436997
4.414337
0.949612
1.983549
4.833747
3.603842
5.059772
6.637719
2.183726
0.248632
5.805993
2.612902
1.657121
4.055005
4.742251
0.729761
6.110328
5.727574
2.506407
0.185466
9.988553
2.397907
3.194345
5.250517
0.819321
0.944333
3.894651
3.178457
2.420825
3.254470
4.810500
5.060433
5.227157
3.989515
4.856811
1.446264
0.309148
9.442027
7.311831
9.877775
2.637000
0.282600
3.425262
0.448834
0.864986
5.892938
2.308342
4.218254
0.604417
5.090144
0.454627
5.469992
4.722293
5.824051
5.749986
3.082591
0.623330
1.653669
1.175319
1.417041
0.666126
8.952742
4.653204
5.466262
2.018262
4.445719
4.286831
2.195854
0.154929
6.166918
3.273809
0.429976
5.302371
6.973314
7.984704
3.777409
1.396168
2.496088
6.350535
6.452256
4.486036
2.939931
5.399855
4.458530
3.015048
0.884810
1.849203
3.493740
4.075803
2.510374
4.619685
2.757131
7.134492
3.101556
3.246705
2.859609
0.020292
4.906250
1.501432
6.146599
2.396081
5.004484
1.530677
2.519715
2.805646
0.006890
1.037384
0.966092
5.132554
5.800261
3.541210
3.204321
4.105275
5.683126
4.273567
7.269000
7.774810
11.144673
1.169653
1.394731
3.500848
4.142093
5.813020
0.478606
5.946773
8.602859
8.821785
3.145418
6.739310
1.322460
4.888519
0.362024
1.244532
4.734432
2.825307
0.320483
0.797242
2.359632
5.726341
3.950937
1.265515
5.280859
2.001669
4.291180
9.839662
0.056054
3.690914
1.044137
0.924441
0.599197
5.560322
2.944331
7.177889
11.334367
5.628817
0.901316
2.970205
6.966406
1.883959
2.893342
5.653100
5.290850
10.618572
7.866536
1.668882
4.901324
2.919315
2.666226
5.420246
5.385711
0.298627
7.478016
11.064722
3.274956
2.368075
5.328053
1.665640
6.770755
3.869840
0.958064
5.003103
1.675267
3.743499
8.766910
3.036173
3.657707
0.178805
3.071834
3.706068
2.546590
8.740327
5.861283
2.692118
1.490833
1.596759
3.413130
4.474246
5.510034
0.168713
4.101864
5.068724
0.049902
9.324630
0.597566
4.865849
6.472675
5.990947
9.084254
7.863599
5.025977
10.078268
1.824034
7.856734
1.165117
0.726687
1.137455
0.156442
9.338329
3.760948
1.581789
0.138183
4.484868
5.580373
4.287402
2.050604
3.425294
7.067009
1.856713
8.786556
4.861312
2.692185
2.246406
3.152656
3.000167
4.190661
5.994953
0.218568
0.641717
8.265792
4.164016
4.079353
7.822458
5.119284
7.052762
7.756625
2.362449
4.293319
0.617372
2.015713
2.071177
1.180996
2.156621
2.226559
2.035612
1.889656
3.242166
2.473950
1.782418
5.543381
1.827715
0.700338
1.598955
7.685476
7.580042
1.510804
8.813948
1.416899
7.289492
2.489413
2.123861
1.861894
8.360947
5.615317
7.299848
2.223135
7.643627
3.192274
0.131078
2.928616
1.090468
5.017280
3.810955
3.046303
2.836812
3.889175
7.500224
0.574259
1.773517
0.690954
0.698701
7.837252
4.307893
1.685600
3.235043
3.547576
8.751064
0.024599
1.628107
5.653920
3.264359
4.400061
2.356948
4.363884
2.704074
0.538257
1.047206
6.109401
7.847744
3.261074
2.656244
7.365040
0.810953
0.652788
7.349382
3.681828
7.866757
5.448554
6.255106
9.375043
11.478687
3.342832
4.797972
8.729276
2.981092
4.972319
2.223424
0.326845
5.329270
1.774128
5.107064
0.307469
1.666968
1.928921
0.415597
2.427798
3.898627
1.571081
0.038202
0.785940
5.054329
7.153433
0.007881
2.584460
4.061683
3.789114
8.672715
1.243682
4.942030
4.684157
4.092255
0.153861
4.172121
5.519683
2.016104
0.966937
9.867343
6.279977
4.619630
9.542862
1.893793
7.079056
2.903647
1.406721
3.154153
0.021215
4.120310
6.865542
2.865830
4.103201
5.756042
7.201821
4.928445
0.141711
2.463854
