10.334558
5.016996
0.965656
7.975308
8.595356
1.882291
1.211172
6.570294
9.086261
3.400742
6.807534
7.694012
6.427240
5.317686
4.995809
6.954558
5.920610
8.041706
4.516874
7.420328
4.149947
12.069509
2.977236
13.681006
15.650253
9.357113
1.289272
8.511336
1.395802
10.969248
8.425739
0.431770
2.745722
3.679393
2.491581
1.403402
6.370041
2.454933
3.314448
4.097413
6.264973
1.966721
3.950726
2.355628
4.957495
1.344324
8.142864
7.811489
4.981899
0.796164
8.175006
0.062264
3.718289
3.176090
4.722176
10.046244
6.252213
7.476242
8.858542
3.336906
0.555254
0.305210
11.095016
9.861818
10.336272
3.163641
9.271928
3.916653
3.300244
6.693298
7.689965
6.191371
1.122660
1.800033
2.561063
9.554187
3.598618
0.733238
0.185298
1.230779
2.396033
3.881191
1.593353
1.632142
4.285264
11.137044
7.772663
9.311523
9.761007
3.347324
0.569588
4.124208
4.944481
1.532301
4.436424
10.276294
3.685430
4.802870
0.763108
2.747230
5.863691
2.501378
2.235667
5.875561
1.565154
8.546034
1.194000
7.542570
2.459767
0.417863
0.288595
0.611642
3.696021
2.492152
0.952714
4.735108
6.891640
1.061400
1.375501
2.708809
2.343281
12.867640
6.308803
6.662884
2.441210
3.571121
9.961805
10.478371
1.224145
2.879333
6.715958
8.417112
9.134408
6.967084
10.308607
6.575302
8.804898
3.389814
7.052739
0.920204
7.680102
2.942171
5.839839
1.154449
9.660441
2.666261
0.901637
5.032669
1.355246
7.241275
5.421285
0.921739
7.812555
10.604072
4.209013
4.154231
2.963526
3.863943
0.243818
4.456838
2.160573
10.145167
4.786036
6.605224
9.399087
5.770354
7.447518
7.958409
4.935264
6.874070
0.255057
0.716025
4.226190
2.578629
7.524345
4.595903
0.444103
2.428344
3.799876
4.259572
8.805255
8.711364
0.758609
2.781812
5.937638
12.611144
1.054170
1.617530
1.341145
4.925886
2.637227
6.214308
0.235797
4.389354
0.071001
13.554584
2.425369
10.786184
0.211389
6.466838
2.593020
4.335528
3.767841
0.364741
3.204626
1.838818
3.864746
5.889302
5.717181
7.210564
5.769681
6.155377
3.813885
4.219823
4.902666
2.208714
1.830486
4.244487
0.733490
3.470116
11.393043
6.293451
0.879399
4.152335
7.440682
0.706094
3.748200
5.253971
6.619618
5.473510
8.896932
1.213456
5.177920
0.089574
6.911537
2.317494
5.936553
1.248620
2.737016
6.350437
6.985731
12.832827
8.682756
0.975256
7.511961
7.895729
10.338397
1.457836
5.120407
0.571498
9.407349
4.373936
7.686929
5.199491
5.494410
2.602031
9.324677
0.899425
0.666930
1.705835
11.346228
1.693889
5.264082
0.813280
7.314478
4.550995
2.010097
5.388775
0.738593
1.370276
2.297575
7.331529
3.480230
0.512563
0.835099
3.185855
5.144301
8.231020
1.851677
8.743991
3.701572
0.296260
2.748662
4.510147
11.351275
10.314362
10.692849
4.482874
1.075435
5.237530
4.738602
9.094566
3.159770
2.976388
9.382279
5.209551
1.408892
0.673938
8.037390
0.070871
1.029181
0.095579
5.079347
4.011027
1.136712
2.419312
3.466045
10.289850
2.931491
1.720760
8.838796
0.050785
0.323192
1.811715
2.302857
8.807051
4.542748
3.342405
3.704709
3.042415
7.683444
2.358906
3.571360
1.213144
1.197997
8.755880
2.840773
7.145737
9.434477
8.386868
6.641966
5.426310
0.154747
4.498562
5.553423
15.138105
2.392905
1.093078
0.887728
10.133133
6.877761
3.555717
7.175166
10.952943
0.957277
4.545831
5.187686
4.794720
3.967090
11.432844
0.245665
6.416603
9.539215
6.628684
1.979327
0.989299
6.176238
0.983577
1.152650
4.519627
9.149566
3.802722
4.461218
0.528917
3.995692
4.790422
3.050008
3.150671
4.700422
7.488629
2.274916
5.135535
0.197929
1.102866
9.098375
6.287675
5.177165
1.944962
2.223653
0.628357
12.360881
9.579744
10.235329
8.401527
7.078967
3.159064
6.166516
9.564534
6.237875
9.190444
2.855527
7.432984
1.700204
6.063476
13.601691
2.926216
13.420309
0.497869
3.618435
7.095858
7.345080
2.759052
6.945272
1.101769
3.302723
5.552061
6.355984
10.162849
5.110703
2.407196
8.155387
6.566014
6.541607
0.352663
5.497890
7.645429
2.773077
3.386208
6.391248
0.008969
4.967487
2.837151
7.784370
8.938119
7.724260
0.355491
2.727050
5.322545
9.656155
4.990509
2.808377
8.063848
7.724957
1.316793
8.555349
3.352546
2.627496
9.245489
3.283591
3.545040
2.454694
1.401960
3.568408
0.970150
4.844674
2.334951
3.984326
5.866169
5.422049
9.096584
3.671972
1.925850
7.968436
3.662731
0.139453
0.087807
1.043408
1.163987
8.445587
0.460394
2.957600
0.316611
4.583728
9.843309
1.304292
8.609151
9.728647
0.700091
7.195671
0.652120
1.231841
6.506877
2.205603
5.936615
2.048493
6.445730
2.507296
1.126601
3.095977
12.503876
14.264045
4.582489
0.661892
5.312002
3.222640
4.941140
1.275016
1.846655
5.880591
10.046930
7.480808
1.013336
3.725838
4.189847
5.808291
1.103823
0.408163
1.990140
5.871015
1.061459
6.547467
0.399880
6.133803
8.542104
10.197806
1.820697
6.105960
0.948153
0.729910
3.755265
6.435367
2.921420
4.005547
4.679205
0.349569
7.988098
3.468374
1.926218
1.888880
0.416192
0.501314
3.698597
1.416096
0.558713
15.337602
8.972536
7.318834
1.096272
5.538158
1.039402
2.626257
4.072378
3.394813
11.758993
5.407600
3.685797
8.742506
2.329125
8.020852
9.512353
3.791128
0.581894
2.517370
7.251369
3.938696
5.313395
2.130806
0.392638
5.895635
2.488111
6.042096
0.646240
1.629240
5.425245
4.472294
9.359189
8.518385
6.736965
7.418853
5.397089
4.891363
2.955669
0.963537
6.519141
6.471876
1.950075
2.686582
2.998950
8.382186
1.923651
5.024452
0.050353
7.053093
6.291175
6.901468
5.982818
4.755672
3.205916
3.200769
15.858909
6.931448
14.434270
7.316533
6.941151
4.432106
14.761960
3.588867
3.595030
10.331355
1.132827
0.402389
11.566888
2.293575
8.396523
2.352418
4.365555
4.469670
8.963963
0.540880
2.841305
7.228779
6.963174
5.019520
12.040466
2.569684
5.090931
4.136848
9.304617
8.992636
0.673397
2.228805
5.490307
13.225880
0.049193
6.680911
10.852449
1.436939
0.968084
15.406793
5.663639
0.499646
0.675440
8.601062
5.396758
9.450165
0.186910
8.334459
2.169196
5.329683
1.449876
8.084404
4.634358
1.089207
0.604211
13.911686
8.257936
1.054077
8.691143
0.000653
1.899712
4.625183
0.109996
2.472303
6.008119
11.594196
5.882328
6.388866
3.782185
4.686548
8.230896
10.759705
6.313457
7.621135
5.656650
5.400086
10.065036
5.786294
2.330410
2.254917
3.793846
3.979793
0.868030
7.433573
1.538515
5.287911
4.942443
3.546800
4.110772
0.916232
9.428121
9.734037
3.292671
4.679761
3.346421
6.512881
9.580721
0.853770
1.942077
0.957930
3.437385
7.504672
8.572262
6.629697
0.181916
10.562735
4.612515
8.101530
1.019864
5.268257
4.473112
0.084407
4.676812
6.545740
3.880748
9.798100
3.798262
0.096183
5.149975
9.087906
2.840984
6.337716
1.418271
5.407648
0.308926
4.940347
3.092796
9.062249
8.121838
0.459901
3.285372
5.453202
5.366123
0.831101
0.696215
1.750713
5.619807
5.262179
5.957445
4.834574
7.150735
4.270315
7.371795
1.553028
3.281946
0.929341
6.370050
0.497384
2.008282
10.117331
5.194834
1.110863
1.992227
0.771809
0.068252
3.377458
8.581424
7.697853
4.203716
8.056996
9.222649
0.147891
3.965791
9.598953
4.209922
3.603934
2.120056
8.718714
6.236655
8.055686
10.109817
5.226873
0.285931
4.994109
8.089185
6.056685
6.768013
12.284264
7.331763
5.834157
8.517113
8.422995
1.692289
0.464784
4.186180
6.431514
5.137596
11.275744
3.285173
10.044199
2.854040
6.247682
7.613080
6.395604
3.271505
2.509913
4.674952
3.509271
10.749307
0.116827
6.942507
5.426875
2.271155
5.949749
0.759239
5.903158
1.768636
2.960506
0.946054
2.700293
8.131117
0.253052
5.627902
1.290621
1.550540
7.726600
1.689609
0.722467
0.618471
0.949681
6.435433
1.464990
10.239331
8.362209
2.388599
0.742803
4.998371
4.884357
0.707930
4.494579
8.236945
5.302356
0.132913
8.634121
5.375775
4.933869
10.437648
9.472536
5.237089
2.564246
2.647983
4.260122
0.048700
4.103957
9.684847
1.150598
6.637913
7.130703
2.403970
1.847348
0.295551
5.678378
6.698382
8.036094
5.132751
4.724868
1.954181
2.527708
4.747800
9.177567
1.441886
2.094012
6.753767
8.047961
5.949239
1.548267
4.666822
4.477949
3.483168
3.934405
0.787938
5.107161
1.213194
2.596189
2.781066
6.061126
6.413818
5.738122
4.692507
4.420171
4.673512
6.382795
6.153078
8.813442
1.227211
6.809511
8.613378
8.414829
12.695623
9.528158
12.496944
10.732514
1.191588
8.355824
5.300377
6.238364
5.678124
7.459594
4.605618
4.548692
1.530626
4.372145
0.827002
6.403108
6.513747
1.290542
8.418718
4.709392
7.120619
3.111831
6.127523
6.371737
3.082799
2.640098
3.571976
7.812935
0.560375
2.388867
1.214071
1.746215
8.457800
5.272622
8.529537
2.693634
5.132460
5.083361
4.734828
3.068166
2.920091
2.215100
9.775523
7.972006
6.243775
7.998303
6.448719
0.990276
1.066895
10.257627
2.722382
6.734958
14.017776
10.296363
11.282340
0.315413
1.455457
5.141193
0.594242
0.494377
2.927392
6.370121
7.960691
10.370826
9.619242
5.303254
16.172110
2.887602
5.174391
0.250606
7.042219
0.453732
4.117733
5.852709
5.078875
2.506464
6.777656
15.088908
0.424972
4.137466
11.802765
4.732226
0.368052
3.880538
6.782389
4.425762
10.719072
3.408190
7.702829
0.834316
9.393170
5.729287
7.592399
5.333990
5.689882
10.018968
6.539648
3.383355
16.091742
1.611649
0.241882
6.294767
8.676358
13.235920
10.399972
3.417805
3.449574
7.508515
3.873228
7.802410
1.131934
6.903324
8.659152
8.542037
8.612433
6.327912
6.011796
3.521366
5.977290
2.949608
6.548511
3.449517
3.597871
5.534864
0.274936
10.560632
1.992381
8.903123
8.621040
5.877883
2.258301
0.540980
10.901478
9.897639
2.813229
10.268356
3.619923
0.198817
6.641065
9.940842
0.832818
2.203362
10.367203
3.381569
2.649392
0.824582
2.861843
10.338738
6.447562
2.863571
10.157212
0.514257
6.897586
3.502435
2.577999
13.487973
0.621758
7.416832
2.481150
6.351329
6.317186
5.260734
5.867022
0.169056
1.104730
6.123802
13.407150
1.827664
0.553965
4.970790
2.305405
0.957253
0.578122
2.595104
3.439621
4.812072
7.562262
8.327870
8.524694
2.227000
2.807063
10.569304
14.020247
0.906331
1.129440
4.342650
3.155037
5.955599
3.095764
4.981999
9.579471
5.542010
4.721702
6.357221
3.890366
2.472431
2.728160
3.123557
4.478471
3.140451
1.723879
7.277055
0.174477
0.195734
1.172134
8.278913
1.854290
11.656158
9.071254
0.719058
1.011204
11.831175
1.203541
9.179913
5.147774
10.289182
5.596084
1.620437
14.512921
5.507301
7.328708
4.802174
4.177175
0.597576
3.481495
5.599904
2.367970
1.443619
0.866178
1.843866
9.204013
0.977524
5.968103
4.006011
2.228103
10.130468
0.511676
4.380597
5.545842
2.193659
0.969561
4.319790
1.325877
2.403938
0.005933
10.507509
7.478693
5.240056
2.101092
6.456240
4.215972
11.151872
5.222838
7.846331
2.995867
6.280831
8.084512
7.603590
0.956295
2.860281
3.148025
7.516872
3.138019
7.227397
5.870991
6.509520
2.299802
1.034738
0.207869
5.316595
6.865176
6.580386
3.057553
1.088893
2.322254
2.317813
6.469458
0.292875
12.027875
6.368946
7.986385
2.450684
1.289659
3.642374
3.936211
6.397847
4.054633
8.261395
9.934711
0.146322
2.820476
3.059756
3.164074
8.829340
10.553883
4.237048
12.572244
2.188929
12.048571
4.307053
1.737200
2.330845
1.350553
4.822229
5.688828
1.278346
6.715753
0.466154
8.821867
9.785587
3.589957
4.692434
4.323967
0.964256
4.869467
2.872973
6.341615
13.288420
10.546004
17.684313
14.382382
1.013318
2.485027
2.457829
0.139185
3.279917
4.353774
2.362451
1.785372
1.073339
2.756125
3.040094
8.038715
5.063428
2.032935
5.427511
10.869502
3.903210
8.105905
6.631883
1.057398
4.201128
5.388446
7.570289
7.932957
7.502594
4.350626
2.231258
6.127856
6.166868
5.246219
8.157858
0.762860
5.719916
1.134525
5.092570
0.314784
13.099004
12.126476
0.906948
3.793755
0.689475
7.221990
3.191312
0.342013
10.500801
4.317120
6.384057
4.233871
2.777989
8.692153
2.339607
4.487635
8.835593
4.184166
0.335014
0.988448
4.721678
2.865802
5.797501
4.058281
5.325165
2.433498
5.957047
4.103979
4.641753
2.362040
1.278742
9.946822
2.821448
4.614054
6.242285
6.188878
8.479363
1.995303
8.418206
3.238277
12.415052
3.309175
3.991068
7.040331
4.348356
8.950178
5.046598
4.338782
3.834149
4.209803
8.306477
0.859461
4.428952
6.019345
0.276099
0.337483
9.379917
0.028032
1.683388
8.816483
5.799550
13.375312
10.209937
0.124281
1.058998
2.514865
10.130365
8.910886
6.233037
8.356275
2.683279
0.435675
4.626576
8.509460
2.271759
5.155586
3.176669
1.984887
3.370487
10.515080
3.027739
5.980764
6.352508
1.345461
2.397027
3.443290
2.090877
1.407688
1.266838
8.669510
4.055886
3.297755
3.864492
8.869062
4.209824
12.062742
3.703008
4.950769
6.257142
2.014219
2.606541
11.294200
0.619423
1.927613
8.189058
0.317271
4.066964
6.396994
9.453313
3.635632
1.100076
0.591102
1.765923
0.344363
3.964127
5.332687
4.691434
4.554857
3.648980
1.309685
6.633965
3.666974
4.433238
2.533365
0.850182
