222.850559
190.024483
210.081436
258.867444
222.977491
219.645159
254.475443
187.577125
247.910297
221.521532
218.839924
221.463726
230.083670
215.542562
237.392713
210.243758
221.076663
235.655200
249.846686
249.744806
223.514129
227.133382
246.465635
189.875493
230.227232
267.731106
221.632739
231.369461
229.790770
204.945220
260.040236
208.660752
242.523588
211.293066
257.972074
262.476207
212.798221
205.048313
246.080558
223.479281
249.525971
243.356064
245.727760
243.632867
205.181815
200.805145
227.141050
282.082315
220.223976
230.136350
212.577507
228.471741
261.760479
282.769954
244.877412
245.772695
229.939279
240.906599
210.440089
233.312259
191.756724
241.102324
189.963070
231.694074
225.940042
229.200562
206.445643
232.375465
204.048515
252.077934
179.458780
239.297300
189.696103
218.197531
199.746836
254.028391
209.407117
237.265078
218.981071
257.377198
242.853609
232.631684
226.994110
235.445694
229.086130
233.037286
193.379621
245.560895
229.662679
235.221076
245.351607
232.658590
202.203159
210.808441
220.578052
233.921490
267.474462
200.082766
240.852968
226.721324
198.918673
220.050179
229.512902
230.440435
249.985635
267.062786
229.493962
222.961707
247.810482
242.233242
230.062200
187.872402
192.762643
253.560554
188.743706
234.142351
193.311117
198.217695
242.885131
238.415043
207.644831
223.647990
201.608565
234.095768
250.866139
234.950043
255.831820
231.087268
248.724348
209.123802
243.225120
257.988595
237.595394
249.025553
210.038405
210.127870
229.226049
183.156914
251.438764
190.507952
236.438044
251.582798
277.469160
251.186119
245.981524
268.653632
244.074857
221.317495
240.698265
251.924177
206.691907
196.781330
209.993568
246.432042
211.259167
199.220949
195.149030
207.927174
194.150175
232.347472
227.913479
233.802319
270.801976
230.513739
219.786650
250.838668
191.233254
242.950460
268.713330
202.185943
187.956372
208.175582
234.860020
225.333517
224.383811
210.002512
239.520197
181.637973
203.352497
266.141882
256.157222
214.607569
263.016378
226.345090
229.833844
201.135490
203.239684
237.628702
208.739595
225.703820
244.719983
190.150830
192.149075
224.284960
246.982646
217.234765
229.716330
253.353154
212.755190
244.676762
218.192183
220.875963
208.496332
228.046423
211.281936
208.221228
237.116285
259.924329
206.108954
233.259976
248.102833
231.993962
206.972558
278.761452
239.107074
180.164701
233.376969
248.192461
254.090602
233.836095
249.672542
196.062653
205.587725
233.534667
223.466297
226.851068
224.845205
234.945955
242.186413
273.972593
186.606271
230.120814
227.865753
217.427680
242.609383
221.181846
220.972223
251.843085
220.680724
204.288840
222.740429
243.303755
229.836455
224.895308
244.588816
254.101573
237.329898
234.672051
265.129882
194.857909
180.762790
240.477422
173.368419
239.380133
240.584811
195.291036
242.119303
240.103009
231.066040
211.349209
215.423084
249.801502
263.182270
247.107611
278.137762
201.638553
236.847251
235.648363
237.566047
278.437775
235.475070
241.440418
248.734512
251.177976
214.485219
248.308332
218.741809
209.466910
229.670253
241.565698
242.040940
248.317239
172.322408
248.671261
224.906588
255.879441
185.118165
267.529370
234.813228
245.125091
221.446477
202.473450
200.038802
225.270267
246.482496
195.786015
203.845846
231.222098
273.000187
198.827783
199.517341
256.376402
231.069439
274.958718
240.040331
229.413041
237.901170
243.356921
255.283965
185.173111
246.290622
228.534788
240.272946
221.058007
230.752650
209.881452
215.389326
205.381326
207.192460
196.150077
211.511942
199.445264
179.541070
222.506515
236.110292
187.914552
183.911024
266.645810
192.322284
255.448770
239.650003
233.224130
201.157412
252.251919
223.794408
208.650116
229.626689
214.918994
237.814246
235.530096
252.896878
222.835787
218.252340
187.230174
233.735885
229.255728
209.375452
231.829528
240.980350
279.449923
195.735283
239.698289
241.113731
247.381698
209.052615
218.745799
248.498970
220.888218
214.013911
240.801111
248.153707
224.024350
243.515312
224.861817
229.060864
231.597308
211.434640
226.794751
227.394684
203.160117
225.224620
218.135373
211.431293
194.650026
184.121875
219.636394
198.138804
234.561998
258.561361
237.502013
250.636284
250.237143
212.792985
237.760173
247.195043
222.271797
235.794509
244.183372
247.021232
274.330437
260.431151
196.950858
235.904914
219.023970
228.715120
207.552705
299.676886
210.969519
204.416825
206.627106
220.107997
196.194833
194.385822
220.567641
252.649272
222.070614
243.342476
232.427497
250.838736
244.019675
271.002047
234.575658
213.189107
248.089828
236.253559
234.292809
220.423147
271.161230
202.807582
244.229416
210.955692
256.835095
206.536699
226.089899
199.634682
229.077925
210.810799
219.510122
198.259275
249.553034
250.481900
243.968494
228.741274
214.181008
243.322006
196.760539
197.167371
248.817693
283.108367
276.093534
247.305884
185.164121
202.720381
278.980415
230.050948
204.826562
195.757794
239.315140
249.240864
251.930185
188.662291
245.071622
243.444602
236.027820
252.928322
188.621059
242.973988
259.822873
219.036703
246.656564
232.051071
213.545004
201.515689
239.293591
254.273387
235.619463
265.750528
239.123203
234.738906
227.017678
221.028911
236.739573
206.448877
209.143358
258.139812
240.468401
227.519544
231.587159
269.646809
246.116093
234.176155
253.378580
205.411586
185.907511
258.666197
219.104930
195.637183
235.687082
248.582523
201.503784
252.098618
197.958552
291.938578
236.509729
188.634455
214.820215
232.420122
242.604326
187.500128
219.813330
241.877052
239.330923
235.323347
243.525593
206.596408
254.946656
261.477830
241.702705
236.802564
211.453285
252.988726
244.386608
245.917691
205.937774
213.198040
226.254905
261.646202
254.083150
252.904415
257.429085
205.065194
237.922243
222.948828
249.187281
213.577234
192.782397
202.182775
223.193253
212.204690
218.721840
264.491187
234.199727
208.688084
248.046375
228.579775
235.424127
232.559678
217.209053
211.095790
212.112444
227.217733
267.009319
189.125323
278.633568
226.713330
228.150268
222.360016
238.486672
230.016426
249.933840
234.008499
241.564169
200.391432
199.609147
198.254593
200.832090
227.666152
231.535077
215.769389
194.285159
222.909581
274.384953
207.417202
232.539968
238.535207
256.619167
228.994418
250.195780
213.175292
235.920891
226.171604
224.327638
253.932717
231.149277
238.301257
247.103556
192.058021
245.082024
246.999864
213.396204
199.794708
210.674407
242.418123
221.730405
258.282901
238.140180
237.038234
201.877187
226.843708
219.867916
240.127357
192.087839
203.984357
270.520754
240.612593
239.897980
227.369425
232.120590
180.589835
208.845592
232.540767
218.479781
247.905254
191.824227
225.081738
209.066850
246.563539
227.469275
256.137302
225.420047
248.830258
240.639476
199.268181
197.075296
214.977287
209.225127
213.184596
202.785198
227.597443
237.114485
194.881830
217.505558
266.884227
241.920092
197.361562
192.262452
186.546428
183.967269
212.990768
229.483683
189.582664
275.471969
280.722904
216.464244
250.874957
236.573390
230.736166
229.293903
225.811901
227.076540
196.639775
257.967602
232.692932
232.213812
178.572407
216.969038
245.862815
200.135772
249.215074
260.171814
225.585418
249.030725
204.205924
264.716036
244.330204
191.614606
255.155216
218.227243
245.015569
204.973952
204.369437
277.807514
244.367665
217.632374
248.797644
231.757398
239.090732
237.423160
241.614711
216.432454
243.027751
269.441910
218.825709
237.085886
248.927150
215.763134
223.967367
261.334105
227.737708
250.487137
238.436242
232.874871
240.828454
200.768281
233.114918
236.422598
205.488876
252.627576
222.459280
237.408383
260.435714
240.447411
244.780996
265.447393
230.577008
236.237565
184.422000
229.478591
185.961762
231.160488
250.209376
234.423469
236.138669
207.905774
218.879612
242.264060
249.033696
212.374440
226.470787
221.928759
220.215254
235.918670
230.880417
224.308231
253.841193
221.927373
243.490435
266.342269
231.475757
210.499237
194.679268
202.104515
225.589209
222.239324
262.924796
234.679123
212.548695
221.931963
240.437970
259.678002
224.411339
227.681956
210.990123
225.484376
214.832421
174.526350
251.254055
181.960897
269.459506
246.183209
240.683384
234.402294
196.170637
209.633008
234.759152
231.832219
236.390051
245.245007
234.386870
218.519686
222.260884
227.610765
248.373117
230.960602
236.245540
187.052297
239.817321
265.430903
221.171960
252.456538
200.697332
226.204966
223.641118
198.377018
232.464680
258.432377
194.547063
235.576514
244.501845
221.046342
214.197810
240.184468
236.542037
241.307808
217.404347
245.345905
261.984596
239.180618
240.108528
217.327577
258.085062
192.273827
207.752211
174.254630
230.635287
240.391380
237.890770
255.363647
171.057491
257.197808
213.060286
229.219005
206.648217
242.847581
211.083352
244.981148
190.422869
188.239962
268.643288
252.449406
220.686113
230.537179
222.483458
234.446019
260.341946
197.368881
222.910182
227.433945
237.515916
230.715217
247.634374
235.694199
242.276902
224.656519
269.747103
210.042254
199.605448
237.959987
200.403430
176.075681
209.244832
237.030369
264.222624
196.486859
258.314032
258.137263
190.133679
219.072102
235.203679
228.675375
251.114218
238.559188
233.392224
223.934839
250.214039
204.535867
254.742724
242.771540
251.803934
227.666167
210.338419
244.396181
218.062795
272.572909
243.567949
224.636828
246.367634
222.658334
235.659748
237.524537
200.155832
213.823441
267.866872
203.506243
242.536362
260.611578
245.567591
268.575058
194.099089
199.984209
235.715764
218.406934
217.639804
241.975156
240.961719
218.554893
220.156666
223.021687
185.233617
255.891838
223.264214
177.179527
221.584597
228.013159
222.484350
236.213819
208.160920
203.378622
225.151060
255.015723
254.839804
226.565377
242.463432
215.489251
236.139545
251.639092
197.232825
228.530107
204.627221
207.790252
249.023337
240.081882
261.205902
251.369277
222.885659
257.782960
264.176557
258.820807
214.691633
215.267232
230.766654
202.818627
250.714035
245.875068
210.642372
227.046755
188.957887
188.886366
205.341385
206.939750
260.065117
224.231228
221.317026
289.152887
214.117583
215.872717
252.337022
237.779976
265.945671
245.060484
232.791748
237.560831
287.614398
241.440387
269.395186
249.062755
199.943483
233.083485
242.164879
242.608657
225.244821
215.084796
226.393320
235.277028
256.299866
245.266203
266.031984
239.206764
228.682219
234.080237
242.761222
262.435669
208.175746
209.129016
260.914150
243.551260
227.048348
240.778943
211.723945
235.743310
210.913727
251.833892
251.306809
229.226082
230.724829
244.786022
222.355115
247.214758
241.775842
251.769294
245.384519
238.065940
189.718184
251.734386
201.971164
222.817325
221.580344
262.035403
205.366074
200.009456
261.362052
245.403786
235.672868
241.176375
210.802484
236.544981
187.091164
230.624904
207.970321
235.224187
215.264491
266.075934
203.649070
224.088754
241.102764
206.127863
246.145129
235.677065
218.793968
237.710806
273.508677
231.304910
219.261275
214.644984
231.269652
224.861858
254.895965
244.005970
191.316390
251.388765
247.789165
249.124416
203.731073
223.404490
233.671026
189.514722
203.957977
255.503463
244.065671
202.217330
202.836546
213.613585
198.922881
223.701360
221.909787
225.195266
194.383682
215.658266
255.177141
215.458267
212.393784
233.756019
226.135173
191.356297
236.420175
225.362628
200.622428
231.610637
219.911317
224.581608
210.411400
231.784506
225.500099
239.109443
235.082782
210.596401
239.793933
210.322189
247.943077
189.648932
242.948966
191.827534
226.397882
224.006810
228.158660
187.201241
235.823141
227.528278
213.432571
238.173114
234.206186
226.953986
228.420124
227.196724
213.500636
227.532188
246.664434
239.853089
225.418637
239.074294
217.219575
214.885542
234.121239
247.819138
194.020981
234.585059
189.991196
230.829645
218.008498
221.781771
219.100593
206.008056
214.868997
179.204934
195.028924
244.352199
209.453551
220.074756
217.209196
180.049416
262.643309
245.480949
262.851544
226.006449
243.288632
216.659191
255.050291
238.572288
233.236711
226.879354
195.946649
194.705607
217.281285
244.807182
212.419319
255.964935
224.025961
256.751391
240.174730
194.844292
215.434383
240.291189
237.475167
230.209894
258.521156
205.360874
176.643787
249.617907
212.603026
252.074677
240.416117
224.659410
243.660232
265.691768
234.516349
260.243069
227.726266
231.187707
252.883757
233.000515
239.357624
220.520134
211.389091
223.958232
267.473931
251.228545
232.103698
248.153672
184.106484
227.531296
200.409821
233.068698
236.977344
231.930638
223.049371
234.635281
206.877594
242.416347
233.414979
219.649254
225.491357
181.767683
241.442313
192.787501
213.326920
242.294098
241.885057
198.756542
216.601342
199.483099
231.431445
197.515465
190.687041
216.546308
204.075504
198.523026
249.205566
236.112279
193.323152
193.020502
235.978526
226.629748
254.658566
267.928114
218.098629
161.801224
244.142966
236.623962
257.689054
184.465937
241.740369
231.336788
283.954004
236.608764
259.290864
197.448288
247.899610
233.316418
231.290732
220.824870
184.604939
255.805469
201.479010
220.756962
247.744839
225.707732
209.874990
248.472060
247.476543
267.639583
242.393783
237.562034
191.001097
204.535660
199.165496
261.186305
202.749423
214.225891
225.736239
259.024066
200.946821
170.954117
266.594386
264.227769
216.184801
206.445373
208.905946
226.416764
230.227658
272.354739
282.590172
266.884122
211.481836
243.199776
225.348383
251.779817
226.077571
228.374607
196.933238
204.068434
225.594882
222.254057
216.893169
253.091522
221.425065
219.760720
271.681463
173.803193
249.346646
233.516213
231.487619
234.113939
244.084586
239.931431
252.798807
228.794857
245.878392
264.127664
220.547232
200.730640
251.821797
232.523791
202.868347
237.926287
219.274224
229.196431
205.980862
253.238376
229.273292
231.437096
243.366820
227.095515
256.363567
213.539650
188.112826
264.318364
220.091335
201.039842
246.599853
214.093743
260.501982
186.369958
222.948759
204.221768
203.606449
219.305141
243.951888
227.143631
212.718692
199.675636
210.236542
202.169805
217.627839
263.679725
223.996874
239.944324
243.364315
220.762539
262.917733
248.495562
252.412924
262.528402
226.649700
256.936303
229.906768
216.515296
230.057854
223.974137
233.475346
208.221661
200.348023
257.065929
207.425724
213.313331
245.419930
207.562043
204.857371
234.795633
242.930606
208.899860
196.884966
220.017225
213.069263
210.124697
222.509680
241.550906
209.427997
236.041927
241.482801
257.183181
246.786948
248.081687
163.695062
258.581747
178.788472
247.370414
234.138535
233.057284
275.842341
187.790529
253.094929
227.226625
196.677810
204.074652
232.239741
236.813692
261.028269
225.704683
250.335413
199.526508
236.400512
199.978713
273.344966
200.568130
204.247690
249.608195
224.398413
231.723684
200.707611
194.412988
248.786033
244.283624
251.389358
222.587263
204.181790
235.563746
216.600508
217.328710
223.974529
243.417546
236.037189
230.832755
223.319525
197.486051
242.445577
216.585219
213.013072
221.758226
215.585998
245.702724
226.745030
213.737342
253.234529
210.778031
184.912480
211.196489
207.192181
254.367675
234.711693
203.898685
244.044765
267.912763
226.983920
259.857863
245.455067
243.462451
216.231319
244.610828
212.167459
229.427664
258.090740
242.822889
207.561296
245.080305
245.624446
241.996131
270.498204
226.345680
261.621058
214.656239
221.667796
218.421738
263.323521
194.226603
224.241683
284.727295
281.976285
217.615195
197.599332
234.962593
216.326612
236.050732
212.974777
179.863147
238.132791
227.898852
218.952592
249.338575
200.125677
267.750915
248.025555
233.753351
227.921265
266.697214
223.677072
208.129539
210.341081
229.850044
203.126394
209.629170
219.276598
250.282879
199.245302
237.223102
228.831516
225.035921
228.553558
228.881457
199.770592
247.444858
227.748354
256.447538
196.168686
249.731757
236.013716
194.897693
216.502254
242.965579
213.526644
262.341797
207.014578
222.775016
194.700168
215.741192
218.090462
231.395212
227.233599
230.776413
210.397313
201.902296
253.211056
231.821080
223.552487
238.468659
261.248938
239.061930
222.789116
228.740115
236.597258
223.962909
242.533965
275.366552
254.349976
258.962367
255.654543
227.273783
254.671265
199.804896
238.878948
234.327308
239.587648
235.433092
243.504815
266.006483
235.484244
227.034313
268.508975
242.301793
247.018096
200.678817
226.496845
233.164237
237.645816
259.204085
240.904203
203.938974
282.467803
244.216802
223.918139
191.505558
266.314043
198.536035
252.539690
178.947366
200.619087
232.953686
217.282128
193.339055
190.341195
194.365662
265.644639
193.903222
203.065031
214.898113
240.778330
250.540466
199.995757
182.820550
254.895269
222.226189
221.395773
245.802773
183.655793
219.854019
232.159123
209.182957
213.495550
184.610261
243.331728
268.456135
208.249820
233.643895
275.558315
209.024179
225.910988
231.063323
211.933568
275.325720
237.952022
211.302390
226.169047
165.494796
244.030087
216.128273
249.791893
241.228273
199.678447
230.527691
207.543325
221.785223
236.403846
196.827567
259.343941
238.095493
211.651981
240.401643
252.044781
226.712320
192.103718
257.421003
283.562837
209.635240
228.416925
217.806829
204.087862
227.499352
258.431534
234.836154
245.773729
220.774965
205.976368
233.648691
225.340768
248.036225
245.488702
249.260692
213.683578
238.342209
240.355322
238.697205
232.807771
276.309837
244.835101
245.154842
244.497234
244.816780
227.583548
209.273047
260.459228
214.887908
238.798000
228.691747
241.494362
182.582878
211.373460
226.168086
235.912245
202.921464
224.877377
185.351171
232.759761
263.631974
211.923678
239.043717
215.500514
250.748383
240.254903
243.730255
206.648732
254.933007
214.722673
262.978127
256.648801
228.027701
194.370664
207.562376
218.684079
211.794682
228.666280
228.312163
222.090274
234.192578
218.900849
232.578611
199.105752
250.415485
231.445047
222.894153
237.610709
262.502182
228.087511
258.654745
228.816785
231.588294
253.438642
207.423818
239.745136
254.573630
205.371950
204.512354
218.462785
232.500845
221.907491
233.505410
243.919506
206.903637
229.361677
215.224015
277.131879
223.648041
215.153993
210.554738
251.431719
244.213755
237.236185
221.031630
259.203093
211.490226
222.339113
189.090741
176.394537
226.028128
202.796620
235.961283
185.270778
208.186154
210.438747
223.858855
222.347893
202.304611
248.959189
237.412330
221.931972
255.989897
276.998983
218.080410
259.684972
251.923361
186.331486
234.656026
234.148836
225.746050
252.288808
225.145149
240.085316
248.702271
213.877566
225.017259
237.689071
205.571946
223.740596
238.251714
216.899828
279.440671
250.969088
213.900462
229.882314
221.006660
251.932644
246.305023
237.102314
239.617712
240.865410
205.001979
212.280032
205.612968
234.884070
210.581957
242.058588
215.225494
220.301630
240.060332
233.122933
209.047184
220.731083
202.966369
211.566729
236.744198
251.692669
264.371032
217.675132
260.525384
248.558348
221.938429
224.672306
228.978387
213.033783
200.210035
209.237133
205.452461
255.315254
272.344292
220.314705
244.283173
245.672203
232.734327
202.835288
211.152473
200.738220
206.267049
203.207250
247.434059
243.587798
261.769347
219.380819
250.683038
187.756266
211.069686
228.696510
214.550523
221.908418
243.286817
249.443736
186.911105
276.268987
216.511594
228.804021
233.902392
221.364759
240.892544
252.119942
190.398885
221.107855
242.207715
235.940767
265.984156
229.582039
245.016939
231.319017
265.968280
254.285857
206.483315
264.581685
221.001771
227.795433
263.968972
213.271967
207.082246
246.430411
241.671276
236.022877
217.340600
245.345417
261.447376
219.392811
216.989308
236.180059
221.433414
211.657204
195.534438
213.463022
234.352682
186.793365
207.410620
185.711341
223.703236
214.852624
235.819586
171.973561
224.926645
190.299566
253.231584
249.573357
261.525198
242.167310
249.194889
202.810830
242.616762
249.507610
216.147777
238.461074
215.731137
204.890276
246.108323
260.377151
209.955480
222.882683
163.239059
242.966546
271.133564
238.009477
225.574425
238.765417
255.237373
285.883771
200.052047
191.011184
185.594077
243.165319
235.464312
178.433823
225.783670
287.038136
211.412116
243.589646
253.559312
218.220679
242.129016
222.140124
217.322023
215.069031
227.792698
207.400017
212.067770
226.543781
191.073881
265.566108
205.726561
203.266862
214.782788
229.083245
198.780633
216.665687
200.066856
226.538536
224.014499
221.262930
234.570087
231.374599
234.217945
240.378513
215.444071
217.646282
231.834749
213.791348
241.107951
213.546337
222.980311
249.761302
200.258921
246.096600
228.580061
230.484360
248.561415
223.279671
207.239599
161.389223
194.765169
223.400997
266.688888
205.948215
235.722946
215.744099
224.610566
226.173526
209.474203
254.546430
194.770577
217.113011
199.471134
194.811365
243.562644
184.324391
247.924541
227.395585
192.189893
202.174424
240.829499
239.582885
215.311310
208.023198
267.929875
238.301885
237.050727
218.662153
238.738524
229.801725
257.946354
271.802691
241.275438
222.637136
215.878908
216.583122
265.678042
210.963684
236.386750
236.858119
249.086644
199.026675
184.043407
230.859796
265.896864
238.407836
198.957612
222.449851
278.707731
231.849656
186.789213
210.362679
250.364170
240.623338
228.588937
212.378514
274.873452
215.030974
235.797122
214.654651
219.719706
195.386287
280.459841
176.682592
227.011840
182.811742
233.328871
251.282104
228.104039
226.025674
238.349437
235.599643
193.996069
217.954663
217.468448
293.395848
243.544167
234.453799
228.623766
213.589919
228.499792
185.444414
233.129794
236.062980
241.679955
288.802014
225.734730
238.103622
196.538428
236.221137
214.612115
235.499226
209.000272
245.138969
281.164547
226.049165
200.473761
219.183964
240.312496
233.466047
250.920848
234.400427
200.635996
230.031955
216.404142
232.373612
243.886022
243.714215
263.657630
221.035353
222.459262
228.957270
266.888062
234.554032
259.932954
237.093168
244.529893
272.796992
240.775329
200.128273
232.875838
239.328372
244.863558
