28.150568
31.860402
30.736628
46.644335
42.132551
27.994583
26.829669
31.475772
23.844584
46.696298
26.518291
34.001300
39.956120
29.754941
38.319155
38.152368
27.057724
28.547209
24.568669
32.985850
30.764104
35.571416
29.523062
21.158474
34.732733
39.367013
33.997159
19.420190
42.211443
32.957656
30.016538
37.453374
29.263083
26.129742
49.472980
28.136152
26.360393
41.776741
28.429872
39.705125
30.524742
41.216287
37.495154
22.078160
24.013367
27.729929
38.632765
30.423967
40.826440
24.756926
29.745591
43.483033
59.053348
26.568361
41.156599
34.298113
48.009399
18.156854
20.108969
41.651603
40.536179
29.348460
41.074282
24.646777
34.668580
26.445300
37.518798
48.240685
58.758827
43.696925
39.127495
37.002279
30.693835
29.305547
26.555198
44.905859
33.282412
32.524892
18.653603
40.370982
32.715595
43.225214
30.366559
14.970278
32.033393
28.899856
17.556640
31.486315
32.488876
20.138785
31.984512
25.720757
28.037305
28.912185
44.269932
16.198955
27.582172
24.859843
32.132271
27.133026
24.638243
43.330448
27.368717
50.290632
35.872892
25.923947
22.186453
54.143255
39.983086
24.525495
41.941139
31.152997
39.024004
40.706902
28.629583
24.928153
40.366416
24.675998
45.108812
36.220414
29.525773
14.251797
38.775867
25.354903
37.551094
32.051356
34.352147
22.994811
26.236588
29.019867
37.734137
21.164126
26.217548
28.869860
29.657833
35.863676
29.497632
35.508857
30.146024
37.315168
34.940912
39.216110
28.477306
45.183347
30.136512
37.052054
29.143391
42.510264
20.504197
27.413451
30.067856
20.453864
20.671070
26.830861
15.122792
45.533727
39.138717
34.968848
46.245934
21.535013
37.461367
38.503979
38.544512
23.955843
27.651395
35.093461
23.780067
32.619178
40.694188
35.638261
25.991529
43.254451
37.185278
28.559711
55.347203
24.765361
40.084850
28.315946
38.299240
29.170876
27.053146
38.769400
17.357041
34.530293
34.233552
30.593932
28.484403
29.750853
23.056259
41.574246
37.990828
38.845107
36.778065
40.060352
42.105355
35.970144
28.725593
33.050144
28.225826
13.192115
39.597143
35.105747
23.281110
24.505291
39.756051
41.596870
36.181917
40.956824
30.890296
35.575754
22.825334
24.177691
32.007271
23.071115
60.529092
25.091516
34.343248
43.890761
10.848382
30.455469
28.395377
29.829201
44.843302
22.365560
27.446104
36.811626
24.050645
13.407827
42.929409
32.649769
36.871342
27.105873
47.530418
33.970563
45.873312
29.409096
27.217561
32.566857
48.598977
26.002274
26.598559
15.590272
47.869529
26.186053
35.830614
18.610198
22.504282
20.027079
26.071120
33.026646
19.244634
34.624837
45.489148
27.835769
39.353884
23.671588
18.485831
43.020984
21.710293
45.954508
20.394375
23.369357
28.121781
41.497795
19.928455
35.157671
36.196389
32.291832
35.031833
43.758813
37.276894
38.136591
33.457517
29.545990
57.249258
13.627890
23.122024
28.113844
42.395250
24.934148
27.640204
22.462173
43.185017
27.271018
27.328743
27.532642
32.563696
18.971967
27.407581
24.658565
25.289174
36.416782
29.869875
33.669735
38.813826
24.566497
44.279327
29.069656
45.102923
42.038698
35.850597
31.925598
30.043035
30.173875
25.434960
46.591143
37.721325
19.098152
21.661754
27.146039
28.570591
32.911481
22.816270
41.310211
19.827071
31.150052
35.853238
30.505547
31.365614
24.456516
24.365436
20.766160
32.652899
35.001794
32.698172
33.236924
33.552693
29.424423
35.820501
32.169192
39.964134
19.895071
41.091952
50.139964
18.453801
25.520120
29.577535
24.329499
30.908433
43.485881
50.475598
34.875723
36.532997
26.455133
37.139545
34.186515
32.378325
35.542491
50.827328
29.192315
39.242466
37.233226
42.358073
42.086140
24.548047
49.271064
24.243819
22.609601
20.876763
30.883952
26.651509
28.625789
42.595061
30.273708
21.678119
16.821042
38.170745
21.557481
34.744509
35.460877
47.376752
32.395329
29.121760
22.569599
32.589379
32.930757
16.540549
39.872373
37.878650
51.410710
34.608471
26.794060
40.620679
19.250842
29.435373
35.629098
39.076069
22.277860
30.782286
19.571840
26.141709
29.128276
33.818114
37.587894
32.775701
18.666426
19.713872
46.141568
18.651195
39.153610
31.824915
42.307358
35.845694
33.114278
44.103305
30.163448
39.659492
36.413024
28.351027
38.707385
26.023248
26.225589
29.168837
20.977045
40.200508
26.085518
24.559630
36.723464
24.531805
26.350026
26.942256
42.339960
42.614221
28.345453
43.698889
39.451213
25.357499
22.578618
19.665735
31.100479
29.601418
31.201281
37.374484
23.760149
33.235913
27.819876
27.222714
30.407484
28.944354
40.330204
49.572498
31.994756
31.691159
41.764935
20.091398
35.396854
24.412643
39.083005
47.460910
38.689875
38.822644
21.490400
33.325886
28.707418
38.881245
9.889576
37.590545
41.646947
31.876383
35.185618
22.176035
14.606357
34.863229
29.808522
40.153501
40.828253
36.697067
32.878434
16.662157
47.265891
42.457773
33.338611
26.785668
27.826737
28.392630
31.898625
38.069045
15.105257
21.801159
29.100358
36.005389
34.174581
33.917585
34.269450
36.115777
24.493392
19.951154
35.387360
37.414260
38.095250
26.902935
42.365670
22.309732
33.027529
22.178408
36.542758
42.852579
41.866404
23.556570
27.068872
44.456281
28.319615
30.109977
50.012350
31.221533
24.539534
32.993765
29.699946
41.324739
19.934310
40.002688
35.837779
16.859903
42.126305
34.383482
31.786081
24.370619
32.457635
20.821702
43.810699
31.742795
29.671651
34.635308
34.786969
33.822839
31.143253
36.817154
29.161117
30.651666
38.074729
38.174349
32.188481
49.136250
41.271838
38.860067
36.617055
35.174213
26.836450
36.908694
32.027344
45.319120
32.377771
41.645250
47.424524
14.647927
10.469056
39.255847
27.529596
30.220085
35.821481
31.464389
29.928031
38.307430
33.897572
38.942652
31.008127
29.607437
15.024314
24.681852
27.206462
31.664619
30.375863
29.231873
30.280019
19.803369
35.797682
33.225792
32.028807
22.849753
41.054141
32.544291
46.654591
15.333625
28.073774
30.005063
35.903288
34.918620
36.236009
40.011769
46.015535
33.007579
24.360647
38.590252
48.395377
35.641447
47.115712
31.313484
18.886991
41.526656
28.162274
28.321118
49.035474
22.965327
39.187518
27.625482
16.492531
31.484809
30.742775
26.545333
34.813324
25.826758
19.285736
37.576856
37.971712
36.040227
28.080129
27.711229
34.482909
23.116185
28.142244
38.911788
29.304604
30.534842
51.369840
32.670551
26.756485
25.706576
39.572412
38.191938
36.984007
19.751763
40.307327
30.346699
34.556211
22.175935
18.909561
48.822845
37.989242
42.720860
44.529468
28.853914
17.855024
33.243029
39.350611
39.077748
36.014733
22.529633
33.857417
33.619339
21.282977
31.200788
26.445819
16.504128
28.305945
34.376673
41.362760
29.938776
35.230400
32.540141
46.869863
40.830298
26.329218
20.983699
31.596066
46.574956
24.839003
42.698308
33.896788
28.714125
36.623079
55.194592
31.762237
23.300136
38.570860
40.794622
22.963203
39.715328
39.874418
29.815789
24.302337
25.423574
27.779514
18.871214
39.452416
24.899757
36.401379
33.010851
20.192401
17.212246
49.573015
39.750854
35.628833
24.233037
32.453547
33.782368
37.058730
36.671073
28.934054
37.071223
22.483350
31.282383
31.342079
30.903480
46.510705
30.360485
28.187557
26.997847
31.865718
24.980390
31.799718
42.319003
25.620366
31.269105
39.537494
21.822322
29.651282
20.222566
29.561806
36.358310
37.314380
20.113460
32.626934
33.751541
23.715081
23.842302
31.594123
25.426478
35.281053
25.923718
26.629073
32.783165
13.504150
34.188249
49.327829
23.820558
20.862040
41.414985
28.433764
27.969544
22.970974
37.040340
31.556201
41.542732
43.180737
30.069739
23.034758
37.460920
30.972150
36.282610
41.551729
39.428054
27.252887
40.771595
37.429858
42.356095
22.218993
41.773465
35.746536
51.193663
35.240346
31.634078
31.642529
39.760110
18.064167
34.416729
34.061537
24.784254
32.657304
36.039803
45.121441
42.142256
33.378965
21.177086
32.282434
34.159480
27.246276
34.834537
32.155368
28.532891
23.196093
23.928212
32.825795
25.248284
29.997776
19.811529
31.460608
30.001352
43.670657
37.766901
35.481269
36.091102
38.598290
34.739580
20.993579
19.274776
37.678048
39.551600
32.741101
31.770982
33.490241
32.990824
27.979367
22.496430
41.452350
36.023059
30.437234
27.001517
38.008170
16.707238
35.560562
15.596481
30.783259
28.631762
25.859428
24.494936
35.142061
31.325652
37.682738
39.118246
54.988834
33.023221
44.109927
19.813868
45.669881
40.580765
31.290466
46.739339
32.636155
25.174953
42.150270
33.988411
39.490100
38.637266
15.772571
36.490727
24.430839
28.720282
34.222311
47.468090
33.415971
30.049324
23.236825
39.765513
29.503547
35.916977
37.236923
29.097153
22.859972
36.437126
42.063938
32.307574
35.051410
38.506871
31.769789
29.097289
28.338027
31.824009
30.756250
40.026011
33.714988
26.927990
21.914786
43.587917
18.773377
29.406476
32.114806
45.722261
49.065781
46.654446
45.830196
27.926653
40.940226
39.514552
17.444713
27.326574
26.240109
18.166394
21.464852
34.009526
24.449774
40.346394
35.899763
41.563573
46.441332
30.933495
38.711893
37.837549
46.447807
37.521477
40.889479
40.559821
44.031740
18.336834
16.779131
41.676760
29.652029
27.751427
34.348963
25.618860
39.193685
20.827307
35.758271
30.327106
20.744381
24.590349
18.316803
31.128373
28.846417
22.694253
17.715219
42.895932
20.350078
31.325427
42.831750
37.045309
37.985376
24.717428
32.833470
22.907933
37.576978
58.058312
45.277323
34.986323
33.093185
27.216977
33.708183
14.276704
18.238075
31.180128
40.580254
25.870640
27.327974
26.492745
23.164629
19.031348
26.678121
33.960930
42.561315
27.474508
25.827001
39.776264
23.777931
40.159676
25.507454
13.493782
31.764633
38.906621
47.811761
28.331082
44.582849
28.689999
30.007935
27.887384
32.391933
43.241685
20.906432
28.166781
17.362091
29.215596
25.734083
22.664012
45.307541
32.936170
25.953370
37.431362
32.081415
53.063682
29.782237
44.927318
10.919900
42.812956
30.838947
25.843693
33.317398
26.782075
35.458378
24.258866
41.473783
35.953113
40.911879
32.394321
33.101214
33.659702
20.497438
31.149035
24.540901
42.254410
37.597137
49.223613
39.437861
31.334068
32.527634
35.074095
30.506075
38.804749
15.240203
31.402986
60.121293
16.262964
33.585073
21.099403
23.819583
35.044081
17.421690
35.965444
29.897321
14.359045
21.351746
30.996310
22.863269
24.287631
39.199866
34.576745
15.549224
22.134614
31.247296
38.530761
41.871553
31.669750
45.521119
21.193129
33.664287
27.494724
36.607111
13.709921
20.923678
46.295867
23.939745
30.847693
30.841696
39.658139
45.460254
34.182929
35.028203
20.711500
32.704997
34.094012
37.008418
53.405497
29.098419
40.177958
24.211632
17.001981
38.775723
42.402955
36.380841
46.151186
19.533594
29.320706
34.299823
36.528049
18.641633
44.310040
33.464027
34.335533
25.934204
28.721372
24.734766
40.594648
37.502337
35.090944
19.309640
23.409863
46.529752
32.394541
32.538190
27.926837
20.913501
27.950983
30.370329
47.574302
35.882804
29.994403
34.906054
30.207418
36.589339
36.328403
38.265553
26.298235
28.435680
31.369422
27.311551
43.259999
31.666275
37.912085
44.296502
39.551964
18.740182
