162.205585
132.117703
130.287024
160.026926
146.486382
149.819899
134.812375
133.684850
109.877615
143.698664
121.336799
142.124793
177.042125
147.791299
133.207499
154.589588
141.580319
125.794099
141.062506
169.152355
141.957096
168.936573
151.747947
144.775079
154.997990
157.451747
173.626002
176.751676
164.274842
142.349688
175.244716
170.934659
124.993711
143.138213
163.079612
150.737032
124.117118
139.145183
160.050840
156.414654
153.233870
167.592633
143.711400
114.968400
143.673689
101.640292
133.863479
124.524394
126.679077
112.224052
166.541141
143.802146
124.851726
155.135163
118.231957
125.964250
139.794889
158.393914
157.808563
181.857060
151.523364
150.443009
157.106921
135.923966
138.109884
154.901823
150.330296
133.184036
136.554449
161.722107
147.111851
149.889313
123.257584
113.733731
158.134120
148.813202
129.744429
116.247697
150.961614
104.007969
157.827590
124.825952
100.208066
109.149751
128.195518
152.652831
173.193963
124.429401
95.427254
139.081964
131.998521
166.524110
130.622621
134.550249
133.776077
126.181898
127.254224
173.620172
162.846227
183.989830
147.607785
137.692059
184.394169
174.074670
137.745261
151.013659
150.611083
123.336639
114.773521
125.259993
168.211899
115.962856
135.791771
160.016404
170.943827
121.034445
156.207355
165.290047
135.986221
153.673593
137.684815
158.126388
145.498828
114.013631
117.145117
129.999873
120.776021
116.284615
105.189607
100.277195
108.451078
115.949217
137.521855
89.501435
136.886710
138.506598
158.675281
129.016832
116.793141
156.784943
150.066824
149.879414
110.002905
155.469064
112.471935
125.718354
118.982024
157.651648
141.298351
141.130392
171.205241
115.324763
160.842173
126.720832
158.329381
157.198271
124.736817
173.384064
104.747732
158.261533
125.080103
116.343195
91.255104
132.612687
138.442744
144.616861
170.958246
167.397794
125.536736
124.432098
173.368741
121.330319
134.515784
134.087952
161.337259
139.518950
126.031682
133.058776
154.892924
132.181695
160.901166
171.622233
135.997394
165.399536
165.446377
156.639951
127.477241
147.615934
135.133090
147.140612
152.122287
127.340222
133.586400
136.806140
117.036906
125.004101
159.751659
125.119733
145.244174
145.285597
132.567436
159.284019
133.792116
117.686716
143.490349
166.309160
134.772886
132.873154
170.227941
141.522430
165.682912
154.937711
135.194538
155.371099
93.916718
144.258543
155.905296
154.444213
150.228272
158.760852
133.160362
129.380033
136.725570
151.201427
156.909659
111.920972
117.978057
127.250654
112.609302
151.720957
168.704945
154.592123
158.480365
151.007173
176.443529
144.041922
159.179036
124.960296
160.239296
162.445580
170.742077
133.224341
105.839874
150.629267
144.623455
121.358533
145.458203
110.246113
107.257625
140.666059
147.487882
158.924996
126.339849
157.563415
133.873524
129.195520
124.457939
154.638259
113.181081
102.218229
106.048421
175.430335
154.170220
144.703863
130.416902
131.847323
133.390004
166.236623
102.538745
141.742247
140.493423
121.908653
133.281834
140.620303
153.668666
162.695425
121.292224
118.136171
115.941572
130.903947
141.193035
159.324246
110.480747
109.171890
107.636271
98.873974
123.239580
134.396365
134.077935
152.776144
127.002870
145.776873
129.026801
138.491424
123.173682
142.129656
108.830195
151.583604
153.516182
114.331053
147.338359
151.496384
132.048608
128.058104
134.159857
133.218636
100.052582
126.998310
154.170788
164.807439
111.350204
155.296893
144.973725
160.947638
182.869063
109.244445
139.490034
141.764166
148.154113
151.508197
113.943002
133.382673
142.993067
127.267505
149.360163
139.432449
147.348381
123.745246
104.256790
134.072822
117.532558
117.897264
174.415737
126.222646
140.482813
127.293382
182.924498
121.627099
113.915449
142.683830
181.674096
144.418898
186.248911
115.301124
134.669286
138.255783
138.589414
107.016047
101.729568
175.323212
165.935840
173.170542
134.552619
124.453734
140.815435
116.678125
153.350830
119.492072
132.650914
156.929814
112.187526
131.269631
130.046191
127.790855
107.820659
149.859536
135.213883
169.734357
137.944971
180.145078
158.624456
121.109988
104.514761
166.102856
146.104138
137.608962
138.541065
157.812470
131.293308
110.376648
102.507142
158.175927
104.159985
110.581789
132.688112
118.324544
176.392733
134.331584
171.066905
140.693932
111.087737
140.690812
98.065299
106.853196
138.842989
123.829325
142.578573
138.591965
176.727796
134.727502
153.030242
149.990935
125.615078
166.664884
166.173076
138.641186
148.331290
151.151711
157.469335
170.926822
136.099437
160.724938
125.133630
131.253639
131.809285
148.643720
159.540869
150.065686
185.173135
147.335556
108.381013
131.356791
122.412127
132.053893
115.579916
184.336846
144.897178
130.881358
129.346934
130.409671
159.057723
156.320741
108.754237
132.655844
181.757390
160.270793
163.386015
133.092839
143.519532
152.613982
157.964266
174.120115
144.604651
147.821438
121.050678
99.757050
169.787465
123.769768
141.410595
169.134287
133.587294
155.518620
156.144172
171.948714
103.915919
173.197048
194.437964
146.841394
174.936526
147.800006
129.020483
148.983776
160.812172
128.731075
175.592584
125.128280
170.612595
112.944557
121.029866
146.593821
119.665834
140.276548
135.214715
137.193754
149.583405
152.936405
148.198077
139.286197
122.653975
157.967121
197.320038
147.028021
119.568322
111.615075
153.249949
164.627806
170.840190
152.176897
146.887562
176.010802
175.593315
168.179490
164.672234
158.347524
129.788347
151.677413
104.989906
152.959693
135.400835
106.918580
149.077548
124.176543
147.861583
150.865285
159.714398
149.729233
176.166700
141.285983
125.053315
172.219009
122.517144
169.904941
110.145644
128.408831
160.717465
146.933950
134.760011
131.595064
144.638942
167.027856
173.719783
99.086948
170.753499
157.159758
139.508791
108.860666
110.400297
156.748483
144.614513
164.551464
131.567743
141.579680
155.718980
130.213713
151.434970
117.914479
152.644181
149.952458
132.526657
153.913056
126.380854
134.865796
146.272195
152.353585
129.967152
145.078529
150.051827
89.874316
136.718819
190.877258
166.390851
108.635406
148.836020
99.894953
155.652958
146.324069
191.312435
143.419326
125.369728
141.891774
155.613709
154.200687
171.097690
127.600796
153.912057
152.605620
185.894228
131.982621
151.372328
112.782482
137.166825
152.190314
173.720836
135.478609
106.634411
103.391746
122.518177
143.125030
154.176775
113.369780
167.872554
89.377345
164.280081
145.317038
155.247956
164.395856
151.051630
118.371511
152.247775
180.223550
153.299898
120.733982
96.327077
148.513620
126.438185
136.668461
153.615460
152.170581
147.332009
112.662969
126.823740
136.276025
138.298095
129.260209
139.036459
148.487364
115.396196
178.060747
99.932881
140.462132
131.597254
154.672555
129.978062
147.296317
131.881476
139.244842
127.256676
113.271851
132.651385
171.346553
124.978776
101.217652
119.574770
143.853132
156.405352
135.051669
137.090234
150.776478
171.517195
123.986195
164.176277
150.263129
162.058973
98.146140
146.095639
119.938440
137.210258
160.737539
119.420829
164.687671
123.100925
129.860635
152.340118
133.234582
129.825628
137.359533
168.973339
149.451003
160.040980
133.613878
113.256759
166.555508
172.371413
129.156835
167.758871
124.157059
124.396632
145.582346
151.858994
146.861878
135.007401
163.961552
172.008463
123.222268
128.668437
158.999510
150.145732
149.712068
103.190942
136.964315
158.360906
147.407801
147.188067
140.417254
145.819718
159.563415
143.594471
132.966921
146.239726
173.066395
135.212003
158.984571
185.022745
159.837393
151.928752
130.392110
146.432949
115.564025
109.078639
160.214117
153.743762
145.441333
133.276518
142.466394
115.223524
118.067285
168.547802
181.310516
159.488209
125.252285
170.055476
186.835118
145.935910
135.718106
132.616850
175.588705
138.907771
129.419368
153.612575
111.177009
126.713640
102.644686
189.292762
177.429338
135.764773
146.336721
142.736043
132.394530
156.184243
174.295180
139.768924
172.440112
155.572570
129.768043
190.218222
158.693543
131.677067
132.762529
144.761770
159.144470
124.929161
165.860064
172.402337
127.213978
104.231925
167.602496
125.638732
152.374245
153.859162
119.027535
151.002830
122.641108
123.439462
112.145595
140.423672
144.407826
111.870278
170.272340
173.933900
160.010525
155.188958
121.213223
94.007240
111.744574
102.135180
155.980922
133.209990
128.884771
142.456328
179.020667
127.186015
147.944702
126.356627
147.159089
137.313314
131.475161
166.773007
119.072177
141.971397
107.267840
109.481144
142.616949
167.052700
158.486119
116.093154
170.269521
143.933088
162.670630
109.009817
181.075685
106.681607
121.274498
153.396393
138.392999
97.881073
147.077962
129.005051
142.860646
191.864094
171.894076
163.978167
106.920929
136.266328
152.172870
162.816059
128.517022
159.837340
133.627469
162.041397
154.329910
167.429533
121.861265
146.068160
141.223874
118.580720
144.906957
158.760575
89.171731
141.025873
147.700802
149.399193
138.972024
138.334299
129.271780
148.803031
148.794674
196.163773
148.136421
129.524144
153.053377
155.879314
154.496112
95.146709
132.389440
106.123805
176.365708
127.719894
184.121585
134.008299
114.457449
115.489163
122.504019
142.523242
135.811670
140.505169
135.267140
129.767776
165.432143
157.865672
171.057901
119.324413
179.379736
159.185650
137.953055
164.570700
149.687509
105.185878
153.498295
120.137507
174.242472
135.695812
166.720218
88.905538
128.238241
175.570929
122.749178
134.374896
159.981357
130.684418
138.920583
147.757639
140.900214
134.738540
146.714911
159.010319
148.072316
195.562241
164.894346
100.481170
144.957302
141.825166
124.510146
148.129178
168.264233
171.209624
137.826595
142.913540
110.985318
163.221791
111.649669
172.226901
99.275299
148.256273
143.974241
143.029018
123.424505
129.156115
123.127806
159.409011
164.186521
118.709249
114.430057
153.642731
129.245465
114.507080
114.610418
157.656605
145.942279
160.796908
134.406458
177.281997
97.284782
107.465859
151.942076
160.310830
129.845094
151.869734
125.173006
179.020732
170.292685
148.893419
98.462764
109.394254
127.127716
131.037611
131.779406
148.224771
127.326053
122.217308
129.852422
120.523314
174.686040
112.075186
132.390982
120.862035
134.007398
155.974021
104.446637
150.310080
133.858550
147.305766
114.829213
99.091282
165.508131
140.620253
170.629338
116.629909
146.844641
123.903236
143.882669
133.962500
163.989093
109.039290
140.812135
156.132551
162.165120
137.768998
132.259576
109.665749
137.234848
148.927431
149.432258
161.014831
120.709819
148.325086
132.355285
133.786922
150.424370
156.211701
130.161285
157.647987
142.203006
127.395127
161.111063
118.474830
140.446255
180.744447
94.739505
154.745385
139.368875
148.214955
150.415211
109.473483
136.157287
149.228329
162.351763
124.626242
162.588094
121.778684
125.140045
133.735405
168.209042
139.092181
127.317526
143.634251
123.153644
139.756606
168.556103
165.076078
149.208036
115.088034
143.718924
172.484765
176.918670
149.189813
155.349614
109.712020
131.775555
180.132797
163.726700
138.133138
148.955393
139.861493
157.692344
142.716366
164.767019
161.173607
122.571149
160.066163
132.900081
147.460656
134.647578
122.846475
131.378450
121.940518
142.797771
127.401338
130.404472
131.873261
138.635914
123.468849
158.444102
127.184905
156.171010
124.995142
149.698248
178.133355
145.965722
145.720046
166.420435
126.623167
140.400534
167.734441
136.154395
157.730122
167.459298
101.049627
137.649973
111.917671
184.378315
125.991149
129.845215
150.044216
156.049540
146.357346
123.533024
172.577850
127.682977
114.391159
139.544911
158.222549
120.581693
112.158338
125.861352
134.500806
170.150550
185.276225
129.738853
130.561007
137.229955
126.778380
175.731017
115.434633
114.959389
113.198137
131.226313
117.583153
153.598745
152.092763
173.786335
176.069131
148.746787
140.330625
140.913684
136.711823
157.277018
176.358234
147.674164
113.909394
152.285902
155.812974
135.684415
126.170041
124.677412
142.641344
150.283182
127.199224
160.050955
139.250680
111.434079
142.181350
166.173302
126.303656
174.179861
132.062372
166.560676
128.410580
118.770498
166.206526
149.669272
164.595220
147.488735
170.712884
175.840211
130.760611
199.780624
152.446246
128.064751
174.796456
158.268353
180.301248
158.156870
181.680497
97.788999
87.668035
162.109602
162.695807
186.106117
142.488071
156.742841
159.244705
118.925053
132.845317
164.027684
146.937282
143.576800
135.687384
194.771202
187.836545
144.246610
122.580769
144.121212
130.174503
167.497879
170.685842
126.322479
130.726734
148.834211
92.330579
159.501202
122.535451
127.547172
115.954418
131.353406
109.187409
161.774656
128.929957
159.672565
180.966655
157.123352
169.967787
105.337046
158.607294
161.567774
95.260645
138.892828
151.170322
143.906630
140.635153
118.548160
131.770542
138.434287
99.196515
148.036128
194.262823
103.951840
141.354913
160.128205
140.970317
147.321441
118.151414
125.941343
137.820000
172.088971
133.167782
149.628172
163.008523
153.524148
145.788915
157.270135
164.991643
174.413909
169.758432
137.898778
158.478888
180.897012
127.883803
139.837307
131.698564
122.088126
177.235961
187.596931
157.336053
146.698411
105.135205
168.822399
143.341953
146.227044
124.079443
113.495050
156.770674
177.167851
166.199401
156.977101
141.478132
177.939976
143.225210
109.596119
148.123728
132.674513
142.528463
163.348687
111.035869
120.138409
129.977422
127.905236
152.854496
130.086172
130.713533
115.331390
157.654475
173.125077
135.728677
134.638089
139.821120
139.040633
153.141479
147.949147
131.136028
141.140147
116.497859
128.179212
133.370905
181.507698
142.953662
187.012812
106.742133
145.648584
178.028818
138.371908
160.395241
159.702101
154.742558
171.526188
104.094680
169.329404
154.631220
148.108565
173.282033
157.134727
191.674853
100.674071
132.126071
126.683038
128.121191
108.008149
166.536586
137.150134
146.874242
124.793619
131.348704
129.763748
135.483547
131.261079
168.310601
116.534108
138.640054
134.164243
127.121281
111.161074
100.198778
137.320682
124.643394
142.909466
143.871186
136.892700
173.913237
100.047762
157.474171
135.148095
178.025820
155.898871
138.626671
135.732439
103.822657
145.272564
154.845615
113.664513
144.589713
83.344056
125.838506
154.920968
148.097757
129.523896
139.727703
120.330078
115.455278
146.718233
135.867817
125.570346
119.664271
144.222989
143.238078
153.139389
141.615023
135.090604
197.806307
165.656950
132.725972
124.251098
165.205044
147.180217
145.451449
151.514962
128.039374
157.090183
135.919697
140.512971
144.147791
167.870059
190.145289
153.636742
133.219464
164.331213
161.062287
201.508167
164.155158
172.292227
115.846461
155.295162
133.604796
121.540062
164.110114
146.207982
124.654923
143.196408
146.459089
123.264833
118.342591
155.018383
109.773387
112.293535
166.084377
167.367341
180.683876
172.086934
165.021326
139.085402
144.929460
159.726449
146.015501
151.576606
115.514983
109.026536
159.878454
186.158974
141.554262
172.829346
150.296659
159.694323
115.023486
131.363111
155.864853
156.217619
114.813185
177.101528
129.106968
130.832930
121.204588
143.887270
169.052390
161.695889
143.330777
104.200339
160.388332
135.534941
153.122188
154.279036
146.743052
149.217850
136.311435
186.620793
138.288750
114.414529
122.656380
117.479737
125.278318
173.540537
160.761687
155.339423
178.325136
114.666867
161.495609
147.611470
132.500616
187.579278
130.043474
120.356848
130.510664
159.638046
143.366429
153.887377
139.472101
119.168280
131.585621
161.447098
117.987684
150.587185
132.633320
143.542687
132.403453
122.594751
135.708536
131.341940
129.450490
170.570735
175.879177
122.711523
120.925110
134.616068
169.077126
154.114397
137.272857
139.623867
104.455427
136.097644
157.857826
149.573611
151.304477
128.927000
166.451010
111.893750
126.940471
89.698569
151.786891
144.670692
106.047023
143.979102
178.155150
120.391052
126.976472
116.118213
114.590806
111.510996
140.278536
138.316676
148.417999
137.649673
159.495332
155.326258
163.461474
152.212899
146.035229
171.639887
114.070091
146.798626
121.427770
163.155742
93.580643
150.143959
146.895984
142.730550
124.170738
167.194481
163.444785
176.628007
146.122280
153.315447
144.674676
130.622852
150.365041
108.570911
152.619727
150.944806
130.385253
139.313554
170.270468
140.365985
110.646891
104.840993
121.730877
150.751564
177.088086
155.158659
147.126918
154.200639
140.345428
149.212803
152.538613
176.084205
140.001038
123.044668
143.206316
111.297112
132.530342
97.566441
148.644592
138.751506
159.696256
130.200451
143.592844
129.273211
141.646028
166.358027
147.981050
165.188487
134.275018
145.273108
125.750269
106.541011
145.194889
123.573987
171.827632
177.536777
143.836097
175.594640
126.393592
125.546235
122.618891
156.271164
165.866625
137.018351
137.221547
168.180235
105.699013
128.694752
