6.620560
1.009795
8.748727
3.034607
8.045798
3.678488
2.993031
6.707605
0.768351
6.720509
10.106045
0.115333
1.246614
1.244284
4.146197
1.878689
5.993411
9.175412
3.271341
8.395894
2.713449
4.400642
3.593802
0.747010
6.407684
5.754933
6.219656
1.041483
2.637948
9.494694
6.705434
0.282178
6.197475
4.503500
0.477344
1.126646
13.089306
5.110835
2.906598
7.535315
1.121288
4.352114
3.870342
2.026783
4.845693
8.494017
6.515824
1.676826
11.635440
0.466162
3.673735
5.446835
9.138942
4.698796
6.253685
0.513263
4.396613
3.605912
2.619541
1.700480
15.670083
2.262679
1.117837
5.006987
5.741749
9.620096
3.339169
3.145888
3.317245
1.959045
0.080459
4.611664
6.453889
0.974686
10.151272
0.932545
9.388152
7.648700
1.236939
1.997990
3.701458
6.355832
9.750168
2.666517
1.502835
6.270279
7.763659
1.205500
12.255708
10.666697
4.890616
0.207257
3.716432
1.671915
2.528682
5.588888
4.183641
2.054471
5.265533
0.147443
9.437755
0.970268
2.458920
2.259368
5.281688
2.074129
2.830062
13.758154
3.189438
2.578191
12.620143
3.817801
0.895844
10.786288
1.638655
4.231698
7.424073
2.590828
4.507645
1.051799
8.906870
0.841885
6.727314
1.223674
3.548794
7.037591
7.179404
4.899446
1.661859
3.390565
6.682626
7.720776
6.980699
3.053483
5.591995
7.911713
1.446864
3.720781
2.748090
2.408195
0.216286
7.289820
3.568450
6.618629
4.044677
1.543426
5.458803
5.729247
4.789983
1.018563
4.405151
1.142042
2.214172
11.507240
4.463970
10.476232
0.157646
5.946510
5.824550
2.211394
1.663530
0.000209
4.102378
11.217323
0.965955
12.814328
3.105066
7.357217
0.124734
5.965697
3.755021
1.554704
0.557793
5.450724
1.765840
5.211510
0.874207
0.901390
1.688543
10.764324
10.272399
1.760065
2.627707
9.383443
0.802780
8.432259
2.387538
6.343003
1.144702
9.314401
0.122710
4.897303
0.340529
4.809840
5.868858
7.800215
3.888486
4.034694
8.656878
7.627926
2.842459
2.334763
1.819308
10.519016
9.260442
4.005507
0.621891
2.927565
1.958199
1.766255
9.522814
2.765694
3.023128
3.461575
2.856832
7.965276
5.738237
4.019692
7.064958
5.160526
6.204257
1.437680
3.514964
1.461860
6.855553
9.039622
4.348604
4.233704
2.386230
1.244188
8.714058
6.518018
7.415934
0.246110
10.255726
5.636595
6.337638
0.221870
3.786237
5.964350
2.511377
3.072001
8.343073
3.642734
0.353802
2.124780
1.462282
8.254206
4.776718
5.381152
1.647347
3.398244
4.216509
0.433913
0.601172
4.873558
0.419186
0.320293
9.667817
6.690549
4.364751
2.302805
6.684141
8.611786
9.879181
8.132232
6.675236
9.908761
12.738890
3.075696
5.378835
8.668457
3.550162
3.061594
4.469344
0.688548
0.690214
1.472702
3.558196
7.884460
8.890039
6.053327
2.232446
4.421184
5.840454
8.205367
3.830505
0.107861
0.865671
3.794723
2.835635
1.241035
1.969944
2.444752
7.621329
2.283739
1.032580
0.026016
6.415998
0.706279
8.042701
4.110759
3.418117
1.746885
1.850459
0.701341
0.348332
7.914681
4.165045
6.296518
5.478427
3.004144
3.719474
2.787743
3.222825
6.029072
2.018755
1.952693
4.132281
2.982381
6.246347
9.519591
4.051962
2.699872
0.414111
0.381207
4.647801
11.187363
9.319879
0.667926
10.180388
5.863192
0.829692
2.261891
2.930895
5.293672
8.325150
6.752194
0.582073
0.148402
1.206024
7.901848
2.671734
3.681345
4.015001
7.908021
2.126663
4.875587
3.707354
5.377430
4.027791
3.675414
0.001910
3.598967
6.621369
5.461131
9.664029
0.433323
0.915216
0.912542
0.673090
1.244085
9.592350
9.296459
13.549013
3.354412
8.945068
2.999677
1.125702
0.359774
2.178390
8.577809
8.162055
7.138105
1.167612
0.249783
13.829815
1.950849
0.943624
12.089709
4.573002
2.244774
3.243267
0.129670
8.259670
1.456763
5.696145
6.555918
0.703277
6.759802
9.939070
1.761350
5.487025
1.526585
4.028822
3.207679
8.736735
0.033157
8.848997
5.088248
0.694133
1.466805
5.632175
2.822783
0.554961
0.921921
5.332621
6.292394
2.539196
7.632255
4.131106
2.297702
1.721423
0.252064
1.642012
7.009354
5.169759
3.894977
8.347208
4.351955
2.647522
8.336461
5.747095
4.995900
1.583222
4.921020
6.527283
12.014174
0.691063
5.342763
0.424456
4.394054
1.945635
7.221469
7.098452
9.383499
3.020525
4.008290
2.951340
2.518999
7.380785
10.027413
9.141303
10.906436
8.099759
2.297622
4.288777
10.540202
5.076929
9.768732
3.466427
1.475650
5.098149
1.433146
6.842846
1.100864
4.681155
2.214823
7.172104
8.582026
1.678068
4.137398
1.028948
6.914423
9.610327
3.705557
5.735731
5.330221
2.440159
5.218109
5.192581
1.430236
4.448270
1.894499
2.703573
6.347757
8.859611
5.753832
2.791823
5.702614
1.727803
6.628300
12.234531
2.425865
0.053779
4.319082
6.879469
1.365414
5.465864
5.115473
3.069824
2.384353
11.520820
3.369786
4.268619
2.871568
9.476390
7.461553
5.388678
3.883851
4.846399
3.808194
6.296282
1.685885
3.121736
7.925652
4.967084
6.082122
7.379298
3.817658
8.610596
0.371881
7.476861
6.149795
3.624103
7.214772
6.248748
9.613154
0.249227
2.970971
3.179518
0.901941
5.021461
6.043814
0.974103
5.265311
8.274041
3.799218
0.844357
7.619820
6.702795
1.597999
3.221768
0.151640
9.613874
2.721014
2.837113
2.649593
0.767451
4.693607
8.673767
8.690388
5.645724
0.259743
8.624433
4.444760
4.780721
4.778752
0.035421
2.394215
4.983643
8.447051
5.666329
4.495935
4.900307
4.153550
3.624262
5.655010
6.369703
14.981079
7.048746
9.152577
2.774453
2.357554
9.066482
7.948229
3.269789
4.193945
1.985479
1.132126
8.001849
11.779994
1.279540
4.307200
6.902341
2.885136
6.434708
10.212167
5.282670
1.582375
9.729952
8.137710
3.332162
11.307428
6.999656
5.997304
3.524581
17.693556
2.141374
5.544446
5.146290
5.381817
6.098993
1.055254
8.863555
4.824629
0.642032
1.316332
9.127416
3.244394
2.321608
4.059028
0.047292
0.771211
5.355527
1.002440
0.070281
5.642137
7.431438
8.315767
0.103325
2.016873
4.412867
7.624750
7.818276
5.590740
8.383877
7.119247
0.296049
0.373210
6.857139
5.495436
6.249342
4.350426
12.800747
12.034233
12.411893
1.135618
5.820166
4.613313
8.235910
0.185457
2.982983
1.729818
9.859833
7.588646
4.151425
4.691444
13.184088
10.361499
8.143279
11.164013
4.350024
1.257249
4.703960
6.572443
0.670404
6.695980
1.258483
6.304673
3.360924
2.658318
0.400773
7.043524
8.550149
0.694183
4.229699
6.445031
5.938060
7.050950
4.486309
12.168648
5.086688
3.806286
2.203707
5.586999
1.291395
6.776039
5.336749
2.702891
1.635225
3.259040
8.306331
4.327472
1.610919
0.180160
2.878773
7.355303
5.033784
3.904199
8.608220
3.492367
6.943264
3.487137
3.918800
3.305345
4.596984
7.035316
13.913564
6.212058
4.043758
7.898414
1.485008
7.044257
24.031031
4.152313
0.801358
6.177055
6.413723
2.726137
0.390398
7.468476
6.413466
5.285390
3.706674
2.860724
8.002460
4.448799
7.966198
5.389438
3.156363
8.501871
0.226045
3.525277
7.825322
0.892598
5.666243
8.010714
6.018747
5.518704
0.480163
4.994967
3.827761
0.183105
7.869213
13.618488
5.824466
7.155576
3.748945
6.496358
6.307204
4.117482
1.219828
0.472340
0.861688
0.052429
5.705372
9.223110
1.927885
2.878154
1.322966
0.859558
3.067625
11.556371
4.175921
9.490005
0.941277
3.150933
2.579809
1.625907
5.742961
5.580027
6.075091
3.714871
3.776188
4.558711
2.927726
4.635419
8.229299
5.389405
7.669522
2.482807
4.360434
10.069935
5.263186
5.260574
8.042306
7.003002
1.082189
4.593314
0.377726
3.098862
11.665968
3.648270
6.267995
4.744609
6.438500
6.084878
1.693085
7.290204
5.200856
6.391055
1.969574
6.299101
2.026235
1.080064
1.646790
0.299975
14.370334
9.332339
2.948848
9.117452
0.118335
4.446827
3.293342
2.416994
10.996387
5.899387
8.138569
1.522680
1.412020
7.007659
2.684659
2.619510
8.826665
5.532749
0.382567
2.418151
4.613568
9.722624
9.829336
8.363754
5.638985
0.891904
2.259941
5.584522
6.941149
3.212458
7.690697
2.658557
1.805500
2.510871
2.290404
4.483559
1.316665
6.875734
1.411435
5.394248
2.689589
5.519543
4.790858
8.643038
0.820038
2.504914
4.692257
3.072448
8.363026
3.027398
7.471114
10.929908
2.887984
2.635611
5.674498
3.650236
1.307077
2.338997
5.296714
0.756602
0.948349
0.897681
2.166233
0.355169
3.857255
0.935928
0.930929
5.808089
1.490509
7.247386
0.830963
7.701379
6.577664
3.844825
7.990384
4.417219
6.005062
3.708784
2.667464
0.974146
0.739505
6.347646
7.132409
1.245723
6.883699
12.059223
2.424186
5.937918
0.395066
8.548974
2.842575
7.497854
2.936160
1.160757
5.635329
0.660644
4.673870
5.648646
1.711298
3.469833
6.981559
5.565941
7.468132
8.036061
5.293754
2.550141
5.119702
2.564656
8.691978
0.037881
8.042479
4.628406
5.615619
0.501706
3.408410
8.611605
4.769928
8.462275
6.788125
11.470911
2.484838
4.239480
6.003235
9.264277
9.635627
3.052476
13.111528
3.217737
0.531794
7.549356
6.318709
1.061597
1.266033
17.178029
1.717186
6.143369
1.587296
6.733444
10.513473
7.956910
3.363948
8.158551
3.340184
4.909731
5.997694
7.489758
3.734335
4.317200
9.147039
5.775052
2.151575
11.383709
1.706535
2.511906
6.381862
3.532850
9.141186
9.446689
5.379625
7.958225
5.068818
2.157535
7.522139
5.624208
7.694435
10.184542
5.033665
1.311014
2.774586
7.961483
4.583060
3.291598
14.960741
2.261484
0.428544
7.940234
0.032996
4.414127
6.050352
7.842156
4.904735
5.714107
5.127955
4.930282
5.918290
4.850242
0.846100
2.013173
12.827378
1.445706
4.819232
6.563641
6.752127
5.641233
9.550643
4.287111
3.075862
0.107085
5.394041
7.014506
2.377212
10.205129
4.363519
8.654336
5.916101
4.416325
6.831668
4.003017
7.055934
1.016319
8.720406
0.451988
8.248929
0.199152
5.290883
7.872809
2.436945
0.863753
