1.294473
0.633354
0.018832
1.146726
1.106879
1.929820
0.220281
0.144578
2.379370
0.143052
0.601767
1.676463
3.828670
0.195518
0.049383
1.299874
0.127829
0.433627
0.761287
1.713998
1.060418
1.985024
1.618764
1.436630
3.678912
0.024925
0.155771
0.172591
0.473657
0.752211
2.275738
1.877340
0.192788
0.029676
0.034649
0.455322
0.786417
0.317528
1.160545
0.249207
0.636642
1.441102
1.392506
0.898062
2.010226
0.063993
0.119954
0.511409
0.960286
2.283543
0.156260
0.903254
1.217931
1.104720
0.515392
2.281546
2.255032
0.200296
1.821195
0.220817
0.741142
0.255447
3.512799
1.632110
0.362491
3.481995
0.045322
0.030700
0.793200
3.181217
0.127123
0.774370
0.078856
0.391969
4.351943
2.864841
1.871493
0.952509
3.911276
0.333031
0.003283
0.363979
1.442793
1.324365
2.936612
0.622226
1.003905
3.033582
0.352854
0.781499
0.001312
0.826907
3.323387
0.194151
1.969108
0.100774
0.394524
0.052751
0.177788
0.194681
0.632309
4.894596
0.037088
1.520576
3.504085
0.494349
0.113098
2.094274
0.496822
0.350647
0.331549
0.718836
4.481792
0.025960
2.682433
0.474225
0.087208
0.745670
1.693154
0.019053
1.652009
1.653781
2.994033
1.797300
0.395036
0.907494
0.189123
1.019254
1.171475
0.120744
0.790586
2.919410
1.905860
0.516250
0.694445
0.092656
1.383115
0.622040
0.018810
1.396680
0.351172
0.790261
0.001916
2.069644
1.684499
0.522913
0.310202
0.024483
0.099799
1.567966
0.466730
0.227303
0.382052
0.217046
0.817036
2.028813
2.171851
1.546307
1.617773
1.417846
0.875745
1.087664
0.759055
0.542367
0.774209
0.810151
0.948600
0.018300
0.031366
0.067930
0.726067
1.714695
0.963107
0.332946
0.213800
0.943857
0.924642
0.526725
1.089298
0.170437
0.696814
0.514188
1.446010
1.913535
0.453556
0.151014
0.154592
4.701344
2.899263
0.448109
0.348629
1.093859
1.497914
2.611915
0.471013
1.794016
0.034964
1.890575
0.221133
2.082334
0.760349
1.420731
0.708189
1.294155
0.421057
0.074918
2.562497
0.868082
1.356266
0.282993
1.867776
0.942663
2.700882
1.041114
0.077538
2.318714
1.313119
0.226138
2.434107
0.721541
1.550814
0.600019
1.989772
1.131838
1.634108
0.120899
1.390494
0.211591
1.617638
0.018192
1.268925
2.453702
1.738430
0.010602
3.440435
0.275802
1.109634
1.344125
0.188337
0.035317
0.027813
0.127958
0.502936
0.030031
1.170323
2.905263
1.131328
0.564414
0.629678
0.521677
3.142447
0.063071
2.224178
2.645377
0.504244
0.432760
0.120783
0.087144
2.531287
1.090743
0.251041
0.246864
0.230009
0.076771
0.883173
1.430847
2.809916
0.277571
1.447509
0.498421
0.209819
0.191329
0.049553
0.199939
1.897100
0.349034
0.123538
1.297029
0.410252
0.473548
0.385897
0.250219
1.178860
1.316943
2.421892
0.347937
0.110332
1.269563
0.175579
0.085515
2.885190
1.214932
1.696295
4.057426
1.514898
0.539337
1.222230
2.665879
1.611625
1.549693
2.003241
2.856213
0.064577
4.854493
0.441933
1.034848
0.069736
1.073598
0.876270
0.888944
0.121393
0.071852
0.039634
0.533326
1.398539
1.602664
1.128060
2.497860
2.217460
0.434355
2.290779
0.750833
0.805259
4.068293
0.832789
0.369168
2.629675
1.026240
1.783855
0.621695
0.517903
1.533485
1.300598
3.040048
1.004444
0.359486
0.794728
0.262403
0.422730
1.290866
0.554285
0.376373
0.749877
0.961345
0.694251
0.120283
1.545973
1.617399
0.688347
0.049443
0.138104
0.720745
0.939046
0.454536
0.509300
0.620147
0.004220
0.210583
0.527300
0.118625
1.248142
3.646705
0.231115
0.326907
0.151135
1.742718
0.251161
1.200274
2.199311
0.315306
1.774408
0.431245
1.236154
2.343997
2.009152
0.231555
3.815315
1.568452
4.193111
1.316732
0.783067
0.555421
1.814696
0.465866
0.358691
1.193564
3.897497
1.877892
0.566172
0.905446
0.218440
0.708733
1.802273
0.163145
0.233321
0.144459
1.029175
0.101106
0.832410
1.318858
0.111352
0.680271
0.050719
0.221446
2.607684
0.323546
0.155803
1.431697
0.874724
0.254686
0.114205
1.063956
3.766190
0.450675
0.009287
0.980724
2.438300
1.557050
0.736660
1.009622
2.832696
1.138452
0.229041
0.218317
0.808733
0.509192
0.345724
2.315605
0.616397
1.353608
0.093453
1.023775
1.620284
3.329836
0.103855
0.836713
2.823219
0.021567
1.645121
0.825052
1.201403
0.210166
0.176863
0.193520
0.319732
1.227927
0.003724
0.332439
0.251951
0.907265
0.896559
1.535670
0.323636
2.709438
1.361127
0.260430
3.072273
1.479029
3.468722
0.031996
0.177701
0.079779
0.018608
0.005284
2.299958
0.028127
0.009347
1.849189
0.834742
2.622028
0.178262
0.032640
0.640508
0.039895
0.005449
0.479552
0.300214
0.910294
0.139704
0.651361
1.441364
3.412986
0.657794
0.655823
1.157722
0.328170
1.625196
0.264244
0.387279
0.292394
2.127919
0.077421
0.409181
2.944079
1.635227
0.769388
0.863209
0.189433
3.010766
1.431054
0.919684
0.903192
1.501017
0.901819
0.244248
0.803027
2.501050
2.477815
1.507115
0.182107
0.569100
0.559210
0.456592
1.733754
1.024960
2.134126
0.203410
0.116968
0.436996
0.032611
1.131980
0.454922
0.754356
0.429044
5.407976
1.534981
0.857639
0.218453
1.640605
0.351644
0.757537
1.218889
1.032094
1.746233
0.223778
0.432521
0.342721
0.606477
0.074236
1.035278
1.024530
1.318479
1.421393
2.155688
4.133242
0.120557
0.795460
1.072238
0.629661
0.108635
0.099579
1.974656
4.333925
0.283230
0.046246
1.794512
1.175109
0.782792
1.728526
0.328516
2.469882
1.831276
0.111793
0.462750
0.271649
0.420266
0.419874
1.682268
0.397563
1.043471
2.309855
0.444893
0.962974
0.898773
0.508648
1.526249
1.263596
0.338245
5.477787
0.085707
0.435998
0.365871
1.782406
0.272146
0.972908
0.938553
0.046265
1.464015
0.041381
0.340291
0.019130
0.202164
0.353206
1.530035
0.750894
0.394305
1.081006
0.364304
2.050812
0.484798
0.482893
1.218081
0.045976
0.295960
0.202644
0.464685
2.393456
1.051132
0.202506
0.418207
0.050543
0.909279
0.346668
2.323086
0.114438
1.599436
0.031631
0.259081
2.148027
0.099702
1.772333
0.130994
2.747021
2.386261
1.158710
0.594487
2.313369
0.458233
1.132889
0.147907
0.395991
0.110705
3.248134
0.365685
0.152189
3.115350
1.126387
2.233207
0.648614
2.795383
1.285601
1.625282
0.900963
0.726486
0.039925
0.338583
1.083446
0.012984
0.442136
0.314435
1.883572
1.653119
0.195430
2.744939
0.880057
2.891319
2.239509
0.316292
0.845735
0.317190
1.501848
2.193419
0.082780
0.737562
0.923304
0.006765
1.153628
0.112343
1.929830
1.032839
0.226045
0.129762
1.175847
2.272918
0.570930
0.061177
0.281646
1.474106
0.357338
0.454436
2.866365
0.051527
0.342068
0.747354
0.779431
0.121694
1.702573
3.063171
0.014555
1.045322
0.425327
1.173336
2.001126
1.040453
0.160850
2.976136
2.290708
0.235536
0.040581
0.579910
0.493420
0.896697
1.571974
1.307881
0.504513
0.913965
1.547031
0.340066
1.615003
1.253743
1.918752
0.336966
0.689550
0.024254
0.978025
0.806345
0.359174
0.804187
2.474350
0.262817
0.010612
0.350635
0.453410
0.163571
0.723123
0.225436
0.257788
0.503860
0.203397
0.837093
0.381409
0.022029
1.086256
1.414063
0.126918
0.824971
0.573588
1.311092
0.479560
0.149333
3.379678
0.838682
0.941802
2.629116
0.890156
0.204872
3.030204
0.217153
3.012956
1.142986
0.763460
2.178404
0.036202
0.449398
2.672275
0.403828
3.818405
0.168531
1.380743
0.028618
1.773027
0.428543
0.537654
0.786638
2.453951
0.686512
1.052185
0.063519
3.810841
0.781573
0.708767
0.173842
0.007046
0.419909
0.425193
0.142277
0.493849
1.798612
0.238850
2.102529
1.254010
0.247341
1.344383
0.684698
2.410641
2.481378
0.852805
0.530728
0.544408
0.248773
0.248902
1.135459
0.463373
1.203701
0.334015
1.991914
3.510235
0.524212
0.304549
0.273217
4.225797
0.047794
0.660088
0.807361
0.042853
2.467325
0.677829
3.197701
1.140069
2.057345
0.810035
1.573996
1.109094
0.779141
0.673770
0.194309
0.373413
2.900096
0.066462
0.435540
1.831787
0.036393
1.277600
1.354331
1.310288
0.452215
0.223018
1.824121
3.446224
1.062604
3.290896
0.508327
0.819031
1.854828
1.144018
0.107679
2.048517
0.164649
0.188553
4.533708
0.818873
0.042704
3.160399
1.265243
0.360970
1.425452
2.734984
1.273283
0.656357
0.060357
0.671465
1.231579
0.009405
2.835271
1.715819
0.824236
0.560887
0.114923
0.195531
0.531334
0.115658
1.061882
0.622277
2.044928
1.108596
1.631254
0.262582
0.128999
0.275502
0.190355
0.933414
2.191811
0.464319
0.950855
5.416657
0.807164
0.582719
1.631602
3.042599
0.852255
0.146446
0.165244
1.983432
0.419942
0.454522
3.981803
1.064883
0.090864
2.951494
3.889967
1.771548
0.127397
0.393616
1.112633
0.947717
0.737227
0.581248
0.015652
0.205569
0.461308
0.335691
1.275891
0.251586
0.028504
1.777356
0.928005
0.669253
4.229389
0.762749
0.462519
0.111031
1.131074
1.562443
0.044734
0.420926
2.838366
1.634715
1.013607
0.445331
0.111446
1.289777
0.091619
1.022931
0.408922
1.706445
2.858220
0.306154
0.648244
0.740535
1.528065
0.340051
0.349491
1.729280
0.192447
0.489452
0.928007
0.022465
0.094339
0.063784
1.890737
1.539818
0.205246
0.446286
1.437981
0.151574
2.946270
1.004673
0.003648
2.491127
0.441048
1.633782
0.059670
0.097694
1.305583
1.461353
0.664743
0.734168
1.014932
0.407623
0.201342
2.522774
1.139774
2.264090
0.031302
1.132498
1.480028
0.846289
0.740295
1.438824
0.676297
0.143004
1.181435
0.732691
1.710003
1.194116
0.076837
0.602635
0.554325
0.309391
0.018788
0.138990
0.096290
0.231513
0.075802
0.914710
3.096380
0.300200
0.334077
3.523914
1.298011
1.644376
0.110386
0.193704
0.396220
0.472523
4.206305
0.322507
0.895972
2.242787
1.302120
0.328549
1.218034
0.224436
0.070185
0.402667
0.130778
1.871692
1.763982
0.080102
2.385119
3.202122
4.796399
0.551049
0.691748
0.730422
2.702882
0.811346
0.225660
2.659506
0.723746
2.582328
1.325155
0.453864
1.670106
0.259536
1.994467
1.264927
0.681000
0.405148
3.483477
0.066116
1.325531
0.806379
0.967594
0.050405
0.583401
0.107153
1.883625
1.644417
2.434121
0.697556
1.593354
3.162851
0.623349
0.000987
1.607746
0.981558
2.173786
0.882012
0.529531
3.881838
0.041102
4.019652
0.075667
0.897266
0.479618
0.240610
1.725772
0.565666
0.960609
0.423245
1.136309
1.190867
1.780011
1.227969
1.122469
0.164316
0.142923
3.856077
0.010362
0.085351
1.638740
0.146727
0.706397
0.682645
0.703108
0.741534
2.030958
1.841901
1.130152
0.370996
0.189095
2.011342
0.518917
2.069075
3.160713
0.253413
0.211645
0.271093
0.070163
1.644849
1.165454
1.290174
0.026189
0.320013
0.184497
1.406231
1.618577
1.346363
3.454487
0.260724
2.446958
0.283671
0.059456
0.413038
4.338772
0.561639
1.742074
0.069777
1.177784
1.286496
0.527991
0.894978
1.798947
0.616869
0.767667
0.521057
2.788676
0.240482
0.426078
0.323464
0.009417
0.462396
3.552716
0.326441
0.469275
0.282402
0.416684
0.027920
2.919503
1.663168
0.079100
1.859820
1.582871
1.130434
0.207101
0.826767
1.347035
3.140518
2.587573
0.106174
0.206526
0.395971
1.136772
1.634217
0.566441
1.362235
1.805842
