1.692226
0.438496
1.800192
7.565399
1.251931
2.448413
3.138666
4.311661
4.415772
2.129429
4.271507
6.632463
4.834276
2.844467
4.848954
0.251680
8.099803
0.371615
2.591270
11.236458
8.598496
6.043891
1.787518
1.007591
0.147659
4.241503
9.525095
2.254672
5.083713
0.117325
8.438441
15.437249
3.316282
1.545005
6.151416
4.497917
2.499966
4.463323
4.763600
3.301072
4.966019
2.944569
6.558925
4.168492
6.652995
3.951269
0.816099
6.501054
1.189507
2.611908
8.934023
3.183766
1.741965
3.551655
7.537958
7.335560
1.192210
2.461636
9.533602
0.401859
8.001986
2.778409
2.456052
7.076581
0.820859
5.189131
2.340464
1.635079
5.986643
1.170939
5.186365
6.764037
15.737285
1.739622
9.550420
0.601604
5.252536
3.661545
0.808053
0.091706
8.508090
5.017427
4.675115
0.728283
12.838894
4.352499
0.980184
7.871589
3.043981
5.994983
3.217259
6.908118
4.917439
0.561141
3.704179
4.604751
4.322061
0.681384
10.196649
3.592853
1.147873
1.744481
2.932269
0.783806
3.019796
0.593298
2.187213
4.000542
2.663162
0.450438
3.988169
3.288915
3.287065
8.795156
0.554582
5.058923
7.309241
8.098214
1.350538
5.998105
6.918317
1.061627
0.617606
3.246738
4.366449
4.233326
3.738010
2.182048
3.416601
0.845659
5.266450
6.835884
7.850943
0.554917
4.554567
0.079722
4.127143
5.816648
1.005012
5.367897
1.211076
6.951298
4.492723
9.058421
5.204597
6.840904
10.114424
2.463229
7.993281
10.716547
3.692135
1.976191
4.527178
8.608885
6.965357
5.171560
5.085077
11.197195
11.002344
0.525069
1.405741
1.939595
5.940568
1.288612
6.000745
4.638246
0.160374
3.362234
0.675863
10.154710
0.412608
5.475171
3.663095
0.208403
0.860725
2.516710
5.158432
11.929432
5.732010
4.085265
10.827301
4.722082
5.200195
7.187089
1.053524
2.583636
5.042916
5.181270
10.137128
3.441780
1.561876
6.281307
1.997948
4.225437
2.998871
5.331977
2.213329
4.524171
7.308589
0.007090
9.219752
1.885162
2.801895
0.138446
0.564311
2.691458
7.898751
6.758741
4.922059
1.825640
6.171395
0.125005
4.494226
1.959214
1.442141
1.495683
4.591203
0.658677
4.816936
0.871549
0.068668
10.718985
9.115748
0.009920
4.690330
1.364385
7.622114
7.532905
4.551918
8.006326
0.791861
6.353207
3.054578
1.121418
0.935788
0.820399
1.577215
2.882009
2.248595
6.212982
0.806370
2.075925
5.732505
4.707586
6.605569
6.482831
0.746474
9.628458
7.628576
1.027963
6.742415
6.902761
1.865569
3.778488
8.176259
6.318268
4.043674
2.673484
1.921632
7.068466
4.851516
5.361265
7.842552
4.674569
3.386756
1.478496
6.701553
1.566504
7.146802
1.520647
1.908298
7.095666
7.822444
4.639331
5.551026
3.425822
7.094722
2.288273
2.164848
4.092537
0.139426
4.084978
6.978158
10.483571
0.595087
4.973125
2.610766
7.285284
1.920411
1.249303
0.856455
2.726890
7.707558
5.210055
4.417008
0.976944
4.285182
0.027303
9.793317
2.704511
7.899756
9.062349
6.723003
0.647590
2.042919
7.871532
5.520917
9.016366
0.664140
2.583391
8.219745
5.428490
12.608199
1.429334
0.343770
2.947205
1.682875
0.072125
0.592195
5.784441
2.991869
2.002199
1.489534
4.039414
6.835986
1.449826
2.530873
3.683516
1.056196
2.532125
0.860968
1.792696
6.042637
8.760317
2.392049
6.297194
2.214872
3.604092
1.459729
4.316865
9.191660
0.293106
7.436606
7.007933
7.403068
2.529256
0.900636
4.433382
2.112505
4.474702
13.291405
1.735011
4.768818
9.917688
1.709891
0.207170
1.669714
7.247130
8.321768
2.048342
9.308521
6.345037
7.226480
2.966484
1.128172
1.912701
4.842672
1.182459
8.270856
5.325721
1.372123
0.527915
6.073638
3.513744
0.169954
3.410027
7.621103
1.526706
1.674805
14.587056
3.103539
1.822663
4.769863
3.316960
4.473548
8.335896
9.597149
2.983274
0.698969
3.837892
1.506576
0.391859
11.056621
13.172595
2.173864
1.366961
11.183982
2.017203
5.830401
1.644205
3.226746
0.294403
1.280009
8.874747
0.538497
3.007864
6.529068
2.435425
8.388180
1.039214
0.947039
0.543146
1.746435
1.306713
8.755711
8.730508
4.665313
5.359987
5.955256
3.895304
4.064230
5.222892
7.260137
5.296956
3.521017
3.089749
0.044590
4.080257
3.316034
0.186640
5.662326
1.179697
0.920130
7.706421
1.203699
3.250018
2.540885
6.419681
0.294680
4.440224
8.187327
5.069274
1.272973
1.520348
2.154877
0.838440
1.740186
8.329769
5.999397
6.226781
1.215310
0.255103
4.648571
2.983038
5.866789
4.827660
4.394529
8.274205
7.824719
5.508050
10.353321
4.716451
6.669637
2.356393
0.625709
4.337035
3.875581
5.098133
3.444322
2.334411
10.492761
3.204181
1.874745
1.089284
0.877964
8.822213
4.771195
10.887810
4.689342
2.873759
1.133229
0.201179
6.221181
4.365582
5.567707
2.526489
6.062698
10.225473
7.329843
1.312710
0.575782
2.885520
0.530145
9.788615
8.357959
0.500362
2.043777
7.345267
0.819059
0.364687
0.314929
3.106816
1.945082
8.813324
3.536297
3.492010
2.130975
0.020932
2.902128
7.595093
2.941112
5.143626
5.624639
12.639533
7.085426
7.798546
0.264131
4.032340
4.323747
2.272459
1.019430
0.867796
0.631778
7.479541
6.240488
0.520704
2.034115
3.993388
4.486938
7.205895
0.293471
6.034189
6.196204
5.236989
0.631714
0.558564
8.054655
2.269545
8.119565
2.726230
1.751143
0.018929
7.979255
2.843701
4.593091
6.162148
3.993401
5.065691
3.111725
7.190056
1.358877
7.416863
5.465110
9.029440
2.724410
5.714291
4.862317
6.453395
1.444030
8.127574
4.481894
7.282261
2.667982
5.694344
3.188983
9.753386
0.421085
1.356660
3.728625
2.455346
5.245412
6.388893
4.328283
4.136829
2.003405
2.778595
0.370109
0.011457
0.897278
0.053507
8.555892
0.591322
8.674981
5.461627
4.200123
0.748751
2.834309
5.220197
2.574709
2.267810
1.440814
1.042166
7.374434
6.037274
0.984690
2.310054
2.442016
5.535037
0.083877
3.049987
4.517585
0.927402
5.005819
0.496041
1.635846
6.262362
9.788428
3.622336
1.437398
0.825384
1.876850
3.853405
5.511789
1.963736
6.953836
2.187278
3.985853
3.492360
2.956288
5.806210
9.980654
2.974035
4.750496
5.893813
8.067622
10.785854
1.231578
1.736986
0.453529
0.947943
8.356288
3.642554
7.015259
0.915378
4.263776
0.265312
2.276290
8.457039
4.117955
1.652713
3.688748
1.535415
6.503829
9.480496
1.098271
0.850724
1.576258
2.841172
2.060776
0.692509
2.382399
7.511741
8.189249
0.644981
3.621720
0.697291
6.209980
5.249687
1.441629
13.939404
3.208133
3.220704
13.022872
12.543522
9.609888
4.795766
0.411995
5.013836
5.460778
2.024308
3.165064
1.515162
3.789976
2.676868
9.685401
4.896898
2.379886
10.324829
4.523433
7.143208
0.879616
11.429378
10.194127
7.000702
0.958056
4.527149
6.722222
5.528953
0.793967
3.035753
0.635073
3.541078
4.676471
3.726336
2.090367
6.748028
2.083420
11.066608
0.692544
0.950671
3.765330
4.277058
0.539124
0.433071
0.699742
3.187216
10.918984
0.947002
3.561775
1.314602
3.245263
6.022500
10.401803
3.499832
6.196123
0.701052
3.169389
6.047002
0.352804
2.510184
2.840468
2.619537
8.720282
3.759296
3.133802
3.089107
3.923624
2.837985
7.763765
1.950997
5.637073
2.329136
2.434939
1.436888
0.157402
3.430397
1.834063
6.491581
5.776905
0.725943
7.945713
10.220861
7.743104
0.640855
1.844642
0.161662
4.448349
1.563964
8.737515
4.787291
5.941447
6.020184
3.030746
0.551128
1.616955
3.700460
8.360782
1.696128
0.573352
7.117294
1.944526
2.168799
0.854783
2.406330
8.364106
4.610963
9.665266
3.195974
9.025922
11.171058
4.389733
0.470363
1.475562
6.464039
2.757209
1.155046
2.998342
0.050740
4.118950
6.755577
6.901059
0.478447
3.229143
1.979595
12.534002
4.076981
6.841939
8.300178
3.420253
0.855511
8.971180
3.398579
2.736014
7.420778
1.322800
2.916048
0.063934
5.577482
1.104055
6.562271
5.126431
1.965142
1.445989
7.190605
1.714235
3.138749
4.256211
2.530192
0.685468
11.404618
10.689891
2.226360
0.081536
7.415158
0.235240
0.791180
2.839826
4.590898
0.271017
0.464555
4.161783
3.127800
6.156359
4.750130
2.576080
0.525204
5.170375
3.649624
4.583178
2.899375
9.441212
2.670407
2.128985
0.299596
1.797014
7.005328
8.895233
4.322130
3.914091
1.834119
1.814470
8.420162
2.316785
8.731795
3.375523
0.631337
0.717288
2.954014
5.790546
0.866974
4.641639
3.298607
7.550653
4.475099
5.398187
2.455411
6.209474
4.811147
6.271468
2.017610
5.126122
5.316459
3.051710
10.291867
8.600993
0.664935
0.360536
2.486883
3.248889
0.818736
2.156147
5.208095
3.976364
2.828909
6.537101
4.451032
6.832648
13.280421
2.218479
10.205780
6.100874
1.645108
7.351540
0.694816
6.621100
3.837276
2.469114
2.585059
4.788413
1.588208
2.094307
3.542017
1.683286
0.081960
4.700789
5.844729
1.154044
3.958662
0.148182
8.301765
2.069843
1.996833
2.471664
3.717709
6.646850
4.871166
0.403599
0.243748
9.326991
6.645018
0.578428
5.267418
13.194727
4.359186
6.590358
1.135047
7.462671
1.880127
7.512987
1.663348
9.806432
9.535792
0.008387
6.956250
5.839294
0.329406
3.532880
4.682119
5.511917
8.472018
9.689392
5.303115
1.879031
6.272396
1.883952
1.706164
0.547762
2.041238
1.112893
7.049213
2.613621
0.699795
3.632483
8.088308
3.952967
7.509914
0.523970
3.290333
0.736358
12.149398
5.627183
6.338050
1.698555
3.022039
1.499420
6.856955
8.199646
0.119716
4.429591
0.349562
2.418831
2.920568
5.808906
7.186031
7.317724
2.567152
2.486354
3.082535
7.547481
0.784146
2.759085
1.272493
4.128099
6.445091
1.732345
3.350674
5.382565
8.962118
4.823971
7.777381
7.561972
2.981430
7.948615
0.892006
4.161049
13.379245
4.770808
10.952154
8.661218
9.851215
8.429146
6.590991
10.566983
5.131198
0.257239
5.061968
6.519063
6.209806
1.248869
6.377284
9.367324
2.423254
7.496726
1.372305
7.103973
0.066959
0.345323
0.356930
3.276152
9.064022
0.268810
1.554154
6.509214
3.108459
1.270097
3.182469
3.382316
2.084783
10.260332
4.884074
9.286408
0.581952
2.947715
2.285864
3.408528
0.881722
6.320677
1.998265
4.249459
2.406781
3.026164
16.994557
10.009390
5.055767
0.665161
5.806789
3.324486
2.716170
0.124798
9.940391
0.595034
3.369734
10.068415
0.904566
0.746839
6.060275
3.788836
2.827674
3.004650
11.190755
2.919397
0.394279
0.999381
8.324263
9.298043
5.683064
1.047655
8.413415
2.334567
1.393526
3.034536
5.765122
5.169606
2.179451
1.425491
0.376053
4.073138
2.739043
5.104012
2.350208
2.688009
2.162487
3.591457
0.757729
1.985872
7.061925
6.883426
8.055984
3.732555
6.073577
0.718818
9.811426
4.990154
0.587655
8.232381
4.612845
2.080307
7.477280
4.914408
1.005454
9.306613
4.084587
2.165734
1.068679
8.496222
6.969863
3.649589
1.584738
3.697033
4.707427
6.216096
6.059516
0.263545
9.420892
8.314717
1.004377
3.354947
2.643012
3.576038
5.699326
0.687916
4.655441
1.509798
3.203580
0.339356
4.444219
1.321723
10.017298
4.218352
3.353816
2.891372
7.163949
0.717006
7.947781
2.530897
4.042867
5.732691
0.847803
7.957475
2.729829
0.444769
4.467858
9.423659
4.889096
1.149003
11.582737
1.209393
2.496469
4.925517
6.928355
2.713545
3.749218
1.487087
6.890100
7.849285
7.536790
0.178674
1.239596
9.422522
4.645059
2.826393
8.280108
0.114071
0.353909
2.485555
1.461169
1.531521
1.075050
6.950654
1.591738
11.811240
3.946098
5.138734
2.319352
0.234116
0.183970
6.348317
6.361413
0.137908
4.116384
3.035229
0.920063
3.278596
1.837047
5.172112
10.204227
8.031636
0.791067
3.361645
0.340049
6.372694
4.803164
0.408808
1.982095
6.468189
0.637550
4.979235
9.133373
2.467607
3.678529
5.851343
3.865936
4.684540
1.623226
0.440200
10.256951
7.211490
2.441518
2.629800
8.233781
1.085915
0.538112
7.842977
1.592821
5.919970
3.261083
1.241013
4.567174
5.188728
1.483461
2.784223
6.699040
7.797928
0.119394
1.556775
1.763759
1.699896
0.356442
2.396511
6.058697
10.253805
6.544686
1.273953
1.289040
2.576423
4.413852
7.028895
0.978903
7.027509
2.891695
1.318676
8.344611
8.966125
3.680034
8.284327
3.820203
1.582313
9.131588
2.326953
0.410963
0.173583
1.204755
4.757746
1.617744
7.466576
4.349743
3.295410
6.032927
5.069803
2.255892
4.442491
4.648200
2.944844
4.179714
4.359177
6.321439
1.891833
2.536767
3.995275
5.718984
3.781941
1.994375
2.021170
0.516107
0.895540
0.776985
9.203336
0.592163
0.692879
8.977955
1.158736
0.496987
3.803045
4.281903
0.154190
11.422470
6.607573
5.447135
0.686605
0.695884
5.909289
0.579122
2.894474
1.809221
8.018945
0.302027
5.791545
6.712959
3.108475
4.909671
4.046330
0.954240
4.134767
0.192721
6.758563
3.098985
6.054482
1.800460
2.825034
4.341418
3.787828
7.161258
6.401358
14.436461
5.365459
5.608673
7.360298
2.835472
0.443889
3.948706
2.188753
1.756727
10.769017
1.675373
7.989304
1.298246
7.840296
0.950148
8.094849
0.121154
1.347456
2.128948
2.527779
8.112958
11.040374
3.859097
8.293424
0.999218
6.914365
4.554958
1.878637
4.672773
4.126501
7.811261
3.197345
2.505887
5.064727
0.940553
2.810410
1.227622
3.200667
5.837147
1.374453
8.827452
6.265461
13.067110
1.361045
0.954876
0.595024
4.636087
1.458202
1.421656
1.486423
3.972421
5.848744
3.166686
8.127806
8.917237
0.937472
0.620014
9.374323
9.462846
0.276232
5.938778
8.788776
1.147978
0.650039
0.704812
4.729953
8.127429
2.166294
1.492054
8.061385
4.778653
1.128301
5.675427
1.219149
2.414260
0.770734
6.518700
5.705484
0.097836
3.393020
6.131283
3.838420
7.658968
0.504619
1.224961
6.224055
5.527312
3.444000
5.750301
1.959884
2.725940
2.504622
9.946278
2.421126
9.362356
5.142383
0.439114
3.675519
1.363257
5.874752
1.249642
0.735581
0.044490
4.035866
2.606023
1.413355
5.462284
3.998223
6.581386
2.307419
1.755301
0.770544
7.442087
6.119329
2.716405
0.002696
8.758267
7.516240
2.734794
6.983324
3.696803
5.842888
9.828622
3.498658
0.510508
3.018492
0.578078
0.415832
0.475100
2.238867
2.588784
1.941826
1.729765
0.449221
0.516162
1.321474
7.446341
0.998375
0.741157
3.462127
2.756182
3.582461
4.831595
7.750257
0.013848
3.380357
8.929713
1.439486
6.027935
7.577044
9.865962
4.408039
6.379033
1.507880
1.617180
2.002711
9.307058
5.645714
11.208569
0.897821
3.481442
2.455577
9.290890
7.130874
8.581147
3.760323
2.556070
7.161459
0.460487
9.016658
0.356149
1.197024
1.882444
0.890352
4.904804
6.465656
4.917409
0.076948
2.006243
9.215650
6.465521
0.736046
3.996344
4.845162
4.843243
4.258485
2.097023
0.179099
1.326030
4.235291
3.859951
9.073173
0.034277
13.066774
4.195640
4.809885
8.243384
8.781328
5.492525
10.296289
2.141647
4.143404
5.990845
3.671014
3.442350
1.376896
8.095254
5.152420
4.443083
2.318170
0.968771
0.934833
6.337983
0.475002
5.064476
2.908691
4.333520
2.923883
2.193949
4.110700
