237.410375
215.878624
249.864352
220.740588
231.129680
231.417845
225.956237
220.834547
222.567949
214.442696
251.167357
254.442213
244.704684
258.008557
263.621920
198.536244
275.013956
217.612027
274.921457
224.064300
221.595849
264.243510
224.925089
234.640936
178.510050
224.468702
214.594642
207.628338
243.207709
190.857857
259.797171
254.101585
183.628411
226.297995
210.901491
169.504421
276.564068
184.257085
237.451426
254.731703
211.660676
223.681126
202.646391
267.902168
207.454083
256.363868
233.340744
263.716359
240.924776
241.118002
215.593282
228.342965
256.362708
245.095419
189.400348
258.032481
235.723257
242.990806
267.447649
193.566292
211.745649
183.994059
279.956185
310.354785
207.140893
198.473725
215.585325
220.424496
241.004371
202.888702
224.953532
202.442475
182.653751
254.931789
265.431566
203.331889
229.442966
175.108179
248.881961
212.740639
224.722091
247.956630
214.093907
298.450735
189.615572
274.715529
238.832256
213.962407
229.500741
246.445514
247.681909
249.416323
243.367047
210.816948
191.228964
246.831240
233.656966
223.922625
220.545693
229.765088
229.403603
179.296012
222.600699
222.580237
287.224245
234.266304
258.470878
232.084561
203.515973
254.791955
233.308642
263.757337
227.089765
219.350289
268.649338
235.331684
243.672509
215.858520
246.453135
244.067692
201.176301
256.163456
183.094543
225.446627
276.835475
238.099557
206.004174
200.368292
276.805872
206.803020
171.100147
242.213348
226.444204
242.606786
228.607365
242.300129
194.983330
233.380142
207.799613
186.409096
264.473739
247.216282
239.341494
219.979741
221.097198
219.298158
210.903826
279.011288
231.216571
236.112279
207.147636
240.640542
250.581245
200.793982
242.104871
182.858368
214.774894
243.495187
215.127399
239.782670
241.615365
223.145272
202.411547
221.311482
249.759595
208.409029
287.075420
209.168254
242.089335
264.208529
257.405899
235.610133
190.972029
184.845094
227.262127
293.617346
236.599977
266.090971
267.320806
280.342519
248.471029
250.358971
273.968172
228.067374
252.337552
222.992680
197.741851
234.801128
249.593083
205.322494
192.212271
203.518173
244.879947
230.885587
235.681669
228.208184
164.076122
267.517393
252.247792
210.383068
228.933627
240.474573
264.341158
213.443021
213.173824
186.924887
257.366397
219.259753
229.658756
238.464175
273.060088
207.548735
202.806029
227.984847
230.634507
197.511584
254.962122
282.709003
221.626385
256.749814
238.240279
206.783170
239.073599
255.777295
216.303660
264.397683
201.731637
237.760482
271.625698
237.739422
224.136704
191.289974
215.183137
255.771977
273.819350
247.672058
263.290744
245.068041
196.317073
199.174210
240.464729
208.736085
312.253486
241.153123
261.527222
214.116336
277.999871
201.599912
211.208858
264.445315
239.142040
230.043593
227.900525
304.168547
215.886553
222.146761
229.122832
230.618234
199.298931
223.866188
297.920105
195.951014
238.258177
218.571256
197.190038
245.789057
209.458219
284.941554
227.989776
259.941527
257.389891
180.097295
266.787353
208.479724
210.246373
201.123151
259.755992
260.032092
165.142582
217.217808
197.919395
189.905219
199.218888
184.911632
277.375868
240.693955
237.365471
265.892394
232.647139
215.932508
217.069018
229.893859
207.163384
247.244008
202.739471
204.226846
247.649831
217.485084
255.348521
177.103264
257.027436
252.132047
271.285174
252.620296
220.894789
240.195392
200.685650
236.932841
224.123004
207.538824
283.811159
212.849374
247.077418
246.805804
261.128397
234.109610
283.956688
285.411194
241.626001
182.119463
248.303489
249.709658
268.593851
197.112409
265.386236
219.299969
266.433785
273.981806
205.520993
209.319554
216.937661
215.472085
217.048640
205.244383
238.604660
258.107622
230.963570
270.551265
213.184250
229.045600
219.173642
233.445691
197.508823
240.445637
209.902818
235.126188
249.853028
251.571654
225.161409
221.198871
228.355707
211.662066
251.396686
232.560482
257.527798
280.616108
193.425933
255.667119
213.983234
241.491103
237.429087
210.102338
244.268443
242.139985
208.571809
184.142838
255.040581
226.731252
218.115851
190.896908
233.895410
215.737089
182.949978
191.058849
241.123888
205.842074
248.684788
248.565701
242.707476
257.502902
230.259289
261.927576
240.406137
205.128244
194.515796
263.911792
217.540752
228.087911
210.162330
220.452782
225.968802
269.398048
199.548164
188.240738
285.179592
195.209669
233.088485
234.691928
253.001753
280.358682
239.929187
236.908096
246.682214
201.127637
259.407772
235.848524
268.391391
201.050918
269.386796
242.254697
222.817666
202.520548
245.710034
294.787596
251.186575
243.860865
208.883194
232.946351
193.769358
219.404731
246.455365
229.024890
250.922045
215.844145
259.582405
208.344015
205.749057
234.347113
195.246348
207.970046
239.679140
212.116914
244.275343
292.424038
225.950545
175.471437
211.021445
244.603770
243.172265
187.037446
256.408935
262.519538
212.783831
248.015979
214.591562
239.070871
251.038195
255.608125
211.894169
237.537270
260.598686
212.017310
213.732233
230.051727
191.878306
259.246600
214.996281
246.214156
238.807183
228.477411
234.856873
239.068074
257.457648
247.304656
218.597975
216.788105
176.250421
180.693811
250.723280
219.923674
228.698249
177.469924
236.610143
279.910873
210.389108
233.848114
242.954382
203.242999
222.212339
253.016181
229.856376
247.693091
246.473712
220.477712
180.336916
221.259099
220.358948
260.921942
259.683277
203.016885
175.932230
202.064046
265.263027
236.703020
222.348153
233.605827
206.857138
214.334278
252.738623
218.274004
246.323150
282.503890
245.894401
232.198186
240.171357
231.632206
250.186010
181.133885
256.690559
210.078452
252.311410
225.568187
233.384769
216.155046
214.107594
224.761710
240.588757
251.445449
246.407295
221.424835
258.360293
301.170004
241.374520
241.478844
257.283115
263.055704
266.516428
206.094531
232.439145
268.328272
271.612665
251.579676
284.426429
243.045530
230.690101
253.791429
232.942670
215.693984
242.094864
229.851761
244.648599
274.923433
250.399281
221.313134
284.687378
226.396248
174.240579
278.010107
244.699124
269.744632
187.595324
288.239115
226.036224
221.713648
225.287945
252.526212
268.227799
192.522695
244.720748
255.391480
302.215015
262.473341
226.888529
183.099889
207.366804
231.574579
295.657592
226.743313
227.534672
231.376808
286.620585
209.627457
231.433436
233.353154
236.716160
220.240948
242.578220
220.810009
204.009992
247.808034
195.160953
251.971239
236.433447
181.221289
257.714695
237.930651
224.800421
257.645227
222.915088
247.265692
236.847155
226.031451
233.087694
207.644155
207.360847
261.194765
233.600237
242.821857
249.097224
228.987249
194.632327
221.029984
229.954792
226.806559
216.074904
257.570298
222.214478
241.028322
223.883127
234.658433
239.170343
242.733253
275.129080
191.250434
196.391661
246.829808
240.947791
232.675834
204.678762
188.978058
245.951271
207.832564
231.997849
246.318520
250.252629
259.167634
242.289232
216.632675
241.240239
266.251471
197.924571
185.713718
246.945201
219.571786
235.686135
230.607471
187.109710
243.003201
192.849273
224.274799
209.584147
239.175851
225.402755
214.463962
206.141806
238.705530
210.042997
263.052091
188.486859
233.493633
190.703516
225.833995
237.682442
249.498514
240.588195
218.085461
220.230533
264.618187
269.531046
262.150327
236.458984
257.630915
256.772375
256.925142
247.793521
235.530999
297.541122
205.324872
257.676507
225.382164
180.588057
212.405701
289.607478
206.570816
233.677624
219.015795
231.783693
234.260238
212.973225
244.344163
218.465635
227.673643
240.243510
213.447798
265.896332
237.509774
270.032873
271.471000
222.832075
202.270768
183.565214
231.548774
248.221175
218.154935
159.994118
238.802973
271.689893
214.607855
297.048079
206.058430
261.666756
200.029052
239.393828
299.008522
230.500196
237.830899
272.837726
268.192022
215.663269
212.333445
233.758392
180.501050
287.087815
213.908911
280.340580
232.569058
236.422157
252.326978
241.530725
219.573963
234.220250
237.857365
220.441796
226.196617
195.684765
221.501008
259.049293
203.171630
203.081077
241.210676
259.887212
207.295823
248.270942
206.313465
253.320287
254.612921
248.776975
244.025603
232.165012
254.418867
289.078140
266.721390
247.116425
220.406169
301.334133
210.377632
275.850938
227.530512
195.570468
203.542597
218.642086
240.608185
200.468187
226.544380
235.147137
249.581805
206.743396
203.574125
227.661440
275.334615
223.557922
242.643360
187.882416
258.986801
259.394150
228.015238
193.871306
225.665562
216.179830
235.372949
193.806823
233.606905
246.442254
224.838251
266.383896
287.724616
235.569612
245.959357
257.120935
225.517307
216.479421
190.710351
207.747196
235.892459
278.558029
257.432009
223.856374
204.366148
240.019739
232.966573
256.970185
240.602295
230.111767
253.399498
268.854024
203.215338
209.333767
225.435420
249.674916
170.492869
195.541721
246.303874
211.126311
262.327601
218.345759
250.669732
226.263324
238.148073
221.159527
236.478020
210.025448
238.491624
196.414372
191.817298
248.601917
182.947548
223.131847
291.672016
215.482451
219.506952
209.332511
224.645094
240.510608
223.438295
259.654531
235.284125
218.635822
218.143263
221.011112
223.918045
232.304742
266.056915
226.571067
249.885528
201.797771
272.796382
249.199272
229.425396
220.632058
243.380722
254.864114
317.294204
219.938210
203.472757
251.069933
239.601181
233.000999
186.654105
256.887762
247.629270
265.832390
211.722609
243.705792
252.841478
240.961364
277.911152
221.644617
209.579519
238.033679
175.678617
242.470947
255.637286
230.332194
201.000065
225.191332
243.030938
201.313863
196.484379
230.798920
199.942893
241.885020
213.501581
209.730450
285.232870
214.361943
210.077422
203.806397
243.459087
271.180596
224.905719
194.195913
253.460688
249.475770
257.094608
242.289841
234.232594
254.330241
271.949197
215.414499
190.066997
235.294536
224.961541
250.238341
243.195660
298.932222
233.923058
275.995607
270.927143
260.495502
262.985292
200.171969
231.548252
245.231817
198.788898
220.275510
215.990839
191.494942
286.777397
186.453286
210.724053
223.345124
237.069749
186.307433
208.760848
188.117802
254.546800
231.444553
253.748627
201.354146
186.365705
298.310414
260.906475
211.930214
243.324691
201.845972
179.459891
171.546199
226.272915
271.200448
224.735773
211.798748
238.569073
210.072649
236.030587
170.383407
239.446827
205.558004
218.447722
218.342221
242.249626
261.720073
241.237557
253.699852
254.511284
287.913013
243.224839
274.339307
196.987165
212.809136
239.701587
258.364903
270.109039
209.342067
232.096111
274.703802
222.339563
256.038702
212.192170
299.647275
277.253601
219.219930
289.390601
256.454945
197.140376
196.654365
270.087459
208.015599
217.374978
239.243495
234.101681
222.977231
261.649771
260.148377
283.853452
261.404483
203.615624
237.631718
232.830813
257.853023
187.592561
213.824298
254.453881
226.330812
167.685418
235.666402
255.749138
236.546366
227.857642
266.429605
241.171520
256.842417
266.756619
252.586626
264.822798
249.489847
248.283055
271.790438
241.875623
187.940630
235.295020
226.663007
198.286429
253.571739
219.754686
209.613150
224.909701
224.225906
207.163031
195.143364
247.930049
188.182069
231.095723
294.636311
228.254561
219.842458
215.284053
175.808968
170.812908
209.891379
235.921276
260.140755
233.369903
238.147437
209.912446
211.658191
222.559553
316.262555
262.438594
239.575201
216.915807
262.473196
262.639183
218.768452
236.293996
182.067397
213.774478
239.216641
229.654566
247.006111
263.202517
200.351416
201.664990
243.906890
205.368330
190.352880
251.806822
201.987933
223.338225
260.160916
248.990050
263.589464
190.831950
217.327752
235.992698
247.523496
251.682230
266.538149
228.425072
210.619170
217.077698
258.109956
306.277490
226.456576
296.063701
215.514627
233.354111
220.034449
245.977676
197.013240
228.478683
180.596494
242.221804
193.859406
238.910911
226.626856
225.316851
191.715632
274.439837
232.451677
210.293406
223.219517
231.601272
254.357690
286.747962
247.536827
234.689147
239.283330
184.000734
247.031923
202.029783
184.339030
251.619904
210.665192
221.476643
234.076257
221.839352
210.008585
206.162264
247.440573
213.038605
252.840310
249.023182
203.556956
218.418460
228.418833
241.809325
240.440869
224.533304
230.773032
229.408295
202.419052
241.135658
232.521228
255.191768
217.582958
262.719317
244.976969
234.950099
234.005035
233.548086
259.827244
199.414829
191.311614
239.709386
312.235405
175.263154
244.985627
229.783571
219.102272
310.107296
189.105542
239.953830
304.204763
255.138572
226.634084
232.311149
201.756388
216.634311
195.737605
212.755150
182.243663
213.876633
212.745928
189.366087
246.788902
227.408424
174.539053
238.351962
209.906662
228.374594
240.811473
250.633586
227.888527
209.244740
259.720737
259.594911
220.589560
258.911869
235.625447
229.107065
222.951052
224.056426
241.845041
172.845882
233.602974
237.410231
247.217182
287.113677
244.172517
199.335496
223.715513
204.706929
238.302050
203.195334
248.572281
223.515601
250.577640
265.254932
291.700649
255.555198
276.043367
196.992117
206.907256
214.785121
279.934597
239.615439
258.829092
271.191925
253.873235
230.207389
212.641361
206.367965
227.252735
229.230751
227.867263
240.871402
257.458550
195.414860
219.479899
252.833879
172.267515
219.453698
227.319970
204.564322
252.700119
232.556252
219.868234
221.227178
250.388387
219.333696
292.565600
204.456463
227.058302
249.206235
225.600920
229.542746
188.807110
240.398657
245.252811
215.861806
207.616350
253.399298
252.039301
191.415453
241.287273
227.082329
217.560253
236.648351
218.660067
248.550387
230.259216
245.783620
197.376520
256.623799
219.050211
226.886321
177.526231
188.386846
