158.313660
142.452859
123.074174
121.638519
134.923779
132.766341
140.746527
111.980450
119.076674
123.801372
125.491087
128.157633
114.041051
132.604907
133.744632
139.794062
149.867161
128.427097
153.271198
140.260942
136.551065
118.973160
127.866994
119.990863
149.190285
107.217361
153.785822
173.405229
101.721425
156.611840
115.965231
110.402257
128.472483
128.351328
155.366669
143.597871
101.441231
137.982273
102.696054
151.665345
103.576726
108.385719
145.173821
111.667001
118.915348
113.581842
118.222091
115.892236
118.810617
137.418274
110.308009
126.757854
133.245763
158.235747
125.885470
135.704321
131.562754
119.253268
127.742758
126.042213
142.417192
115.043474
109.045590
83.327866
157.504811
130.848306
135.765394
126.337034
125.315231
152.501975
122.892591
136.938809
139.141097
135.027154
102.547311
130.777776
125.450686
122.101577
124.347334
137.269331
155.387915
148.320857
135.587104
131.898460
123.055632
152.764369
143.793603
145.975818
156.983548
148.726080
136.524702
128.444512
134.788468
147.363718
156.480532
147.371688
141.438493
121.698097
138.588836
104.681896
141.114398
129.898091
121.253825
137.493271
117.783698
112.722752
132.929155
106.315879
147.909008
125.862042
114.312797
108.473991
142.619565
147.963529
84.218091
123.144105
145.389076
129.446314
143.252998
145.016075
101.813984
140.957499
124.246821
107.908440
133.464433
127.027186
146.397208
159.437646
121.396379
115.823620
147.906523
145.830469
112.162216
141.122053
142.857583
126.040797
136.357155
147.844779
116.995606
141.036547
114.167612
139.526122
136.172376
131.068129
111.900878
146.268881
142.215330
126.428625
105.290549
140.177599
124.226547
133.563757
148.602489
130.143169
156.788768
143.780703
139.992449
123.780896
118.222771
100.368460
121.444885
123.830935
136.648622
126.022021
137.183216
133.925564
115.615281
164.205196
135.112017
141.309984
123.223710
163.641586
116.650383
150.712661
137.201198
146.031362
161.464388
134.565235
120.709988
123.864279
133.029664
148.871909
153.892978
148.717585
136.063711
124.547806
121.299424
131.874298
132.992760
141.059611
124.298334
123.091495
138.499775
160.105269
100.423400
130.094721
119.839517
119.077844
97.946424
130.872310
114.449015
110.772274
155.786721
126.690234
114.318114
122.486845
136.504024
155.029448
124.651747
150.262220
159.110052
120.118526
122.703878
139.364628
131.403507
134.936024
122.713458
118.917791
137.297493
100.203073
128.470801
122.125656
140.847796
113.327127
130.130098
144.638477
122.160325
149.116106
133.918224
140.097515
139.064091
134.840103
104.494666
122.784334
148.354425
130.138398
140.603120
115.476364
127.831296
170.672120
105.855558
126.534908
134.989616
139.992604
135.674351
140.058089
135.509171
122.187060
109.500460
130.389327
118.261128
175.646381
122.274826
122.965963
121.586910
121.920456
111.576492
180.505687
147.796310
154.931074
151.482415
165.437622
134.688492
169.976089
131.634369
134.844339
113.074417
136.599921
123.446916
105.789831
138.817705
117.998968
135.133739
152.363095
134.815566
164.855659
114.781880
139.546234
118.598228
117.884837
121.823525
113.790169
115.759439
141.702305
124.169348
129.550216
116.275426
144.681138
121.920256
139.954413
135.542674
125.353484
151.382656
91.295918
141.725535
150.056614
124.203517
153.051686
141.119008
150.665820
130.323082
146.260128
142.853784
109.574418
104.354220
135.426779
136.685128
138.903822
118.813256
158.559275
120.944298
141.307625
131.829867
121.125339
151.309150
122.611749
125.603580
144.102707
156.188771
142.408368
109.306214
171.607480
115.445835
121.470752
130.040438
118.800569
131.606074
131.347932
125.012382
128.120106
156.606810
158.306731
107.467965
129.794230
131.054927
126.814442
122.310309
143.779404
112.937263
115.077680
107.198404
139.578404
104.724513
143.039717
125.707384
147.502512
145.819936
139.696258
139.763862
154.016477
107.704505
130.175361
140.706570
121.361011
141.972987
112.519474
115.418634
145.544367
153.746621
146.182061
126.933365
119.487439
152.552494
155.740583
112.752888
157.071974
138.363834
138.808340
148.141386
145.181392
141.453968
131.843221
125.039497
142.080953
114.605388
112.069567
155.877818
147.621013
130.932421
121.799116
128.210639
121.171516
136.341676
159.383909
96.065191
131.697611
124.090797
105.952595
122.264180
144.510669
145.585796
150.572506
131.452665
133.303734
114.699264
125.221636
122.996171
125.842507
138.267192
135.551111
140.131842
162.250764
134.534478
163.467023
154.121455
151.403449
114.802300
94.613564
137.308620
119.255358
142.958462
124.797698
164.627662
103.168986
135.469831
118.206180
152.731411
109.073991
112.287682
155.548278
160.737776
135.932235
89.828409
103.965145
128.090757
118.049817
150.969446
147.026812
147.494687
137.786775
114.898290
103.085668
109.520652
141.810094
148.083819
150.484276
137.875349
161.376036
122.616982
147.738174
120.919005
133.543868
98.434268
133.769788
124.790274
131.211925
172.400665
157.298194
140.767729
145.738632
101.113636
102.034026
122.440009
112.011101
92.595302
120.036447
157.702556
123.687208
104.347611
124.569398
118.409283
156.070294
145.245804
162.746128
122.401945
124.536619
85.722961
116.170548
108.328205
126.538333
100.536123
124.714983
131.715195
110.891950
140.068314
138.445081
142.255406
132.301740
133.730868
120.446147
124.994011
137.981936
117.817781
136.093398
155.408016
124.307566
137.265041
126.929793
123.939673
163.221461
134.221154
145.541171
109.907572
152.156717
133.191865
146.112598
169.205919
128.115314
119.199554
158.612223
152.642323
139.658475
128.495518
133.072535
122.872859
110.945242
107.197686
92.420968
136.188856
122.011987
117.847167
95.678903
123.224474
129.072372
130.471644
116.404486
177.603308
101.772710
115.970586
147.083387
147.722830
143.085949
102.206450
132.643970
134.566733
121.085487
146.916546
147.466941
151.091173
114.902918
145.894312
131.210274
112.695485
137.077885
146.051406
128.463700
123.440926
127.178912
135.723993
138.094583
148.914786
101.330281
99.510401
119.035112
96.712017
140.326973
149.374375
108.573222
124.605287
170.285388
128.713745
135.589461
147.675312
175.084340
80.455059
132.614610
111.261882
137.474562
130.308058
135.071677
114.273369
156.011288
120.850316
130.386214
120.896099
120.800375
172.384147
118.770762
141.470299
139.146699
119.910868
118.880905
134.933054
120.594312
137.208511
104.140919
140.242442
123.551453
111.375434
117.508865
107.060326
121.348282
118.531407
134.952970
133.571945
142.085114
129.698981
130.754981
150.696001
146.835911
124.307181
106.740499
137.845981
124.460410
113.548325
141.228601
93.776074
129.509999
115.882324
133.656234
133.394705
109.329046
135.265337
142.011544
154.677928
102.506873
143.656454
127.775162
136.263423
139.044299
150.917700
128.090495
110.654269
127.255003
143.825145
174.165318
131.516340
136.127296
148.812083
128.531536
120.084722
162.486584
114.909410
148.995732
124.427437
126.826436
141.332032
174.552469
147.245870
147.629929
97.368983
137.980034
160.096028
123.856379
135.913707
108.026887
155.756125
138.808760
116.290365
134.924731
142.828929
116.414683
107.806261
126.537140
145.689530
136.314991
119.534988
129.017427
105.060664
130.818057
118.478955
98.514804
144.534478
119.882421
119.931869
173.902387
119.520522
110.733854
165.657892
137.595626
143.195249
120.055584
144.705902
136.579159
118.740029
158.593144
109.570271
164.843616
136.322881
157.959687
151.857554
149.917317
141.631897
104.603747
143.111421
124.808801
117.680908
143.724842
108.673266
126.652184
129.410068
138.815298
125.539814
160.563086
122.377003
134.472841
141.197269
112.304673
161.816641
141.158513
126.786936
115.807533
136.812344
129.011153
131.060336
147.540359
114.457562
170.561365
150.100836
124.721728
136.213675
135.541162
143.155733
116.998322
127.768345
120.447042
106.031281
126.906694
144.344969
139.655294
127.437757
111.500127
118.369370
157.394876
119.661167
139.488806
121.032532
124.016736
101.393570
128.315586
128.278141
128.521985
111.756185
147.865728
116.146053
140.672212
137.795356
119.787132
117.866547
101.460328
139.145177
115.783628
134.264566
113.240078
135.074976
146.865053
145.368176
117.065756
164.054211
137.134116
134.881690
130.817175
103.630271
161.930326
92.320677
152.439272
135.365806
150.815845
114.811291
122.316764
144.475311
140.083548
132.596883
131.408283
130.955721
114.319035
126.032349
115.906365
131.894076
120.435736
144.742188
101.547654
132.688999
100.296375
111.838157
142.045787
122.488523
117.381372
120.998348
169.695660
114.752257
159.205582
130.524859
102.705915
138.845633
136.999217
137.947101
162.112848
139.204654
176.033534
137.323419
134.203120
110.354635
131.150599
143.093824
115.995474
124.296598
128.645745
108.458102
130.060357
177.039543
133.085756
144.695500
118.432334
128.267771
125.576531
139.865023
139.303287
129.849443
114.098440
145.540883
142.297336
135.718517
136.198532
104.387117
119.138267
141.888242
125.830684
129.945773
110.676111
103.205045
136.352781
152.159463
129.624712
157.380295
127.293526
123.124591
142.332860
137.433914
163.150305
141.203413
130.025777
141.059486
142.204355
114.895754
142.264610
130.699582
154.584024
123.763374
142.400136
150.701942
152.135796
159.670077
133.038559
137.189456
109.651570
160.779570
130.597227
166.359362
135.797294
117.076346
93.159554
158.162262
120.789707
116.759653
117.493279
122.726697
149.440368
122.270022
138.592013
141.365164
128.162750
156.447559
126.031100
129.933171
114.798108
144.018111
123.904360
117.297870
95.832797
121.538852
163.024229
142.752396
140.388623
161.648264
135.193925
132.052186
124.203103
151.391790
144.364186
147.884232
133.567339
124.614856
141.380780
107.089729
132.313608
159.341392
128.391297
149.776296
144.655254
135.419637
105.460522
140.320592
118.037855
148.356434
159.491235
139.606841
109.712702
120.480706
136.422400
140.432038
163.215232
148.372213
157.386904
137.005856
140.108331
105.883104
134.706093
127.494096
109.325364
112.210462
169.373050
135.543029
136.362726
141.831169
110.164282
146.054943
155.075914
135.536830
104.727018
125.012004
154.144336
155.876426
155.865120
129.415137
146.824781
150.769616
103.641175
156.229717
140.772664
151.766380
163.379767
124.906565
96.643401
93.481325
141.760711
145.963047
105.186275
130.331976
114.078899
126.157948
108.251794
118.719615
112.610417
136.145467
129.934708
125.453596
152.067470
117.584203
115.897052
118.073554
155.530590
117.569810
104.592808
124.637687
140.220219
106.511652
133.317333
143.132830
110.757468
125.773113
145.176620
186.936409
157.034471
119.476960
144.458417
124.027718
161.545450
106.603059
144.012082
134.032775
135.846531
108.600265
131.454212
106.092525
125.169203
140.605929
111.280353
121.271282
135.220150
139.839747
172.307856
126.572612
149.612291
152.882607
123.155237
100.172517
153.233079
140.865872
160.906677
164.363882
152.813104
147.281484
166.420702
103.258661
129.558347
116.992768
136.877105
145.422720
128.471213
119.371367
115.716923
124.092590
133.700465
123.543761
146.389025
139.550332
123.490952
122.842232
114.824203
153.856226
132.968836
146.566883
144.334327
141.762009
125.875319
127.058734
136.335818
117.361741
151.421872
115.534844
137.356853
112.359835
133.848920
133.735371
146.650462
124.560793
139.820037
106.489080
161.720985
123.769102
144.269480
119.842631
160.283409
161.063474
109.305831
151.720860
137.475671
137.873323
149.141015
149.447058
129.137574
118.577122
136.694457
117.969356
146.717537
165.669810
133.925952
126.574052
118.397103
137.153118
164.989186
164.717836
89.172636
152.748599
112.845625
129.496551
130.981531
128.917894
138.019878
101.498174
127.600399
117.106567
124.199437
112.846909
124.361162
125.279825
118.531217
140.375709
152.425273
106.686782
143.936935
136.066686
133.901082
142.138250
88.152749
156.068053
141.389111
122.501259
114.756670
136.823094
116.700221
140.168227
147.869507
136.636063
113.381974
144.434405
139.516918
161.507259
138.677352
115.326142
112.538320
104.117292
113.498644
129.788967
135.306283
131.438154
174.461911
131.400423
144.051792
101.141977
142.415699
130.034134
146.316416
150.782652
167.270682
108.765911
145.753715
132.073620
145.863692
144.809580
122.020157
127.404731
141.056405
126.860040
104.589652
139.887206
138.318371
133.352572
149.577243
130.233023
136.487966
110.338638
131.892333
142.641140
146.908538
112.793730
139.310562
134.292864
113.043005
99.012387
143.926569
138.139245
143.876835
114.121831
146.836876
128.430694
137.592757
122.579698
132.522350
129.495959
114.234653
118.379203
155.908666
132.009868
120.695566
115.174047
143.482394
123.203800
161.410747
121.852782
121.278380
120.758885
130.743296
151.478639
