78.529657
61.100944
68.910411
42.359839
83.607661
61.657022
79.629235
76.843860
80.363024
59.300153
62.503957
84.297164
91.411355
83.027850
64.229854
79.531781
87.265031
69.679969
56.301542
77.919550
52.023976
85.432882
77.571791
87.085907
68.707210
58.657090
95.403961
57.204229
76.642090
95.484130
42.046543
74.931741
57.158227
75.023688
76.409483
49.186705
66.393181
81.649630
77.754339
82.641803
76.818065
61.961517
75.626021
45.838209
90.241923
64.949463
66.703801
93.889359
62.908827
53.327838
81.817599
57.746955
53.547172
73.192909
82.442761
83.572134
87.118291
79.573210
68.299098
58.409850
73.163454
49.094290
55.682285
51.058607
85.015750
77.781842
60.015023
83.628840
54.827678
63.925365
73.283472
62.759887
63.420442
79.084976
37.357134
84.874485
91.262933
56.754303
45.431426
61.799835
85.115409
77.734045
68.760663
73.697785
53.435677
36.018304
55.983858
67.176448
69.719102
71.988252
71.865755
102.411821
82.866973
81.336433
49.127298
86.831159
81.945169
57.820759
78.680409
88.885401
42.004813
86.768133
74.559993
82.364072
60.536848
56.524490
86.505088
71.067968
73.280508
60.419605
47.526871
78.012765
83.297941
61.734542
72.101400
60.200220
64.764859
66.910696
76.827605
73.681970
66.243273
52.045731
60.353023
48.837677
53.113239
83.833503
69.575885
59.248119
77.040983
86.677784
60.994577
62.201147
54.607385
89.356694
77.764283
65.646317
72.618404
86.216410
77.475317
62.171281
82.889479
59.312310
58.675035
51.241230
82.857387
52.290953
82.644509
66.143141
67.591175
54.797954
48.582026
67.938136
78.596875
89.686015
53.640918
53.753955
59.652424
80.917944
84.329681
52.249575
61.374729
59.091564
67.138774
64.859390
62.023964
75.172683
72.705313
59.615191
70.266807
55.494581
77.899004
82.071149
72.586204
88.783047
79.303715
51.318933
72.288689
83.799109
60.212137
68.058628
58.097578
57.927042
80.017337
86.641903
75.093195
72.735390
93.823102
79.730449
31.143595
93.670737
65.578120
95.666414
87.221113
70.566864
61.959674
89.165338
59.309062
70.836841
57.306395
53.676797
50.860181
38.080692
80.815572
63.288551
77.518603
55.689035
70.330590
70.235067
60.671263
72.457372
63.470481
63.703202
66.725147
92.716804
86.462631
48.938235
70.213525
82.434677
73.004698
83.365519
68.999351
68.553692
80.056550
59.353914
67.399393
50.857252
89.168070
45.765755
54.104084
52.524343
76.894280
68.077471
92.722068
50.691966
81.109805
60.145100
77.062495
75.541500
70.003928
50.787333
50.484763
89.463508
65.196032
52.917435
48.322940
66.902289
85.026677
77.260539
58.722927
72.081608
34.696390
73.473275
73.102934
82.369963
46.680839
81.133339
82.299423
58.180061
80.688660
38.608370
53.677364
50.873010
72.618400
75.075104
57.207801
59.132789
66.003610
76.084813
52.301766
59.332180
81.714492
87.836222
62.250771
83.436855
69.663905
63.007091
68.978065
70.307371
83.675953
66.125223
69.787793
67.960550
75.588269
67.466245
56.597826
59.021175
79.110661
57.888365
83.376715
55.871851
46.639692
83.069840
74.413866
91.568829
90.713237
59.335005
74.761600
79.981027
71.945802
64.210843
69.951975
63.558265
71.357205
65.003252
66.312266
57.010539
72.988093
100.060160
65.255434
59.213629
89.509919
76.965002
76.787328
55.369531
83.616162
56.361345
68.373465
89.605050
78.685484
53.423708
86.049769
59.652176
77.226441
67.884383
61.378316
61.105803
87.956907
71.348445
78.504806
63.340365
92.043417
46.700564
89.664177
59.308271
85.245890
54.754827
59.065059
72.660801
84.316640
50.886043
57.242603
70.556831
64.066143
90.478830
59.082687
85.548883
55.795834
75.274976
58.591846
59.168929
69.452490
62.486575
89.040012
79.618378
67.671594
60.759712
71.168032
39.543274
82.004288
59.230926
48.292471
52.305794
66.538522
62.388865
63.439236
46.335639
85.542307
52.555133
75.696296
85.096441
73.306911
60.063969
71.112740
78.124343
89.366682
61.779875
74.663112
69.189598
64.947730
76.495968
69.711921
70.852938
83.177408
55.602991
90.013458
79.465508
88.235306
50.958183
64.326884
71.160749
71.438723
80.859943
75.652483
56.278517
68.461086
71.230536
54.590538
66.932980
79.214984
73.007239
58.938452
76.496769
67.186699
55.772397
60.345977
89.585851
97.497072
55.041227
66.097919
81.336509
76.434029
86.633977
65.474955
66.683245
61.849982
68.537491
60.251498
80.670479
80.595981
64.609508
47.988270
85.972760
39.191493
82.046582
82.735150
70.817186
74.613344
68.601046
76.395902
98.020408
75.209472
84.599917
56.548895
93.423393
80.043438
62.562980
78.850559
65.689262
47.513263
45.062476
80.948008
54.062869
72.970660
85.200502
51.938557
42.788396
61.142809
90.996443
77.669784
86.646200
59.126168
74.772571
70.367684
82.238532
57.537167
72.690373
72.575046
81.826281
62.096332
48.644654
61.781420
88.973683
65.202973
69.562701
82.478402
91.200844
66.141091
44.522082
63.096872
72.493637
78.020183
62.100131
68.727214
54.135234
60.426941
82.327089
53.401080
77.707038
67.258634
88.937124
91.066072
63.086509
77.684700
72.319916
92.248478
78.735132
76.574043
82.682149
65.723802
67.778038
58.151878
43.366342
64.585271
62.226904
64.476199
66.676183
91.394828
53.759641
96.228751
86.948895
84.712588
58.732798
63.178589
77.994817
70.601732
83.349234
86.530768
70.800331
75.090534
80.485085
45.950403
79.004592
70.282444
59.476374
102.577623
59.944571
68.830919
43.318243
59.819781
68.154473
93.937681
74.862076
46.266214
85.340481
73.335155
78.856551
71.963947
54.165782
46.758573
64.835471
75.170930
73.987716
67.025928
87.822435
53.757239
86.110237
56.962049
64.909505
80.755435
60.632922
41.519902
76.938007
69.612349
65.942878
100.534499
56.141933
87.637525
87.206233
79.651989
88.672154
71.494284
50.476170
50.490764
79.920481
58.578291
57.391297
45.891857
74.748796
83.449433
58.717377
51.987553
84.749381
84.055646
48.975332
52.432495
79.939643
94.877208
74.871016
46.793699
56.668265
71.015516
53.364946
70.547730
90.031677
102.330871
63.927685
70.563628
89.060111
69.884686
77.258838
79.627881
54.280251
66.589401
43.615834
55.805479
45.594534
76.299529
80.118369
69.897429
82.841209
75.947377
78.098935
69.223836
67.281414
89.001992
56.694448
58.356804
55.594956
72.286563
85.429055
73.813328
55.675709
85.636215
62.238141
60.202027
73.636709
78.649824
81.244781
60.216810
80.360149
71.323865
67.661621
73.270116
42.603577
62.702181
64.394455
83.597613
88.210845
51.680143
54.482018
69.525645
78.488667
67.408889
66.743177
72.633631
63.006221
48.660784
59.273705
84.184429
59.070930
86.422632
60.407578
47.926232
55.527224
74.014545
72.529327
69.127950
84.780651
60.603787
76.131040
85.659877
41.201037
62.399195
74.811276
58.815555
60.420951
49.529900
74.675999
55.591134
84.481616
85.937912
42.738292
80.453017
64.881838
78.738399
80.779686
85.791597
55.022847
88.033603
68.855260
71.991540
44.402703
68.580893
89.771683
79.531688
71.974745
86.525779
73.812560
74.590249
86.042669
52.874635
73.925590
56.952352
64.207804
61.678540
38.986115
60.485795
60.117307
55.135261
71.372341
76.186985
68.355972
73.640813
82.962582
78.606057
63.001603
49.314218
53.887366
92.809127
76.412305
55.401212
76.690895
101.732312
72.533538
75.827069
84.045360
77.500120
87.378244
71.196101
54.171610
73.326439
88.691964
86.957650
92.433832
64.046701
79.583863
73.492190
84.103075
67.819787
90.662060
78.927241
55.921787
64.582658
91.886112
78.169028
64.071908
73.434034
70.704097
60.519027
82.635729
67.074879
73.461399
52.529011
57.399749
76.087809
80.571249
64.766128
41.920570
79.779821
70.786424
53.635838
62.186363
92.570383
50.158339
72.739741
85.448897
84.849265
78.104865
56.383619
84.723214
76.122150
81.388725
55.006122
78.931704
62.572774
50.390379
57.717874
72.352569
70.835084
62.705271
85.066999
62.130756
77.852216
72.298349
83.013526
52.908302
77.528625
43.098418
60.346336
52.125420
44.552271
86.236678
91.317195
52.125939
58.568914
59.405766
64.974124
65.935549
45.763552
62.002053
99.761249
85.310116
51.547692
77.831357
45.772705
83.329038
73.083239
60.278857
65.278189
73.483386
43.277025
67.252050
54.185653
73.553762
40.538296
60.974150
80.366213
88.417658
77.550864
79.318231
86.615384
73.848357
58.755173
62.494331
53.497379
60.746778
71.669591
58.236233
85.434701
82.753265
71.169986
76.231158
73.604608
53.789346
78.320439
78.177119
77.918063
57.652137
100.322159
64.607534
70.488844
57.472429
53.335196
63.630539
77.403794
51.563129
49.346652
62.181056
50.791184
87.018061
43.447118
87.148492
68.671881
76.557828
87.395584
79.683831
81.008162
41.236013
83.012115
95.345773
87.603907
77.365336
75.231161
87.824032
67.055501
64.153726
58.444705
75.007240
74.224145
73.331309
93.259230
50.947065
95.741407
33.922978
61.005743
71.331038
83.066680
55.343897
58.451268
77.861494
55.763959
46.312955
60.611185
65.554768
90.098501
55.615108
78.284776
56.383328
78.183634
72.633141
91.628220
47.499676
56.788148
77.911675
54.811737
82.089973
52.852780
78.073822
78.599051
60.039762
68.357917
78.496887
54.388671
78.434330
83.427225
53.124163
66.441950
54.962551
77.667114
80.907939
65.676862
70.587599
57.895883
53.031576
79.404265
61.437381
48.064950
61.857794
66.091834
67.708728
61.920073
63.729074
63.720958
56.106610
77.266563
87.945085
62.150927
84.052965
87.468780
55.382494
78.105909
66.542030
81.376853
88.114888
96.565286
78.062356
54.993519
69.870840
69.661703
77.522561
61.428407
72.558894
79.139327
69.730207
78.589393
57.410087
85.152581
78.189603
59.196638
62.499506
70.950813
51.924593
77.602552
81.975072
63.032482
58.843760
72.562962
75.942438
83.088592
40.202068
68.023181
73.474153
92.162764
72.450419
65.342981
73.434945
66.712874
70.030609
71.810673
64.247418
81.370393
62.121036
81.004850
82.817836
79.440274
74.083272
56.888997
55.801830
80.073706
71.037746
97.523292
50.360249
54.346576
65.870180
63.023724
70.212811
89.766996
75.985681
87.401110
62.287765
62.568560
67.807205
69.722255
68.456777
72.244347
53.444580
69.763365
46.797499
69.702383
65.202476
73.260610
67.780478
53.169717
79.471457
79.553188
79.429359
59.227844
71.808045
60.053129
61.160865
81.672868
71.101759
65.970988
59.226119
77.279448
72.863456
67.591665
71.582372
64.969318
74.393759
82.476105
62.047895
76.182466
72.298941
76.879259
73.002283
73.733311
74.221311
81.313709
64.092969
66.769377
48.474633
72.688053
66.134263
90.533869
87.422674
73.851615
82.668730
61.911399
78.133484
83.414601
65.666227
97.663537
84.171934
73.308152
98.761620
61.951492
85.367309
74.902946
75.787044
83.252947
94.404205
91.623800
67.347412
66.997171
67.469691
94.165829
68.629327
91.835873
64.069637
60.835737
67.696551
77.503253
71.020970
91.105039
80.544567
71.826906
82.104653
77.911456
89.999255
82.182528
54.169052
77.974972
57.922060
50.781637
58.424853
51.477961
66.014875
42.970268
73.630032
73.869198
68.199194
66.672077
82.743268
57.097803
82.944360
80.477778
67.762369
73.378718
68.280140
70.504540
83.002612
67.815526
70.725248
89.471997
87.773177
60.332932
68.534536
56.439267
77.717985
48.645380
93.882795
82.571370
66.149995
83.682809
56.503232
70.084104
47.484865
85.783374
79.529165
63.841157
70.316816
69.572613
85.350166
67.760009
57.746328
65.047347
70.555703
66.043178
64.537359
79.331038
45.090574
52.092730
76.688084
81.899052
84.057113
76.103664
46.928452
85.379742
90.726424
53.855376
93.201526
45.484752
88.738655
81.888616
66.864512
79.048021
61.826140
54.318460
63.609627
86.997319
60.919833
68.211669
68.177230
60.512160
74.483125
54.235727
83.040224
62.323570
96.301780
63.318196
68.728209
53.448255
73.067344
56.212126
67.003045
85.224394
71.984457
72.911094
42.005359
57.025494
79.760672
89.174622
78.683122
74.160351
71.097923
83.250653
73.627983
58.674346
61.160390
75.790034
68.423211
79.902425
87.071165
95.462293
63.477545
41.644065
73.783782
46.154449
75.641763
61.350791
70.757953
85.163168
87.350884
81.922804
89.368224
64.202190
58.245697
47.738948
69.232058
87.971303
52.287414
66.589520
74.409208
53.700113
88.966570
91.710525
64.829283
63.643739
54.698516
50.335803
74.784979
89.578387
85.297349
94.842152
73.374448
64.224100
75.127164
74.239609
51.341467
107.438367
69.974174
64.431747
60.445844
59.512707
56.466493
68.650057
52.155363
77.965743
67.698844
76.618765
68.307017
77.723983
62.556614
65.431658
53.359843
64.248126
63.661932
76.581126
98.239634
65.067223
72.516036
48.991066
67.544834
72.937394
80.686546
93.440000
68.244454
49.487426
80.402992
67.788322
54.713011
60.799916
52.610923
71.337080
55.844301
71.458197
66.856733
70.505427
56.454791
71.102113
58.804357
56.907593
56.543553
56.716593
55.926864
51.586958
75.537483
59.409357
75.026615
71.293468
56.926236
76.070263
97.211490
96.362658
74.915286
51.213170
88.895186
51.589974
79.421848
82.795977
61.909378
65.868124
66.731810
70.637620
70.483662
60.243532
58.408022
63.135159
54.874248
61.671945
44.421914
42.673241
75.610076
73.910469
69.526549
40.628270
90.428943
86.193630
65.864580
51.336480
72.676321
65.793405
61.260989
81.145323
90.937428
50.812430
77.617521
49.831190
81.813751
56.853458
74.468348
77.068761
83.104157
84.538036
76.129549
69.079437
85.948996
70.077106
86.770056
85.982893
78.558539
75.373872
79.036415
60.734775
55.548743
53.554431
60.893192
57.514513
91.596962
92.302815
59.289187
58.281609
72.284626
53.113296
74.842419
61.679089
56.749048
47.861202
79.921233
72.940525
70.426194
95.045987
83.653931
83.392292
68.614015
71.000087
58.287813
65.369791
54.079035
85.567110
49.577984
48.668430
81.633268
95.169316
73.120204
44.885162
74.369308
83.659616
96.439325
60.595578
73.001277
57.729421
85.418606
72.787108
82.700429
52.853484
55.911296
78.406565
66.775288
56.652670
80.792264
70.264188
77.745136
68.882695
80.230542
81.298791
72.994663
73.470172
68.025307
75.757275
92.736153
60.515052
73.102563
77.185531
59.828802
84.879939
69.596293
69.440289
100.357147
70.202665
62.291808
57.686802
54.534915
66.774036
49.148226
75.942296
49.911246
63.301563
68.714017
54.121628
64.980096
52.360654
76.751993
82.805758
79.519812
84.254308
67.717975
71.174721
69.171649
53.975893
90.917476
90.801712
59.311263
61.314733
73.178142
89.443988
83.804902
75.939746
53.499985
64.910455
71.224987
83.768892
81.355116
66.573175
83.705517
90.266840
58.135050
85.216330
72.845037
63.156840
49.794599
47.339404
77.614238
85.862884
62.851066
72.750250
73.671432
76.021035
84.405773
82.535185
61.422647
77.067040
74.719515
94.963649
87.010302
75.110919
59.469924
67.137997
69.544407
69.692761
77.790744
71.662465
85.430235
61.213283
89.204961
64.102047
83.656021
76.584720
68.166209
90.334858
75.466212
41.927582
68.071795
62.894468
54.329301
68.602900
75.811322
63.264165
60.422543
52.632350
58.911000
51.633256
74.187118
72.463222
73.190949
47.390104
67.571933
65.753499
84.359337
70.938656
59.723970
60.350645
60.566809
61.385733
65.786184
65.367948
65.025444
49.017579
57.213494
62.368818
79.582667
57.839495
69.103311
80.806201
65.371773
88.344600
73.311776
72.950766
55.781963
73.882472
60.813129
74.269098
59.014951
63.882586
70.805527
42.699151
52.393674
67.992780
80.929911
81.118986
53.806609
76.924586
75.400412
73.514267
70.495917
75.536139
77.961409
79.664563
62.935591
65.393197
71.213218
40.202965
71.125782
