1.610950
1.371661
0.317700
1.879503
0.908579
0.245512
0.397642
0.802066
1.105039
0.679018
0.849882
0.807406
0.007069
0.207249
0.076707
0.395704
0.730863
0.389085
0.449115
0.695569
0.035206
0.190857
0.254487
0.005285
0.612888
0.107284
0.350031
0.023464
0.450696
0.384507
0.146659
0.906276
1.730356
2.099337
1.253028
0.169722
0.699925
1.210182
0.364916
0.199569
0.665938
0.053912
0.503682
0.458053
0.107207
0.393861
0.222765
0.577832
0.624573
0.613523
0.183542
0.398239
0.115637
0.153475
0.070291
0.463311
0.865649
0.520908
0.353419
1.103560
0.181387
1.118196
0.259368
0.492814
0.085533
1.063501
1.161743
1.245287
1.666314
0.354065
0.597947
0.058966
0.064054
1.114662
0.692430
1.037958
0.263282
0.027708
0.688499
0.076929
0.246204
1.397840
1.042200
0.300838
0.331060
0.223137
0.698976
1.217725
0.308337
0.222172
0.833051
1.258418
1.857992
0.263335
0.077355
0.259580
0.652354
0.845781
0.975776
0.080085
0.886428
0.228077
0.586753
0.028191
0.183889
0.580930
0.251106
1.407631
0.403325
0.052956
0.219349
0.843208
0.396384
0.077359
0.384975
0.826139
0.088774
0.316651
0.437529
0.474437
0.050318
0.439838
0.411703
0.149941
1.440918
0.002998
0.372193
0.582920
1.996105
0.047742
0.980124
0.384080
0.264102
0.293692
0.977333
0.029954
0.154070
1.253806
1.448276
0.550460
0.495082
1.435138
0.537750
0.174048
0.501559
0.497030
1.265406
0.353762
0.263992
0.117587
0.594983
0.629946
0.402165
0.728771
0.132123
1.776581
0.591927
0.807676
0.115159
0.548959
0.492156
0.211440
0.350469
0.456864
1.100735
0.088447
1.539519
0.094805
0.800966
0.008570
0.659036
0.707268
0.338877
1.013158
0.091841
0.439314
0.136027
0.139382
0.286991
0.414012
0.292623
0.113848
0.467270
0.238696
0.392258
0.100786
0.237325
0.380262
1.289947
0.536825
0.420131
1.844927
0.404197
0.218872
1.277084
1.013924
0.223121
0.082041
0.427434
0.126034
2.319407
1.077177
0.163147
0.141657
0.021155
0.186211
0.291075
1.334104
0.021356
0.423808
0.000037
0.089786
0.564568
0.411610
1.002724
0.182528
0.063829
1.290345
0.393985
0.532147
0.336974
0.458565
0.211269
0.380368
1.165728
0.861583
0.236470
0.039239
0.459879
0.747721
0.797527
0.182854
0.177239
1.114041
1.610130
0.099303
0.239218
1.796655
0.062354
0.840432
0.566269
1.275743
0.564090
0.055427
1.007668
0.597670
0.123757
0.032861
0.494934
0.057977
0.743710
0.057812
0.002046
0.075133
0.962679
2.316074
0.069251
