34.502881
25.380296
22.193591
12.048879
18.178998
36.658357
18.639567
19.414249
19.620719
15.429314
27.893120
13.513374
15.430478
30.220356
40.772533
18.249698
15.600616
12.994058
20.438145
33.056991
15.583931
10.962394
28.198887
32.077554
23.171008
19.084116
17.253140
20.883024
21.073400
38.693861
34.926255
30.563992
10.519220
20.230049
14.170852
31.924683
32.378967
20.214517
17.154186
22.120057
8.638871
16.191112
25.073047
20.161212
9.251975
13.942423
38.232576
4.682663
15.478687
17.116224
26.920219
14.874907
19.630833
12.465934
22.418787
17.606014
21.934099
38.198665
6.928495
22.715343
17.269851
16.862662
28.251312
13.298988
14.676293
24.864853
23.794097
17.525158
37.342728
14.136635
24.531834
21.853222
17.547865
23.897316
35.310870
9.031158
7.580287
10.959064
12.114494
40.048557
19.247744
30.855221
5.310256
31.426607
6.106132
25.548110
0.748248
10.756644
10.573930
9.862662
15.309707
17.256335
12.759783
35.678569
29.914023
14.286328
18.167429
13.052252
17.226569
2.038268
18.750974
12.888130
18.945026
0.035625
46.533107
40.333222
6.953830
28.185496
32.082412
32.642480
25.169606
9.185385
16.531722
35.207611
30.623989
19.472262
25.385706
27.854749
23.897037
27.864948
15.787437
32.287910
18.303311
27.107739
8.582771
23.064435
6.936611
33.227089
26.823218
15.733608
12.747367
18.888138
23.423959
9.929278
19.109487
15.342122
14.204585
2.359571
28.639608
11.615710
4.331582
5.888843
35.963065
15.075157
29.524651
26.603579
21.018992
24.536417
37.432154
31.569342
17.110072
34.391607
38.897370
12.000511
23.487794
21.307614
37.291774
18.735077
33.781142
13.867857
26.995727
21.902627
17.043330
26.184126
40.468567
22.736867
15.227138
23.243990
35.119197
3.421986
16.881571
16.594028
17.864617
17.449768
14.281599
18.850703
20.148491
3.747736
44.779643
15.824764
15.512413
12.258137
22.843660
16.080803
14.008312
20.390173
17.706914
20.874418
12.431811
26.083270
13.867184
28.020719
15.359211
23.563557
27.427621
31.719423
16.461278
16.394039
17.960510
19.180521
11.531113
20.594243
31.072973
35.757612
12.124237
22.621956
25.602029
21.233421
44.510078
27.549388
16.010370
19.942072
21.384263
23.053515
40.935427
20.281540
24.635544
17.670448
24.823947
18.430255
3.548769
2.086988
24.418348
23.267073
16.539359
30.256035
12.778045
12.860368
13.249345
21.979659
1.743264
35.937599
13.547502
1.449017
18.278774
29.240505
36.530290
4.190030
13.037954
15.243892
12.588128
17.294870
16.877872
13.939197
6.552024
25.267884
26.522946
22.233534
16.930319
19.125776
13.150339
20.810426
16.918373
31.570014
4.839346
13.131745
13.235328
26.347416
28.814387
17.338515
15.414012
39.885840
28.355266
24.242269
28.432860
17.100540
28.169219
31.371851
22.196181
9.787098
20.054402
17.676205
2.711973
11.236881
23.657142
30.751691
20.202603
24.564581
30.890789
13.579946
4.039889
26.757961
29.213541
28.225352
17.524029
23.275520
28.244869
12.017793
5.758683
21.375212
19.281724
17.157438
21.638482
17.247391
13.180769
22.491305
15.675459
24.690457
18.103318
28.114417
24.042178
19.987653
20.783425
21.566921
15.927346
14.404067
32.925611
21.721060
7.857206
15.946611
3.290271
17.644001
27.571709
15.238071
21.254390
24.240190
40.106274
0.799296
18.007077
24.683358
26.612897
25.884770
4.913748
12.678431
9.484698
16.128356
19.875445
15.934386
32.551357
21.871527
16.291116
6.834746
31.205775
23.583698
21.530698
23.773719
25.807790
16.450413
20.316485
32.409301
33.434904
3.609434
20.550946
10.714881
31.238688
37.757731
3.288553
31.797007
18.027572
33.093289
19.785996
18.178196
6.501127
22.936242
13.084308
25.934220
12.354013
1.034295
11.857121
8.193166
3.831176
14.654765
2.077364
6.358246
24.406648
7.940382
2.886347
15.855910
34.033623
4.161475
15.921965
4.330937
37.562917
1.659095
7.856812
14.555833
24.401908
21.981326
19.348610
4.363885
9.882539
20.405927
25.814942
25.906373
10.972438
23.393315
21.754898
16.145531
11.566159
28.037712
17.341150
12.932480
22.439921
25.355219
23.402306
37.851687
8.044500
19.273591
10.130085
30.142229
25.156677
22.725198
37.429702
15.805776
26.440848
8.729149
23.344164
15.972630
31.914206
20.692215
27.358199
40.898562
6.778507
5.957169
11.338173
45.055107
26.588370
6.307436
31.425373
22.524542
14.710304
17.752471
15.022090
8.086208
20.028085
43.066816
14.936232
19.487257
22.658196
26.241546
15.482788
18.541704
15.536561
25.435392
21.338567
18.204156
24.952971
15.626684
32.293090
12.656555
8.694920
7.251637
6.847428
17.502993
20.364587
12.799282
24.935614
27.910352
9.021910
24.265063
19.441052
17.928898
28.228545
22.071735
2.524804
32.955066
22.028980
24.987064
20.889604
25.684254
19.928395
16.957205
47.916002
25.282720
27.659006
11.335135
7.185860
22.187773
23.204710
28.008557
32.110313
14.771986
20.307083
19.220500
38.265727
19.785815
19.984877
18.475556
33.663970
30.324812
16.820251
14.248995
26.930554
24.150982
40.176817
7.395475
30.790295
5.651973
23.464100
16.161060
4.819493
31.498628
33.370387
19.334933
32.622695
18.513134
6.832055
12.519154
29.386803
28.198341
4.603710
19.092636
29.742881
27.447501
6.963018
19.020707
0.605337
1.659474
37.646309
26.717503
43.634521
41.664044
23.920988
27.421091
23.089213
19.177485
27.962113
17.102898
36.026282
6.625454
21.942564
15.067185
10.554510
20.940256
15.076754
8.690971
14.842541
16.986353
34.761675
14.389171
5.594449
14.854798
23.666858
18.815627
12.911621
9.149746
12.650343
26.171194
21.031666
27.864059
19.078159
30.950546
31.380436
4.411562
33.710234
8.471710
14.193924
30.043277
33.974205
33.703454
14.027398
23.434163
30.629789
10.489475
29.885825
31.277625
30.432082
25.725968
29.820320
30.936756
32.525240
5.958668
13.267334
22.208810
34.503063
20.360620
1.468849
26.203004
24.989023
34.197232
11.954145
24.591565
21.395870
25.688732
30.510650
27.556354
25.441385
30.064989
14.596008
11.514588
33.397654
20.832077
9.892535
3.594533
8.383498
35.798006
20.177047
21.456955
32.296995
12.600112
18.408710
30.908842
37.569433
24.509612
34.072754
12.200631
23.836325
31.024886
30.326536
19.219811
13.756063
33.017020
27.746383
18.638866
6.858132
6.545071
24.103225
16.312649
7.916216
22.572993
25.995184
21.223723
20.846117
24.443384
19.506663
16.610935
27.465577
29.134465
38.650314
25.105804
13.391991
4.200515
27.198000
24.038264
30.083154
12.846122
0.212317
18.596982
12.440289
33.352697
21.141932
28.973170
14.028849
13.935833
12.633872
20.477527
23.331086
10.357820
34.866510
25.454535
6.619169
22.059780
23.731476
17.513497
4.860770
7.661950
19.266785
24.641972
6.479209
17.731764
21.416191
26.255158
17.149469
16.198906
24.032729
28.666725
15.327254
1.051551
15.367267
20.800857
19.175774
13.463888
7.703487
9.617443
15.276211
11.845045
29.850551
27.129309
16.164860
30.046459
29.779797
21.998413
24.314328
30.121078
27.203143
27.885272
40.689162
14.977261
28.653326
19.104975
16.475121
17.933658
42.558261
20.699855
30.154060
16.045510
31.038816
9.030225
19.903720
34.372289
23.248905
25.282389
28.561085
27.650478
20.783838
16.496502
24.403986
19.387962
33.223726
24.063056
17.475429
13.605285
20.447144
11.645726
25.222130
7.756340
8.024487
15.515635
3.061062
47.625605
20.733831
34.225175
14.754708
34.039975
5.643372
25.374366
14.478810
25.527150
25.957623
19.217184
25.329408
38.518519
24.016511
23.572261
20.511761
15.499088
27.883449
31.710485
25.737465
11.429029
5.484712
30.970697
20.507468
34.421800
19.747715
29.020386
20.578573
17.849180
9.173167
12.588940
25.701102
20.963881
36.524738
12.800441
23.082086
31.198571
29.367622
20.745369
27.496749
33.116878
17.987785
2.743046
24.715458
11.530313
9.379819
11.198810
27.225994
36.712330
16.481973
17.298317
13.784497
24.267966
2.774386
13.545689
19.547033
10.935886
16.663929
19.431906
5.670612
17.285047
13.213682
7.560384
13.523087
11.485039
18.515718
12.610780
13.305908
30.784241
8.795634
5.490492
17.732902
7.391830
22.966310
18.951290
23.794886
17.579644
7.080016
40.351394
22.921495
21.999353
39.429288
6.074339
17.672234
4.077372
10.170404
15.291645
23.236780
22.495925
25.169065
30.210883
29.561481
15.900941
10.089797
23.576683
28.462746
17.792161
24.929317
11.857943
25.691201
20.591331
14.741243
17.364961
5.557402
22.549490
35.017990
22.608740
12.910687
38.618710
5.783559
16.298920
19.679025
17.124688
28.497689
19.643051
28.694748
15.145999
15.304288
20.302586
3.418517
29.753178
21.235411
8.458439
11.190804
21.270401
0.963745
15.522556
22.213902
20.169273
11.253166
34.816342
14.315273
17.017326
15.698668
35.941437
7.853744
16.373599
29.905525
18.473567
26.539737
25.237968
20.959160
23.978938
0.352767
20.408814
13.042187
17.143921
11.988264
18.172662
19.338622
26.127070
29.604941
29.643237
36.399862
9.105238
18.007346
22.243531
29.408128
12.185436
23.182257
21.760358
25.736897
22.780345
8.014170
18.843779
31.369164
34.382559
30.009493
37.054891
27.439037
12.550971
24.039275
29.023900
26.214442
25.489714
17.742741
17.360056
27.284067
16.140513
25.148036
21.312513
3.049294
17.984792
17.903098
5.945236
15.212167
16.003582
31.120753
21.510440
16.282336
23.910254
16.067961
25.674908
31.229240
13.550890
42.497667
30.298180
20.626361
23.012492
16.324293
21.118363
14.989023
24.721127
30.871622
14.127092
12.925901
23.755289
2.401595
28.413414
15.674509
10.754712
2.034752
21.973345
17.282075
14.643332
18.423021
18.033900
12.934588
20.620087
13.544055
13.303417
21.404559
24.319932
14.832973
6.786733
20.646842
15.933104
27.949059
19.605561
26.203090
26.265798
16.954682
14.123200
23.779550
28.096192
26.727186
27.652356
4.670773
30.790251
25.678081
22.988873
26.410586
31.777513
15.556887
31.675744
19.438786
10.408353
32.967450
11.318307
11.074849
35.667819
15.104456
23.955150
22.579617
28.021869
33.434384
12.630853
2.681209
10.041519
22.153857
43.624142
11.761560
22.409804
3.090822
21.206993
31.431741
3.486142
17.886901
10.421135
35.937910
32.816135
16.362394
21.145412
17.870097
19.971560
3.453565
3.629703
32.448041
12.203970
4.703358
25.539055
12.001469
30.110935
29.723738
3.016897
17.364829
24.584269
17.891209
24.830031
19.760379
18.750266
19.403019
31.363990
25.247887
10.134361
6.062618
17.491446
5.931892
21.361603
9.760818
11.176992
20.166747
11.239345
28.526076
23.803625
15.144683
32.757305
6.938464
10.227535
16.811560
25.242398
19.123380
18.621719
29.188526
47.704332
16.442010
18.200113
15.405839
30.550690
15.397656
19.072324
32.660155
30.185852
15.923774
19.957780
27.178688
0.523912
15.119077
28.542339
19.705355
23.711424
27.401037
7.863289
21.674674
28.550686
10.821429
24.789559
32.641897
14.824204
20.630180
15.648882
18.220852
5.540576
0.511233
15.425400
33.154895
8.868289
18.462777
31.165717
35.194301
17.847478
17.390305
19.016442
29.737393
19.155005
30.409120
14.849722
8.549306
23.636943
30.023006
7.519953
0.846341
4.531983
31.680293
10.602708
33.910132
35.927785
35.062606
25.017816
38.428994
8.105841
38.604404
21.043995
14.809705
16.491709
20.957327
3.383551
24.921935
19.438950
34.228627
34.161958
24.726499
18.973638
27.512044
20.238933
0.704617
14.263842
24.692988
21.519461
17.669952
27.983521
16.133287
27.703254
22.775615
33.562864
20.452020
17.750790
33.297517
20.848971
26.032899
36.260669
17.825238
21.642038
11.873092
11.919881
11.598500
24.648736
12.671430
7.245690
33.588708
18.910787
26.576607
40.760351
11.259405
16.017151
35.166089
33.719196
29.824227
2.364827
22.443375
16.379854
25.228485
12.007023
20.675920
4.552105
1.756591
5.712098
17.346050
31.683569
21.455565
17.315245
29.178750
0.406230
23.312562
31.230464
22.358731
18.220850
25.587031
24.750179
25.017293
28.281948
20.602907
2.768534
30.327593
34.372274
27.682454
12.410320
14.102762
25.808614
22.951762
25.051761
29.319151
13.269175
27.233846
24.842604
27.169708
21.808593
30.273718
29.101050
8.262269
13.684121
28.377657
27.564068
29.689981
26.537178
13.645225
19.001458
32.157990
21.420734
33.516699
28.775414
17.698547
23.719395
21.844496
18.775673
12.428984
1.148194
18.901462
10.421489
20.276177
36.823727
28.323889
30.560730
19.526579
15.936578
34.491062
21.513737
24.232489
18.342194
14.628239
32.563277
14.574236
22.261488
0.375531
19.545516
1.831097
16.009868
16.623304
37.226082
33.099665
22.944996
32.000296
10.490521
30.664390
11.374230
26.420949
33.461921
27.855015
18.450008
19.449109
30.421646
15.681197
4.305870
23.366085
20.716523
19.372658
16.046651
9.636075
29.931283
6.557757
22.735257
26.640354
6.760135
21.464316
11.228784
15.051944
25.342865
23.188635
34.547390
8.397266
30.982798
21.492375
23.409497
37.035336
10.804421
21.732865
42.509749
26.979433
18.050933
30.211896
19.152726
14.809605
21.863412
46.319611
39.996216
1.864721
35.054943
4.064596
0.757684
10.866858
19.303782
30.579393
19.809983
37.417578
28.143896
12.381117
18.476181
8.137315
20.835619
8.360545
22.346230
16.739524
16.205163
24.356192
2.664932
23.530923
28.331379
1.364083
12.333666
33.696153
23.397856
28.954447
19.181577
20.353485
11.775619
25.320080
27.341118
17.969778
19.879453
33.862919
30.226097
2.035479
33.779437
14.672153
31.281136
32.140588
29.765317
17.052696
23.305165
16.510513
4.550148
10.757987
24.071410
27.554735
13.816385
12.824967
28.453414
28.326128
8.067335
11.732058
30.462247
20.442325
17.709389
19.040465
23.074859
19.153068
16.540999
21.495053
8.811583
13.686103
0.095098
4.255191
6.403823
14.227516
5.116373
24.790958
12.377506
15.093863
23.902246
8.669969
32.680582
20.260150
12.183741
31.426726
35.617938
33.319180
22.320225
18.593139
11.805937
29.763666
7.221362
27.989729
19.251961
23.107654
12.095760
12.070760
26.252198
13.236378
3.892429
40.447766
18.291064
19.125851
12.620396
24.874248
3.095561
17.656439
3.024372
17.911219
17.471697
28.610293
39.234831
13.488244
32.933238
7.880896
19.645945
11.245587
16.187376
30.166760
2.299550
20.720713
41.257508
14.069930
19.105484
15.007093
32.613916
10.372111
30.535955
34.066640
31.642896
37.054118
27.250527
31.929354
23.431712
1.933402
25.557880
14.982118
21.872920
9.380099
19.086742
19.117914
8.981792
13.771649
16.994134
8.308448
23.520471
19.867484
29.426707
2.106405
5.746085
45.873184
19.613440
21.134397
16.150092
16.736832
2.623789
37.005066
33.862484
49.979330
31.251226
29.009325
36.795584
20.418782
14.799763
20.108966
5.494578
32.808301
6.786078
29.085017
30.821186
7.185657
24.179487
23.665784
1.083725
30.011813
20.030536
8.376231
16.046226
24.708967
18.274933
39.784485
12.685197
14.316934
19.971800
7.352369
30.376058
33.958415
8.810803
18.668194
0.669959
25.322835
13.134886
16.432000
28.401197
23.116879
20.490314
27.682219
21.854494
24.897732
17.655488
34.558104
15.849018
24.938229
37.184211
2.596604
15.406510
7.256108
23.155928
27.254424
23.031106
30.532513
30.395832
18.539798
23.398749
10.647747
11.076622
38.422299
10.915733
24.661364
31.431739
19.781111
12.116848
44.249602
26.670558
5.709138
10.388954
23.230592
9.896026
5.685869
10.695831
8.535265
1.530528
7.721109
7.270025
27.874929
30.181788
25.863893
36.391559
16.735736
18.838427
24.150273
25.344722
34.585936
8.140168
14.813071
35.608028
36.410637
11.831080
32.186080
5.028616
30.779485
16.168943
30.970090
23.212581
22.669241
0.456595
30.243927
24.190538
21.553489
2.357082
24.470927
19.457505
13.970323
29.141605
25.527217
6.127689
18.850665
0.902540
15.260501
25.820075
11.496222
18.625437
27.718069
18.874922
28.545995
37.967562
3.417770
15.040700
16.048859
24.947265
33.602697
35.832274
20.393795
37.867395
4.725623
0.205427
32.266812
27.686625
15.304569
12.345208
33.894539
8.885033
26.422969
25.015689
25.054420
33.046124
12.189869
29.896700
21.595836
14.080269
22.200518
11.900275
9.922927
15.333689
22.519948
24.398439
15.171361
18.708060
12.541796
37.105033
0.160932
28.021905
13.955276
16.805414
19.458824
22.561346
7.282924
22.992406
0.195471
23.375944
26.048513
17.931950
21.864122
26.063456
30.718004
27.194915
28.553722
22.153275
25.479041
22.288416
9.034373
20.824799
32.670967
5.031605
21.845114
25.003042
6.785164
29.261186
15.897516
19.347807
13.906742
13.966473
10.751565
16.711869
9.763654
21.179258
19.713074
0.269301
