398.220399
379.775630
373.205779
349.959463
388.598949
410.365408
350.225208
378.765503
363.102037
331.687617
420.046032
303.071013
385.932134
393.645382
437.000392
365.194494
367.376073
367.955724
366.979391
381.136071
380.312894
344.514101
353.672979
416.264102
331.732276
400.966720
377.333369
428.185014
332.673620
391.805749
423.615448
422.004590
357.244379
416.650050
312.413120
384.599022
411.336201
425.746831
418.903393
380.327959
367.148685
339.091316
315.900229
394.390849
463.020884
344.397034
373.126220
366.596382
378.578123
392.164915
387.908150
371.279771
387.457709
333.579132
359.628600
425.352202
362.504033
347.581334
355.457406
358.922652
368.692852
353.431256
408.845831
329.282561
338.687179
349.622030
353.114966
364.999452
428.125959
343.140014
390.594288
341.131756
404.380315
358.134592
337.001262
401.100322
384.734392
363.521264
366.450373
378.116843
357.618598
404.651971
300.642751
325.300860
417.850748
355.208525
408.438545
343.043436
363.501415
363.913422
404.968526
323.767947
351.829985
400.222169
402.074654
327.215859
436.131340
360.650562
310.781301
362.135185
336.550256
382.692118
423.957943
383.853877
316.733594
325.606870
387.169759
339.182721
361.307995
397.178243
362.645647
338.731945
394.912020
383.782232
346.451287
321.900310
442.274278
402.466745
444.521131
383.147023
412.072360
348.923761
383.385881
412.157940
412.306858
294.936901
345.627044
341.598977
344.594079
399.222831
316.245682
381.557712
397.143390
393.482590
363.034188
350.265320
421.892645
367.252591
375.920257
411.195239
312.668990
388.952128
377.552833
331.649823
348.459179
383.233050
299.939729
372.636136
368.598440
353.294060
335.538633
326.790250
384.283726
306.303079
315.674029
329.717652
438.263636
340.214397
434.141657
388.927718
350.665288
317.794109
384.339274
381.767420
415.246571
289.988143
376.777114
370.196710
391.791153
322.299479
481.788321
353.088827
358.416190
388.906759
353.859929
376.428764
355.939135
399.209817
356.224187
336.811546
383.226295
383.543805
388.137327
400.752378
342.340558
417.644834
311.870550
366.306859
318.391172
316.536603
402.549119
299.941211
385.186226
374.477921
376.056700
447.556665
299.763184
329.344662
363.784881
424.518355
316.639562
379.096605
359.766111
390.082172
346.739557
363.640245
345.292843
344.595084
395.583585
401.358267
384.647899
408.916407
417.362368
393.079887
399.286807
397.403566
358.283158
386.201263
367.033341
330.226758
428.782651
384.498045
361.293248
405.338610
312.743078
471.252777
383.411227
358.834218
354.399579
371.251365
428.096927
419.016255
375.147805
432.227716
395.223860
421.707625
365.778865
365.032380
401.990838
348.176016
404.016417
385.699128
336.987359
368.516560
333.397937
392.781970
385.701944
395.900242
333.341784
403.302163
363.747729
378.541361
377.425324
427.241887
382.684074
316.577000
322.836746
320.838197
388.088725
426.618538
402.334527
313.620937
330.066112
389.237773
398.043948
389.000844
357.115367
370.043412
372.868390
371.609225
362.153124
417.422229
395.028003
307.928709
403.807809
304.718088
358.075150
362.937401
331.205407
355.836758
397.189034
301.173893
305.674997
372.023229
366.650525
330.286832
401.560038
317.155069
413.716500
380.996410
306.849830
382.450706
414.537792
358.001034
350.349242
391.187050
368.166244
366.494373
352.707696
327.508278
308.937307
430.297562
354.791635
343.638452
315.507597
367.951004
367.137724
283.876046
372.941623
389.653888
315.047543
372.356217
370.988109
367.876409
361.008433
412.147085
381.159391
415.142820
358.447895
417.609057
318.303137
383.262363
385.283066
413.473966
319.667105
336.443481
389.719643
363.947455
301.964788
434.752684
359.416018
388.060868
358.514458
393.210937
348.362619
357.014989
374.696819
394.405577
399.805521
313.221824
390.414673
366.690150
371.512491
383.617766
413.487699
315.312173
355.578155
324.095030
350.179277
381.257901
376.224595
375.567926
350.044823
337.664464
392.626451
384.385851
393.676434
430.727707
418.136710
354.716179
362.481269
377.448241
408.234941
396.055195
338.510273
365.184405
320.255296
423.521019
394.088379
368.046888
344.501820
369.469542
349.138667
343.335581
416.062535
365.046628
368.208341
333.592060
398.102022
365.612039
329.966548
391.085224
371.403410
443.134012
337.622182
436.503154
308.155884
401.173904
384.366046
411.983361
354.770848
320.132710
431.377807
372.626094
370.490894
421.715418
373.679401
385.103052
376.736970
442.997403
301.382385
354.430657
388.959978
376.211970
417.201669
320.550366
302.625706
348.094712
320.896845
302.775709
303.136839
391.949247
312.354043
417.707108
328.579441
395.042991
376.378537
368.354383
363.520425
350.319532
353.376876
318.685240
436.353457
435.297974
422.583896
337.857238
323.347165
388.570711
315.152831
288.472971
317.877178
354.520232
370.718630
359.752634
293.430425
334.557836
389.585508
343.314084
380.599080
389.023344
360.947698
371.281733
385.897330
312.460598
334.521453
340.665877
433.861917
461.099372
346.261958
383.567099
352.330633
347.188171
431.078007
379.486860
360.691849
420.802057
434.455772
352.907825
397.867564
337.599458
391.493327
371.183349
322.231714
408.232801
402.836141
429.542404
349.074413
355.631406
367.762502
440.493066
390.836640
359.546639
300.142645
319.566067
337.811691
379.667505
419.491736
336.920279
387.286590
369.923685
367.641216
365.123178
362.960053
335.232226
411.573228
328.667871
305.025173
371.466214
401.246407
365.183616
423.200549
344.665235
391.450869
352.142948
378.301852
357.171485
421.981030
322.605421
334.514843
367.296562
327.123127
310.707578
382.859153
357.792466
356.683614
410.087432
347.215236
416.674507
401.330290
390.441364
354.397145
392.354176
435.247451
382.597252
421.477757
380.632296
353.217367
358.899383
341.456562
395.338164
377.079560
365.058347
413.338559
382.622597
407.907894
350.305997
383.454969
381.741872
281.775150
375.068564
321.827632
342.261756
379.859094
394.581538
398.869654
383.504296
369.232203
342.396106
395.885028
445.074446
380.804370
336.509989
348.490172
340.584358
443.052607
395.088140
319.729766
414.457500
396.039845
343.239030
405.233366
391.414806
422.427563
365.219474
316.891456
409.084948
400.006234
322.575357
386.781217
411.407247
353.668657
431.067530
298.581959
394.041768
359.738280
402.300853
407.828954
459.326205
432.032006
374.772138
430.776104
350.636204
400.848021
381.985527
436.269172
329.193711
415.672337
373.627423
369.485766
402.681845
367.989957
361.177464
304.995956
381.146805
367.803525
420.297396
389.375463
368.125155
347.274656
421.675799
387.523281
369.535696
364.939697
346.524447
353.865875
300.612790
352.565201
380.678922
390.853638
423.856837
373.109727
377.641679
368.711912
391.721698
409.825084
349.971223
352.308399
349.757645
394.820534
359.316226
394.930314
406.764450
398.905708
317.541842
334.832860
428.031699
369.275244
344.730353
402.615945
335.794950
416.181459
375.712153
333.214587
372.633111
419.640194
382.032126
379.621336
391.242317
387.962607
311.051899
381.465188
359.492056
398.675893
448.283511
336.873956
305.799596
417.295510
377.789225
329.675932
412.489585
351.776025
417.234522
383.195596
378.909949
386.023685
374.583913
393.819705
381.498142
381.352715
334.500740
284.667042
356.554232
289.339183
377.498350
338.488880
360.517028
422.890597
336.882224
317.952029
386.979722
344.655716
424.680729
387.212077
422.156973
397.024667
342.090234
400.604306
379.024349
350.127071
383.385777
398.857587
403.954226
342.306069
318.619760
374.397264
346.020508
379.279871
403.517296
445.629329
281.661695
388.871824
407.222553
377.174753
376.865638
402.009699
391.048425
315.214142
398.503331
317.843268
362.299925
450.786175
392.624071
381.216769
414.216952
356.225255
357.790752
346.401615
409.686858
365.605109
293.259964
355.672404
346.973097
414.801235
370.657786
356.822505
419.805612
343.306750
368.343206
392.337096
296.775411
403.402089
380.206052
383.585934
394.041728
374.582962
320.561684
382.161257
362.374736
355.806513
354.854542
422.931469
407.982173
312.887397
396.823407
310.797910
440.183986
380.089857
357.910422
393.454289
381.747152
342.695939
359.919927
367.388770
324.567161
425.201642
356.597018
391.295250
330.237777
375.203388
370.447598
366.787530
322.602194
340.746622
340.285927
307.769217
294.903872
369.634801
390.256200
405.702390
336.584424
299.508972
396.571898
369.504418
386.511688
366.754986
404.555385
388.786116
414.932055
382.638798
399.218052
356.479270
382.363465
393.986077
407.806517
362.828788
397.184396
337.805968
341.059554
392.174870
441.413416
379.352460
382.029456
422.424328
390.586702
341.296580
335.038715
386.367641
405.715120
382.031696
398.787361
340.232082
402.554475
420.825121
386.078745
325.393892
355.853130
384.364288
376.662038
344.188142
419.056611
415.837952
373.978425
369.526014
329.174107
395.795882
364.294992
355.353161
332.076125
314.275485
434.532743
306.637625
381.358727
296.541382
463.536800
435.241213
357.624297
376.891425
392.086705
422.364909
351.836806
416.593722
437.703261
375.946623
309.909007
356.662230
366.646253
358.032196
375.903178
355.812255
418.919933
324.604818
399.163312
404.798847
356.213969
293.833844
368.780149
368.821839
319.268333
346.423297
450.113639
411.532058
385.470357
370.761233
321.415602
424.768175
291.972051
367.318888
347.676696
417.146511
349.611638
384.084601
430.964886
323.886149
286.203934
325.115790
430.115538
357.633055
360.784400
329.322133
360.702580
360.532415
400.853658
395.491096
453.645064
424.712968
410.965396
436.703762
291.823705
313.975621
321.279123
411.511621
327.131633
337.610741
369.673426
411.688567
314.957597
343.694280
379.272999
339.844333
316.807624
372.956502
328.575881
370.322312
380.757157
353.453507
342.236141
356.038168
373.100739
338.588881
402.604203
335.201307
327.907628
320.196445
378.298443
356.997757
347.292093
341.141662
360.625612
416.494074
415.116200
349.926242
295.120456
375.796251
301.860958
429.187474
354.304819
406.246781
337.034727
345.551941
324.973949
396.357482
435.317710
400.473342
354.485746
406.243599
370.130697
365.665890
326.985047
383.847016
388.898719
406.392497
340.829358
367.180121
354.449909
304.191212
352.169680
400.550526
409.645011
367.384455
409.575925
317.347168
412.718411
389.934883
378.565133
382.751105
336.020363
405.800314
410.107402
391.156299
364.885888
385.937182
456.370480
362.409358
391.679518
301.148421
400.048698
393.326424
380.574531
384.449738
372.158759
342.664926
382.653436
322.145108
405.673758
350.616773
456.667322
394.194926
372.265418
329.838830
340.223773
391.498246
314.891575
366.711141
386.240406
374.467710
372.048579
376.534134
372.393482
421.734088
280.789442
374.400152
413.961339
408.034415
409.741133
389.395129
395.174824
381.995837
370.466253
360.286053
378.337150
417.437572
357.619400
351.517948
401.852439
361.785293
353.534154
441.731310
332.623519
343.374026
354.343011
374.174398
374.313609
386.879293
349.262188
349.568115
371.938228
373.459035
352.619455
386.209787
366.962994
353.368019
411.940655
337.849162
377.395911
403.153860
426.604947
376.958696
372.286065
383.161855
375.435186
312.639307
373.090229
360.672926
337.148472
361.740239
379.746641
380.724024
358.264302
382.407120
306.570417
368.228538
350.306561
436.803946
394.217977
329.980151
324.990779
342.422776
391.962673
410.470689
325.633899
295.679858
426.377859
410.272891
373.987078
343.271334
341.210654
320.830734
388.686788
312.849749
307.110357
411.357842
405.725595
362.005921
407.705719
349.938164
352.396159
402.431131
390.900088
325.326844
370.725935
339.969298
320.470782
363.688615
339.103749
387.022986
354.133288
296.062321
362.006494
346.592645
323.436133
358.109909
334.330458
369.044234
377.376037
410.279838
324.584263
414.116026
424.886141
367.616805
317.399025
398.635715
385.862104
372.595150
349.733702
424.511035
368.017941
396.958273
421.815891
378.640963
339.298490
336.466663
432.731344
310.298479
366.747404
443.195778
301.424703
433.778136
419.847035
356.641621
410.780408
377.569672
409.751660
368.623196
341.937929
308.514898
343.465438
421.503330
344.495378
339.301506
402.143767
362.455309
340.724229
389.202374
348.337230
312.552837
333.315985
401.205354
396.743410
372.193804
357.863288
293.515938
419.729417
318.815924
418.712389
340.627330
393.209420
336.862271
341.902660
381.035540
398.322878
278.827301
385.545496
365.740163
382.681057
392.609617
342.649161
341.626115
368.315773
402.205356
332.868099
379.612454
388.198759
356.986764
414.440334
368.617914
343.761924
349.517058
331.194611
368.568423
388.841775
387.970719
423.968407
396.046391
441.477719
357.815461
384.221381
411.811044
380.624883
406.826808
390.112238
439.047076
379.826561
364.865417
362.535022
393.254920
416.719703
317.839179
416.179328
350.073080
447.654692
372.988724
404.504646
410.405370
296.918975
358.181628
411.649217
328.759067
388.252306
381.498038
314.510904
422.044655
400.801763
438.979041
382.107965
345.319785
350.147128
346.186528
344.720317
349.508947
344.464461
351.960071
358.649826
356.255786
448.580806
368.247037
384.853184
410.675152
382.309386
423.769946
368.652059
352.890243
372.736580
384.420535
371.487194
415.780235
368.581602
396.515699
379.022097
386.967440
317.428933
302.755841
419.286154
393.665435
326.302088
393.065608
386.203087
390.559269
382.822654
394.864531
328.425978
439.192581
352.295030
424.689016
329.416278
344.458303
398.619911
370.270177
354.081710
318.534020
369.229388
371.233349
414.164058
439.176050
361.694751
397.183958
354.380801
455.367651
338.122750
325.560180
473.258893
354.883832
429.200182
343.514667
385.433923
336.988048
419.702981
419.174223
391.160071
355.588877
358.651751
352.380780
373.413077
406.932324
348.149639
352.195959
317.475842
390.761779
370.253888
331.297371
345.673423
307.482229
319.968300
337.738846
362.700042
323.419977
397.353701
373.780229
306.788182
408.421636
357.378832
368.118092
411.794791
400.949452
359.182752
452.067298
337.841688
383.138402
317.410253
378.968904
394.601559
431.232076
402.413511
370.457872
298.516232
312.431417
400.137645
332.296628
410.767776
417.458016
334.588673
373.123441
279.922303
306.753705
370.935907
427.551949
378.984936
437.214278
365.362944
299.555389
379.752946
365.276643
421.104999
362.228411
387.821927
395.027711
377.250714
375.147236
383.071504
319.444774
403.805586
395.973844
419.776958
378.980676
353.327762
340.816288
406.378024
423.405117
313.251153
361.360489
393.418683
428.411743
347.590593
432.462976
419.564552
386.069367
422.603758
315.357098
345.407469
346.172442
417.877535
416.849766
382.949831
379.813684
332.935061
405.345203
358.702220
332.254084
341.168079
387.304761
272.224932
347.782981
423.122709
335.796380
408.600563
417.501114
374.443486
374.152372
329.752930
291.239227
429.490748
387.633105
323.757658
383.269995
372.052718
342.822508
378.219011
340.482214
353.217068
362.866276
306.468541
290.386148
385.222457
443.536038
397.299644
404.579271
373.696941
404.349340
372.103169
364.583617
330.492337
351.624280
393.135525
386.296302
429.873995
362.545375
425.041491
407.831502
360.637308
369.002854
369.597970
370.468537
339.472188
400.859849
398.520216
420.841317
448.626714
378.048692
381.531549
440.447260
325.863729
337.587015
331.913841
356.149713
309.050993
420.343139
426.571126
378.672335
361.683093
338.067116
424.732037
423.167421
328.447390
367.909796
426.128290
366.097996
329.209665
402.988119
422.065305
391.481306
382.868726
354.531382
373.669978
398.843393
389.302898
386.404275
422.531926
309.806827
331.576372
448.278379
412.642927
272.502830
310.210295
366.916377
368.010362
353.327597
372.810226
385.772979
329.557859
342.503790
403.212060
336.691972
340.306502
333.304656
376.231086
441.027989
357.181927
396.742075
354.994736
344.045379
351.048798
349.801054
339.263514
310.532805
286.540386
361.049262
437.352323
343.684246
379.047249
376.016910
322.379283
380.387507
444.419959
331.531565
367.036598
397.346221
366.441064
400.707524
402.116964
423.310208
352.772949
420.799361
417.031030
417.867417
323.154357
376.965742
276.813203
344.009194
384.367371
374.916645
322.306095
390.639284
334.307268
325.154806
369.318835
319.477908
356.182151
359.762303
377.322226
308.605725
401.740024
314.241080
360.487015
305.895654
275.448788
352.431139
310.964203
334.971465
323.550936
380.617253
410.142948
332.843717
373.229254
432.576792
407.784161
379.182349
331.343100
327.615354
349.537450
384.743091
297.497838
366.120234
344.668682
380.799774
387.591323
322.103175
313.277072
353.814581
324.751002
390.876312
301.924547
399.806017
361.904358
369.157064
356.468086
367.472939
383.655228
308.683609
350.539879
379.034739
422.053757
339.998583
349.352041
439.619726
381.161653
339.975936
341.267363
353.891960
310.695829
381.322228
402.524123
427.470489
317.874767
413.560751
363.679895
421.540656
389.923190
336.769476
414.749290
346.677706
401.309187
408.254970
374.539786
406.215073
423.799358
426.476871
407.375938
461.155108
348.058844
429.433754
397.289653
413.038872
427.969500
367.876756
377.930942
324.513261
377.741607
356.517900
396.774448
367.487235
323.713867
374.127220
302.917278
415.757072
398.160395
318.496819
333.591707
390.970974
381.596582
341.043801
391.634280
309.389256
412.076787
341.384805
348.096541
312.654484
365.693193
309.970058
399.758652
415.233527
478.080805
430.235303
421.266074
362.638898
364.721496
338.105647
324.014251
310.379336
332.080395
384.009010
354.984002
431.371500
346.324488
366.949601
392.296329
395.199871
369.648891
316.056641
371.342522
371.509700
377.575456
303.314457
341.366065
360.543283
426.189114
337.398906
331.257173
304.673251
393.691666
413.049157
354.970302
303.352006
368.618199
306.341022
375.807181
315.729265
381.952372
389.620125
368.129539
411.947115
354.514820
347.366329
395.633408
360.948985
403.056635
418.172271
430.133857
334.316693
341.459474
391.611492
359.319096
448.855964
374.742939
411.590196
399.033361
387.095829
297.056399
406.222892
355.391105
309.890746
452.811587
388.804233
342.590005
371.423469
439.594214
345.312871
385.885797
400.698603
385.722120
345.042228
356.388105
341.004645
329.750789
290.937861
297.667859
394.001732
341.908118
338.458670
334.976237
317.977379
341.364530
404.576589
316.974367
334.089751
385.916615
278.663137
370.333981
399.172842
412.713964
317.028923
388.420883
322.350697
395.159837
354.140022
347.673007
393.720677
423.490197
342.410618
373.217722
371.280685
388.784735
375.284389
354.338608
389.250135
356.456488
383.517548
355.552122
308.336897
300.576386
370.475175
397.926520
361.911518
338.493834
377.331298
391.865066
413.808451
379.287681
386.873322
319.436234
326.016284
298.090193
313.320504
364.265930
385.811116
449.402463
321.011756
376.597704
373.838066
363.870953
392.291410
400.666520
374.061023
410.705178
414.930167
399.090633
401.766593
335.963300
352.391992
309.345151
367.859360
405.131193
379.636783
353.566109
399.560946
373.008728
324.904173
406.267640
429.654982
450.090281
341.350972
325.959035
386.587918
395.148255
325.809645
379.047310
382.448735
337.068088
394.943714
296.518978
357.884128
388.391679
409.745377
344.543459
410.880017
307.483330
376.486905
304.548193
320.106834
310.834496
366.127838
399.309718
347.308298
354.332408
401.836710
341.660457
386.783608
376.704793
447.452630
298.244621
369.097880
324.097357
343.415873
363.479190
306.767923
427.983923
352.136054
364.488082
363.880221
352.386354
325.758502
413.890475
429.497626
333.655677
386.571115
363.727492
348.993685
386.929945
342.037288
401.323575
360.285585
384.354486
377.595180
358.145235
408.306500
329.398856
380.195628
302.738425
382.081078
415.697851
333.397783
371.405681
373.413969
393.446684
352.321998
361.282578
352.764338
382.579644
379.579061
