0.493095
0.011637
1.741677
0.431221
0.139332
0.005935
0.358400
0.005424
0.006539
0.208231
0.106230
0.281516
0.243662
0.119062
0.004814
1.186731
0.092481
0.284473
0.072920
0.451293
0.204879
0.010997
0.033536
0.706355
0.007541
0.224713
0.017053
0.643133
0.019106
0.011031
0.539729
0.047335
0.888169
0.023767
0.756025
0.052429
0.012851
0.059277
0.495879
0.619018
0.111032
0.828556
0.444452
0.058187
0.121866
0.183067
0.577667
0.006748
0.632191
0.622143
0.163793
0.052158
0.486838
0.836565
0.117461
0.004825
0.362124
0.264372
0.197018
0.034118
0.022041
1.419567
0.081904
0.094597
0.000681
0.106174
0.487717
0.000360
0.003745
0.379752
0.049614
0.115192
0.121770
0.107663
0.058012
0.018879
0.162364
0.093748
0.378999
0.859623
0.401462
1.464334
0.103587
0.874324
0.005109
1.200841
0.069645
0.925317
0.114671
0.086999
0.019334
0.471334
0.551400
0.026791
0.777797
0.051114
0.488220
0.190126
0.020559
0.225811
0.125571
0.202908
0.005831
0.651303
0.028480
0.213110
0.069077
0.661396
1.084319
0.002931
0.131406
0.538535
0.216954
0.009541
0.518374
0.004002
0.004880
0.534259
0.554613
0.037126
2.141313
0.268590
0.007517
0.055432
0.046015
0.608148
0.000994
0.015041
1.508756
1.584701
0.011739
0.537643
0.229403
0.736939
0.038436
0.000901
0.144704
0.011732
0.006709
0.033235
0.594210
0.721150
0.105903
0.004361
0.741945
0.001895
0.551722
0.220024
0.257787
0.022171
0.051571
0.227869
0.409210
0.001386
0.017174
0.008927
0.082454
0.294991
0.298453
0.017922
0.115802
0.474034
0.024361
0.130978
1.597551
0.697248
0.069688
0.105777
0.008870
0.973814
0.001785
3.414449
0.222673
0.124309
0.134619
0.480318
0.758617
0.041510
0.137121
0.040770
0.841356
0.646954
0.497387
0.198019
0.085529
0.053416
0.139280
0.234091
0.020128
1.444639
0.154908
0.007198
0.181274
0.490352
0.109052
0.198835
0.139393
0.843938
0.044838
3.186978
0.546667
0.238992
0.001162
0.049026
0.329759
0.492262
0.006837
0.029839
0.011109
0.502831
0.617423
1.608824
0.019442
0.744722
0.015523
0.027103
0.104286
0.015084
0.554421
0.671463
0.065890
0.008348
0.240351
0.507875
0.238776
0.075436
0.694406
0.659737
0.088907
0.966247
1.114863
0.136316
1.374030
0.032285
3.492400
0.036822
0.153827
0.891720
0.034563
0.201673
1.467848
0.067761
0.358073
0.189531
0.511758
0.342640
0.045593
1.295938
0.072613
0.103727
0.092608
0.156873
0.073458
0.574225
0.013399
0.009411
0.347063
0.944376
0.562766
0.611566
0.876724
0.055822
0.093780
0.000140
0.514143
0.238758
0.014329
0.077746
0.467114
0.005458
0.255717
0.326897
0.085477
0.241707
0.131939
0.605922
0.033915
0.796135
0.024027
0.136039
0.001625
0.010257
1.433722
0.249410
0.340289
0.037376
0.060354
0.382973
0.088271
0.036436
0.042172
0.134507
0.299986
0.968342
0.138710
0.231599
0.285426
0.015058
0.003809
0.135820
0.132825
0.171096
0.038859
0.082198
0.135102
0.211618
0.027480
0.037829
0.038077
0.224753
0.597300
0.332971
1.901525
0.039195
0.000270
0.783937
1.006018
0.000294
0.374319
0.025033
0.021631
0.031991
0.867639
2.286058
0.453753
0.083727
0.095115
0.144988
1.127890
0.304142
0.013032
0.130562
0.006892
0.135446
0.026865
0.116202
0.069332
0.928225
0.200464
0.064044
0.070773
0.895221
0.263318
0.427732
0.239363
1.059030
1.038181
0.001092
0.001328
0.028014
1.374593
2.107444
0.087330
0.536787
0.033988
