33.570009
21.865709
46.930634
13.345653
33.662103
20.914213
36.536355
30.331757
32.246479
28.088270
33.484919
35.864078
44.122103
24.291399
23.231816
32.103071
34.020938
19.139324
22.166649
42.064589
42.300296
17.689707
23.334265
18.603338
19.382957
34.543519
26.901535
23.478202
41.343261
39.904217
13.977691
19.902796
25.329304
34.746637
20.197946
18.180328
23.434463
24.804702
21.040005
27.707144
21.309685
34.165307
39.472691
17.983898
31.693290
35.192867
34.680032
32.650192
41.952958
32.847413
35.329854
14.032509
38.788631
52.447736
50.800313
30.368561
22.925537
15.037845
30.788212
19.353216
26.846759
32.735509
22.978364
24.129901
40.315268
23.172860
31.381845
16.750575
33.151149
31.087668
31.815326
41.682460
23.782627
44.802810
42.136380
37.700529
32.360023
20.759807
31.085549
19.827877
28.319006
11.884183
21.595858
33.047615
26.138044
15.423149
19.443094
27.955520
23.949722
23.118506
17.635104
22.830211
48.258906
24.834904
38.509462
27.179167
26.601511
34.024147
26.350235
18.689587
38.579089
9.573740
28.080842
39.301055
21.271036
38.186239
30.407937
31.070446
36.609278
23.018187
32.010069
18.339173
16.546649
42.735795
31.821228
50.355869
19.441446
36.812895
24.248649
25.904461
30.795146
24.950120
33.242304
21.786489
42.215934
25.227006
38.742713
31.028903
32.223650
27.872862
11.628233
33.633121
40.736457
17.578662
21.841971
36.809014
18.198028
24.140667
24.942751
10.936931
26.661401
16.594276
26.746874
27.672146
32.845277
19.866910
35.224242
29.407345
24.844278
25.785224
13.618005
19.186568
29.539249
22.566395
23.990757
28.218414
16.533800
19.012791
53.331452
22.494404
32.251915
34.209877
34.620248
34.502956
42.463378
39.007028
29.676478
22.497685
26.311280
17.773983
31.117165
23.603612
17.263553
12.322414
30.854287
24.514680
9.721623
38.523082
27.245013
26.893645
30.596966
44.093069
26.307644
38.182277
21.656571
16.128224
44.442073
20.413225
35.589735
30.722795
17.505739
19.012644
37.689529
22.015810
39.916095
38.181605
34.613041
39.441586
27.009415
33.861605
40.695203
23.855247
40.600339
18.908303
27.746559
18.255948
33.038079
25.449344
28.863901
29.727541
38.148563
21.410002
42.178441
28.634255
25.108376
27.962020
15.672783
56.445387
36.161164
40.634704
27.925644
33.104407
16.515537
36.057306
20.633721
45.871798
29.203417
25.130589
32.128184
24.222029
13.222719
32.117762
39.672219
36.413660
19.284419
41.757224
21.448504
41.853204
26.856201
30.440771
44.561180
22.810242
35.778440
24.736720
23.536078
21.977945
51.618764
22.916334
29.625562
26.310501
25.968716
28.471594
40.539230
22.815066
29.983619
34.903279
19.611770
18.971146
27.793381
25.642598
35.803458
13.587016
19.845658
26.742249
45.868810
49.209450
38.887616
22.059956
34.258854
28.042606
15.364717
29.923081
33.202983
15.832779
32.633828
25.959983
29.153360
31.875414
26.328598
48.335777
20.945814
38.551961
34.340566
44.830398
16.665910
29.888270
41.193742
40.395181
22.900103
18.480193
21.705124
18.212415
21.677697
45.316442
32.753425
41.560262
24.432819
37.342137
27.310420
29.524226
39.938982
26.908066
33.807489
10.459850
32.716662
27.115799
27.802719
17.324199
15.011342
31.442756
31.236288
32.482213
30.363761
22.237062
32.639416
15.710320
27.277858
26.450495
26.336265
39.837827
28.877845
32.718522
23.076245
19.535633
11.134473
24.351138
12.790272
15.840177
32.342987
32.857890
31.655674
35.943229
24.709034
29.242965
30.722931
31.647038
25.408544
21.423668
21.895308
19.865925
25.715757
22.076861
24.605091
45.968016
24.062167
40.157947
26.869106
17.339065
36.584481
23.053072
34.065198
32.009716
35.690542
28.813710
44.293426
23.726174
36.098693
43.400416
24.288539
32.322907
25.779436
40.237519
23.842897
48.044136
31.032946
25.889197
30.451317
30.509320
32.883656
23.058261
9.579160
29.051247
15.578300
31.098387
42.272089
24.733645
23.774639
20.930390
20.229477
29.700680
28.785520
32.182403
33.343546
10.182008
20.202103
31.358947
34.654625
19.039857
27.418703
24.817492
28.995785
21.042963
20.648656
39.638730
17.299800
39.982757
32.486870
21.010311
33.675760
27.190865
14.633638
27.596997
12.603133
35.071152
19.845654
37.454720
35.201216
36.142656
18.438130
36.568085
32.474049
43.185633
32.032278
30.593080
36.292674
21.492705
29.636050
12.529420
44.369931
21.525429
23.327874
27.035234
20.890628
33.540352
16.140581
37.838592
16.577279
42.032277
42.559282
9.166705
39.237904
28.052107
32.032682
27.178993
9.519758
18.503621
26.288229
37.290209
28.430030
36.638297
20.265088
14.633085
35.683366
27.197273
29.587345
26.374269
26.546207
28.656176
28.774081
33.348139
28.011563
35.612827
33.104677
36.851799
24.427141
35.810903
36.836257
31.936716
33.388527
30.988520
21.138594
27.552109
24.960038
35.689424
28.814794
14.986210
32.062468
33.185648
24.087716
19.722410
27.449543
27.801498
28.306266
36.099756
32.193166
27.068028
37.987047
22.727739
37.985614
36.001676
28.371597
25.256018
21.352035
34.004182
24.272560
36.541803
30.347012
31.355620
39.281044
33.448889
40.537115
30.835977
32.080679
28.293719
37.678808
34.028225
25.785052
23.188919
41.086023
27.403759
29.627087
30.338898
49.116091
21.061394
24.546412
36.025298
39.469479
22.379798
19.338980
45.172348
37.991849
36.629861
22.097467
26.027653
19.017014
43.694268
38.449231
34.723496
42.118696
19.203838
12.573103
43.144975
35.416906
46.457783
23.143257
15.585198
22.530451
40.810010
26.130246
25.158684
23.656618
29.277150
37.036083
30.654039
12.409210
37.853260
22.435501
31.747152
26.901494
44.045731
32.537315
28.393751
37.375821
36.043338
17.477967
30.005806
21.650509
14.278929
20.246447
41.699491
32.002361
45.872762
20.937104
31.808697
38.929867
23.997305
21.785727
26.044102
42.862883
23.321340
29.644042
34.356748
27.558906
28.751188
39.582548
27.019553
33.450043
33.915862
19.037224
19.739839
19.633984
28.361156
26.890562
32.499415
32.370064
32.987361
28.719758
29.416836
27.377677
18.676844
16.867167
38.961562
26.810852
32.318237
27.808157
17.582856
23.462879
31.085658
34.037149
38.524213
31.699188
27.059416
33.273727
27.174249
29.505942
31.522671
32.262771
26.258079
35.417910
40.213287
46.303464
28.538911
26.451239
32.042855
31.458739
28.663305
31.323877
37.573086
27.354541
32.172798
35.794675
28.573567
28.514222
36.373956
27.267067
28.177591
14.624246
20.014977
29.053516
30.447633
31.541437
25.866215
15.832825
42.436377
33.891816
27.147639
42.869137
29.874936
29.113608
45.024308
20.006813
39.602901
22.429957
45.233933
25.953498
27.267912
16.761839
12.336012
46.159518
28.808858
21.203622
27.457194
17.935119
35.407234
28.131982
27.975728
22.971905
29.761255
32.492244
25.051761
14.008306
34.319838
13.458746
30.153357
23.098354
27.348084
29.668064
37.840955
37.169758
46.020765
14.642703
23.428799
36.922248
25.598478
34.582302
32.493857
34.538193
27.657992
28.753157
50.462712
38.695944
18.189524
31.524846
9.296080
29.637185
19.633586
23.190644
17.324111
25.459227
23.509112
29.116982
20.939854
18.176128
27.072042
23.474515
30.590116
11.636989
27.901963
28.722200
27.982813
23.846302
20.314907
41.498100
19.913427
40.190878
21.278541
25.607135
16.547038
30.847335
26.033452
22.277230
31.198315
23.338073
29.931604
13.396245
21.270460
36.152574
19.016123
18.009981
48.781954
35.870645
18.852965
27.179969
32.546634
30.302503
22.712586
25.954400
42.239934
21.819227
36.734221
37.442253
34.776392
32.111712
19.097912
34.809075
29.585100
43.413318
29.284044
20.449666
30.628771
27.829082
24.581780
21.671206
23.879131
38.153598
24.232084
21.201236
31.580410
14.200694
17.814901
23.384124
28.087119
20.990266
40.401225
14.670484
21.333528
25.621014
26.210458
33.147675
25.202545
24.745741
20.115818
21.614781
25.967629
33.785248
20.129244
26.362683
39.150107
34.486452
33.763082
31.877476
38.333594
32.578845
40.501613
29.012790
23.177361
28.337151
28.542625
23.880281
34.813027
12.882037
33.885915
29.334245
32.334740
26.669015
38.877697
18.729069
26.044283
15.552625
11.463808
27.300943
20.108780
30.894759
42.286866
23.129993
34.800865
18.768031
23.123199
26.105072
23.580587
13.981960
14.878301
40.342624
37.640604
34.218671
26.964903
13.056741
31.957131
28.219577
23.586056
33.359320
38.116987
37.774528
27.313539
31.514209
21.276357
51.275254
26.498237
38.699034
41.030677
31.821411
14.215270
16.819354
16.106207
38.164997
16.423838
35.420136
25.415135
18.947755
22.587718
20.477894
31.998826
25.822971
33.340141
43.342894
24.722744
40.827756
23.373074
14.388438
42.963380
39.492487
24.033122
15.526567
29.480253
31.891446
35.643471
34.066295
29.852482
26.733084
21.623939
28.882288
34.232951
28.552846
28.829982
41.398191
31.329146
31.845529
23.626445
34.100391
23.838343
29.005864
22.399454
46.564969
21.608244
38.932178
26.646194
34.092418
32.476912
31.571369
30.967267
19.435488
29.587593
29.571093
25.046633
18.758080
25.902594
32.489289
47.710473
30.492474
33.315464
18.923706
9.589918
44.743773
22.878985
18.215373
18.546792
28.819664
37.344599
37.102753
40.892154
30.100697
35.996822
41.861437
38.431747
33.736347
24.480767
11.163690
41.971481
21.954380
18.051543
39.970012
22.005214
29.185570
33.794892
19.199949
23.304782
21.184148
22.719787
23.250779
25.661046
16.866888
27.914796
28.235507
19.480828
37.287085
39.721720
33.637974
33.011657
17.797907
28.736225
33.900471
35.090035
38.276320
47.905972
25.593370
22.141727
22.222795
21.838161
39.461647
33.867788
29.294664
31.298226
23.529161
35.279785
27.470232
38.281916
32.018895
20.520680
26.006468
37.671365
43.367900
30.119036
48.253399
36.425982
24.576172
42.658512
44.487870
35.901845
32.936545
7.623311
22.138378
16.638978
24.827434
35.645648
21.860071
12.372830
34.716849
20.339971
32.512263
19.420344
15.305793
32.729567
16.606263
19.711568
30.810880
29.019251
37.782476
48.908268
30.017620
38.660436
23.867549
13.837707
32.708688
25.438548
22.690314
33.103019
27.165775
34.225872
19.316543
31.951347
14.385577
40.158883
19.604718
18.718952
25.001209
33.236569
40.332259
25.488091
37.335967
30.646698
27.711446
44.583601
20.148484
34.237483
22.594206
19.230438
32.504282
38.768436
22.691993
29.709344
19.339275
19.129163
38.663108
15.339568
25.679510
49.632518
23.761238
32.010273
22.387961
20.226424
21.198243
21.555741
27.123524
9.772171
22.875580
18.873689
27.372369
29.360206
37.107453
23.623103
25.275960
16.097553
21.606603
35.433418
29.833333
22.204913
17.455226
29.563014
44.392281
29.261633
33.597801
24.520343
21.016065
25.038713
24.951056
23.502923
32.444388
13.736788
24.935020
40.560532
30.938942
22.551963
20.875902
28.932504
39.791111
16.639489
28.726910
27.816532
37.060676
45.656441
34.987579
39.182837
29.331445
25.875148
16.756290
32.328855
33.990433
11.053031
42.579209
23.431904
43.179393
17.152085
11.804082
15.615055
30.069261
37.578570
24.384005
19.166349
22.786407
32.187087
36.309700
21.512164
21.844637
33.751302
24.377082
18.090535
37.484335
22.515977
44.840773
31.843606
40.772445
39.870608
18.790064
24.734396
41.344254
28.673854
18.976821
36.908089
28.468535
18.841209
31.471284
34.010597
31.228384
31.312315
21.195203
35.852376
13.272212
35.183028
30.182358
34.236888
42.384116
30.344435
31.088118
31.466353
13.884234
20.836713
