0.615457
1.755706
1.150010
0.494196
0.000289
1.422340
1.350018
0.400058
0.078531
0.038230
0.743100
0.634524
0.044538
0.499619
0.335456
0.827224
0.075475
1.429990
0.471111
0.915680
0.688295
3.073614
0.011992
0.014096
1.148231
0.740378
0.557182
0.009595
0.250194
0.239506
0.235290
0.595087
0.253308
1.216760
0.141834
0.377245
0.250384
0.050224
0.108450
0.966351
0.042116
0.728091
0.434496
0.541747
1.349289
1.170306
0.917893
0.032541
0.004375
0.012789
0.095498
1.504200
0.401220
0.569035
0.106489
0.632996
0.359667
1.219784
0.107393
0.453721
0.152413
0.297352
1.614413
0.205931
0.174077
0.316293
0.001459
0.532282
0.172568
1.542894
0.128062
0.191699
0.375132
0.131720
0.054650
0.154104
0.019052
0.669178
0.006117
0.815555
0.330369
0.509336
1.015467
0.103238
1.066419
0.161188
0.366732
0.024139
0.665813
0.452880
0.078771
0.070487
0.067576
0.016083
0.785609
0.006875
0.100380
0.094445
0.345549
0.569907
1.499400
0.124469
0.064053
0.201227
0.051259
0.129064
0.564389
0.028431
0.050842
0.024717
0.918411
0.028460
1.090878
0.341084
0.004701
0.025312
1.008351
0.016436
2.233074
0.015789
0.151190
1.031063
0.152945
0.899111
0.085577
0.127067
0.129357
0.077890
0.739430
0.094793
0.203882
0.004728
0.457859
0.528421
0.023353
0.570306
0.572716
0.000778
0.181907
0.415906
0.104437
0.214929
0.149500
0.081004
0.198324
0.390134
1.024696
0.625752
0.001311
0.170802
0.003338
0.737701
0.903335
0.140970
0.000393
0.220683
0.409894
0.146986
1.321411
0.006893
0.042750
0.124977
0.249122
0.183665
0.286214
0.001449
0.310576
0.166154
0.271596
1.051187
0.227415
0.077143
0.159792
1.220565
0.065663
0.001526
2.238081
0.135767
0.021782
0.909616
1.905701
0.019745
0.998669
1.118304
0.452354
0.414292
0.755433
0.008343
1.321114
0.059082
0.038053
0.085100
1.004525
1.812009
0.179621
0.145055
0.158887
0.600490
0.356995
2.120839
0.272751
0.743509
1.461787
0.144543
0.152611
0.404523
2.615898
1.543628
0.670725
0.050982
1.049834
0.337066
2.030133
1.205721
0.198957
1.027021
0.587943
0.514097
0.571115
0.006394
0.309381
2.114449
0.964418
0.959893
0.148321
0.000690
0.398781
1.479293
0.825917
0.084345
0.746777
0.066085
1.274366
0.244558
0.806013
0.092296
0.526687
1.013700
0.075469
0.003836
0.990570
0.018181
0.607372
0.459510
0.004063
0.161537
0.621813
0.268477
0.436339
0.055123
0.119505
0.000894
0.451082
0.059198
0.118837
0.209688
0.084995
1.073271
0.470977
0.574869
0.111778
0.027076
0.152519
0.046209
0.043263
0.065106
0.438429
0.803578
0.813183
0.182773
0.117740
0.163935
0.003377
0.898699
0.258048
0.106652
0.685531
0.602506
0.107108
1.301034
0.532285
0.571993
0.340859
0.092546
0.270825
0.128283
0.490543
0.880317
0.821020
0.877079
1.342125
1.092471
0.013634
0.010213
0.008692
0.075505
0.122996
0.287603
0.063193
0.114987
0.037477
0.005031
0.167348
3.042004
1.777443
1.228238
1.402295
0.224240
0.631087
0.016601
0.039927
1.087377
0.567653
1.022731
0.064594
0.665604
0.710685
0.006284
0.074287
1.036138
0.087411
0.000299
0.038854
0.357669
0.302761
1.495063
0.519431
1.661511
0.659559
0.110626
0.149445
0.209996
0.608883
0.621276
0.121069
0.345199
0.066102
0.432582
0.915158
1.574447
0.128246
0.198779
0.571983
1.174438
0.482247
0.000987
0.409702
0.350786
0.018453
0.786909
0.032239
0.153853
0.071754
0.011308
2.674083
0.237315
0.825450
0.424824
0.010093
0.267853
0.577751
0.110702
0.009796
0.001157
0.023416
1.549003
0.014519
0.184748
0.001990
0.025465
0.634576
0.003351
0.566167
0.401613
0.102454
0.117778
0.204001
0.608167
0.078270
0.238945
0.049747
0.079741
0.148237
0.249521
1.869695
0.030307
0.262213
0.060125
0.541362
0.032519
0.700199
0.369485
0.007998
0.358270
0.587789
0.136887
0.460897
1.876459
1.489876
0.041731
1.042726
0.083702
0.152068
0.560548
0.550528
1.549139
0.167687
0.012824
0.030654
0.554945
0.185554
1.598589
0.001174
0.456213
0.232521
0.364380
0.036097
0.156402
0.043072
0.239722
1.891522
0.164009
0.007177
0.050155
1.332953
0.069796
0.735860
1.009366
1.591642
0.091140
0.012254
0.058234
0.019031
0.159159
0.886029
0.323759
0.000057
0.999107
0.097978
0.662959
0.337580
0.490665
0.049372
