4.759026
0.355804
6.340699
0.615895
3.207336
1.891743
0.622161
5.623688
1.267462
0.226656
4.562707
1.602491
2.051746
2.194876
3.043567
0.063698
0.282452
5.189225
2.958529
2.010578
1.351128
2.610721
0.684867
1.015524
0.455042
1.515563
0.219952
0.518899
3.941461
0.109180
4.831096
1.500543
2.004767
0.467751
0.121763
1.025789
1.302604
3.787397
1.717638
4.131768
1.175629
1.321785
0.176505
0.750731
1.935097
2.716924
4.524248
1.839856
2.990620
2.402703
0.622251
3.803292
0.227484
6.527910
2.610368
0.517617
1.569367
4.176757
0.229628
3.908091
1.064313
1.928666
3.719535
0.097528
3.314337
1.297167
0.183636
1.875469
2.774308
2.280224
3.709903
3.054025
0.831504
0.276000
5.166848
1.586324
3.977120
3.780534
1.181656
3.759596
0.857067
3.579641
0.024086
1.635121
1.498252
1.785924
0.725202
2.812861
1.610959
0.283521
4.802925
2.472059
0.596115
1.848866
3.303489
0.261739
3.316631
2.001113
4.551636
1.694300
4.821568
0.821702
0.720334
0.864037
0.148903
4.980943
5.303704
1.788325
0.137993
5.833029
0.465672
0.562797
2.332089
3.738375
3.077999
0.789423
1.026673
3.366135
3.006492
2.090244
0.421021
2.126579
2.600594
3.446290
4.335205
0.622800
0.172654
0.093255
3.342844
1.896671
2.195811
3.598476
8.342549
0.178321
1.500506
1.405483
4.105304
0.708973
0.959869
0.656290
0.528732
2.359267
1.469186
0.084807
0.860149
1.919512
1.392056
2.749178
4.667763
0.649812
0.194198
0.965305
0.001904
0.812816
8.816739
3.255210
0.536499
2.405108
2.789829
1.628106
3.016434
5.390452
0.278122
2.297806
4.356312
1.215185
5.505015
4.849775
1.096964
2.074771
0.101080
5.574429
2.975862
1.859776
1.008164
0.392301
1.543807
0.560853
1.543441
0.416380
1.146605
0.522627
1.427989
4.519604
1.940993
2.504881
0.959626
0.445676
1.237186
1.640895
1.938449
3.518152
0.552217
2.395346
3.107775
0.941803
3.736100
0.311817
3.087737
0.139254
0.238624
1.253479
0.466374
1.032900
0.459073
2.699112
0.442231
3.027011
0.131893
1.003008
1.468991
1.491312
3.936304
0.340575
3.118683
0.768678
2.231871
1.297232
0.870013
0.288120
3.931956
7.314227
2.440399
3.501695
0.123208
3.235647
0.244642
2.017353
0.569388
2.423136
5.972388
1.515747
0.242049
8.598700
4.168937
0.610280
2.113932
5.091135
3.667631
3.378729
1.222833
5.010330
0.540808
0.751439
4.031212
1.856362
0.374297
1.808312
0.234295
1.381692
2.875389
6.893723
2.822244
4.203881
1.753478
1.567717
1.948628
2.560410
4.790597
0.496490
0.110053
0.311256
2.107988
1.333740
2.403871
3.051281
1.951068
0.760285
1.086492
2.227392
2.624503
0.663249
5.462396
2.419384
4.724240
3.463808
3.210616
1.632858
2.005356
0.611335
1.832916
1.228448
3.393048
2.288438
2.361468
1.649746
1.918076
0.408922
3.163814
2.603485
0.251252
3.195119
1.241275
4.522481
3.665264
1.079329
2.308983
2.379301
4.073216
2.509366
4.400422
4.406325
1.937341
9.273730
2.637379
2.798153
3.114572
4.239280
0.264288
0.406752
3.312909
4.210012
6.023021
0.031251
3.045027
4.172891
2.984358
2.669946
5.491993
1.959373
1.615982
3.238323
4.474135
1.353820
3.487007
0.249016
0.869852
2.515458
1.283627
0.743701
2.386546
0.297531
3.897525
4.283240
4.473098
0.611624
0.699778
3.851578
2.926930
2.260617
1.038955
2.045349
1.675476
4.027219
5.312146
3.868768
2.044294
1.920384
1.592574
2.744809
2.501044
1.281770
1.195556
1.850673
5.289605
1.356080
2.243792
1.139106
2.065810
3.287240
3.459321
0.324891
0.669161
0.699960
4.690165
1.517656
0.626986
4.058053
1.932702
0.357034
0.434583
2.623352
0.382544
2.952587
1.330510
6.606465
1.988610
4.636089
4.452897
0.039358
2.030676
1.292471
0.621939
1.926779
2.719908
3.064701
2.099538
2.282179
3.332642
0.713491
3.630333
2.905166
6.756290
1.258208
2.027380
1.206556
0.454762
0.132402
2.123111
0.340778
4.632761
5.368383
0.276734
1.330721
4.516361
6.637625
3.293594
2.693741
3.857975
0.691322
1.942165
2.336896
4.451109
2.623835
1.816291
3.545389
2.397948
0.531864
3.599176
0.057337
0.082747
1.638445
0.533088
3.562532
3.697884
1.700986
1.376027
0.490241
2.837689
1.274057
1.971968
3.117952
3.708787
2.172326
4.475806
4.075481
3.503776
1.101378
2.848412
0.802446
1.108685
2.468999
4.162197
5.699840
1.137827
0.197154
2.837555
1.080095
0.208433
