38.320497
36.029393
30.523287
19.032106
18.808186
27.609792
19.968008
22.392640
19.053363
38.658299
22.475827
22.759721
24.707135
41.084230
34.319948
25.104482
12.006993
18.016647
19.414446
8.557794
11.910034
36.281608
11.522659
17.277310
7.129597
17.830022
36.202954
26.216747
11.303900
21.581622
15.498667
10.150736
36.655888
31.097658
5.342803
31.732893
22.444894
10.969450
21.272611
23.104645
30.649886
10.282869
17.216811
20.895395
29.800956
23.932875
20.851585
22.088363
33.947176
23.738516
23.217931
33.338146
32.698494
39.560161
11.702663
13.470513
27.525292
12.694357
35.333603
37.104077
20.860296
25.801545
16.279126
37.719856
19.991665
39.095580
28.281571
36.782716
21.228155
29.653030
33.917163
27.089155
34.905056
39.937353
38.694845
36.794807
17.537352
21.185283
21.415378
15.247863
31.769760
16.780017
29.511620
29.333634
28.344955
18.229471
24.389577
36.042303
36.502416
25.808316
16.158161
15.668439
36.314847
20.940322
36.887406
21.755065
16.757986
24.758350
11.537879
21.702641
38.758834
23.128367
6.994987
21.189041
24.719032
37.705683
18.847593
32.244946
19.118954
25.739289
26.475004
19.798075
23.312290
37.794133
34.424423
26.022411
27.622067
15.118212
32.900486
33.234912
27.871851
13.379892
40.195969
33.586992
27.432530
26.146769
29.673485
31.668688
35.007192
25.412241
26.625032
48.785120
21.761033
25.050517
31.336336
35.215255
22.297730
24.727219
42.556554
37.863335
19.449805
46.734741
54.158002
31.217046
28.200181
31.495096
16.625344
40.495513
18.704346
36.563464
19.307551
23.685755
20.401645
10.395240
19.724977
20.362866
39.549742
39.014501
29.482224
25.407874
26.231607
30.524661
28.904020
27.591955
30.558006
33.924270
26.343384
21.789791
35.687256
32.088717
15.324227
34.203892
23.168171
34.811280
34.471697
25.223928
16.509929
17.157017
25.763892
36.129511
30.214171
25.965170
29.207218
34.312963
26.520067
39.504083
27.939440
24.324159
16.859597
24.715440
23.037237
18.829350
23.230581
37.517053
31.640474
28.016975
23.302153
19.588355
29.458243
35.822629
23.014837
39.363664
11.897420
13.644508
43.329113
43.107457
3.419418
39.247683
14.732760
24.781588
11.454004
37.961785
13.700270
25.484780
31.526903
35.382320
25.180016
25.560518
37.595781
17.293472
30.261214
42.332513
14.537416
37.001355
23.274645
18.999846
14.994289
37.678151
26.230585
29.259103
24.179987
23.701770
36.695328
19.681409
33.953262
27.709508
26.139205
24.993515
45.568058
35.570947
26.955634
18.354499
17.615004
39.959150
30.563169
31.911397
22.938269
20.677537
26.227452
22.031206
19.853803
39.780760
22.039513
36.423121
30.474011
34.700323
16.307396
23.025293
15.408392
43.598565
20.012138
20.960186
38.628633
13.709692
31.905941
11.172776
24.180659
32.421061
30.908980
34.996604
22.410148
24.204972
19.698360
14.399452
39.995624
33.961015
12.538361
13.308489
32.268949
17.394590
7.333037
25.505104
24.664195
35.239948
37.026054
30.731314
14.173002
25.195615
16.722788
19.488197
37.914604
15.115127
35.033454
19.796441
26.626423
31.001334
30.195302
22.834290
19.715172
17.123838
40.379957
29.940659
26.364001
26.623461
28.350767
31.917274
28.176948
18.349048
37.767217
29.331119
23.487575
28.800250
17.046715
26.828486
33.435951
17.155223
30.662661
18.235885
35.585165
28.612076
24.863317
21.167753
41.846847
40.864254
34.024285
24.950270
28.996936
11.735336
17.064903
25.488525
12.693935
17.816963
29.532710
5.845667
39.059709
35.048259
36.999219
23.389780
30.630359
17.608119
12.256795
34.963627
19.131634
34.275524
30.162560
20.764645
6.371481
36.465759
32.944121
28.631855
31.097909
35.302915
17.407449
24.629750
35.793092
18.847025
35.020010
42.648030
21.839200
16.151486
28.532588
33.537584
32.151055
28.592499
18.396472
24.226816
27.749585
17.599524
43.884520
24.908359
30.701318
11.860060
25.008115
31.766294
12.417625
29.795163
33.152242
40.868595
14.481971
27.553153
38.000071
26.867601
6.144159
8.726342
28.955614
45.045523
33.783573
29.717450
29.111763
31.867110
21.264959
12.243136
17.513773
26.366093
26.692999
31.658479
14.216370
28.048072
15.474654
8.757995
13.323473
26.585439
14.572199
29.094216
27.357937
29.925515
34.359852
21.442075
29.091933
34.280563
36.516713
29.561091
32.033420
15.936108
29.279007
30.343967
29.062878
29.175989
12.141632
7.223223
22.269636
23.201263
29.112607
34.087179
23.256993
32.927346
33.659067
32.777449
14.706613
16.750395
15.287245
19.470232
24.636550
32.607666
29.482500
20.028027
26.480505
29.634111
43.610505
24.030772
13.299958
34.479807
31.311654
36.384629
33.773326
18.316528
26.875787
29.077206
41.987542
25.287642
13.201129
27.466122
35.415119
38.557924
30.811066
23.792940
37.303205
48.239548
25.280077
33.679754
25.396162
25.402622
24.710282
30.716517
31.067643
37.606707
34.530930
33.193037
15.470240
24.886256
24.824897
24.592717
15.025631
11.062463
19.110523
16.490304
27.601986
23.688695
40.226207
18.662991
28.760950
42.890394
26.778760
30.200821
9.575870
33.632748
20.033928
30.799698
12.767797
17.139360
31.754045
39.694869
14.708290
5.879845
27.824337
28.947525
25.495706
15.611805
24.397134
8.643866
39.982441
23.999985
25.792495
17.923083
27.919501
24.344867
14.183541
43.348105
31.810673
34.197608
36.100905
8.176674
30.947135
25.572723
26.251004
37.675380
42.346934
6.834265
33.685566
25.099949
38.918232
2.738760
27.680389
37.543590
30.937904
39.847692
31.530662
31.633128
20.737743
26.975674
21.505774
23.221039
32.625463
28.332707
27.091108
23.889015
26.806393
32.614288
20.869512
19.666819
33.387369
29.023945
31.178467
10.441330
29.832089
19.017011
23.375792
24.145305
28.525493
20.315807
19.761860
42.198715
32.898049
19.930869
14.218819
27.196433
34.007678
29.876894
25.196310
20.755974
41.111053
31.195393
25.866008
18.941183
24.966388
34.398135
30.229426
29.541541
24.754896
42.832953
30.548201
16.954420
13.307048
34.072362
18.652978
30.953710
31.814059
30.731742
24.720987
20.251971
36.523605
25.604851
34.937004
30.822580
37.616151
28.452704
23.897709
23.358124
13.235826
25.745230
29.237812
27.010701
41.028418
39.462083
31.927487
21.810935
28.347450
19.625478
25.061319
22.555464
25.918492
34.451548
14.426203
15.144640
11.594967
35.966320
29.415211
31.164346
33.725049
27.116003
30.776419
35.991723
23.934353
27.695101
8.855373
33.299884
23.530492
35.142775
23.933294
30.657667
21.108298
14.315819
12.380176
27.382222
27.423776
36.540870
21.678483
13.141694
40.662146
21.712828
26.246735
36.798910
19.805372
22.742674
29.817963
41.901768
16.194464
38.340700
24.523912
18.583248
30.167326
34.324488
20.168647
24.781908
24.945410
34.264862
25.476595
21.688220
37.503747
31.715767
36.297834
24.902650
22.733253
30.935446
30.448341
22.466398
21.397970
24.985843
38.254982
24.029697
27.412956
29.092316
13.714292
34.707697
26.675623
22.120890
27.767440
29.698181
23.586111
31.830568
30.104651
17.002102
23.675717
26.958052
19.659657
34.707280
30.240550
31.264752
26.085695
42.304877
19.106786
35.174390
26.811538
25.140460
27.235584
42.799358
24.801627
27.105473
20.684470
31.022842
34.266375
16.097745
33.098261
22.361194
23.223536
16.805137
12.307223
35.535943
26.080659
16.385998
35.298391
22.290332
31.271354
21.964986
34.734354
36.069914
30.452252
13.005795
32.914053
29.752852
29.351446
27.821387
25.483181
37.182935
29.353970
31.112562
35.252594
22.562333
41.080312
24.252592
21.022973
26.277143
34.240652
31.559432
18.091667
13.298266
30.765744
24.949928
36.794452
46.546203
29.124813
35.224330
18.721868
27.637612
26.351496
22.786963
26.495454
18.137120
28.814674
27.149048
28.562038
35.862596
39.962652
25.998181
23.196643
29.208879
18.882890
33.992677
30.635674
43.013274
18.128839
10.341467
31.128546
38.913070
23.255277
24.528595
25.888011
9.454907
35.338294
17.331223
41.371510
19.803926
26.420524
28.951581
17.531377
22.586371
19.041558
44.721201
32.852853
40.666750
24.624212
30.717857
34.624623
28.813253
16.942731
16.244302
26.243536
21.511198
38.149501
23.779816
21.586432
27.097797
17.528830
27.551080
27.151897
23.818646
23.864852
34.851444
33.054297
35.545275
36.154827
39.430690
13.067209
48.909164
21.062920
25.259475
24.105134
23.354171
26.593240
27.730704
28.080105
34.392170
8.265355
23.791829
17.436088
41.757624
23.357816
25.660774
15.583106
40.122102
28.803158
44.006128
17.454359
37.047585
23.409146
33.968887
17.356609
1.829664
25.928362
16.330280
27.282895
18.282522
24.655930
28.139244
19.902262
8.519912
24.082528
21.175306
35.542343
29.863159
15.385167
24.720486
25.196914
19.631717
30.298844
15.710145
23.282521
25.260943
37.102317
31.624904
25.862556
28.311882
31.819704
17.748830
24.048620
21.491503
19.219759
32.907776
17.847325
35.244416
27.209249
36.373755
31.641280
30.377667
13.655541
16.385178
20.773853
18.530338
26.285955
26.668745
15.551500
13.216416
28.893450
4.492338
34.033794
29.413685
12.391960
24.074088
28.462245
26.946685
30.491107
14.729757
8.910516
40.074297
36.509391
21.644169
27.959764
22.495207
34.884480
31.946561
19.909865
30.040316
33.380801
23.877437
24.051263
31.786173
24.632918
33.966052
20.328492
32.606588
23.504307
11.679388
16.069505
43.532773
38.805154
39.857487
28.698826
21.928114
31.376194
35.452683
22.830109
31.608879
19.499138
22.058501
15.926570
28.687668
28.241190
38.992484
23.796347
40.396974
32.679042
20.174163
20.537048
21.951186
26.145016
28.623455
34.555033
30.504453
33.987948
18.620226
32.273155
33.447080
38.500877
28.419636
34.149999
35.446701
38.095932
33.050109
18.137638
28.070400
16.532219
26.993609
33.412335
42.527361
34.321546
35.288472
38.076307
21.494234
26.916236
17.129633
17.664919
37.028825
29.657772
31.340731
26.897719
5.279130
