5.246149
1.945965
2.571461
4.634793
5.660005
7.595830
1.068677
15.253439
5.195857
2.986599
6.891024
1.489180
4.570155
1.280646
1.620662
6.789389
5.844316
1.935768
0.958521
6.478584
8.840029
2.443544
1.774621
2.430465
5.876846
3.828878
0.957944
0.210745
5.629114
5.673664
5.216254
2.297094
1.598156
3.304631
1.947330
0.574291
5.188874
2.561340
0.160496
3.893147
0.529148
3.139605
0.832505
3.516791
6.670297
0.726047
2.907609
2.354478
3.593051
5.090508
0.822488
2.204329
4.850080
8.411152
1.348406
7.859673
1.758733
2.379666
3.144940
7.545403
8.576753
0.534381
0.775406
1.881423
4.613396
7.853978
2.855377
2.359320
3.733703
1.310417
3.286752
8.094658
4.925341
7.337802
4.895173
0.107672
1.857912
1.102969
0.418703
1.943962
8.874895
3.362324
2.760840
0.650559
5.092529
0.014871
3.669786
4.955282
3.345395
1.922309
0.980038
2.744495
7.589160
0.325311
3.624974
3.394255
4.202141
4.888982
4.588178
7.014737
5.798352
0.933490
4.089750
6.153341
1.003169
4.658527
0.451279
6.881725
5.196535
2.241228
5.938976
8.617991
0.373549
3.215278
2.408145
4.386646
9.268200
2.884986
5.367964
5.079346
2.937290
0.375774
6.777847
2.443795
2.573158
3.590942
4.512816
7.613573
0.289179
2.346320
9.993623
7.417446
1.682757
5.592780
1.636068
1.913370
2.622965
5.065589
2.028262
5.709372
2.180503
2.386652
2.820156
8.908740
1.845215
5.168206
1.237466
5.269749
4.884609
3.184122
0.365631
0.941477
6.224726
6.190142
3.915809
3.871581
2.979033
1.026085
1.943282
1.067523
0.381771
4.751311
8.806620
3.758304
0.932690
1.265873
6.346079
0.648143
3.272798
0.758477
0.000125
1.858396
2.422479
2.242729
0.336453
0.835625
6.150201
3.377160
1.023321
4.176956
2.414819
0.115921
6.719996
2.004070
3.748630
2.188537
0.242912
3.363578
3.318870
2.437501
8.753586
3.519481
4.269144
0.750065
1.580180
7.459097
0.664959
0.875853
1.059895
1.272092
4.570660
3.246012
5.908470
0.720009
6.909294
6.275247
7.414028
7.509094
6.023132
2.977854
6.212163
5.271660
2.701169
0.314822
3.330007
2.972650
1.259383
2.863707
0.539193
5.513778
6.856575
1.630084
7.029677
2.639956
4.129856
8.978993
1.623713
5.438943
10.320161
7.446188
1.835391
4.209105
5.641105
7.112971
2.143387
3.017358
3.860625
6.248995
3.861296
6.761618
0.614044
3.236705
2.133970
2.467279
3.467678
7.100726
0.708485
4.438137
1.496583
0.028049
4.212040
1.025651
0.541928
5.445089
1.291503
5.084467
0.513141
2.276044
2.672101
2.512905
2.153438
5.148758
3.043636
4.959552
6.496229
0.639613
2.263348
1.940957
3.060780
3.707043
0.596407
6.044287
0.798603
2.369989
1.406411
6.416553
7.188065
7.794495
2.369526
0.148750
0.176498
6.154506
1.732313
1.254243
3.670638
6.935151
4.060039
2.385338
0.319151
0.990993
2.237659
0.422512
0.197311
2.429744
2.773942
11.107775
4.384320
10.912174
2.146564
1.347379
2.186185
3.119474
1.711301
1.717850
7.530443
2.182997
8.184262
5.638825
5.354427
1.320275
0.352073
2.090413
5.243307
4.525074
2.660643
7.095369
4.700318
4.480908
5.317335
3.569049
1.011676
3.945903
5.672645
0.946024
5.616805
1.772046
0.562100
4.372233
1.328338
2.425864
5.282697
0.805420
0.765570
3.820522
8.493142
1.993667
1.827176
8.078049
0.464995
8.774387
1.749841
4.400952
3.837471
1.040074
3.047003
1.644590
0.448842
0.968049
1.100252
8.539477
4.905270
0.855348
6.196178
1.613826
5.458250
5.796047
3.801496
4.273431
0.951579
1.713980
4.108965
4.781641
5.201034
1.815383
5.714833
7.001782
1.206487
5.696100
3.215452
3.693761
3.842796
2.033143
0.402594
0.976600
1.912046
1.601677
2.798484
2.064698
4.277889
1.091965
0.127393
2.940871
8.305515
0.815106
3.488621
4.700205
1.455996
2.934071
0.782727
1.033064
6.359679
6.729382
4.090353
0.556860
4.884015
6.697201
4.070004
0.479352
2.178233
6.858597
11.051312
1.920633
3.291910
3.773013
8.639282
1.752309
6.738360
0.630663
0.754021
2.960338
6.034020
6.020171
6.485134
4.488966
8.919327
3.184571
0.223703
2.013847
0.004537
3.742626
6.807170
3.542758
5.078464
3.803238
0.668677
0.862347
6.224768
8.726009
0.829586
3.222211
2.470600
5.197879
1.712826
4.749957
3.943978
1.606287
3.698706
1.149946
0.189225
8.902319
3.605303
0.654589
2.848051
0.476243
7.056505
0.757512
0.481351
2.653180
2.579830
4.105914
7.863591
4.568037
3.540550
1.973259
2.134791
9.743837
3.402584
1.954384
0.504285
5.564913
4.680585
3.513827
3.327316
4.283381
6.426369
2.493008
5.965038
4.695744
1.317611
2.682788
3.280085
6.311381
5.551506
1.985122
2.752429
4.717224
6.971445
2.128914
3.737842
0.369288
2.951796
3.982420
5.693900
1.878595
3.310009
1.418146
4.009134
0.644946
0.572207
1.238475
7.132148
1.384691
8.993017
2.567013
4.053243
4.372349
2.841361
3.328669
10.816355
10.993086
5.122644
4.500749
3.501806
9.268872
0.736816
0.096244
1.862421
4.034627
8.340327
2.604999
5.324085
5.757755
1.732834
5.547500
4.109719
0.499017
4.448625
4.609505
1.501186
10.080104
1.883202
9.522550
4.597567
2.499048
2.817998
2.947966
0.109695
4.802559
3.363608
2.252353
5.123949
3.292738
3.739419
6.723071
1.756517
9.722691
0.459186
1.205452
5.265578
9.229670
4.699414
4.549260
3.333216
2.867828
10.075647
0.837910
0.767266
2.315068
2.908019
6.655009
3.954832
5.914799
9.724550
0.763829
2.352588
2.796062
0.975796
1.773059
0.709343
6.396813
2.091453
1.545577
8.422411
0.193493
13.320608
1.661188
2.006583
5.890028
4.375094
5.591665
5.914400
4.213218
8.052620
4.826246
0.623953
1.489164
8.478817
1.576652
4.774167
5.265781
8.953288
5.454776
2.032141
2.246251
6.427143
3.764296
4.471609
2.607553
1.128068
1.663203
2.474468
4.617318
0.222811
6.681277
5.209273
2.630156
4.725204
2.554435
5.232287
3.627327
7.295881
3.151976
1.156768
4.748706
3.917299
1.562197
0.183694
10.285323
3.894292
4.678188
5.164197
1.899887
5.420477
4.338331
4.971781
4.374166
7.124039
6.473409
7.672907
8.798457
1.948718
0.269630
0.304869
1.929571
1.665168
2.803234
2.862642
2.607748
0.214996
2.892841
4.268780
3.251908
7.142153
3.574671
5.288771
2.817864
4.034919
3.978558
3.512745
3.362997
0.368486
4.015161
0.022345
7.882815
0.574834
7.708664
0.618490
11.599839
2.273250
2.620288
4.644786
4.382108
5.021620
1.172192
3.341843
1.144844
4.214314
0.254627
5.360654
5.269369
3.017704
0.202014
5.472793
5.124183
1.731721
3.807307
5.046050
3.706619
0.015497
3.322161
6.320048
2.099869
0.098468
4.608770
9.363244
5.480489
4.870674
1.546585
3.699008
3.888167
3.205139
8.395977
5.964644
0.255741
3.460532
0.805571
2.587087
0.520807
1.338062
3.827742
1.729057
7.596304
4.044884
3.547975
4.488559
5.498442
0.686148
0.388215
4.933163
1.238358
0.185937
1.718004
6.220434
0.501170
2.067580
1.462922
1.216965
7.391421
5.222787
3.638390
2.172627
0.228767
1.936992
2.516722
1.373757
2.019431
0.720795
2.703276
1.206890
4.612552
6.231571
3.549120
0.513991
1.559832
0.538133
4.475405
4.963703
8.305164
3.065419
0.049890
6.884947
0.507431
0.715650
1.581129
6.822322
5.247913
0.911032
1.584331
2.615733
3.911079
4.888241
0.345978
0.670435
2.508756
2.446895
1.755584
0.829502
4.788190
2.824896
1.921988
0.527994
2.572356
3.724083
5.291992
3.824188
5.923506
3.974127
1.043554
10.939866
2.155694
1.688505
8.337350
0.390806
0.378077
1.672781
6.724256
3.541640
0.076647
2.400277
6.370984
2.391527
1.307304
0.265638
0.383772
3.676048
4.461528
0.536960
6.730433
5.373991
1.915850
9.046833
9.397387
0.113350
6.716715
2.884989
1.968401
5.378169
1.240903
0.343664
2.044167
4.359493
3.974003
6.273975
3.137093
6.887502
5.750989
4.546057
7.137876
2.799217
3.184805
1.229555
2.377740
7.119280
0.351915
0.600097
5.828433
0.617115
0.694505
1.112832
1.129312
2.556519
5.032459
3.581334
10.337869
4.231803
1.741458
0.378888
5.569856
2.690782
4.889935
0.164209
3.012928
3.296324
1.964589
3.633601
2.049143
1.388599
6.676100
1.141041
2.107412
5.389828
3.924845
6.430890
5.710091
6.008013
0.602087
10.251988
0.747465
9.825031
1.931243
2.855159
6.860116
2.044834
0.207071
4.231178
1.107236
