40.148999
29.937674
24.728167
30.593564
20.085221
29.050610
17.129526
28.405681
16.261625
30.444498
15.883016
18.033967
25.886090
19.146448
31.902345
22.895391
24.995371
37.224999
19.748238
26.159154
33.105714
21.064952
21.936053
24.668065
15.639571
24.176460
32.613612
25.637237
32.732821
36.105881
42.318734
22.480270
24.189531
43.755779
42.279045
26.275787
16.008815
24.675786
40.148031
39.108368
12.992352
31.131960
25.975006
31.312431
35.005369
39.386016
40.251529
21.619846
24.313747
36.409213
35.159577
30.661452
25.854255
28.271236
22.602341
25.540193
32.632774
28.053364
23.133803
28.612755
28.447836
18.395181
30.206758
30.172053
22.814587
23.331867
27.737479
24.213732
28.769662
30.512616
19.474395
30.448531
34.388206
35.526862
20.949134
27.202965
38.536054
23.388646
23.014150
29.507343
29.538635
24.102136
22.335577
29.368544
21.643832
25.241286
37.485683
28.598759
22.430617
24.668628
23.378915
29.853192
16.148037
27.499016
33.883549
30.936561
24.402390
18.880266
23.787750
32.626220
31.958770
26.068866
21.055516
28.974987
22.609418
28.884163
31.112539
18.083808
12.745667
36.890202
30.332918
42.357850
26.385884
31.667720
34.926766
35.360448
17.917752
23.255305
25.888896
29.409368
14.384221
25.933025
36.320163
39.431914
30.613137
34.717136
34.863218
14.735842
42.428107
19.915573
37.289376
27.934652
27.304162
28.900718
29.191274
18.833979
39.028604
18.011748
14.335289
35.075138
27.678171
23.558568
31.223375
20.755393
16.244357
29.364986
31.697031
28.114571
24.257408
34.387708
32.355027
33.201771
35.220151
27.686687
28.427135
11.075172
16.972472
39.042234
30.805552
22.873845
31.286516
42.033410
18.315287
40.747709
31.484555
26.951505
32.447670
18.564476
27.096947
34.432303
20.812038
19.624358
32.172211
33.706500
27.362113
34.512668
18.028304
25.944175
26.942660
22.312777
26.785715
22.217537
35.616391
36.705857
19.811993
24.507695
20.840199
40.085239
30.432003
31.145060
37.956107
40.844490
15.665800
28.644096
27.718847
24.811772
29.141193
28.305584
22.140409
13.504666
33.512443
34.798739
25.987820
31.113324
37.495212
29.923629
33.130199
20.907526
37.348857
29.874501
21.648157
36.075607
25.465307
28.809376
30.340710
31.029079
23.706557
23.701422
36.167506
18.705387
28.560033
21.504697
30.485940
25.133699
36.964417
39.870591
36.630739
39.136326
31.692474
25.662417
21.673079
30.702893
18.871040
36.545884
34.278089
29.218877
25.419350
25.024519
37.640275
19.662271
32.353455
36.583627
12.641984
29.893056
29.951845
28.846147
14.825687
19.252077
37.595744
30.382986
21.803823
26.401379
25.862062
25.541144
41.806051
26.162725
22.813286
28.537966
39.103038
40.821116
32.789781
33.846574
20.096527
15.778277
35.495774
27.274600
20.764283
34.551169
21.043289
25.006049
29.476805
23.805969
39.535889
22.450496
19.870208
28.349023
27.678760
29.796809
32.188216
22.311630
29.025669
42.806635
14.873613
25.797805
23.044327
36.314066
31.786589
26.112569
30.188675
36.395944
21.768945
24.501826
23.777342
31.475264
17.450459
31.779938
31.783305
37.209762
38.339014
24.282988
26.410425
31.144082
26.715424
28.639386
29.186697
30.335423
26.764130
21.671190
24.260227
27.302912
25.688769
15.948225
27.656029
29.624941
25.418613
31.804234
40.846802
19.867241
31.346196
33.792701
28.401200
23.500148
33.539130
27.172315
36.865949
29.701566
40.263161
33.560853
36.607486
26.416152
33.948749
28.827531
20.439026
27.085184
29.949770
28.269199
22.715105
12.704981
40.090367
29.201421
23.310037
42.286592
40.733452
20.761144
24.943378
20.173711
29.496460
40.910687
35.991357
25.115418
21.358979
40.521083
22.816776
18.366080
36.850691
25.255904
26.436393
30.158645
30.950660
28.434322
22.783192
24.778120
15.946456
26.103607
23.904956
36.804482
14.853816
20.670893
13.896694
41.074562
34.950192
16.667931
19.264370
32.092563
45.736496
18.285939
36.623425
37.037355
23.920535
38.601213
29.620455
29.990709
31.322518
33.080584
17.103154
23.325870
23.048045
31.430807
22.981137
23.248052
37.955054
36.923801
18.043274
22.183199
19.038547
33.533982
30.590644
36.928876
22.223586
31.594619
28.355142
40.470885
39.368572
36.253462
23.282829
24.361778
42.685283
29.289884
21.324781
31.656190
25.026132
27.321678
41.223186
16.217006
26.795146
21.937975
33.625883
32.803844
22.335606
23.732295
27.688086
28.282288
17.475065
23.423762
37.094224
28.737103
40.497795
22.913645
30.510425
25.950061
28.765320
19.936409
24.211925
32.005767
24.752691
23.350779
29.028690
26.807265
32.489060
29.997242
35.676835
17.901218
34.908609
34.734567
24.009436
34.919209
32.953688
31.874504
30.176064
35.336075
38.489906
27.527804
20.121592
33.692962
47.583472
28.881298
30.620549
45.939399
28.899981
28.095133
26.074145
26.119049
29.784875
20.939874
21.900973
34.182753
11.399457
17.266800
35.683724
21.410250
29.338504
18.240696
41.853427
25.915244
14.223519
33.771878
26.940214
22.824071
22.199100
23.067871
37.803771
29.185668
24.901080
46.067942
29.171839
15.804514
24.585951
20.556189
23.961331
30.496114
27.316711
27.422017
14.925615
41.039796
36.564688
35.254253
18.410238
25.485103
30.405812
31.029797
32.431656
25.759970
31.337707
29.603953
24.694643
24.392311
34.669883
26.117802
27.171503
38.467864
31.214629
21.337412
23.387489
33.572316
35.556259
32.397768
31.757155
25.931602
25.216302
25.694004
20.456103
20.326719
14.307912
40.200421
32.703445
16.676377
23.497880
31.355035
30.724137
22.033130
21.311108
30.979528
38.127170
18.910395
24.088365
22.812986
31.798509
24.534283
26.297913
27.850016
39.761076
20.437473
22.009046
34.285350
31.066104
16.288744
30.087990
33.519167
31.022023
29.939148
40.537476
33.326149
20.168950
17.823235
37.656917
31.876428
40.298576
26.101714
35.011410
42.312574
35.181805
40.059644
41.344948
29.258729
30.598092
23.556887
26.839320
41.368400
38.455144
31.745144
18.477646
28.627498
20.892841
33.442483
21.338406
19.677326
27.314682
36.734279
31.643282
34.604633
37.103236
20.725724
14.378146
32.046414
29.791315
27.835072
36.682435
25.619029
29.026001
21.952251
34.925390
29.675587
29.231027
21.792391
21.035923
35.181567
34.831622
12.017919
25.553484
30.876724
29.047441
41.029405
25.107270
19.085914
25.660086
26.415847
26.755344
30.359186
33.435331
19.196483
26.988434
17.563410
23.091525
35.658287
21.888773
39.176374
23.222405
43.272287
30.727476
31.656358
33.137273
29.031239
31.237715
34.788251
12.481273
19.260742
24.604576
27.854110
32.925922
42.258968
32.713960
34.785991
25.918470
19.751601
35.814982
22.841154
35.620331
26.573009
27.729736
24.203399
30.487738
31.771077
31.620449
30.916339
45.129250
14.366081
36.723916
39.888450
31.318034
42.611021
43.658163
18.734634
30.061693
27.661626
41.831399
33.715810
22.813984
28.684382
37.031578
39.232547
22.864249
38.665809
31.188771
14.459873
25.084680
42.109290
31.003858
25.810087
28.019301
25.215927
38.096430
23.521383
27.206072
28.709447
39.670587
28.005577
25.123843
15.543307
16.846461
29.241739
37.465089
21.288902
24.139559
25.511196
41.618542
25.263703
30.901486
17.784197
25.057927
35.356285
15.719648
27.484872
37.148304
31.324836
32.753185
39.513333
20.750383
16.630995
39.496474
19.077456
20.596772
23.244279
29.545599
35.633829
21.562184
20.291816
15.815949
36.641073
36.237170
26.919045
20.901078
16.904468
29.482996
28.951473
18.734380
32.776826
26.294083
35.495940
17.883646
30.602115
17.234095
19.002595
22.662709
36.569187
35.005709
28.998887
28.078244
41.877879
34.286805
19.835181
33.905379
32.208634
18.716093
21.179352
33.959620
35.262464
25.389433
25.752002
28.346481
21.600324
23.271963
34.745532
24.374182
29.788158
32.807270
23.025566
31.232344
28.188366
32.074614
21.763299
21.503874
29.010725
35.164775
30.609522
38.106371
35.675577
27.902806
38.702625
33.015151
34.848511
27.597032
43.327291
38.132304
18.990278
27.047421
17.686647
16.911660
28.466601
21.391271
36.209556
26.899682
30.119056
38.061073
28.592827
48.350671
34.835157
22.850836
24.830415
32.151528
30.855598
29.466514
38.872010
26.021139
32.873958
24.747276
13.335963
29.771334
41.984032
39.919659
33.325207
22.032007
31.606770
40.352330
28.177883
21.766307
29.907208
32.964926
35.693046
39.793992
25.085609
25.269990
34.734660
21.121558
30.441766
38.631302
31.230073
36.097721
26.919497
24.671221
26.212078
31.784362
24.577301
30.999327
35.747611
28.618154
21.455580
24.449553
21.485436
24.615399
20.261350
41.956894
24.792988
29.318495
38.767641
30.012141
22.557066
37.354962
28.338125
29.688017
34.200328
21.180804
40.151848
25.974706
34.757124
30.359901
29.048835
34.312777
25.904987
25.185928
21.491327
17.597570
29.141352
21.124999
31.372230
20.494427
18.911627
28.458919
16.536016
21.545824
35.577908
29.951471
18.835027
14.567652
22.123788
19.121276
24.362305
24.702519
24.579524
23.401857
17.617422
27.076050
29.829598
32.547201
13.820741
26.810999
21.342917
27.546018
15.974978
37.841331
30.514535
27.545206
31.413653
31.133556
12.862940
39.765476
27.572708
31.456730
39.382911
23.847781
28.909408
22.708286
28.969880
32.423359
35.459100
29.322669
24.833660
18.262252
16.585095
31.278634
13.469735
14.304446
23.675680
24.236822
23.454047
32.028947
23.559077
28.757000
33.952721
17.483300
17.873119
31.372541
36.125023
31.244011
35.769991
17.934590
33.174031
20.472287
19.690718
34.518731
34.370056
17.519164
25.006167
30.018816
22.879540
34.957865
17.933960
36.666636
26.500777
40.911835
21.014421
23.178483
34.865016
23.155385
32.255987
22.417412
28.281778
34.246885
26.912271
34.026140
23.297200
30.693521
20.485071
30.069662
18.019452
28.281824
21.188924
26.305045
32.332376
38.722506
23.717497
31.224428
35.948876
26.953482
19.851868
27.092260
22.324317
35.342823
31.581100
26.094415
26.344570
21.387033
19.750039
28.566339
29.615079
23.702015
38.963847
12.332765
16.892763
35.949455
22.123459
30.466284
45.034220
21.759909
20.358472
27.103095
33.176894
30.635584
22.087395
27.759061
28.375785
39.875070
33.147079
23.734428
32.824578
21.061178
39.438575
19.777397
27.426956
24.872531
19.895876
28.323447
25.600640
34.600314
34.991943
20.182983
42.186761
31.712295
15.364597
19.381712
32.368808
26.284425
22.927894
33.029724
26.243630
9.869267
24.545750
32.873956
35.239488
39.698960
34.290439
30.350366
30.891337
20.435288
35.704350
33.740976
27.314551
23.007848
25.605432
17.559100
43.904065
13.770440
26.307859
31.931723
16.386629
31.627985
22.760687
23.606953
27.730826
25.651770
28.980955
34.525795
24.552455
24.288906
20.723459
23.041373
27.233951
35.902634
36.756023
19.167197
40.855365
15.406914
25.445530
27.278500
36.483415
31.025901
28.132744
22.979600
31.016586
13.735717
24.077032
37.919961
20.286836
24.940800
36.858898
28.770717
37.429638
22.697726
14.583353
29.645797
24.025609
34.223524
30.299091
30.453153
26.651961
34.741574
38.192054
31.627445
22.089451
25.639337
18.639578
26.688499
22.896674
36.195173
23.655867
34.090247
28.744274
16.238777
28.767582
31.715291
26.859483
31.538261
38.422344
22.165972
38.228534
26.099928
23.995626
18.765392
19.655941
12.243152
23.608830
40.662316
18.184577
47.155412
27.881002
36.509810
33.446207
17.568319
35.981662
20.755433
31.165602
19.912572
30.189206
30.974812
22.246478
31.288347
24.106800
24.532003
31.865488
25.881865
25.264718
30.826470
20.626924
28.943893
34.665061
20.503875
19.668596
23.045753
33.589799
24.973190
21.096731
32.387124
32.628061
30.861995
24.575125
32.893723
26.543796
25.957422
19.860814
32.268927
17.552739
33.531653
14.950613
30.644748
42.631428
33.300412
37.618034
36.400671
37.596794
13.925317
42.391149
21.612642
34.523047
28.509955
23.654452
18.905257
33.128224
33.728416
34.165719
39.429501
42.624277
28.045499
29.606962
37.618268
30.896327
29.481760
48.396962
16.359600
24.628037
25.598460
24.940295
18.058031
35.473691
24.873701
30.989556
32.177925
23.509833
28.982906
16.027456
40.986306
18.288692
20.760746
22.126533
20.614125
24.388807
19.014314
28.189059
21.494881
22.253418
20.456895
17.896590
33.188774
29.789992
36.127778
25.907550
34.480791
27.398560
27.437337
30.566762
27.733295
20.810833
22.448266
21.748999
21.885272
36.208761
22.481729
18.388156
17.684628
32.906530
30.679616
22.948920
17.615444
18.603390
27.116312
30.131973
20.446793
28.845633
19.475961
35.617873
29.186419
23.120215
19.171987
31.875805
26.245332
25.503671
37.189824
34.484927
34.021520
30.917548
39.472788
39.701695
17.419826
33.705505
36.230749
37.124649
30.839308
25.612816
29.078263
24.324447
16.458191
22.898558
31.772946
33.194137
28.820267
24.738484
29.494848
14.555019
33.677659
31.131683
21.346588
39.277328
33.008455
20.759590
31.254252
21.279029
46.976946
26.915011
27.354828
32.009955
24.908105
44.358719
29.964880
15.071429
29.031859
31.790344
23.893831
18.645868
30.338929
36.920248
36.554006
49.427387
26.113798
23.958692
33.432753
28.822429
20.090434
32.299857
28.225155
18.628693
28.744390
19.297463
18.852258
28.644171
30.089702
36.933619
33.260994
23.152892
25.756473
19.571878
28.748188
25.983376
24.544734
36.081058
34.533383
37.848888
21.249119
31.119857
16.500053
20.533999
30.391173
31.535936
41.398626
29.546122
26.987537
32.624126
29.034494
34.286235
23.528616
32.907716
21.844773
35.936700
32.934670
37.870123
37.328769
29.471557
32.157613
30.395690
22.197173
36.722193
28.880126
29.689820
34.736455
31.144914
30.313765
28.493962
31.302963
17.559090
19.650593
14.564827
21.721829
33.762631
30.789125
21.844247
28.387217
35.961358
33.826117
16.702497
40.159335
38.655599
17.303957
29.755836
32.741635
27.929198
31.163428
22.242737
19.147366
24.753623
38.662703
33.153569
21.716457
42.568458
13.077168
21.764315
42.203883
29.878265
32.632746
26.673435
39.482705
38.743930
29.738528
15.444880
32.070988
19.368492
25.009578
25.021769
25.501273
23.854164
19.367106
30.087188
36.396151
17.620289
30.865779
23.645045
44.045004
21.944056
27.427247
27.542885
31.604418
35.292983
30.744560
35.630708
36.176423
28.420668
28.982041
30.717479
22.209286
14.303429
29.352859
25.562408
28.180810
34.702115
27.003109
23.222847
46.909331
29.302013
32.723201
33.661175
25.327107
37.298103
24.418566
31.433958
22.629767
35.049499
31.481509
24.422382
30.798795
17.836709
18.613604
48.254079
40.552078
24.761964
23.225967
27.813147
39.493970
26.284024
26.967068
20.462969
29.258186
29.871023
19.632843
32.621626
32.555115
31.870372
43.103500
34.158562
31.183918
39.374333
31.642062
17.553613
33.440040
28.093196
38.502734
28.322882
45.496032
35.137330
23.811529
32.038775
30.796157
33.581038
30.225789
35.611212
32.991613
21.275379
26.864720
26.525048
26.077303
22.266836
34.184656
27.590813
27.414279
32.089858
37.612616
38.529611
28.939923
43.883775
12.747270
19.620595
18.774144
28.787100
24.336744
23.771415
28.998324
27.172179
25.278173
40.523235
27.555535
42.048023
26.967412
35.206312
25.791887
31.626355
24.506399
36.037248
22.592969
30.590375
28.133092
40.250659
17.202846
29.790143
30.865908
25.915027
28.010539
22.309653
21.880408
41.103780
21.331363
17.995821
40.695899
27.391312
21.125403
19.983875
36.664184
18.836054
21.972022
38.432083
38.823754
33.725188
37.996981
27.427850
26.064816
46.035319
24.012640
32.826410
38.690926
25.019135
24.213368
23.809801
27.078787
28.722759
12.291959
27.251298
28.724284
37.044694
18.086532
33.917085
23.005374
18.642331
17.676491
29.433477
32.745739
27.969935
34.624695
23.044547
31.421781
32.311273
37.561783
23.705484
17.504085
22.606100
34.936757
25.405103
29.688902
24.476249
15.339250
33.774731
29.446676
21.063828
23.907523
24.220306
29.938625
42.059553
38.283948
26.262705
24.265995
21.874460
31.743125
35.911552
12.832954
30.866893
23.826647
29.205746
32.066019
18.209237
27.314491
34.579179
43.538184
37.555548
21.075268
39.521503
21.508231
21.095615
29.986193
18.462288
25.403515
34.700862
28.087499
32.197347
26.890174
33.441052
20.461251
28.582442
33.439518
14.993569
27.805196
22.023462
26.986483
31.691354
35.335982
32.363325
34.463488
16.331721
40.500437
22.651069
30.145891
36.043027
29.818059
17.762705
33.793955
38.038061
33.094016
31.417866
25.043497
32.158943
29.866394
21.532810
24.042440
28.557743
30.566503
36.768939
35.633688
39.607155
26.100530
37.150924
23.939811
17.924111
29.286760
24.455008
34.915705
35.011825
36.608532
29.436405
30.171601
23.101776
33.909726
34.985888
22.287379
36.975781
31.790081
25.032922
22.020000
33.127714
25.500765
30.133220
36.565101
14.663205
21.689141
16.974578
20.556565
21.786103
32.028142
20.012152
29.998747
23.918544
17.488145
24.020496
40.485888
21.347507
18.707198
30.232487
24.532443
20.751910
37.193900
29.115463
28.772948
26.580149
35.577668
35.103820
18.261877
26.294660
19.880705
20.103569
28.623294
32.000067
36.919565
19.635305
35.949727
22.369766
33.452878
19.491850
17.277101
28.711306
39.900635
37.914996
36.873715
18.299889
33.882368
23.781185
27.383064
24.860076
25.939041
20.690578
19.749237
34.565471
34.776548
34.971572
