0.020748
0.178705
0.389154
0.078981
0.743014
0.371269
0.037178
0.025137
1.424900
0.263615
0.010706
0.059339
0.492903
1.645234
0.001062
0.518591
0.028619
1.926882
0.007241
0.034669
0.031571
0.895605
0.322098
0.000024
0.094844
1.364639
0.244836
0.437819
0.685937
0.001067
0.195519
1.603317
0.023291
1.446545
0.658750
0.346202
2.904168
0.000005
0.004981
0.020914
0.906975
0.056893
0.059693
0.235442
1.616575
0.219212
0.889336
0.000266
0.175530
0.000130
0.001409
0.103795
0.043243
0.024570
0.006366
0.127315
0.003048
2.695981
0.457509
0.316506
0.032140
0.002293
1.499231
0.791903
0.727254
0.046620
0.586684
0.962736
0.078080
0.000846
0.028956
0.122700
0.019705
0.602150
0.237446
0.001991
0.787640
0.005801
0.098461
0.004155
0.018094
0.197160
1.553072
0.000252
0.691867
0.112581
0.126591
0.147944
0.201954
0.077890
0.065311
0.008589
0.000017
0.139684
0.000021
0.021141
1.041174
0.052280
0.009667
0.051586
0.001434
0.688122
0.009090
0.113837
0.450712
0.560148
0.161847
0.009557
0.020469
0.114429
0.003773
1.238416
0.712807
0.026336
0.204847
1.346386
0.002115
0.089203
0.000553
0.492992
0.002367
0.000308
0.000550
0.614683
0.007337
0.162185
0.330179
0.007692
0.014938
0.061043
0.064346
0.062452
0.017540
0.930808
0.234386
0.000373
0.006706
0.015161
0.307079
0.002451
0.101888
0.200955
0.394315
0.006388
2.626804
0.000176
0.003404
0.013010
0.222553
1.063439
0.000911
0.024280
0.374792
0.595278
0.045682
0.206040
0.000612
0.027325
0.001597
0.805699
0.103547
0.000587
0.085232
0.000672
0.000214
0.173704
0.008310
0.270113
0.002301
1.161635
0.024422
0.308125
0.004330
0.023808
0.311118
0.364363
0.108985
0.133521
1.006011
0.795977
0.049163
0.263620
0.001607
0.010564
0.013667
0.809473
0.002393
1.269061
0.127778
0.193697
2.832498
0.542886
0.005569
1.196042
0.706022
0.001875
0.020657
1.222274
0.739138
0.396259
0.003132
1.134758
0.006735
0.032895
0.000134
0.076554
0.000322
0.000506
0.425452
0.000992
0.098269
0.014500
0.339956
0.000000
0.008253
0.541227
0.117191
0.003105
0.285382
0.032116
0.090365
0.026399
0.136350
0.054578
0.003333
0.001345
0.011186
0.018758
0.050706
1.872927
0.073649
0.007821
0.003919
0.025950
0.769424
0.294058
0.215651
0.099678
1.389744
0.615431
0.019663
0.044545
0.001582
0.077717
0.019285
0.115610
0.240222
0.206000
1.414167
0.000026
0.013974
0.103682
0.561950
0.009416
0.124104
0.013802
0.006542
0.953707
0.075053
0.792560
0.011896
0.915825
0.026351
0.109064
0.121966
0.015158
1.823510
0.133002
0.004954
0.729474
0.334530
0.094267
1.339042
0.223191
0.080053
0.549942
0.007434
0.025875
0.210531
0.050777
1.536003
0.343948
1.198222
0.016160
0.000694
0.293353
1.144616
0.061500
0.235097
0.069785
0.003218
0.210588
1.082897
0.130729
0.083262
0.000010
0.595393
0.230531
0.433454
0.066237
0.015461
0.000058
0.000861
0.255775
0.145689
1.022040
0.037882
0.037403
0.638230
0.003714
0.222038
0.076891
0.012786
0.801924
0.006111
0.002223
0.202010
0.061056
0.017544
0.320036
0.172683
0.191317
0.007625
0.070662
0.010309
0.178444
0.021613
0.007377
0.028238
0.315029
0.360589
0.216893
0.165105
0.001843
1.017436
0.331757
0.036386
0.859493
0.151565
0.514650
0.000009
1.913233
1.014090
0.082511
0.130198
0.143482
0.026358
0.883675
1.101850
0.015463
0.017613
0.025067
0.703483
0.092450
0.022067
0.043382
1.262226
0.009479
0.168634
0.001449
0.000371
0.351327
0.004756
0.324520
0.059492
0.011230
0.005870
0.002082
0.244672
0.002521
0.092133
0.077208
0.191134
0.411984
0.336128
0.178064
0.082527
1.150701
0.171876
1.374610
0.127569
0.111062
0.001108
0.000353
0.360924
1.003159
0.039472
0.001478
0.009849
0.016860
0.120897
0.050150
0.414963
0.508438
0.016049
0.216324
0.001037
0.070619
0.003480
0.000267
0.003499
0.656037
0.709535
0.035414
0.020308
0.643123
0.092886
0.757150
0.977427
0.003335
1.306301
0.073848
0.001009
0.010334
1.785987
1.261559
0.010039
0.230677
0.019176
0.001070
0.132299
0.364529
0.012483
0.009607
0.016264
0.013159
0.040430
5.146367
0.069073
0.045770
0.369287
0.201813
0.043388
0.440995
1.416983
0.713320
0.215978
2.426448
0.052594
0.302993
0.012764
0.002185
0.468672
0.002896
0.169163
0.248535
0.009201
0.102267
0.013825
0.023452
0.214068
0.028927
1.432034
0.210300
0.001614
0.098168
0.000102
0.041510
0.010290
1.740235
0.165570
0.728186
0.403312
0.011163
1.909181
0.200739
0.001398
0.170972
0.926851
1.281352
0.285985
0.018915
0.055141
0.027712
0.001460
0.180582
1.177423
0.023810
0.004157
0.019999
0.051401
0.295403
0.439890
0.285314
1.282625
0.054529
0.007702
0.216081
0.001273
0.000447
0.000873
0.007221
0.014013
0.016382
0.027069
2.115697
0.025078
0.011890
0.098780
0.302746
0.083287
0.704328
0.045528
0.001709
0.822095
1.137761
0.014218
0.064283
0.203631
0.143785
0.548431
1.036945
0.173336
0.325964
0.039430
1.460096
0.832302
0.116557
0.026313
3.103859
0.515911
0.079484
0.277730
0.000918
0.052402
0.067057
0.014775
0.609849
0.000058
0.068095
1.761981
0.750451
0.250496
0.282337
0.201138
0.059017
0.924841
0.000789
0.008206
1.009886
0.129864
1.131164
0.184853
0.049546
0.274472
0.174917
0.083118
0.153049
0.003773
0.988434
1.656169
0.002784
0.124585
0.157144
0.008357
0.060283
0.367563
0.000558
0.055653
0.031777
0.000318
0.458555
0.000264
0.000804
0.079461
0.163439
0.002690
0.001535
0.025182
0.622581
0.067440
0.104429
0.925984
0.596930
0.046621
0.002736
0.124406
0.095051
0.070689
0.053266
0.432967
0.106987
0.349840
0.140258
0.002009
0.838436
0.464107
0.029070
0.001637
0.062872
0.262412
0.029593
0.193262
0.030293
0.018642
0.228454
1.743792
0.184111
0.039547
0.057999
0.001089
0.006538
0.000058
0.097932
0.000079
0.132062
0.001822
0.624049
0.011899
0.130097
0.000113
0.421905
0.878818
0.062550
0.002223
0.108434
0.073389
0.319377
0.191785
0.199200
0.073199
0.441062
0.004541
0.796009
0.459753
0.299234
0.008559
0.001189
0.594636
0.000286
0.002105
0.140660
0.007640
0.060407
0.077813
0.360984
0.368197
0.038611
0.166976
0.103677
0.020027
0.736062
0.099773
0.016968
0.922120
0.112278
1.750059
0.016660
0.040530
0.003336
0.682110
0.079095
0.000527
1.005062
0.050051
0.000232
0.283639
0.007322
0.201847
0.042298
0.046441
0.079012
0.245891
0.052616
2.443571
0.256688
0.039448
0.003763
0.029002
0.000259
0.277976
1.601661
0.011446
0.002488
0.018521
0.106167
0.043914
0.089350
0.836474
0.541471
0.110665
1.232413
0.090474
0.474043
0.639380
0.078221
0.007993
0.029361
0.012027
0.583502
0.961540
0.076605
0.215516
0.262420
0.040942
2.078744
0.083184
1.500638
0.547236
0.239073
0.185801
0.048355
0.585437
0.001583
0.275684
0.036956
0.055103
0.033913
0.076195
2.691838
0.077596
0.076667
0.051417
0.000345
0.034126
0.084834
0.895364
0.242338
0.005570
0.002055
0.000124
0.718009
0.014447
3.537140
0.012522
0.058928
0.072757
0.658501
0.428546
0.478464
0.005846
0.000123
0.000454
0.006561
0.112065
0.005811
1.047467
0.012697
0.092073
0.562837
0.000005
0.044790
0.022678
0.257348
0.786352
0.430281
0.016917
0.162598
0.132138
0.963576
1.407395
0.520296
0.010027
0.389332
0.000078
1.682251
1.118571
0.078371
0.001132
0.085264
0.408642
0.000940
0.000001
0.085597
0.102874
1.186973
0.972129
0.645793
0.050691
0.285513
0.211534
0.468333
0.004596
0.396224
0.332147
1.839092
0.015589
0.036007
0.076393
0.000611
0.005613
0.851241
0.962581
0.000081
0.043401
0.141050
1.210402
0.004673
0.011007
0.466721
0.000771
0.010892
0.015041
0.002638
0.001101
0.379325
0.395439
1.808978
0.019313
0.064128
0.080355
0.834463
0.011255
0.690163
0.030699
0.420224
0.005701
1.646828
0.238898
0.000330
0.733964
0.067350
0.014245
0.268532
0.682188
0.012210
2.117026
0.907036
0.049628
0.048717
0.251086
0.084760
0.016054
0.014200
0.014368
0.007918
0.048307
0.002624
0.000219
0.001125
0.614147
0.138741
4.169103
0.767985
0.010453
0.027864
0.193084
0.978105
0.011577
0.010425
0.000798
0.230032
0.004076
0.112005
0.085293
0.013904
0.004284
0.009450
0.792201
0.005476
0.014676
0.254014
0.001312
0.005108
0.027811
0.134780
0.428196
0.002344
0.505614
0.376677
0.095294
0.763116
0.148474
0.085960
0.000008
0.067972
0.129471
0.090035
0.631846
0.074361
0.032309
0.118221
1.804095
0.000002
0.011242
0.120468
0.041473
0.018747
0.166113
0.373227
0.002374
0.038481
0.032907
0.000004
1.470095
0.074075
0.129443
0.130931
0.123189
0.000021
0.023074
0.062377
0.151709
1.494278
0.000152
0.005186
0.338522
1.420121
0.639205
0.244182
0.085058
0.059762
0.052286
1.882824
0.332240
1.127018
1.121848
0.064326
0.004493
0.215714
0.106064
0.007660
0.091747
0.000040
0.092952
0.029182
0.045037
0.542098
0.005088
0.028893
0.003598
0.061626
0.003288
0.007665
0.107252
0.919163
0.328391
0.113420
0.479505
0.861078
0.112491
0.006116
0.000736
0.001891
0.046893
0.030449
0.050899
0.002039
0.109772
