5.571408
2.323909
0.127936
0.645285
2.388973
2.204001
4.263104
5.286269
0.273100
1.681533
1.866890
3.165836
4.111937
0.554531
2.565489
0.132008
2.545442
1.302367
4.004833
2.371937
3.349938
2.347119
0.448979
3.572463
1.142602
4.397655
0.017894
3.894310
3.259160
2.109044
6.287244
0.788952
1.164017
1.231919
6.751695
1.390705
2.293529
2.488435
3.868937
2.433046
1.644299
3.187143
0.433162
1.777113
4.087455
0.660080
3.751231
1.855478
3.563116
0.621706
2.248077
3.524729
1.586643
3.418661
3.788884
0.390593
0.471233
1.807585
2.183938
3.590224
0.368999
2.005911
6.349683
7.508098
1.241746
3.424234
3.192540
0.985297
1.349939
0.461509
0.798047
0.082973
3.104392
0.275134
1.796109
1.148525
0.452423
3.948677
1.352672
1.965077
0.209663
0.432017
2.294829
0.021560
8.305434
7.810194
3.492644
2.973465
4.338676
0.292292
0.057402
0.204542
1.048211
6.789285
2.063805
0.102011
6.694226
1.895780
4.998019
6.027651
2.149568
1.435623
0.605273
4.030435
3.022857
1.046458
4.455489
0.519702
0.485903
0.443484
2.227466
2.032705
0.725482
0.091083
1.956213
0.203172
3.096872
0.347845
3.414611
6.596657
2.097052
1.104551
3.308453
0.935034
0.140110
7.065821
4.787911
0.197114
4.411407
4.601079
2.840648
1.004153
1.235524
0.054194
3.911713
3.052819
0.682929
1.361134
0.017765
4.896949
0.059714
1.279113
1.850787
0.103299
2.945445
0.237561
2.245670
4.666694
1.543537
5.258210
2.310742
5.258729
4.314673
0.489475
0.534144
0.761182
1.307321
4.202381
0.028870
0.994229
0.007905
1.230100
4.446059
0.696761
3.494331
3.815581
5.725465
0.376167
2.577261
1.356061
0.933190
2.892423
5.303399
0.606494
2.520925
4.481217
0.783428
1.692101
3.507451
4.814668
2.062260
5.071618
2.403683
1.074775
0.710323
2.604381
2.704020
0.354644
5.122647
4.351970
1.748947
4.171952
0.489701
0.482441
1.434542
7.380275
0.855548
0.167864
0.614163
2.673611
0.391245
0.605344
1.388739
0.505515
0.279036
0.090940
2.976473
0.549240
0.588250
3.484968
0.020492
0.697085
0.593966
6.426629
5.025913
1.436053
3.279110
0.227751
4.636478
0.742881
2.863328
1.347378
0.519675
4.192044
0.132877
0.059527
3.563023
1.490816
0.720420
0.912915
3.442743
0.032895
0.570018
2.969886
2.692869
4.613639
3.709512
2.088738
0.463003
4.659612
1.747466
2.431553
1.493105
4.850005
0.006920
2.450300
0.577315
0.053393
0.234365
4.003497
2.862166
2.304175
0.099326
0.830890
5.565931
0.353227
3.840094
3.111883
1.340954
2.556783
1.125166
2.782461
0.948158
1.031581
3.171339
6.133086
5.111761
0.286653
0.828423
2.410229
1.006519
2.552480
2.506304
0.296169
1.682633
0.570003
5.345103
1.082998
0.988582
3.052905
0.773841
6.042763
0.941971
8.158274
3.351710
5.558466
1.188010
6.980042
4.119368
2.063627
3.470241
0.746626
2.704160
1.292607
1.862894
0.568112
5.121563
0.293726
1.643554
0.718635
2.096363
0.143994
3.029227
0.680850
3.911807
2.770199
1.095393
3.273704
4.819810
1.507496
0.499909
7.191691
1.533646
0.990952
0.506189
3.573404
0.157811
3.456811
2.760970
3.578789
2.272337
3.059558
2.990570
3.323559
0.366775
3.984141
0.861028
4.174822
4.515129
5.674754
0.263472
4.152642
1.150017
0.529727
4.432058
3.905907
0.427782
5.960505
0.798358
3.989326
2.083964
2.379248
1.565403
5.495371
0.583137
1.367741
0.715581
7.220599
0.106558
3.111602
3.366568
1.497353
1.261216
2.675202
0.653342
2.045303
0.584850
1.837258
0.011154
2.232507
3.042145
0.655793
1.771558
5.300402
3.671434
2.399554
0.886204
3.807131
2.847879
1.304980
0.095609
1.786956
0.505586
0.155028
0.746453
8.113743
1.577714
6.578895
3.888389
4.169137
0.343187
4.439545
0.936753
3.137001
1.926879
0.174441
5.627957
1.726681
3.119151
6.559247
4.585309
3.175266
0.154673
0.331740
0.859226
0.524325
1.615095
0.478192
4.379966
4.313607
3.213235
1.550648
3.303992
0.473048
2.314741
0.031837
2.657858
3.328195
3.578064
3.319179
0.374146
3.302071
1.815763
2.081032
0.680100
1.934552
4.851003
2.174163
3.983993
2.425584
3.550791
1.283552
1.748741
2.147671
6.156778
3.764551
1.896531
6.647855
1.751146
6.045771
2.032188
0.761401
5.340342
0.329955
0.816317
0.568214
1.630511
0.001110
0.876215
1.632599
4.031884
7.163984
1.515011
3.946878
5.194905
1.084000
1.549900
4.212247
0.786636
3.489451
0.887856
2.513942
3.305748
0.903831
4.647418
0.422299
0.400231
0.101230
2.739080
1.794471
3.275927
4.800612
2.245790
6.928982
4.623754
0.846180
0.640016
1.941519
0.086791
2.642887
1.107556
4.861026
4.296311
1.115063
3.226826
2.189481
0.396026
0.086043
1.105125
1.659930
4.238530
5.297447
0.319545
0.034556
2.108928
2.103842
0.111108
5.029045
1.449710
0.231647
0.916343
1.039782
4.981395
0.663604
2.542978
3.383745
3.520903
1.897219
2.852129
3.151477
1.730793
3.562616
2.067161
3.971796
0.094510
2.752497
0.615732
0.389733
0.260331
0.635088
1.122253
1.309801
3.394705
0.517289
2.468611
1.101219
2.784219
1.921542
0.331940
3.009155
1.118402
1.288653
0.881266
3.173076
6.114214
1.497247
0.273959
2.269593
3.676374
1.220741
1.832009
5.147409
0.409786
1.626544
0.353611
0.829618
2.565892
4.705815
0.048363
1.267788
1.653793
4.950486
4.189685
1.602301
1.236875
2.544361
0.186305
1.290097
1.336832
2.748862
0.649132
1.421150
2.613462
3.691130
2.310568
1.364112
3.865119
5.308045
1.451077
1.899435
2.600490
0.281536
4.400792
0.017801
2.973735
3.269790
3.205200
0.266248
0.314848
2.138362
0.864419
1.931942
0.563294
0.067383
0.896283
6.287140
1.047810
0.353541
2.527383
3.333170
2.485482
2.314861
3.241052
1.297648
5.253005
2.467882
0.362330
5.440914
0.170599
1.346047
1.234316
4.428589
2.239149
1.490983
0.139117
3.503710
1.620955
1.598719
0.080482
1.132825
1.153849
7.492606
5.700046
2.555872
3.625884
0.439079
0.238212
3.276771
3.188606
0.982512
0.239747
1.080613
3.760213
1.616649
0.486199
6.770399
1.113012
9.542360
2.456982
1.729801
0.289326
1.890302
1.242725
2.590687
3.330295
3.814726
1.406653
0.449556
0.815254
1.146102
1.016933
2.618479
3.437669
2.422966
3.109474
1.251359
9.354235
0.966378
4.377672
0.880201
2.154793
1.778028
4.308223
6.059692
3.415643
5.039776
5.547005
1.845490
0.178809
2.930233
2.205228
1.842784
1.060379
0.151819
6.197233
2.190925
1.604233
1.825097
2.609834
0.843776
0.908734
4.317200
1.138682
3.002274
1.480367
5.870060
2.347332
3.699278
4.854187
0.710290
1.751090
2.223001
0.759505
3.644012
2.488090
2.312091
0.605889
2.809789
2.471406
1.687168
5.128407
1.139201
3.961205
0.803512
0.044158
1.581706
2.556007
2.121472
1.945746
1.139785
0.627861
1.044101
0.722002
5.547255
0.471829
2.655144
0.016949
0.156268
4.564542
5.676105
1.192807
0.552229
4.030125
0.525961
5.988033
1.489783
1.094690
2.343363
0.456263
0.485780
3.694762
0.221227
2.954915
4.401677
0.371129
0.290466
1.408476
3.168197
0.284542
5.181510
4.142179
3.013829
3.377561
1.405462
3.832499
2.784527
2.492345
2.096890
0.748243
3.904384
1.723647
5.861628
4.401657
0.867929
0.771824
0.865769
4.179050
1.097867
2.844624
3.088911
0.772602
1.314672
7.932421
1.514172
1.301969
1.448922
2.228807
0.284843
4.067382
1.066373
0.021306
0.676600
1.165312
3.383880
1.928997
3.324349
2.692254
3.387874
3.327555
0.627992
0.532281
3.073040
0.930216
5.400739
1.924648
1.088415
3.593865
0.369529
3.048110
1.211312
3.804439
3.183492
1.568107
2.616310
0.390393
2.643079
1.950817
2.018532
2.480584
1.496648
1.834572
2.198211
4.385390
0.257902
1.427636
3.920145
3.232321
2.092461
0.948156
0.046901
5.124310
4.995132
2.449325
5.778631
0.993538
0.879290
0.549429
1.733811
5.290350
3.833082
0.346652
0.678602
2.072723
2.639692
2.310013
1.382104
1.951702
0.219994
0.331991
2.091191
1.767534
0.621259
3.810737
0.875830
2.246688
3.978688
0.038329
0.768583
2.926078
2.267778
3.091577
3.455227
3.976377
0.583361
2.347720
1.113156
2.697509
5.977394
1.010095
2.142030
4.530314
1.131134
2.774967
0.324019
0.316803
4.418419
0.685984
3.334501
1.423110
0.703864
2.999869
0.927893
0.156862
0.871520
2.773362
6.123200
0.820275
1.206293
2.669142
0.929534
0.839299
2.263127
0.399026
1.875503
0.532000
1.938265
2.976730
3.880388
5.059193
0.412892
2.806331
1.489637
1.991927
2.704226
3.187625
0.875412
1.110466
1.398015
2.438579
0.551120
3.883919
3.182371
2.030063
0.232846
0.082785
3.490455
1.560767
0.433703
7.345350
1.208846
1.122527
4.715684
3.804571
6.063444
0.171859
7.314002
0.479322
4.018568
1.897841
3.352049
3.890851
0.495213
3.491225
5.195038
1.940933
4.840874
6.673610
0.541474
3.525027
3.240523
0.915495
0.766084
2.079491
1.974445
3.804646
0.381994
6.458758
0.819476
7.869496
4.459407
5.657129
1.861460
2.435756
2.488286
0.535482
1.034003
1.861518
1.565784
0.485887
0.249148
5.883846
0.355283
2.278106
1.455167
0.470267
2.991513
3.811096
0.300079
3.154171
0.803347
2.136768
1.994645
3.424979
4.171283
1.252727
7.299341
2.330017
1.490946
4.084063
0.403916
2.285185
1.753864
0.022769
2.589992
1.645053
4.574353
3.877799
2.770654
4.996868
1.430331
6.910724
2.258037
0.236062
0.040984
0.630302
2.340403
0.018555
2.611956
0.158111
1.262821
3.074160
5.001657
4.847864
4.535160
1.133350
1.811933
5.004375
1.021663
0.863770
0.722822
3.822945
0.688704
2.630127
0.897161
0.435177
0.549712
1.746062
3.136014
2.708124
1.641443
3.219405
0.898943
3.864350
1.832711
2.259791
6.038374
2.026035
4.807834
2.259457
6.306258
5.550771
3.251492
7.281207
4.066632
3.072160
3.431332
3.329385
4.870775
0.032936
0.493837
0.345886
2.684235
5.528002
4.159667
3.753149
4.279161
3.087511
2.073208
4.085089
2.885318
1.804597
0.835911
1.489010
0.542620
2.840804
2.111063
1.084996
1.078646
0.245166
1.694157
0.884469
2.797806
0.005114
4.310466
0.545564
0.428954
0.606794
1.885019
3.879413
2.142217
0.997973
3.784396
0.230253
1.564785
2.724436
0.258804
4.985946
0.528664
0.259072
1.678851
1.259001
0.373738
6.394100
2.732058
0.193728
7.668726
3.087880
3.801530
1.076586
3.235392
3.798445
0.608893
8.710141
0.638250
5.264868
5.422956
0.091410
3.464693
1.226321
0.377757
0.071375
5.451676
3.008507
2.287917
0.347129
0.422555
3.652922
1.941532
4.034513
3.965981
2.520970
5.910112
3.492598
1.445667
4.358158
2.709629
1.380140
0.681647
3.859694
0.761531
2.499465
1.167877
4.944868
0.220252
4.311742
0.551399
1.278797
4.168503
5.334902
2.338396
2.143163
0.032323
0.868814
2.091341
4.264001
0.430757
1.179336
5.507371
1.308978
4.428321
7.097080
3.217763
2.527906
6.262092
4.214326
4.823537
0.572539
0.749876
0.592392
2.120728
1.965145
0.893617
0.825115
2.199340
0.011805
2.759733
0.952745
5.526410
1.005118
1.207055
1.139420
6.438916
3.068007
0.661427
0.754720
0.103048
4.880859
1.850288
0.179525
0.254752
0.126410
0.682224
1.449047
0.835061
0.267637
1.806113
1.827003
5.148482
6.543991
0.222205
0.131556
5.311067
0.088628
0.420281
2.239462
1.773017
0.279267
0.426084
4.136447
0.656441
3.477563
1.892730
0.632812
2.052060
4.558164
0.713929
0.315467
3.040865
0.713849
0.545049
3.552866
3.716327
0.097365
2.437563
6.103558
0.290438
2.023615
0.848231
2.346799
8.362092
1.977870
2.579383
5.965468
2.534234
1.225599
1.074493
0.593014
1.925293
0.408002
0.382880
7.401367
6.394723
5.595536
3.185869
5.696440
5.094340
0.604425
1.654999
0.583442
2.567016
1.153221
0.458422
0.424846
5.260845
0.459863
0.601213
0.502366
0.889677
2.082199
0.978914
0.858206
3.031268
2.034125
7.384521
4.501768
0.080773
6.750421
2.489505
0.986290
7.868417
1.761532
3.086489
0.534897
3.865190
0.913510
0.067943
3.428185
6.387298
1.134817
1.098400
3.952833
3.346913
2.643201
3.369138
1.305341
2.479051
0.000451
0.067423
2.163617
1.977120
0.810464
1.664827
6.053898
5.912548
0.510714
1.145401
0.437084
0.687652
4.433622
1.077754
1.461214
0.663086
1.794680
0.345919
3.390581
3.970317
6.500704
1.351355
6.935047
0.556685
1.775679
1.727704
1.023443
4.293873
3.014052
2.148284
1.591788
1.381680
0.555990
1.899059
0.275312
0.272862
0.338006
2.221701
2.629827
3.564522
0.604729
5.243628
2.591381
0.520086
1.587119
4.346834
0.313581
0.807523
2.239088
6.303197
0.552888
2.893963
0.829782
4.051542
0.926153
2.344620
0.015150
0.226225
1.646493
3.100715
0.377650
0.615101
1.865873
2.494248
1.318332
1.742720
5.174768
2.209663
0.470062
2.497420
0.398625
1.466409
4.691233
0.268673
1.557451
2.301317
1.124011
2.303773
4.760326
5.590070
0.076029
0.168559
4.369291
3.983665
1.550259
1.425221
4.150345
5.221010
2.943608
5.919040
0.894380
2.347625
3.305815
1.669987
2.217728
5.977083
6.413571
0.046857
0.169492
0.220517
0.125385
0.766780
3.073715
2.450875
2.096477
3.256283
2.624796
0.073486
1.771938
0.305923
3.768580
7.482045
0.135029
0.489341
2.291215
1.392302
3.072216
0.620372
5.189263
3.289559
6.131803
3.703924
3.022334
0.480721
3.530015
2.073730
0.328172
2.395480
2.486509
0.196185
1.088856
2.646816
2.481463
0.695000
5.669759
1.808073
0.109152
2.389883
4.683799
1.578400
0.815640
3.057936
2.171426
1.722143
5.028988
0.780678
0.942528
1.270804
0.662792
