15.759349
9.489726
19.782914
4.973664
12.079069
12.123366
5.900645
20.038549
9.948673
2.933843
8.589576
11.277015
4.577177
7.407800
6.704257
16.576496
11.844832
15.792996
9.753005
12.102004
8.612489
1.716559
0.916871
17.703465
2.245712
14.401527
12.481437
11.958406
5.357280
16.877430
0.252077
13.647281
4.075779
11.583887
7.556210
7.913726
16.517120
7.097608
12.320747
10.600565
16.105487
10.797469
6.357805
11.580763
12.763963
18.991432
6.505166
0.539308
15.001808
12.749878
4.324055
0.042122
3.348477
5.183921
9.442485
3.130383
16.771151
6.372708
8.296355
13.644496
9.701287
9.713490
18.884825
14.428383
13.201680
17.120809
14.862637
6.204106
9.241982
7.271572
9.125872
14.911009
12.371953
9.509388
11.859253
13.755887
11.398849
6.099863
8.069083
15.904002
12.561533
14.634300
14.163492
18.532489
13.265033
11.938368
6.290626
17.471109
11.983222
19.673051
15.917562
14.992223
4.870110
13.503335
10.259360
6.198713
13.447977
15.763051
23.473097
14.157384
4.239564
1.901359
3.146958
15.324337
7.782777
13.719391
11.390368
10.719778
16.132863
15.502437
5.879777
2.413932
17.790400
1.045612
7.810013
10.541260
9.126002
6.605543
11.381558
5.207339
11.670571
2.482160
3.655765
15.533327
12.725443
12.948996
12.463100
6.805182
6.562995
12.792164
10.169511
15.542692
18.751638
17.768508
11.972214
3.469172
17.036733
18.725509
14.597298
6.448634
9.616039
17.201446
14.568524
10.036619
6.406969
4.580833
8.948414
3.952198
7.761912
14.155005
6.956116
14.401872
7.452802
7.789468
8.604466
9.840312
6.945292
9.429453
6.606319
11.709475
1.989007
11.227006
13.792932
10.383943
9.979651
10.242854
0.086479
0.788113
1.046742
12.041526
6.847505
16.225549
14.832795
1.665412
21.484641
6.782684
11.337695
7.226369
15.186583
14.933560
15.835691
8.302374
4.268517
7.730223
5.478940
14.168796
4.263078
6.949278
10.078497
5.803896
4.949980
3.693826
5.973331
17.930406
6.619687
14.252164
6.830495
2.321555
4.051482
12.620543
7.750935
5.760464
10.130108
10.198607
10.185033
8.577506
24.720531
6.958654
10.739712
7.476220
14.826207
16.176959
11.936071
16.717711
6.885111
2.825654
13.067849
15.323748
7.501949
6.380124
10.663629
6.806357
5.458863
25.851672
3.652708
14.799540
24.161045
22.247929
3.360534
9.466958
3.431811
14.268443
10.147514
7.764199
7.969975
7.071778
11.926914
17.909686
6.969448
9.429000
4.601705
0.387092
9.131852
12.387485
5.956661
10.642638
15.292929
8.805638
8.065226
3.514503
12.988544
0.809833
8.981794
11.156109
8.708594
10.573254
12.264855
11.727760
8.832368
15.053650
11.742046
4.902436
10.486564
13.462467
15.682796
7.966407
22.577472
9.331579
15.836602
5.834448
1.742186
15.385129
7.640149
7.850147
7.835703
4.947538
12.433527
13.868488
22.607511
11.782625
12.497791
11.046256
7.409584
2.668095
7.214579
8.571021
6.898961
14.173507
14.273403
6.638806
3.922238
16.805181
7.423299
14.097782
7.547571
12.024625
22.719358
23.647735
4.582335
1.626187
10.798373
6.718438
10.814679
15.324866
7.697058
15.999020
11.203820
3.883413
13.284950
24.471128
5.897987
7.292947
11.627633
7.817488
24.243664
7.204584
0.837710
12.143507
11.382087
10.285019
16.074943
14.079962
5.067720
1.794179
8.379377
0.988080
4.102680
5.682493
17.294962
13.737278
21.407806
0.355983
7.606066
3.874253
12.534488
14.165703
9.505753
23.425002
12.431146
8.346121
2.851176
9.291815
22.727486
6.605065
5.568157
15.239180
7.390025
11.799828
7.135371
0.628072
7.980027
14.816958
7.816182
3.363392
18.301140
14.289378
7.160133
9.920573
8.280573
14.532182
8.226831
8.330470
18.700091
16.591917
5.284775
10.778432
6.698677
8.532943
11.403229
7.546822
5.087173
11.688859
6.777678
5.013697
1.216890
2.882066
20.215106
11.828256
7.020358
14.569059
18.088292
10.412695
17.821379
11.373675
15.817629
15.833055
0.170105
4.507988
1.810581
11.530682
11.056696
3.050596
15.945325
14.423995
13.002911
0.646678
10.139690
6.865732
11.500516
4.309682
14.538439
10.153151
13.595013
12.147853
7.606819
1.849201
18.137527
5.468363
9.282392
19.244516
11.698852
9.902134
8.300138
19.873476
14.444872
1.340854
19.093721
10.327166
14.068857
10.947917
18.342282
18.027693
4.163040
4.091237
21.174998
9.130575
23.094792
6.731758
1.397374
8.284717
23.557035
7.142734
2.216753
7.670845
6.738449
22.392831
28.680718
13.961026
6.254133
15.094373
6.757869
19.263135
19.968295
8.152392
13.699109
7.651628
3.783369
11.882296
3.820267
17.677476
10.311880
14.839169
23.948287
10.741800
13.049702
15.159001
2.068984
18.980508
12.125643
15.412237
8.483123
4.821645
5.078734
10.202484
20.636864
8.576215
4.792313
20.319659
4.357932
5.113982
12.442772
11.931608
9.657803
16.998970
14.853537
19.516231
12.128406
18.173979
22.915086
11.367444
15.767759
7.868312
12.889482
21.925329
13.948088
4.198981
16.694050
5.396174
12.327790
3.948599
6.718275
13.973769
1.958936
16.566534
11.395982
19.248600
18.345700
14.493435
7.877733
18.229090
13.920793
0.109063
9.172899
13.185810
14.717934
9.695408
7.151435
11.778510
17.027114
11.909081
9.694538
11.016132
13.729736
11.650865
7.503650
12.835090
17.516948
1.767753
16.397531
7.108795
18.295190
11.964622
21.432237
4.521820
6.065492
16.823792
4.934457
3.689414
9.192245
12.853645
5.332537
4.945705
7.478730
5.594974
6.228162
5.348683
11.649044
13.735740
4.227851
18.354048
0.720770
3.195853
17.751237
5.443841
14.630899
14.304868
5.774100
12.884459
10.262679
9.763390
8.896250
9.586142
11.537265
4.582683
9.204349
8.502054
10.546464
7.991670
21.404851
4.803558
12.915238
1.437807
11.410192
22.144873
9.129060
0.155130
9.176481
12.253200
15.131926
9.772110
11.174504
7.113715
11.587295
17.894748
21.452827
3.539760
19.060001
4.446857
8.249721
11.733314
13.491856
4.080126
11.268059
16.435875
25.487535
5.048928
9.676069
2.116457
7.422386
14.206232
7.574000
0.102278
8.329945
0.905857
11.069574
24.373549
3.083230
22.330193
19.406383
3.379778
1.171333
2.659339
12.357976
12.766180
4.769204
7.646945
17.887931
11.519913
19.131174
11.117015
20.861235
6.686471
0.540763
9.106277
23.411383
7.584545
13.392897
16.598755
17.973366
1.980070
6.103295
20.801890
14.027724
15.941182
20.283313
17.973468
15.817159
5.990281
4.572313
12.449718
1.854119
19.622652
23.549200
9.004860
8.105003
