112.400615
101.803769
101.516915
83.830119
73.627290
117.518850
109.346614
72.312739
71.788751
81.404555
86.341099
112.527405
87.211860
96.249842
88.196808
114.632910
72.018850
98.331657
66.912211
96.325987
120.203345
112.463345
74.340247
57.822529
84.575054
111.369151
90.948779
86.857231
97.141425
91.992879
105.630375
116.746785
120.532390
70.631823
125.372949
124.111726
99.077813
87.092400
74.935013
78.503505
76.892054
92.824928
90.636669
98.539844
92.689179
117.094262
70.480891
87.805945
58.574658
71.155802
111.325427
87.598015
92.237527
99.274149
52.200647
87.056897
113.587924
94.748736
85.327955
107.886150
101.273516
87.702077
128.150838
99.867245
88.121376
71.903443
108.285762
86.752345
48.595894
102.362572
72.405675
114.203043
92.805349
92.124172
98.634785
65.442265
100.196195
85.204465
74.376820
77.613105
108.802432
66.518378
51.439173
80.961133
82.916951
82.645602
85.704988
79.454185
70.963783
80.059720
118.682953
128.248335
114.143506
88.075871
115.648260
104.167586
80.969591
56.840414
92.172925
93.224545
101.263317
105.075322
108.128566
78.340191
85.200897
96.689621
107.469914
97.253541
95.356273
104.052559
67.796434
97.511587
133.167360
100.464482
61.622306
86.326184
93.272637
77.927007
70.111807
81.406070
71.649648
101.570005
67.323662
60.222486
73.012007
62.349342
114.589112
69.393329
109.285381
101.161926
79.814115
73.798215
84.476765
120.466203
106.531569
93.536401
110.682128
92.081044
124.772624
85.497726
105.854606
105.453365
97.515000
93.718089
103.736190
69.714376
110.324400
88.639641
91.950801
94.746451
64.914635
86.067825
97.788588
97.478971
103.718711
103.720868
74.495238
61.755649
72.053253
67.445204
65.766545
72.863056
96.759408
97.898664
118.869961
52.516858
84.351839
80.962751
75.211700
106.250621
77.264072
88.872415
66.992935
89.220256
69.288404
74.439603
103.510813
110.011012
94.689421
111.201472
85.923217
109.646075
100.306121
103.882167
84.811530
86.807188
84.930868
87.795355
110.992845
75.604886
105.243693
75.414993
85.967093
115.622754
112.572308
90.343726
92.719287
104.172647
86.097849
82.622911
124.828620
97.837135
67.019000
59.591616
58.748361
93.548248
66.943397
89.914302
91.935601
66.824220
118.633382
92.246612
56.036040
78.463272
57.488151
93.016482
107.723549
75.381850
107.770551
84.644366
101.053897
95.243517
95.080317
93.970126
100.487054
82.707671
102.886885
105.301361
79.783929
98.971646
74.708583
102.472010
81.942628
83.816743
79.057908
97.382934
88.437558
56.378681
84.066429
127.223165
104.030706
67.368505
82.176329
94.413130
112.510247
95.055866
84.667438
79.890703
88.962755
86.485196
108.017690
98.241170
106.013012
69.281574
63.234559
111.283596
88.973924
91.838736
99.854028
111.361936
99.105353
59.853663
85.751320
93.828325
68.821521
88.492540
104.583816
91.857787
88.496345
76.474175
100.066576
70.633304
100.017399
77.712392
99.065112
85.418027
67.868675
109.397989
94.912718
101.763725
73.722064
94.583010
84.849201
95.188672
113.985187
71.131880
66.503024
73.574508
76.650501
100.394679
83.073473
85.114282
117.583449
73.524653
106.192613
119.804522
84.205355
115.511509
86.557576
66.310546
75.160338
72.249131
108.514525
102.861333
92.702200
55.252351
82.335830
74.585410
100.621561
66.775943
124.156545
98.716708
98.269001
83.084363
92.117813
107.561122
48.777242
87.482646
95.994991
78.213740
112.187784
62.233579
92.304432
93.098347
116.680753
51.266323
124.531304
98.314075
96.391665
47.544848
112.242649
85.723943
68.459204
96.300310
83.983947
60.434681
79.521601
72.279901
63.477013
101.799211
82.785139
102.498746
81.801038
97.999662
103.674677
79.475773
103.163391
72.892157
84.395782
112.384326
60.806553
101.105387
71.744630
75.045068
94.346061
84.061902
75.828622
108.800480
76.559858
71.767458
70.269696
84.073484
89.168754
92.566934
81.789064
103.538126
93.967650
68.478653
95.789743
87.769633
72.774443
116.596546
92.328024
89.641623
101.970980
93.827430
91.664484
87.229611
118.240423
88.323573
110.381371
60.288354
79.194587
98.496808
122.090868
115.663253
98.233814
116.646122
63.493644
79.272501
85.694096
138.576861
49.525698
81.310072
62.446910
73.125409
79.714459
98.814192
92.463344
82.673565
78.247698
100.325353
87.353940
88.675276
108.482312
104.799755
68.556854
66.097781
89.271081
89.957431
75.555221
65.891844
89.733097
92.141365
98.668669
78.111086
98.217246
72.565627
80.161928
46.723814
105.782939
57.970895
85.734301
111.079997
55.943508
112.195291
106.768819
104.537525
82.608911
112.909272
100.688492
68.157925
127.478314
90.061366
95.417621
78.181164
74.507894
99.711926
74.925407
103.204512
112.899635
113.648865
77.014933
87.012348
69.920921
72.887126
112.379928
80.971608
99.391644
81.998585
80.807838
114.689715
112.950259
135.619484
77.525957
93.229172
87.590876
126.761700
72.270190
95.166317
117.500956
99.550647
72.359819
94.150771
82.524247
90.208685
110.773294
112.023395
106.411179
69.702353
55.880739
89.065875
99.645876
109.411624
79.668417
51.384573
78.984760
126.496464
100.582332
62.930782
102.927086
62.481578
98.106866
122.566554
109.553337
127.742922
116.929001
106.585020
142.637867
115.510769
123.450998
62.801926
106.418843
85.074371
88.951396
96.008534
68.089316
99.805127
112.677487
89.550357
69.187696
116.953360
71.895236
95.625676
64.019477
81.979025
69.788405
72.709239
95.028305
101.756950
92.043991
88.958720
86.507461
97.927718
92.962048
97.748655
67.134643
113.966107
86.878713
113.684588
98.832485
67.688134
77.732078
111.527776
103.054419
93.655667
110.995206
90.991963
95.588834
48.835972
54.914255
106.200242
86.679361
106.770339
88.776302
53.771362
108.283307
72.844628
118.727475
69.749193
126.305929
107.501190
94.091152
103.347161
97.785938
103.658575
88.824772
53.490012
112.807899
70.665612
96.569836
106.194119
98.794971
68.755284
50.891105
108.155496
84.014038
112.588620
101.849799
116.979060
94.784890
66.030482
92.947073
110.040433
98.966211
85.718611
80.342803
126.716652
98.971063
79.933629
62.406729
55.441244
96.005245
82.282044
89.233900
109.559628
59.508961
98.954728
104.646124
96.867915
99.587095
108.187708
54.693654
107.529809
84.753044
78.043595
123.175794
93.508225
89.019546
52.567472
98.476062
77.340312
89.832313
63.711082
73.982038
75.999309
115.322905
86.497107
103.991132
114.461342
124.333920
67.715370
76.416161
94.315852
103.175607
93.539508
51.371763
82.454881
63.907613
79.997543
103.190371
107.406957
73.156462
88.903954
70.072435
107.758780
78.518235
89.120991
86.917810
94.600084
85.076245
71.837298
117.692853
109.232434
84.357558
104.991115
65.270350
81.088283
83.126496
87.647903
98.929182
89.434642
62.351112
82.289229
70.503064
85.114551
75.206630
68.324014
91.836771
82.181877
75.307009
69.413114
103.395328
90.068598
97.553326
102.533239
74.601127
112.105737
81.618264
85.798810
105.599933
98.539051
107.948428
71.517832
105.824496
94.388157
83.904980
96.785237
113.596817
114.231452
106.883008
75.060500
114.922079
81.359310
83.498377
91.702322
109.524251
89.577043
117.563577
52.019300
93.698483
90.831762
100.600053
98.514109
66.476874
92.599625
98.617549
92.461865
99.049796
90.760230
70.316952
94.978377
68.261321
106.523076
83.103911
79.482058
59.481631
69.141986
56.330785
155.468908
94.497222
89.960372
122.239940
89.518857
119.695446
82.453179
60.402129
98.907529
98.856988
115.878064
120.373141
96.977242
102.665947
102.267426
123.127271
55.813237
95.583719
100.365224
69.184157
114.070095
92.397531
80.724853
80.932562
107.201541
79.267169
100.415854
98.242160
113.148551
57.790189
64.681973
107.426434
95.360935
100.218106
107.550051
83.540933
116.660736
126.613252
59.021766
118.057497
105.181198
110.961072
75.788760
93.936476
101.330245
106.519572
86.032810
90.514983
77.457333
68.898288
98.911817
108.434497
90.219220
72.268992
110.499177
75.008939
81.343629
83.087471
74.135798
83.314346
81.882387
78.452000
79.403992
103.720945
53.256397
75.846741
95.936930
82.458684
70.057838
123.349390
94.223492
59.059752
124.284290
74.545084
122.425086
57.478168
76.553391
63.679913
68.261131
90.739202
83.626865
124.055841
104.072486
97.544376
122.110040
99.815239
106.586123
68.511252
114.420217
103.121289
97.991008
59.771594
92.854832
62.628612
77.850144
63.064749
55.902639
72.637737
68.408489
110.218692
98.095514
67.284933
121.370150
62.811479
46.529841
88.006763
72.832637
89.632199
85.092181
96.834733
93.267746
76.678599
122.012885
121.790064
90.612014
134.010952
78.356711
117.809955
87.947997
69.945591
94.460066
74.241819
91.419176
99.126670
86.048447
85.109084
114.306865
84.339562
96.065731
72.801168
75.133274
71.284057
83.528236
111.601828
91.728034
98.155756
98.912910
92.804946
99.498739
89.938879
95.770483
100.296895
78.669057
92.390824
78.463415
96.767779
89.666167
110.656445
95.480125
77.078635
144.650323
85.351992
63.167764
85.352868
122.282605
77.488204
78.342096
87.222193
97.404484
82.222409
71.735567
83.308990
86.947516
83.816324
127.589575
84.000027
90.573964
98.630252
85.862790
101.687929
98.546271
109.365297
90.283553
112.742928
77.500825
75.112265
79.207596
116.072619
77.369475
72.331727
104.054084
60.920069
84.005776
110.636804
91.728194
79.459453
61.912564
86.328099
91.260318
99.491572
105.814711
50.123352
111.372221
95.484560
100.222243
83.826325
82.677306
82.786873
56.413415
114.441446
74.231507
61.692146
119.631265
108.971707
86.284606
74.228374
74.293512
84.367725
88.280524
76.353848
74.387155
90.255006
80.817207
76.803966
94.157571
103.499307
69.239563
57.060033
72.010045
91.434281
62.307299
100.130646
79.600158
66.682462
86.819131
73.904699
90.999709
110.320075
68.993683
85.650145
66.063840
101.062696
79.415923
89.733334
117.519816
110.296259
96.906436
110.188886
107.542894
87.111597
95.156900
63.269313
62.476594
105.441153
89.529805
100.092650
83.066576
77.207183
107.138754
102.940500
56.347692
80.750990
81.553705
135.304575
105.859150
85.435938
68.118315
93.289153
90.465053
97.069184
90.808679
85.102658
81.452258
110.599255
110.339920
83.656476
106.130747
90.477823
59.819264
112.163925
47.455560
80.205160
90.204834
62.712693
111.309704
115.505331
73.535891
69.739905
82.274561
73.910727
85.097421
99.573437
83.544761
85.642428
104.850344
90.994204
77.789940
68.133186
79.914877
83.352032
70.135237
78.258270
69.317042
96.011342
59.631882
92.176417
106.614027
103.099771
69.764565
102.474372
119.541700
109.573409
131.034294
108.223643
120.102620
86.619422
83.076285
98.610698
107.169083
112.332339
58.020954
107.113008
90.789483
92.223917
81.869961
111.693408
51.063851
71.620495
121.196525
104.491593
106.949489
61.054455
121.255973
86.429647
95.451762
91.354990
80.276304
88.718957
70.148490
80.996416
67.655732
85.473033
84.076231
117.819260
68.843674
77.927207
88.095607
109.018925
87.303220
95.505882
88.516585
82.016808
84.276914
49.672684
115.652267
104.883971
107.797797
100.407881
73.278235
69.704470
67.948251
113.728558
57.003851
74.170912
120.498024
94.031786
87.831360
123.946982
60.207280
110.534788
97.307229
111.821756
83.437011
65.949884
81.397548
81.137925
119.919048
126.866352
86.656428
99.049233
121.831183
66.752311
97.190595
93.325057
73.140634
95.852346
97.546645
90.536500
103.458301
124.662542
87.483619
101.397663
107.302106
106.285594
67.110910
83.437986
81.117607
79.407901
89.165685
62.062350
67.151320
68.121988
74.245954
95.932734
70.768555
118.837636
61.129125
107.308510
116.051223
73.868911
100.058605
114.050046
84.200975
91.010147
79.943873
99.019395
82.462013
99.635259
69.341070
98.264317
84.185605
121.502337
88.880049
127.311189
62.972741
95.531944
84.054119
80.211951
83.884406
100.288603
90.962746
108.722882
73.950881
90.846431
58.078624
107.067537
117.822423
105.087637
68.856610
69.167292
100.757130
109.823160
90.906314
97.039599
132.245903
76.954487
107.602280
121.569566
122.102420
86.944153
78.128011
90.166353
61.027602
109.328710
111.473489
97.895971
93.135527
117.010814
100.061406
84.959169
82.113237
100.369723
105.538114
68.144719
90.177132
82.046287
98.381064
128.959213
99.917569
113.086619
92.807819
80.239236
58.429003
96.424888
78.357485
101.755879
52.516061
74.045599
113.048196
84.349372
82.880059
57.221101
59.236415
85.842023
129.878565
113.755380
70.167425
83.424864
88.763996
144.899140
70.215125
128.400147
82.689017
70.402011
89.255940
115.782352
91.007580
88.591811
94.816243
93.691943
91.591793
78.226528
86.542869
103.172510
100.032522
123.992495
125.962601
91.647728
125.129287
79.557559
65.802504
67.425475
93.285652
54.617285
104.420182
59.572315
96.492549
88.186838
110.407800
120.349412
106.673164
97.411094
89.951398
82.768088
97.223686
128.234179
92.302416
61.399149
89.517348
115.612461
118.111557
73.622484
79.020583
85.246455
59.227543
68.872207
72.707578
70.394614
120.897234
117.309282
97.682132
104.348286
108.977702
70.188385
83.367611
58.203309
83.096724
85.061033
94.787947
95.015513
96.938897
63.034541
47.468645
114.939866
110.911044
83.629352
106.323299
86.743040
86.958095
117.591562
77.332443
108.866664
104.808118
100.063646
63.947252
112.291100
108.543876
99.377067
123.657731
120.745203
124.023526
73.519029
92.941832
76.854181
84.946230
40.040079
94.400184
93.205823
52.533787
93.617688
85.620406
76.005373
81.279569
83.262055
87.471316
74.554076
75.197820
90.946239
110.980611
91.939964
55.859633
90.290297
80.558220
52.206185
82.288172
64.730743
86.723020
69.140260
109.550651
70.574417
105.758884
91.369884
73.828796
119.404843
122.808225
91.644897
67.793359
100.385954
90.508908
76.670328
102.764703
71.163661
94.907939
53.512798
70.845106
94.233812
94.364935
81.720894
65.664143
67.400579
81.798879
92.138133
81.168048
45.522594
107.632989
71.544779
89.011951
77.678775
74.806415
104.334627
123.134315
77.954682
66.859473
136.325374
87.647946
76.973957
78.195591
114.959009
107.128583
95.826090
129.693533
68.425820
85.635770
107.077522
80.637277
82.532638
108.171552
127.461575
111.329356
113.790546
125.509594
83.632698
92.453423
82.872926
81.440553
86.547947
69.717845
88.245386
83.155678
57.883459
72.567311
64.073983
80.505738
109.350805
97.693037
58.551131
124.496988
86.087776
77.583020
81.261817
114.544626
100.150634
150.425158
125.489493
102.365331
83.271207
94.407106
63.652412
108.351113
52.463888
92.128498
111.157846
62.815436
73.851551
103.898360
54.849685
108.328692
104.540656
64.331563
88.189402
92.252662
55.434071
63.700394
73.410379
80.410358
133.090627
80.786388
85.456790
90.502200
68.505660
125.738965
95.032715
72.784651
99.715984
88.896745
104.538068
101.892352
78.665097
105.720551
94.462894
110.812929
82.258610
85.736324
122.536373
104.189201
78.380545
65.308950
96.570950
74.867778
108.415029
102.316178
116.852490
96.435736
88.904808
68.948951
73.633351
121.446997
65.551551
96.864118
94.795342
91.342257
88.080801
103.202083
80.155964
68.806766
71.162048
110.068186
51.911235
72.630381
77.227611
82.215524
77.941622
74.061117
71.874547
87.081939
83.110331
50.357838
107.477636
99.182399
117.262921
56.586477
79.883679
90.179719
93.235620
100.580103
63.537949
51.102327
112.213473
116.068352
91.039935
96.114624
73.063533
100.112221
91.170350
79.306257
91.357628
82.338867
58.235936
60.394676
103.299883
104.902976
84.466271
59.264062
90.939254
118.351249
55.955400
104.761759
94.996189
117.201019
64.822307
54.684808
101.843988
87.546588
105.656956
100.832713
108.691657
124.856042
66.352780
62.743198
89.074893
97.494626
101.697381
107.093677
121.838722
74.175570
72.786771
112.853373
97.191197
105.819925
67.445784
72.541299
106.086700
90.199515
75.327640
107.400634
91.173206
89.591370
95.851763
78.371607
80.659446
113.955461
58.825069
84.562106
71.360304
64.014865
66.804629
91.579885
100.591334
76.472949
79.534127
65.330929
71.298963
96.128196
72.728291
144.189410
87.960378
81.737921
91.676787
84.847924
63.407227
98.286502
85.697402
93.502747
110.482708
91.380232
89.194426
96.171612
114.611366
100.441478
106.503863
80.231469
90.600357
54.760741
60.273254
90.086326
108.547594
81.490302
84.690946
119.007704
76.819684
70.776721
94.976085
90.365281
100.816387
93.551498
106.537672
54.588472
83.496046
54.151400
116.252650
55.725633
