487.534558
497.419917
484.584607
504.026742
448.748975
484.531157
479.456730
457.076250
443.176671
528.356331
481.184393
466.215778
488.274271
519.017093
459.263668
492.280886
469.258018
463.431666
511.603508
515.439676
493.921356
441.437763
503.035549
491.257261
521.898153
533.126281
531.065611
448.726222
436.926694
486.526658
490.824846
527.465484
450.051601
490.217494
459.271964
544.490391
470.151235
472.216343
486.406593
542.167000
502.895519
497.779471
464.866239
522.940072
588.333992
553.339765
489.053172
382.663245
506.814506
472.751223
524.720687
505.496983
406.201290
472.508665
457.048960
466.079210
511.227581
501.032543
481.585225
587.397955
522.782041
541.064899
481.053487
492.348719
441.797649
462.532809
539.486176
500.390744
474.286921
460.195301
514.158515
454.590814
461.123585
386.949234
468.242627
466.233877
546.646323
462.984597
494.832765
512.206972
488.415109
457.099348
498.350685
506.340761
520.899320
527.900364
457.916839
545.713508
504.414799
473.458692
446.266633
530.499669
405.307610
504.082604
459.123889
512.229081
477.935566
419.695182
509.434391
548.357769
481.587331
470.163742
446.029086
453.714672
453.862974
495.837584
474.123751
452.905983
522.311986
502.251440
489.224040
544.655496
528.427418
482.316078
500.141534
472.831847
473.652798
547.091085
516.377088
451.934302
418.978777
404.145710
542.141368
465.597859
564.616838
449.602042
444.060396
490.442596
472.862499
473.817349
480.516705
452.314549
546.677542
541.211651
549.581896
532.975107
547.854897
443.062907
491.718102
492.732976
494.887666
475.464470
540.096224
493.665660
449.024403
439.113268
476.945932
516.932218
441.529284
509.848232
486.357048
553.216340
575.191200
542.858430
502.743322
490.596412
517.463163
487.648253
536.747820
482.095852
492.085957
532.400468
518.526145
537.615083
499.010450
485.001633
472.952420
539.161744
454.279702
466.340123
485.809889
472.274631
417.934263
479.110910
441.257223
433.917695
546.018807
478.818010
496.622014
471.046642
468.235366
427.993397
466.673853
505.957809
487.208876
527.734889
451.126179
444.846025
454.918133
434.174354
465.222379
503.541205
559.272605
541.682320
472.309746
521.042504
547.500034
513.013577
539.266426
485.375730
470.403822
432.027403
495.260527
534.087260
446.186453
499.800971
547.818841
505.445681
480.724436
488.018992
465.915132
417.084124
513.145117
456.048392
443.797622
464.031140
543.338662
445.680834
473.939711
508.549475
525.012293
529.867115
471.271471
534.992693
521.669780
419.837828
554.469666
513.856468
509.243094
476.643612
467.182571
529.360852
422.618995
466.059072
506.600201
546.723447
528.339468
473.895004
458.553692
518.234135
469.294810
487.934947
511.900766
469.297699
470.822521
499.298614
478.471739
451.948684
511.412989
489.317881
511.763440
489.863064
535.815602
530.895589
496.623067
526.101295
516.840080
530.028809
472.249258
482.298977
531.914835
545.232391
457.047829
503.785088
452.167066
450.140169
446.922115
468.961791
500.681361
439.316972
511.380200
522.113066
452.230826
521.379522
510.031338
544.137399
555.343274
528.855078
528.999492
506.158383
598.491928
478.672692
507.823870
570.690884
485.485365
534.852781
529.707795
451.480741
450.468606
509.242688
461.171925
499.143418
457.726253
425.653135
523.331138
420.184445
464.206238
495.416675
482.858626
487.674295
490.513960
465.840430
440.098618
486.292708
464.848681
434.852959
507.243362
461.331123
450.231052
436.517867
468.696130
536.885144
489.456745
500.115084
448.162814
544.891282
585.603080
519.158258
498.891830
553.752418
522.334371
500.184629
520.593265
513.963739
474.015130
475.598409
471.265944
519.838075
513.661879
490.275966
490.115771
508.891521
455.590042
544.307299
439.788189
528.259973
459.792162
478.845602
495.328675
464.959313
576.773313
443.076069
420.241587
458.960092
512.943194
441.130630
552.086477
528.995895
475.971230
513.775258
432.530019
485.118876
531.570318
476.724198
460.894513
482.341606
501.011656
481.318041
497.512157
475.360237
570.032310
522.498024
486.122174
418.167158
474.018803
499.447459
515.324666
414.952717
529.033894
410.500850
481.090018
486.041050
499.248019
493.014008
460.006203
459.465788
472.756642
441.248665
426.984852
482.429788
480.914973
507.802600
456.169836
456.112911
553.221283
526.717983
517.582062
468.464765
478.599070
479.288327
471.215635
545.634540
533.328064
476.179199
498.483594
504.980553
460.799119
481.725655
497.084707
547.207042
469.296770
518.207706
513.813491
534.065955
508.232176
437.381257
502.207777
492.297419
479.381144
468.776149
492.753756
429.930499
582.911022
455.443488
452.801973
463.362553
498.232150
462.154621
449.194751
500.855915
543.833437
491.646967
447.536493
509.753327
492.535857
507.190324
543.220625
427.999871
511.931626
502.182448
464.021219
547.331044
530.768525
495.806899
471.182118
488.143309
458.012453
488.407707
457.657216
490.287111
478.675513
436.374430
474.111500
556.854855
466.935472
543.633897
479.991774
517.395126
472.141176
504.609238
527.765923
447.829156
525.075392
557.460875
471.587803
464.620390
516.688874
457.385857
537.194541
520.850992
458.650070
530.003357
525.193114
530.448493
436.882570
482.284465
505.859962
550.945765
493.549020
535.072469
550.199677
472.961264
499.556583
511.130056
470.697933
506.078885
526.249172
470.683238
546.614932
454.893574
396.856057
533.969593
471.373915
459.443570
533.789917
541.794382
506.842679
424.868912
410.863956
473.749581
446.440779
423.134275
406.063457
468.869190
404.454957
449.703089
518.365834
497.874862
498.024339
467.945892
490.343115
462.819945
477.795062
510.993780
544.197112
508.041949
540.336001
437.111155
500.115860
457.232725
468.597726
570.515833
515.896513
443.000181
542.873793
506.021646
490.494952
473.145828
508.573296
464.535562
391.715967
510.867634
444.590657
493.764545
448.985817
466.556826
461.473281
504.572734
471.612167
550.635000
476.830546
579.788953
475.477243
454.645348
489.590156
514.068042
504.609220
432.832021
457.836412
511.566808
520.538553
515.258514
484.135262
541.707788
472.617323
532.878321
464.012388
483.232234
507.722683
528.581557
522.151126
485.009627
503.448532
478.725018
514.848093
508.055182
532.299703
491.922217
481.807053
497.258703
466.601915
495.950948
539.482496
545.795230
484.792441
527.158247
552.551761
458.402270
578.833862
434.023904
459.858664
516.273221
558.436530
494.312613
493.250415
520.816817
440.945272
525.738340
544.180115
418.045591
441.515858
465.513691
437.570212
480.887112
500.375389
491.859383
423.057838
434.351755
539.137531
508.165447
501.141567
561.250554
534.226665
448.490385
506.060145
397.617772
495.664776
513.183476
497.678626
517.372721
492.954975
446.491238
536.220258
423.727484
439.734636
506.752744
444.512742
478.654902
476.910575
510.310815
508.124898
446.768199
457.083504
502.199481
532.679014
507.189513
492.478019
510.259783
474.667532
538.390666
438.902626
490.608792
528.336144
520.767911
521.920438
454.766762
449.193950
458.908715
504.840908
476.876598
494.684034
502.354860
519.273237
463.176543
462.272387
515.987277
564.954118
487.786928
480.941602
507.982315
434.814975
453.845300
457.652091
528.151252
506.937454
520.951335
530.460598
447.017568
493.510668
481.485151
532.040050
510.484082
459.595867
482.126177
540.503239
522.604557
499.000211
530.172219
510.632811
484.472429
474.822450
553.287246
466.296354
467.453960
536.331595
413.388124
555.876480
502.452661
501.579343
470.155781
421.440634
536.708700
553.625146
500.184948
497.986568
473.193198
527.421700
490.400175
418.807282
558.119135
470.359003
468.846196
460.204073
540.587251
548.822234
526.352025
525.899097
511.184510
506.257239
525.760424
454.979692
549.647472
508.000656
518.763999
569.512783
477.647529
440.264935
523.102587
449.304711
547.718711
497.984771
552.578754
531.936347
511.902019
474.884473
474.622294
489.585046
514.211170
450.576362
477.080550
478.982962
539.607307
550.011098
497.605542
525.224435
539.608011
513.491392
444.665808
466.442016
440.780173
475.403452
519.647258
499.359357
503.506597
515.902006
503.036849
470.602537
528.064357
533.858970
476.830702
456.115326
438.436654
528.953846
532.216136
497.658599
478.141773
531.324409
504.584806
548.606953
585.239781
572.489816
498.010723
496.012005
517.748982
510.654600
514.709823
469.793096
456.809222
544.656265
473.760448
537.446917
485.007857
494.192503
464.351514
498.901466
463.514608
504.672959
499.909650
587.137833
504.225412
538.661129
495.629291
406.769498
536.874916
487.570418
525.069512
527.208048
553.784900
500.647279
470.167001
538.558246
485.663390
490.763924
527.343720
429.102663
511.407503
452.047552
441.167365
465.442053
482.906401
530.355736
519.949512
494.354662
417.563011
484.370506
450.897353
558.979459
533.015927
401.746240
434.906392
504.042091
521.542157
453.189288
444.827824
491.447913
493.650079
518.339999
495.206881
486.738082
536.463120
539.000366
477.986552
486.963616
568.846981
436.589402
489.265287
426.272925
526.041880
460.815183
550.806529
536.311487
574.214326
462.854225
535.864912
494.583360
508.838512
492.466793
463.646950
429.175097
486.827910
475.802897
514.881075
469.342632
443.875875
468.327336
530.955851
418.027893
492.397389
557.707243
476.229405
505.726297
543.345833
497.212382
535.057002
544.678854
452.812504
452.586715
450.513835
527.930848
520.736442
459.979402
457.185068
503.260566
537.234560
441.911055
515.121557
451.178204
544.137346
467.073870
511.021836
390.693751
485.943754
488.889894
515.795045
497.299831
487.901514
499.565267
447.151620
529.944294
419.431452
463.739508
507.547021
462.651759
474.903175
518.513835
447.453922
492.688910
464.606336
446.313707
528.641426
466.725039
470.124562
448.986739
493.181071
462.308411
515.254428
487.159032
529.035361
450.375096
524.848624
508.364375
518.317738
477.211564
453.516296
467.335365
506.498513
466.945154
505.910338
452.786088
451.569370
529.412250
461.020444
492.871453
449.397656
453.455096
495.724827
476.284609
515.357924
586.740395
478.880899
483.067507
490.062020
490.361194
490.733351
468.916790
532.970966
506.449839
481.363393
528.195305
514.011984
505.613126
512.640946
481.807715
485.509630
534.596761
524.637674
497.137779
548.394640
545.866595
511.770158
454.556874
513.000732
532.270081
503.258182
497.196619
478.481225
506.981137
491.252596
522.483332
509.420978
530.020626
510.541710
490.736367
451.509189
484.477056
514.251815
521.004050
502.398452
479.603814
509.560194
491.822247
565.072328
502.756333
437.275089
493.951757
524.501497
472.567891
513.701115
462.461951
445.058846
588.250733
425.826319
487.804434
484.784130
403.331997
505.469638
512.351021
509.603244
544.352631
493.823578
447.728525
579.694955
534.945198
529.128297
507.281079
470.035298
423.618250
494.005369
561.998291
517.312831
472.488332
490.244999
565.403099
511.285288
528.707726
477.488709
482.553141
495.714001
518.717245
553.614638
503.665778
493.440133
486.542563
510.424384
499.609920
527.924473
521.361585
522.196547
458.703405
504.738706
486.559731
492.817872
526.479542
525.319303
444.248951
513.252990
503.592509
545.179029
501.613497
493.558628
527.353315
471.613090
514.361677
464.154604
439.877072
528.410618
461.982697
566.989954
462.208207
483.809480
511.419088
408.063100
466.216472
542.317428
422.107952
520.244846
516.424435
499.616269
547.859798
447.597205
481.418322
502.402628
527.387695
461.068216
509.550654
573.237683
520.008842
540.312716
516.847438
522.265559
542.744932
453.681451
538.305827
482.780670
508.866613
454.866619
444.272337
526.764067
490.341370
481.007441
481.154240
480.538189
449.524570
502.926256
465.579967
478.859673
467.363663
410.780333
499.368943
524.102134
459.506668
496.267866
436.602868
451.984270
468.699168
485.558525
496.596731
512.116643
461.424849
486.693869
438.667319
505.094929
495.988187
488.796578
438.815777
442.031384
510.938409
409.348817
459.103893
410.275868
502.129948
541.251145
522.335734
449.780867
532.342573
456.097048
436.784641
435.413914
499.332172
510.487016
456.240994
539.707426
493.785436
518.550882
508.572666
436.446403
517.754377
497.166395
472.582427
481.738885
541.839040
425.925617
454.157067
431.714768
435.631469
535.731784
523.381393
556.124202
419.632279
488.961609
427.614063
453.335399
502.514223
494.251981
529.140374
505.798586
549.441136
518.348009
420.410311
605.017442
461.658970
448.726293
496.237188
481.313338
441.294044
517.589917
527.894584
504.620236
473.476464
508.319331
474.693947
522.498988
484.756121
542.584866
517.258388
488.436720
456.084085
490.758556
474.581248
454.208088
482.072730
476.846038
475.307741
493.315626
484.761266
518.243094
484.737299
450.130288
434.127894
529.019510
515.050463
446.461327
527.949910
445.300886
508.631363
523.829084
491.376427
472.473646
500.950491
508.236570
491.093340
513.756234
489.595979
448.473853
500.983539
500.970824
497.685545
523.160714
497.733016
506.571296
541.758563
489.378170
425.285447
513.607760
567.559605
523.780270
479.298718
428.625478
466.220751
511.867559
446.931314
449.173996
476.714831
488.293662
476.949304
486.841703
477.410946
482.099313
452.988009
474.797324
500.653883
551.450513
438.361408
564.864837
512.346237
429.447374
477.426653
516.762441
444.696630
506.654388
480.330342
526.776377
484.321665
480.932918
463.822325
540.642580
475.883390
531.951447
467.225348
437.643750
484.291860
468.041464
420.948864
421.462085
509.253060
502.023198
500.109895
481.348611
541.925691
504.806529
491.888259
461.719068
439.136860
453.659914
518.804250
505.773105
521.608378
458.777224
553.293862
450.709745
496.897448
504.123950
494.860854
490.832034
452.145724
459.640646
480.379332
398.950294
531.831189
463.447007
499.241368
506.136999
500.473605
566.108466
506.444023
439.986342
433.111152
488.338510
465.087821
523.699717
466.453480
472.374287
443.838016
452.626862
539.887923
428.136550
425.962644
518.553328
410.257527
459.244294
518.942669
442.495000
467.356576
539.175199
523.548381
428.813917
491.713052
460.532291
465.325509
471.488401
507.126366
424.926169
546.840445
537.613548
518.737730
516.751703
527.160948
418.317425
555.658085
491.603622
460.890494
482.816903
443.842663
509.384982
484.358226
506.911524
468.671985
450.122758
466.133687
549.688391
525.546283
456.003557
484.252947
511.468245
486.270035
494.199942
418.995469
528.777510
457.900126
472.284976
550.030692
506.104875
508.740040
486.318146
482.584404
477.480142
490.823871
494.239999
511.711036
481.863348
462.260295
527.058086
520.719794
455.158982
473.741664
484.602964
500.650704
475.450765
538.394590
474.122311
442.853173
463.137808
524.328397
501.895521
486.036012
482.628608
497.638552
468.129951
525.567659
520.461661
415.480015
445.687810
549.170360
410.818165
501.697548
460.349390
494.381561
454.509071
451.224509
503.565507
444.508253
472.084864
480.166682
446.183285
529.746733
539.837324
499.678178
494.080406
519.657740
461.531358
520.939429
460.781656
458.762651
449.078463
439.834488
459.960881
411.028350
429.589422
481.564506
435.026279
553.062560
511.609355
523.074756
476.100788
450.087992
454.485681
493.796710
506.319047
527.480074
545.642239
566.568468
471.783647
457.288100
462.474196
474.089577
554.734974
519.240948
431.392765
493.490841
465.256557
484.048699
473.163787
469.856165
541.131383
427.053989
442.907944
489.878752
503.268336
499.719296
474.353549
469.105109
445.308593
525.162372
538.523082
510.000946
456.790969
530.855916
437.263337
473.116395
454.812091
452.355392
541.646952
458.355297
457.390417
471.062749
469.986450
456.239465
480.501598
414.634291
430.684644
537.786485
495.621111
529.973626
473.095513
446.308524
484.439713
520.892983
554.500286
464.821886
477.256237
481.831842
476.414677
495.459741
523.088573
466.848711
430.998031
448.641463
428.540210
517.145860
522.992952
504.642154
466.722773
553.201886
462.839742
522.858043
431.791899
518.987233
518.266832
507.478356
548.758530
535.872456
530.620960
519.103696
423.687157
478.599134
583.355367
452.610576
503.187231
482.586781
474.833739
508.152299
440.988109
494.623365
523.130349
467.249119
545.085782
541.476380
477.227292
539.957727
470.907887
525.386198
544.135080
459.464761
425.132291
448.154592
477.343067
584.759141
489.864224
613.692468
423.092632
493.097097
452.125493
511.045732
466.253371
430.325068
488.239575
546.563233
478.082438
481.400950
535.207049
513.335659
438.452334
467.835918
544.012388
520.081953
521.549284
467.993611
441.628908
443.832355
467.602156
466.945663
483.818221
494.101348
535.794092
426.075466
499.331884
531.072387
474.860884
460.668157
499.131029
529.128848
503.915019
461.047305
533.947727
500.765763
481.471216
465.901043
492.473042
425.333144
471.671560
521.366658
484.636978
442.447070
525.727513
526.805830
452.996963
493.309307
425.334577
507.141448
521.663293
503.074330
534.046418
479.458854
446.948842
501.173183
511.757868
434.062669
508.405711
468.314081
460.435068
481.987277
522.214603
473.367509
504.333853
501.510549
443.609508
530.311555
403.685376
518.696505
512.895315
530.083992
552.681202
443.995246
471.995665
507.546714
463.345228
558.275615
532.198788
519.135576
496.059299
479.471970
473.559548
539.034624
484.980606
452.586567
552.824284
510.855439
523.474189
489.196476
449.565384
517.397944
512.600583
463.935535
511.666822
506.159867
459.057770
433.363429
528.544798
549.391442
442.392293
496.835261
565.551722
480.498325
484.164542
496.125158
450.645416
457.220908
470.614480
555.059400
476.891066
522.835996
484.810895
532.915643
489.828375
484.611898
522.118364
443.154271
516.145274
519.396031
457.778925
496.868294
468.864749
516.149399
430.327427
516.647896
445.366026
468.230512
492.548779
502.981861
543.405700
494.514068
428.799671
514.302341
489.974032
560.683333
467.447712
499.936750
473.949213
524.662508
525.215788
439.245836
482.674478
497.055072
438.187676
504.877966
489.048094
587.190664
468.296443
485.359781
496.004254
484.222648
419.804010
446.233162
514.043717
480.921673
527.554495
547.131139
537.833596
469.335012
561.862758
533.789748
466.701736
533.912088
470.131285
409.276191
451.097695
559.411791
512.504790
432.219238
503.848493
459.954019
436.194609
514.164947
514.132322
507.742384
525.533673
575.915089
521.799948
481.166083
568.820610
484.522225
491.581520
502.594977
500.780640
516.447920
528.722666
546.735004
531.457823
574.354700
481.630871
429.481361
522.437304
491.468107
505.222771
499.601334
567.577990
508.505070
504.429725
515.555344
429.168619
539.273632
500.403061
511.907664
443.096373
528.446375
493.919099
417.587766
425.096508
475.698110
492.859082
500.650345
537.497523
484.197624
533.786475
483.996692
418.073866
496.827802
533.769608
549.810031
476.549873
491.238764
522.808957
497.303051
472.395757
454.091990
448.046671
424.357991
542.030049
481.080323
565.154688
500.173230
491.711657
485.923543
498.436991
473.744864
459.909348
470.894222
528.159736
479.511535
540.198684
497.606413
515.048047
464.457423
505.662074
517.055791
430.216847
515.534858
486.942458
471.496008
520.751615
540.434724
486.197363
424.543366
468.825964
467.011032
417.810392
487.904173
532.581640
525.607954
470.784258
427.390690
453.324473
546.761297
461.030760
482.374371
501.652464
485.019243
474.737486
516.060543
497.794351
518.890126
495.798913
460.579327
461.384203
470.321403
530.675592
420.624417
416.805163
488.800336
459.651016
465.523464
453.896546
410.087178
570.570851
524.637795
426.327031
531.766219
510.346947
531.961224
487.538486
496.746495
570.299876
552.565787
506.321531
506.791778
490.961057
432.619457
497.934128
508.467681
458.456615
482.323957
534.081053
549.105412
529.475902
518.483911
472.454830
512.972365
471.213126
507.923638
466.380538
471.587252
489.232456
414.025550
485.374241
533.316930
477.515289
440.447073
423.107054
469.223553
469.778699
464.731417
428.133164
426.843799
493.652590
524.329800
524.547767
465.100352
568.270521
454.906626
436.279104
519.466224
519.991587
536.567228
524.093142
522.782386
552.032374
572.484050
433.472431
549.689984
456.484095
496.558156
466.675653
534.242775
551.483350
504.442483
516.694646
535.086212
525.799437
554.370714
553.551289
503.350445
472.586459
508.270035
449.871592
448.621614
435.263775
473.254020
448.070436
453.025881
526.162609
484.496334
534.460349
476.750459
412.343966
527.049367
453.517778
561.655963
450.097597
479.846944
538.952945
535.325051
541.788151
406.365627
462.675903
554.217724
434.614331
524.213076
522.319059
463.914199
431.045372
527.621838
410.764724
548.424666
479.249775
505.696543
527.039759
536.844906
558.245610
541.299633
505.170812
493.101889
551.937993
490.572174
482.539049
576.571554
455.242771
505.655414
426.418645
486.612368
470.963268
554.154361
480.102721
442.079390
477.054683
450.414834
498.429727
519.679145
491.586770
462.379827
502.964097
543.804780
432.539611
499.457063
449.102942
453.401702
535.966679
448.751288
399.042398
472.506599
458.696644
502.144107
466.660535
457.988815
433.862843
538.533120
463.095233
530.667591
542.699262
536.537474
546.100655
516.249725
476.335312
499.663531
490.285048
490.986838
513.931475
471.231317
484.627037
474.926145
449.815795
527.426241
482.377884
432.101654
442.164644
519.325242
533.495997
500.783718
506.629453
484.611796
543.545046
499.793230
478.748965
460.351256
562.402227
466.301227
487.988670
487.504350
523.100907
480.642569
480.515858
442.369901
454.725036
455.456928
478.156035
507.091711
413.112519
478.117939
479.056101
437.982702
460.828715
418.402884
478.812919
522.749752
422.286369
489.815384
572.999184
497.959638
477.828078
448.150985
459.801747
451.827814
527.481935
514.838414
490.364574
426.080952
455.232559
483.651711
469.553808
471.459592
394.705434
392.863748
522.052776
515.431480
414.312272
500.763410
514.096532
486.823657
481.070617
524.388029
554.095243
475.078394
497.124855
464.996698
400.671431
532.143641
448.570131
498.176057
444.191453
468.887651
499.655919
527.552999
570.610674
434.747124
502.591476
506.428434
515.922750
409.140974
479.512476
452.630359
525.358022
454.725329
423.192501
441.086756
479.646537
519.183906
572.458445
533.968320
466.575784
515.338979
528.005933
515.804004
473.354519
528.605055
528.958179
523.996830
573.592188
540.598012
493.092416
463.089176
443.161298
510.398290
544.675514
482.075310
517.675420
493.161452
536.308616
462.759760
539.609917
529.363849
501.641892
501.067007
499.670334
460.987233
430.769183
473.418800
515.880447
558.544422
488.174856
501.528754
462.470222
517.779710
489.644937
440.293191
546.193510
473.281782
462.948249
488.827202
433.736660
489.248054
494.671112
470.939231
535.704572
486.177421
537.157993
428.601263
445.514929
434.939767
499.163075
489.362118
451.316608
446.740136
502.867392
435.805073
428.938803
473.116910
499.335148
452.677126
437.295310
582.937828
532.925168
428.997895
451.797526
481.267371
488.722251
514.892885
495.067413
474.967861
438.171403
491.310864
485.372973
492.849220
479.416659
484.841435
524.033741
495.566245
478.890631
474.993112
475.183363
486.456829
434.493455
486.567306
504.733965
541.155574
414.767681
482.533540
487.745326
452.985044
485.459605
507.223780
490.456788
539.224908
449.688995
514.008623
443.131386
513.984651
532.757409
576.267421
482.274260
481.379655
509.933308
482.394399
535.194421
487.990498
485.825089
576.660150
490.971956
405.654366
448.378145
523.916359
425.720038
523.292465
