3.536372
0.530932
5.166673
4.946553
9.429272
2.638112
1.812690
2.257853
4.545493
0.264343
4.220955
1.189692
6.057934
5.659955
6.465938
3.684460
3.839850
4.332660
3.279360
3.547102
1.672798
9.152134
8.750056
6.385239
11.611723
3.473332
10.395253
4.869436
3.219177
4.060071
11.800069
15.258620
9.150866
9.331708
18.392887
4.719511
5.668770
2.039243
1.202341
6.590600
5.136296
8.633335
0.629440
6.369808
7.629269
4.148413
0.282653
6.257489
7.635162
7.589951
2.101237
4.403987
8.401895
2.990247
1.399161
6.159094
11.248832
7.062740
0.710013
2.195137
8.780095
10.234333
9.450735
0.069560
1.240452
4.260863
7.664427
9.605054
8.910962
3.611323
3.725256
1.842483
0.482688
3.214400
16.162172
4.289952
13.279946
6.351679
5.193562
1.784399
5.126934
9.286209
2.545763
4.083432
12.467802
0.944107
2.186379
3.052777
11.223148
3.899269
5.089303
1.778664
1.833924
1.534540
3.218522
4.203234
2.873482
8.780463
3.148830
1.148597
6.825115
1.881486
6.761548
7.742536
5.585585
10.918001
8.475913
9.665187
9.469363
8.016345
5.330467
2.375599
4.059861
1.697795
8.938079
8.323222
2.257290
0.603305
1.905932
6.329505
2.779200
8.939214
0.046089
6.249608
7.721316
1.872756
1.547365
1.378006
3.242896
3.006244
2.758184
2.041980
7.670979
4.168540
0.139491
3.107955
2.091773
3.398497
2.932552
8.260990
9.635987
4.338804
1.482898
3.925898
11.935654
6.089802
2.910812
1.670302
1.955902
14.540853
7.124420
2.070995
1.587646
0.761440
1.186739
13.731076
1.384066
7.654899
6.609720
9.481482
7.402108
1.324928
8.097513
4.663210
13.731742
11.016665
4.880836
2.612454
7.629435
8.323837
7.014169
0.169448
9.909913
8.860158
1.963989
9.697536
2.441585
0.742454
0.662454
5.537743
4.600587
4.478405
13.197669
8.130605
5.277011
2.497066
13.088349
9.943771
7.398866
1.976879
4.453658
7.090468
12.313390
0.608358
9.447656
1.858794
4.217667
4.876872
9.629598
0.556580
8.540148
10.282742
0.395314
6.866947
10.726569
7.676737
3.223113
5.462072
5.931639
1.815815
4.042425
2.080878
11.224729
8.930504
4.250454
2.628600
8.318263
3.705017
1.191949
5.895992
6.319281
3.439034
4.588252
2.989633
6.387994
3.585553
8.373312
6.728722
9.171522
14.089890
12.760023
4.742732
2.603460
5.933364
8.959491
4.436344
1.744133
7.528130
4.660763
0.532757
5.639259
10.384412
1.090874
6.460115
6.901916
7.354050
11.713438
1.037283
7.969273
3.011327
12.124048
8.589903
0.134529
1.588171
13.224358
14.403631
4.638187
10.028876
4.446425
0.034173
1.327895
5.098390
7.875875
0.919348
10.911611
8.606450
1.587338
5.849511
1.672370
12.073106
11.454873
2.118511
9.883904
0.407618
2.235706
8.962137
4.373310
5.846506
1.924084
1.512586
10.458907
0.814001
2.923986
6.039105
9.839365
5.045663
8.499142
2.186886
6.812477
4.849023
4.858073
4.505233
5.752180
3.634693
7.437433
2.974747
8.995376
10.243400
7.876610
9.184038
2.756310
8.210010
4.156017
10.347476
1.889587
1.398044
3.687291
10.920637
7.814906
7.472744
9.830882
10.688121
9.240076
8.092993
2.185006
1.416658
10.062190
4.405477
2.955456
3.044672
14.530863
7.957194
4.765856
3.034594
5.079888
1.998851
0.730867
0.146996
13.441084
9.082347
9.556411
1.225165
5.151521
0.829007
9.098654
6.376504
7.361938
8.367683
2.904455
8.038072
12.783734
9.020249
3.524185
9.269803
6.871970
11.880983
0.813381
4.420584
6.550455
7.484244
13.041585
11.190603
2.448955
3.874283
0.956901
4.084232
1.265369
10.557085
6.336341
8.818505
5.224278
2.040665
13.368757
5.946295
3.851945
0.397266
4.410634
5.457442
0.264369
12.852756
9.175340
4.318776
12.205319
0.330554
4.557061
4.080465
3.246372
3.546925
5.981417
5.473788
3.854127
12.201832
0.713045
5.984735
3.255734
1.933786
2.422209
10.223420
7.406679
6.609121
10.987222
4.718121
3.679147
4.549192
2.817628
10.610201
10.019299
1.931901
6.725764
8.489998
4.833534
1.168198
3.323708
0.606045
11.023820
2.440941
14.984037
6.579605
5.324457
1.027163
1.636314
4.414941
0.673676
13.304693
6.413054
3.446168
5.139065
7.694323
7.419057
0.943469
4.267199
7.391967
6.842144
2.857634
10.770426
6.488207
2.142004
5.622643
11.083824
6.403773
2.417975
8.849161
8.994979
5.504785
1.575365
4.377923
1.980280
10.238149
6.868462
10.536212
10.819576
3.673471
10.835366
3.261765
2.492642
7.440704
9.208156
8.337133
2.247728
4.693842
9.707915
1.553657
4.451562
2.190893
8.719875
1.358696
1.052108
5.079875
7.160325
10.678687
0.425982
5.661883
13.704305
10.476743
7.327367
12.625555
10.114223
3.799676
1.276398
7.480305
2.040150
9.897451
9.248632
2.354251
7.827189
3.020551
10.226604
13.970230
1.011994
3.505700
7.379203
1.107496
5.882367
9.464469
13.816438
5.408315
4.047739
1.868676
14.591426
10.505365
0.477206
10.140310
1.345747
8.248194
8.015946
2.367008
0.358100
0.303871
3.453862
7.529083
3.803277
4.378254
0.116944
14.471115
8.093569
4.614135
7.809404
0.765930
1.912914
0.024891
9.774029
12.217371
2.630816
12.222416
9.601466
2.165415
0.502454
1.347174
7.171937
8.928422
2.816001
3.493795
3.845552
0.351610
6.340866
4.459227
6.638599
0.895343
8.488014
8.344711
4.501362
3.142679
8.747856
3.290637
7.528123
0.032168
0.668353
0.784643
4.508051
4.445819
8.818381
5.354115
0.841267
0.152851
7.103673
2.975843
9.574028
10.269272
4.958254
4.567550
10.570107
5.471245
2.344299
3.464266
0.398138
3.091492
0.469025
10.849151
2.203444
1.920997
7.165947
15.383755
6.517899
7.582014
0.936250
1.736793
12.259648
7.460837
4.447072
1.792409
0.090257
3.145728
6.586056
5.532718
4.416060
2.415354
3.539115
6.158455
2.776883
4.630799
0.082735
8.116948
6.272263
8.653575
4.493873
11.940741
0.336372
14.280850
9.238314
9.478821
7.833587
3.404754
7.751287
0.281006
9.880836
2.002437
7.111522
1.419163
7.343953
3.204289
4.667695
2.564215
4.489804
7.919816
4.779115
0.900996
8.332409
2.593516
3.308916
4.631322
8.091819
2.139971
2.817654
0.464420
0.398421
1.054111
11.482932
1.189629
0.125748
10.068065
5.145857
7.015990
3.238782
12.401629
12.230662
0.846874
2.173360
2.454618
12.361059
8.354229
0.187625
11.230194
2.151298
5.125308
6.181838
6.751344
1.010680
2.559270
7.612690
6.266770
6.738531
11.053171
7.278040
4.052570
6.383795
11.216719
6.986368
0.455724
7.433352
1.505921
10.653110
4.571348
1.605475
9.371783
4.706664
2.055270
7.872633
10.303007
8.695284
0.485448
7.566179
0.587814
6.504777
15.609509
1.800236
8.774190
7.047214
7.981294
5.128319
4.114246
8.848499
3.330177
7.803803
9.448668
10.500617
1.696890
2.215441
1.328444
2.566563
14.121509
2.599102
1.599901
14.568080
8.995627
9.810186
1.389393
7.272899
9.647209
6.377076
4.765147
14.458004
0.558015
2.548649
2.238266
5.297461
4.443791
1.009644
5.961021
7.332353
10.281736
4.583183
12.114943
7.202512
4.759363
5.025650
1.760262
2.678405
6.561320
3.270858
5.595715
7.188521
2.257548
2.636101
2.726725
2.888729
8.236236
10.299098
11.577471
6.902401
8.934489
6.026588
0.120442
5.280998
5.188859
0.293235
4.942497
9.131112
2.814326
9.478754
11.592423
6.268828
1.290128
1.399264
1.684832
6.909141
5.206212
4.034565
7.218031
7.668623
2.862180
9.528895
3.140434
2.579200
4.263404
9.388910
6.026967
10.001010
6.908896
1.372282
7.415168
6.563705
3.033100
7.321981
0.421878
8.012006
8.508977
0.703524
7.423937
0.025198
7.038389
9.428283
3.264356
2.709066
7.477470
2.577419
7.206608
1.722905
9.389107
5.370110
8.526816
7.603493
5.395556
12.821205
13.212402
2.941871
1.753537
5.552944
5.382104
1.522209
4.630311
5.216718
1.977498
7.885316
1.689954
1.629991
10.236480
6.547963
8.359239
8.118269
7.881042
14.654252
0.125889
3.563210
12.433021
1.563562
9.998157
3.397652
6.257352
13.981587
4.434712
4.608511
0.333214
7.744274
12.572913
6.164486
5.028658
6.209611
4.481110
0.253176
6.514110
0.649529
7.689009
7.646112
1.687186
3.855145
2.809844
7.610738
8.903275
4.730251
0.241172
2.155995
4.139385
4.747438
5.663094
3.401980
9.223129
9.375977
2.667930
5.932013
4.121609
10.468617
5.181217
5.709943
4.898124
0.679233
8.522553
6.072839
6.013624
5.418786
10.913918
4.799877
4.069807
12.571278
12.429369
0.132069
6.363520
1.707006
2.172600
11.912235
2.992860
3.376848
1.890702
4.143705
5.692804
4.069073
7.150833
5.246249
6.456500
1.477596
8.976587
2.638989
5.830764
4.922970
7.153439
11.791198
3.882178
10.378410
3.308710
5.189506
2.373594
6.415287
10.481335
13.607443
1.533960
0.179662
0.867263
2.669854
6.471320
3.330584
1.154330
1.962367
2.829172
3.795611
12.386026
2.094163
0.615475
15.565221
8.124578
11.594064
3.679205
3.898062
10.456420
4.137646
9.536709
0.629312
13.051178
5.659898
7.935708
5.636015
8.699041
9.976604
2.095145
6.088151
0.304372
11.213247
5.667222
11.153667
8.690759
4.325623
3.000287
3.265133
1.575902
0.641950
6.413701
1.792693
4.961062
2.398832
1.956084
2.047351
8.443983
6.591398
4.387984
3.829398
1.923601
3.030477
1.941103
4.638876
16.899347
4.694789
1.988909
9.798129
2.908222
12.417793
3.868503
2.028756
7.991254
11.207251
3.311714
11.838092
10.230721
3.940766
3.353116
2.818563
5.855047
4.211322
11.087131
12.007546
10.194053
7.207092
7.010408
0.088262
6.880847
0.626207
4.577315
2.854315
5.005918
9.731489
5.641462
6.214421
10.647029
9.614892
4.499208
12.720219
3.106002
1.260374
8.040370
2.251334
0.159679
14.225073
2.366103
3.726700
0.001210
3.366615
7.618900
5.430045
1.669475
4.001512
0.039460
1.049624
6.820156
5.673635
11.559590
1.096884
10.506054
10.994511
1.974260
5.920507
6.371897
7.875824
2.939896
5.679427
6.598510
4.233589
2.779563
7.073854
10.497223
7.051538
5.885308
11.234325
1.280120
5.349546
3.654895
4.182451
14.494498
10.726041
12.060260
1.261135
2.856315
11.589683
12.620145
7.500649
4.291826
8.521586
6.275582
6.329118
4.388792
3.178068
11.223888
6.217006
10.069665
0.658974
3.065439
5.641829
2.415070
6.252547
7.272975
9.388660
0.138757
8.073763
1.068151
12.548976
4.600269
3.884799
2.573588
14.104822
4.246691
8.369796
1.763273
5.478704
3.605905
2.769660
9.812481
7.679245
3.995453
13.916020
7.240570
0.438325
5.486369
2.441762
0.554758
2.050120
8.837789
4.082651
15.119242
1.990877
6.009666
4.617282
5.267510
8.071032
1.200645
15.389069
5.836714
8.646436
1.596748
6.157550
8.303636
6.763398
1.859945
5.904013
9.114316
2.975649
4.240712
5.652816
4.999212
4.717583
5.690192
5.533497
9.630188
17.378460
1.287214
12.926015
12.860359
2.283316
10.992699
3.710293
5.626206
5.896832
2.368545
0.984931
4.480027
8.248961
4.851560
3.501940
5.668853
0.564202
8.424178
4.921967
8.258713
10.266778
3.407819
9.899028
13.999404
7.738320
3.751045
2.995582
4.422783
2.243534
7.964695
4.212751
10.651687
2.412724
2.908933
9.502332
8.954439
12.419702
1.225625
8.663527
1.803475
3.683632
0.322984
1.411319
6.374731
6.117183
12.178926
0.241701
13.394337
13.940350
2.380334
9.204476
7.753433
10.627556
5.737138
1.711859
8.307498
13.563505
4.871537
14.834699
4.350152
6.902291
4.839868
8.036095
7.204250
12.085469
3.832560
2.139625
1.165517
10.880049
8.066989
6.794426
1.667301
1.147099
1.143267
14.968157
2.652299
15.079420
0.362549
3.392322
0.020524
15.845724
4.605808
5.338486
7.644850
4.326458
9.811712
0.472851
16.386530
9.529929
0.664104
15.064975
7.003417
1.866459
1.113786
4.974684
14.839918
9.178934
1.793304
9.722546
11.671363
3.252850
1.252859
8.085081
3.005831
10.901755
5.096299
1.739254
1.066162
9.784232
8.066935
0.129312
7.281822
12.569812
8.474841
11.462384
5.301105
2.622956
9.644323
8.894650
0.612688
0.067550
6.924709
3.153958
9.936060
3.086577
2.726100
8.826269
8.043683
4.097943
2.604333
10.976215
7.733107
11.679490
9.074696
10.896449
4.351517
2.407764
11.597850
16.464880
7.519467
8.735860
0.453128
1.789886
4.482645
6.333221
3.880242
4.283270
3.369635
7.668089
2.474426
0.547506
4.403813
2.576315
5.042815
5.442934
5.467546
4.258140
4.085750
5.984274
9.236463
8.464940
4.581411
9.350641
3.897929
2.314471
2.139418
2.503736
4.420705
4.331002
5.333321
0.455073
11.893508
4.535619
11.067216
4.918588
5.278379
10.514290
2.308334
8.926926
2.281237
12.446386
6.318022
3.063506
10.006568
1.563735
7.900008
8.395745
3.484986
5.390687
10.103970
5.855978
10.155819
6.497764
0.206817
3.777990
0.155025
2.340103
4.718903
6.795482
5.649138
5.886010
14.091101
3.804244
1.106762
0.439533
2.632176
3.449734
5.590175
0.284911
4.427628
8.533344
11.551363
2.264429
6.421771
12.095677
5.588038
4.811908
11.521662
13.495561
5.707940
1.462959
4.071619
10.431956
14.910814
7.329184
11.668847
3.445121
13.607361
1.683236
9.759289
7.386533
6.596081
0.096245
0.213866
6.364656
1.725444
5.763946
0.999026
2.838995
7.745803
4.757564
3.310839
6.849038
8.809977
12.271904
1.080951
4.553763
5.296076
10.465079
11.286846
9.440961
8.040399
5.869509
0.342140
9.248300
11.949093
5.946071
9.774055
8.074919
5.735499
8.725519
2.293989
6.913946
2.963209
8.946175
15.248372
6.496046
3.481041
16.244733
1.982776
10.147459
3.310547
5.698169
6.043923
10.630886
1.460163
1.969758
8.044974
4.193491
2.576232
8.922912
11.787722
11.170829
9.218214
6.512912
4.674685
9.357272
1.533545
1.753691
11.753031
7.116647
4.032312
11.856596
6.792233
3.031810
8.154361
5.845111
7.702325
3.340224
9.121058
1.518674
1.258949
9.802104
9.318265
1.227961
3.982571
0.826669
7.420211
0.803477
6.671718
3.785707
5.828174
6.639134
8.655553
4.095959
9.122881
6.706681
3.896930
8.671407
15.245368
9.288873
9.144985
4.038761
5.466574
2.760315
8.486456
2.241716
8.086859
4.960650
3.686052
10.565642
4.234213
5.882428
11.168572
3.473551
6.454477
7.401310
0.512576
8.989106
6.091950
4.831012
7.649182
4.794233
3.708112
11.020967
3.016377
3.860831
4.263638
2.649392
3.957905
4.577613
3.292108
3.480541
5.487161
2.101506
0.883420
15.015737
3.378204
7.516860
6.222625
5.378511
4.901729
3.888365
1.797226
9.130143
10.588499
3.909215
4.120745
4.334801
1.647269
3.049794
8.319225
5.327817
0.222633
6.555358
2.783828
3.014588
1.705055
5.495798
3.654349
3.433760
10.206750
5.649089
9.902274
2.034666
8.671380
7.977445
0.099311
0.592158
0.682246
11.330128
5.087955
0.741724
7.129575
2.592701
6.170858
0.904329
2.859199
5.586780
8.406675
4.273749
13.006331
6.948823
0.479779
8.250554
1.974165
11.370274
12.163343
3.995447
3.670859
6.391268
8.925435
2.838188
3.202265
5.478111
5.064187
3.242249
6.716375
4.386014
0.833513
6.115165
3.518674
1.579702
4.536810
1.734432
4.490086
4.835141
9.408247
3.118660
1.523046
7.276403
9.386699
11.983782
1.759708
10.114123
3.366121
4.038580
2.622101
7.922123
6.647519
1.500147
11.044755
6.679667
1.666895
5.693173
14.804903
0.979308
2.695101
9.260602
1.302139
2.656648
7.266734
7.197530
3.878739
9.844535
2.093724
9.316215
3.824915
8.827170
2.093188
7.050802
2.899468
4.224062
0.621241
1.099696
8.975778
1.273335
7.349482
0.483266
8.513327
0.089971
8.432043
8.586914
