1.495596
17.569220
4.779862
18.305565
23.400036
23.027994
10.090370
24.672308
17.337513
15.579333
6.066585
1.329673
15.237345
15.230158
5.358604
13.913127
7.927278
4.299845
9.189134
11.597384
12.608247
7.212521
19.002409
22.592309
8.183430
14.810471
5.246290
8.833002
18.520381
7.551796
1.892803
0.901327
11.336376
14.345757
21.895915
22.564192
14.686124
11.103606
6.402981
18.167739
11.736527
12.842225
18.777590
8.793891
6.145475
2.944100
14.940637
18.511878
8.594006
27.174894
19.217490
7.140567
4.244454
11.557093
1.273635
17.494237
8.026816
24.115781
18.982954
6.340491
14.572513
9.566367
11.434047
5.400941
17.804992
18.656210
12.227245
19.951728
8.786753
6.640282
4.657242
6.633635
30.618271
23.588826
3.645988
12.277926
1.275136
13.907662
11.922562
11.729784
6.641638
26.862469
7.705618
15.534991
17.595780
15.261666
18.464101
5.190469
20.490030
14.644429
12.989543
12.190346
3.919709
26.211219
22.850341
13.263771
7.873994
6.588132
16.949386
3.671549
15.399353
1.798313
1.941895
6.601536
6.519408
3.337681
24.564553
15.345853
8.301558
11.441578
8.652354
7.744807
24.150303
3.409046
16.483647
15.065621
3.316209
0.874921
9.006941
0.343808
9.441440
17.402567
8.925232
7.183188
11.414237
5.983557
3.973384
27.503325
16.347863
11.556125
9.408089
17.657076
6.659591
3.616478
7.714594
7.940997
7.724216
10.645627
10.856750
16.412639
19.690609
15.852521
4.326907
20.187374
0.732286
6.784627
7.778362
18.538953
20.540605
18.860507
13.893043
17.509212
2.290739
15.721678
5.012872
2.166913
15.779209
10.269041
5.740282
16.914656
21.360899
26.369332
11.688928
12.966540
2.808303
12.735317
6.776949
13.646092
10.705930
11.213346
4.070352
15.357056
11.225054
0.026791
4.236342
2.132933
3.613309
25.685777
6.460000
10.220450
5.414049
10.706681
19.657564
5.146329
19.816780
5.123435
5.542415
22.068256
11.613480
11.081022
28.134937
7.709414
12.997075
16.736395
11.073950
13.944101
24.347572
9.817049
0.855686
2.021468
18.155308
18.967841
22.383244
10.793668
6.615110
14.572493
11.332121
12.972362
7.301062
5.851743
20.381767
3.500440
18.204036
12.512708
15.093662
14.905509
12.057630
7.672373
0.413865
5.050552
17.783571
21.434591
6.676176
10.409811
23.517578
20.103981
16.062286
5.494342
19.253054
20.093052
4.929431
16.686797
2.846078
24.129272
21.763898
25.109439
2.148645
18.256893
20.468973
19.766616
22.009875
19.477207
22.780755
15.740193
5.203694
10.292689
20.648482
10.983273
16.230008
4.584933
10.561165
18.883391
10.402548
1.552752
25.088181
9.558759
13.389101
18.920382
12.155919
15.985611
18.165577
29.095611
23.108456
18.014534
7.367281
16.511695
18.341377
16.526918
21.039187
11.517368
20.328766
17.655465
4.269845
10.733724
23.192345
11.641954
11.535964
9.038006
12.096321
21.779304
23.006329
14.756008
14.065186
6.005142
20.186047
10.718351
1.177880
0.921920
19.617677
9.807978
11.223030
9.684466
6.100273
14.448209
8.170557
9.558533
9.020783
2.516754
14.846147
8.452561
21.330761
13.695103
5.814264
10.516228
9.219116
18.070665
22.723764
19.162164
22.928536
15.427497
4.734160
3.408233
3.492945
16.090600
9.436568
11.372272
26.127500
14.709879
0.667484
3.347624
5.608475
5.478989
27.091831
15.778876
19.438028
18.620937
6.927427
19.851648
17.393064
12.244482
4.767269
0.594971
13.483763
17.115771
21.385657
10.107002
10.537759
13.083798
17.311967
20.986859
18.099633
23.583212
17.442279
19.978427
24.640537
4.813224
9.936658
14.067279
13.938524
12.535838
17.220027
0.271546
2.841481
9.767087
7.859641
12.124251
6.693398
15.709457
16.508876
23.417829
8.504147
6.025495
19.788473
3.663327
12.861038
8.958998
9.708952
24.868469
22.736182
8.642560
16.886924
0.405820
6.934412
13.078328
12.290740
10.720594
5.081925
11.725576
14.232762
11.981820
1.392545
1.800916
6.606752
16.981311
4.563639
7.241169
6.816100
15.393270
7.751134
1.598512
10.303397
19.977752
18.564828
14.210435
12.397882
15.508172
10.246230
2.026506
3.606130
5.910682
14.658458
22.059302
19.226241
6.751638
17.480293
2.551202
8.026777
13.781230
16.977673
6.658601
11.499670
21.605047
0.399527
9.743935
14.003588
10.751609
8.608841
9.996270
12.767583
2.154922
14.884018
0.859537
15.137630
31.081292
1.318679
15.870040
5.432425
14.782252
11.201662
13.754914
7.250787
17.670209
1.598970
5.382675
13.454526
5.752583
13.342196
16.006363
22.429086
19.308603
1.823217
9.464006
4.707906
4.743430
14.638618
15.556702
7.593602
8.919469
14.166169
9.978057
6.764416
7.204671
4.761132
22.579953
16.074480
14.412251
17.224575
19.046488
22.026604
0.893984
17.051378
13.327703
19.671949
4.459312
22.703580
3.893981
9.595597
10.787422
2.945939
24.726691
4.933520
20.184868
10.441632
15.414921
20.457567
9.143925
1.361619
12.897613
0.324441
8.355228
4.609987
20.523292
10.390299
19.584040
15.413156
4.627944
1.374539
1.393548
0.995687
15.553850
13.671438
10.722086
22.106624
10.304903
4.269189
5.610842
