118.297215
112.146174
139.296155
113.766642
129.249482
146.795434
119.091238
144.735376
158.749912
118.757390
107.560758
133.552022
146.523253
134.552471
131.082892
149.559230
132.708379
129.136548
121.108274
127.808689
111.252620
116.934872
112.984828
128.587338
148.818676
115.875897
108.300883
128.571994
123.962815
133.698798
156.367238
121.458947
130.090497
136.493646
126.958714
136.205602
130.891989
136.037562
116.615570
112.057947
127.683132
142.668924
158.893302
124.982410
132.477762
128.771052
136.902168
109.029535
137.613068
130.846899
143.819176
146.239734
106.366927
122.771311
140.193732
134.713965
115.781984
83.797130
130.728406
128.047841
124.150660
127.815534
123.087921
133.942644
120.158936
127.508781
137.121081
131.648853
146.946351
122.230759
113.137313
136.533674
136.680723
122.788290
105.841214
126.916077
135.641522
119.353718
134.401931
107.480172
141.554871
111.928373
105.678175
130.017453
138.677766
130.902027
119.335590
126.547777
150.126442
123.840724
115.151609
116.385185
144.296125
125.123337
146.085483
133.714667
135.942757
132.914495
124.982743
131.540855
126.333219
141.473320
130.014090
110.375594
160.141517
149.391075
144.647218
138.977467
156.523331
138.210715
140.642893
103.834148
104.487607
130.557677
121.192891
149.005402
129.876738
111.916028
132.993931
125.884939
151.682245
89.222599
102.122709
118.410746
98.224577
122.146754
153.318227
142.740915
130.961770
143.123360
129.262456
123.474833
128.903977
148.304722
153.785847
126.141749
116.615277
103.162286
128.128664
129.968799
136.087640
127.518742
132.544920
123.233995
95.547545
152.261903
160.173017
143.058234
106.357579
120.494736
106.682252
134.897375
114.897151
127.800971
128.553726
133.812322
139.539450
134.240070
125.236925
143.900971
121.584453
120.703990
112.645554
136.706587
136.524994
121.749323
125.570641
136.337687
121.135700
155.054809
124.126608
114.632934
142.014544
114.449249
127.553088
142.424423
113.524095
128.793841
132.971293
124.403279
98.470267
120.519234
133.224211
123.221940
128.206828
133.207641
131.254724
114.056091
134.916853
131.585184
133.387059
104.459177
143.040022
109.858598
126.318591
127.659260
105.803889
139.387639
141.290099
140.431737
134.663729
129.296684
131.628501
116.152016
144.809597
116.870648
146.483553
112.933805
138.773156
115.952012
115.342376
91.204879
134.881368
128.637057
123.125741
122.596301
118.404499
138.465957
141.520959
138.272623
143.817274
116.204606
129.883194
102.876651
144.156899
131.347927
124.077960
128.139999
125.997363
133.352846
114.658700
137.938732
134.404020
138.247004
134.357289
114.761033
124.757315
136.994705
146.829191
121.871067
102.936572
141.032224
150.525528
135.855896
136.460887
119.271581
115.897630
125.467459
120.881098
138.405058
146.746288
126.328637
123.746960
140.470550
151.188558
117.642882
124.148564
124.725033
137.392803
125.873898
106.394421
129.686044
115.951459
129.075722
122.567507
162.495620
111.594134
118.841281
144.576186
129.776261
134.029400
140.803915
96.168670
124.924995
139.991041
130.279714
128.889390
126.962008
139.808031
136.712272
123.695847
128.580164
126.748109
118.712658
132.989914
123.967079
100.497851
138.185820
92.635110
144.589733
135.166847
142.084219
128.473944
106.277386
128.665010
119.599345
131.257225
130.024232
133.669599
105.166885
136.651341
132.367315
127.570963
124.109763
109.986283
110.171403
104.661378
132.641585
119.513337
133.855889
122.761460
116.494963
135.070917
125.241128
150.615829
145.945081
132.113130
136.027879
148.234502
116.854987
116.382680
123.137059
135.200035
132.506053
139.128598
133.816548
133.261059
115.182297
143.176966
99.649550
168.569278
110.186636
116.361646
121.735102
117.240361
140.521918
143.035401
128.140731
121.241517
127.095527
140.210522
132.494125
142.217706
101.008730
136.497735
130.402761
128.806896
131.829290
122.400916
141.811721
105.110959
138.325089
148.156864
116.842910
135.441802
128.917254
102.908515
130.466342
108.011055
121.304849
121.449957
121.004872
91.399777
130.108323
125.205317
135.160413
133.992049
154.829147
118.606540
110.626172
141.387658
115.398880
135.136737
114.900523
112.497036
137.398792
117.813739
139.325944
155.636530
119.092906
140.472315
150.894752
151.187902
149.689533
124.996870
125.701089
132.919248
137.137215
116.028192
135.989973
134.202428
145.045458
144.314945
131.862017
136.404373
139.885236
127.857362
132.450021
134.613076
124.333969
140.850391
108.308572
127.033280
115.756933
137.160256
130.403872
138.926312
132.215662
111.945755
141.489719
115.895688
146.082416
132.047839
131.841176
157.468118
137.022267
125.901455
144.360598
133.600256
140.566440
128.051524
124.735578
142.690823
143.003571
123.755546
120.703025
108.842390
149.607233
119.716663
128.465880
143.035063
141.645187
111.298338
125.718198
148.166431
145.017189
135.857048
122.889791
151.842023
138.113082
143.069235
121.817015
131.326477
110.274664
104.047812
122.017557
128.451978
150.266395
103.017751
146.056091
118.423602
125.760659
118.458611
144.351698
133.682103
102.602537
139.931264
107.149524
146.145133
140.637712
134.489598
107.668630
121.716165
123.309248
106.085464
110.924339
116.729397
135.418258
131.497510
126.439816
123.401579
156.509888
128.020491
129.374278
123.451351
103.347079
130.901773
119.193078
126.351915
98.066484
130.752268
121.999054
145.456686
131.535953
125.371371
146.736512
134.658435
108.920042
139.824042
118.780653
147.673826
110.763032
103.606098
149.935103
105.206773
124.737499
95.240024
147.510660
139.813017
144.496445
106.432171
103.352726
150.339223
132.822976
99.862752
138.566014
99.313182
119.319709
145.750340
105.372796
118.876225
140.194450
142.952430
151.809631
138.775877
133.600364
130.073310
122.315608
138.097536
141.484071
128.667976
131.715061
113.180733
147.274191
117.157719
100.216454
115.855863
121.118376
137.234233
134.700668
138.577489
115.847881
109.104223
135.551338
134.354291
124.318818
118.892183
116.766793
141.995507
117.603526
130.580061
111.464198
149.993416
126.317889
134.913094
132.474949
137.266503
115.169362
123.048468
146.692860
136.142715
139.598765
120.377906
151.450787
149.945134
146.012072
141.286068
150.337007
157.926368
119.631190
143.929418
100.936109
118.424925
130.032481
126.595632
128.547871
147.734397
151.079441
149.524412
128.987702
106.975786
148.405013
140.247740
104.076896
121.224095
123.051529
124.884186
128.444983
131.531894
142.996449
155.058251
111.844346
108.034955
150.271882
134.095693
121.996896
117.740087
132.423626
128.136619
116.104149
139.740103
141.883958
149.867973
88.096385
138.228264
145.591138
101.606558
130.131877
133.841953
138.567375
137.769618
132.089005
115.977568
125.747117
117.968854
124.788414
124.547146
112.503186
125.988776
133.235200
142.435744
153.492060
130.833258
117.518159
122.479575
125.792592
109.994839
135.237755
143.972938
131.306651
134.040084
124.006464
105.747971
131.723253
106.921968
125.814146
145.570120
126.143864
125.718839
118.828307
137.919732
102.969097
129.860514
119.745635
118.217382
140.879245
133.165305
112.704262
137.867054
137.200960
136.358126
136.369907
104.463577
137.726440
106.823232
129.916469
128.652689
132.522762
135.856354
125.801763
97.414113
130.115968
124.158058
126.025488
147.476390
144.788976
136.085722
134.344663
137.208548
111.629618
124.863684
129.129899
123.947398
148.349966
140.096942
117.182772
144.011736
121.050428
134.557037
122.321229
107.121492
114.555707
119.074649
120.461047
134.185039
111.148511
129.809150
116.624481
117.549560
135.145524
116.982034
123.211218
110.181437
143.295750
132.105522
119.379223
141.115408
126.015482
127.974104
139.426197
112.899228
122.530603
131.816198
120.473682
120.332739
113.358437
133.389557
128.439702
103.809623
136.385720
139.575893
142.136133
121.920726
130.803594
130.405811
136.737651
152.023440
118.700237
145.287969
113.748930
125.401266
131.627522
127.536056
123.930797
125.212257
103.511905
133.358586
123.160556
130.099489
121.686405
124.765914
141.467570
137.081769
133.664057
125.334125
122.424157
142.298684
126.344893
140.597848
126.231685
146.337957
146.697543
115.584643
113.499565
128.148158
155.524673
148.369344
122.043596
133.304609
138.906908
145.167899
142.285619
127.706695
133.324043
130.713753
125.635542
136.132776
137.283455
106.397486
129.897795
124.831086
140.437484
129.513815
142.542826
136.016909
127.927396
135.556274
131.989045
149.094728
130.111097
134.423650
130.051635
166.861984
136.507213
148.455946
142.496207
139.142049
117.877564
126.945589
131.343475
104.380250
119.600497
109.973840
122.605878
144.762261
96.179920
110.623740
146.268264
126.460711
112.723442
152.094363
119.330178
149.842203
119.581318
134.196676
153.612783
115.667054
129.257951
131.449225
126.574492
131.366401
116.408120
137.907222
112.114477
122.045671
135.444348
122.517224
112.961393
132.599023
142.910564
148.697243
108.746479
156.139576
127.703098
101.679859
122.877403
131.307591
113.272442
141.809839
123.197426
124.638709
131.962496
110.883191
121.206895
147.601110
118.221986
149.789415
129.962870
109.114151
117.362137
142.572417
105.509596
124.418869
148.067879
113.282431
150.930858
101.771309
136.554194
152.417842
113.077305
131.575083
124.318721
129.244755
137.839021
141.703855
102.033221
88.712210
121.400456
112.756933
93.719160
156.741250
142.726858
122.343546
129.133068
101.432819
132.405885
109.273243
149.251362
135.348972
132.313000
134.248284
128.914200
118.284398
135.397776
117.537905
101.760601
133.349471
136.492263
132.451107
118.785959
112.886758
136.202319
113.155424
126.108007
125.721752
110.694897
109.235757
146.728360
110.142337
144.137021
134.694765
123.597590
118.045435
117.578560
141.048173
116.051361
128.274141
143.211787
106.970434
122.370970
124.316053
133.386695
105.649139
119.700542
137.448840
146.299218
141.349151
142.733335
120.828170
123.786966
122.533651
123.821420
150.666947
134.202919
102.967650
130.520630
114.907852
116.350937
137.812492
129.547427
149.719584
98.666712
142.792174
134.351508
122.835199
116.042241
145.821782
98.963280
105.338179
132.382929
144.889430
157.576419
123.162096
99.985503
142.539200
141.512349
142.347663
125.909616
158.162433
138.109640
149.170539
95.544062
130.995782
131.630340
141.075172
124.179459
105.829018
134.272609
111.385789
123.071617
141.105497
123.897239
129.523648
141.748639
146.214460
142.467704
118.253255
98.268413
115.220007
123.978154
136.736470
114.677778
144.206580
97.135755
108.448247
131.883971
145.946058
123.674210
122.279654
135.058383
131.761804
118.673162
106.473271
114.570075
117.387188
139.442255
117.420809
130.567264
128.895676
113.821121
122.926078
139.470993
110.850873
102.023353
147.148604
142.077093
107.710404
130.314797
131.230182
111.868655
138.145222
128.210826
127.913926
108.912499
127.190580
131.101243
122.509341
141.067870
123.717403
123.609381
149.723248
129.654940
120.589983
108.921568
122.286113
130.654890
120.207010
108.544704
140.033749
119.659115
146.788478
120.765216
104.066412
142.162397
146.863602
133.433062
150.674634
137.607745
103.850065
107.577385
137.156807
107.544467
147.591695
141.371486
125.600413
127.583687
130.846649
118.806831
127.958734
91.160323
138.698195
144.686523
110.176804
121.172837
117.386793
146.440491
143.628405
140.348619
114.829302
126.104152
145.513992
111.693800
139.844515
126.344821
121.079883
153.875689
111.494926
114.114508
121.062122
126.926898
133.115039
118.748562
118.223050
129.176183
98.964679
131.856226
104.913573
142.331480
119.201593
135.563339
110.122453
113.786496
115.589853
127.674734
133.920978
133.446354
125.275736
120.075100
127.086265
109.396190
132.768490
133.185431
133.585309
134.792201
117.079520
144.821676
105.831274
127.604803
152.817588
114.923856
146.920887
132.674194
139.520135
149.886321
109.769806
104.421722
141.535013
106.908376
125.648342
130.429216
140.222125
112.991547
123.059989
126.443196
101.836297
130.981772
112.061750
149.612418
132.646384
163.845172
117.458257
137.929986
121.443379
126.662816
129.181707
116.203891
113.810913
144.810962
87.104170
121.479559
126.722019
132.993211
136.496154
163.210824
119.437203
128.998781
136.020183
117.126793
150.170363
122.135317
118.073571
129.213855
115.384256
124.698249
99.949896
136.100917
118.213376
115.564240
114.165988
118.930151
128.311192
128.825672
124.716229
127.685219
129.427039
111.400588
125.472641
121.213876
113.392343
128.785225
109.040245
118.851394
121.678294
126.007160
117.363080
145.374793
121.788280
138.351141
141.226711
139.374506
125.463421
131.141316
155.152126
124.600206
117.561996
126.596305
130.120485
112.408282
120.262675
134.009393
141.785624
105.094809
128.417117
145.048086
130.746878
121.758100
129.914186
134.015613
139.672169
109.637197
123.975041
123.370042
139.755874
139.982582
112.873032
127.967619
133.878738
131.460879
128.874556
129.388247
143.007137
137.539217
147.620241
131.015480
124.781124
133.635866
142.734258
140.789182
151.234502
131.010298
107.172787
135.950899
97.911590
140.391337
149.790529
131.268613
126.997777
131.864705
106.897774
139.266648
117.761378
108.013877
123.844639
126.618988
113.395760
115.126163
130.658876
128.421353
137.105194
126.400237
120.656815
138.200647
126.111634
144.628738
101.751960
104.624269
146.348740
133.184166
119.197748
123.080632
112.607010
131.211043
121.349700
121.307417
108.597342
145.120086
114.099006
112.290472
137.972749
127.536129
120.770102
148.473712
132.294805
131.705480
125.915758
118.048485
127.980776
104.860338
127.141695
111.753154
100.915288
155.047259
122.140880
117.118210
134.627302
130.537644
140.948605
144.989104
119.330190
112.815376
126.452603
105.796951
134.391186
134.880431
133.943707
143.115704
126.044405
125.177171
130.018594
116.285463
119.450706
130.313565
131.543123
102.225444
110.682658
112.776315
130.004283
141.943170
138.754638
157.868490
126.960298
153.605172
128.218132
132.212087
109.676269
132.713791
116.619120
134.241273
121.360395
118.242568
133.258703
103.678301
129.757856
106.607921
145.597273
116.205577
121.923637
152.369047
99.332335
137.800432
133.951620
100.346930
127.491420
132.798335
122.370605
117.716447
129.277087
134.229908
139.461928
130.036426
136.944948
100.382773
137.629953
126.974122
138.976466
114.604731
146.869747
123.746528
110.921890
128.450327
131.326085
119.349691
131.834140
111.276370
129.257638
128.341542
121.432470
129.617138
133.119264
128.606579
112.976716
111.105913
117.847076
132.453138
136.127047
135.911032
129.120234
124.266050
138.881899
115.483855
122.262495
117.296155
104.174744
132.781002
120.956091
124.999883
141.650262
126.317561
132.503440
138.214044
111.824351
129.932372
107.441634
136.071425
132.730197
135.228261
143.420541
120.104894
121.084738
130.830258
87.943491
136.805833
122.704718
126.813863
143.569501
107.601923
125.845832
111.683222
130.469500
133.973323
130.487602
119.403978
123.380891
151.916545
124.566699
146.187329
137.753497
116.076641
143.769158
112.690730
136.770064
126.184832
133.955788
109.036793
122.535837
128.516823
141.941963
151.274157
101.267843
129.358907
107.086131
96.425298
124.839542
154.178692
119.226237
147.534220
140.604516
110.747358
146.499625
118.972643
141.785068
120.254928
122.634399
109.853718
98.866645
131.357654
111.823302
113.455813
138.985606
79.574463
135.778302
120.495369
120.585971
117.527408
145.419631
134.182575
137.318962
141.230907
125.765490
140.727221
121.133012
119.306355
109.304489
121.787771
135.879860
130.788967
159.470430
141.612974
96.116898
139.991977
141.706175
129.909650
120.349039
129.530173
109.378762
141.999039
161.492107
99.164535
110.594745
111.692368
152.235985
135.740789
110.072243
115.758112
109.873470
113.434088
126.120652
133.364999
120.718708
132.017458
126.099148
134.910209
131.187586
119.977116
137.783335
124.612200
123.784457
138.403530
134.504666
147.899354
129.430377
142.788584
145.004825
132.000709
164.522355
130.527545
126.437989
142.408995
129.578828
147.221080
120.878160
117.027882
119.450302
128.097804
143.643186
144.961030
138.275524
126.226263
139.705822
126.058840
126.662289
117.876562
122.800229
121.827263
129.606854
111.926787
141.082463
109.322548
138.571080
124.475384
149.345449
152.313248
132.449568
123.044861
112.183518
104.703153
105.023290
132.684694
130.895067
121.685026
123.676173
148.372999
112.051063
129.692181
100.198863
136.643923
86.449651
138.653153
115.015463
159.987378
117.169544
124.305586
119.842432
115.540134
141.329386
143.908208
130.727994
127.487808
154.503471
111.173343
136.158998
144.746744
127.015937
112.547644
137.598812
129.781103
107.755775
136.066325
113.256518
119.404116
138.993318
131.253816
113.588019
128.325634
128.329484
111.690790
123.224166
131.837032
110.417717
136.244734
148.093772
122.077773
137.490698
147.207814
129.232899
109.934499
100.952955
128.832634
155.942997
134.598493
135.804185
91.245241
118.769990
131.734915
130.926821
140.853036
119.122325
127.995973
110.510073
118.274439
117.822164
126.024784
112.040323
124.483354
117.611987
133.772351
109.754738
136.637647
134.690576
135.575653
149.472048
152.026886
120.009260
118.401229
125.736939
120.835848
145.926934
140.538608
136.407550
134.730711
121.510783
117.358640
120.710675
100.026478
88.283240
134.521220
141.335245
130.281804
163.162178
143.242960
117.540252
102.541418
124.613740
137.503488
101.854893
121.887997
147.788223
143.385785
137.788705
130.066592
121.816286
133.733208
128.146066
128.086913
117.800323
132.392473
129.618923
122.494813
154.427740
130.661285
111.968396
115.943334
138.655789
142.301147
122.746276
112.600175
143.446881
136.734900
130.956680
132.323342
155.881624
108.088180
126.942670
113.053024
103.366009
135.460571
143.780559
96.294225
127.016543
114.312770
129.613966
127.657030
138.440539
133.067889
144.180327
145.155537
123.949069
143.063843
127.038429
132.771823
135.132223
112.119308
164.681307
131.220193
123.541540
114.900760
129.752306
125.551879
146.160690
