40.438112
23.674405
37.614870
42.573412
48.620367
45.025017
22.679918
55.628038
42.221521
27.741664
44.626750
40.475242
20.302522
33.604313
38.653053
42.013231
24.843070
45.768523
32.724702
36.393859
32.175132
48.649715
28.480436
23.683492
37.579705
23.685898
25.272386
34.166091
31.814832
43.873566
31.152302
28.250068
24.739415
43.388653
40.198142
42.180690
43.782737
30.891575
39.117508
53.544928
48.039119
32.286414
42.194793
49.798742
45.992577
43.422558
27.676855
39.770527
36.309841
37.052346
34.847530
48.527267
33.487881
25.970398
31.252432
51.200689
25.693035
28.341031
24.920264
28.553516
41.776222
24.060266
44.017227
30.020521
22.193576
44.345038
38.209838
46.064301
37.275601
37.745435
22.521466
40.167149
29.028792
29.709222
28.065924
43.660553
49.043451
37.788817
28.296968
44.880718
39.457465
47.622970
35.629052
24.882342
42.021023
40.783080
28.977465
38.355036
32.885937
37.802651
50.876069
42.214745
53.272883
47.739171
35.363774
26.245126
40.938818
14.869585
20.747701
37.080450
16.613903
14.030612
25.389816
30.495323
33.071778
37.318392
31.681222
21.752375
39.918030
19.293084
32.595134
44.173938
23.254110
36.631637
28.889360
46.981716
50.536508
37.587313
46.913032
52.445228
27.957783
41.834464
44.652670
30.561762
34.511229
26.381060
21.651920
45.915543
48.462720
32.395762
52.458934
30.844183
37.681153
35.006640
44.135847
35.240164
42.447326
54.163228
46.945152
38.881061
53.196906
30.425253
53.927580
48.925895
23.118613
39.992844
39.873769
27.453179
30.409923
22.253811
37.761013
40.015596
33.121468
51.460346
38.591031
32.649183
30.731629
57.300787
41.269468
28.105274
47.405562
31.704040
31.500423
35.512128
55.421670
60.781356
47.332608
48.756322
43.047446
24.256136
19.259745
57.957345
30.490550
48.158433
58.392453
30.242213
42.079508
29.501455
37.640762
44.449382
50.902063
27.148512
57.345408
45.404464
52.854014
21.430827
38.116179
33.876245
38.614053
32.510947
32.557729
52.892621
38.937649
28.168457
25.002407
38.895828
42.498710
51.928049
47.154291
36.379356
25.361591
45.782078
40.763371
33.937252
35.870429
41.296028
26.304117
23.513499
37.219601
29.898350
29.858779
27.670701
62.269931
37.912368
52.942145
42.542944
34.978879
23.686395
29.288131
48.687118
47.128522
30.573274
35.305801
37.637148
48.087869
48.356492
35.167022
41.046646
16.063615
50.746671
30.775465
35.937452
45.736890
41.508872
36.307096
34.510345
39.629940
33.226233
40.473399
59.749539
16.729298
16.997040
37.739815
22.520372
29.480288
58.190886
42.095185
25.104473
40.851084
24.195056
33.922295
30.493431
44.067165
28.522663
21.029398
41.742212
30.100236
39.953632
55.323077
34.869147
53.031502
37.734820
41.414711
40.492592
18.345471
40.199213
37.453612
29.236690
45.176650
33.730748
30.852530
30.044985
21.578453
49.701205
37.068272
52.048844
40.865069
21.215193
40.186685
29.234101
27.216640
42.220010
42.679446
29.450198
18.777443
49.628005
34.172270
42.658739
32.148844
32.394780
29.938098
60.145806
21.486831
36.155174
30.238503
38.138196
37.774502
49.612132
29.180547
39.478013
55.557892
31.916357
47.400734
54.556292
26.089135
48.195060
32.240864
28.386130
38.118422
36.615363
26.473753
36.239015
45.740315
44.093845
49.490798
21.409226
34.992815
22.030109
19.030473
35.524190
34.051215
41.178011
33.500081
21.407334
29.459536
27.384676
41.684545
33.829177
32.412915
30.055452
48.960159
34.196354
42.319724
21.211422
53.634527
50.062300
16.734003
29.373985
33.351700
37.413134
34.584986
27.078811
42.894058
28.961970
23.901662
33.714022
44.420223
30.520818
33.936667
45.529070
35.211682
42.033643
30.333425
31.390590
21.971819
57.764145
32.941300
32.852414
34.866479
39.285470
53.281204
37.036095
48.485963
48.461588
36.370906
30.062619
45.698407
36.301918
20.489628
37.005105
23.444620
21.829696
29.710552
37.621209
38.759278
29.423649
33.281647
42.870330
43.774652
39.847087
27.017260
51.389055
30.401046
39.333111
27.646148
49.389933
30.187536
43.600872
38.629217
38.226451
51.545580
53.240273
32.812461
44.468525
28.809648
49.063804
35.934902
44.323759
47.300502
56.531183
45.829113
28.540327
40.366460
26.984925
48.336829
49.171860
46.806302
55.618124
45.049215
38.271776
22.645034
44.095454
30.630661
48.245339
47.749261
41.983097
44.955319
25.765993
34.572726
28.569196
36.489322
40.586107
33.354482
31.369545
29.055804
50.187245
49.109897
32.181975
44.779243
53.845083
31.374591
28.053065
42.882135
40.635098
51.955442
28.057683
30.314608
31.563998
35.330841
27.173569
46.388406
47.082811
39.759502
50.888900
35.212285
33.604479
42.842641
46.205159
28.760385
35.926204
35.131333
49.231117
51.320597
35.674741
34.228251
43.555712
41.573294
30.425707
48.985324
38.793159
44.635397
54.590927
51.128856
28.341367
29.390995
39.808730
28.414017
25.302206
45.515551
34.034446
35.391357
50.693442
45.662944
37.675649
40.647701
22.832972
31.583766
25.166254
29.750802
46.922917
39.530152
29.474230
31.064289
34.113813
29.092512
34.808503
33.881521
31.946994
34.854692
25.058622
29.159649
49.205743
41.183996
45.401448
27.458087
35.080345
37.502553
40.880345
42.190546
35.369044
56.154484
47.483500
31.211579
30.297694
32.376401
48.910904
39.511906
29.901080
50.263799
47.970848
50.720742
39.747318
45.714013
46.384580
39.050653
42.393588
35.379291
49.874356
34.431471
26.170202
39.132149
35.576595
52.165666
35.472978
47.849345
40.019487
30.860354
36.137391
32.891591
43.886133
12.411003
26.787678
58.441981
33.323808
32.073351
44.566084
33.603819
39.978498
43.612869
39.970796
32.424093
52.098781
41.813960
43.888213
34.034101
34.309418
44.560773
40.145624
33.162526
50.398368
48.626213
40.474332
31.258395
42.697402
48.517507
40.664447
32.304101
34.714615
41.607357
37.068678
43.565278
29.728362
37.018423
34.181243
30.887907
47.337630
46.563450
31.119610
45.292299
41.768214
54.736203
40.900315
33.116455
49.818315
30.273575
25.773904
46.411581
17.789899
44.066209
39.786640
41.946750
23.182079
30.207274
38.022580
30.364161
41.064516
27.240463
24.129774
40.845761
48.724460
44.590334
40.207527
52.183884
37.013608
45.652510
39.386687
37.344437
33.814612
46.227260
44.934201
34.938803
39.477060
42.106441
56.260514
36.071197
33.987639
22.721381
14.025744
47.460647
28.234655
26.998167
38.414228
37.076509
43.950925
26.416210
41.312851
37.517011
28.703116
25.481116
31.497866
28.761096
41.338744
33.078278
38.184591
21.027620
28.749798
47.768793
33.974166
40.210090
37.414734
39.607222
24.812085
29.639940
16.764719
46.856197
39.761957
49.946174
29.255253
44.156327
24.151601
53.353955
30.391496
27.844023
41.780116
26.056917
19.759299
34.975464
42.893099
43.043190
26.298103
41.853003
54.308692
31.122815
24.211317
33.759928
39.060531
51.797196
27.281435
29.552316
38.316395
25.203258
46.731694
31.811380
34.707019
52.410889
33.481932
36.909011
33.989515
52.961203
40.438864
40.712606
38.069036
27.908981
19.748756
39.305035
27.521659
47.867519
39.196139
30.338822
35.570213
66.074534
40.375794
57.200696
31.143283
29.057046
50.235445
37.689866
40.987934
24.354659
52.756712
24.062462
25.166674
35.119055
34.756876
43.206697
33.519767
24.585170
40.634972
34.557507
38.447932
45.488444
47.721645
17.271288
21.227349
22.451303
27.855866
37.163026
39.850227
46.868878
21.748828
46.973330
45.197160
41.981665
45.103669
48.720518
54.682093
55.214227
44.086114
53.543187
39.393086
50.044618
31.221794
34.151844
39.058928
44.881536
30.299131
59.779656
35.360211
30.660501
38.213886
40.270913
49.149259
53.846116
40.059695
31.744613
48.124166
26.879829
31.402671
30.523393
43.931836
38.092272
40.485519
44.645788
30.959122
35.773297
33.050103
35.147275
26.206606
44.823023
26.060454
23.437779
38.105726
50.722428
46.276330
34.577218
46.616579
36.417148
53.134637
42.865596
27.472959
26.514329
28.984210
49.108606
34.231119
36.552993
53.115475
29.889704
36.567499
44.089118
35.058335
32.923070
38.169474
36.384614
33.581441
54.404690
44.274632
21.480499
33.034164
50.873964
46.620408
35.022912
41.510833
54.092092
48.535518
42.142716
36.897669
40.424266
33.610342
37.482065
51.031291
43.406762
29.251696
32.074593
21.498279
47.856836
32.055119
24.144961
20.112712
45.754678
19.683115
18.909845
51.202903
52.853956
50.161536
36.050115
39.014193
52.636132
61.712631
32.262394
48.169281
27.753920
25.878984
29.384659
33.113858
41.545057
43.196214
19.751060
45.997934
26.072777
32.045504
45.070835
22.488623
40.153804
48.816835
56.730560
32.017826
18.659661
31.746631
45.516037
47.753727
26.547306
30.591748
30.115583
43.922603
39.287472
24.045162
30.741945
31.523880
45.092577
40.690060
33.484050
41.745361
46.675841
46.966824
48.524321
42.640229
51.685375
37.531086
37.503359
39.312283
41.597710
47.559258
49.389695
40.095871
34.879213
52.842449
35.165537
49.791126
42.259237
35.346959
26.242556
34.625681
26.330123
41.286356
29.867250
37.330198
30.878964
28.841249
34.710672
41.679391
44.100248
36.104266
35.103887
49.649787
47.749621
36.322831
45.853883
33.565475
43.503139
36.840581
46.705494
13.960347
35.102019
45.917863
50.164178
35.049373
56.629304
49.325870
47.043744
44.844512
32.466707
37.020307
33.028277
39.751033
37.013170
31.373480
22.616195
39.096661
39.884084
27.979212
45.890941
49.075071
39.400226
40.801876
37.853857
40.219288
22.881995
38.736460
34.577891
59.625103
30.410934
46.368717
48.658191
26.644815
45.562471
36.374430
45.260774
37.517902
39.204346
19.053131
29.613802
46.972109
37.871155
25.774767
37.098851
35.220892
18.824345
37.838806
46.044226
25.709217
31.798523
