115.192923
101.922294
81.413887
85.448313
92.494039
112.578467
82.919949
122.112432
115.611060
106.476794
96.218169
102.840074
106.338112
111.225343
116.013541
76.951966
107.649766
101.884776
81.712713
101.103043
84.088339
114.245957
84.511981
92.253409
127.356119
105.642788
118.727312
124.963936
114.898902
118.947420
120.820704
110.904833
122.029221
100.542450
97.555231
109.003665
120.828155
127.614208
97.688212
97.368044
114.724918
91.346729
111.239391
114.700950
82.801584
102.835532
121.538016
120.480678
110.251083
117.498334
118.194957
113.483888
110.273030
95.463918
88.666711
121.316738
93.295773
85.255103
86.802615
91.931351
106.966942
123.304481
102.233236
120.484193
109.114403
105.028037
109.633115
105.119166
97.315633
98.115903
114.128967
122.581496
82.811906
118.049211
129.084180
95.860697
84.983239
93.097350
107.156483
108.235709
102.798088
88.862623
118.875126
102.055610
106.835045
97.276095
92.895804
119.838359
93.433253
114.162885
104.078630
95.022228
92.843358
103.699627
95.515718
104.477566
101.336515
115.441822
102.379635
93.648741
106.189501
123.589620
127.464684
98.436608
104.370670
106.112723
108.820079
106.470512
108.541719
102.815813
102.849043
93.622776
110.070769
97.965646
95.695245
126.220625
106.498269
126.379768
124.381612
125.910242
100.045001
98.713050
78.527464
75.316376
118.371134
91.156206
90.321881
107.215390
120.223506
67.333185
82.577468
112.065202
115.279501
104.412195
112.152320
101.859358
121.230389
87.749104
82.075416
79.142090
112.451048
106.977635
90.563613
87.157742
119.088430
128.053257
97.548226
139.488451
119.700948
84.372944
112.699451
83.183241
123.284195
94.810063
110.683832
119.544650
59.844657
100.247288
110.208667
101.092899
127.375173
83.104446
99.681462
84.584922
106.155038
106.875745
101.297013
86.687789
97.815046
106.635224
79.943770
128.701315
82.881970
127.663272
74.180985
122.817561
108.892354
103.303906
93.803924
91.265575
118.962993
109.748261
109.598688
105.712559
107.048233
77.639249
123.961661
98.409753
114.949152
85.210610
98.831088
112.976976
113.990102
134.497681
117.828872
98.455761
138.199947
96.508438
108.971938
88.651284
130.623505
84.266943
130.040970
94.085730
107.522197
84.909412
99.365137
76.653415
108.085598
123.026792
115.736752
120.321206
130.843616
114.725836
112.895785
92.616462
88.474702
116.178293
108.575454
76.713115
129.511619
101.727442
129.944889
93.705565
110.575095
104.240792
100.075846
92.384682
107.693300
116.314316
102.125713
98.732649
122.789391
98.503079
111.895727
94.568283
82.998991
78.039678
75.139641
83.915047
100.629545
106.129406
93.185236
136.498345
121.369930
127.842869
120.998097
78.043147
113.170477
87.626651
106.865069
128.530998
120.373999
100.419517
111.788315
96.260335
127.361161
121.839581
95.712108
95.217606
114.442369
86.149947
98.188016
111.508404
121.630605
112.817308
90.235548
92.933495
128.984313
126.498173
105.020181
118.312383
111.456610
76.926170
115.089964
112.652412
92.859756
93.261105
79.939922
89.314131
124.579730
112.683704
101.381188
91.665407
102.136105
99.498061
110.080599
94.397854
104.826164
85.698215
121.369685
100.548797
110.767061
80.644799
72.850030
116.354470
94.141049
97.622060
103.330019
108.595840
95.393182
109.533696
106.444816
105.405542
125.859776
113.273464
101.766327
108.892776
113.400410
83.520479
100.134720
110.131258
117.039180
127.605659
89.452568
115.207516
137.906277
104.727486
100.913243
97.927997
92.788294
105.907637
128.449551
126.144127
102.644480
102.011737
107.606929
128.063567
89.986597
121.803454
90.198274
124.892362
112.637701
85.165529
118.077944
108.874261
114.397633
92.371555
84.749749
131.748835
109.088277
119.837371
76.393972
97.469417
110.208621
111.195012
112.871008
82.215489
110.282300
101.462049
115.306215
110.044487
92.649669
94.260396
114.175066
100.502519
115.739648
124.254139
115.889814
117.029514
112.253508
131.866589
104.734222
82.774422
105.897429
105.951045
94.537146
113.352564
105.955005
116.291898
115.839606
101.552293
117.879611
103.418618
100.593294
104.719780
108.770371
102.981499
71.965860
121.759199
107.377396
105.405069
104.626768
114.902678
86.092793
94.061038
96.183940
123.203655
134.571786
108.420141
108.453516
87.148228
99.112094
89.594712
106.971878
108.760263
110.025242
107.851443
114.867080
103.566336
119.647076
111.700946
96.687357
122.871674
110.364877
94.828772
110.666811
89.312751
108.949180
82.119453
100.760792
101.812738
107.635542
126.378411
87.747180
105.458332
98.303580
107.436408
100.396544
104.661920
89.058119
79.891550
68.187405
104.764339
105.602668
100.443346
103.127011
77.144710
85.078937
114.964294
91.883808
118.198465
99.351589
99.121718
102.407385
115.972951
100.375993
102.333559
100.470804
117.226308
79.113396
119.441038
89.018391
116.833589
101.372680
105.660519
124.448641
94.937345
109.695858
77.401613
96.134764
127.476844
118.163586
102.388575
113.948440
107.131513
102.759446
85.478402
102.023062
90.889534
99.205575
89.222568
111.793794
107.755247
88.164608
60.981994
92.594511
124.000775
114.491331
97.752764
121.578680
110.747590
85.529358
102.971395
134.259808
82.740435
99.169969
112.299944
96.095693
122.648580
130.421707
104.276383
109.081509
96.435452
105.152972
132.641988
109.424734
97.364527
129.984343
70.140010
86.260379
103.368432
102.026081
123.128034
103.759806
73.742933
103.777771
135.079368
90.396793
98.330128
124.215556
108.199231
119.337856
72.082904
90.772820
95.937075
104.659090
103.727440
98.127974
112.134585
108.697301
116.479746
105.035353
108.413136
120.782827
104.949812
121.127575
102.118037
88.000336
112.448695
112.370359
109.710082
126.976101
104.508265
115.597994
106.385234
131.810974
80.042075
109.333032
84.737859
126.805519
96.853624
110.599026
129.687903
114.129294
87.037291
109.059425
90.882466
113.595296
108.322467
102.513001
63.020500
97.141906
109.122760
120.208531
111.084814
122.080340
113.144220
119.857276
90.800982
90.962960
87.126219
119.044002
99.036685
100.712759
85.905261
102.882561
124.654796
95.755301
122.816700
112.736696
117.223299
120.453344
104.985143
105.537416
89.026657
92.502246
119.922040
113.999504
122.077449
112.630003
90.023045
95.529449
123.769305
118.630193
100.642404
93.428066
104.469701
96.838722
92.017027
103.908251
96.627606
100.967519
111.115053
79.526776
104.815445
104.790139
102.969563
110.102152
138.335583
129.368207
88.185783
112.676157
99.636054
91.291541
98.113828
122.647323
114.938355
96.251828
103.202105
79.053978
94.611888
119.946224
85.963714
111.389470
82.563426
87.269841
97.808830
105.036523
112.936080
94.699922
123.656027
97.997591
82.827557
104.189416
115.840153
102.481974
98.309272
69.695903
126.962298
95.063322
93.391438
109.523671
98.119874
102.669171
121.508492
100.890343
104.993626
68.323251
83.712256
123.150559
139.808730
107.762586
111.277888
92.346285
60.874038
96.422544
102.329452
100.157591
89.822469
116.787148
108.159828
97.491715
106.761568
96.441836
102.719296
120.392223
116.085048
96.066224
121.026248
117.138513
91.210297
127.027608
97.147372
91.124709
123.118886
105.013333
88.560347
66.492542
109.689612
98.495462
101.100500
101.612233
115.047715
109.376549
106.600520
101.808199
108.038810
108.587120
102.767171
110.975796
121.259391
116.440062
93.533061
101.258724
84.882155
112.280073
92.307462
101.609774
110.302809
114.475788
85.716421
92.338367
108.661709
123.530077
113.425954
109.593264
126.601410
86.221234
95.880558
114.627498
84.600744
91.826860
96.994451
63.169050
118.286693
88.719133
116.674787
102.394989
79.554605
111.462883
120.715184
108.828782
109.261359
136.248453
112.370374
124.545803
109.661840
111.157377
115.373192
117.261219
102.936070
98.556797
97.878191
107.174934
68.435323
101.106726
100.652955
108.139843
111.361567
92.266105
90.185040
120.954826
104.263887
112.623575
116.428104
123.052772
99.244079
113.990063
91.701631
137.032837
92.706048
94.600750
128.756895
95.671038
120.041073
97.372519
110.963848
92.692648
106.118685
105.485868
109.462340
121.295835
89.270941
103.707307
93.856922
83.826082
105.395331
121.733109
98.054895
101.714914
101.284081
92.340968
105.713650
104.168624
104.219147
107.011982
118.012161
85.028027
100.259474
92.926302
106.549616
107.493819
113.714486
114.143674
114.950191
100.017804
97.063421
106.241053
110.160566
90.519278
97.435549
77.716156
94.339313
88.942473
103.434138
105.934794
123.252531
116.153004
113.802918
99.863867
111.557306
95.651346
104.851920
113.584929
108.652861
104.130667
90.560926
117.580786
53.531904
129.494008
81.598769
95.796091
106.540794
107.704035
128.163541
96.112505
84.595287
95.517468
122.406602
119.216027
88.439846
107.958778
98.591257
108.341642
97.702072
112.795079
85.520317
74.253315
102.669216
99.854509
101.053470
84.629945
124.620975
99.339076
106.582388
122.470578
109.010213
107.313054
100.850396
100.781002
67.729652
115.557877
97.611243
102.608298
88.794332
95.508499
126.640927
110.681312
99.665124
118.552663
105.466334
103.310989
100.923162
98.093374
98.479162
112.750252
110.521184
83.675055
115.891071
107.942965
99.917815
98.435207
113.155691
94.372202
121.555436
97.721522
108.740914
98.082937
95.859830
115.984990
127.332737
122.948286
100.794422
100.964143
106.409161
106.995079
97.588906
118.079838
103.447210
86.632149
80.339788
119.918674
73.565726
101.224765
111.552916
89.789800
89.560080
113.828632
106.398376
93.250734
113.615090
95.482775
110.973359
72.062264
95.526249
109.794511
118.702157
102.233363
72.808462
89.288352
115.542063
98.776627
116.991035
109.016733
118.509928
84.928550
103.909265
114.080257
102.936897
100.167018
128.552377
72.583684
78.962701
73.333762
95.260823
89.893502
111.780303
109.136723
96.397962
134.634107
106.385183
104.383014
78.133802
96.380825
109.012006
91.549226
73.939569
118.992747
106.000229
110.662437
102.446243
101.872218
82.828516
98.455625
83.081015
114.127089
122.719322
114.028969
115.371728
63.494128
78.688676
93.741429
112.371698
76.516738
130.632175
116.257980
116.180906
101.331974
84.895759
68.195290
114.841869
102.965365
109.454758
107.415098
102.425153
96.362436
117.697756
91.352318
123.254470
100.442407
94.650884
101.792679
78.561686
102.473201
99.813551
92.310369
85.602851
99.018578
95.764637
87.880255
106.133755
89.690526
118.547330
127.687935
92.681823
126.885640
89.493219
112.068861
97.740438
84.761789
97.599905
77.025320
108.543117
104.616339
126.436000
95.606062
124.238271
102.755850
101.801340
111.723560
112.189577
105.232079
74.308626
109.295192
107.788840
96.456391
118.332239
89.867274
106.343754
129.919429
84.490173
119.217129
104.686006
102.831131
120.667111
105.728499
92.957593
117.261896
109.595624
126.801023
101.966380
100.991210
98.613407
121.052817
87.709056
97.406693
100.641088
100.142934
93.917130
93.452018
86.812554
91.586579
102.760820
88.615974
107.242835
125.577568
90.554248
99.753840
92.030067
80.254855
101.026356
134.135955
98.259599
92.069836
96.350032
88.394029
77.788844
80.706785
107.881579
90.430516
94.978618
104.046109
77.771178
84.678591
86.827397
122.359996
83.774095
106.444299
82.451772
125.582632
84.198763
80.651630
88.688405
89.368691
105.107802
97.127844
119.401982
112.884567
88.750752
100.701015
107.013784
99.723194
100.469650
100.788456
100.013704
88.090989
117.627546
130.038082
87.786695
127.546815
111.544963
109.861488
119.138388
105.386035
116.542913
91.709988
84.787932
82.474864
116.035775
77.125319
98.239925
105.078321
101.552950
120.643544
99.247125
102.581585
103.957080
129.262656
107.956840
94.972500
88.389242
90.400900
82.322938
109.158229
77.957707
114.466072
91.674052
86.845318
105.604134
105.400257
110.773281
120.915442
104.551803
108.473216
95.866288
115.970629
115.166513
96.266628
109.553676
99.774612
102.602656
116.646421
91.880903
88.799141
117.329547
109.241885
99.770446
119.569962
110.598007
110.933336
88.279872
119.708399
114.914247
89.946783
95.674980
115.182759
109.757581
135.352492
130.093291
102.844097
94.145563
80.871330
85.366972
135.099577
101.800308
132.059015
103.405317
109.118993
110.069064
116.694139
77.452846
114.999149
126.897977
91.631823
80.644638
115.119000
119.502919
100.983429
111.007681
108.657229
118.227443
107.968519
99.894383
122.343505
123.855339
89.781392
88.405543
112.514995
109.066933
121.501122
111.662378
113.164908
103.882926
104.314834
103.972116
129.552912
89.432013
78.195462
101.662816
102.123601
103.837709
128.997400
73.967031
106.465103
108.208103
123.249857
87.681492
96.022270
90.027822
85.595298
99.649975
101.016006
87.498905
104.471906
97.892428
102.129272
101.148962
124.292307
98.786148
117.511430
102.506713
112.751331
101.312130
114.882894
117.274692
117.047231
118.117526
113.368898
101.259076
90.743484
122.004707
104.108566
104.717231
123.482457
104.118428
63.982616
114.990456
74.227592
104.584351
68.263683
110.825096
86.705974
117.698881
107.270713
116.257290
106.834033
129.705601
87.796660
112.836585
87.624196
98.357962
110.765249
113.528952
99.498251
89.605337
96.015537
90.853917
103.102238
128.267014
89.777290
113.962076
120.977782
94.495500
78.930786
98.944136
117.071000
115.371399
99.274861
91.100732
82.249759
92.465614
103.739943
82.177678
82.396587
85.305297
110.063284
121.201834
77.254440
85.792704
110.625913
109.934074
100.307626
98.430958
108.623199
108.212135
78.316743
110.501756
118.778990
96.528895
104.218726
112.618817
111.389964
124.757564
117.721300
87.669877
102.068070
110.448607
100.405469
101.998955
107.889662
100.043176
97.854636
90.694591
98.962768
120.988175
94.806170
105.016666
104.573798
103.356443
119.070792
121.230388
105.880451
72.365553
118.534403
124.718299
123.592912
106.850767
105.826154
111.240166
103.027985
102.610275
108.549268
106.125178
114.345402
110.269635
114.231108
94.114692
112.546540
78.722624
124.734154
88.557341
107.951421
92.173374
85.348989
87.285927
82.972957
110.146510
118.198421
119.730442
92.015091
83.224400
92.028102
105.773279
101.310427
89.409990
96.715276
100.853161
92.930438
114.173073
112.501796
93.488616
97.348500
91.521019
135.010615
105.212718
121.646292
90.355947
123.429750
106.793526
112.744435
72.422752
94.172220
112.367589
114.529331
101.202509
97.579370
111.476855
101.873659
98.370413
85.980134
117.512580
112.528512
97.898665
109.871236
119.522486
92.662522
101.467546
115.492117
124.615150
101.377348
123.178185
97.317354
102.537617
89.768073
110.844765
99.086071
62.727785
92.537798
72.759132
124.117899
101.609537
97.128433
131.386760
127.123913
97.825194
105.511719
117.834015
90.258821
109.920259
108.223150
94.699453
91.280299
114.545168
120.314739
124.322249
93.022809
93.320283
127.123844
92.775444
87.586559
90.526896
110.817426
114.055074
119.782959
85.930592
108.252364
112.242330
97.750973
86.420726
119.319143
81.149047
90.476804
95.396940
82.848768
105.611900
91.395387
108.254057
114.542495
118.968282
120.317133
60.723308
91.930069
90.595390
103.307825
107.727324
104.697252
108.518694
134.436235
111.939990
62.770771
128.785209
108.561980
97.942567
95.867196
112.017648
115.585463
127.649267
82.520968
115.054443
123.416156
114.250055
92.555879
100.128449
92.612035
102.247283
81.262281
100.341225
133.547976
88.572911
106.977676
87.377583
82.610643
107.333257
102.936949
98.981420
103.957390
104.799459
101.209422
94.515481
110.178988
114.775590
109.777883
114.340930
94.835408
103.424397
86.877781
115.132810
111.241417
128.075322
122.530086
123.955080
130.805632
111.459726
96.946750
110.503233
110.660217
103.254969
95.246669
87.246308
101.016454
75.552178
99.310891
91.368923
71.270389
108.898359
95.584465
113.674411
118.059841
106.819991
88.756182
108.272035
96.831039
118.993884
82.417184
108.195938
93.914339
94.887296
100.100254
112.849402
105.050527
83.536895
95.483179
95.919951
96.805816
96.451768
126.016968
114.206495
121.743395
117.008542
84.919596
98.803908
109.566156
101.909953
92.555820
89.299799
124.346342
118.871768
95.847485
87.735822
105.304017
102.783637
107.342339
96.382080
91.217960
105.822493
75.729377
116.948870
99.735044
100.695530
89.083173
114.608018
98.111389
87.316059
106.847581
101.944035
94.516429
102.114150
63.095811
100.546713
101.156974
125.729281
95.480936
77.278609
111.405743
99.615350
101.164251
84.443518
75.886811
85.395501
104.349388
89.211978
132.873333
105.455510
108.862761
122.663501
91.152232
119.795139
111.642873
129.853304
97.447863
115.246252
100.637889
101.275182
61.650914
77.499857
126.259981
109.458116
122.166843
100.656528
108.058685
92.928468
129.505465
90.423311
91.270801
91.412492
105.572922
113.338745
115.332781
111.764447
105.370710
117.066724
127.195972
123.772793
121.679997
127.894039
97.145042
123.714126
99.362933
111.967607
107.773066
114.613178
95.639148
111.417399
113.181722
97.770090
118.424204
105.815671
97.192747
97.922620
123.682334
103.077102
108.032938
96.458566
113.866491
101.819338
91.868988
116.642558
109.735622
113.286233
105.219510
92.099446
109.464171
77.314529
86.600813
90.850507
104.419594
117.845097
97.621045
86.316256
85.770881
94.626506
91.838950
76.581094
110.832387
94.663646
103.398033
91.584696
124.395380
91.653342
97.415508
108.172460
118.404669
90.640352
110.638915
118.472622
121.843398
115.833680
115.785524
94.603452
95.226899
103.375313
91.381451
108.636814
115.946847
112.487628
118.873544
124.125553
94.741454
101.221056
115.943263
119.436802
101.630589
123.000107
139.731985
112.889206
96.889099
118.826822
