8.003419
6.728479
7.598847
6.475534
2.962510
6.962537
9.982706
3.235251
3.969576
2.642952
1.451540
0.363866
2.033932
5.584815
9.618773
9.603555
7.124706
5.439754
2.402471
7.486725
7.765601
4.254116
1.855868
3.233473
1.316638
4.767530
6.032484
3.987296
10.963840
8.052291
11.519054
5.537928
5.941844
4.171093
6.763992
9.840854
3.136376
1.495085
1.688045
4.917704
4.655883
3.721088
5.517294
1.714197
3.742032
2.208020
4.747522
4.035089
8.372787
3.734966
3.765268
4.158000
7.215158
0.995065
2.178319
1.638044
2.828553
1.294667
5.843989
5.947173
2.227060
7.038840
7.747060
2.233805
7.465826
5.696361
2.714025
1.213977
5.699377
0.495259
10.899652
4.487831
0.955939
0.308321
1.107377
1.034494
5.995012
4.933618
5.460159
1.264919
9.163770
0.625624
0.447306
0.528788
8.389054
3.463550
1.096473
1.307761
2.453919
1.516726
1.436011
14.041561
7.068054
7.123803
1.115733
13.850751
2.180914
8.388377
5.722405
0.992338
9.443879
8.316689
4.262104
3.991179
4.244728
6.249005
5.772605
3.440517
4.479011
5.603564
2.306327
6.994465
1.281055
5.639444
5.064081
1.283285
1.327998
4.029947
0.368131
3.546364
2.385855
0.161013
0.651394
6.841473
6.483996
4.792811
5.150272
12.168817
4.236370
3.355866
5.754365
8.767838
6.471697
4.224269
7.005207
5.816394
4.297260
4.394845
7.082166
3.247327
7.721183
3.086873
5.929438
6.070515
10.875194
2.757239
3.776565
5.869361
1.932458
6.942095
6.191435
2.843859
11.236637
2.992425
4.621046
4.434730
0.780840
3.085043
2.734217
2.131695
4.129123
4.597835
0.421991
0.377424
0.301612
2.575145
8.451933
7.013163
5.855436
5.660313
7.860834
5.756556
7.239195
6.617567
6.173594
3.359075
10.393315
5.821110
5.049027
6.618670
5.290157
3.743452
2.272729
8.866839
7.531518
4.586075
7.432726
8.659547
0.661085
2.845914
0.974331
3.482014
2.775283
9.937798
9.381482
3.909703
4.330138
1.905015
2.912758
2.354681
1.085595
3.049974
2.491461
2.249416
0.548036
3.489800
3.422072
5.593248
1.715884
3.810945
7.238189
6.867281
0.809488
11.224776
3.781895
2.996522
7.779599
6.080809
7.324797
1.630430
2.187041
5.707262
1.061137
0.238537
3.917425
1.862434
5.446592
3.562521
3.807816
7.893355
0.483585
6.845555
5.018935
1.916037
1.723612
5.546660
2.701162
1.436743
0.477449
2.256352
11.279275
9.344264
1.413152
4.458390
3.902621
2.341531
4.152495
3.101200
5.194488
3.880026
0.806023
5.019827
4.761728
7.473000
1.621045
3.232967
4.944009
9.158518
4.903089
1.966643
2.321027
7.138136
6.160319
2.268194
7.110695
7.509804
4.042849
0.901063
0.154238
3.298948
1.848918
3.743516
5.455569
3.956454
9.324802
1.064859
7.710911
4.734445
0.626274
6.936563
3.951342
1.971980
2.364427
5.659314
4.028895
0.275173
9.880621
2.419877
4.006480
3.233452
10.204978
5.301770
1.722637
5.282596
0.406174
6.548557
5.147463
1.320480
3.980221
0.054975
3.636876
5.392478
3.409967
10.378746
4.089326
3.672592
2.888031
1.524214
3.559925
7.946508
10.453728
5.574793
0.772968
1.002243
7.312035
2.694892
13.457734
1.366042
6.403102
2.805520
8.469232
0.982406
0.075328
8.597549
1.120384
2.401925
4.354322
2.032614
6.672348
2.098876
3.104316
2.209284
7.686509
2.204984
9.386851
0.700381
6.432299
2.270573
4.634708
1.538025
5.753041
0.910037
0.491266
4.028793
5.882657
3.638642
5.014112
6.845817
4.333510
4.368367
2.474916
1.794384
3.178931
3.916447
10.830268
4.766211
1.994671
9.716786
4.288542
4.089350
9.916324
4.659580
3.750276
5.455233
8.055005
5.666361
5.279558
4.625743
8.294390
0.602822
0.384220
2.544757
12.295597
2.458159
5.273487
0.622836
4.152501
1.166055
0.808280
1.578206
5.776828
3.355166
0.003948
4.268712
5.831516
2.689920
4.210416
2.290530
7.233299
1.120781
10.201002
4.607027
1.488393
1.343651
4.466082
10.376771
0.052944
5.359503
1.991185
6.645527
11.733098
5.355505
9.922567
4.815547
4.103016
3.682333
1.911792
11.431652
1.297063
7.462246
4.400061
0.028952
5.790498
2.034362
4.712877
7.117697
12.692404
5.086751
8.504218
1.194615
5.160498
4.092074
0.537331
2.484151
5.840037
4.643398
2.219599
8.432268
2.946862
0.635509
7.248355
8.301782
8.300777
0.488356
2.783584
8.782232
2.994884
4.586561
4.509115
0.350100
5.756341
7.030035
9.539641
4.655764
8.073308
0.313302
1.561805
1.274313
6.315909
7.845883
3.118354
1.305226
4.934756
4.347150
13.088856
7.272361
4.012548
1.630147
6.980578
1.571939
1.576562
4.291825
9.634141
0.879941
5.847569
0.959669
2.767660
2.987532
4.447613
5.985015
3.092084
0.812432
3.521878
7.507679
0.302668
9.860817
1.699271
1.677507
2.918896
0.924872
6.846705
2.753136
2.503438
7.498036
1.427073
5.523644
7.603234
8.275340
6.967117
6.673113
4.590599
1.526700
4.975161
5.777189
2.376424
7.562598
5.032962
2.189318
6.017930
1.291528
2.836918
8.638127
13.555277
3.450320
0.042655
2.253230
3.208311
6.703202
3.464886
3.702824
5.900162
3.166407
0.319503
7.795774
0.682277
5.637612
3.437646
2.945246
1.459798
1.035064
1.410142
6.218231
3.557526
5.005156
5.663818
3.310242
7.536448
10.117072
4.316475
7.962117
3.588107
2.550934
7.435308
4.165024
1.431107
5.395469
2.478046
0.269020
0.212112
4.416430
0.884929
2.892755
0.438576
2.812407
0.172790
5.147402
4.927790
10.029148
8.779548
6.320070
0.631323
1.403020
3.939942
3.787380
0.544805
4.877915
4.641906
5.284936
1.174091
2.396789
3.044651
4.862388
9.002196
0.666630
4.556745
5.397953
5.713965
1.175888
1.605335
6.522169
4.628966
4.336264
1.197971
2.545320
0.079912
1.395478
3.998188
2.430075
5.629382
5.385820
0.361875
6.235194
8.114156
1.588408
7.839088
2.477159
4.454388
0.037085
4.335115
4.854948
0.439977
5.221548
1.979741
0.424753
4.803733
3.201282
3.554657
7.083631
1.640084
9.636732
6.906336
0.529677
4.961020
1.114241
2.160327
3.731620
6.138656
5.261452
8.327735
0.959528
4.293334
12.323519
4.152547
14.195711
0.801751
4.779780
0.840914
4.249925
0.866171
4.983423
7.638190
1.663295
1.679156
8.863627
2.385793
5.875445
3.206071
5.023228
2.967571
2.817477
6.624377
1.780139
6.351283
2.898065
3.895888
4.818340
7.533985
15.583564
2.445553
0.103371
5.740541
0.656787
1.138821
4.682115
4.574300
4.236207
6.205978
1.676306
7.050403
1.692300
5.491212
6.888326
1.630969
10.708787
0.972228
1.000311
0.028863
6.051141
3.482092
5.435595
1.491216
6.496182
5.128527
4.662150
0.143168
4.629725
5.553610
2.927934
2.744719
3.395534
9.740921
7.079533
4.073669
5.867161
5.079741
1.073729
7.518165
3.625731
1.193197
2.282396
6.524895
4.736285
3.135368
1.458330
5.029682
5.600006
9.945698
3.433463
7.183742
0.654607
6.382000
6.606567
3.979657
5.476531
1.153943
3.920412
5.108107
0.167089
5.257735
4.215370
2.758834
2.499401
0.868355
4.234942
5.785424
6.830039
0.142098
6.025221
2.039168
2.239019
8.183660
0.147110
0.593773
3.600411
1.107756
6.669459
0.837446
2.311245
5.557393
1.514316
7.741888
5.777862
10.069257
8.827725
0.512860
0.563331
2.995132
7.138626
5.564836
6.972908
6.288640
1.349731
4.032150
7.572842
6.090571
8.204902
4.627518
5.522124
5.929196
0.363962
5.401851
4.875560
4.338296
5.398744
3.658596
6.483277
6.466198
1.006313
1.639630
3.156883
0.978524
1.747629
0.947574
5.923548
2.760085
6.351286
4.734779
0.673916
1.110909
3.299801
2.687771
2.903226
3.147598
7.559308
5.584513
7.064220
4.291370
2.908476
2.031742
3.019974
2.018968
2.776271
0.190661
7.330375
3.042070
3.855824
7.467879
7.689220
3.468611
6.221800
2.444524
4.659217
6.405408
0.438853
6.804499
8.018386
9.839603
6.857394
8.825774
2.971722
3.707846
6.880577
5.383785
7.962359
10.043041
6.278848
0.228060
2.916429
0.897255
11.612166
1.579975
3.524476
2.502183
3.652471
4.828500
7.564332
3.069161
4.160727
2.124872
5.665644
0.584605
5.221035
3.575537
0.745525
6.199930
7.546901
4.746546
3.604029
9.082175
7.720417
2.854551
7.965042
1.275995
6.029928
3.855580
0.717482
5.073441
3.455551
1.688962
7.899474
5.435461
1.231660
1.339865
1.480048
3.416890
1.086662
1.230418
1.463235
10.793253
4.361346
1.127462
6.980741
2.750125
3.895020
5.868282
5.405317
1.158623
7.183574
5.299636
4.149470
9.011052
6.552353
3.133941
4.394284
3.855788
2.390140
0.145347
7.338364
1.386103
4.687211
5.703909
3.089936
3.135754
6.956348
3.202183
7.124812
3.598720
6.088841
5.246886
3.219337
5.346497
1.695844
5.077357
6.592145
2.643112
1.449552
2.044256
6.518005
2.805925
6.618239
1.300297
2.096557
4.878612
3.147970
7.299760
5.093851
2.378208
2.617927
2.134613
0.673133
6.453468
1.764442
4.438519
6.695175
3.466615
4.383855
11.024222
2.807328
3.270944
4.353391
0.961292
3.458596
6.343958
8.392609
3.006205
0.743671
5.252507
7.637724
8.940583
5.776053
9.000400
1.217207
10.125934
0.525668
6.265327
2.681186
3.642952
5.120969
2.202437
6.422113
4.780777
1.626312
2.399680
1.159358
2.800397
5.047403
5.396353
4.074536
5.166410
1.743120
0.507304
6.690331
4.734234
7.318523
2.994077
2.429755
5.526713
2.760314
2.264460
0.789600
1.215669
2.749039
6.921428
0.889862
0.402365
0.069671
6.249757
5.291226
4.751877
7.152704
0.904186
6.719139
5.273959
0.058969
2.439917
1.171655
8.922042
6.133068
8.413921
7.933547
8.298038
5.033160
4.822337
0.850372
8.872239
2.778044
7.928374
2.601967
1.947486
4.066483
12.895836
6.536094
1.568807
2.648297
12.316395
0.915478
1.500457
6.620281
2.760463
1.134116
5.060559
8.033612
8.268840
6.748373
8.866560
6.235253
6.039083
11.295383
4.406468
4.198232
3.458191
3.098339
7.659624
1.308167
5.431141
0.948315
3.082484
2.301613
4.100144
0.178884
10.818129
10.919070
1.631314
2.797522
13.753033
1.420245
2.001165
6.059799
0.589883
4.529996
4.291156
1.307628
9.126792
3.582690
6.407860
0.986681
11.085538
1.605932
4.270711
4.513349
8.553179
4.693960
2.201248
9.876971
4.361573
2.699785
15.324051
1.409121
1.591650
8.451523
8.837370
10.840833
7.895447
3.059708
6.466449
6.165379
3.391662
8.484029
3.871130
6.015731
6.608489
5.889043
9.207179
9.319380
3.494527
1.012573
8.602094
7.859036
3.652915
2.909858
3.207878
2.583624
1.844310
0.067017
6.632397
4.843602
1.552029
4.315780
3.389911
4.716494
5.082476
2.443017
2.664419
7.896240
7.039250
7.941172
8.354870
9.222373
7.666161
1.251712
2.307721
4.154316
3.908289
8.737148
6.479569
0.400268
6.102101
4.806258
0.186574
12.673357
6.441389
0.139147
8.556066
7.941786
3.506038
2.579611
5.879397
6.363918
0.577581
7.011139
2.457677
1.004688
5.762848
5.188080
7.481986
7.052504
0.782712
6.100027
3.212309
6.709338
5.403466
1.722872
2.225875
2.185660
6.492588
4.193913
1.442319
0.974846
0.492192
8.511165
6.131941
3.600922
2.634053
1.335775
1.577895
10.858224
0.917485
1.194746
8.072956
8.719052
9.540369
2.952336
1.016067
4.243323
4.622764
4.179912
0.742786
6.082246
3.242326
6.030889
1.119826
9.908242
1.972184
7.980976
3.298313
8.178968
0.382116
4.207105
2.329696
5.235301
3.368850
3.432832
2.285076
6.294158
3.510177
3.723346
4.910724
0.758189
8.483037
6.648756
9.297766
5.896866
5.198627
6.863306
11.350804
0.879324
8.368252
4.349602
7.001648
10.589938
9.986310
5.906859
3.909591
5.618066
2.167918
2.398569
0.306271
4.911575
0.862132
1.773567
2.966827
6.917420
2.404523
3.171132
2.477767
3.797773
2.292180
1.933701
5.513394
3.291184
1.145820
4.376160
2.817407
5.492344
1.111133
0.693950
7.067436
4.531164
1.309996
2.180444
4.938509
0.128402
9.655428
4.737997
2.328914
8.206562
5.236605
0.743959
10.099854
4.916035
3.643924
3.096384
2.933715
6.516335
0.084162
2.190925
6.318129
11.891701
5.913476
1.187532
0.917674
6.805917
1.946645
3.327837
4.744888
7.124995
4.566019
1.100006
0.515622
4.476620
5.515989
5.520590
7.885492
10.826994
8.632697
1.946737
6.685872
1.331336
3.749329
4.724448
1.583077
4.083786
11.287812
2.671196
0.770874
3.444651
1.449320
4.252678
6.772537
10.627173
5.308880
6.815506
2.013272
12.296574
4.806670
4.644432
0.768554
5.736440
5.345199
2.993835
3.256075
6.230933
2.113344
4.727336
3.276383
0.760178
5.298182
4.819121
1.910107
11.577982
8.301965
17.994965
13.970417
6.437268
6.044265
5.203303
0.766392
2.145576
2.740002
5.623544
7.074472
3.539858
0.825078
8.328186
8.213437
7.839846
5.215714
0.853213
0.506759
4.886208
6.985388
1.267188
0.572380
2.301760
0.405181
10.618312
4.460860
5.956707
1.064409
6.203343
5.255694
3.859060
3.576121
1.743315
5.309738
8.243744
6.018371
2.526887
3.978388
2.887759
4.562302
11.824295
9.610202
0.015737
1.350222
5.020536
3.878038
8.829213
5.090566
5.286206
1.185248
8.796756
4.203287
3.921706
6.499410
7.232041
0.258849
4.670647
9.252482
5.280117
8.791027
3.087033
3.115240
2.784628
2.664703
4.018573
0.621789
0.318701
2.455669
5.901527
2.695169
5.749136
0.398743
7.604161
5.579606
7.696527
3.203491
0.460150
10.793772
5.212156
4.566104
3.773676
8.674132
2.651344
8.397491
3.199678
6.495098
2.898749
9.202251
3.941171
4.379128
2.871251
0.178916
4.765523
6.405204
5.707653
3.558815
4.616231
7.461276
6.239167
6.897409
8.495838
3.767255
1.044830
2.462157
5.102270
6.739592
8.055510
8.481056
3.897944
1.398053
7.058875
8.025623
2.355879
0.398875
0.704222
3.261947
8.013693
6.655129
6.100135
12.778497
8.087448
3.608690
1.615855
3.401372
0.920796
0.961107
10.595165
3.467255
0.777662
6.666351
2.166429
6.574950
2.363818
4.326760
3.315814
3.261074
5.519288
1.880854
6.767307
6.187742
8.395063
4.815774
8.211144
0.827505
1.080203
7.924699
6.557535
9.391048
0.962473
4.066109
0.594939
2.864278
1.412776
3.230678
2.549616
8.356411
0.326060
3.693571
3.715457
3.285485
4.913743
5.509227
0.841892
1.578613
5.777478
