21.301677
25.752593
8.246640
14.173412
19.312689
13.722692
10.532704
8.266788
13.925266
11.120560
4.140939
10.526519
20.701200
21.602887
22.045195
16.048535
13.616882
19.830586
15.260569
10.560885
16.014305
33.086331
12.072913
23.100809
13.899198
12.423486
13.698304
7.422571
18.316547
13.757006
14.180855
19.723932
11.720388
6.529813
22.397838
16.530879
10.302513
17.882773
19.053353
9.289780
18.306630
14.622080
1.124651
10.699802
13.246708
8.243966
9.737430
31.066773
18.836014
2.661923
14.921077
10.854387
13.080806
21.825861
10.514342
16.195742
4.285227
11.754508
13.174299
12.608827
0.814580
5.556470
21.058657
16.319100
25.475678
17.329113
16.474319
10.980926
24.505525
3.153863
26.407086
22.888815
22.108416
28.001785
16.331735
21.894267
17.373019
25.609487
25.414509
25.618020
22.468157
8.897727
3.741019
9.092871
23.831339
18.054294
24.042737
17.297264
14.869512
9.757077
15.474869
23.084003
21.143049
15.805567
8.251263
18.467685
22.050998
2.805158
1.005836
22.914916
25.053632
5.115753
22.471343
5.440782
13.399009
10.214449
21.017281
4.226498
17.713033
19.944990
5.253397
9.476187
26.267551
14.650692
11.376751
18.755765
8.116251
9.316202
26.816098
28.525430
12.291065
5.250335
21.430138
5.918372
14.993789
15.802643
29.496310
10.952945
4.964118
6.357443
17.153574
18.711986
16.198253
15.044182
15.511791
23.056086
19.486237
7.031684
0.307585
20.622521
6.430391
20.357406
10.629643
18.383900
22.298591
5.604799
30.011526
13.877529
13.390583
6.717631
15.446772
17.429113
21.864946
25.431139
7.031785
5.767680
21.292153
16.053577
23.680167
15.602784
4.961634
15.763887
1.127447
17.817226
26.868386
21.560555
17.479333
25.142625
4.145619
12.324852
21.254285
14.940316
18.128490
12.211831
18.012038
8.679433
21.832182
18.425704
14.660859
5.801339
11.657239
11.338787
21.548953
15.826796
1.131297
1.426445
11.378456
15.381727
21.134232
25.044635
11.308274
14.224813
25.906564
21.680279
18.867832
15.170632
9.453957
7.051778
22.534598
23.218577
3.272994
17.052202
24.077260
16.293807
23.305352
18.253646
24.434687
12.850532
14.143267
18.604443
18.074170
29.046798
27.046291
9.811135
7.933910
13.519197
19.579813
20.344134
22.989580
5.597861
5.621012
25.374997
18.155561
21.579600
16.800361
17.835481
22.204699
14.633780
13.262003
19.210739
15.286311
13.593187
21.005784
9.484326
22.256585
12.870163
18.569048
14.810496
3.699502
9.550615
8.078242
20.413351
22.057896
2.297202
29.501611
8.318384
12.108658
25.156093
18.859541
19.792526
16.758038
10.096338
6.238035
27.210888
13.313626
21.701325
19.111791
22.266794
7.908142
15.023731
12.614901
31.328488
12.803638
17.790098
22.163216
19.222101
20.166878
17.366257
18.196105
10.808562
11.506766
16.852038
11.757668
14.900790
8.061105
19.701881
6.586664
3.508798
4.806936
19.449168
24.144337
10.196938
19.798795
8.748448
17.073886
27.341286
22.958121
15.896813
7.016434
15.368533
15.617534
3.552651
4.892079
16.718186
6.042487
16.742307
18.524969
22.985050
12.409330
18.502058
5.616927
14.774720
11.680694
24.237197
13.650665
17.881657
14.454501
12.459402
3.563653
14.643943
9.770678
6.136962
4.535911
12.115663
20.275437
8.949664
19.045626
20.984966
2.755479
15.205063
29.507154
10.796333
6.711814
16.430099
14.846168
14.417165
20.720579
19.364213
27.343961
10.228593
14.484669
5.337283
10.157983
8.424525
15.821151
10.333063
7.149129
14.506498
11.953317
26.436275
6.446451
22.607735
18.054036
7.558195
19.316841
8.774141
10.136020
10.625431
9.482443
4.246816
23.809900
1.937975
9.573565
20.550030
22.159204
23.009679
0.896959
24.148787
13.035746
4.349200
12.160895
3.528222
15.397203
23.510754
26.920165
22.613694
20.565902
9.107761
4.520939
9.274587
1.439463
0.028520
12.361261
17.556684
10.684209
32.182923
20.170214
24.098044
20.228158
26.136255
22.375865
21.441863
2.837766
17.476950
15.132865
10.622203
20.156918
6.622717
2.292136
4.278560
18.769370
15.563629
24.445785
10.292344
19.226116
16.924906
12.507941
6.186254
22.911161
24.971463
12.572889
8.277127
9.370784
17.753300
2.787853
18.417225
14.903803
18.904530
23.007038
26.365344
12.823442
13.921439
4.100167
15.034511
16.828942
8.813342
7.832971
9.879134
8.942699
13.297907
7.732312
5.732778
27.425898
16.719629
7.599754
19.954066
19.181678
23.522871
13.987334
26.640654
19.023207
16.352865
21.599960
18.828932
15.298926
8.307377
13.348332
8.126804
15.755553
16.554906
21.132367
23.068776
19.471409
15.525822
11.040843
7.647935
15.060500
8.988884
24.212380
15.344287
22.398360
17.330713
25.097642
28.264065
11.711339
10.234319
15.861487
23.787117
10.420508
13.510392
22.393654
24.177048
27.227331
4.035322
24.916513
9.968281
14.759718
17.007156
7.784496
19.904572
0.405916
14.989020
14.170992
6.726431
8.358068
6.494789
10.923143
8.931477
4.249227
16.105693
9.353415
9.777352
15.624761
13.239352
18.270838
18.830680
7.922375
14.470823
6.054715
17.314427
11.941162
16.394377
8.467549
29.373547
3.422540
10.539340
21.720333
0.587025
4.669460
16.036106
17.187395
23.820021
1.665629
14.724538
20.563266
22.830338
11.009459
14.638816
19.447164
36.930766
21.707285
24.473774
6.601589
26.112996
26.057165
7.297973
14.709304
20.621179
18.259453
9.731029
16.763829
19.431089
14.380237
14.849749
18.736974
26.424288
0.077154
19.151136
10.733753
12.499109
3.967538
9.189347
13.798015
17.599770
16.903337
11.665088
31.070034
17.450762
26.037715
23.588534
8.898233
13.203590
14.892780
12.846914
9.394150
22.501491
9.213179
30.380854
15.240637
17.858395
9.920621
10.559687
15.550893
13.563347
16.652264
16.256035
10.147562
5.019991
9.932269
15.143805
18.633872
21.204764
17.887733
17.201996
11.737854
8.681150
11.299976
25.152613
17.278088
1.798037
20.204300
4.656441
4.585454
19.873124
23.752133
12.709672
21.146599
30.877395
23.262228
25.399782
19.366993
14.402739
17.553150
13.896859
7.459251
3.819198
16.772229
19.177054
7.984057
17.972165
17.270835
18.648567
1.445570
3.852672
13.983490
3.812153
5.554758
11.525178
1.015765
18.442242
25.537924
10.556420
4.194239
10.535136
12.203767
20.160182
10.468805
8.341218
11.456627
2.201932
23.184650
9.998151
21.410455
16.335095
23.459901
10.994221
17.171193
5.966012
26.297964
5.242101
10.813656
18.817097
13.974750
0.074706
14.599581
23.727476
19.830935
11.588643
19.606246
25.983525
1.473718
13.359085
12.473092
7.142919
19.926222
11.704352
13.132543
21.888430
5.258152
32.632511
14.759152
16.017323
19.724274
16.595715
7.470185
9.201995
11.235749
14.997692
0.676164
26.918057
23.161104
12.211464
23.043790
26.263781
14.035563
9.893193
16.838433
25.095101
2.390148
19.648592
20.301706
19.476485
9.200016
26.342473
35.192307
13.452388
20.589935
10.173050
16.040864
24.028452
21.325333
19.146018
23.002358
3.671215
9.643838
27.763170
1.319431
11.790859
10.225707
12.567589
1.144244
15.297206
24.693718
15.110147
18.534914
14.854265
13.310440
21.575861
12.620585
14.798603
11.705838
13.734943
17.716191
19.006982
25.494426
20.376200
23.341998
6.690937
28.063669
5.788798
20.053702
17.841331
9.733893
20.792311
7.856309
24.325286
5.930348
17.657395
3.005803
22.844938
16.753027
15.527669
7.097738
2.579855
12.151704
13.473784
10.365350
24.328269
27.625088
31.706121
19.034736
12.896720
26.045041
21.571356
12.167548
17.681902
10.455896
26.430778
16.374337
7.415019
16.259454
9.941764
13.088782
21.203023
26.933473
12.829285
10.879408
2.423774
30.462326
9.184686
0.059406
8.038090
12.522390
11.925299
24.969154
23.846728
0.023060
8.901865
20.099088
16.957614
20.628624
24.995475
2.300962
5.358656
11.304370
22.611525
16.508520
12.456108
13.126590
3.541530
27.617632
29.796221
5.050468
19.347613
20.384819
11.904275
22.831601
24.161795
29.608492
24.128128
23.030310
28.630764
11.465930
27.761716
21.118640
7.582000
24.220818
19.979033
22.546124
8.881462
5.703755
3.354948
7.837611
22.779308
11.266736
15.486243
9.827097
15.494762
19.860314
21.935781
13.360029
17.226718
1.897390
20.791010
20.809888
18.810789
13.353735
10.951523
13.658534
2.233399
18.263320
11.607672
18.639957
18.432208
19.204150
31.854216
22.818980
13.924675
17.476135
17.563700
11.124542
5.851785
11.893264
12.713489
5.835776
16.055960
10.874912
11.729308
15.817902
15.763353
23.377549
25.964273
20.023217
21.467358
17.573076
0.681425
28.739978
14.647317
25.719466
33.218721
14.213579
21.012941
10.547761
20.314761
9.769407
17.500254
19.299588
13.909773
26.735612
18.988005
16.800954
22.669351
4.140125
12.858571
6.398937
14.268244
10.950029
21.573348
17.109383
19.612531
11.595267
14.535539
17.096314
20.360284
12.753251
17.427928
13.715435
9.944482
26.780934
23.454573
27.946647
13.104506
27.145629
7.246165
20.468654
2.742466
18.630168
16.516518
20.146475
10.901112
13.874101
20.180926
10.560107
20.068481
9.489070
21.091817
3.772267
19.371216
13.160699
7.205340
16.943434
20.357495
28.060957
21.492670
15.381909
15.895909
12.175572
5.629277
21.200552
0.474112
21.769360
12.594549
6.964112
21.985137
26.907195
12.513950
26.290197
20.615573
18.292439
16.364703
3.169855
23.863974
6.845997
23.050974
22.006578
16.556976
24.499390
17.256045
6.453266
18.945606
25.355541
7.328621
9.549880
9.408867
19.654709
18.320553
13.629662
12.580948
31.550557
17.191939
25.577701
22.118752
17.762786
6.076665
31.937566
0.044048
16.904113
17.020260
4.281223
20.980497
16.110876
15.889148
22.379711
12.073986
7.900835
14.897940
32.031579
23.272147
10.121055
14.038152
21.574524
23.914028
4.712795
27.456380
1.217009
16.593972
26.646597
6.524122
20.265612
8.273012
18.291974
5.587570
14.469530
23.315760
16.634003
5.837209
17.716061
12.641107
