13.857140
12.159599
2.558968
20.086455
13.637117
11.812662
16.181847
14.084858
9.296069
30.955103
16.128466
11.929254
14.738091
10.621873
11.839969
9.653273
17.602250
15.552784
13.843964
26.122708
2.792310
18.617199
24.570172
1.346910
20.740370
20.320284
17.991788
15.202549
10.966821
12.685976
25.762397
19.079888
16.783654
10.335926
17.776986
19.749551
16.781863
10.840443
30.396229
13.375459
15.852316
22.597542
13.318726
20.060967
19.906730
15.028600
9.256687
7.471549
14.761379
24.923256
16.397581
7.259860
1.213267
13.654979
9.725192
17.441013
12.865717
10.352961
21.947931
17.678663
29.628794
5.563225
18.411978
16.870899
6.488038
13.378628
11.759597
4.919416
23.086360
18.900097
16.148210
19.446539
27.995421
9.591717
18.689178
14.857499
30.575499
0.515756
9.550888
21.062100
19.200783
19.886633
4.810107
21.824892
6.028629
31.932886
13.761101
2.271500
11.720430
12.348145
13.677888
29.745790
11.091261
15.345559
22.195325
6.593680
13.435808
11.944874
24.685469
19.979416
10.884543
22.511697
3.796221
19.142202
6.974110
2.515083
15.258555
21.865494
12.602385
7.212912
9.987407
15.375660
11.071434
11.576396
26.813210
1.473295
2.666379
15.692706
19.651892
6.600270
2.540699
26.928729
30.949909
8.868989
16.784629
20.203280
18.465866
15.260054
11.119948
9.453815
17.047390
12.642232
15.611377
11.305531
14.147427
19.125015
1.139071
20.137737
12.518395
18.389392
2.930725
20.339534
14.207762
14.744911
16.298625
10.622564
20.925891
20.888223
18.534711
16.024333
18.324267
6.411662
6.490555
14.970766
22.685358
0.619271
30.339059
0.260088
26.907754
9.730918
24.485304
15.763758
19.022401
17.188892
3.415101
11.013604
0.361211
7.934632
9.837618
16.229599
10.131814
10.109373
16.326520
12.405531
20.733264
15.986778
4.371252
20.826763
11.227334
15.683112
21.117308
11.778078
6.969659
0.165216
29.959755
15.702847
7.844972
10.425491
13.850913
3.513251
2.785831
11.664593
21.687097
10.792694
1.319825
4.550487
7.446922
13.747886
19.130746
3.301615
19.479251
17.165936
18.333566
14.068106
7.387157
22.894214
11.950640
14.652041
13.932905
13.067575
26.063371
20.385672
16.434682
12.717620
19.867406
16.909625
16.894835
24.146326
10.599429
18.916544
17.411271
8.372357
17.428426
13.182909
17.546684
14.365675
1.540170
10.604259
14.171417
8.070435
5.478224
10.199798
18.416202
26.958152
18.520993
13.184183
20.063852
25.975380
20.974776
17.133551
13.080508
9.047319
18.901209
16.176178
14.094818
6.674501
20.647785
1.753093
16.931776
20.571742
7.760638
22.770420
18.116418
11.542362
19.795464
19.523791
11.934500
21.873240
19.808046
14.243671
14.067827
20.084806
13.672385
10.110847
28.116958
10.164965
13.986134
9.829881
3.648345
18.242684
10.454634
22.334050
28.658142
29.950485
19.555206
19.911382
10.042861
25.593024
18.686554
6.600986
14.897079
6.575568
17.247989
3.447006
4.800583
17.843206
18.117609
6.210836
8.618103
6.564069
5.356561
18.175309
17.882959
1.282751
18.340536
20.708746
7.479297
12.758046
15.542947
17.803264
15.060062
7.658643
18.459723
12.634203
6.006049
23.370866
10.338457
9.668386
16.635327
17.350098
18.509267
1.850638
6.025222
7.398492
0.421228
5.564361
14.037080
16.680410
7.459989
6.904295
16.607204
5.360200
10.976145
3.012546
27.374139
14.450254
11.491667
10.962864
15.026759
19.963079
19.711455
11.873404
7.497502
37.071767
1.375043
12.934392
10.866423
17.224952
25.404549
21.749075
6.706506
18.618405
21.709975
1.782117
14.932213
32.460494
2.516111
24.649865
17.127523
20.574695
18.722238
20.042709
13.561054
7.553212
12.891518
13.088040
3.286231
20.212987
13.126403
31.460653
16.515421
10.884102
11.253438
4.075740
10.028914
7.191659
0.638798
18.916357
20.935013
16.533038
19.730317
16.571365
20.077639
7.704080
16.326313
6.774273
13.263749
26.117591
10.088887
5.145148
17.767649
22.541089
10.021972
13.188832
20.523248
15.093706
13.454447
18.450731
12.250516
26.260762
0.585978
21.344488
29.013727
22.584499
0.280016
18.300607
14.942204
9.760914
17.126286
13.880215
20.480518
27.384235
9.925507
19.112297
27.242565
20.496597
9.399418
17.406950
10.331555
17.780646
12.972780
9.899159
8.217587
16.342273
27.728325
25.936634
15.399657
13.068783
20.803366
12.561698
18.010307
15.774579
7.083771
6.831508
16.277331
8.420827
4.733220
7.738575
14.053245
19.408633
19.411873
19.108445
11.642872
18.989076
23.105874
21.631300
0.141962
26.759223
18.286118
27.080912
12.768317
27.215217
16.429343
17.254722
22.427875
10.700341
10.758773
14.422073
9.803377
20.403936
22.727729
23.326818
4.020242
16.105266
23.735140
7.683630
28.518833
14.335889
8.774672
17.901649
20.620208
11.119227
11.944083
26.832575
11.237722
15.718301
15.326430
25.838497
25.395930
20.989833
20.410818
13.471331
9.271491
14.232329
15.541474
14.668822
20.511278
20.028066
7.099554
20.151492
24.590660
22.816047
22.346056
23.240754
13.363952
21.567358
14.174572
21.599628
17.837778
7.342577
23.479366
16.484858
26.769764
8.615460
10.436052
11.135262
27.338439
18.494992
9.588823
10.601602
5.253869
19.229949
12.846723
1.466511
22.763123
24.640028
16.112369
8.112212
0.877043
16.335590
14.379934
13.957642
10.725418
11.882250
18.838644
13.949438
18.187783
24.474133
24.624003
17.450732
20.402687
19.793676
26.156184
22.251298
23.224138
22.366065
24.293756
1.254470
24.336922
19.550982
9.329388
10.555621
19.571704
16.672501
17.287935
18.585781
18.890056
20.580200
18.741084
5.484818
8.148718
16.459626
8.246721
8.660591
23.833633
9.504760
18.711259
18.881461
16.453169
6.074545
14.704455
17.056555
7.317642
15.827679
4.178923
10.407447
1.372825
28.464567
14.975133
16.340184
6.029508
24.055687
10.360480
15.228470
6.149287
17.759577
14.944691
6.588999
14.613837
5.928019
4.219861
18.656506
20.102781
9.796622
12.139279
9.157395
11.960671
5.512759
1.119238
14.550278
13.146464
15.046676
17.292390
6.438639
13.645172
29.597272
23.656773
22.774268
25.087237
0.278175
12.604939
20.736738
10.675023
22.383153
24.198315
12.764089
8.628047
14.324120
16.317976
17.101885
11.764144
17.909608
13.687445
25.175926
3.079359
14.950289
6.506030
18.044553
6.290136
19.513038
19.269354
13.430373
13.648631
20.780908
18.688325
25.515694
17.178640
18.272969
15.954591
15.037911
13.177453
28.421912
15.937309
25.200666
12.486301
22.425276
25.300361
27.213281
17.489700
20.905741
18.930984
13.415391
16.354890
24.610904
7.070481
9.212949
8.726397
12.916663
35.179520
12.250732
1.764056
14.710880
5.500170
22.634572
7.294726
10.389327
8.355085
21.103989
20.387888
18.486982
15.939708
26.456861
11.532957
24.865476
16.878246
9.200865
2.038670
0.217074
16.695815
11.183463
5.253374
21.833938
18.789741
10.189368
11.234741
9.644189
0.818574
9.580370
5.496175
12.223353
20.132718
2.686194
1.957475
7.804805
7.672839
6.270710
11.657528
2.091597
12.428713
23.057792
15.393964
25.374319
5.210931
26.867111
8.903219
22.565957
22.922378
13.703186
13.269088
23.445156
17.087841
14.917298
6.262948
23.436849
14.572935
9.694872
6.864414
18.005254
8.705673
15.831114
26.408214
14.277495
18.276670
1.665932
13.232697
13.570683
12.432418
8.124857
28.252514
17.543886
19.608024
19.424451
18.288804
16.866414
9.137977
4.646936
13.505564
14.155181
16.819083
11.546533
15.555309
18.229585
4.077060
17.267140
13.895816
14.178987
11.203359
24.374679
14.197764
19.777270
21.744871
21.428280
5.713671
4.624365
15.851477
9.173491
20.996044
29.217854
23.839537
1.967184
16.652080
4.298830
22.763423
12.636891
8.085285
13.167549
12.434271
24.599840
28.030896
19.039146
23.403177
11.704502
14.754128
16.199514
17.041733
13.923589
17.543785
9.724337
2.102174
14.382634
17.798228
15.416255
19.873481
14.560388
25.314179
26.146887
19.386690
8.522565
17.798408
12.171453
2.571483
2.220763
14.379026
15.410774
16.780585
14.020823
11.840127
25.724724
11.656966
14.189493
11.890147
6.502605
5.874878
13.723680
22.089697
24.843638
31.041891
12.610413
12.132061
11.807150
6.411875
20.381448
9.460700
25.163892
13.586668
25.053849
9.715326
11.708380
17.308337
22.496540
18.413472
27.020190
9.179789
21.095232
21.986909
17.858104
24.337800
12.617906
9.616636
18.499362
6.129582
25.060374
24.495739
7.338657
12.236467
4.651856
4.869472
0.389010
7.369463
14.036784
19.615135
18.560126
0.833935
