136.211980
133.947716
128.397349
133.407334
137.397853
102.309683
130.779719
124.416611
95.072574
102.269431
119.957261
124.466944
132.855574
151.292815
100.048868
99.774987
118.944575
122.375586
112.228033
140.609265
99.258345
127.861125
147.846089
116.240076
123.249148
117.422425
82.630297
151.209286
143.095406
110.350737
124.022246
120.674309
84.790402
99.141800
137.672861
140.934307
116.660111
122.318252
124.427393
129.098399
128.845867
90.568616
132.435591
104.985231
112.788322
121.876580
109.943817
103.600674
100.979025
126.306271
149.671077
130.707766
128.153244
139.451155
128.645210
128.607115
105.801036
115.043277
115.805984
127.766170
138.590260
89.453659
151.988476
101.142090
131.856256
135.172618
104.564159
114.603130
90.737796
125.651385
154.397191
123.843875
91.139201
89.703903
117.425666
116.491702
140.459781
132.970203
131.153746
116.322890
131.670596
114.504173
134.279040
145.562702
131.720833
137.870978
120.106274
133.748385
101.057257
148.842999
135.535122
119.314684
146.532536
120.633685
112.067028
130.601071
109.654126
157.984357
121.315713
128.053968
98.337279
115.438814
103.146414
129.685820
129.495654
129.090458
117.760003
136.709385
122.162203
106.272036
97.453038
94.958135
108.279497
105.745395
141.408462
100.038439
150.112957
73.945861
120.255387
159.171332
123.073247
144.378835
92.702552
118.050017
127.902227
84.036931
117.816222
146.523990
128.584720
127.257799
132.062327
104.487647
118.610044
137.603309
80.596304
116.047293
146.254727
127.384622
108.696206
133.832956
118.310943
123.101627
126.260911
100.378424
137.163964
113.816511
133.993992
118.862559
130.872468
102.736210
134.637245
115.878801
123.708410
102.870041
138.050207
106.498679
117.637456
138.517887
131.909954
119.563144
122.438670
121.408467
112.933234
132.090272
120.850007
113.495525
130.823808
120.183283
92.537602
110.061545
120.411671
158.036240
87.306968
149.664116
133.661485
138.720981
93.116540
123.746354
143.629109
104.765780
107.855260
138.757618
91.279751
131.662507
129.609746
139.270980
85.937641
126.284336
123.141671
126.221245
109.175887
96.408607
135.839432
81.823862
130.871947
121.991603
136.845264
106.378957
123.319362
121.706497
136.519488
115.917622
143.360033
118.024250
147.346390
92.031934
91.766336
123.013838
77.402018
92.665385
115.544389
129.780506
106.877261
123.386744
127.469507
141.487321
138.244344
117.888482
134.038988
110.408924
127.469923
134.589997
111.200250
135.257146
125.323501
114.974026
109.722534
106.072898
97.678995
132.415054
131.602011
139.053464
141.961668
106.098499
91.051338
108.977651
108.776882
154.473932
73.023169
114.863870
152.603093
93.662072
122.997845
125.713178
106.843238
131.890644
105.810297
109.231392
108.143117
90.954739
114.941998
118.311695
141.217769
115.362041
142.767161
104.501467
134.124435
119.863021
139.024378
121.786411
127.223293
135.209086
97.704439
137.992868
96.870235
132.056752
117.448112
119.239111
115.625827
115.578133
107.193692
90.696611
138.940328
128.605607
114.201771
106.786085
125.994971
130.978260
124.774350
99.081782
111.145513
92.823998
120.412145
122.024158
82.609369
125.219176
145.892135
114.204712
124.097437
117.032165
130.106103
100.195768
148.303181
114.538777
140.979440
116.399368
148.510830
140.097234
147.616925
102.724563
111.491333
138.736478
132.544838
108.042308
128.897688
117.087258
140.557333
84.600800
120.275210
116.803058
107.659646
128.016116
130.481994
112.797408
114.096650
136.887606
114.754113
100.071828
109.904586
132.116379
103.983469
128.665777
122.563011
121.302052
108.408219
127.743810
125.143671
118.921281
113.948651
102.790919
110.143289
127.059112
132.376861
64.263912
62.145154
119.270414
109.521083
140.367407
103.416768
124.336929
123.362030
135.796643
101.677540
103.749364
120.097886
113.286446
90.632063
130.870139
86.852812
117.878847
128.040932
136.566306
143.033896
132.317609
124.882707
148.752567
143.529689
98.714360
121.345525
133.779284
123.502706
128.294398
105.415984
138.870868
133.303174
107.524776
104.374603
109.269184
162.009970
125.825859
138.206361
136.828039
117.552998
127.823040
133.407732
111.438056
101.145679
125.566269
136.646721
144.527218
103.558499
142.596565
112.072631
117.748367
106.689296
127.763929
119.715193
118.603643
149.130980
106.204366
124.369352
87.365659
141.114812
126.343361
139.447507
121.469847
131.901610
136.620068
96.640128
111.837308
88.974757
102.665795
106.862606
111.047799
139.943600
144.892907
154.475195
133.461687
127.320011
106.206765
91.894249
110.056296
107.520169
110.509940
120.393304
143.798920
102.182207
129.421320
76.244083
110.110406
113.982598
128.642155
132.361372
116.956744
95.549134
106.128783
148.683287
82.693303
132.915351
139.209677
123.426161
99.714285
108.954758
116.343272
129.268992
131.241627
121.812049
137.106183
126.048363
106.917436
125.310234
112.366203
71.946370
123.063886
106.892949
132.940743
148.616497
131.131923
126.471247
124.219903
117.510037
71.140619
150.496174
131.130029
112.740662
88.979597
84.311858
109.556096
120.845252
83.386924
113.329350
106.168471
113.710237
116.500360
157.122426
157.007666
122.420455
146.596863
102.199058
119.409799
141.247324
73.053622
111.834455
119.597380
149.664167
121.135113
103.522545
126.042390
82.278988
132.812533
104.650818
125.258367
126.764829
109.515379
125.536229
116.140180
85.890779
132.453062
132.616367
102.005917
148.197543
133.324696
141.629505
148.543093
125.641884
127.004885
120.480370
137.722912
127.648721
115.902217
100.765821
146.856016
147.213350
124.270299
113.695862
123.610519
108.496100
97.342659
95.829529
96.152383
131.443944
121.254091
116.807587
133.087827
72.679090
92.077656
128.952048
119.590988
130.224622
150.414288
127.547307
106.708901
120.803070
100.696774
87.891402
97.048614
131.809924
118.949113
148.683065
127.990355
145.516358
120.654988
129.276341
138.674581
112.639607
142.281575
125.810499
115.383194
104.133998
97.956824
92.701956
145.228293
124.590272
85.638948
112.909611
112.615993
120.989032
121.300415
110.015162
107.138952
106.304536
116.541865
139.407491
130.603376
105.954223
121.244292
134.322747
126.809240
115.704442
108.336800
144.044856
136.490802
113.150595
123.138316
82.798958
142.306562
106.590280
114.168785
113.250989
120.016257
98.278106
120.294421
74.925414
89.640004
132.861226
113.697196
144.202453
106.563131
112.456753
118.202582
99.568621
137.492973
114.564418
81.680027
129.664791
106.115069
116.862121
113.121335
139.275762
125.964021
103.453158
120.782275
95.127156
115.690564
96.719426
113.181118
67.974602
133.789771
129.191191
144.344511
104.022492
110.444802
116.430606
126.119661
138.951257
95.324531
123.730496
97.313644
114.918261
122.869978
92.456458
138.409016
92.430878
119.506836
128.596150
120.307225
117.834259
113.111877
135.991999
116.600026
132.022089
82.401378
120.982563
108.093434
133.022928
115.180926
141.930327
126.820865
103.473497
102.441269
96.508852
126.618136
156.631351
137.747060
97.058477
149.950245
91.972299
125.337686
129.097683
82.860467
148.476394
94.613084
138.644436
118.624261
99.051558
109.723504
147.010629
99.778681
111.352915
99.881846
95.829443
107.124412
116.554904
131.339997
126.708544
100.381505
142.958758
120.648500
126.154877
101.939475
123.408177
91.505415
93.077040
126.200844
129.673534
155.541325
108.210666
111.971103
146.938712
110.096490
134.962992
112.396941
92.799753
135.781283
134.359463
120.889647
115.197860
155.340681
107.032125
100.612920
156.712621
130.523666
98.679033
98.064476
126.084946
147.136008
133.310135
124.786080
126.587101
128.446455
94.949518
130.946268
127.424564
117.103455
129.140000
105.646677
119.686096
97.475650
93.678831
111.454041
137.102742
115.350648
132.628841
122.505044
139.409172
141.218348
145.905636
132.669846
140.351821
151.044700
119.365835
127.690092
129.083494
122.835744
127.936885
115.353084
112.343775
136.855484
104.532299
136.703221
118.882919
114.672575
137.487257
144.402203
105.866143
137.786048
123.863552
117.428155
125.951280
132.917603
98.260420
127.659604
126.670038
87.274848
117.190657
124.146983
136.752687
117.355438
118.206831
116.867261
138.456894
125.814780
130.024115
105.437988
120.393041
123.637912
129.130770
132.179027
146.655269
125.969852
93.836104
138.922816
114.320601
117.133104
89.392333
93.985231
137.509384
125.521468
135.947750
129.865154
101.088922
139.075755
68.976797
110.655542
102.163252
125.567712
122.850554
81.949209
110.473244
133.954989
103.239662
132.680793
120.983712
103.954168
125.416369
110.768742
138.603238
121.078019
124.261726
132.547128
128.232059
138.947479
99.122634
131.780696
103.155897
88.228347
141.789104
126.523372
138.489667
150.583689
106.169426
89.341100
133.110474
100.363040
127.653945
104.776157
100.108802
126.357040
138.376836
100.874583
172.570416
125.039854
119.224411
137.332395
160.291472
93.487351
117.741758
84.179625
108.133181
127.305221
109.733840
123.359414
99.042902
154.767484
112.731871
131.298206
109.614054
127.493583
113.689786
130.780434
135.670983
87.224892
70.769663
88.861484
137.955524
103.474720
111.663600
115.926800
125.449846
135.800933
125.900538
99.191287
116.547515
152.118110
120.449068
144.039005
75.564298
102.802422
135.096065
124.634093
155.247656
108.618407
140.743455
148.426907
137.488607
131.419157
93.973020
132.008564
129.975663
118.813720
140.618694
93.912184
119.097841
145.877096
112.710277
100.426584
165.900457
162.660786
140.961656
113.916461
71.700655
132.006834
137.805541
110.228846
107.862592
93.080372
110.400216
116.754338
97.646220
128.210544
98.876267
128.286933
149.666730
121.468495
117.886487
89.023867
153.437450
118.017929
75.869551
119.727973
102.056446
105.021988
140.489376
112.570085
106.106198
97.147909
135.148577
128.644198
114.390524
105.682336
127.684896
133.834044
113.831275
134.692054
117.468310
120.220617
93.849944
132.257292
137.327456
141.613888
102.865903
115.579709
130.220318
148.715216
146.478590
101.167027
122.042620
146.063770
127.670433
128.080354
122.019927
117.018156
121.808628
108.678689
148.328703
121.854113
135.718562
144.014766
156.066638
94.115900
153.171079
108.546849
123.130968
103.409112
118.456753
143.918703
136.623732
131.417945
115.135221
126.906030
135.751485
119.060753
93.478907
122.839560
120.648552
117.850120
113.281572
88.083988
140.029357
145.735806
136.674644
130.235644
146.285440
141.983070
131.881257
141.523279
135.134009
138.479333
102.342824
86.839816
91.912523
119.849121
115.917417
82.002552
110.336363
99.349691
125.336088
134.776103
106.882972
77.079392
133.370747
97.743078
115.813943
144.486026
97.304030
109.326968
102.740314
143.913908
110.625982
103.844015
104.420236
89.016316
123.216488
80.858838
100.349409
116.655010
111.386380
116.083666
114.282391
99.032205
112.687096
122.848008
109.196038
167.921848
127.457953
109.064030
81.956698
150.937575
78.083514
117.657515
134.045829
106.215027
121.835512
99.945509
117.439034
126.163084
122.153035
127.321460
96.829624
122.042896
133.631648
132.822585
131.457718
119.438682
117.926390
138.409457
146.842451
104.560466
131.952756
138.784707
108.806884
136.522843
127.366066
137.224559
137.652135
141.784343
99.154171
114.876524
145.587670
131.225571
133.125595
131.661619
119.167956
121.586683
80.563763
127.440080
102.147565
118.624898
91.211715
142.055244
111.090303
103.228560
112.157521
129.839411
140.967755
137.484237
143.833134
118.810652
138.261107
125.355302
75.124763
120.118821
133.329750
115.247240
129.999270
114.345297
135.025397
108.260806
129.629611
112.441331
108.730871
163.312598
107.271567
115.357046
128.387066
100.517611
124.478780
120.992259
136.852457
129.923727
122.695243
136.303681
143.233661
117.439838
109.973072
124.870352
125.164909
118.686236
93.192077
115.214797
124.177928
121.797339
138.550574
146.332007
104.509884
110.274873
96.612768
138.994657
107.875175
126.182358
118.618050
101.286454
136.274516
119.656304
115.390840
101.462837
118.439547
112.684769
131.787227
122.923716
107.962073
98.572707
121.511617
111.541690
117.534755
127.342211
139.488786
87.344379
122.648583
99.203360
128.663436
145.823116
103.478954
93.719276
108.928865
92.622739
125.691663
128.722486
140.088302
112.317236
131.260415
113.042601
86.045169
121.003045
128.690152
151.761658
126.856217
153.153506
116.933860
105.261372
85.765357
126.502756
129.646329
132.086657
124.372807
114.571864
157.496484
132.232850
106.320304
148.941767
111.616189
111.648820
122.204790
119.173886
125.505850
92.004279
119.630955
128.431681
151.256359
147.292813
99.265530
87.632068
118.195774
108.771631
124.722978
129.327143
122.397318
110.098094
142.002949
122.636342
97.375178
128.775365
83.898045
124.877641
127.804561
131.232898
128.365305
126.692238
108.101566
137.980544
136.066515
86.777817
102.935404
126.674753
124.973827
121.300253
112.715865
120.103233
131.807296
101.518268
130.477084
95.521879
128.112081
77.079944
93.326756
121.679454
105.673812
113.696027
