213.434181
222.914603
204.761161
168.478260
203.405524
207.060859
192.169077
176.701470
233.781983
207.946310
208.281249
213.804649
222.078643
193.615148
188.561125
180.429508
211.013630
215.084284
204.603251
220.521330
217.800552
167.287379
181.873089
207.647543
205.136100
232.553728
181.839336
237.200938
188.595607
218.654507
229.792245
204.061589
247.215078
209.017391
231.929980
221.617895
250.549423
243.463814
211.832253
214.066229
211.253522
237.377417
213.208716
159.329044
201.516163
193.629370
204.769312
226.462203
226.146897
202.387978
252.349777
230.349946
214.939818
241.761705
196.254330
215.596350
179.765258
196.952555
187.521583
237.139840
229.605898
211.207291
184.461534
240.464815
181.415459
179.063317
197.726058
164.452486
161.529172
241.362049
191.016311
213.974294
235.310699
196.277194
208.097033
199.708953
229.133964
221.248134
207.228565
189.551256
234.621789
225.863380
169.149121
229.075319
165.052015
208.328537
218.325106
225.036996
233.233904
229.643895
197.502883
177.587136
206.193757
186.064353
217.308724
198.397630
193.002471
243.253030
212.460754
200.518577
198.746063
193.631066
243.049144
217.270621
190.353854
170.984293
238.619556
197.780299
252.630442
194.208336
190.351261
195.022734
203.894189
183.176318
225.874557
218.386322
238.541872
242.042315
237.249219
177.025383
195.766937
218.528721
211.463782
204.382107
225.382893
214.503685
188.424265
176.410365
181.542690
230.367626
235.759797
253.354102
243.414095
248.407286
216.261424
201.632613
225.690053
203.979980
232.866548
206.435257
226.331585
239.298778
231.756662
198.723601
188.562873
198.553669
206.169740
184.007883
185.391400
201.651952
204.423928
172.618982
209.463440
177.278551
237.424375
190.560849
223.520418
221.506996
201.615377
211.660662
173.388883
187.385617
209.214776
213.999906
160.630471
183.616338
191.175479
216.343088
240.016498
252.863402
202.691427
176.556577
233.540912
234.475046
225.829886
181.989246
214.997133
195.984443
173.796839
202.555164
213.862410
202.978014
225.126391
210.448935
213.197496
207.899178
178.158364
171.525802
234.816262
197.564166
191.378014
244.093520
195.780360
218.246395
219.022273
224.475255
210.184892
169.831378
242.031804
172.575032
195.027173
254.455516
219.170384
234.029190
200.379872
185.770490
216.027040
192.764140
200.738963
205.018101
235.686512
204.742587
203.092284
203.515628
209.788351
190.687656
232.216915
188.679718
210.611883
202.968645
170.279541
190.648234
229.253391
211.408366
227.371309
195.897818
247.470294
241.686098
206.069543
224.843684
214.353946
233.176754
202.539648
227.513384
197.268690
238.815328
187.740604
231.238441
195.948353
184.137769
170.114078
199.893692
190.032109
174.699892
232.205462
230.622713
201.295887
221.916446
220.512531
187.389290
235.031482
231.878637
224.917529
245.455131
200.530410
202.336909
214.285859
246.353648
202.013887
231.227220
220.318975
186.714626
203.444881
191.426591
220.274246
200.630350
196.908917
170.164318
165.949569
231.934214
178.936838
186.350263
195.772540
186.450774
203.405323
194.523794
215.559983
188.254019
168.095658
201.840505
205.702741
197.918968
223.609093
169.281502
186.115719
204.061000
212.759698
213.926631
181.161096
251.922276
224.817888
200.381892
233.455515
221.200231
225.069885
218.914249
196.339020
197.251656
207.723936
208.693561
225.064212
191.554613
203.566515
209.178167
238.761045
187.510613
221.514760
212.547538
205.920507
196.207685
258.851731
196.643958
170.849260
206.126116
243.979297
236.544748
186.243173
223.470667
208.823192
240.566833
217.714103
200.490306
208.130874
210.812125
200.758785
227.146451
171.995663
234.408559
222.895077
204.005992
177.781637
205.787092
199.475643
211.955819
157.731217
227.099420
207.773564
189.534596
207.457098
217.783983
161.869205
204.124767
170.326122
201.596628
185.251914
169.007654
197.382120
201.318802
221.965036
195.911216
190.653574
233.138097
238.573336
213.792132
204.526610
198.952698
186.076549
246.651992
243.007036
214.386044
194.217027
215.813032
199.035739
206.509542
208.930677
224.114066
199.676257
218.600230
221.904535
221.375883
210.310731
219.078650
206.124244
261.518632
193.429917
201.095441
185.076677
191.304861
184.401279
189.014208
211.505496
234.195702
224.242643
192.871146
213.724190
198.586799
206.455706
222.101031
241.586866
218.473387
232.185708
233.990182
188.119579
210.868908
203.423607
212.881306
194.937899
205.406477
205.383108
200.352378
176.570995
196.170449
253.096093
182.091007
230.930703
217.188312
228.448234
206.324242
214.520609
217.848486
217.785101
195.247093
152.222632
236.686815
232.115463
208.022919
191.237309
216.767823
197.888164
231.736547
220.744542
187.451639
232.231774
221.611388
218.770584
183.412446
185.648307
177.994404
226.864254
245.775448
215.732039
239.186542
244.697986
207.659462
195.044925
208.338584
219.659758
216.619456
225.022893
188.582490
234.481594
218.381498
186.848846
237.106216
212.474749
187.239237
240.206307
232.280465
226.899143
168.457756
197.405766
183.010551
187.485588
230.939355
228.183150
197.266916
187.801062
192.700637
162.410852
216.452082
232.554181
222.649755
219.195018
211.719416
207.906236
194.472770
261.957458
208.602883
241.670754
222.318241
218.687538
206.216610
225.277537
209.154782
164.987780
204.800055
205.460390
197.630978
188.696530
220.655865
201.957637
251.623325
249.004202
203.635796
222.629583
185.713566
207.586943
215.256921
223.501663
203.030252
222.803138
199.999392
218.349819
221.564235
195.237643
225.803494
197.016832
203.066167
228.206311
195.810173
159.728851
202.691274
227.687975
223.979166
223.886731
217.272006
195.500753
200.540166
200.814513
215.059458
214.441348
206.654646
216.964437
200.796077
230.888765
240.884020
224.705558
225.146326
181.517933
256.002579
185.681852
219.744624
212.670017
228.125406
221.930399
226.747471
187.933295
174.246844
195.826676
219.084992
215.736042
172.800427
183.072396
229.430985
207.368699
222.483828
193.671944
241.432445
244.462229
197.339856
157.242435
213.061800
219.800906
218.685624
227.624501
212.297352
214.535364
167.569696
199.164358
216.385720
172.545826
195.399341
202.992008
158.223039
216.287899
212.443360
160.996309
183.971889
215.415985
169.390605
227.133227
183.825441
234.112215
195.874428
225.275143
174.492387
194.761182
224.919240
234.259845
221.231246
183.578326
174.604015
214.838636
218.798083
213.222917
222.263713
180.880154
208.852043
230.775048
255.283310
210.345909
221.729903
193.897500
181.892912
183.735094
196.136952
225.594350
225.156410
209.403174
240.848820
190.391085
202.452289
217.555945
214.670267
220.302427
159.358598
202.369200
236.748260
210.268310
221.785214
234.335133
216.843293
184.389067
200.759790
251.046208
192.452764
201.780696
196.614132
234.426672
174.214236
229.547846
214.962777
210.964739
198.037097
182.183653
228.077047
238.564778
201.885921
198.554876
193.233415
198.206805
213.981171
172.199511
248.868230
193.108983
188.305603
189.743172
226.541602
239.866402
236.364441
230.623419
216.753799
206.887321
221.380936
180.644370
245.261585
213.306028
263.537411
195.880117
169.700483
236.705519
193.602800
237.043615
205.754278
243.002831
231.050413
208.902937
191.035484
212.116336
239.238827
214.293265
195.581490
238.155284
218.739423
223.458902
234.389476
213.049469
179.999373
175.438651
221.537200
186.149484
225.752653
217.510410
210.378638
227.692262
220.089130
199.333630
213.898887
229.780968
237.330787
217.516570
204.925215
232.209994
182.081728
214.230478
252.343345
254.490188
221.306197
193.877489
209.918126
218.453439
220.182452
215.652599
209.080250
203.718433
247.080549
180.311697
240.022125
207.103613
197.113159
225.397350
223.510919
266.511397
212.077475
236.987684
214.686566
167.341387
245.268822
213.325988
212.599454
238.545430
245.231317
212.584464
221.762146
200.310673
199.889504
210.634932
219.432977
189.847717
187.700607
202.813520
199.994285
215.923660
210.183999
195.968587
170.030147
201.443900
193.229103
243.291327
209.974631
153.705787
169.799624
214.967595
236.789396
230.838522
183.669456
175.968693
202.239085
225.733218
235.162947
219.487623
205.671616
225.826341
239.687265
204.716910
205.244488
268.880177
175.671698
202.245576
152.700148
210.871195
233.410845
259.954416
183.386413
193.900830
240.635319
194.504880
198.239169
193.305888
178.505378
173.775712
195.728440
220.557572
198.371524
190.857829
224.939881
176.826656
221.404440
244.434397
206.012728
249.920846
225.035345
254.490131
197.610451
197.728216
186.097909
195.640457
188.486696
225.414882
226.562317
199.248123
213.127939
217.171522
181.123991
202.531700
174.098266
187.867542
205.104228
228.528669
163.251557
205.239470
214.287536
209.608888
214.300151
212.942827
196.753990
214.061330
151.411751
206.931030
216.996419
197.676544
187.226567
223.535261
177.026015
192.262331
190.861676
226.951634
192.944354
201.000064
189.763685
177.321733
189.649526
220.594472
199.811295
224.392469
185.355604
231.515914
205.376829
212.739434
198.841570
185.197346
206.775351
228.113606
211.726470
196.783777
182.478690
232.606904
197.430230
183.260122
182.701793
205.690652
193.413347
221.659877
266.681435
202.307829
203.818754
210.737824
222.856973
197.021572
225.723861
213.615969
222.739330
206.753423
238.752609
215.529320
236.841371
245.789025
204.283330
177.079800
235.226228
218.621560
211.919009
205.820644
206.763443
208.699747
203.318477
232.109132
213.615107
228.956614
192.819530
203.686522
201.413006
216.948601
226.949309
195.950490
196.544329
212.001267
224.341976
248.689435
186.702710
211.311014
225.557065
196.766928
217.540964
197.203511
270.929001
163.053533
183.534942
194.128323
196.669197
213.385690
223.449422
240.685306
182.294298
185.150649
262.707117
216.642983
224.909157
158.163202
196.239249
241.728319
230.412553
191.832588
209.332590
188.071329
251.887296
231.106765
197.272166
205.022140
211.936367
219.484900
245.230868
213.278969
176.079634
193.537621
203.319336
205.479969
219.047055
231.159931
243.573962
190.756900
211.025903
208.886025
221.622735
219.421498
220.643861
196.688844
218.288774
220.505163
180.823408
228.963467
214.669729
206.378449
203.525292
179.561252
175.457561
213.844131
182.170575
248.456191
179.913540
199.658070
167.804435
242.139682
216.036892
222.242260
214.175666
250.389671
181.305234
194.165256
226.790075
184.098328
209.528729
254.388814
209.495448
173.919202
233.664429
232.612785
214.634950
209.762849
227.047336
175.369086
243.524532
190.481515
206.491074
190.230150
233.327743
219.829923
195.494892
206.513874
193.378740
185.071108
202.582930
203.409524
198.918144
178.724512
205.842024
228.369885
223.568174
171.934154
170.127844
203.575449
246.008703
211.254204
205.709440
230.353065
184.964345
222.306392
202.289213
171.553160
184.750169
205.371603
214.752493
178.991958
190.613614
222.103655
173.105783
168.576602
215.459553
198.440538
179.462588
226.400328
203.493040
174.005897
196.203241
231.032827
169.309497
224.023423
198.165726
231.762987
222.990764
189.152268
216.959712
217.712354
211.639649
233.333531
194.842597
182.377826
197.888305
225.058832
235.294573
243.055111
163.318462
205.524895
175.769291
179.245108
198.243939
215.986591
192.350373
239.061979
177.840405
193.033569
186.354391
216.027762
212.773495
179.480232
212.065613
239.332589
218.879314
191.691684
221.164710
184.588642
206.110900
228.621914
169.082295
225.598850
206.372977
164.771002
203.527792
208.083445
193.263265
202.426963
203.730839
205.496465
227.566498
192.310353
175.771180
181.050574
204.146571
181.216750
223.400117
176.486309
203.526724
225.368024
206.209565
186.546133
190.312507
174.687156
209.666473
225.278773
219.656365
186.360468
206.977664
228.290956
233.030719
192.676699
220.901698
225.047412
213.648404
189.264524
212.463034
259.353809
225.797165
187.701896
201.224487
207.075727
168.619276
212.562132
204.701039
205.885720
213.848257
212.281356
206.979722
189.816189
259.005593
165.563595
256.683977
221.787897
160.457398
204.726791
218.729521
218.626132
198.312863
208.877669
199.129008
201.419093
185.386159
239.598446
213.982729
207.249943
203.619561
180.396913
207.504126
197.643208
209.729386
212.886671
234.814035
229.524984
189.523982
196.330434
213.011261
230.514857
219.099737
241.263936
193.147226
208.590899
187.111324
213.682405
207.006725
188.922205
182.197900
202.671333
171.654149
212.667722
200.932246
226.017592
220.404999
215.385931
256.027971
183.697379
230.225353
194.269871
155.527353
205.156498
231.115126
180.998177
172.694543
198.627427
169.730233
230.592425
171.898632
201.213837
152.282074
212.179680
193.814700
218.909448
176.671967
193.637360
236.469358
234.222850
177.139315
210.914431
184.674869
202.899139
217.626195
181.318812
222.262068
233.895902
225.985316
227.885732
224.637219
176.283945
240.659502
218.061380
184.405502
207.617429
221.448236
213.626199
209.368758
216.764042
204.715575
175.402597
230.744316
227.008949
197.895530
195.726660
225.445411
219.967624
218.098039
160.710514
215.672644
183.101290
188.159137
226.477384
228.628986
201.618592
216.243385
210.103454
209.822306
225.561298
216.661166
195.920107
196.500991
220.429979
232.113282
208.871153
209.329992
203.621521
220.406278
187.538637
171.285309
233.170473
216.772403
224.288139
210.061681
190.640976
194.082629
190.063087
225.871048
227.063470
248.692271
174.402533
197.736316
181.739270
180.359038
216.189467
231.078766
181.616780
196.834428
205.870748
175.890077
222.389289
235.038085
222.488297
197.073255
203.049858
225.055294
197.208258
170.789736
214.051358
183.285108
203.309349
245.991013
224.577572
192.186793
184.209905
202.103636
222.173489
199.623370
177.957636
208.593648
252.061992
242.706283
220.242809
186.293621
217.792114
194.867336
200.890556
194.535811
233.344304
204.019004
193.151901
185.861380
194.945683
200.819960
228.494530
236.636764
223.430962
208.019240
177.373522
186.222863
239.746970
187.232647
175.505644
206.413965
192.925282
204.731031
169.281339
160.286177
227.831113
196.100194
224.683113
181.518490
194.640880
218.183522
207.245792
201.148906
205.448525
248.151999
191.442500
208.546962
175.606639
186.126374
181.188501
223.859560
233.657731
223.419473
191.770535
155.621387
226.461316
202.112583
143.911803
222.703332
152.981774
229.857130
207.489162
229.890171
237.086242
244.310287
222.725833
219.083929
179.859072
217.933375
221.789650
265.082864
204.855320
211.939820
206.340259
180.548726
205.623917
197.661020
222.182687
214.433214
203.998020
258.437757
222.569910
212.610400
232.592110
201.152177
211.787323
220.995772
239.633767
164.857073
169.540235
198.774283
252.700229
202.795964
279.623073
178.050759
203.314167
207.364412
220.652508
188.231768
160.600931
210.098043
256.208127
218.744654
192.490398
198.862746
246.222924
217.494059
172.308192
181.510643
248.866661
220.208244
191.724379
188.426853
215.025752
208.511182
202.506111
216.577634
211.132430
174.806689
213.798873
232.644510
205.409733
208.200195
230.194596
222.337177
182.725752
236.159436
225.005696
215.519607
191.225125
191.672382
221.256333
185.587441
193.279309
230.328409
187.520320
209.082624
230.107447
186.851637
215.724530
156.112615
187.546899
214.361274
227.058278
208.898645
222.769782
202.672946
209.823327
183.532076
229.390147
197.154763
190.728086
222.962976
214.129971
212.806878
205.594575
234.336733
157.008563
202.965898
208.466563
240.833248
240.529072
210.509426
219.325442
193.051621
231.416802
235.211547
215.033790
195.497267
198.642302
187.883321
225.417606
177.510213
211.180294
222.523777
222.047807
231.927157
186.089718
207.724622
224.260444
193.084941
229.633190
221.925076
184.422883
185.433627
224.441586
213.431511
187.631114
256.622720
200.633225
195.770976
197.983234
177.817163
182.737632
184.974840
242.805842
233.186566
194.027888
228.908232
230.252220
204.665079
205.672717
148.686516
225.554987
212.574165
225.963754
168.836767
206.926537
194.599168
234.439592
217.448490
195.707814
207.902658
219.938605
201.780118
225.162430
236.732728
206.279133
202.523608
226.410462
226.388799
214.045671
219.485799
206.275527
215.070765
278.888665
206.667190
214.934059
208.479989
175.869506
147.264273
217.723755
172.702348
218.347942
223.030276
232.602975
229.937356
166.548473
250.851942
222.794276
183.448437
227.425154
179.498649
172.251905
242.338681
211.108421
209.778235
195.214430
184.277911
215.474908
224.366069
216.815865
245.845498
218.433530
256.485246
208.880119
211.753191
227.747952
223.114547
210.747053
220.363087
231.706664
228.475832
248.765803
202.101969
234.037528
185.376291
221.698907
227.925322
240.927179
223.731404
210.233349
228.164751
188.178491
238.307616
206.205787
188.662808
237.605426
220.835698
164.799595
187.944328
224.847987
231.529371
215.752788
204.040929
232.622639
203.752566
226.707662
208.473655
232.577007
234.541743
185.921299
188.852210
210.877618
205.699989
177.779065
202.238631
168.840776
171.834204
245.949199
209.538806
235.049033
205.152301
194.639413
207.381603
203.671789
209.301406
187.140472
199.575832
238.376517
218.245740
198.938293
232.754799
195.554557
213.565304
205.556581
172.917758
226.819151
198.697687
192.930261
215.414394
206.878203
176.768592
187.035816
184.666427
177.338702
241.365274
224.578627
189.138049
174.609864
187.776636
196.017055
200.941279
239.515617
185.393436
220.152875
216.674256
213.773975
220.533517
233.124966
205.373929
210.956636
192.407332
191.590279
231.375512
213.008172
200.207141
200.890817
156.661000
152.943465
254.061302
219.440107
228.938857
231.529687
165.911568
227.725158
213.810392
194.098300
208.193523
246.991606
246.405519
225.252008
214.456731
158.731626
225.566363
214.515799
225.147288
188.342921
183.256818
220.165816
206.257331
179.888493
222.688947
208.205109
202.449651
213.307967
195.603618
207.564248
203.752587
164.280851
247.198304
240.073827
192.435349
154.609533
198.886464
199.064671
193.313144
179.871381
215.802339
231.645948
225.420516
231.844195
191.400018
199.968901
175.897165
198.761440
219.287242
235.652527
214.326047
224.130473
242.446781
258.619965
158.114746
235.113284
192.387311
199.184323
232.949164
202.209835
242.909235
243.740353
206.208761
231.760959
240.425598
211.959599
235.983225
223.947444
187.494761
229.367166
199.714116
172.309062
205.837571
189.634346
226.726070
240.134231
186.742768
250.328914
249.008603
194.280029
231.749558
185.549860
233.248185
160.839931
199.419337
246.053150
182.369356
229.056372
214.969725
192.795783
225.955052
166.771151
238.212428
211.646707
212.846872
225.375462
259.687667
226.987098
218.986921
245.538543
224.689289
196.335173
203.475466
241.389688
173.579903
230.366844
202.486208
192.259216
195.122542
194.155779
227.195101
223.626952
213.668793
192.509913
210.723338
247.516373
219.606277
224.337780
182.597279
204.872727
199.946990
170.665751
187.110202
204.193072
219.774547
253.941453
228.182683
237.713357
202.074853
202.700356
212.699537
225.235714
206.081449
219.365133
216.722699
201.571889
204.737643
200.657525
178.264546
196.133537
174.571566
188.533014
189.977049
188.875461
237.993240
213.956031
213.172561
203.093252
235.719787
206.114220
200.504147
201.802675
198.819532
256.878718
186.158346
193.743929
203.485752
220.974707
201.936156
205.747126
192.055312
200.924799
159.256908
194.174683
200.436834
186.174795
156.716583
201.677480
229.580071
162.860339
186.109779
246.451434
189.185787
217.401603
215.360636
206.508269
170.860380
227.749054
188.039085
202.329996
189.598327
213.388836
221.382064
240.010595
188.767354
231.610725
192.512962
186.172230
229.760157
199.220086
246.386115
200.168692
225.789850
139.660685
229.890138
172.454537
195.376883
209.289238
235.382866
197.908096
252.061765
174.977508
207.923803
203.910204
210.467510
194.219795
167.381231
201.436225
188.648511
240.577180
195.855089
173.181152
197.727764
200.121999
218.840421
244.533618
199.175136
232.335635
197.343193
217.454075
231.217607
209.650539
199.969432
233.504845
236.863812
230.715235
237.585996
231.933421
215.584679
223.164957
230.659991
203.330218
222.404678
199.465147
238.890900
246.525895
218.931914
206.911849
227.100219
214.088585
181.125362
185.164468
198.688970
225.857455
240.531161
200.974518
211.084434
191.456838
202.622841
215.429981
186.826360
231.834441
189.035711
210.884381
164.603200
211.724879
222.865188
210.985317
211.405124
236.318286
174.836054
191.664199
175.019338
196.044560
203.825446
193.460171
181.684892
215.919152
166.999310
180.748422
189.546674
209.827580
182.680077
178.235041
232.311563
230.272148
168.285888
172.037979
222.915677
202.097911
218.103335
214.989019
196.751528
192.446105
202.761199
192.434304
184.482516
224.316452
200.658320
213.941522
222.461276
199.117394
203.055507
194.601740
223.143712
179.501340
209.998841
242.315977
167.415660
217.804590
211.734981
166.091538
185.960511
229.531402
207.565991
224.228175
233.140007
187.734187
227.187435
217.969318
232.388548
256.117271
203.768944
205.987204
218.610446
191.721016
232.632361
202.337531
207.657048
247.895115
211.850948
153.717247
183.069222
192.831938
222.475576
160.259668
210.268039
