147.673829
105.999710
137.586297
133.074869
187.020925
169.120053
148.602886
95.511590
147.421590
162.714518
113.289513
138.568499
169.529360
152.053739
117.189348
144.200595
162.368243
153.254652
171.591220
101.371916
149.383358
164.839937
185.072527
163.187460
149.112194
172.149683
149.250287
178.138808
184.298590
186.858491
111.868070
98.313240
112.976948
170.253618
143.644140
146.974090
142.718888
133.969702
144.799841
142.378835
170.994945
139.820595
97.589964
155.918661
90.407262
141.077173
111.112254
90.168330
87.351013
154.503263
128.317465
128.232771
162.445958
119.640358
156.852196
138.525954
107.824775
155.661322
148.995851
158.895848
183.629253
148.728079
144.521577
161.379241
175.071419
155.366967
133.468525
182.196368
160.126042
167.504206
178.227037
133.028206
141.227672
174.930543
154.323518
156.198084
179.755955
145.243088
128.252462
147.504350
133.614909
124.343823
126.700093
158.106259
157.567038
163.307826
148.569068
116.348560
117.102874
176.016068
141.833326
102.752351
121.660374
134.495722
182.585768
153.597099
166.282050
110.747375
154.101716
192.771589
142.387420
180.401764
159.735532
132.826634
115.130137
102.481233
126.858513
117.318914
132.352108
118.177713
142.007740
176.909634
160.220768
95.854983
145.542365
151.329627
139.024883
128.277218
168.012981
172.919565
146.981111
139.764125
97.810562
153.976278
147.702649
137.906224
122.476464
125.343442
163.780973
119.550249
133.698444
123.337049
120.970138
169.770288
137.972511
134.734796
169.714550
171.068441
174.353269
127.107563
131.061456
149.765067
121.062907
195.874780
141.840870
148.040155
164.099106
112.834346
183.239941
142.161341
152.708763
145.770156
106.888958
165.616085
137.303110
173.388801
123.396866
133.832277
174.215539
167.663457
108.769623
181.843696
112.584889
157.948204
101.305670
184.234130
90.259942
133.094562
159.594720
147.663704
129.351171
180.996870
174.816752
164.663573
152.740473
156.295586
161.524350
98.309671
140.253341
84.103873
155.325628
146.509452
98.381633
153.877765
118.092821
140.700168
151.554192
137.118887
143.262522
182.930715
109.322637
103.915178
164.694281
142.558306
152.172926
171.710456
130.153320
85.578051
153.589356
121.159409
171.332116
161.965645
141.345641
147.723945
94.197258
118.162613
146.692211
131.195612
155.292183
147.494311
90.401835
139.592553
125.935809
170.407731
142.986849
89.444457
118.767790
160.996052
127.349955
166.214789
153.646134
149.767728
127.449777
153.175234
164.149930
170.782022
127.175260
126.545396
150.916531
164.823271
146.596138
163.488211
165.658571
171.613628
121.211410
118.595374
137.010865
103.736305
88.029418
108.039261
121.557519
120.112429
134.404408
133.307571
153.179029
174.900341
121.252118
117.770806
124.866707
154.344408
121.724609
188.003123
153.955797
95.652145
141.808557
149.767004
144.770648
151.095604
136.784252
134.774986
113.858567
155.402604
144.472772
165.015813
109.022032
171.374500
162.894497
180.545706
138.163934
153.221190
163.247583
95.703517
156.982620
150.830658
148.818985
119.797484
120.736795
143.480370
134.883644
122.132578
176.179178
142.084345
132.625318
159.404844
88.089725
139.849355
80.801954
112.835198
157.192136
140.434028
138.338918
159.102823
136.524774
126.253748
98.056160
158.938012
155.587947
145.850490
161.963599
161.174233
123.453309
159.661686
101.407745
167.124981
161.401908
101.958682
120.497905
148.646217
120.492923
139.283771
127.112549
176.192300
173.102152
153.202256
148.725273
170.433749
133.569142
140.510295
142.027459
160.665531
132.768863
116.768419
194.357867
151.423730
173.049750
154.799901
163.082368
146.458128
143.975935
108.690148
154.360545
145.973762
180.986940
120.267064
117.378432
145.136602
120.476147
119.315368
157.510467
151.054960
141.487504
151.283757
111.253785
162.085132
142.990923
108.674021
120.443063
99.228275
168.785892
163.001417
106.906533
181.004466
195.490910
123.414188
98.031476
176.629250
131.244099
146.993695
143.685148
151.725128
146.535454
123.715677
118.351649
137.899067
153.284499
149.102506
156.483373
162.880587
160.028840
143.240671
135.689988
100.256144
138.146078
113.470905
152.830760
145.445172
198.484286
140.433254
149.889791
105.309064
136.606625
125.575878
161.789664
172.029163
98.831530
174.941475
164.765149
148.413852
187.317587
116.145804
138.944667
136.342675
127.396301
138.764514
97.059854
180.904515
149.178984
166.325419
151.634994
148.704576
155.269444
96.894125
129.296118
177.380149
134.148709
151.110440
160.187118
136.554798
116.246975
131.243752
136.840617
107.439741
136.571715
169.760920
150.380728
157.676777
146.119620
148.851289
140.563026
152.452422
109.749979
178.246709
102.826850
156.100490
168.307175
96.309637
157.355851
123.060052
150.409683
186.476214
141.057251
132.310226
157.413714
186.307908
168.719808
172.643907
140.703627
158.461546
173.007287
154.708407
130.455288
147.904302
192.940845
118.491046
180.047673
141.299980
132.794820
114.102906
135.329759
141.295917
169.133493
121.828194
125.729553
142.341407
130.248863
130.642573
144.047370
168.745319
159.481314
111.787018
162.475576
203.392795
128.591461
128.431522
167.504548
132.960258
164.177071
79.696235
158.239642
156.352984
184.782709
168.340512
104.240955
156.031939
163.668791
142.169813
105.016592
140.788566
158.532732
108.061291
181.209693
134.422335
119.765198
106.087091
99.087894
135.971576
150.717989
169.484905
152.204367
156.797246
120.784514
169.008311
88.453387
155.889600
130.942867
163.497432
142.326830
174.342984
99.244900
156.382120
108.543259
149.212153
129.579116
167.155711
146.692672
155.828862
149.021683
165.054036
137.321263
151.822537
128.738789
137.246047
100.417797
107.724897
151.686857
163.854554
135.869616
160.585935
155.267830
149.584051
146.740705
147.053580
101.983636
174.677483
137.281171
151.675542
113.828282
117.940777
136.564902
195.456634
95.017629
177.677920
133.655788
160.851318
90.739878
172.266367
154.176152
178.718789
153.626109
151.349633
183.857692
137.226426
145.637400
139.449942
120.242439
174.732102
164.105080
156.438608
121.015353
86.377362
163.173436
174.981746
136.903775
120.777586
150.478841
155.946646
149.633187
160.557508
135.601865
94.874374
165.313446
143.604441
100.253859
147.115440
140.228977
136.832051
187.625464
114.509528
152.097779
143.859508
158.294679
138.030642
139.899149
94.690431
149.573680
136.320848
93.093678
144.022155
142.747968
146.497277
116.582885
177.887157
154.388425
150.778728
164.824477
143.052848
135.284916
137.009315
128.354849
125.654226
123.556784
163.352417
137.535237
148.708498
90.326027
146.811073
128.470260
139.089344
160.986907
164.785260
136.086776
181.326470
180.656055
86.029173
174.063636
156.885619
140.757771
108.419721
175.158020
155.221415
104.248053
94.886441
107.411745
128.784107
132.200424
111.858633
172.484602
102.715080
140.859019
114.374105
121.782052
176.502606
123.571474
177.655366
128.418291
130.241170
93.835284
178.210334
155.755809
114.546863
129.427902
163.872657
117.880143
140.259047
103.545742
106.900594
154.974636
142.680745
132.156473
142.562679
175.064620
183.106711
125.970564
144.344306
160.992399
143.496679
154.504774
146.113694
160.123161
186.051317
157.039352
131.858821
173.133648
109.766179
135.887593
140.647030
182.527998
154.335331
172.653314
148.838171
176.747863
139.653230
153.419812
178.880708
134.071163
147.153751
173.829008
141.954870
158.051563
173.506023
174.584546
121.253636
160.411536
161.363011
112.993957
166.909696
177.652826
135.133786
132.810439
83.739404
184.357622
104.267200
139.348779
158.897418
128.781295
128.095273
127.416152
102.740583
171.301531
192.014164
84.873556
164.935053
171.678301
160.822470
106.945041
169.368358
181.772287
160.936101
149.628820
187.170256
166.740742
174.670976
148.204788
181.891330
126.244566
128.409216
133.207950
161.431912
162.060649
150.620748
136.795230
147.391015
95.884742
153.044833
178.103172
128.109842
103.320136
103.887548
138.993310
127.773680
133.829874
103.835690
150.611578
152.488700
168.303017
102.161794
140.242593
181.363125
103.080173
153.802753
158.327483
98.908176
108.631914
140.047572
139.436870
139.243722
166.525979
129.658223
145.266830
137.362784
154.427583
183.481841
123.296406
166.879981
149.010423
93.521064
149.375077
134.218621
132.469830
170.357907
147.611459
157.969482
153.598653
123.638620
136.638528
124.040318
151.904521
146.461256
151.497204
142.175193
154.297819
147.178781
181.593555
130.352151
112.026368
163.294062
109.126999
186.705880
146.485388
90.689348
152.360116
119.219855
146.848980
146.714726
149.756799
183.249850
188.257155
126.954897
176.643330
134.358672
159.834234
151.591281
177.133375
108.068245
160.402089
140.836627
160.978688
143.316273
132.378188
159.583528
140.852347
114.654310
127.039016
143.753235
162.931900
144.803676
127.946547
178.036018
159.643398
133.909039
122.238181
124.639348
177.967464
156.095805
162.271885
150.829114
127.936854
188.555259
122.431516
158.716420
138.248996
94.718797
160.438215
162.607572
118.966985
144.922331
179.525501
139.855739
183.950861
100.774141
152.462382
144.725102
127.813745
135.223376
158.850810
146.656625
146.367066
146.714595
169.489634
183.016804
159.428670
167.041522
118.908739
160.070933
174.657843
150.602489
174.327114
166.215045
144.914912
150.195290
150.769663
166.406688
146.218498
109.931854
157.505195
170.908745
110.219986
151.865802
123.467951
92.697254
151.625392
181.609163
166.308893
124.451045
121.752190
139.766037
165.777412
168.464660
168.162839
165.991843
134.801737
160.578542
165.088242
141.197348
168.532338
174.477978
175.600732
133.712234
164.044253
130.075521
166.578032
135.034459
125.787148
151.076727
147.557117
125.776776
154.860350
125.686953
189.910347
151.621730
152.827202
146.552541
138.699934
124.132447
120.403313
143.196292
153.856432
139.298280
156.216111
163.836473
135.887111
111.472846
170.447475
143.867440
163.230648
129.873716
174.046639
80.664743
133.395946
125.240815
113.672674
127.995142
123.037141
145.808239
100.917298
105.409302
142.105207
107.045445
123.766438
157.403349
153.576981
153.514261
135.407845
111.459925
159.120543
92.208332
157.749394
144.817391
158.829017
157.743501
166.576706
176.631163
150.141659
151.763411
102.513640
141.216285
123.260975
195.079457
105.992175
176.061079
140.931935
171.386911
164.560520
96.290945
99.371830
169.668521
167.210112
125.615996
108.226423
155.892877
166.108341
144.474540
156.515025
154.379072
121.456073
146.076526
153.081607
128.999365
161.120127
105.319644
159.192307
106.111465
185.431008
141.094121
141.965006
129.323125
138.059286
172.457999
156.221344
124.343453
92.459104
139.142232
180.559783
137.269258
130.558851
166.005890
142.319246
97.997303
146.202438
161.152918
165.422510
155.727800
155.071057
170.771753
123.459639
143.956018
153.343210
185.399318
160.042395
160.987871
157.477201
151.495163
115.029689
189.241251
120.147352
188.235027
134.492999
151.078291
168.318435
165.274185
94.484724
138.505219
170.079134
177.620788
145.056882
129.944202
153.825202
162.817424
126.774937
148.700370
83.871313
155.118591
129.866003
138.648941
128.416908
125.973218
126.732706
150.903015
174.765874
131.090301
176.628439
163.185751
155.522450
170.724901
125.652014
99.492005
135.710403
155.440219
152.500614
170.429605
151.685675
163.956827
173.500339
144.911177
150.394747
135.587254
189.845092
144.169497
129.773925
126.301443
159.920806
170.663332
131.536472
97.899969
177.767410
84.398235
138.852680
143.037663
145.142297
153.926371
113.266660
189.753857
186.990651
164.633850
164.095713
106.518992
103.691600
145.995388
149.247484
162.418833
161.611480
187.173034
153.555281
139.866419
140.454064
147.736545
172.577035
158.984260
126.251760
168.503154
130.158504
133.684884
150.468588
164.223575
151.605648
143.805103
159.473840
143.160302
141.295114
158.021846
88.770081
118.036141
118.623689
148.143188
148.683015
175.484158
124.502259
141.214784
118.742669
103.135069
114.790733
166.483762
150.407957
170.764552
148.476915
156.905231
113.085492
182.600816
138.428642
182.765403
146.264854
194.413107
131.342127
129.173314
133.814738
108.413541
175.620774
102.296488
171.474548
185.972925
132.131823
165.782888
185.136994
136.050984
150.583951
147.014559
167.648625
185.066096
138.317647
171.175368
169.302007
110.544942
124.273204
160.088990
153.189232
143.209455
172.363586
196.997742
174.627329
141.397902
155.304149
116.130479
140.691183
156.124339
175.364567
151.484962
89.739790
152.912927
132.554127
185.575262
108.943932
167.696481
146.745946
149.855579
89.707874
167.833336
127.076108
103.924687
100.848139
157.262317
132.210948
159.703091
137.487130
161.133236
171.858618
138.211564
133.988089
110.266032
99.940258
121.033533
185.821624
163.922095
161.689941
165.335259
148.504025
130.207410
141.751312
103.209327
172.384167
98.648075
158.258477
101.726424
146.127844
162.582088
145.679439
128.126150
164.022789
169.583399
161.795510
188.161666
146.766439
158.922282
171.626341
137.922342
110.729362
143.778944
156.381351
152.086992
155.211965
110.712596
155.822808
149.371373
100.142876
154.298631
167.134000
118.492048
151.413561
183.460108
174.878986
148.880335
145.050962
178.457415
115.937906
119.790383
163.381319
120.243380
132.764103
135.501912
160.041425
102.929669
135.219799
158.307297
140.118823
158.569922
123.805428
158.148057
136.614691
118.166226
136.078231
127.531046
138.899929
127.814929
135.534200
185.054626
149.025731
182.742182
134.958111
106.297161
193.724050
119.839971
155.384590
155.397409
162.742999
169.914048
128.878684
162.769804
183.336955
157.200208
169.635378
163.483968
167.622473
105.744480
154.625328
149.310230
105.792738
121.688928
158.588522
144.788743
124.438112
132.444105
164.865013
87.962833
102.388987
107.429479
106.349460
157.314451
129.280698
146.552279
143.057683
120.791754
123.688861
123.239925
118.615099
125.583832
161.953602
155.033672
146.485073
94.547321
182.727448
160.494098
160.952707
187.584899
126.462784
153.231393
115.537891
109.014253
125.894714
147.230489
134.805528
160.490901
90.966430
124.095604
134.784263
144.073389
93.475134
126.973254
152.750022
139.665061
114.617081
163.157912
126.819651
114.267408
161.338141
159.652031
130.273363
185.564444
171.404289
139.128450
139.847351
130.653327
156.650987
151.187161
175.008115
145.947414
166.450842
134.781873
139.704414
145.223159
166.747336
178.098677
188.125666
158.346716
165.160068
177.635256
124.143142
198.383633
182.803831
160.177992
116.473885
163.186893
128.870513
137.746471
165.833667
132.182984
104.755387
167.634478
158.292578
138.406734
125.303506
140.197794
160.487420
113.174105
137.311596
141.510722
125.504263
174.537714
177.634961
201.089103
189.403851
162.904453
147.571885
116.439074
154.888894
117.761203
137.734569
172.010090
176.914111
128.462902
161.265690
168.379515
118.219723
160.052269
129.222503
122.917873
124.693389
105.667509
138.579080
168.037910
145.407986
120.766465
132.190916
152.990495
141.986039
170.163496
162.066071
113.908856
149.787475
116.018170
136.857035
101.296422
163.686381
152.321234
125.375745
123.933659
152.968154
132.653833
200.435699
182.636755
126.334959
108.897527
122.788598
104.093661
190.774865
146.262285
163.525708
163.400443
179.344461
148.058594
150.365369
139.150865
152.724682
137.400214
188.105710
154.139584
145.112783
139.016269
110.248880
139.655742
158.661416
127.198180
119.810879
158.622967
159.231390
121.973100
150.541065
145.327519
117.140322
138.827411
140.051350
107.144295
178.165741
133.265989
142.032544
163.587635
105.057948
137.191252
158.965094
125.103268
115.914740
169.698173
158.946778
167.172830
99.171066
155.132364
172.171874
130.994666
109.264991
137.403764
165.029053
180.582042
101.237259
141.363553
149.097232
175.293123
103.176311
120.152453
138.174925
127.741068
123.745533
123.215268
97.450068
157.551088
158.235198
159.514478
163.153190
154.034888
165.431990
184.692482
135.130472
150.897188
134.671612
120.926070
169.806900
171.814771
154.490293
159.562562
146.388645
164.994210
164.162331
186.758734
171.853812
150.256450
109.783278
147.921378
164.351322
138.362517
134.434632
86.078775
89.698088
116.038370
155.137692
158.385057
166.374826
130.136782
155.091052
121.819956
119.666927
119.015052
159.106102
169.718005
162.404285
103.822856
150.435191
136.145123
110.215207
150.108031
165.330169
153.892377
177.067173
117.557784
145.342041
148.232850
126.940619
138.437869
117.217680
167.399297
161.476320
91.706723
101.293029
142.882640
137.398237
173.044181
147.449808
169.676285
155.031033
123.099732
80.599411
144.474231
169.797081
168.015582
180.645841
105.360959
136.100770
159.448299
177.967565
122.021208
148.606283
149.735098
169.216342
98.914481
141.809511
111.043039
160.864352
