0.011035
0.009984
0.004822
0.000001
0.000350
0.000047
0.000037
0.000045
0.002944
0.011659
0.001086
0.024527
0.000992
0.048762
0.001251
0.000297
0.006313
0.015723
0.000006
0.000064
0.005683
0.001002
0.016418
0.000598
0.000001
0.000190
0.005896
0.001774
0.000146
0.000397
0.000003
0.000008
0.000001
0.009990
0.000402
0.000002
0.000001
0.000876
0.001196
0.010713
0.000107
0.001489
0.000611
0.000290
0.020130
0.043736
0.085324
0.001121
0.001457
0.000046
0.000059
0.000024
0.000004
0.004620
0.001105
0.000354
0.000363
0.000006
0.000047
0.000269
0.001514
0.000258
0.000936
0.032903
0.013720
0.000001
0.004100
0.000006
0.008715
0.000166
0.000042
0.000240
0.001957
0.000322
0.000047
0.000899
0.000002
0.000543
0.000326
0.033785
0.000021
0.006568
0.000003
0.044510
0.001121
0.000000
0.000075
0.000007
0.000331
0.001958
0.002656
0.000163
0.007212
0.000216
0.000817
0.000204
0.000047
0.000004
0.000028
0.000259
0.003007
0.000776
0.001114
0.000398
0.001165
0.000351
0.000077
0.000127
0.000364
0.000127
0.000414
0.001294
0.000960
0.000009
0.026910
0.000000
0.000306
0.000213
0.000004
0.036504
0.000087
0.000002
0.000012
0.000047
0.005415
0.000002
0.000000
0.000064
0.000210
0.000018
0.000044
0.000533
0.000555
0.000173
0.020122
0.000423
0.000051
0.000899
0.000462
0.000106
0.000574
0.002787
0.002310
0.000014
0.000298
0.000093
0.000129
0.000346
0.001215
0.000082
0.000079
0.000957
0.000809
0.000011
0.010307
0.000000
0.002290
0.000205
0.000009
0.021057
0.000117
0.000260
0.000512
0.000007
0.000002
0.000009
0.000129
0.000264
0.001916
0.000255
0.000214
0.000001
0.000049
0.089812
0.000049
0.003060
0.001829
0.000002
0.000020
0.000124
0.000001
0.000002
0.000040
0.004911
0.000287
0.001113
0.000005
0.000429
0.000115
0.000237
0.000867
0.001077
0.000020
0.000027
0.000855
0.001571
0.000146
0.005709
0.000001
0.000046
0.001684
0.017926
0.003475
0.003985
0.000023
0.000068
0.000008
0.002930
0.001773
0.000129
0.000372
0.000033
0.000679
0.000058
0.000051
0.012986
0.001275
0.000005
0.000245
0.000162
0.000785
0.002058
0.000000
0.000675
0.000027
0.000147
0.000008
0.000012
0.000029
0.000165
0.000492
0.001987
0.004387
0.001068
0.000608
0.000034
0.003767
0.002905
0.000009
0.000029
0.000000
0.000960
0.000043
0.004104
0.000085
0.023920
0.001173
0.000346
0.003666
0.000256
0.022420
0.008711
0.004093
0.000764
0.000130
0.000115
0.000863
0.001172
0.109364
0.006738
0.000004
0.002243
0.000626
0.000196
0.000413
0.000056
0.000006
0.002670
0.035473
0.000012
0.000397
0.001415
0.000170
0.000562
0.001743
0.020732
0.004562
0.003532
0.000206
0.001319
0.005964
0.002368
0.000293
0.000032
0.000003
0.002210
0.000000
0.000140
0.000000
0.000147
0.000007
0.003802
0.000212
0.003024
0.000003
0.003581
0.000065
0.000382
0.052850
0.000271
0.000175
0.003179
0.003088
0.008578
0.000060
0.001524
0.000251
0.005150
0.001026
0.000872
0.000021
0.000001
0.003908
0.002187
0.002017
0.004128
0.000002
0.003376
0.006968
0.000278
0.000059
0.000077
0.000021
0.007667
0.000175
0.000145
0.000005
0.006495
0.001185
0.000001
0.000125
0.003014
0.012491
0.000001
0.098537
0.000041
0.049380
0.003549
0.000520
0.012645
0.002555
0.000000
0.021408
0.007438
0.013359
0.000016
0.000081
0.000218
0.000340
0.000188
0.000006
0.007244
0.002855
0.000293
0.029676
0.013901
0.000003
0.000188
0.000036
0.000741
0.000164
0.055380
0.000002
0.000276
0.000281
0.002365
0.001619
0.000006
0.000630
0.000355
0.000000
0.000210
0.001975
0.000565
0.000352
0.016407
0.000004
0.000077
0.000622
0.000000
0.000638
0.000658
0.000101
0.001901
0.000674
0.050183
0.006478
0.003457
0.000018
0.006342
0.002925
0.000149
0.000010
0.001694
0.011317
0.000006
0.002379
0.005104
0.000055
0.000346
0.000398
0.005755
0.000339
0.000116
0.000036
0.000022
0.000014
0.000003
0.004980
0.000001
0.002998
0.000474
0.035330
0.000013
0.000262
0.002266
0.025440
0.002720
0.000154
0.000029
0.001509
0.000402
0.000045
0.000437
0.000092
0.000019
0.001623
0.001463
0.088647
0.002527
0.000165
0.002206
0.000233
0.001315
0.000112
0.005798
0.000275
0.000047
0.000275
0.000013
0.000899
0.000015
0.000496
0.014315
0.000090
0.001596
0.001962
0.001203
0.000315
0.000337
0.005064
0.000102
0.000612
0.000292
0.000000
0.000392
0.008083
0.000136
0.000255
0.000096
0.000017
0.003410
0.000001
0.000001
0.000223
0.029965
0.000089
0.000038
0.000328
0.000028
0.036421
0.000149
0.000973
0.000297
0.000363
0.000027
0.000799
0.000385
0.004792
0.008078
0.000177
0.000177
0.001682
0.000078
0.000040
0.000091
0.005874
0.000267
0.002271
0.002861
0.000025
0.000324
0.005040
0.000742
0.000400
0.000091
0.000929
0.000095
0.001884
0.001981
0.001143
0.000108
0.003173
0.005362
0.008907
0.000775
0.000086
0.001692
0.085833
0.000521
0.000116
0.000332
0.009408
0.000148
0.000526
0.000199
0.000246
0.000189
0.002929
0.000682
0.000166
0.000394
0.000415
0.000055
0.000002
0.000059
0.000134
0.003250
0.001716
0.000039
0.000153
0.001361
0.002039
0.000267
0.003277
0.000044
0.000840
0.001368
0.011711
0.000215
0.032542
0.009826
0.000009
0.002157
0.002840
0.000237
0.002525
0.074626
0.005295
0.001074
0.000026
0.008600
0.000106
0.000016
0.000212
0.000697
0.000004
0.000842
0.000012
0.003014
0.000000
0.004751
0.000556
0.001986
0.000236
0.000632
0.000002
0.001014
0.000022
0.000023
0.013103
0.000241
0.000868
0.007424
0.000856
0.001864
0.000015
0.000040
0.000001
0.000380
0.006463
0.000003
0.000047
0.003884
0.000009
0.000419
0.002552
0.007703
0.000827
0.008524
0.083065
0.001944
0.000005
0.007780
0.001064
0.000000
0.000056
0.003577
0.000040
0.000002
0.002320
0.000153
0.000608
0.000088
0.000834
0.001345
0.000004
0.000716
0.000108
0.000085
0.000500
0.000218
0.010574
0.000005
0.000010
0.062337
0.000008
0.000038
0.011614
0.003506
0.012286
0.000279
0.000224
0.015778
0.000391
0.000146
0.000691
0.000707
0.000396
0.002902
0.055880
0.000507
0.002832
0.000003
0.004730
0.000189
0.010326
0.000633
0.010419
0.000104
0.000058
0.000047
0.000013
0.001212
0.000002
0.037768
0.000413
0.000389
0.000237
0.003242
0.000009
0.000216
0.000951
0.004570
0.000210
0.000037
0.004881
0.001141
0.010008
0.000002
0.000298
0.000579
0.000238
0.000047
0.000112
0.000195
0.000509
0.000290
0.000416
0.013404
0.008619
0.000060
0.020481
0.004443
0.000494
0.000643
0.038365
0.003725
0.000206
0.000105
0.001328
0.000012
0.000051
0.001369
0.000180
0.010326
0.000245
0.000248
0.000008
0.000691
0.000063
0.000000
0.000014
0.000006
0.001291
0.000499
0.000018
0.000056
0.000804
0.000028
0.000000
0.000014
0.000060
0.000090
0.000001
0.000001
0.000228
0.000000
0.000000
0.000023
0.000537
0.002743
0.000936
0.000118
0.000012
0.000006
0.004308
0.003575
0.000004
0.000600
0.001639
0.000506
0.006286
0.000006
0.000044
0.000017
0.000006
0.000207
0.026270
0.000288
0.000134
0.000022
0.000006
0.000749
0.000337
0.000374
0.000012
0.000278
0.003199
0.000009
0.000101
0.000843
0.000249
0.000481
0.000499
0.001445
0.000065
0.000002
0.000136
0.000126
0.000760
0.092972
0.002799
0.000058
0.000003
0.000197
0.000579
0.025092
0.070746
0.018036
0.000978
0.000018
0.001246
0.001074
0.000000
0.000225
0.000019
0.027443
0.000299
0.000041
0.000201
0.001296
0.000125
0.000260
0.016523
0.000270
0.129046
0.000788
0.000142
0.000148
0.000160
0.001884
0.002139
0.000521
0.000001
0.000004
0.000009
0.000964
0.000013
0.001132
0.000044
0.018201
0.000093
0.000018
0.000528
0.004549
0.000005
0.000045
0.002805
0.000422
0.000727
0.001181
0.009389
0.004522
0.019315
0.000077
0.000867
0.022421
0.000034
0.001597
0.000050
0.000097
0.002253
0.000019
0.000429
0.025883
0.001843
0.000136
0.001654
0.000324
0.001519
0.000094
0.000932
0.002401
0.000157
0.000170
0.012475
0.013650
0.000464
0.000023
0.000064
0.001507
0.000025
0.000063
0.001499
0.000167
0.000803
0.016602
0.001065
0.000635
0.002283
0.002773
0.000005
0.000044
0.000833
0.000861
0.000149
0.000425
0.000022
0.000269
0.003045
