75.672216
38.258072
48.586865
55.380410
67.220928
61.922343
50.568988
41.616570
71.088103
63.379348
70.695521
47.643474
48.185527
61.078073
60.280113
78.292960
63.482987
74.857722
71.450035
78.459996
46.287423
54.111066
51.486759
67.906624
62.167272
98.197259
53.739743
81.269793
87.698584
62.293430
72.006925
78.402423
89.085141
90.994510
81.810806
72.526210
43.865261
68.215827
34.169867
90.016069
85.157576
51.339297
57.840876
34.620315
74.374704
65.333365
78.447638
80.772779
46.825246
61.182199
87.725449
71.983003
73.933303
50.372400
78.851374
80.462526
72.884622
76.402025
51.175501
54.133093
44.132317
89.221553
57.469761
68.798289
80.548199
74.413506
46.381329
85.713629
73.577517
78.596730
74.281450
58.861267
42.512943
59.272303
73.028193
72.250736
87.451238
80.136050
46.034260
46.481860
53.342370
69.300782
60.748300
47.358867
58.456835
66.016748
81.187539
53.800359
62.421733
58.158820
86.675368
58.123570
56.076237
51.654418
59.504159
74.247903
59.674252
58.899675
41.586144
40.201468
54.965157
84.920095
70.465068
76.816598
78.466803
95.452045
53.540165
63.433397
51.619292
73.839395
53.995504
75.784450
62.779993
75.149199
51.577006
59.278716
78.494593
52.856292
72.788583
38.951691
86.312004
85.808304
80.750458
72.538412
97.373075
66.863904
80.613359
68.548950
92.050073
57.016825
40.537230
49.060223
57.058725
57.682992
44.714335
80.826663
59.574574
54.573185
63.234149
63.466938
81.225730
81.010739
46.692534
47.436801
61.916649
44.596547
82.011765
26.668697
42.126625
91.008022
51.475268
80.382049
93.673419
78.591336
68.926707
86.757708
63.498608
76.630848
38.917882
44.570496
58.906811
74.027984
65.413796
51.658125
92.184879
60.290083
70.238746
67.189995
60.756741
59.098047
76.654398
82.540052
66.475997
71.354387
45.622728
67.336803
90.523939
73.374512
77.363886
86.152187
42.955144
84.805369
58.211731
67.476558
57.735887
62.469835
73.126086
67.880370
33.217242
66.600040
63.468975
69.854301
72.317690
50.222725
67.862152
34.027026
53.751938
74.188324
72.501717
67.671976
45.704558
93.360757
88.740566
79.184614
75.141463
59.430620
63.165612
42.848994
45.727978
56.382480
81.259463
53.654502
85.568751
67.630917
59.909955
46.277884
69.158181
81.034089
53.640761
36.047807
62.116366
81.222973
56.563810
70.857973
71.481852
78.683331
57.026211
79.029596
55.221360
94.262887
43.099430
68.757295
49.746897
71.290456
53.713098
81.758334
83.621731
48.960862
63.829321
61.256541
80.289502
39.256431
62.815076
62.609995
68.764907
56.026576
77.276476
55.907536
47.573281
59.486001
87.071597
83.887621
31.721496
49.723945
80.269153
65.867809
82.392823
70.327199
36.839718
77.040748
90.701253
66.846023
33.722429
76.889844
66.165766
60.898510
73.817725
70.740730
56.518962
46.483324
64.246259
44.949023
73.439933
70.015087
71.301159
77.512198
50.605383
51.862140
77.131283
58.712833
85.133067
80.835971
64.101119
69.058049
75.116793
80.905821
66.359780
56.992866
72.122134
69.765745
55.723658
56.549019
61.655419
78.253069
31.965489
79.147566
73.344370
66.266135
70.560309
56.102048
76.505592
57.818995
41.420166
74.264073
72.104774
68.344914
66.598489
47.179482
78.154251
61.528233
73.127659
70.252737
50.125125
66.150067
90.543998
70.845557
74.133487
83.251931
45.872690
69.575714
95.098322
79.337632
74.449131
51.620193
69.492155
56.339463
54.276626
77.081085
64.378290
64.634096
74.831038
45.294309
75.123010
78.665907
57.965805
64.635340
65.083715
68.585599
38.163154
85.388988
85.293623
62.392248
76.590221
52.937484
88.161022
85.974986
87.969260
60.778117
73.613529
40.959874
45.139362
63.252902
83.680264
46.772289
38.766607
49.713108
82.050294
65.688829
48.231368
55.507534
68.568769
52.583973
83.783693
61.519183
82.121736
74.590281
79.249176
64.191967
58.533413
80.833778
65.982881
81.008078
44.623898
77.727144
63.247213
52.547262
70.149678
83.534555
57.537050
90.937759
79.597310
74.064500
85.242931
27.029182
68.311483
66.337678
42.406981
75.582488
39.760949
72.854314
84.718617
74.894585
64.428554
79.138855
66.373055
77.342654
52.642559
53.319584
63.398652
27.953112
85.743690
75.045333
58.079919
57.026470
58.489927
54.615080
85.527662
68.910684
65.401951
58.360470
46.139438
97.272270
47.317435
70.699265
71.205810
75.624307
74.374903
56.578133
49.946424
44.823599
59.671194
71.717127
46.150398
53.666863
54.576753
66.672745
66.355053
71.871863
59.417670
64.368093
92.893991
53.769218
67.349566
49.605706
78.496499
41.046901
72.308918
70.923312
73.941571
71.099973
72.592873
80.027372
92.655674
56.901805
43.904876
56.178953
65.561514
67.495975
51.803054
51.491205
58.855340
63.588551
88.049668
72.800109
35.910973
60.346236
80.978342
59.428142
57.065783
69.691617
55.578173
88.013001
73.139891
65.618895
68.417064
57.267130
96.688370
62.071935
56.458580
74.455606
85.052157
30.135696
60.510356
78.188253
75.359249
51.849889
82.493010
58.514102
63.720851
71.127404
74.304080
74.214340
84.934220
69.197741
56.743005
50.589827
68.762065
76.821993
49.925625
74.700974
82.032719
60.726866
48.198446
66.527622
45.936560
74.004704
68.605807
49.987202
63.912221
62.136445
46.957103
73.352099
42.244448
68.707984
75.411942
78.985280
47.915652
84.785791
59.072523
74.738817
50.691640
60.728893
60.913202
89.173642
44.171301
63.240893
34.370106
69.439067
45.326788
73.468799
86.382977
70.920725
76.175496
51.081901
64.576201
56.234804
50.388207
65.991446
79.123352
78.336282
56.642731
58.137427
58.138653
62.395296
89.286079
55.509516
47.877180
38.991339
44.060847
43.632472
59.214806
67.330108
62.206920
88.257862
59.160381
73.482474
83.378585
37.898737
44.020878
76.727386
86.517778
43.602507
43.811236
52.921773
53.130284
78.992796
66.024045
50.309880
81.711007
62.148873
58.755788
77.802344
55.167016
82.037424
55.755937
42.210812
79.602825
81.764961
74.216105
86.307688
77.574081
63.295602
88.636755
86.778496
48.017255
70.559340
90.653469
59.823010
39.562144
95.125689
56.555746
52.731122
67.249764
79.477551
90.699492
45.253629
64.136755
55.758148
60.092752
58.685663
77.328452
49.985186
102.989967
68.483819
78.931138
75.414651
82.272343
76.101613
50.497392
63.476085
42.936196
60.457889
64.772354
79.013656
86.525311
77.044904
41.032442
66.827731
64.759376
52.868215
69.711407
74.529130
65.996590
87.867178
47.291126
59.693052
76.105626
71.550515
65.496784
62.901976
85.569309
67.804229
58.375582
71.310605
45.514918
43.972806
70.641585
69.312280
44.946843
72.365771
69.557309
83.737149
86.947867
63.276037
47.084576
65.511727
52.557162
66.375812
70.330232
47.957729
58.035251
61.541804
68.980742
74.276283
46.197191
35.700836
55.989571
58.657699
73.006509
54.657768
62.843555
20.705779
45.716506
84.629577
46.266141
77.723242
76.467609
60.000342
83.322803
75.171961
87.499090
73.990205
70.549693
77.030088
78.790351
75.285366
65.270785
68.624575
92.532625
59.026902
58.519156
63.534328
107.688523
49.411559
81.952854
53.697015
74.346665
49.033630
57.581053
71.764980
71.545738
58.340754
64.965761
48.026935
67.344958
81.331229
82.955684
83.736516
60.437193
76.947532
83.916927
68.305657
62.903467
94.345353
63.361861
61.349929
79.371132
67.587522
32.100726
63.451384
71.738376
45.040822
63.030222
37.949210
87.852580
51.924246
62.308016
60.916837
62.359634
71.810727
68.606136
70.008364
78.725304
62.327202
61.635793
77.803501
92.834442
51.461194
49.345386
87.253665
73.081647
67.094720
70.811950
69.035380
51.336729
61.441801
68.773197
82.829688
65.361376
77.818301
56.201892
61.997672
40.388957
70.393535
58.863915
40.629881
61.181215
60.133100
40.714706
41.548285
78.304154
67.113448
80.042362
46.979327
71.647326
83.659395
48.766670
82.371989
62.026975
85.207639
60.052359
65.732002
59.323836
64.317164
70.742243
84.251641
90.867834
59.823758
51.015348
68.276772
78.593392
69.657356
48.676674
66.589259
74.782757
60.624300
76.052308
49.233720
63.014250
77.870974
68.982085
63.789515
85.916988
70.689815
67.047354
62.794828
86.976711
68.366015
85.366168
91.869595
59.425531
47.088384
57.657146
70.833551
43.505495
59.694108
62.160724
71.738102
50.733104
65.254231
89.660145
80.367190
72.149809
60.253614
59.592609
48.792102
67.449276
76.671483
64.667282
103.268951
70.968387
71.253938
58.437188
81.264485
67.392053
86.142704
56.485100
60.547683
77.416478
88.251640
67.059087
72.700503
47.537643
63.247876
72.701533
64.371361
53.703427
57.883621
56.564132
84.122750
75.691307
75.035034
61.997603
51.228040
83.252737
40.732317
66.385064
71.209996
40.475587
57.647031
78.379352
43.721673
61.495939
79.747626
69.562522
43.313873
52.598831
61.879433
86.238529
58.278340
90.667712
45.928816
87.687757
66.355425
79.803579
55.732642
76.560522
55.001993
52.741121
46.068097
62.417527
56.238462
74.796315
48.032653
68.707045
54.812532
65.243712
82.006871
67.721093
68.375660
71.838437
60.375518
61.615250
73.414221
48.698280
58.381433
40.217326
49.682123
62.005508
69.742085
75.431576
62.045860
48.303048
73.689273
52.626040
72.178493
49.372438
55.551068
59.981793
61.580444
57.362609
39.555320
64.454910
88.254794
54.272157
72.306232
57.839966
70.147027
74.193248
71.690016
56.494284
65.639167
64.460454
62.931627
82.767530
83.300140
47.800715
66.830975
59.245548
63.255295
65.175260
69.904071
88.294350
54.089957
62.784485
77.622122
63.883854
43.760882
93.606074
77.829110
49.419849
78.127676
63.722683
75.753031
54.268129
68.035323
61.503275
34.958670
47.978063
47.043925
51.489576
66.461084
53.294335
43.800856
53.267189
56.674359
55.350120
52.712294
77.501742
74.097009
62.866771
55.175305
54.652923
68.972044
78.234050
84.558021
54.830466
43.928595
57.088990
77.867340
70.916308
73.635390
65.160726
75.993518
49.471618
61.159173
80.168682
51.472886
51.186141
54.320418
47.354389
64.265829
65.627452
52.423571
60.068275
60.385509
49.520680
67.365270
72.226124
69.779280
61.080928
65.013259
48.688489
61.663193
67.753358
56.482401
50.345605
83.624961
90.313387
42.663494
77.904039
60.263765
62.268404
43.918188
54.640573
56.783759
45.969426
71.972691
51.346404
71.130929
69.757090
68.666623
54.919393
86.207978
65.497734
74.533888
43.483787
58.963004
52.144306
61.138274
77.591059
83.649630
36.238356
59.895570
88.557610
51.596390
72.035708
68.448839
47.964633
69.842277
60.276495
49.388457
63.545199
38.929684
46.852428
76.010251
49.410349
68.197915
46.141841
59.379703
43.022251
68.348893
60.657905
62.887649
60.977965
86.617589
62.388295
81.945561
72.746928
46.742622
59.343823
56.870889
74.274655
68.197282
38.980837
73.304398
59.605087
104.864889
78.164999
70.689750
69.374078
74.525117
66.180423
61.140797
85.205316
61.351891
77.270438
74.213784
80.360484
47.211014
44.323179
70.455864
36.383272
78.078080
72.593968
64.443438
64.598027
50.332983
52.683951
60.708481
68.939068
78.559112
65.790944
73.684737
93.490563
53.366394
64.995266
78.101112
75.882398
42.146548
79.192726
68.711557
83.188529
68.556882
61.923907
64.034559
58.595737
46.392581
92.081306
78.340200
72.483700
57.365455
50.120967
81.886166
68.635585
58.844280
53.395234
95.908031
52.759273
53.393306
55.459059
72.622255
84.093020
58.688159
52.290912
44.852130
83.680939
69.504339
64.803450
38.673049
48.430756
56.965100
54.185259
56.764097
40.386758
67.835710
65.932771
64.119736
58.383317
71.330331
53.758612
70.417587
57.275279
57.022725
62.535252
60.078102
75.047153
65.989653
75.882380
36.779938
70.707493
86.909907
82.410754
98.895258
37.337743
74.405553
72.243865
51.634786
76.604590
58.811167
87.770095
53.445550
77.997315
47.143188
71.396412
76.656008
62.566635
41.798561
61.297338
69.791304
60.637841
64.148077
64.356600
64.564509
44.024238
51.322911
78.802878
45.256472
27.956999
73.730477
54.175358
48.523024
47.062255
68.907058
64.052271
77.155900
40.618095
65.583314
53.251017
62.172454
54.423621
45.918845
63.773553
37.544777
56.946497
76.689658
67.419300
72.943559
56.966787
75.861081
50.420010
72.944468
86.085472
71.205923
65.728729
73.057104
68.064987
93.486099
77.537439
55.580769
63.463945
95.655919
67.311947
77.227319
52.904900
32.680848
67.483429
66.078789
94.122565
56.577915
75.989677
94.874107
56.709744
59.810683
42.586123
59.228440
62.619468
48.262257
65.521788
59.904882
103.536349
52.943615
39.229976
60.739124
62.170003
74.469840
68.327721
78.715572
75.335506
37.095748
65.505386
84.883618
74.833915
51.908891
36.720498
66.138614
79.327001
57.926296
73.914179
53.614946
68.616510
81.183749
67.992238
66.262563
43.697505
56.565628
62.812926
92.584383
78.641964
51.453476
53.461365
62.520276
75.484907
54.599272
84.573394
85.000902
77.887045
49.595537
74.303824
60.286842
43.836905
82.701100
60.890623
66.863401
52.637898
51.105277
70.240015
72.530914
89.387785
67.802863
59.418320
77.624444
80.458842
76.703076
56.345327
49.742391
73.561921
53.578081
62.995102
58.315801
82.293296
72.362084
69.784033
44.105109
85.150937
81.252249
60.889340
81.589920
75.101913
74.544086
83.260801
61.456315
84.703525
76.447461
80.020054
47.580810
68.236079
67.354361
61.388580
88.167657
56.365106
70.343733
66.239103
64.480823
71.161690
59.865930
80.335676
63.143175
68.516085
92.067207
70.965458
43.579079
87.372245
43.643342
73.312878
82.717864
71.936230
47.371898
57.421497
81.604625
45.343014
76.621763
82.896159
54.685555
65.257491
51.696230
95.537030
51.956821
84.107407
62.309822
45.144927
42.238384
39.246637
66.572594
71.356005
43.447438
90.589962
50.327616
76.935240
58.385206
54.769229
53.140801
47.723771
60.465165
77.689845
48.474908
55.968663
53.260661
96.663438
64.453193
61.531247
64.827587
45.876767
71.918617
70.707706
73.097232
78.262978
77.522667
49.164720
65.239449
78.030003
43.221687
74.674738
70.042206
48.640804
47.693858
71.473655
57.887133
73.804488
48.561494
57.196255
67.541781
66.607836
68.851587
65.795709
75.641928
70.812830
78.523734
50.875983
73.990573
88.522788
65.349433
47.242270
81.537305
67.724052
62.611371
75.898155
66.312028
83.836869
54.579458
74.714902
36.753660
53.124724
68.158514
71.823413
56.486364
58.681807
76.158830
71.323121
61.549656
62.104589
66.446130
56.377157
36.955065
67.526770
62.880788
67.509587
88.078146
51.847195
84.765093
64.329994
56.633183
62.987590
51.953540
80.536624
63.707308
55.382034
84.838483
49.517244
61.771382
62.723733
75.637845
65.410297
46.415976
62.483647
55.747285
78.574826
76.351610
56.005132
59.278167
74.953321
91.914264
61.869387
65.223679
51.439077
60.172615
62.467631
69.083828
64.409704
54.211748
66.080216
50.012968
67.975289
60.318061
45.583527
72.417301
58.073329
80.213742
69.808219
33.780636
72.230774
48.524914
41.755872
56.720174
42.023815
45.586393
51.104125
67.456676
63.310956
26.975853
70.544834
56.917561
42.990863
48.238511
84.443716
83.846471
77.585217
46.215086
62.402558
78.528665
53.473496
62.871204
77.342366
81.135777
70.354871
79.469566
57.862807
89.077323
70.037793
67.239341
78.416626
59.319982
72.833077
68.800111
56.365486
75.422086
76.888827
70.121869
71.198676
53.955965
57.946961
77.495779
74.360918
74.175555
52.463821
57.402180
57.349311
53.260786
57.932001
59.150514
70.877161
76.037147
43.569033
66.073059
54.807363
93.832804
93.633085
47.309925
84.349668
44.609845
64.194543
71.959520
90.595049
66.397747
62.248318
86.247141
55.795831
74.275942
72.736905
81.776718
44.091683
58.048169
47.428028
78.966077
39.902766
53.751640
87.444466
71.620310
83.189248
63.784985
70.661079
84.379170
54.198757
73.564776
54.016633
49.112057
61.193301
39.281919
67.236219
49.049012
62.100682
63.058933
45.878516
61.782072
60.839961
64.876604
44.341574
82.723297
75.139061
68.788320
85.306155
75.778981
86.562741
83.475166
76.838781
62.327045
60.479463
69.725203
68.760189
64.073821
73.597445
47.632941
75.564355
54.234613
58.080943
54.473938
65.061460
64.338958
72.562526
51.607159
79.454435
89.448540
75.119513
72.932607
81.063686
70.263924
43.490940
61.376765
49.672763
44.466728
77.862352
52.973616
46.380629
49.771332
50.006204
47.523284
52.097179
90.019531
69.442082
73.592692
75.200854
61.398294
38.140720
82.778545
75.005152
59.492857
61.878066
84.750855
66.927445
80.654393
73.553816
52.622825
48.816913
82.701760
63.625820
80.217938
74.026116
74.420968
50.737599
94.885023
30.639050
50.833118
80.581786
46.656765
72.574321
42.085034
54.743772
37.810307
57.524515
57.560818
45.217668
62.540628
50.641970
40.186012
39.105568
49.846538
65.000912
56.755597
76.588299
45.946363
58.329684
44.948764
70.605722
57.757497
79.291744
32.019203
51.799260
92.357303
79.932761
61.352269
67.585799
49.284817
62.316085
58.876478
81.487319
50.982770
85.870075
71.395582
47.071151
38.294385
42.648844
82.977479
48.389123
39.078648
54.494941
55.788289
71.137338
51.891312
62.624166
83.963303
53.605269
54.242673
77.735819
53.301268
89.187660
89.703558
46.053676
67.275448
71.560823
47.354033
74.717606
68.092230
93.249791
84.318765
88.218057
75.712570
85.383159
52.543811
49.584759
78.946816
82.218143
50.663251
71.404410
59.579928
47.553886
50.862299
84.635769
69.227254
75.091889
48.404885
70.427102
70.745074
51.083820
106.536199
51.393877
61.600071
69.538915
73.538143
76.154169
57.082177
62.421710
80.795265
67.315901
71.735715
75.379938
67.458985
65.620819
38.740037
62.500045
48.158440
60.066797
67.502207
51.016010
89.538955
54.851474
38.303609
57.248348
66.757041
50.178628
84.447843
51.907002
49.047774
64.494140
71.698326
53.530558
62.507778
56.009287
59.190552
79.839744
67.556966
48.997710
80.388760
77.285865
71.560404
73.981758
57.010682
64.703349
56.655912
54.294872
52.071540
88.757264
42.186961
68.011005
89.227231
79.245408
88.925082
71.502504
54.999298
59.373780
67.779958
78.777283
78.371914
82.849640
68.665908
44.034853
67.009593
56.242018
57.243306
