6.721598
1.661778
0.257530
1.530156
0.865565
3.325195
1.061105
3.282798
7.734570
1.785971
0.505385
0.283977
3.283777
1.239675
0.342940
1.207404
1.337427
4.399388
2.700084
5.520498
2.336853
3.622691
1.033034
6.024872
0.030084
0.421968
0.561029
1.493670
0.182072
6.021688
0.021637
0.120763
2.637507
2.007324
0.638197
1.243246
5.985931
1.433430
0.360662
1.162301
0.012777
0.696714
2.396025
0.354523
2.382609
6.816215
1.750905
0.866078
2.465946
3.018857
5.411375
3.173696
0.299069
1.026744
7.475100
1.486619
3.450873
0.557779
2.850039
0.115764
0.988412
1.194066
0.459454
0.389346
3.562324
4.355015
1.298647
0.135356
0.910266
1.038322
1.512091
0.944018
0.873891
6.945529
7.386793
0.583017
4.121257
4.857971
2.038783
3.905118
2.031776
2.339969
1.190143
1.868259
1.633522
1.580216
0.274872
0.733284
1.064295
2.430758
1.763878
3.307886
0.094383
1.086623
1.647211
1.131168
2.703508
1.151596
0.049390
3.743348
0.447703
5.067178
0.884159
0.244967
0.267122
1.048030
0.023350
0.482508
2.129287
5.596214
0.049667
1.522182
5.490134
1.931875
3.739141
3.868653
1.004284
1.626974
0.825368
6.582535
0.933429
1.549083
0.535812
3.580999
0.479375
0.295028
0.832437
2.163132
0.037727
1.793860
0.247835
1.126135
5.274806
0.057730
0.598499
0.581220
0.708882
0.553935
0.894960
4.170611
3.522678
0.239343
4.398655
2.208530
1.018308
0.140798
1.353745
0.550206
1.289270
0.908093
2.121233
1.192675
1.004107
1.246098
1.498027
2.940387
0.821071
2.313581
7.439042
0.684252
1.515319
0.569119
0.275580
1.396965
4.757221
0.230510
2.113181
2.911112
1.502662
0.381750
2.979848
4.692802
2.437946
2.845319
1.560734
0.226416
2.184014
4.367375
0.104711
1.459426
0.897758
0.949273
4.171381
0.511204
2.177611
0.082254
2.353353
3.925633
0.585842
0.793025
0.922252
4.243482
4.734814
1.018834
5.028722
5.271347
0.160315
3.925107
3.822790
2.713084
1.344328
0.829482
0.213530
0.007059
3.135916
1.156024
3.210372
5.141025
0.407511
0.726148
1.473091
1.384456
0.810581
0.062315
4.074644
0.689961
2.831945
2.070207
0.848506
2.648147
0.383750
1.999643
2.025261
1.500480
2.310789
1.391767
6.807601
0.964510
0.318805
0.182565
1.263864
1.089384
0.599774
7.959071
0.192245
0.611007
1.875816
0.833329
0.960098
0.528581
0.233600
2.757746
0.998229
0.018932
1.423110
4.380666
0.544247
1.452357
0.516519
4.382900
6.025050
0.603549
3.799349
5.466133
0.994297
3.184568
0.153288
0.927171
0.777888
0.301310
0.646855
4.760869
1.562699
0.058543
0.594602
0.392723
0.010384
0.129709
0.020828
2.244763
2.983286
5.711505
0.616112
4.323216
0.481252
0.780016
1.303453
0.003551
0.799247
1.083904
2.206111
0.604565
1.120101
0.204192
1.289412
0.159853
2.998106
0.097809
0.663887
0.735336
2.861549
0.189743
4.400746
1.266399
2.859032
3.123115
0.027804
6.421578
0.191095
0.080371
6.765070
0.220403
0.079633
0.530360
4.986663
1.979615
2.764419
0.489814
1.949878
6.306299
1.673247
0.482232
0.256515
2.200144
0.785188
0.005217
2.879932
0.384749
2.153870
0.750521
0.325010
1.512565
2.121738
4.187544
0.450401
0.261255
2.210949
0.146935
1.226432
0.016819
3.382095
4.010124
1.614618
2.725985
9.056388
2.170711
0.584109
2.371267
2.539247
1.567429
1.195122
0.290274
5.031238
0.705921
1.307236
0.009652
2.723745
1.016350
0.179692
0.141220
4.604177
5.374201
1.582579
1.454675
3.350735
0.640465
6.940583
3.090265
0.762504
2.117770
0.477036
4.681174
4.540480
1.731974
0.635913
1.828550
5.668500
1.136714
2.268193
1.681180
1.042704
1.263940
0.786362
2.195486
3.337127
5.144693
6.363517
8.348255
1.309361
3.474319
0.453667
0.020834
5.503431
0.056463
2.408122
0.071197
1.104620
0.144881
1.953657
0.833335
0.741187
0.972988
1.188714
0.409112
0.099891
2.230866
0.416505
1.462627
0.066681
4.003014
1.369456
3.990309
5.382483
0.748049
0.147682
2.728505
0.009742
6.985976
2.475587
2.472860
1.800975
2.153897
3.962901
2.529502
5.588972
2.288525
3.769163
0.012465
0.647937
0.427882
1.874139
6.327562
1.355474
2.558072
1.854894
3.491523
1.030502
1.601178
0.522618
3.207201
0.154744
0.008706
2.132954
2.586951
1.044088
1.818646
0.954061
0.651797
3.136341
1.549109
2.532094
5.604852
3.310728
3.483964
5.335314
0.993260
1.471825
1.063605
4.119945
3.660341
0.311646
3.993963
0.169584
0.458165
3.978227
1.881499
5.213963
4.071201
3.911723
0.856290
3.315054
0.722945
4.328404
3.776157
0.186860
0.299743
0.207411
2.627756
0.208782
0.391161
0.638747
2.246972
1.828414
0.396631
2.015578
3.103605
0.835898
3.420641
0.002551
0.574617
4.674032
0.621656
0.005415
0.111207
0.682693
0.512111
1.373288
0.275038
0.080584
0.122080
3.612683
3.138621
4.142755
1.988696
0.185094
4.034533
2.316594
2.422748
2.169099
5.728912
0.772108
3.065002
1.041542
0.132360
0.770609
8.589436
1.950961
2.383469
0.382638
3.109479
1.327546
2.103154
1.605803
4.448898
1.912567
0.580919
1.689191
0.063554
1.718993
3.078765
2.458296
2.529747
0.173357
0.648025
1.221329
0.198396
4.982523
4.031106
0.181727
0.979271
3.647038
3.835292
3.203490
1.953918
3.827896
0.785462
0.125011
3.782465
1.841236
2.564695
3.031821
0.152937
2.427195
1.189577
0.726434
2.031190
1.688268
0.972598
0.674761
2.483183
0.235016
1.533330
0.253826
3.427191
5.494250
5.043301
4.258721
1.276836
0.127736
1.129288
0.480050
0.603959
2.666879
6.469313
0.004665
4.272491
3.371413
0.978743
0.043780
1.069023
0.043466
0.179437
0.320256
0.943601
0.729021
1.138942
0.116990
4.236995
0.267778
0.177138
3.384751
0.680526
0.086868
0.167652
1.804602
0.026509
6.787081
0.939092
2.056771
0.474218
2.345477
2.829690
2.266854
4.449058
1.362176
0.152492
3.453350
2.786909
3.699550
0.173829
0.498712
0.255022
2.909191
6.184585
0.483416
2.323348
2.645432
2.125670
0.534340
0.582758
0.375660
0.288003
3.748353
3.005551
0.816056
0.226335
0.218418
2.099889
1.902232
0.739414
0.071972
0.571817
4.939237
0.667521
0.808619
4.419099
3.140336
3.465354
0.613052
0.498647
0.209076
0.312932
1.786968
2.082171
1.741083
0.252388
2.870517
1.864387
0.862160
3.102972
0.246286
2.547795
0.337914
3.406266
3.989596
6.080837
0.712478
0.291355
1.670559
3.731338
2.305911
0.001889
1.414593
0.386596
1.500428
0.834594
0.982430
1.713460
0.988662
0.081751
0.871221
4.922241
1.562649
0.001274
1.230289
0.003219
1.762914
4.850535
1.664995
3.542833
3.338566
0.815803
2.309234
0.204354
5.629568
1.859234
3.960428
0.938913
0.105780
0.084602
0.741343
3.060280
0.815736
0.291121
0.142125
0.200973
0.222039
2.470178
1.113756
0.746333
3.885570
1.407285
1.195268
3.091878
0.207639
0.943595
0.898580
2.596070
3.941111
4.959941
2.414405
2.733911
2.809964
4.348933
2.759423
4.158541
1.377787
3.199844
6.383639
2.336876
3.269846
2.780869
2.443461
4.095433
0.044965
0.200035
0.332960
2.708434
4.220354
0.084936
5.999972
0.688467
5.006573
3.401159
0.025226
1.924300
0.917453
0.455566
4.588739
0.524420
4.499818
2.939219
0.583366
0.767591
0.500057
0.656768
0.629618
2.180342
0.456774
1.660904
0.057831
0.756333
3.824304
4.021368
0.118004
0.361201
1.449111
3.180518
2.574046
0.235423
6.163656
0.209009
0.794293
1.088324
0.244111
1.024971
6.030962
5.627695
1.677902
3.217753
2.506377
1.593789
2.712515
1.541024
0.400814
0.570115
1.357626
2.426876
2.684825
1.087333
2.122445
2.060525
1.851520
0.487251
0.205083
0.397567
5.760001
0.508229
5.997127
2.906102
1.904965
0.798374
2.613603
0.179860
5.159181
1.683324
0.004783
0.738970
1.252927
0.387241
0.078801
5.858601
1.642697
4.965045
7.038259
2.983508
3.283682
2.855934
1.871154
2.178859
5.618753
0.234418
1.380673
1.164921
0.615949
1.419320
1.348033
1.908216
0.659018
1.594279
2.488863
1.260503
1.318557
3.896478
0.713031
2.012142
2.413479
0.311095
3.079226
1.947769
0.490971
0.201103
0.898871
4.848337
3.227890
4.981372
0.049030
1.082102
5.937744
5.654819
2.289656
0.478358
2.782275
1.196798
2.894237
0.625090
2.804842
3.506367
0.028107
0.175088
0.317584
0.091662
5.297763
0.665300
1.029542
3.090096
2.292247
3.677072
5.519649
0.029893
1.880730
0.067555
3.429736
2.632200
1.591389
4.966360
4.881398
4.248215
4.129704
4.899604
3.317995
0.215781
2.737552
1.884832
0.176055
5.006217
1.957439
0.381372
3.033646
0.297386
0.579242
1.186552
0.000523
2.554752
4.405989
5.129007
5.630484
1.385044
0.271197
2.004006
0.100193
3.756880
0.815688
0.905263
1.453098
1.849854
1.225298
1.234230
0.397966
4.430569
4.224788
4.857661
2.886432
1.874741
1.227558
1.985278
3.386084
1.407617
1.703341
0.012911
0.324741
1.457446
2.285445
2.125962
0.290287
0.048479
1.837140
2.111185
0.922951
2.429492
2.045965
1.655821
3.787359
4.995762
3.758440
8.279598
0.010929
3.251694
1.337248
0.304739
3.203436
7.344811
4.322802
2.667034
4.626846
4.717345
5.524984
0.669541
0.415047
1.567318
3.088835
1.093904
0.842215
1.276156
0.836932
0.096472
4.266475
4.786901
0.043178
2.840725
3.166947
1.360733
1.344378
2.269281
3.636770
2.178339
0.732735
6.072081
4.326221
0.194456
3.044926
2.318266
1.360133
0.023237
0.671239
0.187553
0.320266
1.552448
2.386449
1.790311
0.985237
1.071657
3.091305
0.211609
0.032190
0.397665
0.660916
2.096379
0.014965
0.557170
0.358070
0.829761
4.075938
0.378941
3.677394
6.432052
2.850298
0.116541
4.613474
5.124499
2.129910
0.447380
1.127307
4.234926
0.721626
5.945303
1.721413
0.653789
2.047723
2.157713
0.892843
0.808127
2.302085
1.140301
0.736275
1.173507
4.028054
0.479754
2.411702
0.682664
7.895996
1.206337
0.900603
5.271720
1.792051
2.697353
4.489709
0.057112
2.923119
0.838954
3.477643
2.315723
0.344645
0.941538
0.137267
2.091891
0.186684
0.182586
2.272841
0.250627
1.498563
2.246827
2.064560
0.225088
5.374875
0.470436
0.120901
7.534908
3.914027
7.621136
3.541413
4.583594
4.034534
2.980013
0.000130
1.751115
0.000844
3.620954
0.384095
4.909286
2.384356
0.610214
0.466375
0.242404
1.544695
3.151826
6.449047
0.065158
3.950238
0.253438
1.197987
0.663382
4.231544
0.309392
2.802622
3.544440
1.011593
1.928130
0.969306
5.729129
2.693506
6.663903
0.091298
0.537049
1.914287
1.150220
2.260271
2.515607
0.145018
0.490360
0.791808
4.098631
2.008992
2.058083
1.062480
0.099536
6.315032
2.618095
0.029662
0.202575
1.524499
0.550627
0.585434
0.685581
1.598983
1.418386
0.376292
1.561080
2.996104
0.417151
0.099883
1.045936
0.916892
0.178243
0.853224
5.570643
2.531665
4.173247
0.314847
4.480945
1.187292
2.683990
2.235220
0.097081
0.380294
1.494467
0.972896
3.354967
0.388701
0.678578
0.214929
0.435420
1.352785
0.204474
1.781596
0.306489
4.448922
1.536596
3.701849
6.163900
0.402520
0.101032
1.913633
4.100027
0.383002
2.640360
0.296959
0.013421
1.809970
2.212075
0.199590
4.041109
0.025481
1.981313
1.316237
2.330067
2.623043
0.641090
0.800722
1.835746
0.135413
0.089914
0.062271
0.151199
0.017333
0.991972
2.257850
1.608976
0.538484
1.347107
0.703318
3.433911
3.851413
1.766644
1.399441
0.212157
1.073733
3.070842
0.097487
3.070696
0.257020
0.008666
2.815087
0.949048
0.336413
0.084741
3.503633
0.993840
0.501508
1.755666
