0.000189
0.000003
0.000092
0.000056
0.000193
0.001471
0.000003
0.000013
0.000048
0.000001
0.000177
0.000054
0.000002
0.000001
0.000049
0.000063
0.000037
0.000030
0.000335
0.001938
0.002438
0.000093
0.003304
0.000043
0.000000
0.008740
0.000053
0.000003
0.000012
0.000024
0.000004
0.002115
0.001876
0.000001
0.000001
0.024948
0.000055
0.000032
0.000038
0.000416
0.002279
0.000001
0.000080
0.000114
0.000000
0.000005
0.000012
0.000759
0.000234
0.004564
0.010185
0.000010
0.000030
0.000019
0.000006
0.000135
0.000209
0.000000
0.000018
0.000002
0.000001
0.000090
0.000259
0.000001
0.003816
0.000056
0.000024
0.000013
0.005291
0.000000
0.000244
0.000000
0.000000
0.000006
0.001945
0.000008
0.000642
0.000007
0.000000
0.000769
0.000009
0.015486
0.000748
0.000002
0.005826
0.000000
0.000001
0.000000
0.000011
0.000000
0.000000
0.001213
0.000003
0.000965
0.000000
0.000018
0.000590
0.000029
0.000292
0.011597
0.000014
0.000004
0.000001
0.000073
0.000026
0.000001
0.000070
0.000000
0.005394
0.000136
0.000113
0.000009
0.000026
0.000029
0.001821
0.000009
0.000204
0.000221
0.000058
0.000353
0.000222
0.000000
0.005700
0.004261
0.000060
0.000618
0.000000
0.003110
0.000004
0.000606
0.000000
0.000856
0.000002
0.000009
0.000041
0.000652
0.000048
0.000001
0.000854
0.000435
0.000000
0.000808
0.000005
0.000097
0.000019
0.000008
0.000001
0.000014
0.000004
0.000028
0.000000
0.000002
0.000003
0.002792
0.000000
0.000005
0.000001
0.000001
0.000446
0.000000
0.000092
0.000469
0.000003
0.000038
0.000083
0.000215
0.000103
0.000235
0.000027
0.000057
0.000189
0.000541
0.000001
0.000009
0.000014
0.025944
0.000000
0.004970
0.011956
0.000009
0.000018
0.010169
0.004061
0.000000
0.000004
0.001068
0.000244
0.000006
0.000005
0.017287
0.000000
0.000096
0.000037
0.000031
0.000022
0.000005
0.000000
0.001640
0.042846
0.000009
0.007778
0.000657
0.000412
0.000358
0.000028
0.077961
0.000002
0.000017
0.000413
0.000127
0.000046
0.000189
0.000001
0.000001
