148.068026
128.989510
111.995437
141.310135
156.658920
124.404330
127.982941
128.769046
154.889098
99.083561
139.110096
160.872827
131.629913
163.212357
126.866659
155.201869
135.480670
138.483064
142.942779
148.645330
136.825867
115.481846
155.992870
181.280393
175.303224
176.553863
139.843579
156.158002
177.048936
166.645671
102.871060
111.442893
127.643020
165.514023
119.888996
114.084526
129.925040
133.238862
144.051041
143.159122
128.497236
159.130495
143.758288
135.950349
125.019655
122.103916
118.440924
99.370369
134.497364
119.236665
112.062495
144.325707
112.070489
116.093726
123.019032
114.139758
157.765150
140.594296
125.803310
143.646752
166.635888
146.145522
159.448552
153.490612
141.195313
126.133741
145.739444
159.829166
126.818356
97.938276
151.483795
113.955647
171.264913
133.482015
125.273460
154.556106
131.745031
140.590884
152.870252
138.802623
119.921076
120.096980
120.477905
139.940568
144.177771
134.902574
95.916138
121.796560
159.762998
149.164477
114.516172
116.265817
170.380944
162.013552
162.011618
129.082078
133.093567
137.268374
176.456746
114.840187
164.555767
148.064786
153.069256
98.490670
132.165296
134.036518
115.838082
143.945919
114.100384
152.626512
122.752759
169.995659
159.122721
112.591695
118.319822
153.558463
137.618895
139.750655
124.566730
107.506713
84.069841
116.863127
100.150658
113.743446
130.076581
111.765899
111.934764
101.968010
87.772976
109.299879
134.473727
97.523408
176.743067
116.697798
143.551257
138.099751
107.638572
156.520432
131.636384
169.033206
98.755195
133.596163
130.769124
191.142163
105.858900
129.293055
141.603312
144.247662
128.733516
161.457030
109.457813
144.415638
136.971007
152.327178
112.112365
125.660398
179.551867
148.609374
122.210821
113.596284
131.870590
107.268839
99.272381
127.673130
168.188281
161.393489
156.397728
124.713143
175.113534
123.854427
137.070332
167.278736
112.752013
120.390399
118.196046
147.650514
151.261824
153.334272
128.116707
165.570290
151.745665
132.257551
141.298859
137.891570
135.236549
143.539988
130.909524
106.695315
109.803593
141.984665
139.559607
127.661647
141.747007
119.817268
136.147944
105.684131
125.098975
144.323545
130.192054
153.270703
147.714736
115.980175
168.581003
117.490335
115.313763
117.672731
166.444592
138.936151
143.846152
148.169549
130.040408
160.167675
139.283433
90.105774
139.405283
143.066637
124.761664
92.871299
146.626112
155.971488
90.131543
140.507738
112.905273
141.157479
157.148917
116.272066
129.953548
151.193189
136.919377
154.470297
152.447320
129.418085
165.064694
133.302966
157.463225
138.581908
169.048929
102.566326
116.971444
106.394798
127.708767
101.863687
117.241326
141.903128
125.414555
97.155757
120.987833
135.121044
156.200974
122.458655
133.898983
111.856234
118.802261
132.816649
136.009696
144.124712
135.815757
108.141478
141.474894
117.742875
112.060643
145.772882
115.128971
159.865912
127.684941
128.705256
159.639058
146.349307
143.411664
142.779712
154.164795
149.807315
119.033901
143.224070
139.201662
124.075484
132.774183
128.777535
154.976638
92.824973
132.733052
102.873077
121.476060
132.581528
101.005746
160.599258
130.283336
130.875033
141.908947
121.512323
135.024087
142.953659
147.876727
153.608055
94.176715
155.594245
150.644988
144.551874
113.076195
123.617502
132.187764
108.380814
112.681670
120.077795
155.041069
131.617291
122.869933
142.663716
152.036117
103.149146
155.672314
135.464751
130.830878
151.239556
141.205441
125.682681
162.087697
141.448243
135.156752
106.386939
111.751916
132.643044
109.663308
159.006551
127.343279
126.324504
92.796430
142.076656
121.480790
93.211688
166.091760
103.769103
134.450522
126.280586
129.882975
151.093214
119.993354
112.879340
109.953830
153.546167
187.809181
123.172267
169.989258
145.410345
148.017825
166.374504
125.288077
156.374567
171.433837
112.091204
114.755803
126.933400
95.648347
158.034760
143.791201
114.788959
161.627465
101.329487
128.627019
124.661135
108.836579
105.270635
166.693493
133.997644
161.443801
132.859119
152.420254
139.483936
124.762097
124.667138
117.871646
158.986762
92.908100
147.013533
124.991700
157.416674
105.299821
78.005720
148.250118
135.195115
148.502881
106.762732
121.321884
104.791926
154.227070
165.284831
124.981499
163.187749
157.461686
117.701359
139.945628
101.709888
92.100232
107.660919
126.275175
166.654490
114.170218
186.826190
131.301852
134.107249
124.957719
123.723512
130.825409
138.100983
126.665626
161.472014
156.809217
151.142873
167.089807
132.832552
138.886092
151.556221
124.456341
129.637083
120.085607
144.100403
157.226288
117.534854
145.961781
142.538274
178.398449
119.002491
108.082160
111.406563
163.143115
132.738098
99.158421
155.933528
121.966278
146.922735
141.915130
145.754425
96.625165
141.269786
175.581950
137.028941
142.234740
151.560709
122.182541
136.279740
150.556608
171.271199
95.505710
140.516924
143.930737
97.824506
155.107718
111.013838
141.670589
158.522080
170.059413
155.167513
163.850289
123.879785
149.001662
176.141149
130.448272
162.511824
134.790380
110.455317
154.401764
150.150338
121.154416
189.004326
120.774153
156.904357
117.261831
109.967181
104.600908
125.350543
125.431277
147.945147
91.709437
103.915558
125.274930
145.190511
150.933670
124.542813
98.886726
101.937522
137.912635
176.414930
111.445071
90.907731
129.593526
128.726895
152.991828
121.765916
147.171328
154.580204
134.015225
139.143253
165.739412
134.768266
134.026767
133.830157
167.319900
110.916269
130.304692
163.080190
140.091418
119.644576
153.567586
143.308567
131.128549
96.866099
138.738571
142.543286
139.815954
173.552536
148.049586
155.493689
186.784756
120.791487
140.803180
168.375297
105.115066
102.854016
165.412266
121.062483
126.140205
158.252380
159.427445
134.928966
114.062435
116.921311
136.908171
163.522985
153.886388
91.577508
132.189984
160.038160
161.925043
142.248004
111.770581
104.891620
112.036379
139.687587
145.526818
164.290029
113.376156
121.555936
147.462493
97.151366
126.744959
145.749724
121.520329
138.868191
142.573584
126.254321
101.513358
144.828384
111.742468
145.955810
130.091838
129.396929
139.900099
183.288078
123.631088
167.954418
130.872775
133.378642
91.870309
133.803760
150.931154
173.487181
125.853344
94.943189
121.405008
141.723275
138.854885
100.396122
139.025768
159.539068
159.188854
137.417238
177.492027
157.956624
85.418155
127.593783
110.365809
134.885989
176.379784
124.595808
143.941727
148.360353
107.209542
146.945669
156.261448
161.420578
131.085210
146.167714
155.496131
138.922149
128.900316
136.413083
182.384417
153.401356
131.614546
107.208021
123.903405
125.024115
154.823478
125.358268
130.921182
83.187961
118.799029
143.603827
123.630919
140.863801
137.801119
128.873789
114.319972
164.322551
115.811033
166.085977
122.814023
128.026962
169.179473
126.513958
139.812964
126.237692
127.379535
99.928540
139.244303
143.928989
118.535272
116.675256
160.588960
182.944246
109.226419
159.521694
135.199502
139.558699
98.354451
156.862788
153.423323
136.287808
140.952856
105.828431
135.474026
124.226076
120.526294
152.496531
161.056355
127.720418
147.147855
127.906822
128.642642
149.531240
129.932961
128.819617
138.142322
120.611222
115.350386
174.478901
129.424335
138.742560
133.634389
140.408646
106.960477
147.258843
121.062920
111.145715
103.116033
159.011829
148.344567
133.503273
150.799645
123.175006
144.973807
97.582629
107.007416
145.875574
152.438678
135.946606
141.676846
164.432001
141.123862
113.132251
131.161556
142.746387
175.348047
128.387455
116.702138
111.486573
157.175583
141.142709
131.417118
127.558930
132.867941
119.289171
133.151511
174.202823
141.611265
153.798450
162.660424
132.081450
101.112437
143.953951
176.843910
164.334900
107.930650
145.406851
153.987178
97.438249
114.361158
151.832367
147.285431
133.727812
113.183619
168.362229
133.529826
135.790485
106.353853
135.407417
116.848990
189.175335
173.411801
119.942415
148.888973
139.227535
120.082408
161.343553
156.306245
91.898202
129.542770
164.915390
155.540010
115.408191
175.171088
126.628416
141.084686
112.849713
143.273071
145.029003
109.989919
133.238323
146.114227
163.140647
148.418182
134.081165
153.723936
91.648331
142.397515
102.030798
169.721353
112.354442
115.987787
147.961106
158.110821
127.408952
109.471913
135.644250
115.926682
133.478654
136.614075
176.522600
119.934487
139.267553
162.853335
159.085094
150.719801
92.336605
152.846627
114.054511
122.134580
129.842614
132.134121
114.476784
140.817999
128.669648
166.079766
157.358269
152.393155
136.930575
131.708537
134.648648
121.066675
139.436374
149.740642
136.902700
134.983300
125.923545
147.500413
145.922463
147.715778
130.111374
138.858773
176.829808
104.536014
154.492921
153.625442
113.909778
170.465031
139.513209
118.078560
126.757600
126.415195
144.746516
144.724462
129.408692
175.370615
149.676310
122.427927
172.892874
134.825443
132.654984
144.624152
151.100952
118.886405
154.272397
116.992163
169.092965
120.971960
101.644067
169.612010
106.939298
148.308948
150.593414
150.091694
142.226529
126.710872
127.157054
152.487491
103.057440
163.104723
134.348502
126.836094
88.329237
136.019018
157.691729
127.004054
136.875120
135.380825
137.380396
165.189409
185.177104
105.722834
114.733175
149.112335
129.711327
147.273392
109.043015
129.965826
123.141768
158.006116
130.321913
180.771712
110.312447
154.683972
109.692438
131.474722
129.791785
96.329704
161.815042
156.003276
153.920046
158.772828
116.567471
141.025312
166.355931
162.786650
109.629905
155.015261
151.764471
151.427936
150.294907
139.066036
140.141738
145.727812
123.143786
160.208553
110.471099
115.795231
161.098216
113.803809
126.540049
133.058502
164.475577
164.476518
130.918400
128.760358
161.234109
146.531180
121.633028
149.169570
119.149720
122.481907
155.792510
125.930281
145.887804
139.201480
133.315271
165.049697
125.922682
158.354924
134.950942
132.577895
114.162405
135.758599
152.815000
134.414831
155.381255
103.128635
118.093391
110.924715
135.381261
161.049901
157.129455
109.296703
141.265466
159.336431
113.145432
121.710020
166.698861
152.554359
111.090393
135.128422
98.881410
178.346306
168.053234
153.752296
133.392576
146.110130
127.626956
178.443123
170.293167
122.436649
122.798243
114.413960
124.703778
112.032728
128.459524
86.133730
116.449099
116.411937
89.793814
92.736359
107.991594
124.364120
104.133306
155.575933
149.575623
105.972664
135.742985
139.309646
109.755584
138.588937
140.623375
128.445637
110.602148
97.287876
144.944044
153.773403
143.670192
165.899571
126.580224
131.608163
104.663748
126.033157
90.025707
122.875713
137.396094
158.904685
95.104088
162.877942
145.752828
160.803263
146.203426
150.884533
112.769524
126.599955
121.269573
149.485018
130.747224
167.014228
150.347125
127.580193
143.917699
133.325044
126.877048
111.595288
168.731958
155.558181
142.273607
104.285311
165.098460
125.199735
157.369440
106.836177
148.778391
117.688339
118.902837
149.947251
148.250938
128.476751
107.586558
123.072951
146.020071
163.064235
150.354980
154.751741
133.344155
103.195676
125.158195
156.946340
132.142420
134.694074
121.218906
131.854192
118.747744
134.789456
155.326472
154.697573
131.264748
105.930456
133.231881
161.290182
158.818488
155.992498
140.835919
165.862847
149.850344
126.992815
126.409570
119.454078
107.331590
180.617438
88.161348
124.227640
158.994291
139.987785
101.881413
125.586940
167.614321
139.096784
130.797164
149.994276
111.383395
148.420760
141.223084
140.001975
127.798155
143.697568
117.909428
130.430570
136.533102
119.946405
126.427697
157.238070
100.864344
118.331289
154.746776
123.429241
139.361405
151.370172
121.422424
153.307412
151.601955
152.187090
126.238649
126.699909
156.334406
112.363332
137.824394
135.635095
137.155898
157.827504
116.279970
141.068342
176.514023
100.785972
138.695281
145.639192
148.792858
141.103249
133.588978
145.342778
118.732436
115.790398
158.191341
119.464396
144.355934
139.416799
179.933473
176.058201
129.841222
164.083223
113.736591
159.039801
109.492025
137.920474
120.595913
112.041550
141.771622
155.979045
168.317987
178.140691
154.383104
134.049017
139.720168
157.351167
121.339535
100.891519
138.086068
112.713702
130.565443
116.550695
135.823579
151.354156
120.829055
122.735951
133.775488
145.802039
102.526443
128.930159
147.336222
170.181193
120.391016
163.826082
133.584416
121.701925
153.953906
138.123029
120.550703
139.848855
118.221175
99.629897
138.549127
136.127642
131.489343
107.629460
140.699092
117.527138
102.865400
153.677968
154.404923
132.464415
168.221334
119.952090
131.751578
123.036843
152.587854
143.158365
177.684083
132.948010
158.107981
150.071415
137.392509
101.528482
155.856769
154.299630
168.045713
175.374518
134.346905
156.357432
141.885204
175.513216
132.422411
157.961485
178.779640
139.470991
151.638027
169.057868
162.994192
138.380858
133.315577
145.606052
172.115189
121.463175
129.600978
165.558330
154.107764
106.388043
114.452026
122.027968
119.789133
134.329503
102.236206
142.905902
121.278099
147.646688
138.151978
146.184667
147.088081
117.892189
96.605572
150.377893
123.926664
124.909709
144.427667
112.481548
109.660506
115.467646
100.097647
100.072392
141.472964
171.320910
110.712819
183.130576
138.289622
160.736375
119.907797
143.893741
116.814250
139.052524
139.693414
96.401026
159.237070
126.461203
140.523595
146.589152
119.583379
144.508203
137.819021
123.942016
175.889819
139.854905
172.987519
165.884228
123.062964
126.779390
160.020461
125.346999
108.577270
148.417178
123.933296
125.753269
95.922021
154.276192
169.666378
153.596552
134.767207
88.697740
158.358704
145.588632
157.798361
130.374574
104.310272
138.065732
169.562816
149.950147
157.520696
171.397800
140.874472
134.103318
159.651410
122.791756
115.486346
131.602965
109.204227
81.959568
132.968944
138.987504
154.983502
118.713296
134.786745
115.740956
120.768879
121.776483
111.022546
163.747619
127.835355
99.976043
135.540005
100.005679
102.517571
111.662822
155.875283
115.394870
176.074096
119.310198
106.930782
130.270653
173.532350
147.153756
133.443872
147.928682
115.289953
170.551794
156.614235
152.222316
150.405828
174.558658
174.755935
113.054930
152.432813
109.496191
129.391723
91.517083
111.178525
91.032831
149.918957
135.990265
129.509956
106.915237
155.511191
112.929097
126.881735
118.376416
129.546500
115.174184
111.304106
174.777273
123.008465
136.253900
121.380492
96.990258
104.224057
96.369789
112.328738
134.782547
83.819781
146.952862
144.334620
134.101708
115.823664
169.822595
153.248827
120.107865
143.412101
139.300959
115.907908
100.991993
113.432116
110.317199
104.764016
121.100862
116.259365
143.084189
145.887396
112.464424
99.466991
127.538654
150.426059
86.758201
151.612556
114.876706
150.596372
146.808416
145.176888
188.031118
132.385357
122.971316
127.339390
118.007046
106.505301
134.935761
132.688931
169.840042
112.698125
159.609386
130.796732
162.376798
112.847746
136.336728
130.690301
131.984506
138.855590
184.722360
153.154600
136.818773
173.948641
193.268995
159.461980
141.099009
99.094894
109.188549
147.698846
105.329640
134.065234
155.818260
127.523292
111.302476
122.562326
144.368848
103.088560
143.661253
131.388511
98.365900
129.126016
119.271252
112.656115
130.928481
114.600263
129.661504
151.799487
158.730531
175.661696
172.308373
142.577594
131.103894
142.491757
130.002867
138.790738
156.464848
116.825875
153.667419
143.203932
154.783302
147.862800
133.363453
143.989391
106.564254
120.822126
134.087462
148.207321
117.800904
111.497019
121.322624
157.045559
146.574482
131.418107
112.113432
132.378339
128.921571
123.309662
100.956363
131.046983
134.014217
150.170947
143.632054
149.836435
162.101684
149.089318
123.738869
151.728701
135.545463
121.071300
94.873990
175.902008
166.094645
98.700121
121.441697
123.373046
104.788254
174.903334
159.967221
150.840723
174.863567
127.857807
137.729855
108.889946
125.031110
163.996093
136.444226
121.953445
174.155745
158.650630
150.313387
134.417962
128.683590
143.117865
111.558360
94.292628
142.859000
143.692622
129.448511
106.775969
105.856288
135.600819
139.750967
123.620482
117.875126
162.933614
147.673242
135.317674
140.326457
155.356662
137.368474
96.038843
171.718312
165.119136
114.165477
133.176546
135.231634
146.941294
123.741913
148.468776
101.180604
86.955387
129.474769
93.258938
146.833712
138.113399
171.006987
113.339083
142.536815
102.974348
110.847220
129.001267
103.899012
166.981546
134.251872
126.099921
158.809256
131.391317
139.528072
148.144029
165.221498
168.935269
137.355142
101.777986
152.443690
149.924144
125.463469
136.892986
146.816997
114.160433
160.755943
160.396755
152.394684
123.217013
164.690400
143.683345
103.851702
110.822560
138.969907
125.110130
114.712479
142.731667
131.994381
124.719549
162.187857
119.197203
125.792555
96.156645
136.855593
176.582761
149.210302
126.863860
160.352368
121.514982
129.147884
145.906102
136.929787
181.839324
147.634355
135.137707
140.206138
129.425430
112.482165
151.049162
113.673347
155.459530
135.129898
142.727273
120.101562
128.718282
153.314999
140.337235
162.595810
131.367175
128.087370
114.049415
122.266959
136.519328
147.910838
107.956903
158.329800
162.371146
103.461712
111.112086
123.870971
165.993936
141.059559
133.866525
148.133067
143.710354
147.120849
109.652970
133.510314
111.771953
158.069915
100.707574
129.379513
