0.187066
0.014337
0.138107
0.038741
0.046424
0.000463
0.000472
0.002245
0.232723
0.061466
0.000459
0.008270
0.092386
0.011091
0.007466
0.000620
0.348009
0.002984
0.567552
0.071341
0.333631
0.000190
0.033355
0.044148
0.015532
0.382278
0.008660
0.021501
0.000444
0.063688
0.132305
0.307533
0.002891
0.044382
0.039672
0.207658
0.092487
0.000358
0.103436
0.054507
0.217633
0.007791
0.010052
0.082600
0.151548
0.006003
0.003788
0.086472
0.042608
0.134358
0.013045
0.011739
0.000117
0.012406
0.000707
0.979122
0.012513
0.000042
0.003403
0.071486
0.000282
0.033570
0.004128
0.269321
0.446421
0.252879
1.001901
0.001286
0.117938
0.000975
1.007632
0.027276
0.037763
0.031572
0.199679
0.017700
0.113714
0.006381
0.004243
0.193252
0.006579
0.000753
0.750466
0.000282
0.002849
0.010716
0.001035
0.000252
0.000293
0.000684
0.000528
0.000003
0.125122
0.009401
1.060893
0.016555
0.834430
0.052373
0.174337
0.005602
0.050139
0.217976
0.640465
0.008480
0.238464
0.145414
0.000023
0.000383
0.000538
0.004489
0.000356
0.049971
0.000032
0.005889
0.058916
0.000261
0.074092
0.042927
0.102884
0.017929
0.028574
0.007989
0.135479
0.037424
0.121598
0.090921
0.003232
0.229350
0.073664
0.177001
0.077122
0.179681
0.034170
0.025162
0.159616
0.021780
0.000300
0.007993
0.000013
0.002946
0.026714
0.109563
0.002339
0.009167
0.000120
0.002247
0.001868
0.162433
0.007348
0.104493
0.253424
0.023963
0.000175
0.020934
0.002592
0.263733
1.661249
0.602768
0.000017
0.000075
0.001496
0.000719
0.000075
0.003636
0.003670
0.009568
0.123548
0.021228
0.335092
0.167058
0.055550
0.289325
0.000957
0.019384
0.128207
0.002783
0.009513
0.004463
0.136867
0.382301
0.000636
0.052432
0.008913
0.000567
0.001816
0.017424
0.140869
0.126797
0.228781
0.187946
0.001879
0.010745
0.023171
0.049105
0.001877
0.001866
0.005800
0.000464
0.002101
0.008570
0.138630
0.002344
0.001230
0.052363
0.055086
0.000001
0.011584
0.093066
0.000032
0.002690
0.577405
0.299009
0.502098
0.032068
0.015145
0.004965
0.000568
0.029100
0.003005
0.036554
0.015043
0.001450
0.012927
0.008335
0.000295
0.026267
0.155746
0.223947
0.106467
0.016879
0.008023
0.005186
0.000062
0.004556
0.014647
0.000138
0.021954
0.001810
0.596945
0.001261
0.000092
0.081826
0.004905
0.007905
0.032005
0.046176
0.171800
0.322756
0.026595
0.691082
0.167682
0.011059
0.024114
0.436051
0.194118
0.000730
0.000016
1.554964
0.080931
0.001880
0.028804
0.001139
0.014876
0.047600
0.044263
0.002529
0.005739
0.321022
0.006162
0.072920
0.488035
0.042366
0.006137
0.042356
0.016446
0.000237
1.163338
0.004216
0.065322
0.049594
0.006858
0.060486
0.487570
0.000010
0.093827
0.030438
0.196365
0.000294
0.016751
0.131389
0.025767
0.005839
0.018277
0.030718
0.000136
0.003762
0.063201
0.114099
0.023509
0.158441
0.004601
0.009792
0.004165
0.117994
0.123707
0.062192
0.017329
0.014670
0.658287
0.022734
1.416544
0.305415
0.000042
0.050026
0.002063
0.050179
1.718175
0.018602
0.021256
0.027670
0.157841
0.053505
0.067788
0.017965
0.000417
0.070346
0.081297
0.016368
0.001119
0.004025
0.060890
0.025355
0.000984
0.002446
0.013052
0.004878
0.000193
0.007322
1.460897
0.005246
0.000003
0.074407
0.042011
0.054131
0.618225
0.025118
1.087586
0.020913
0.000776
0.166664
0.003632
0.000678
0.002968
0.006298
0.257326
0.000040
0.037525
0.001930
0.206239
0.000066
0.003738
0.012271
0.028548
0.010256
0.040940
0.013937
0.078284
0.053487
0.081802
0.002080
0.003575
0.008808
0.109127
0.042908
0.023869
0.006743
0.045078
0.006597
0.099090
1.010652
0.158949
0.004819
0.004564
0.002593
0.159518
0.157684
0.000072
0.290128
0.292643
0.000204
0.077180
0.651203
0.008254
0.060562
0.002097
0.120674
0.043011
0.000000
1.048121
0.010553
0.075218
0.048220
0.000696
0.002512
0.000250
0.014990
0.001642
0.227335
0.000110
0.032788
0.342887
0.085666
0.125735
0.000279
0.448476
0.087819
0.006376
0.100131
0.007699
0.137089
0.006132
0.020397
0.212121
0.304307
0.825363
0.011144
0.169592
0.255307
0.022789
0.002850
0.000002
0.000822
0.000741
0.000362
0.005404
1.019822
0.008828
0.032158
0.394295
0.000516
0.027180
0.000098
0.196772
0.122560
0.001303
0.004871
0.001265
0.003970
0.264964
1.545609
0.000932
0.000356
0.000140
0.080757
0.000117
0.682337
0.002395
0.001180
0.000638
0.002233
0.032754
0.362318
0.574354
0.000255
0.000149
0.001204
0.000639
0.050850
0.000451
0.033844
0.195461
0.000089
0.081115
0.018308
0.000006
0.049797
0.000792
0.002864
1.096827
0.009280
0.290663
0.129937
0.060152
0.186275
0.053417
0.003769
0.000971
0.029988
0.000051
0.000185
0.138284
0.017079
0.006432
0.007746
0.000744
0.000134
0.001428
0.002786
0.269828
0.246448
0.009104
0.065427
0.617122
0.028488
0.001590
0.167641
0.005959
0.156566
0.003592
0.023345
0.075118
0.000336
0.000153
0.000238
0.017245
0.005124
0.020083
0.623924
0.082117
0.000355
0.780212
0.105938
0.081055
0.001116
0.107470
0.001167
0.053902
0.001362
0.002363
0.005474
0.006533
0.099606
0.049051
0.004219
0.012175
0.508601
0.520267
0.000153
0.000049
0.016841
0.191107
0.012321
0.192767
0.000697
0.002611
0.001064
0.344810
0.116153
0.001164
0.000952
0.000583
0.006712
0.003238
0.022372
0.416194
0.000149
0.003318
0.001036
0.012885
0.077804
0.027839
0.535194
0.009848
0.005128
0.007829
0.003350
0.123796
0.001498
0.011174
0.024897
0.053956
0.050225
0.057982
0.062621
0.000523
0.004661
0.002578
0.018330
0.032959
0.377242
0.387262
0.004836
0.004642
0.005197
0.047886
0.000663
0.001009
0.016458
0.000941
0.007257
0.034655
0.202745
0.033565
0.052683
0.039910
0.000752
0.000530
0.101589
0.004026
0.017010
0.031633
0.070533
0.016529
0.008890
0.000354
0.003759
0.068058
0.072582
0.109671
0.004859
0.028476
0.029955
0.002350
0.002492
0.001025
0.001412
0.082168
0.000438
0.606762
0.011793
0.022333
0.573068
0.208010
0.004029
0.019712
0.060628
0.004021
0.016339
0.000045
0.011232
0.000187
0.487932
0.013628
0.023921
0.128792
1.256043
0.005511
0.000064
0.141225
0.004169
0.002028
0.000550
0.000742
0.012644
0.042962
0.080156
0.110799
0.002489
0.001696
0.016862
0.032714
0.183943
0.014870
0.048310
0.036649
0.128821
0.970852
0.001515
0.001055
0.019197
0.255939
0.003195
0.053357
0.021652
0.147429
0.000318
0.052145
0.019688
0.112064
0.043323
0.036359
0.000234
0.000304
0.014322
0.000808
0.013834
1.217584
0.001955
0.000030
0.354771
0.012153
0.021317
0.062794
0.016246
0.000572
0.005682
0.309074
0.001013
1.050527
0.000754
0.487770
0.000169
0.255802
0.750276
0.022592
0.147591
0.486392
0.007468
0.171390
0.011384
0.000299
0.004921
0.295728
0.028546
0.004026
0.005078
0.000402
0.008677
0.124866
0.000263
0.022707
0.005002
0.077309
0.009111
0.023906
0.006890
0.000319
0.003154
0.034512
0.001433
0.000000
0.023956
0.000741
0.684589
0.005902
0.063714
0.067430
0.004692
0.339186
0.057549
0.000293
0.215312
0.000157
0.000104
0.014117
1.062309
0.432889
0.148007
0.179769
0.002441
0.168075
0.065719
0.056877
0.174059
0.096755
0.008647
0.002428
0.007600
0.013246
0.004924
0.000840
0.170549
0.008297
0.168976
0.144663
0.410752
0.000167
0.032295
0.000134
0.369440
0.000121
0.020910
0.678587
0.230138
0.011383
0.022449
0.003296
0.052173
0.004605
0.000165
0.027940
0.080269
0.000093
0.208663
0.077527
0.019970
0.043873
0.230288
0.236130
0.000450
0.253217
0.243130
0.115586
0.007152
0.010173
0.001225
0.776223
0.060261
0.000014
0.011771
0.000479
0.000060
0.124356
0.022614
0.145039
0.649081
0.001153
0.005508
0.015161
0.403456
0.000733
0.153747
0.186287
0.011613
0.021453
0.050720
0.001355
0.000043
0.109327
0.000851
0.141988
0.081691
0.159086
0.000482
0.000022
0.052471
0.006116
0.005811
0.008193
0.007097
0.000154
0.060635
0.624053
0.005987
0.004568
0.040905
0.004034
0.203625
0.000727
0.037223
0.172169
1.127634
0.044181
0.067080
0.000308
0.011584
0.000016
0.002701
0.000582
0.000565
0.011995
0.272779
0.008800
0.008377
0.466858
0.000193
0.000330
0.002289
0.054692
0.026965
0.005531
0.014196
0.003504
0.005113
0.000626
0.000134
0.008508
0.191249
0.027124
0.022170
0.295433
0.003941
0.000222
0.525193
0.015943
0.002503
0.036008
0.013951
0.141731
0.000108
0.025147
0.042555
0.003407
0.000003
0.000295
0.084553
0.236540
0.213340
0.022633
0.002182
0.043647
0.000233
0.164847
0.004285
0.018384
0.022521
0.005144
0.572275
0.059613
0.039163
0.010738
0.826740
0.007200
0.346196
0.159072
0.180404
0.001178
0.020945
0.000732
0.145654
0.000151
0.157970
0.030048
0.000003
0.015419
0.038929
0.000586
0.000636
0.084705
0.054596
0.272245
0.034906
0.107633
0.000890
0.998566
0.003191
0.006422
0.190769
0.081760
0.006641
0.568897
0.000046
0.072155
0.031217
0.000040
0.334205
0.052979
0.002076
0.007874
0.000895
0.002178
0.002950
0.022941
0.131123
0.019733
0.005430
0.021204
0.230778
0.000064
0.001123
0.891076
0.195016
0.014940
1.171911
0.000585
0.013742
0.008342
0.015049
0.045255
0.006138
0.068187
0.021715
0.071761
0.006519
0.009506
0.002126
1.037899
0.000303
0.006347
1.044683
0.098474
0.013922
0.234498
0.002627
0.000818
0.074120
0.008690
0.004123
0.872914
0.002043
0.014353
0.000747
0.022580
0.024598
0.001773
