132.617632
109.692482
123.068495
146.702958
126.736773
123.838319
129.824882
119.826450
127.011095
156.776929
114.556144
122.199815
119.981346
114.605546
137.214127
140.366468
138.888374
129.684357
104.744489
139.554447
82.535828
125.502521
128.610924
122.626281
110.602035
109.555622
102.049603
136.075664
113.394683
125.087802
133.141237
124.382470
119.710983
143.177674
157.310595
146.548223
128.300444
131.402470
147.011253
117.761253
125.033144
131.586528
112.587459
142.935619
145.868659
119.532250
134.424271
126.649599
119.589079
138.826967
140.941074
139.765353
136.650096
111.570529
128.006684
119.500692
101.447754
112.360560
145.005393
119.682716
130.745150
126.147005
134.538297
119.055732
122.972203
127.184573
111.561655
126.030871
136.402629
127.537356
133.410105
123.271403
151.580461
117.759923
120.521320
119.654327
117.355194
112.027480
122.788832
128.013665
126.935474
123.306505
114.488258
149.388617
115.154897
107.942686
119.451787
114.608154
121.520650
135.940351
111.456680
133.784593
114.082504
126.240021
121.296044
143.164329
120.181093
126.541878
147.656724
121.967660
146.281081
129.985033
123.463213
124.222646
110.219258
139.136443
141.500276
131.152137
135.227078
107.639140
113.131146
150.163293
134.217177
128.032278
121.034499
124.305524
151.121184
134.596912
101.058469
132.342945
138.239742
149.441468
111.605556
146.527816
102.260652
123.610603
140.150154
129.295347
127.023115
136.815176
123.412765
126.266852
131.886134
144.969974
121.602259
149.238880
117.053560
113.746850
110.878410
110.269968
112.856915
124.855040
137.967374
141.966852
101.364937
108.789552
143.005119
113.371190
137.798081
122.851203
119.647161
103.134641
120.022369
127.716440
116.920293
133.403746
134.188318
120.418309
115.803542
130.064774
129.138012
131.824427
101.732608
132.402738
125.183303
112.230798
109.732025
133.051934
130.793522
116.561451
118.058505
124.850339
117.271987
112.394308
157.393434
135.167549
95.432174
151.616313
147.727025
138.458794
130.095432
135.880127
119.620550
111.571700
113.920035
126.184040
142.487172
126.908534
114.881263
127.238163
137.413111
115.472318
139.450373
128.105912
106.879413
133.210704
131.556766
115.342875
111.425372
145.283520
149.811452
117.846184
126.436428
122.465309
135.290742
102.701512
139.324770
108.628037
117.363265
114.741346
115.250263
144.701083
114.646623
137.673454
126.644895
125.101809
140.120705
124.604538
141.604958
134.663462
132.690487
133.780302
146.115394
117.923108
135.074712
126.000853
131.505044
105.223319
135.480420
135.679580
132.620006
108.441913
123.458892
127.880917
133.065509
117.231164
141.060289
142.200041
131.441526
111.074328
138.251375
135.629765
112.785902
132.398788
129.803809
94.637159
127.092793
131.403262
112.620021
143.847787
120.960507
108.548138
116.100932
143.523375
141.442988
108.048071
132.115193
143.506488
117.681839
110.184744
114.088544
143.455378
130.261069
149.095020
119.004452
110.937483
109.977697
130.468594
126.111305
110.393927
126.061680
122.749573
159.124319
110.352249
135.129930
129.031262
124.413073
126.980237
119.165846
134.595748
118.577012
127.775955
118.339637
120.681532
121.163473
127.264868
134.782566
109.776565
130.138860
104.445472
116.474452
127.319678
122.651749
131.144997
133.687914
134.292362
119.727518
134.960112
119.378307
121.180560
131.980909
116.024591
110.796332
124.311341
126.389247
117.947927
139.335207
85.229896
117.596862
105.155839
137.415218
113.020358
136.889873
140.461256
126.938107
120.930917
142.160602
144.443351
109.093260
115.439655
145.466419
120.993148
130.348660
139.552950
125.637082
133.728093
143.940980
130.610603
115.834785
108.616180
150.024316
116.600509
109.780618
110.998715
122.369087
143.153086
120.642249
153.022281
135.536664
132.394142
128.018624
117.421188
119.434685
126.573958
96.557522
119.581500
134.677472
142.104928
153.067994
119.097217
133.165153
120.489194
101.485934
104.069997
121.974825
116.713835
115.020193
144.149753
121.705672
116.085584
129.570481
124.034180
131.802311
124.031811
147.821226
123.795170
112.076915
140.639821
136.161624
107.648540
140.420788
121.467341
126.912414
146.907814
140.599226
142.616154
147.191155
118.666120
123.189985
136.488483
98.556487
140.805494
123.528593
139.163396
149.681538
131.049471
104.504033
122.737821
130.333289
117.735235
100.700763
132.318763
123.339944
144.596313
119.006378
123.543628
114.442835
111.538463
144.835877
138.238053
164.709780
143.233521
121.613156
127.363848
123.350908
114.132341
120.876216
128.847847
123.355302
145.113247
106.561781
122.834839
145.086885
140.312630
115.272725
104.143825
127.750959
126.609514
115.452182
133.949196
116.327799
116.936685
139.814973
131.481974
141.945214
119.039369
138.899435
111.800725
144.223388
101.352412
143.280018
122.340276
135.323334
133.074209
128.022583
143.131097
127.275054
128.461195
122.987155
99.438851
101.940439
142.750087
150.057795
103.798009
128.882611
127.572829
120.472485
146.106056
122.597446
108.243726
122.969105
125.588143
131.921128
94.124000
147.844418
108.131815
151.763325
131.876182
134.700756
140.060743
100.022440
131.181475
122.974496
129.049416
109.096474
104.790617
96.875294
133.988732
119.873301
106.249883
130.551094
104.603104
136.453129
130.141928
133.800085
102.608152
138.015462
138.549624
143.832734
139.861997
119.647864
125.011889
151.917879
128.177945
104.042165
109.386609
126.831534
114.366354
148.763831
131.415936
115.099696
117.478828
133.013700
121.613543
126.676455
125.329874
125.061177
145.010445
131.881031
96.012499
102.915627
138.639032
145.626163
133.298956
115.092796
137.983840
133.793524
145.382792
119.525103
126.741877
116.536222
116.098939
128.465969
125.338453
121.416911
108.450138
140.171676
123.105600
113.334188
126.264545
124.082849
139.016780
139.573419
148.862648
146.570401
140.055628
155.113623
117.305913
131.082299
129.652889
120.376176
136.641881
116.496814
118.993159
106.800319
129.676365
109.618992
145.648541
129.527028
120.619519
124.874284
134.582923
116.645381
111.518671
146.336570
123.516369
132.093892
120.728878
134.929971
150.516891
147.846708
119.513606
139.258530
108.609725
144.424939
123.983863
144.513049
148.036433
111.635429
150.293177
120.892730
133.192123
120.128648
142.914484
134.382501
130.618679
145.029299
156.046963
129.235998
107.744206
125.826175
130.536093
142.222106
143.470169
135.408841
120.981574
136.742366
141.904509
135.172631
142.854526
145.443498
144.293347
132.155713
143.361979
129.582116
115.931724
125.463835
138.395702
117.009952
134.297480
129.918831
106.746944
115.092725
110.410401
118.016603
126.116745
131.652684
134.464590
120.270508
130.820495
117.429258
130.717395
141.896511
124.174787
114.871235
137.308350
119.925998
137.457558
106.694763
142.025232
94.152644
97.392616
123.549745
144.785350
114.334622
144.489271
119.057409
138.228144
134.545835
111.438625
139.164385
123.179375
117.339366
97.959599
121.327299
144.992177
101.417748
108.500355
129.989994
124.799965
120.627754
155.271112
121.804081
121.874346
97.355923
127.752729
104.582300
133.595851
136.143657
111.799692
130.277976
120.492614
119.049201
109.874382
115.186892
123.264342
102.834756
116.363126
145.350239
126.623664
130.505958
129.535536
131.516427
107.251544
126.055576
130.768353
114.315587
138.916260
143.707294
135.099183
106.584079
119.841102
118.833203
129.163522
102.102778
111.979773
117.268791
115.161658
133.510167
94.066991
140.432659
128.335834
120.659669
122.403672
122.691273
128.737356
131.154381
132.902768
135.291143
145.541432
107.106725
138.915240
135.794483
116.094664
118.571450
113.225359
131.674517
107.047015
142.678849
122.141161
129.054291
143.566271
141.368061
107.216147
110.518818
126.192598
126.348138
113.646060
126.372359
130.749365
122.213437
126.875624
121.238907
121.517825
114.619133
125.531140
137.022607
134.420639
126.678852
121.473325
138.664672
119.716712
142.406172
142.047492
139.324098
126.252500
124.528763
123.649037
119.643029
118.459160
139.431365
123.992573
129.357221
136.175457
144.353683
132.393692
141.038826
128.622437
131.081684
111.582530
131.818219
137.105183
132.899701
115.740873
136.887869
149.461531
131.970117
118.790291
140.527419
124.095622
132.398181
162.599962
140.255321
129.487264
142.165941
110.398672
113.039428
125.192861
112.798081
137.165855
118.295984
112.363270
126.367214
134.548791
115.052685
125.212376
118.177277
113.013754
135.785663
111.106382
101.434015
108.848805
116.305004
137.553499
143.221553
102.646081
136.518174
117.845603
126.109326
124.996868
136.192551
145.747840
139.498441
129.998689
114.434824
132.172509
134.186387
124.915688
118.639888
133.216975
151.438000
107.645866
111.926251
136.255493
147.099070
135.959877
129.958777
127.644554
124.535716
137.941584
134.267976
109.023407
93.086303
111.846563
141.573423
111.889201
121.032834
100.856056
139.655276
123.803721
129.358354
116.677514
127.793638
141.194275
129.196529
126.692482
128.216326
133.478144
129.259562
145.556553
104.038344
156.510785
104.758039
115.050308
91.048036
114.492626
125.847888
117.287059
114.438707
110.719613
112.304237
151.775402
136.368578
123.830823
105.664037
112.195219
120.332771
135.433566
109.977480
109.916122
95.692284
118.989885
112.721647
130.652446
120.876339
100.808527
93.812116
154.684998
136.777217
124.327954
119.853048
86.937064
118.442015
134.197312
141.199869
115.391769
118.292503
124.896706
110.887437
111.455146
119.287632
117.776182
109.174783
141.333571
117.170616
141.068500
118.087698
133.066614
121.498098
128.849473
100.689088
134.318756
120.056494
127.045995
110.228336
102.898900
118.283905
121.362255
129.059829
137.091986
124.646474
136.447700
141.588788
125.260669
127.570674
127.563832
115.154131
132.343095
126.365666
128.520911
117.916571
105.420521
116.418872
113.031204
130.163005
126.887312
149.733724
117.744296
130.162686
126.630074
114.582816
103.095034
136.852128
143.462504
139.921563
119.240599
131.332090
117.401729
142.330175
124.254774
128.820775
112.448976
144.597190
128.126339
120.316590
117.811718
146.936688
109.964885
140.747105
137.894346
98.756393
125.672595
134.046939
110.910497
127.809176
123.963810
125.002215
127.068064
146.959327
80.557018
111.892883
114.185191
113.283950
126.116124
116.531386
109.867526
118.547527
97.727392
118.678102
122.901974
103.124897
119.335785
117.105948
125.845105
148.889055
117.722613
127.517835
101.573687
124.410262
135.404912
128.902679
116.806987
90.011756
111.419285
130.411476
125.204360
113.648817
99.509297
137.315988
121.329033
118.580591
122.750691
94.379511
126.112056
115.081039
122.345407
115.604802
141.751284
115.760901
123.956785
112.216612
129.332377
120.756580
124.674759
121.836712
140.483280
125.102646
123.410829
144.990247
99.644844
129.241414
147.812702
136.324871
111.287328
137.599437
114.745282
130.254299
125.343160
112.627163
119.460807
123.698970
92.079990
134.309990
161.469328
148.691824
137.060088
131.444522
121.131557
134.937533
146.796557
122.571737
100.860619
130.426728
126.488276
139.643645
120.151548
116.012953
119.674567
105.848610
129.263111
127.981689
139.267744
110.262669
130.112160
146.966582
124.926967
131.905019
128.882780
152.894276
133.187647
107.218006
119.102642
132.911324
124.603543
132.991508
140.186207
155.728469
114.562340
140.068154
118.170662
132.322667
125.021784
115.142498
127.491452
110.517217
116.651853
123.875815
131.493427
114.592185
123.027997
105.714971
128.382232
91.456852
114.914135
133.487066
141.329510
103.422335
115.577120
116.278904
121.478054
143.949767
132.462328
152.537637
136.360037
123.385702
134.000129
141.582957
114.791835
139.637826
111.402822
128.699933
118.130235
137.028399
100.230510
131.839887
132.149685
132.915591
113.610530
125.121494
115.576775
120.755609
89.183030
137.204193
121.054873
156.761740
123.928233
103.831223
124.942913
148.178699
120.158124
124.284298
137.018799
131.422676
111.870598
122.126641
119.413914
104.712503
116.148681
137.697561
109.894556
138.303698
115.352160
115.235915
120.206570
142.800006
131.205734
127.748281
119.073873
121.059653
138.118645
102.534943
120.963978
112.458003
103.306938
122.563968
125.982503
124.965464
137.505216
137.203486
106.227531
126.651860
129.803777
121.643671
99.678720
109.204987
124.069840
106.657640
146.824619
123.171114
122.625676
112.416064
111.994131
115.747596
105.641725
141.268154
129.193344
139.878394
130.881266
120.501892
131.114433
154.082589
134.394623
115.769385
130.693800
138.858705
116.768724
138.362592
134.669632
114.467793
115.143462
127.804023
116.515673
103.472645
103.168375
127.504557
143.148120
118.304379
132.577744
130.014470
122.058302
141.163177
120.181583
138.427660
133.439720
131.811498
105.348490
134.677873
132.641596
126.618262
104.441567
121.297900
121.633181
136.953362
148.888861
135.955853
113.690394
110.220814
145.908160
143.380602
114.835209
130.621422
125.153029
123.033787
125.426044
122.716745
117.942982
119.514195
116.135506
124.587749
113.666778
121.241933
129.444705
132.900914
119.533999
125.357682
109.072160
130.684817
145.673001
119.182341
121.565140
128.080112
115.183287
141.466811
136.321261
108.242864
117.148513
138.482524
112.403586
133.120027
132.391024
139.915738
137.155068
122.517033
101.278440
113.142533
122.458124
116.681924
130.575248
132.769500
129.070613
120.554883
152.142351
128.329100
129.834725
109.798466
111.216120
130.842765
131.764713
123.881189
122.866041
106.549869
107.784785
109.380165
121.353240
113.398113
136.572954
149.502112
116.088884
110.275603
133.901623
128.528423
119.856071
124.583722
145.088027
122.072282
109.853934
130.042073
135.701468
141.190433
127.032075
137.455285
133.914271
115.840792
121.065969
148.162630
141.644047
117.876201
131.766732
110.414644
111.801567
134.816181
129.039288
123.541353
122.999010
122.201517
135.039491
128.826895
122.764444
126.626421
106.059134
75.389299
129.024358
128.783382
119.398923
149.199197
105.261409
127.117382
120.835314
103.188338
132.745490
123.950036
128.777481
127.079680
123.442618
136.268010
131.895592
126.343174
123.967587
115.919233
107.959058
122.016455
112.647601
133.238774
138.585699
151.668446
134.807432
119.620900
131.776639
103.964794
132.589456
110.415335
117.495432
123.969802
105.632174
102.625663
117.620121
135.675109
123.801285
115.119104
122.849877
130.535256
119.075105
132.580941
110.507266
127.830542
112.194849
133.124449
120.197493
121.406384
108.052679
137.991577
127.766123
123.071685
148.906922
122.790357
116.945660
127.344902
120.539807
117.852648
107.480566
114.549927
121.321542
118.310579
142.484506
138.052792
119.229406
119.854769
114.449727
145.631157
146.388730
134.693991
113.459662
128.369491
112.390483
112.259011
143.677520
90.283655
143.472960
131.828120
136.405718
107.431753
115.924307
110.735070
141.712778
93.769970
132.481747
128.908551
148.303106
129.082616
128.052447
154.702308
115.217733
130.513138
122.406595
101.088790
124.535674
109.187625
104.542331
111.618510
128.469879
102.521923
126.422752
132.134921
119.977802
112.632472
137.043903
120.124399
153.079619
118.680849
123.581263
127.362726
142.063351
144.909974
140.202933
133.565120
116.555065
134.981741
130.037979
141.625956
129.566469
98.881019
107.899723
121.804599
128.492495
108.503449
122.061110
131.452738
120.207564
108.078346
122.216094
135.940485
130.592150
127.037164
116.879835
146.570588
127.176718
122.671588
132.319799
132.977153
118.394309
142.757921
139.713845
130.943974
117.924008
121.775846
121.035088
144.239055
107.210018
110.612195
110.742180
149.948826
140.864106
119.059176
125.858003
135.663322
127.954752
132.539102
143.942957
147.388491
115.657489
138.407539
130.913010
125.850132
151.187815
139.872745
114.214573
123.767235
111.427248
126.687763
134.860794
136.277591
143.914060
110.736309
134.085465
132.173997
101.725235
137.967225
112.891120
124.474477
140.230502
123.366310
120.851013
128.550875
137.633157
133.127013
130.988548
152.536068
142.546338
123.971627
139.490318
126.211273
128.205806
115.930562
127.677461
151.815760
128.658488
130.202154
128.805219
135.722444
121.248691
134.939110
127.941714
127.583683
154.326120
150.213106
123.489204
133.882940
114.913191
120.391907
118.822461
118.851954
127.341909
113.316999
109.682694
134.966537
122.639787
119.596573
102.058215
124.596320
123.132952
145.963235
148.516245
131.710601
128.685416
118.287858
142.060576
133.236766
132.265764
131.644895
114.427814
111.558933
94.077356
130.934194
137.654693
112.942847
130.740683
164.756374
117.710389
121.668141
131.806462
102.495511
106.056153
140.017581
130.727983
132.493535
148.065496
131.645581
105.457597
105.535149
144.587628
132.893647
130.953397
117.612703
115.107209
124.249015
126.623970
109.688538
131.245836
112.564558
122.411365
142.909879
110.543423
116.351823
116.967877
116.248376
115.345123
126.149033
139.604075
117.566683
116.631239
143.454821
110.927563
114.715225
111.465436
152.345083
131.914758
135.363279
116.888169
134.090483
108.713492
137.723947
144.607609
117.296245
124.641542
119.058286
118.207561
106.079840
120.468278
127.419521
118.999939
120.813222
125.712035
141.416623
131.034493
140.522798
108.781841
139.590908
125.289137
107.803018
137.884423
152.678104
142.813465
118.704528
117.736371
135.723759
129.414443
138.546220
121.139751
135.191339
143.070362
146.339692
129.380582
134.443995
135.286385
129.743159
143.269922
137.060017
112.460712
146.225171
102.826493
132.079409
114.369047
132.385236
137.628236
135.005424
122.845207
132.936337
115.121747
115.341356
130.358500
135.971522
131.074753
122.476405
117.931806
97.326287
112.255128
137.397342
130.623827
111.535940
118.518720
124.961887
122.993798
127.618010
128.582762
127.400577
132.763942
162.671676
134.576161
133.079018
118.196033
137.830578
93.855517
115.948492
133.152336
130.887916
114.292329
131.272247
133.902486
114.987832
139.759066
112.708747
132.678169
130.311308
140.116265
106.666803
126.494611
142.789799
134.655847
143.065586
122.171622
127.289373
128.968856
128.890684
129.795217
134.539937
154.935332
119.034879
122.690995
122.397848
93.111782
129.750205
143.013082
