7.608114
8.030434
4.294236
0.665023
7.299760
6.250906
2.931545
1.422060
1.701144
1.852955
0.895670
2.923681
5.078778
3.046050
3.078692
1.173044
4.968122
5.405354
2.400034
3.471068
1.777976
2.136806
2.862315
1.147074
5.626967
2.768178
3.952195
6.677004
1.939305
1.981848
7.000048
1.092958
5.613464
10.200969
1.305574
1.930316
5.547264
0.470022
7.337948
1.915132
2.429605
1.012133
3.570119
1.078153
2.977444
7.609289
3.297137
0.331657
3.961939
0.409910
3.238914
4.178251
2.949915
1.798040
2.287693
1.928316
2.223041
1.960856
9.428392
2.030205
0.016411
1.768515
5.835650
1.596943
1.829411
5.288532
0.986022
2.766384
6.272323
1.256097
4.804602
2.722910
0.212259
1.179762
7.578552
4.710328
0.573717
5.319846
2.545096
4.309501
4.389119
2.780307
0.540512
2.634354
1.673487
1.118463
1.660031
7.724714
4.205241
4.938081
7.986491
7.284539
6.691276
1.030793
1.355199
5.811601
6.059663
1.621900
1.908619
2.207455
4.950089
3.790535
2.968882
3.524465
2.746811
3.517486
5.770528
0.268990
0.852439
0.392396
4.649591
3.463679
0.687988
0.883588
1.032709
6.303741
4.947122
2.776674
1.694730
2.792842
0.724817
0.650353
5.858154
1.692240
1.669730
7.119630
1.740822
1.015998
6.770591
2.439179
3.699031
0.550502
4.199514
5.001320
6.409920
3.250627
3.760007
3.428274
5.012886
0.343266
2.505673
2.995365
9.437973
4.748908
1.655628
5.624139
1.251775
2.712327
1.932166
0.970220
5.327270
2.468464
0.150334
0.353998
1.864260
1.688799
0.294419
3.585036
6.458055
6.937980
0.505400
5.266316
0.795117
0.598016
1.794622
3.793973
7.167689
1.752483
1.838483
5.888721
0.040858
6.283448
6.386375
5.751067
4.785922
8.532843
2.372787
0.244173
0.987697
1.917111
6.608856
1.251770
2.858527
2.562212
6.222028
0.233109
0.812706
4.491367
1.159933
6.901851
3.151564
0.199248
4.934048
0.188843
4.412343
5.126423
1.628116
2.077184
2.941960
1.074693
3.259142
5.056828
0.165894
1.331804
1.794714
1.956516
3.839465
2.802508
6.068190
1.243427
0.986081
0.927606
4.209384
1.501270
5.110628
4.125414
2.817152
0.805811
0.095380
1.080897
2.931110
4.976909
6.326552
0.809571
6.743568
2.116078
3.294253
7.010077
3.352450
4.258397
1.799943
4.394539
0.098712
4.492893
5.868780
2.996958
5.853662
0.660415
0.012733
3.922780
2.912638
1.122294
0.373695
3.924364
2.438957
1.946695
1.431422
0.918602
3.538689
9.926145
5.824678
6.676416
0.919399
0.949171
0.437775
8.447284
3.728409
0.209118
0.217806
0.943416
5.173105
3.528187
4.763055
2.309362
3.960410
0.249865
2.073038
3.548289
3.843054
0.472506
3.449905
3.000753
2.329591
0.878975
0.728598
3.984063
3.257494
0.691323
2.542221
2.266386
7.661594
0.252014
2.852671
4.760812
4.355479
2.994946
2.710598
4.255110
0.954429
3.191104
1.278215
0.735710
9.191043
1.833856
2.648429
2.216490
2.259703
0.402434
5.092651
5.050723
7.764270
6.808533
2.324072
3.975960
4.514194
0.641568
2.125727
2.487992
6.261961
6.286260
8.318999
0.998190
1.175501
0.639790
0.835537
0.735328
1.267413
0.129655
1.901167
0.317236
8.174058
3.605034
7.087644
5.234556
5.842434
9.160820
4.568533
1.929196
5.450457
2.519071
4.546621
1.850985
4.785830
0.358575
0.657656
1.473200
0.339666
7.222874
4.329202
2.986230
2.138659
4.994094
2.040442
4.097646
4.727466
6.924994
1.099169
0.714688
6.750531
4.901668
0.657014
3.625195
4.887690
4.425992
1.891603
4.027291
4.070834
5.207920
8.382913
5.240298
3.784161
5.581797
11.744299
2.602162
2.724775
1.385971
1.071515
5.457825
4.124570
1.564801
1.017258
5.332655
3.915104
0.720067
5.790186
4.097942
5.879966
2.570582
0.420622
4.975340
1.827458
1.309280
2.362877
2.660828
2.319956
2.107905
4.153613
4.142995
7.499042
3.959861
6.471295
1.089725
3.162460
0.507968
1.880577
3.659456
5.003174
2.123382
1.206254
0.366296
5.805060
3.327606
3.891975
10.287145
1.321304
3.926815
2.253043
0.285158
3.499170
7.735692
2.536692
2.737789
1.693142
9.167531
3.872063
1.466029
3.034511
0.459882
6.582707
2.515970
5.984077
5.653886
3.344188
4.045182
6.449667
0.552750
1.274171
2.762210
1.978825
4.205715
0.674441
2.203028
7.444236
4.157541
2.006727
2.606941
4.743190
3.385657
1.845864
2.804660
2.549251
0.823776
0.710206
5.759845
1.291031
8.607986
2.502386
2.029118
1.821248
4.119773
3.464316
6.158214
4.551468
1.408160
3.187680
3.825323
0.356243
2.760027
2.149296
3.556294
4.584492
1.458128
4.295715
0.900745
0.744344
2.185188
3.132327
0.657121
3.519993
1.670672
3.208840
5.859487
1.001991
3.424541
5.103600
0.235155
5.833204
7.328733
0.699935
0.668366
3.276810
2.341614
6.703140
6.312222
6.090597
4.087786
0.235369
4.123004
7.241059
0.311443
1.002641
3.274652
3.084109
2.668077
2.825342
2.375858
3.302083
5.267876
1.353102
2.523190
1.770191
0.358478
7.040944
4.708166
2.342789
0.773373
3.760758
4.244385
3.594663
2.439451
6.434597
3.133506
0.450614
2.934550
2.700731
4.559174
2.062029
1.521178
3.473745
5.829893
8.982489
2.775083
1.487118
1.948001
5.725984
3.937089
4.715401
0.391024
3.995813
2.147028
0.310179
1.803557
2.938938
2.579566
4.474053
5.443905
1.812554
4.235395
0.957655
3.250021
3.745840
2.590663
0.727120
0.190053
2.258814
2.883994
1.125667
5.140453
5.584334
5.643474
4.398451
2.510131
4.893948
1.940345
1.593756
3.635442
1.026172
1.322351
4.128558
1.303068
1.308527
3.349260
2.232107
6.637992
0.284708
2.857963
6.208814
3.687825
1.831745
2.825040
2.588234
3.742885
5.014483
6.159754
6.698799
3.375742
3.471272
2.482328
1.631125
4.928643
1.619713
4.882848
0.150756
4.738419
6.464046
0.826296
0.357020
3.490672
1.962551
4.023708
7.114819
3.286606
2.535562
4.714814
13.699960
1.365035
0.284275
6.828940
3.938909
0.668892
5.632185
1.493981
4.958928
4.396551
5.887278
0.649215
3.165539
0.244628
7.155640
1.989137
6.376937
1.322868
0.254141
3.854883
0.910078
1.515958
2.435700
4.462999
4.871840
1.461811
0.699301
3.988741
3.978072
4.919651
9.381039
10.310197
0.277331
6.797602
0.198162
0.766926
6.171786
2.274636
1.330931
1.307934
6.593538
5.881757
1.621989
5.310623
4.893792
6.449960
2.875428
3.154828
4.476768
0.271476
1.609595
5.823262
4.990233
3.016526
1.594407
1.314122
1.490969
0.462878
0.866202
3.628492
2.161616
4.501257
3.434973
4.023524
2.208628
1.481402
0.778823
0.337274
10.059265
0.338861
1.641917
2.635958
2.881086
7.267966
0.202323
4.791569
0.530503
4.669321
0.138652
2.870225
6.387760
6.551482
2.730775
0.012472
4.675223
1.283310
1.705239
4.987389
5.810269
3.563464
6.880171
2.397148
1.290918
0.758107
2.373649
2.406545
4.004882
3.673572
12.651729
0.208355
4.433628
4.697223
2.832518
0.045895
1.528196
0.393568
7.048923
0.593274
1.895143
0.264640
0.721320
1.554217
3.004811
4.465988
0.362862
5.288394
6.856181
3.983285
2.963852
1.324882
1.455893
0.925917
6.724982
0.139508
0.603760
0.403028
0.080127
7.756378
4.270838
1.206904
5.342517
3.056099
0.599351
3.138135
2.069019
3.798849
2.009517
5.588835
5.755762
2.319071
1.033356
2.948534
4.704516
3.317349
3.601986
7.116180
6.000674
2.551565
1.137706
0.465897
2.716473
5.808041
1.696473
0.242061
2.550424
1.318134
3.798974
5.133751
8.871018
2.605152
0.004818
3.291719
6.409028
1.631311
6.401605
3.554977
2.991525
2.221231
3.611755
0.339121
8.792208
2.082531
2.299747
5.340724
3.812881
1.234854
0.085725
1.641579
3.152400
2.611841
1.487852
1.964517
4.548878
9.252236
1.040847
3.618688
3.661368
1.277514
2.138458
1.171469
2.468381
2.046821
0.994392
1.392755
4.250891
1.479315
6.699391
0.317157
0.399403
3.594368
0.316340
0.535102
3.651226
6.789057
0.812605
3.449653
2.919225
0.228370
0.532312
0.559115
3.537346
2.481122
4.643592
4.775345
1.712301
2.747577
7.379861
4.193989
4.149065
3.225236
4.352894
0.111421
3.486679
0.165206
2.424873
3.432979
7.686369
3.587395
2.277682
4.310473
1.428809
5.245720
0.433918
5.986840
3.478809
2.505389
1.069178
3.209777
3.933061
1.531167
0.261572
5.843493
0.204474
4.083654
0.726547
5.774375
5.450791
0.372740
6.313867
1.210811
2.155237
8.038982
10.121323
1.159206
2.589677
4.835565
5.090794
5.992052
1.769905
3.208462
7.452762
2.893915
5.790901
6.249030
2.619829
3.564482
2.705267
5.609655
3.386232
1.883830
5.119059
3.149628
1.662009
3.380153
5.129672
3.796179
1.429304
2.339094
3.655209
4.724272
0.632535
3.634049
3.720588
5.051313
3.021502
3.380901
2.404430
3.600081
2.266364
5.942908
2.381703
6.012690
3.538077
0.789464
2.548597
1.776916
0.936055
5.948194
1.499802
2.298575
0.401389
2.657804
1.204518
4.118760
8.636096
0.624306
2.352312
8.033494
2.244171
2.452784
0.959934
0.072537
1.368310
6.125877
6.006480
1.722463
0.443940
5.983663
0.857478
4.019441
6.098237
3.115845
0.858524
0.339134
1.867275
1.948081
4.615914
7.084665
6.085224
0.830512
5.084343
6.538831
0.118779
4.351483
0.440835
4.222469
7.751061
1.139626
5.132079
0.840688
3.503556
6.450389
1.790428
2.740211
2.041692
8.636274
2.193907
2.176101
7.561186
3.438368
4.175381
5.140352
3.641671
4.733526
3.812286
1.412261
2.150924
5.796470
7.902856
0.737907
5.231743
1.863558
3.849550
2.215507
1.597746
3.108678
10.177547
2.290319
6.487910
9.936296
3.751746
8.077004
1.328627
5.048720
0.867074
3.308754
4.273988
5.905923
0.186840
5.386707
8.145335
4.913414
6.105904
0.699796
1.697039
6.270807
4.304213
6.165010
4.210346
2.543345
1.264450
4.980284
1.157536
3.586091
1.612808
3.225729
2.132528
2.489461
1.915364
5.381959
4.369399
8.068136
8.475032
1.833779
1.866506
1.605034
3.679588
0.393072
2.596259
6.717824
4.820414
5.022693
1.906417
7.380671
7.937635
2.700415
0.325122
8.051490
7.742664
1.114669
2.423061
5.641741
3.320825
0.984443
5.097890
4.003262
1.172432
4.576231
5.743856
1.045983
6.403419
4.990520
4.216332
3.430828
2.295872
3.743225
7.619427
1.180704
0.511074
3.124336
0.277913
6.756007
4.200469
0.831562
6.164629
1.433762
5.029947
2.387109
0.317626
6.359255
2.749540
2.588705
6.908675
2.498211
3.126323
3.066244
1.415407
1.752995
3.386138
1.833883
6.725622
3.653567
2.614985
2.586496
2.271500
1.888858
3.912062
2.288481
4.228704
0.802418
1.636561
3.365027
2.164449
8.910556
0.814454
6.972229
0.741164
3.753784
4.724539
2.867468
6.490216
4.744801
1.460264
2.712108
2.299365
3.494907
7.504823
7.919213
8.148287
2.808559
3.386483
0.266064
5.186328
0.176854
2.359424
2.669088
0.235819
2.241057
1.255195
3.350828
2.928822
2.863013
1.917416
6.106100
2.898277
1.124458
0.257057
1.221806
2.474436
0.584587
1.282267
2.320728
1.880682
0.474212
0.597311
3.070146
6.495314
5.381377
2.586255
1.196755
3.978940
5.355042
0.545479
2.371396
6.417727
2.107180
1.915493
2.687283
6.240496
3.339817
4.182120
6.716276
4.624225
1.016867
1.120310
1.322757
0.900020
0.659065
6.467959
4.715443
3.578217
10.050499
7.585421
5.860856
3.236403
2.814101
6.146616
8.512133
1.996826
1.963433
0.369161
6.576971
6.672627
5.632714
5.935239
9.361772
1.514442
0.380669
0.276840
0.146439
4.836657
1.051957
5.258760
1.705524
5.455567
2.696325
1.854502
5.898426
0.543236
3.603451
1.244148
4.340051
3.380998
9.059926
3.952973
6.358137
2.363577
7.104069
3.438080
2.448906
1.890532
7.111034
0.346145
4.902139
2.516713
2.631292
3.827091
1.565423
2.349943
3.245816
0.479795
1.442570
8.530855
2.251255
2.745410
2.120168
4.119789
7.599068
1.974074
5.898002
6.664040
2.927536
7.612821
0.529325
4.907442
6.528923
3.476135
0.363212
2.612950
7.804800
6.834109
0.681863
1.773841
4.427276
2.216432
6.074115
3.686884
1.333458
0.328756
2.564001
9.665627
5.231022
2.490152
4.827236
3.129619
2.995989
4.117303
2.299988
1.203548
8.129318
1.338471
1.283090
0.312632
2.326403
2.920113
1.551172
3.916316
7.889468
0.028367
0.457956
4.356469
1.289529
4.207282
1.110749
1.278894
1.614451
3.835635
2.018164
6.388893
5.852921
0.559528
2.246288
3.638526
5.966079
3.800407
3.338306
3.677469
0.499582
2.417843
0.277193
2.300296
6.441146
2.684340
8.337722
0.501864
0.725578
3.529321
3.609391
7.159841
1.300911
0.817254
5.201557
7.000705
9.081524
0.807281
0.521340
2.531130
0.460233
2.254518
3.892921
2.711603
3.706094
2.305219
0.610749
4.744842
4.373779
4.930769
1.163968
2.927942
0.281231
2.434140
0.578788
5.719412
1.769704
1.610879
5.466191
0.433649
1.204875
7.382385
0.731461
0.103617
4.332690
5.370640
2.518885
2.720144
3.072579
10.761065
0.660170
1.660958
3.138048
0.884241
0.738672
0.771790
4.385561
1.215398
7.587542
5.349565
4.733655
1.108997
3.894556
2.335504
2.591107
2.571474
4.819112
5.685317
2.121334
2.133287
1.028859
3.180108
5.204474
4.687299
3.520292
4.977765
2.285802
2.951112
2.820979
3.986786
3.658720
3.276791
0.433194
