26.164507
2.929927
25.183243
29.224067
16.525045
21.451019
9.086505
26.794029
21.879786
41.027953
37.231034
23.073196
3.956776
40.183069
4.420518
43.661522
10.250889
25.404984
19.518957
23.609302
6.790952
23.511064
29.445139
13.553080
34.097030
22.924330
27.283589
3.463818
13.721522
40.906381
9.464149
10.482192
24.020604
22.795031
15.858062
12.213090
32.543410
28.532903
32.057517
24.831530
22.098851
36.965044
24.904118
2.860511
9.835715
19.484983
17.856517
27.692060
19.113711
15.841319
18.203787
33.550105
23.164171
34.828734
36.027173
20.912576
19.762237
22.279754
10.614156
14.571751
21.732985
17.137531
18.901061
30.607765
2.286915
15.355006
38.146265
2.713320
21.013497
31.859270
31.139248
18.766732
16.351593
9.817870
23.808158
31.042322
26.933946
31.403747
32.243549
5.611435
31.781119
29.699222
20.884951
25.458735
25.676349
16.910905
17.539376
18.973623
24.088924
23.603280
9.004830
34.468929
22.254730
25.305889
24.937809
3.408159
6.434097
33.878107
20.401523
8.561938
40.721136
17.591321
11.907865
34.764483
17.877184
10.826581
24.470803
18.274856
1.839146
35.592940
22.785703
14.949730
25.534789
26.622793
33.890998
25.623318
24.476858
4.942715
11.189972
30.587803
25.117012
33.710575
8.294278
14.738226
34.341269
22.993702
13.030948
11.855067
29.925170
19.301839
41.433693
22.474230
21.153115
35.141990
18.483224
17.966830
12.777103
11.986985
26.970957
28.880009
47.653030
25.684533
21.906458
29.934504
22.589619
29.503369
26.942570
16.216999
17.426018
25.502746
10.934811
10.701602
39.784163
13.627220
37.201929
20.411065
12.879009
13.410420
21.111891
31.433320
29.677081
9.697169
19.142065
4.965219
43.028466
15.686379
30.619708
33.382926
33.860322
3.230254
12.600562
19.872602
5.873967
40.851429
14.404367
6.614503
27.282080
8.926609
15.625954
28.791590
19.187610
13.333291
9.392870
22.977857
26.428072
34.887368
25.798273
18.451726
15.202675
39.745384
23.001100
26.487275
31.519399
22.827994
9.518109
24.138897
37.695887
21.943737
12.153001
25.820869
21.775400
38.339070
35.467070
16.637921
18.943085
17.656160
20.167206
10.554417
1.414247
9.330242
41.565968
12.073223
30.926101
11.882592
21.483237
17.348517
21.650243
35.311208
18.126617
20.576525
27.398451
14.326563
30.678261
12.525482
42.853705
9.919418
39.064597
38.880455
11.268830
4.915177
36.722780
37.257685
7.701183
13.884710
26.352960
12.614533
19.159660
24.338161
25.213940
22.096417
7.148702
22.726306
10.661241
25.589628
16.951020
34.308957
31.250731
21.050211
26.774321
20.238941
14.833697
30.029242
34.314294
17.430016
19.862950
23.739066
23.167172
23.193262
22.584625
10.932267
34.376476
34.957668
29.661747
22.063711
29.124517
21.126253
12.010514
17.760647
4.804901
30.535470
30.324307
38.385909
23.239922
30.764309
17.702144
20.299616
2.918745
28.268727
10.844786
25.478461
17.780434
41.131836
32.541872
29.280002
31.055345
19.819121
31.192424
21.824879
11.961325
34.198951
9.082195
5.635345
29.578566
30.874390
31.767224
11.124557
17.334183
36.941219
32.499743
14.112508
24.785842
23.462087
19.957781
31.698948
30.226031
6.184865
25.139962
24.251333
22.478771
20.294110
45.453802
2.262693
25.839479
13.902734
8.830116
22.757859
25.447902
10.120074
15.637231
34.859822
6.977326
26.161269
40.594252
32.428953
32.366973
33.245062
32.290097
3.938914
33.543699
7.988508
18.111355
33.225811
23.916699
10.019227
24.568483
28.585591
12.520010
10.073436
11.890554
17.070469
36.268497
43.468009
32.300387
8.827889
15.315018
19.968675
43.606386
24.640668
21.443555
25.268781
22.261436
5.329506
19.965162
24.931960
6.055591
27.022560
36.081409
13.417125
2.894292
14.548803
29.982273
21.497991
12.596749
10.645361
28.339450
43.574862
11.309687
19.332871
33.966454
26.266755
3.592334
28.448878
26.641766
2.610475
14.971015
25.246040
35.131172
34.831304
13.264651
9.372547
26.363177
12.152160
36.947626
15.373734
28.664684
26.734210
12.420723
39.791913
29.197735
18.611511
23.340244
29.461059
12.296029
25.474260
26.547254
13.695066
6.556018
19.154786
20.395180
26.553913
12.180713
14.531150
34.656277
24.337398
10.704976
4.282306
26.600386
46.809167
12.984638
5.258248
22.770414
17.167364
14.904178
12.680128
17.629107
14.430759
15.606701
14.397887
26.291426
32.989146
26.403439
17.645116
27.620702
40.826253
17.532535
15.001912
17.829577
21.005851
3.673649
10.106743
27.175106
13.863830
26.011422
30.578555
25.639347
13.911258
28.963910
29.742396
42.906569
34.232825
29.748781
33.325928
8.139384
30.399647
19.866873
6.702253
20.980334
10.122669
7.103201
25.505650
33.044261
24.558793
29.131159
14.751295
22.269804
30.484027
23.086319
9.643801
32.699817
14.164109
14.942799
28.109544
17.243248
3.214262
19.591082
24.704003
19.260471
27.489073
27.094301
33.154061
20.312099
21.246329
33.827648
10.499927
17.568974
24.332211
27.913459
3.543303
18.426539
16.418904
14.217149
7.228604
22.503345
27.300124
4.849184
31.293596
32.618717
33.973122
20.464611
28.173463
15.548357
20.167484
20.406370
19.348934
23.945557
31.429522
23.572280
32.862497
34.397343
27.800313
29.461893
36.541248
24.220501
36.524093
27.163654
40.564874
19.417386
14.717824
31.888600
12.391089
30.207513
9.592223
2.817667
32.161154
26.467158
22.026307
32.072302
19.466635
37.244193
45.488147
21.797379
18.618300
2.217081
30.229848
28.564001
40.200287
6.500191
45.698200
32.412324
23.604590
19.424720
31.392193
30.251012
16.771768
30.910040
17.898593
29.200084
17.133427
33.981503
15.472385
22.939605
5.862970
20.552485
18.804064
34.917187
20.222505
18.143656
10.483720
27.662753
27.801159
34.842331
20.318216
23.855241
1.629528
35.884485
11.597234
29.080144
17.894451
9.277742
30.612258
28.020415
25.021783
16.609865
35.971985
16.353200
36.212463
15.749972
30.550841
39.727855
24.058422
37.045455
30.139498
20.676398
6.156993
26.600706
23.695192
13.355861
16.389781
22.590553
23.537675
19.229593
29.095732
27.975486
3.428903
27.815234
14.542423
9.522819
18.658156
31.535959
18.774020
1.466586
33.135526
32.855763
18.959240
27.821973
36.152621
41.898127
22.255571
2.044032
16.646708
30.717661
31.356354
39.757744
9.723751
3.834386
33.410102
32.295543
32.482944
12.380029
13.883934
21.977505
19.624709
6.258435
17.490522
22.098963
19.955322
25.360319
15.863836
21.626513
10.901687
17.493113
25.632854
3.497479
9.505147
22.847510
27.931685
6.910884
35.935268
37.475411
26.716498
28.838971
22.220151
18.063020
27.363386
7.854562
49.976367
25.196578
4.012990
11.215511
29.542438
26.598128
51.814073
4.611348
4.554920
39.100170
30.356360
8.759538
10.615215
5.127186
28.017315
36.704647
22.637851
17.828399
8.086671
20.479943
28.051235
28.527593
11.855955
16.500448
17.417709
32.035536
9.860568
8.993309
19.335978
7.032277
12.096668
37.131602
25.183061
11.014166
8.965134
32.979241
22.092479
19.809875
34.881729
25.867263
54.942972
29.410268
30.926333
6.236837
38.780809
18.336316
17.189359
19.807806
12.594746
34.224546
25.533331
28.624380
35.972318
25.840348
30.361798
34.017117
21.182611
13.823276
16.733928
25.014647
12.571958
2.063715
30.951001
33.809747
24.165349
3.676468
13.054711
8.976990
40.112380
20.689009
28.636808
13.590404
2.814628
35.079715
7.667722
26.331150
16.452430
25.024662
38.567736
33.044421
39.739927
25.364948
30.549257
26.940622
8.882618
36.100858
23.425227
22.528417
34.907064
10.918983
21.413242
18.669135
16.682190
51.481451
40.198369
20.609251
25.324352
37.579800
10.711513
22.577792
2.534924
23.925738
31.725085
17.021759
31.617806
12.272035
8.300348
37.838023
9.420941
21.313333
32.471788
8.089318
22.051690
8.882241
16.306746
16.782044
9.415059
36.547546
11.372082
8.003358
30.852046
23.831580
34.786402
15.722825
23.218779
8.481116
7.210626
19.644238
19.087487
4.322599
6.540677
16.053464
14.084832
28.897898
30.522214
13.056947
10.748139
15.009781
3.905965
49.432452
32.974319
23.481561
34.516724
15.742820
29.150542
18.382557
24.347483
21.148099
5.528438
31.597282
25.132971
20.203135
8.995792
28.728477
26.147510
3.628297
24.545824
35.375193
22.487987
20.534607
12.033295
29.883028
32.862997
20.694979
13.521834
35.271018
17.074954
15.997001
38.349928
43.845729
6.097294
30.120555
4.624251
22.510583
28.914500
20.049738
27.764031
14.872468
30.316095
25.236079
6.584230
15.411841
19.761224
17.131774
33.181606
6.457497
28.710755
18.182484
18.384745
2.943077
27.998411
24.932569
21.581445
17.354000
32.620806
20.082907
20.148049
23.365653
5.119763
15.937594
19.409712
19.872627
30.607985
14.317482
31.972889
23.324083
16.949246
13.064941
17.050230
29.214103
22.159282
32.226239
29.137862
19.807672
10.087612
10.995550
24.252271
51.238686
29.787055
24.621230
46.231625
29.163452
31.709727
24.224420
25.803250
25.601928
23.041374
12.278348
26.768358
12.743261
14.187285
13.946291
13.913326
18.953280
17.771007
28.541856
20.035346
18.629554
41.647366
38.589686
24.304462
11.312845
33.903874
6.329410
27.356712
22.514838
32.459740
43.147994
8.846053
7.722348
7.113802
33.579981
11.879195
21.823416
21.741513
19.888712
33.158734
47.236050
26.291726
20.135182
27.086506
26.101931
14.008741
15.672806
6.464932
9.312341
31.842623
16.343587
20.840030
24.020942
18.685920
22.853746
15.092288
13.800080
3.241892
18.740887
24.529843
36.535467
24.670923
29.043967
8.078951
32.794672
9.140653
12.494457
9.400857
27.988805
20.814595
12.049240
21.979504
27.198016
17.253907
22.422860
14.024966
11.007474
26.309039
27.450069
4.271686
23.590629
18.645480
