0.514965
0.913560
0.290772
0.235706
0.253741
0.009366
0.415579
0.609359
0.186467
0.027015
0.214195
0.028780
1.597281
0.138914
0.053301
0.996170
0.065973
0.294587
0.033865
0.841123
0.276675
0.128840
0.619814
0.002215
0.677165
0.070768
0.003811
0.244127
0.603538
0.734516
1.026190
0.070228
0.162089
0.080867
0.417387
0.814629
0.096369
0.134843
1.384728
1.228280
0.047029
0.150047
0.410087
0.006615
0.133656
0.204354
0.248124
0.361919
0.309875
0.442642
0.816456
0.433930
0.744969
0.127206
0.601872
0.010128
0.792554
0.015551
0.351148
0.289673
0.396156
0.517745
0.035123
1.199571
0.174792
0.299794
0.634112
0.014153
0.602068
0.102083
0.247676
0.406852
0.004143
0.201115
0.694966
0.325376
0.315649
0.267635
0.053588
0.224110
0.508767
0.003720
0.394524
0.092872
0.261082
0.197057
0.583694
0.664017
0.929634
1.167782
0.089306
0.038869
0.255643
0.669962
0.701878
0.658231
0.049437
0.153795
0.223050
0.070224
0.923332
0.023198
0.176115
0.008842
0.040613
0.597926
2.742990
0.315896
1.794738
0.493729
0.072409
0.208463
0.429652
1.122892
0.041159
0.063182
0.004104
1.939085
0.201792
0.040126
1.369210
0.164721
1.519253
1.220860
0.079908
0.071313
0.858503
0.608205
0.144580
1.279035
0.189850
0.726561
0.754827
0.097076
0.435939
0.276080
0.145952
0.121087
0.652799
0.847542
1.026184
0.041016
2.329059
1.046971
0.024867
0.399525
0.049049
0.035651
0.735495
0.093360
0.044947
0.051920
0.370849
0.630244
0.097768
0.027693
0.037905
0.031876
0.130233
0.226603
1.025442
0.053787
0.400765
0.077667
1.610116
0.203693
0.868533
1.245534
1.468284
0.865025
0.304254
0.822141
0.212121
0.178825
0.385041
0.909180
1.389732
0.213322
0.009538
0.960972
1.000063
0.057909
0.200006
0.043768
0.513813
0.238169
0.181650
0.976173
2.613108
0.006117
0.246314
0.440451
0.592201
0.948622
1.006155
0.201041
0.001813
0.127338
0.125659
0.538440
0.038768
0.973562
0.021213
0.059540
0.218330
0.008222
0.274291
0.373701
0.180588
0.220037
0.486211
0.087999
0.123020
0.544151
0.207774
0.016030
0.686241
0.037996
0.039993
0.304301
0.964956
0.777623
0.000701
0.025563
0.564969
0.074590
0.404643
0.326751
0.696705
1.491344
0.019909
0.243875
3.111915
0.018098
0.007987
0.280178
0.208877
1.238370
0.029576
0.203908
0.090204
0.026832
0.612536
0.111520
0.788402
0.025132
0.164641
0.153496
0.643048
2.978082
0.008475
0.106628
0.287601
0.064604
0.204915
0.602623
0.100633
0.585153
0.147021
0.162413
1.358659
0.193337
0.269099
0.711681
0.719191
0.018186
0.059987
0.114823
0.439748
0.252456
0.085080
0.387894
0.117117
1.003021
0.013120
0.034403
0.168011
0.106993
0.247198
0.604502
0.025878
0.639903
0.023394
0.059248
0.166503
0.323918
0.397197
0.009449
0.022770
0.861497
0.201183
1.319870
1.093773
0.044578
0.832504
0.640919
1.310161
0.306946
0.052532
0.448288
0.017353
0.011104
1.137128
0.456968
0.403445
0.572524
1.536010
0.404921
0.287805
0.010915
0.248106
1.332726
0.585811
0.184443
0.146872
0.089767
0.279116
0.147308
0.523779
0.045432
0.061105
0.225851
0.413482
1.598419
0.821204
0.631915
0.473400
0.958023
0.921104
0.192870
0.113145
1.800652
0.164306
0.698596
2.407337
1.496427
0.367264
0.013957
1.758364
1.026960
1.778709
0.090153
0.826958
0.005742
0.331242
0.533929
0.148457
0.293525
0.168456
0.915184
1.005753
0.817849
1.055201
3.029350
0.113934
0.937888
0.322830
0.821528
0.762941
0.517591
0.781449
1.130228
0.363771
0.310557
0.290199
0.298015
0.230659
0.189165
0.055699
0.960475
0.217679
0.329092
1.310874
0.167123
0.252497
0.789888
0.110123
0.027697
1.991012
0.006589
0.251370
0.231955
3.508211
1.050213
0.039025
0.137539
0.350608
2.144450
0.737549
0.075651
0.036821
2.621341
0.431227
0.603570
2.399737
0.780881
0.027752
0.149290
1.125014
1.542424
2.138184
0.973182
0.108046
1.151874
0.257143
1.283615
0.088200
0.030705
0.020765
2.884661
0.088412
0.280960
1.010856
0.045267
0.854079
0.685638
1.723131
0.088605
0.014246
0.637147
0.298398
1.482043
0.877526
0.188216
0.451640
0.621517
1.033470
0.560218
0.211171
1.298957
0.524190
0.197472
1.403717
0.035916
1.347673
0.404339
0.897003
0.942686
0.420066
0.081507
0.171729
0.031313
0.027801
0.060081
0.252895
0.453144
1.220000
0.250981
0.419827
0.815099
0.663392
0.162394
0.076469
0.189478
1.135504
0.355578
0.151875
0.540456
0.951326
0.346689
0.222079
0.013240
0.019352
1.220163
0.133770
0.101994
0.088397
0.017599
0.109346
0.841858
0.325356
0.194782
0.599292
1.128986
0.316526
0.244463
0.133455
0.064501
0.075289
0.107841
1.366679
0.810303
0.135319
0.013902
0.088757
0.297039
0.486405
1.003989
1.951727
0.143083
0.687010
0.254771
3.276683
0.124205
1.363908
1.140119
0.663465
0.730095
0.403714
0.190787
0.100238
0.089691
0.210396
0.258418
1.765252
0.013424
0.020793
0.387559
1.157531
0.385491
0.229127
2.999375
0.051308
2.714552
0.578054
0.032384
0.036069
0.077773
1.228819
0.375080
1.803930
0.661308
0.038108
0.321514
1.394096
0.452848
0.110084
0.243875
0.319227
0.040820
1.190467
0.114576
1.191776
0.186991
0.698898
0.391079
0.208995
0.051750
0.420903
0.410100
0.099806
0.457817
0.520032
0.024104
0.900910
2.957850
0.139209
0.053930
0.126055
1.056519
0.143976
0.082272
0.330128
0.255011
0.207661
0.820949
0.547597
3.056840
0.108657
1.519800
0.591446
1.540606
0.038666
0.836689
0.204358
0.011862
0.208547
0.028711
0.060345
0.086597
0.731394
0.435577
0.223394
0.569523
0.050789
0.075202
0.056710
0.229921
0.162186
0.111983
0.051496
0.160553
0.460734
1.479613
0.683003
0.935018
0.051590
0.093999
0.059653
0.175940
0.826763
0.533502
0.159060
0.330373
0.483251
0.194436
0.003854
0.263291
0.224304
0.129137
2.070063
0.389852
0.020608
0.358557
0.523588
0.515045
0.655878
0.282201
0.039368
0.109276
0.261198
0.427867
0.214276
0.779172
1.560617
0.718762
0.528415
0.633954
0.425283
1.384553
0.680908
0.088690
0.759677
0.815351
2.803018
0.260104
0.107198
0.054948
2.665671
0.378717
0.091795
1.308576
1.651810
0.057072
0.146568
0.156550
0.156659
0.006464
0.155594
0.020628
0.113264
0.364060
0.231965
0.087261
0.044461
0.380796
0.212899
0.599175
0.394532
0.202793
0.194929
0.670904
0.387629
0.898997
0.066616
0.116551
0.038592
0.261451
0.178604
0.784195
0.055534
0.054830
0.378750
2.031835
1.043808
0.960732
0.005506
1.950127
0.812860
0.283157
0.655489
0.254538
0.447091
0.866832
0.485718
0.731530
0.727751
0.071135
0.015958
0.053907
1.367161
0.072653
0.079125
0.360578
0.104997
0.105818
0.110290
0.217360
1.032745
0.626332
0.000415
0.141859
0.235434
1.928542
0.140733
1.117297
0.448911
0.469970
0.010288
0.050162
0.163129
0.056799
0.330199
0.457633
0.352448
1.191012
0.467085
1.006059
0.798728
0.176802
0.196782
0.149840
0.320125
0.741828
0.074994
0.496389
0.135826
0.943678
0.111407
1.510961
0.189326
0.110757
0.793522
0.147580
