0.000287
0.062639
0.000235
0.030566
0.184004
0.005576
0.005540
0.000143
0.003026
0.000377
0.000045
0.057126
0.000333
0.000086
0.002848
0.000005
0.011779
0.000188
0.000057
0.005521
0.000621
0.000803
0.000166
0.002906
0.002654
0.002739
0.005808
0.002466
0.004208
0.001214
0.000015
0.000985
0.000271
0.001570
0.000060
0.003058
0.002079
0.002368
0.000545
0.001023
0.039336
0.001124
0.000345
0.000990
0.001516
0.016585
0.005948
0.000667
0.084639
0.001124
0.019000
0.000302
0.003913
0.001962
0.001463
0.000127
0.000788
0.002184
0.003602
0.006413
0.000645
0.000386
0.000255
0.001356
0.004522
0.000004
0.000161
0.000119
0.002567
0.000093
0.000236
0.000487
0.013662
0.000156
0.076457
0.002829
0.000108
0.000409
0.007783
0.000182
0.000179
0.005646
0.004421
0.000320
0.000657
0.000289
0.002904
0.001745
0.020802
0.001763
0.000070
0.005863
0.000664
0.002100
0.000050
0.003375
0.000381
0.002659
0.023512
0.004114
0.001484
0.000015
0.000485
0.000047
0.004129
0.004433
0.000080
0.000738
0.027946
0.000058
0.000107
0.000049
0.036434
0.000886
0.022677
0.000263
0.008368
0.002680
0.019769
0.001295
0.000308
0.000310
0.000122
0.105805
0.002422
0.000152
0.001302
0.000128
0.002338
0.000031
0.063782
0.002059
0.000035
0.000433
0.017391
0.002030
0.009071
0.000074
0.000158
0.000798
0.001139
0.004459
0.004292
0.012468
0.004075
0.000402
0.005012
0.000714
0.000046
0.009625
0.000819
0.000170
0.002210
0.000069
0.014243
0.003840
0.001249
0.001417
0.002456
0.000507
0.000071
0.006380
0.014282
0.000137
0.000380
0.009364
0.003370
0.000043
0.002080
0.002956
0.014118
0.000190
0.001805
0.000623
0.000040
0.000223
0.000530
0.001031
0.000352
0.015091
0.000008
0.048574
0.001362
0.000406
0.000026
0.022519
0.000295
0.000879
0.000030
0.001455
0.001991
0.003478
0.000685
0.002541
0.004142
0.001473
0.000015
0.009801
0.006056
0.011638
0.001057
0.000012
0.000136
0.005553
0.000412
0.000394
0.001200
0.010017
0.000035
0.002485
0.003550
0.001569
0.007535
0.001265
0.013680
0.002581
0.000116
0.016649
0.011321
0.002071
0.001193
0.000743
0.004235
0.001888
0.016970
0.000132
0.005871
0.003065
0.000093
0.000494
0.002740
0.000242
0.001020
0.000636
0.002131
0.000542
0.017453
0.000312
0.000514
0.004609
0.006662
0.000470
0.002184
0.000787
0.000474
0.009353
0.009185
0.012942
0.000859
0.000051
0.000808
0.003408
0.004001
0.000660
0.013812
0.003071
0.017298
0.004208
0.017107
0.000028
0.013057
0.011853
0.002810
0.002555
0.002732
0.007823
0.007061
0.005071
0.004228
0.001541
0.000465
0.000014
0.004324
0.001823
0.000343
0.001784
0.000122
0.054541
0.004054
0.002247
0.000386
0.001134
0.059882
0.001154
0.257831
0.000376
0.002179
0.001327
0.001669
0.005752
0.025791
0.000121
0.000444
0.003713
0.004288
0.000151
0.001125
0.000327
0.003666
0.000082
0.000095
0.001108
0.000126
0.000787
0.000612
0.003921
0.002768
0.001345
0.000885
0.000233
0.000702
0.000151
0.000067
0.000354
0.002070
0.003688
0.000166
0.019199
0.000235
0.001609
0.014726
0.000651
0.021129
0.000309
0.001524
0.004989
0.004957
0.004119
0.000032
0.013015
0.000856
0.000277
0.001150
0.000454
0.002514
0.000001
0.005588
0.000005
0.000713
0.000428
0.000143
0.000949
0.000501
0.005670
0.000077
0.001504
0.005260
0.000445
0.000581
0.000610
0.000069
0.000008
0.003539
0.000074
0.000990
0.000907
0.007460
0.004346
0.000138
0.023332
0.000943
0.021113
0.000297
0.001277
0.006139
0.000265
0.045067
0.001917
0.051779
0.000129
0.003569
0.001713
0.003817
0.001147
0.003150
0.000117
0.001591
0.004692
0.000030
0.000690
0.000401
0.000344
0.000157
0.001597
0.001049
0.033428
0.000898
0.000761
0.000152
0.006854
0.003238
0.011721
0.000227
0.000042
0.009489
0.000721
0.000600
0.000464
0.003355
0.010322
0.004782
0.004174
0.000640
0.000348
0.000146
0.000496
0.000187
0.000497
0.010930
0.003377
0.009299
0.000153
0.001033
0.000985
0.018539
0.000685
0.000007
0.000238
0.002493
0.005015
0.001492
0.000272
0.003155
0.006949
0.000062
0.000230
0.013092
0.002432
0.000836
0.000370
0.002116
0.001069
0.000365
0.000708
0.002991
0.000645
0.000955
0.002197
0.001211
0.004831
0.000963
0.010672
0.004300
