79.412548
57.706912
62.190606
77.752421
82.725015
59.089774
67.058569
69.636026
43.885329
70.775799
85.014715
66.117509
72.045107
52.721764
78.049215
62.272410
82.683601
52.085129
77.821053
71.879546
99.095204
69.549943
73.873783
90.927744
63.461354
68.236148
83.354802
50.994932
83.616969
95.437355
92.519107
99.086498
76.151418
69.110035
91.942452
90.710538
66.010668
54.710120
76.249148
87.697027
60.450567
76.763799
64.157497
82.063346
85.440597
80.412228
59.674741
77.482554
53.105847
65.566337
70.232672
61.090860
82.601319
63.006684
57.831879
59.680675
96.007359
73.358789
64.936573
73.956508
53.617746
70.861000
93.838231
88.825342
90.072282
55.419557
78.833111
69.111487
67.568171
60.935664
81.792798
59.192732
48.313670
75.941451
93.541236
62.490619
65.082156
79.651101
55.834065
60.611785
62.250311
69.514959
53.899123
69.777020
66.380798
86.398925
54.062850
53.272283
51.117538
71.638169
84.672986
53.592451
60.508369
80.335416
70.210600
88.324603
53.252696
61.431074
63.144141
58.126599
55.163196
71.443219
79.303082
77.861479
89.935906
86.275548
90.528751
55.985854
69.015381
80.138561
68.790245
70.981274
69.936116
65.423548
55.347593
79.128834
80.836932
78.528686
46.860641
56.851322
74.362963
88.363121
87.219990
71.850288
69.570744
69.571895
85.475965
98.263582
49.070998
71.333262
69.911575
73.286722
63.476188
73.807428
94.580016
66.685367
48.049211
51.406045
71.235283
77.023428
48.039465
82.310771
84.172111
49.104968
54.502922
83.202531
60.974294
50.140518
48.789921
87.654683
49.982864
70.718338
54.712918
84.911627
76.216722
77.235832
52.470964
58.256483
62.456815
61.199789
53.248341
83.473943
54.533487
47.300593
71.648972
55.736565
59.563094
63.857296
65.254307
97.767550
55.365298
76.007283
88.944729
59.951171
61.412094
80.346071
78.182845
63.943209
66.137099
82.167216
61.396811
86.462448
74.892270
104.233847
54.167658
65.555102
88.246343
49.065024
86.198359
51.139360
63.281272
72.837755
66.713561
72.617319
61.431407
57.472898
55.867561
62.640364
63.904182
68.501882
78.369422
77.691501
52.735915
65.199501
85.440077
94.217874
74.671588
83.073586
89.603400
66.464279
59.019697
59.197698
43.021421
79.445070
66.654983
68.380271
70.456167
84.389763
72.318816
78.668439
82.635434
80.786660
77.169364
70.925499
56.717246
69.123421
58.979523
82.624186
71.372394
82.255391
77.703002
91.937445
75.623770
61.009604
55.611952
57.241385
79.708326
62.615797
52.934938
74.521698
78.823284
85.016005
72.270199
89.986249
61.704038
66.800738
58.007268
81.733948
52.167802
62.890906
48.603279
69.725970
69.351031
64.274816
59.090460
85.016416
34.158362
80.059721
86.078589
74.199076
77.834212
53.059759
65.770850
80.860294
59.627020
64.770823
90.906035
60.689507
66.053709
80.089703
58.704170
75.032525
47.327357
76.070306
80.481127
72.331485
58.554780
99.534854
69.154456
50.033264
77.161137
84.950167
79.862380
77.636901
74.457586
69.667732
88.110870
56.294963
91.739039
70.488543
71.291013
83.012404
62.854925
86.287982
57.160753
55.986749
69.228221
73.566687
70.801058
66.709412
60.733973
64.437189
79.849255
72.824599
61.849774
72.253970
78.417484
61.159011
66.357460
66.160555
76.622265
66.392640
69.686006
82.458822
66.492482
59.255634
59.546880
84.590403
84.409013
56.252987
44.208283
72.918372
60.841529
58.039818
93.625976
75.129439
83.156704
75.399457
77.228382
74.222710
62.968751
62.580361
78.756760
82.103117
81.394527
56.491378
77.244786
78.001695
56.884243
67.898600
54.560664
56.437514
64.168849
74.263385
54.231571
57.084826
96.355797
86.731746
63.413277
76.202140
75.338338
91.310943
88.741449
89.276229
73.549461
61.866170
72.193953
66.552896
62.036485
82.023096
74.630737
93.579686
53.355430
41.016317
83.219055
52.717151
61.857754
93.006674
81.341148
57.261995
75.028823
87.136876
79.397405
64.637395
82.759924
79.709400
96.425014
60.503866
80.185677
63.237583
44.681989
75.465121
75.999081
78.397304
98.367164
78.494473
79.791071
47.547345
58.623133
73.185488
59.225265
88.883959
54.902006
76.861762
78.696681
55.884976
76.934896
94.395642
80.619318
65.671690
43.292975
68.172638
46.746731
39.811065
68.995412
67.437824
69.194290
65.268767
51.870913
82.614971
80.866182
55.318984
97.949090
78.650133
91.488372
81.238322
73.920620
80.405093
54.603100
53.350750
57.974528
68.007554
47.576640
64.109539
58.783813
71.429138
77.054146
66.529216
83.710068
64.787889
65.473123
68.029942
89.007370
45.078561
74.131913
46.277926
67.491120
48.335655
70.733372
92.855837
86.534420
71.353973
74.159974
58.677489
75.566814
62.569311
81.177806
63.197884
71.899115
78.901557
93.696912
71.939211
72.157332
73.306465
59.171651
77.736282
77.828792
92.996911
74.837251
79.938948
62.382716
98.986946
66.750894
85.353971
60.937902
66.381824
72.247810
78.140026
82.906043
61.860260
72.434414
69.062155
55.028976
78.033995
59.207687
82.412605
86.928002
70.304537
50.707186
66.787279
95.015070
74.324944
74.707535
64.531931
71.848987
70.780205
63.237689
73.845926
85.619023
51.362947
63.318579
57.374273
49.450165
92.015308
80.707308
70.228693
74.321042
68.907582
68.910112
48.568924
55.940116
81.336524
92.442631
41.398774
90.577719
63.598273
76.071525
52.681748
73.692222
64.071943
63.562730
63.493131
82.130229
64.906741
79.753552
49.935825
69.844826
58.727684
54.128384
74.892444
70.322075
92.172604
76.624512
86.514004
74.214455
60.500759
72.126948
78.248610
76.427392
63.583747
73.683027
84.937526
80.557826
83.655423
70.863023
46.824641
78.045188
75.961734
74.399485
92.204145
79.471506
46.059180
79.574439
68.478425
88.208181
60.162784
92.840743
52.808930
79.922959
84.879062
92.933742
65.355293
80.067943
64.822516
81.276545
54.292339
88.903157
61.640698
80.710786
68.179429
81.368521
54.483646
61.403628
68.859151
83.624571
90.139475
90.469409
82.689720
81.207710
92.670871
48.044216
78.208511
93.373540
57.138119
85.708040
58.189323
72.120935
77.877665
86.235453
93.176785
36.500146
70.077483
40.997336
68.279816
81.382288
54.224011
99.600249
81.077748
89.957669
73.816762
80.466728
57.959471
58.966784
62.258794
49.587872
66.678776
81.036406
69.643354
101.850070
78.772979
81.679313
63.642093
82.271241
72.595251
80.825196
88.415873
79.785396
80.323897
98.982514
72.726768
75.924687
73.215991
73.049934
65.112057
70.880094
78.428656
63.435078
79.358992
52.309808
57.608486
85.112643
78.065016
59.707267
81.909072
100.171219
80.460836
77.253400
58.152537
70.331601
64.414190
84.675258
72.523015
59.212608
70.944501
73.252612
85.401780
61.536467
68.931529
54.878255
50.107376
60.340623
73.607881
74.474181
78.723693
69.705129
58.894799
44.913550
58.483536
68.028171
55.915681
92.142599
46.192811
87.568390
76.251056
77.522888
84.121098
69.363214
90.646129
81.185375
56.997860
61.557410
84.810679
75.573414
57.980852
92.187630
71.942253
59.258195
63.665719
82.837351
78.999813
112.184416
59.788212
66.936945
53.835162
64.799750
64.333251
72.036002
79.039174
53.657381
52.224154
56.829626
64.881290
67.937735
55.746281
69.174336
79.866366
79.231286
56.593331
70.915831
75.981168
55.327313
88.420104
73.725996
67.598049
61.570970
84.694788
60.739430
85.216899
58.592770
75.426129
66.444865
79.504938
66.373961
76.412824
51.225656
69.346521
72.735376
56.924349
72.656484
67.997434
93.344073
102.514241
70.722990
65.847270
83.415406
69.105248
57.129213
57.391786
85.040307
58.216314
73.994512
64.712615
43.054105
79.039147
78.478125
43.639373
65.117808
79.548511
77.347966
63.377295
80.894843
57.509751
56.102790
73.506626
50.491247
74.353531
75.244703
64.644564
52.805032
85.951385
85.078789
58.959018
82.364630
86.435788
71.065748
59.478984
65.612639
65.493308
74.194965
68.239014
76.842844
78.268827
71.676033
64.261547
97.613021
98.636007
78.439286
66.741850
71.001278
81.603592
89.786286
74.245058
67.623465
53.195799
89.165093
70.908863
89.488769
80.396841
42.478654
70.163494
69.165847
63.532081
76.669228
83.001451
85.230118
84.032530
54.937050
70.379183
83.009121
73.529277
48.781215
74.046307
94.713054
54.582218
76.312598
61.652586
58.446563
77.069021
78.726006
80.326274
58.346782
76.305097
78.870477
91.572730
74.066764
74.951279
68.040036
63.628510
82.247868
77.814473
65.702472
97.983058
68.124471
57.992650
85.981475
58.452975
63.391970
70.056537
91.200049
47.260561
49.335946
57.226733
79.852021
76.061798
87.631961
75.230353
69.666581
62.239008
80.331144
83.237488
75.868651
58.556620
49.670406
62.279828
57.497234
82.650972
43.292725
95.129175
84.895621
82.407309
45.416760
81.128197
66.209765
53.578748
70.413963
43.588164
64.533768
76.721917
64.061614
70.477227
79.466363
74.479820
86.145990
66.194739
79.732214
98.262733
74.454279
68.816559
79.287136
79.224879
45.825072
65.103150
73.773313
66.087217
70.206555
57.020727
66.707794
85.309765
78.663504
83.694989
65.737326
62.186701
67.876333
65.957907
80.693918
51.521236
65.888529
62.420624
51.318522
65.663442
77.771616
82.802467
59.145447
74.573958
81.498403
52.231476
41.306563
68.155041
62.810625
65.416440
56.333918
81.262786
93.963574
69.002646
92.131171
67.057785
78.617394
63.673821
80.392072
72.008599
74.692975
72.653140
84.529939
79.480977
71.244061
60.267653
91.687346
77.315986
61.126248
73.125816
75.442141
61.047511
71.238355
52.525624
47.986809
74.414116
71.546110
52.419146
97.346434
74.889568
69.031020
78.481257
60.923515
71.438836
65.615830
65.383193
64.120351
67.856709
61.566975
71.308161
70.867647
51.543072
72.531266
60.850721
67.771862
59.179150
76.881291
64.074249
63.713121
70.544421
55.650545
77.361929
61.128921
73.454750
51.710235
66.384524
62.173230
69.832288
65.586301
76.549177
92.946375
75.622008
60.611924
70.273687
66.257480
67.974170
75.246261
83.594115
62.611320
64.340271
63.276187
71.534784
35.754091
78.737649
67.407508
74.825677
101.090441
94.177365
61.688644
54.938619
62.821095
66.276728
71.497968
73.831116
86.679445
83.078293
50.354456
79.508493
69.430559
82.147957
56.112184
52.424039
61.511995
75.937320
61.366563
77.891797
57.717933
65.783993
72.389961
63.701883
80.876511
82.294860
59.207355
67.556200
79.404899
74.591458
61.152860
55.060798
61.283682
55.573183
81.216223
74.858666
62.831015
58.952681
80.729748
83.358443
73.748629
67.464707
65.463919
61.655612
70.753594
62.091664
81.940324
67.163652
70.523936
57.327521
74.369545
56.521469
64.725282
62.935019
48.399897
91.821909
64.015013
76.038264
91.565798
65.710932
66.962164
68.357655
76.436620
56.959858
82.963173
63.859986
93.996624
68.071347
76.093266
80.008963
69.469274
73.312181
65.045081
76.898377
82.137559
61.621295
78.137298
80.713191
75.073532
82.253893
74.849330
90.941195
70.625084
80.688533
79.957548
63.652526
66.358863
82.954409
77.308496
76.172667
67.433312
88.214161
70.666055
75.225695
57.165782
63.378389
67.380382
80.413567
83.057288
86.869985
61.217833
77.964856
70.799856
48.691991
85.524008
77.928953
73.954417
52.409667
56.863264
60.712735
64.744439
86.412612
80.713907
59.233926
56.268291
97.471422
64.068143
56.923549
49.174519
60.781914
65.826968
82.044012
51.136903
85.421108
67.748923
53.489429
82.800972
76.527004
84.805348
68.411275
59.010109
72.390349
59.419401
43.153610
56.060167
47.505561
62.552427
70.615268
64.361667
69.208654
78.210968
50.489450
95.121422
70.332367
68.104143
53.728908
73.016370
57.490446
96.462445
44.076604
83.999718
50.547066
46.361561
83.578192
58.882936
96.188384
50.708904
97.750122
73.022373
77.261429
57.943101
82.771247
66.930628
57.234227
80.808213
56.500051
40.269772
104.684257
63.289037
86.015163
57.699227
68.170834
67.746699
38.740036
68.034564
67.394789
53.974576
67.816283
70.340221
65.531736
57.773837
87.114699
52.584808
77.464527
76.072903
62.231490
73.056950
88.762491
70.130529
65.650727
72.067990
84.118280
56.117058
58.829146
62.734144
53.023567
76.982912
53.528532
75.586176
77.205468
65.249751
58.885352
60.548357
43.856421
67.346286
92.417060
76.550275
78.594483
77.635750
64.716143
83.370167
65.573571
68.975970
106.635363
59.339865
86.016283
63.846707
65.349099
56.023741
55.679268
64.015017
76.574020
92.597631
80.582310
72.100920
84.594641
62.623095
69.602674
77.736549
74.344502
65.161936
97.423173
60.721842
61.070390
79.632907
83.095017
54.327714
80.571630
92.934792
68.710301
64.707234
93.123266
89.464997
74.585119
55.759943
85.303884
40.362419
71.256677
65.713471
82.328055
79.258725
83.916095
70.598849
79.191208
56.998074
67.660828
58.467401
53.927315
87.031856
66.744734
82.496526
81.558092
66.182341
55.011456
68.255002
75.246427
53.108676
92.109191
47.164100
70.397053
43.106381
86.672582
55.743012
75.963573
85.474111
67.793956
45.641703
58.775652
87.407839
69.698222
79.959769
55.617277
90.589726
74.319507
56.884104
81.510232
70.351704
40.322050
34.956943
83.606985
84.633397
72.672264
77.310235
66.892379
57.937908
76.783626
83.538128
77.918672
80.674474
70.828787
71.065307
62.815814
67.279150
77.214401
81.344516
79.684679
74.650999
66.845253
65.922317
66.135718
66.087052
80.565855
83.803096
65.316762
82.196035
87.179680
71.093650
50.400663
84.684619
63.666210
86.069507
58.975782
59.037794
94.152198
72.895107
61.949851
60.262770
47.500725
101.182931
56.076606
67.339889
68.488158
85.941510
51.215387
50.650151
97.228932
49.489060
57.367018
83.723018
74.123279
77.795888
85.721012
70.506564
81.470180
71.581486
73.443454
61.101858
70.114446
53.240307
77.751268
69.095563
89.683095
55.326742
86.190908
74.425860
56.646187
81.253887
49.419520
77.022485
73.942145
77.400628
56.794059
90.519635
79.892156
81.971427
70.473589
67.012860
46.799975
78.378557
67.381385
86.735116
77.478599
83.466099
75.674527
81.198274
62.478390
79.172670
50.639992
74.973103
103.133250
61.189768
84.555191
77.831959
85.157594
68.363572
72.086990
59.248410
77.038735
77.521006
70.503579
62.125162
79.763262
71.554203
51.691466
81.652784
71.004752
49.821588
75.478263
78.573221
65.833851
99.573145
81.209790
62.380565
56.102520
56.027896
65.269584
80.597722
77.990337
71.644939
69.810151
64.865007
94.389501
67.829084
66.377326
65.169089
73.325729
84.296108
58.627561
64.926129
59.514534
96.841727
65.350138
78.807126
66.023600
68.681174
77.772937
67.254856
77.028797
62.483088
41.865051
68.135096
66.271517
66.455042
70.846560
41.012937
72.530869
55.404046
54.486120
83.424303
50.233876
62.009306
64.285856
50.681535
57.804998
63.399745
58.615591
80.571422
78.970011
57.776800
74.744108
55.252078
61.966572
79.203827
75.325186
75.324240
84.689516
72.381690
81.878567
87.391500
86.454577
42.166340
84.661184
58.202801
72.042617
84.093799
63.223069
79.968425
78.268304
73.265305
70.564632
73.089513
72.954369
65.011039
77.135069
64.336320
51.103742
66.320660
67.102792
70.394069
73.483406
69.875416
84.370606
46.713809
55.164655
69.052355
40.911642
50.801499
59.047523
77.196527
72.546644
56.591139
53.676232
82.625241
89.950691
94.140777
54.491897
92.651565
65.297845
51.523635
85.309206
78.730361
80.187871
59.889040
83.084460
75.260804
82.432987
73.085002
71.069889
94.604570
49.823797
57.087695
99.206172
75.134256
88.762513
46.501691
79.848655
92.677804
79.287841
56.975340
56.083003
53.959989
70.129762
55.900646
69.154754
84.567869
47.293023
76.095415
51.929328
77.421841
69.110697
79.813831
79.582463
81.047141
98.345422
98.241889
88.999717
77.577423
69.068341
81.474720
85.346734
81.954819
53.426593
71.043722
79.924821
75.880840
63.230398
79.594938
92.666907
81.554255
52.797493
78.693600
88.130912
90.074211
84.369600
56.592330
53.454999
75.963076
54.761989
74.377237
66.538011
52.171383
58.216114
91.856906
83.158091
87.037249
68.809765
55.278316
86.811775
59.698990
71.279881
84.994955
79.945768
65.151991
77.338638
50.568380
59.111034
74.103551
64.993508
80.860374
86.400314
65.237420
49.209481
69.113101
77.698341
103.558124
43.601932
62.581773
74.472760
66.652372
65.082484
63.823329
51.567492
72.091808
59.514853
56.243087
49.451294
54.358625
51.783065
64.775263
71.702974
63.229015
66.556285
53.257782
72.961821
81.871505
49.474026
94.130965
81.795980
71.765908
55.348351
87.849776
88.224035
69.508555
64.219170
51.236149
74.637244
40.617134
56.613402
61.721894
57.484327
76.273393
80.331466
85.901075
49.976489
52.986473
81.239377
74.663354
91.024353
90.116145
58.309312
80.363799
56.668318
76.967081
82.152712
95.297563
103.526831
77.944822
96.848923
91.390490
68.916353
84.235260
51.383390
70.807241
75.629015
62.992289
91.570374
89.188818
60.664727
65.305156
76.536161
68.987518
73.028067
97.228397
68.600081
70.118837
84.345923
77.746423
73.565712
89.804625
55.189413
73.149789
50.617611
56.726625
43.543982
76.906202
61.908928
68.339716
71.004493
61.463574
54.231965
66.920659
80.700567
43.232693
69.525321
59.553687
68.436859
74.379940
49.134600
61.359387
60.325167
72.157753
80.677253
82.464280
71.187364
65.509415
59.732363
59.390185
75.997130
82.243326
92.428827
91.690455
65.511279
61.674306
41.640409
67.341131
65.570662
65.963001
91.129793
56.965969
74.837885
46.881339
80.718947
84.253790
75.441082
92.084218
72.640186
66.216659
81.532233
84.539325
83.476690
95.014143
64.988306
57.662904
56.025145
76.055038
73.779531
