30.194792
43.118076
35.572710
30.878784
42.878702
53.472918
41.155965
53.667539
45.684774
38.546172
25.522441
58.041504
38.398194
47.156190
44.858056
38.826843
43.130942
28.981377
38.094189
48.593329
28.438289
40.965759
16.877146
31.859113
56.027531
49.106435
39.593309
30.904327
52.869325
42.535234
47.166648
36.716017
47.918566
34.835645
52.015463
37.845793
48.850748
41.521841
44.055373
51.633995
47.921659
52.069718
26.180824
46.251339
40.155793
38.218770
37.408316
28.471742
43.000958
46.008527
37.792362
43.269398
39.703646
32.448890
45.318153
54.575676
45.665904
37.229742
33.004753
56.896187
58.093644
27.953764
44.068230
42.914752
42.431355
34.515699
45.160748
36.060283
36.728025
37.448128
53.669404
36.489605
48.552529
20.062760
38.488148
46.315889
47.328829
41.243996
42.046030
33.543026
44.870509
41.277483
36.305719
41.796116
46.989933
33.989361
37.439602
38.746852
50.182968
55.356132
30.660836
27.540019
55.750145
39.568709
41.213385
34.609684
46.678516
41.782420
26.659097
22.628884
53.729395
45.661987
30.639638
49.724433
49.525550
53.248218
44.808259
48.817348
37.899346
40.946634
38.143182
36.930105
49.166800
38.638195
47.296795
38.514360
27.809470
31.303572
35.880469
41.301457
46.123890
33.699030
45.655106
38.736721
26.583179
30.321213
47.234118
40.205621
28.851689
42.714151
32.391857
40.474797
40.672026
48.704214
30.296490
43.798263
47.347334
49.453945
55.298357
46.985455
35.236502
33.367193
51.226154
33.573700
42.132119
45.365925
31.041389
41.866634
50.794568
40.592359
37.586022
50.756781
25.166567
25.570232
29.567888
30.785052
40.829948
33.320517
45.571786
44.781035
34.527903
39.558672
65.174513
42.503409
40.236132
33.611521
41.918450
43.478043
45.620913
36.280439
43.062570
44.010756
39.564612
50.025374
22.499525
30.532034
21.033716
35.371234
45.584079
52.013558
36.564798
42.978240
20.430959
43.952127
37.324997
46.883271
30.948524
53.879665
61.679729
35.847027
33.047666
56.057613
28.104714
45.915123
36.385334
37.947299
41.736994
38.226431
39.439435
40.742177
51.461473
41.219192
51.134359
41.528922
37.366352
59.730768
44.688828
41.730761
41.502866
39.274894
45.448879
51.221583
49.866379
43.654462
48.067849
45.141377
43.002712
41.317574
32.153612
48.603893
41.172921
35.892853
33.942015
46.177015
35.900825
42.072126
29.886934
34.866601
58.973850
43.250210
34.380448
43.350256
27.127325
31.608155
47.583061
54.237936
54.025105
43.683993
40.000775
48.522526
48.103322
44.934110
52.119800
49.970913
39.030884
37.491546
24.050496
39.778841
36.145779
48.540556
37.050113
35.267814
49.136445
54.764787
38.951751
32.441636
31.428019
48.698192
51.940142
35.590270
49.389726
53.684609
34.929077
35.778475
36.730765
35.396385
53.082620
49.784709
46.838719
52.588363
27.917911
49.903071
38.760317
42.950027
56.399975
42.879446
44.308202
48.611242
40.595777
47.703184
52.573020
49.555214
32.612693
34.597266
52.365768
50.150239
43.579224
42.409850
49.677546
61.684133
47.502432
33.437102
28.140798
31.181396
53.481518
51.567075
48.343247
68.131704
38.840033
52.896043
40.189025
45.225324
39.610184
53.255895
35.897096
44.295488
55.794909
36.808085
57.166996
55.699230
35.047090
41.563643
30.638669
37.144656
36.785879
43.270245
46.384647
32.849523
37.686878
44.604795
41.461484
41.857750
43.849050
43.753428
45.005818
40.912695
46.330856
40.937823
45.628963
27.212253
37.611881
56.764372
45.229595
46.914665
33.961979
48.330492
62.216712
54.318328
43.147321
33.772898
36.848376
51.631102
42.609879
39.556029
48.826514
52.712931
34.376511
55.700747
56.499688
50.177446
40.058324
45.156214
42.290237
48.527408
31.606554
38.029808
53.130855
42.507416
33.905820
55.888590
43.106313
35.343634
44.448366
29.298473
19.765568
46.045452
54.550753
51.341228
40.471854
36.248511
28.142891
39.730914
50.807652
50.520578
35.750477
53.734770
36.135916
34.853846
57.596705
37.264353
42.716179
51.768446
43.241607
49.030154
56.831598
59.186325
53.884370
56.957060
39.198766
37.629593
52.878780
27.398498
49.504319
42.974483
41.967751
48.877975
28.082579
31.539935
41.593334
29.237704
36.558718
44.880884
41.095198
36.435387
38.691170
49.217958
35.753092
38.418329
32.237760
38.396685
32.680368
34.176579
37.223492
39.783483
27.357300
42.109363
40.976194
56.838799
38.649326
54.156075
20.360895
42.963024
31.032049
35.337609
37.697744
47.035038
30.089521
57.600378
35.940990
34.547012
28.973648
39.399151
47.353738
15.093520
53.706808
40.388766
44.770383
51.766526
33.275259
50.389597
46.400420
44.032750
26.642961
52.482295
42.604064
46.484141
49.489050
29.329298
51.034689
35.771928
34.405468
32.382758
35.529839
51.348965
41.253513
40.085783
50.324853
36.135314
50.552281
39.773121
17.911650
53.254015
42.751385
38.997716
49.057151
47.371506
31.396363
45.267723
28.288246
47.333903
53.637267
36.638155
37.217022
52.553732
50.310703
47.686150
61.659421
51.698798
44.043263
39.700282
36.953512
43.999853
26.862723
45.474525
46.189836
35.569114
43.966848
32.738737
28.431291
43.908029
48.862150
55.644823
47.569348
54.468269
48.894956
36.641269
48.940464
35.104863
32.709008
37.652977
36.064879
44.366094
41.420306
34.205756
35.387051
39.653778
35.988213
31.973504
43.074626
39.869009
41.165449
37.679154
47.856669
49.293140
44.978830
51.901790
30.838366
60.195847
41.429295
58.209786
47.065212
64.661745
25.121584
36.276518
66.244677
34.762093
35.879566
37.963287
34.471022
41.064939
45.781912
50.676920
43.600528
28.450885
43.127678
43.244836
34.453434
44.062381
50.941240
42.345887
34.256712
42.552717
42.173047
45.097835
38.510460
26.365691
50.990091
36.485570
30.524750
51.504297
32.382975
62.826237
32.566685
60.407104
51.153189
25.533536
52.544184
35.688578
50.361073
43.210406
45.174609
38.876335
43.069831
32.153891
45.192913
32.724205
31.526469
58.271756
60.706926
41.212881
43.532076
36.531448
37.902297
57.222604
42.166636
37.286436
48.501209
30.909980
21.904236
37.502295
46.775937
59.182966
54.190671
34.638432
48.345219
41.425349
49.366532
29.961031
35.769668
44.002579
21.549398
46.410399
18.929140
32.212713
40.020601
40.739238
51.876858
34.022651
49.580515
56.445818
51.973197
50.860778
25.264342
53.341744
56.832154
40.935971
29.567684
48.797190
32.424404
43.997523
27.947148
38.225081
46.324696
35.675794
39.486947
33.196852
53.740348
50.017908
38.655199
44.411033
48.785291
43.771170
55.136734
57.141584
42.835957
52.670573
38.454026
42.136630
55.928723
34.381005
39.212640
30.837453
28.471514
51.827443
33.076836
46.581974
26.565007
50.102390
43.905798
47.431195
30.779369
50.862531
31.323743
41.252503
31.763460
49.537427
49.460740
27.726707
23.832601
45.024423
56.437689
28.448491
47.409531
51.344634
55.650968
49.847976
55.371129
51.516415
39.427550
29.784587
34.356245
42.287093
24.328877
44.760966
38.029863
40.139643
38.269314
31.918327
31.221074
48.647729
53.777092
34.321729
34.176439
57.167859
41.549071
55.632217
38.939727
41.562192
37.025678
40.369425
51.720500
42.356169
37.112911
32.691310
52.592352
47.655572
50.809938
33.455120
57.625693
40.489989
23.192568
44.102083
50.894436
41.996918
56.858829
32.489378
45.469375
35.875215
33.730528
35.600297
62.402053
44.780930
46.503877
52.458066
24.919720
36.147533
34.906444
38.056165
38.891972
42.393102
29.142506
42.469377
35.726381
56.697316
44.757426
43.726120
53.997709
47.083497
29.277231
35.320306
46.395740
23.683954
45.577969
45.338858
48.050434
49.080762
52.649011
42.511643
37.651224
43.975341
41.006768
41.851646
45.356569
27.099809
18.803812
60.141239
56.408797
35.276721
55.096150
33.246828
31.561475
49.836863
29.958406
24.787890
52.891476
29.847236
61.664920
36.886617
54.062518
26.296268
49.627169
28.192742
53.134047
34.649438
43.039451
31.406326
49.264878
39.187533
36.722333
40.987032
43.582206
39.625096
52.032471
38.087519
34.200987
52.091471
49.885341
21.271513
45.481310
44.256868
42.780290
28.240093
34.933666
17.822676
48.479019
52.083168
26.853988
34.157715
54.971708
33.390723
27.192857
45.321625
47.779145
29.927553
44.281587
49.969340
42.463345
43.619983
42.414483
39.294359
54.801085
43.655813
40.231097
54.538869
45.389044
39.311926
38.024535
33.450484
45.240649
47.938719
50.539999
44.758354
30.054288
48.013651
40.712686
30.943702
48.820895
40.188078
57.829880
47.393280
35.233327
49.078423
47.754210
50.070220
31.297834
43.308840
45.884392
32.262313
51.900263
56.911996
55.231977
41.060207
26.481747
41.775423
42.377519
59.611735
44.216037
46.855485
37.624395
36.676844
47.697928
46.240324
43.299485
32.103065
39.617583
36.255463
34.892742
45.265933
30.010663
41.506136
27.452279
47.838224
37.615933
35.396834
48.039100
52.831762
32.384235
42.938669
34.776079
51.692482
51.163952
49.619934
37.021001
52.320213
52.060957
51.685650
29.488924
43.746655
46.188924
33.886039
29.552805
33.641468
34.326731
48.733623
52.075257
33.160764
37.842528
39.124790
50.588808
36.416855
50.279227
45.853079
45.240663
33.334801
50.817587
41.623028
40.577789
43.352136
46.622691
47.452503
41.459095
41.374112
49.171955
40.514917
37.074736
59.009657
49.950316
29.754344
42.247306
49.029662
35.765672
49.885170
39.598698
30.604038
47.860890
26.363758
36.892988
38.070362
48.714434
24.357582
40.842864
40.286641
50.140741
51.179270
34.678694
49.442109
55.723019
32.842638
39.040855
36.335009
19.108456
44.234224
44.601534
40.854570
29.151821
51.523781
43.793095
36.757986
25.898377
33.256798
51.651594
38.190998
50.237041
57.146985
52.224341
33.903331
48.319464
25.684521
39.365418
34.702359
39.774031
51.725247
45.742146
45.696057
37.111421
40.181230
50.093240
56.715031
34.635100
43.080631
30.216021
41.352284
41.202335
45.417917
53.545013
18.267425
28.980470
47.698534
37.422074
46.173821
38.366812
38.327782
40.214160
42.732134
42.518972
41.691099
40.887834
38.840507
29.937689
37.071184
42.221476
36.044560
47.028625
38.021035
34.733427
41.952399
33.408480
34.777094
40.879589
63.663620
34.783281
43.984693
39.643430
42.869391
55.965363
44.208503
47.161108
45.197098
55.140953
42.056386
34.834778
22.460725
49.552107
46.598058
32.682608
39.372583
34.859852
43.594188
46.818382
6.804547
34.137134
40.179258
52.382052
49.775900
48.565947
41.812564
34.235101
54.805063
38.688228
36.827069
48.983902
42.401865
39.088003
43.595934
46.302639
50.385883
55.678669
49.600709
37.786199
47.023832
33.092743
49.044615
49.469132
41.140189
30.232306
46.091287
39.435289
42.682024
31.897671
43.496227
41.569559
28.071385
40.349416
39.808632
31.543603
38.118213
42.543980
45.372795
45.343769
30.141824
41.668558
44.806926
47.348953
37.071096
50.435588
45.434976
44.896202
43.745656
35.484228
40.477510
41.273794
51.673298
54.545987
45.595144
37.275371
52.494502
32.787515
34.484066
45.831688
56.037497
46.927694
28.440531
33.435543
37.054668
57.682307
43.956867
33.810380
42.418424
11.393059
57.225341
39.948372
41.101844
41.226076
51.522403
41.187934
44.321933
53.628219
45.091119
36.974670
57.755280
30.724076
51.590488
32.240713
39.500107
45.044023
52.724139
42.068685
37.036677
51.988415
47.359259
27.452041
44.928214
36.982394
45.776549
38.986459
44.207917
52.045429
40.519902
40.670975
43.147864
31.407776
41.107916
31.869894
41.357089
54.116438
46.027826
55.150674
47.713220
37.950428
39.409310
54.985460
29.583107
43.636538
46.929818
45.358770
49.571302
32.440960
47.271969
36.842506
38.762627
55.190601
46.111806
52.398796
33.775714
32.161817
41.795999
54.005468
49.460977
42.742828
37.648005
34.721011
49.484862
35.434918
40.938713
48.639599
47.447497
50.951850
39.351194
54.693386
43.161730
47.969644
37.924107
49.503880
43.938761
50.470452
40.086191
37.113323
40.809323
34.315224
38.101517
46.465626
48.940925
44.060205
59.928569
31.965877
48.624297
44.684799
48.190769
39.748089
31.982287
24.266393
41.576086
50.363316
39.912011
36.937363
36.971726
52.792637
25.815996
53.771495
55.724051
38.083230
59.306352
36.115004
37.133154
35.179542
49.816078
37.922404
52.676253
52.473740
35.999225
35.655954
42.258167
50.345825
45.118717
49.668492
51.032664
45.422578
39.925399
40.788321
49.078417
39.320500
55.444933
26.661357
40.357318
45.607311
53.872044
49.677600
54.529905
51.439487
49.620498
38.721514
40.558632
23.888622
49.875416
27.620466
44.650763
30.223218
54.229934
38.225405
35.453710
23.656011
42.157015
37.384334
28.962576
41.345908
42.696703
46.430741
47.050285
60.123684
36.125408
39.469447
30.517553
45.178569
51.094629
54.596513
49.479189
31.554209
42.845903
35.260376
37.334295
34.039467
43.202946
51.390337
33.623400
45.973195
47.422684
42.610509
42.701112
26.841783
47.803342
35.195578
39.627664
35.778802
33.443350
31.093610
46.440625
48.701676
53.462909
35.437064
36.525218
41.681519
44.335844
34.132924
42.015028
57.954647
53.194302
36.215369
42.556597
29.939044
38.038701
41.610654
33.734743
27.099908
29.859807
51.570847
46.452146
43.142787
27.555263
57.108455
41.026128
38.695864
39.831151
35.809347
41.559536
45.717250
44.538200
30.499828
49.112165
52.286862
38.440147
39.295492
29.919513
46.653282
37.976473
57.562764
47.965872
44.450147
38.186788
38.812725
50.812263
46.278320
46.339946
42.962430
53.281795
40.778883
44.552851
51.851858
44.061672
40.881827
48.142134
45.928185
39.311806
35.365262
34.455214
49.588563
47.959608
57.355434
47.384392
43.047988
32.891058
50.350837
39.956820
60.107234
58.220908
43.540611
51.902576
41.162738
44.534270
34.653756
33.099220
51.096620
31.229276
38.434672
34.128092
47.586657
33.874067
48.098761
51.905166
45.768472
50.438955
38.371882
50.636842
35.835536
51.507279
46.672516
51.770957
43.553119
46.202497
44.479480
42.187560
50.162731
44.987136
36.974777
63.834629
30.383357
34.818982
53.174389
36.502463
41.306319
52.331360
35.758663
43.368517
45.597114
54.606929
43.298129
56.828819
52.983508
35.086625
48.913674
39.972839
33.871303
45.116066
40.733895
41.378528
38.692920
45.849853
40.312165
35.947362
35.839526
29.408460
37.920159
43.634340
47.278360
43.096527
30.902852
50.406047
54.378893
26.076740
52.093845
42.874666
42.664827
48.549436
29.232486
39.865680
49.783866
37.038398
29.819174
58.804255
58.842160
33.603016
39.676064
37.769419
52.031379
55.887153
41.991661
49.694324
44.083403
29.842800
43.226862
41.802175
46.581640
40.640301
49.170637
28.949486
25.831013
32.111489
51.535363
35.565174
31.949018
18.556869
39.243966
55.237683
48.701674
44.808802
43.155444
36.895480
50.180304
43.234803
27.539766
37.000101
36.283410
30.311735
47.793022
46.893808
39.559912
57.161513
29.631345
52.270774
21.993541
23.123046
53.250990
48.580705
34.105592
30.395850
39.263387
64.746215
54.497986
36.642250
45.536056
31.682866
35.495007
21.743905
46.895542
40.309944
42.706229
49.820585
40.077643
61.620052
40.179671
43.017649
51.654170
53.094789
16.219025
43.355346
49.072545
35.574243
35.426363
47.438579
51.517952
51.851390
41.334615
42.368051
55.355097
53.986462
48.252432
43.605295
49.236810
45.421644
54.518273
45.734804
22.823805
38.164286
40.558439
57.982029
31.310584
41.437502
39.409480
34.723850
31.248501
37.207992
46.530119
32.546497
24.410107
44.223762
50.916735
40.104091
25.271700
47.490783
41.852568
40.838513
36.855138
40.323716
44.348001
53.049216
44.028163
45.185893
43.933120
52.361658
33.434176
65.699275
48.793873
47.169621
38.930408
23.868677
49.324431
30.821728
43.365518
64.170340
51.420610
54.175404
38.968552
47.420672
34.000150
41.528179
44.916835
34.643680
35.781414
45.687600
56.161698
58.264364
46.898406
42.546127
58.014512
34.289351
50.599305
36.500601
45.976919
60.517855
40.458923
41.792284
47.717926
41.223347
