496.505561
454.071542
418.167753
471.090245
435.260466
445.763066
446.511381
451.806817
383.465842
471.600920
397.905252
435.084962
457.077445
509.761339
503.415085
449.971201
418.629264
436.844488
415.705365
462.400199
487.110790
468.073427
472.606905
474.469613
482.525785
447.405403
469.557809
470.101906
498.226174
424.220222
514.936878
420.131108
489.046358
434.412334
491.094549
496.449006
375.804875
465.076801
409.837745
467.580629
482.257855
429.957417
477.735577
425.325880
434.392136
493.663176
482.823715
482.007342
481.288746
372.746180
403.711098
495.500271
399.477973
481.319496
434.535564
433.782459
398.672102
492.621784
479.052502
441.181074
482.600388
401.041600
413.906709
428.618792
449.496175
430.168123
490.114360
432.100155
474.113209
474.107934
522.701091
476.184729
399.056144
485.918275
487.567127
422.908293
421.264597
458.294283
445.098173
451.902024
444.467574
384.785724
408.367695
495.417351
436.208681
444.065022
437.914282
431.444758
473.710798
453.566394
417.681233
412.287644
470.790646
483.031502
513.836336
436.668064
357.015889
381.359498
437.680955
424.807005
475.152148
503.577043
438.736782
429.030815
434.764642
483.412880
432.555542
435.030581
478.860464
414.075866
424.980146
440.231784
355.909897
430.089895
425.643852
493.450192
513.991465
460.080565
518.820841
450.378938
509.258591
452.410469
506.214856
469.707308
449.224392
377.436739
481.660133
453.904376
426.411023
457.300159
475.886487
396.925891
490.693271
485.201167
421.077150
454.747659
427.474145
480.973495
435.103038
521.867993
472.968578
386.822169
463.390867
487.110056
393.723793
450.028396
409.033247
415.629424
500.014395
443.830391
398.628691
430.842050
414.195397
451.728052
417.310979
417.254263
408.897730
374.847325
428.156871
478.015746
441.773132
386.241189
453.753015
444.871146
477.369339
440.092552
396.789479
477.795102
377.378196
500.721214
478.211959
478.957774
407.003008
494.974223
388.118984
393.840545
435.554969
479.072532
447.481501
429.854694
448.190479
463.792190
442.790905
407.568530
458.229284
457.302468
472.642304
481.924232
499.501552
357.561024
497.424822
418.901508
403.707618
374.348461
502.041885
480.865834
431.781260
465.910100
474.880792
535.464134
405.014226
370.230041
492.528384
536.171532
437.259125
403.933133
425.342507
442.123778
434.581932
435.053205
427.705059
450.129638
437.438395
500.733214
473.551068
480.755098
477.707691
510.308493
472.027497
451.514178
480.059085
457.577424
435.462832
483.332302
443.633690
421.502674
431.355836
452.888320
423.416471
546.014248
445.008040
480.475211
434.932859
433.665145
467.736528
493.515969
447.108811
534.059672
494.594053
467.729732
485.210950
455.035784
448.723983
509.771455
445.374657
481.302439
445.227297
428.483431
468.121428
412.914139
452.772746
453.700363
435.039015
471.499772
431.136574
469.712103
440.283909
470.343166
482.088577
475.283250
403.126874
380.418440
383.743051
435.460168
527.809783
511.984841
407.455926
418.463408
475.184835
469.667071
479.224644
499.797466
456.510659
358.213266
480.834111
464.415005
465.559909
511.495050
486.026101
459.589252
375.679246
473.658075
469.359083
459.190675
449.879559
421.980878
447.523527
485.324746
415.695513
376.634387
464.394159
494.336174
421.008897
471.648558
461.832730
430.108285
458.372362
482.103901
461.644011
477.932925
428.619808
452.141235
385.256570
365.404638
482.829124
469.655922
439.127199
446.165607
416.026571
456.347778
386.785469
430.113323
476.771453
391.453375
450.195949
444.217630
391.583228
459.785896
466.094973
462.413966
499.585461
396.862734
427.901092
419.473512
474.166282
483.803092
471.748462
412.297415
382.658828
469.858111
459.939676
413.047999
480.721695
415.296421
473.420568
447.502236
422.494337
444.295928
458.078409
418.264037
448.026928
478.674940
470.548398
465.982616
458.570383
430.434677
450.670917
454.962151
441.827677
451.396863
439.644473
491.333742
436.309153
471.124618
477.226192
491.067022
446.994890
525.533801
518.027475
467.381677
439.251286
453.602927
473.430367
409.227046
428.233083
454.086576
425.737978
483.937229
461.849954
389.463393
417.877202
428.276981
407.158974
520.892108
453.796881
460.989012
413.511819
506.111465
454.286036
381.341626
485.474366
448.467432
512.108825
428.990486
520.401845
478.049508
502.383613
450.904430
394.529281
510.023871
512.822383
460.153534
487.108156
468.050500
487.539128
454.204994
548.753757
499.045996
411.724696
445.631003
482.137555
468.105751
413.387502
417.448003
374.146799
416.702706
391.526322
403.612985
446.275352
433.730297
486.722475
422.530972
493.664888
463.463954
438.503551
421.499961
521.709190
411.450122
376.869913
494.707121
433.111121
502.735182
505.214321
431.902718
397.188041
487.364304
418.075004
381.725990
416.202331
407.213378
462.282451
402.799289
430.368770
372.935888
503.651302
442.782093
492.330735
475.087468
403.817638
460.544951
450.852866
384.966901
370.293842
460.782031
404.208954
472.396895
519.693780
452.024387
493.088627
417.507778
447.517381
510.534092
472.667130
460.378517
461.177387
470.482310
470.152424
494.352788
427.795073
476.856731
424.480129
392.459982
497.533846
424.965139
456.575684
494.219936
476.465896
474.292412
534.291020
439.544457
387.323613
444.516016
396.956230
438.332569
447.753295
503.742255
445.758683
444.754046
428.881128
431.236409
442.846667
446.838917
467.968640
396.325864
518.369848
385.446022
465.965140
499.682139
478.103398
415.352264
490.085462
441.242116
471.992634
467.863460
498.183049
387.667516
459.982009
458.323972
374.804520
486.234719
425.676433
460.660142
479.202553
455.234540
491.175992
471.006637
486.964732
375.335240
395.432902
501.033307
536.540956
446.249476
490.391437
486.370754
493.166628
426.327902
421.033599
457.398112
476.458878
438.887011
434.435916
490.865245
399.764526
408.140878
440.748593
464.801770
427.800174
435.377387
505.069619
359.450368
390.699066
424.770300
396.055740
500.713243
482.698572
484.872667
437.511660
423.736404
479.598401
518.254083
537.563842
470.753331
432.772078
436.695448
519.563738
392.303705
462.949192
408.605211
523.688372
450.231265
510.371645
475.845786
503.567710
382.691472
499.889019
466.319718
423.193804
470.465179
492.041956
431.010530
375.838683
448.576915
478.846670
470.571240
459.153326
470.371270
494.653995
464.720796
492.668289
467.122361
439.376578
504.394917
506.278054
415.739100
474.546846
434.648954
477.633415
397.994979
465.724966
434.398225
503.545916
499.500004
402.014153
522.985545
476.629864
477.818148
443.981065
416.944893
433.021033
416.038892
447.584627
442.684710
475.759017
463.816709
461.039975
441.806300
479.186867
462.597260
452.084042
460.251512
428.211414
495.133325
469.849096
468.328907
405.245967
436.284082
523.986640
440.703903
449.694366
463.483874
429.948855
487.977881
471.539374
344.729892
435.670824
513.216103
468.106156
474.408957
458.389808
388.469902
370.748361
477.077024
481.575943
462.065331
443.214351
420.524231
482.604317
425.048496
494.019946
501.774535
489.353320
469.985553
412.497629
470.313407
480.274556
387.461186
396.521262
459.039364
392.468532
443.627678
427.901589
462.157707
481.193598
422.539926
381.931666
470.494759
402.693129
498.810287
485.939494
464.127934
429.311752
448.295787
431.665021
481.524514
476.370087
388.736015
479.677183
518.278644
467.653818
398.574342
389.922821
370.893564
441.738675
407.529274
458.625718
486.508677
492.659842
541.058008
441.948733
475.779762
456.521358
410.788590
461.252504
466.349940
402.803667
493.954379
384.829394
438.629594
471.008033
486.697570
452.025747
459.074021
449.987083
459.880881
425.234418
437.218655
486.820362
444.822153
375.764739
407.855468
440.667114
443.529712
501.418594
433.289546
459.860461
444.195520
500.014620
443.449477
472.280924
496.542556
365.001501
480.787526
414.572118
444.024219
457.362472
445.910130
455.365149
384.526604
479.549859
403.955106
509.150778
506.282607
468.814186
409.288330
434.073499
501.132831
463.186981
428.497798
446.604885
442.868004
480.313328
472.076084
432.125684
405.861003
401.802830
391.805674
518.474422
498.614990
381.649512
422.842072
483.000164
423.125818
417.889090
466.774295
463.007727
382.435892
458.522618
402.263936
440.643907
366.340801
464.706214
459.931818
519.845504
419.885954
418.277006
499.705596
475.947533
467.845696
398.627825
467.842887
443.884359
472.235675
496.201546
475.681330
462.747389
443.321948
475.605838
480.478270
463.666052
491.316975
515.557387
460.137478
442.141735
513.402586
509.091787
455.395475
340.067280
488.801728
540.121705
450.835416
470.126168
467.308459
458.437450
409.649186
473.233089
472.997216
455.635376
473.288926
425.148632
417.201600
404.560646
470.695697
410.977952
488.742895
492.251486
388.774321
433.335752
463.553465
380.824888
432.465407
517.423687
524.121522
466.226295
428.711237
460.380003
420.815106
499.980856
438.790507
399.467969
490.851879
501.666847
396.361980
443.089203
553.246601
521.188732
449.500567
455.829708
455.954312
509.118895
426.836470
488.247275
519.746272
491.161433
402.877304
384.113329
444.364651
468.467345
484.070159
482.266819
442.294063
504.399536
477.352778
444.709928
457.352092
460.244579
427.847050
530.725262
453.855218
478.589598
494.242374
412.886684
392.241532
503.725438
431.567771
446.392101
483.055647
396.828724
468.329604
430.651986
403.192743
397.358236
497.726633
466.910138
395.620554
407.453722
410.318340
437.164547
419.752686
508.606858
534.593102
490.379109
376.544630
471.125065
490.807455
455.003558
501.521508
361.910028
499.189192
432.812191
443.119933
402.109607
455.539694
476.253836
405.250688
416.991705
482.278350
419.133367
454.729597
456.554228
440.780035
400.322623
470.844158
465.777158
400.245437
459.251372
441.085132
410.415011
439.392130
409.290708
418.902894
484.422404
497.107714
505.297087
453.439846
366.995961
471.515832
532.213906
396.091313
441.337609
443.895041
437.158088
418.485357
447.440097
527.071238
486.438820
480.049428
386.045071
443.762457
446.118732
491.344684
436.030456
459.259343
414.024709
475.535193
401.720227
487.130802
415.934560
479.750803
429.199846
469.953642
500.160370
422.531087
487.563050
424.922822
477.167147
487.388225
458.910098
448.445170
430.545292
475.178726
463.164307
442.958929
433.796005
480.377643
470.322058
516.381282
466.383123
458.592476
469.413262
412.332790
487.462671
466.913293
370.411127
459.302186
420.278539
504.101587
444.973434
516.566019
439.243716
423.524006
406.008093
446.628477
450.744737
456.827959
437.919558
430.514087
458.042074
501.926166
393.884844
436.830083
487.281383
489.822185
434.895080
475.931573
476.258970
400.400406
443.119162
428.303714
518.307539
418.037369
490.863813
466.510228
356.845576
460.795454
526.452766
446.261740
431.467013
443.603849
412.861073
465.431579
461.237504
438.480891
415.421403
448.053106
463.967770
459.689692
452.258011
408.058061
455.774855
468.375840
450.022059
475.957136
462.427806
402.649319
470.228399
400.529414
464.320546
374.936313
467.824494
432.705025
448.389961
426.359445
470.088864
429.686176
493.849785
454.531903
407.092525
442.505484
426.163303
475.462047
421.826627
526.436770
398.334896
455.170231
477.145531
448.195076
396.414852
423.537959
501.446756
380.984061
468.208666
511.360306
413.922165
508.506435
421.740691
411.873099
520.753521
489.678463
489.101606
452.275213
375.643526
426.931209
460.723961
454.161796
448.849909
451.443152
428.427115
443.454002
448.480376
421.129227
425.296239
505.161225
451.403234
441.195913
492.459751
474.176493
386.400910
448.151007
425.085139
425.733326
362.535966
498.805319
480.525995
464.143139
500.950803
426.423653
436.984147
460.530401
420.095408
490.019841
453.485867
423.279400
488.224948
408.390525
497.741055
473.349324
482.579100
514.354248
517.116501
469.251468
455.661461
472.777621
465.217215
428.102262
450.967885
506.149229
455.575650
472.725164
486.150923
474.948153
429.371077
451.121531
460.733897
452.746337
426.586275
474.401970
392.208591
485.660892
430.615708
491.027920
391.534952
481.748199
472.193950
467.513686
488.458444
370.466771
497.980185
444.318463
424.072607
457.264355
432.880434
427.961306
456.502552
465.760686
416.996192
450.453553
488.288390
444.417146
495.081398
456.426651
431.939536
416.759711
417.462265
421.985210
434.848923
502.578515
497.004141
475.138132
453.387773
407.404953
451.461941
470.504105
515.425986
503.734810
480.588278
405.787731
473.175128
426.597683
454.033781
396.593171
411.592439
506.494115
430.213625
523.907450
433.478561
474.406842
470.527304
456.908549
444.204409
475.572871
447.203111
496.882651
387.597626
457.406403
452.435224
426.887400
474.889901
442.217177
487.506403
462.452629
443.447193
459.978385
407.787327
461.238197
460.402911
448.071159
418.419029
473.612427
432.918830
448.070203
488.027222
464.922860
460.969433
495.091128
473.364453
430.238771
464.800315
450.898234
518.244542
447.420114
462.167893
482.885896
466.261071
375.090950
407.534818
423.510347
389.400886
516.634493
466.607182
429.201782
457.929420
478.099545
454.859244
462.915226
440.239033
394.804301
505.806106
406.743035
534.295918
420.241226
446.301070
494.822981
440.607879
418.494747
452.486962
514.808979
508.035182
440.090305
454.824915
416.041861
530.364097
389.578769
421.132013
459.125145
510.909286
415.440848
422.702238
489.470241
447.785315
510.918126
492.762375
483.099317
452.092834
466.109960
452.418028
479.876461
478.003986
446.255564
431.292691
485.187806
470.968223
412.548294
425.151234
415.943964
394.646670
413.969755
421.392810
485.114598
414.664615
475.057395
406.979346
466.930516
418.255437
472.564142
502.124591
416.382981
439.058997
439.560407
498.129025
456.353091
429.907669
407.251689
412.111540
491.813743
454.186551
477.393957
484.688452
444.872799
480.840815
442.785868
519.162419
532.897133
447.338545
529.428255
454.528305
500.949967
445.588463
494.056629
422.809187
480.075380
478.451849
428.662942
482.749710
452.498294
389.288927
485.853284
380.330801
475.603911
470.466871
495.185934
444.999660
444.051831
468.822533
489.413157
409.262886
521.317704
452.510847
468.954104
494.855513
439.936241
436.309962
536.270747
517.710271
467.534321
411.617260
442.225555
507.577862
487.987643
431.863699
447.842969
431.555637
431.250671
363.655265
478.948051
415.867531
432.112582
446.286166
418.364487
476.531373
385.915161
467.305563
459.879604
512.319162
458.128044
483.887699
517.987667
469.070427
457.981310
410.093911
487.150556
464.929250
361.681095
474.690162
450.035999
434.815548
470.550232
416.487098
427.304773
453.326872
414.165825
466.796509
531.263541
468.648209
412.667131
446.541229
442.407502
500.650163
464.467087
478.497751
393.461374
453.827870
440.184861
440.372732
496.514960
458.160361
498.087043
491.331572
462.710702
435.327923
428.427723
503.141146
431.765430
456.318401
495.876682
493.482201
542.074344
459.169096
506.812677
526.954100
405.528795
422.121350
444.629844
425.999514
428.985889
520.311845
499.892898
400.613070
459.822246
482.721473
420.339404
441.088873
518.357350
507.627993
421.649692
446.740867
447.512949
421.027289
423.946604
491.821834
523.940474
514.275817
483.808897
464.707681
471.082753
511.182974
469.801585
438.239540
475.764918
425.430896
436.563299
548.403632
480.774963
434.116248
449.239060
447.600978
426.916253
384.244166
471.789135
455.068828
445.328809
439.286131
454.902858
504.275195
459.821824
450.008115
444.848387
436.180084
419.457245
433.727636
387.206043
408.175651
466.234344
521.243575
442.887766
413.467037
450.322282
523.651414
440.799835
484.340099
496.360386
471.347214
480.382162
371.685132
483.879775
473.577394
414.913580
499.676863
480.481710
524.929503
396.160790
408.908450
441.830835
350.135148
468.512046
440.606718
446.797060
364.947569
430.673256
383.777417
421.627575
397.532580
439.419675
439.499059
412.323116
462.594581
397.750780
502.980060
414.587093
450.905175
385.675984
444.781718
381.485190
414.121288
427.537887
472.320678
389.506649
455.786659
509.222224
488.231701
429.845501
480.083002
397.107757
491.016380
473.875876
427.247728
428.373469
469.728560
478.825632
397.549238
436.016766
466.780685
430.504468
467.700427
416.346266
449.042779
480.163016
419.260840
395.806714
435.987387
454.848210
487.258954
451.933672
439.798898
548.584602
495.328103
429.672376
344.109900
502.154764
467.326344
451.883734
482.600803
473.386678
405.167541
505.760082
494.282581
454.975248
431.300713
466.965219
513.469550
517.574740
481.394248
456.759050
493.887678
536.409854
467.397872
502.089067
520.694064
447.647861
485.579972
435.462515
410.920850
509.010441
454.007472
410.817798
389.532773
489.173385
432.316171
421.198884
373.782734
452.087456
468.649654
433.953654
406.507346
466.557553
391.509091
406.670043
376.163413
419.606664
494.107706
481.382614
534.516589
505.947067
496.055618
470.371474
463.795725
436.262280
455.786410
398.233585
415.264689
463.111888
519.237118
419.284399
483.531169
383.525866
439.849272
503.151726
470.692805
372.337864
464.840867
459.224825
471.351118
390.289671
432.739186
455.358080
528.956287
456.954767
385.549239
481.410386
510.843607
449.645392
455.683532
409.806730
429.911860
464.684884
460.630663
459.262746
445.066359
484.158672
459.154331
459.798301
466.814325
460.821866
493.541362
418.600378
513.731894
466.806499
386.480985
451.265785
450.475216
526.594443
480.007867
452.819785
507.292434
486.589572
377.854185
468.326969
457.134244
410.862153
534.899296
426.517592
442.920029
450.067126
425.173595
456.956162
442.069042
412.712469
399.087877
472.999098
432.795897
379.510415
407.546174
473.246848
438.059548
442.962990
503.147580
457.950778
438.315492
378.935547
448.105929
471.092723
426.287310
485.044776
422.612637
466.798441
426.116760
495.395124
474.696716
430.339934
458.944343
461.158583
455.769572
455.814412
497.310507
446.091732
462.933730
454.860645
366.940632
480.411747
365.755568
468.224803
482.029840
494.160281
415.325334
442.848339
511.674161
508.351525
411.114873
399.982637
464.134251
390.592964
433.540857
404.867879
369.978047
459.629830
474.967433
533.705281
420.854775
455.455613
461.133866
485.977282
481.565597
484.905686
467.307761
476.924027
518.658608
495.473328
485.573069
485.139522
472.371028
390.473094
410.113512
420.285155
480.299903
410.931113
454.279923
469.319070
444.827147
452.424977
473.146482
473.842333
534.249428
461.889916
472.581913
424.565419
462.442842
471.800755
422.265251
475.722096
370.586543
472.852255
456.233432
431.647442
438.878789
476.877180
404.617788
385.959808
397.325465
427.190320
455.335300
498.016212
462.538391
497.184012
457.230123
442.016716
430.267368
468.155307
510.011718
408.065371
414.325365
428.989064
476.038261
432.182684
361.326883
489.051085
425.142845
454.653408
480.198054
458.431581
431.846118
488.138159
480.507533
441.531669
482.618930
431.506189
432.968054
465.122203
414.962432
501.624252
395.322407
491.458584
457.027917
411.885033
482.378704
512.704347
440.072245
471.921509
427.645984
463.846874
514.654971
410.242026
428.572932
426.591594
512.672793
478.299106
465.216289
463.042330
431.150676
499.738542
486.297684
