15.944829
1.211321
6.216917
2.199429
5.945142
23.596219
17.961197
26.045775
29.707490
24.386970
12.000657
18.814962
13.680027
17.521177
9.786550
23.185926
21.802276
12.155842
9.397540
22.599906
24.445062
18.309238
11.686250
14.705286
15.519011
6.674006
26.376596
13.576374
3.456328
20.965884
12.702306
6.561178
29.558506
12.893651
21.437377
19.275781
1.652052
14.781583
20.257853
9.673172
10.554947
12.544534
4.296690
10.306393
1.578064
23.108853
5.467707
28.639656
9.987479
14.199765
16.792875
12.645939
23.156165
19.756010
20.006438
19.402656
12.428361
12.826046
10.137338
19.542543
8.882756
16.558488
12.025807
20.844342
8.703301
22.773674
3.593712
19.475876
23.649038
25.114125
20.899535
2.896058
6.175128
5.339011
13.658910
19.252549
23.828958
18.157943
13.750629
12.716779
11.803532
2.772304
10.706414
26.924525
11.953033
18.130775
0.095684
35.535626
19.891753
26.982297
21.405502
7.332039
21.289142
3.531972
3.060994
0.718252
13.143652
25.528514
20.247629
19.590071
19.940930
20.307807
14.397895
8.595069
1.090161
7.199044
6.680675
13.933032
10.610395
17.438550
7.241421
16.038344
1.722418
7.313847
9.674073
32.222682
4.128802
4.775884
22.338190
3.231096
2.359062
23.336952
13.651217
27.200566
0.131095
14.643553
20.518834
8.527122
34.316507
18.644980
21.245028
10.862054
13.134355
17.417300
5.684343
22.119078
23.170492
19.385094
17.878173
16.996001
17.943646
12.034831
8.346102
3.363105
21.983546
9.971045
15.502554
31.648992
7.579103
13.607400
18.816296
11.669517
0.801886
24.793564
6.193055
17.235563
10.709213
25.195851
24.842774
24.633235
3.632777
15.507039
22.695168
13.613055
3.677479
30.377733
20.194011
10.238633
19.907393
24.646272
31.581764
16.771078
29.904194
13.769707
11.597842
6.383709
31.006044
8.901840
10.957786
8.983407
6.472790
17.991386
1.891974
22.612253
9.461728
5.306017
9.422319
10.073877
24.376998
11.273829
19.042025
2.343447
20.450316
22.781816
15.360852
26.034573
9.908900
16.064862
7.526457
22.587953
3.438766
11.080879
10.719875
2.194085
3.393431
9.357845
10.861509
17.885330
17.887581
10.106829
13.630526
17.585274
13.708314
14.402214
21.979254
10.898465
2.713461
19.561686
15.154216
0.608970
25.895546
13.857130
0.148950
8.732300
16.714520
16.179123
8.280954
11.722995
22.547247
7.987020
20.272653
31.337908
5.129526
19.425791
13.357673
16.832301
25.964423
4.069720
18.347536
18.863919
4.433130
19.978730
18.084562
4.740720
6.817969
18.785857
13.065440
25.289053
14.319078
20.084099
9.076982
19.318126
18.174434
11.991028
12.437611
10.236107
14.540722
13.623185
29.053834
4.905751
17.113690
10.552808
23.225973
18.634594
14.409598
14.135502
11.093886
25.581465
12.176291
18.296150
20.906382
16.151221
12.069346
16.722278
24.772955
13.758520
13.695423
24.194654
25.471233
22.234569
16.625600
26.976409
10.411592
2.186312
23.378442
21.627618
13.157960
16.910877
9.530218
12.219878
16.444488
10.050885
21.247899
26.219361
28.919788
16.936493
31.480671
1.656894
24.622466
16.787115
17.810520
10.769752
10.837338
21.995174
18.671445
22.107019
11.331399
14.556904
10.445904
21.090969
12.290802
25.845238
7.673538
0.676920
14.390810
19.298996
23.354811
11.034954
25.377025
28.198320
23.032300
14.371459
14.495706
26.015989
10.981262
5.047350
12.608543
10.759299
17.122694
3.676634
22.902937
17.053926
14.500532
2.753808
6.994443
16.782242
13.217960
13.020696
8.532280
3.369743
20.433053
9.741075
26.891006
18.641979
1.174050
8.009655
17.043864
17.443857
23.416850
24.931150
9.980277
12.615791
23.392774
1.560517
25.231864
16.924837
28.689997
14.743376
12.607909
16.584483
5.298021
7.886344
4.784206
10.035044
15.938036
25.114321
22.510399
18.613785
16.275669
14.509921
7.786868
9.934246
9.469330
22.117857
13.929723
18.382808
15.096782
10.855177
1.008591
23.208388
14.744056
19.592855
3.259904
13.838450
12.089654
29.480305
22.596805
23.742924
18.487102
15.254105
15.802852
9.106142
17.597646
19.215452
7.313923
22.834858
17.374752
23.528823
22.107568
14.315617
10.733269
22.018644
13.360593
15.984163
1.207032
0.504250
15.900342
13.766688
17.372040
29.757041
20.271847
14.555981
24.638359
30.567198
13.836169
15.963000
1.017545
33.314757
8.565239
16.321020
21.264071
24.427479
35.874689
30.601111
6.634495
8.264585
3.730144
19.923181
17.916395
9.644467
21.380364
20.815715
18.598977
12.462380
8.860354
17.720497
6.871572
24.468263
31.628164
29.325226
28.580079
20.387862
15.792245
19.287682
25.320981
25.380136
18.645118
15.134025
21.212915
13.669772
2.714016
6.576109
22.841856
11.976621
17.281332
22.092774
8.209491
2.207423
13.235127
15.490305
18.794307
5.641228
16.779313
18.038124
16.717702
24.398460
17.816422
15.739294
22.634634
10.617776
20.172535
3.117451
3.750466
9.915949
1.609799
5.458837
25.583947
29.375302
21.209378
15.793579
12.004815
18.980895
13.259904
20.334985
13.604130
2.977374
22.562756
19.901522
12.652733
16.959016
26.146007
14.722228
17.771481
17.116370
19.373836
12.270877
9.834578
11.622081
18.953268
19.929501
27.151322
3.785618
8.378541
9.406593
11.033401
15.825344
11.140428
21.756912
0.966977
19.357854
27.446689
12.631480
10.611399
22.352199
18.735054
17.000070
19.272047
12.797494
23.583457
18.299143
6.155221
3.548015
17.452107
11.269460
15.756862
16.520790
13.988312
4.789961
8.029204
22.928005
24.805548
14.506868
20.184080
16.630186
3.287245
12.515243
14.751732
27.047741
14.902208
12.710725
17.950699
0.435556
0.438626
20.197903
1.151450
22.792576
9.314624
8.303693
2.989807
5.631673
20.838033
18.693573
21.199161
22.967920
11.389475
9.050374
21.758761
15.808131
2.697682
15.079062
2.320952
7.576235
8.705761
14.236242
8.329831
18.343466
6.092342
6.160964
12.968293
22.288062
3.639056
12.235650
11.129711
16.757176
11.215531
2.476913
25.228717
16.986356
6.427294
22.351694
18.824197
16.209602
10.476517
22.494899
20.417077
16.008051
14.651187
8.548488
23.989598
21.960583
10.839545
12.383435
27.492749
11.869776
25.831352
19.370340
19.982981
11.461014
15.693186
23.127335
29.600075
16.966243
21.234703
3.459708
24.751709
15.931696
18.929747
26.192477
27.997631
23.318973
16.319044
21.922135
12.105552
8.806903
14.208885
8.741245
1.432792
12.475870
9.885561
26.147155
17.638432
8.512360
13.659660
19.035814
23.508615
10.988929
21.829138
18.325531
3.783237
18.550116
2.192871
5.356587
21.722729
4.285271
33.145433
18.208471
2.437677
13.950691
17.229647
13.378917
12.123400
4.321328
5.478985
0.614819
30.504142
23.821595
28.481387
14.670245
7.654133
2.815207
23.846954
12.367396
29.270857
3.084984
9.273754
7.014122
19.519638
26.232488
24.271341
0.832862
3.195474
3.764629
22.150337
14.624235
14.080915
14.991734
18.867355
19.227618
14.811669
26.541315
29.329196
23.513760
19.912893
21.449074
3.882114
10.973070
13.522084
21.214761
2.247117
14.434472
12.042313
18.405576
10.320548
15.182586
19.650552
32.812612
11.334809
13.496818
20.652261
4.373583
10.731113
19.890772
20.415805
25.348422
8.481532
1.492802
33.828484
15.544005
32.390096
4.353738
14.823185
18.376523
16.431876
22.703904
3.597709
20.113247
14.905071
24.866387
20.607300
11.635875
16.304414
14.089985
7.854485
14.747368
12.743855
8.397926
4.313239
26.451405
2.310858
4.191245
0.985227
24.843460
28.485846
20.409989
18.592148
3.198497
23.912575
5.478714
27.932355
25.025043
31.507787
9.106725
21.469744
11.122188
26.416450
4.711524
12.638159
25.462122
12.677033
17.626056
27.849667
3.977160
23.811345
14.927537
36.065188
0.359307
23.434881
18.882046
19.063583
6.185548
11.624913
11.201041
17.065218
18.716381
10.905917
28.474109
19.791739
5.901751
23.899316
28.620301
23.973112
19.058122
6.818826
27.174059
21.249885
20.998717
29.522182
9.907750
5.546345
14.714209
21.884880
14.069204
17.893049
1.555321
13.066185
9.586568
27.430096
12.533352
4.207991
24.120649
7.480309
25.830535
26.997648
30.145164
15.430533
16.767843
15.723674
14.005345
20.544633
13.453275
16.312462
12.926811
1.255954
11.330537
9.812657
12.661877
33.719367
19.028929
16.639799
21.061061
22.275160
22.769142
11.944380
13.864208
27.222570
20.426095
8.033801
13.397718
13.592925
4.182031
12.545032
20.183176
10.369972
9.061518
3.408408
8.921600
8.739354
19.011795
18.401250
5.657452
0.456654
6.465505
12.841076
7.121343
16.178225
12.597832
8.226552
20.886793
15.839906
22.232527
9.174490
18.572995
10.325013
5.201080
5.495079
2.211975
31.754226
7.398036
1.196014
19.396113
21.693043
16.756952
15.181186
2.273649
0.919390
17.066785
16.020053
32.613081
10.494130
16.946102
22.006604
24.253834
29.951069
18.372434
3.298218
5.464328
3.122633
16.011201
28.314088
12.185642
1.886947
11.768239
18.197569
16.636248
18.750776
19.059764
28.315966
12.887909
18.069310
21.879101
2.456567
21.386226
8.673857
2.341175
12.234168
9.968876
16.013860
11.774118
20.185542
25.433930
21.668097
1.768454
15.635082
21.543725
15.904560
5.285606
7.560076
19.531774
35.227166
7.098130
7.709063
12.459305
14.838815
27.233293
28.345075
28.034557
4.768668
0.474456
22.208794
20.454925
7.377779
15.931484
24.955128
4.059858
14.750465
6.168104
24.366810
14.031336
21.142542
32.502282
21.727087
12.534492
23.515397
21.758382
6.540746
16.804039
4.353781
29.989631
16.799991
29.670919
12.121312
26.072975
10.761975
10.264020
16.121483
11.684383
10.501997
5.797233
14.697719
6.456634
9.914155
32.822366
18.387660
15.966428
16.842395
16.192206
3.193512
22.235568
25.428830
27.771745
19.129228
17.970487
18.386380
9.040261
23.014013
10.897826
13.448339
17.409349
11.954029
21.245975
29.674038
23.391607
17.898267
12.316438
24.785011
11.944705
21.084614
19.361991
27.445099
11.521257
9.299811
22.699039
10.326673
6.745541
32.685429
12.383198
16.632885
13.119850
12.588478
25.614586
15.832015
20.080879
1.885437
22.545381
17.675760
22.282669
0.857994
18.573706
24.997491
2.219788
15.662487
17.373449
23.560468
18.870362
9.608009
26.459332
27.216668
16.337964
7.719197
19.846791
3.369795
11.510342
23.953067
24.722298
18.082992
11.595286
27.815477
11.140299
20.626924
18.665108
12.438851
12.168719
20.543074
7.764690
29.567928
16.338860
27.185256
2.698233
15.207340
13.072461
15.244890
25.872708
16.098346
6.120720
1.072439
25.917135
15.375840
15.251472
6.366512
32.237665
9.394408
8.174037
11.744981
25.966367
5.056181
28.857016
2.465030
7.060262
23.186109
16.560283
14.559925
0.642448
28.780358
23.545399
18.600160
9.997768
13.558812
12.632342
21.312522
1.298114
5.076005
5.757027
16.880871
15.167943
19.979302
30.735368
16.375004
11.219949
5.316414
14.852181
28.185372
22.961461
14.858052
22.127010
8.320645
21.022710
13.751478
4.333679
18.906984
23.329035
21.194368
21.602797
14.624573
23.718321
2.538060
7.288967
8.246854
10.545873
8.847591
28.474084
28.140167
21.886850
11.680288
4.034078
13.900100
22.056951
16.707470
35.543075
14.265682
13.512489
23.087964
14.115435
14.383624
14.415797
27.642841
21.992644
6.275996
5.122028
28.251696
8.588840
21.210562
29.599716
8.203476
7.498141
32.156382
12.749561
25.045075
2.976750
22.035341
11.047459
23.180938
5.619471
21.389009
14.623292
10.307423
20.363608
2.525597
9.637678
11.305883
6.187682
19.241024
13.763423
0.620890
22.615726
11.205622
19.984404
5.100085
11.725875
23.670112
27.914858
14.713993
20.703353
10.184290
10.221049
9.150784
15.034287
14.129550
19.317398
10.886466
6.628023
9.787538
15.830289
15.316728
17.745765
12.490948
15.217818
5.008003
3.074511
2.574472
8.738719
3.165912
0.904518
11.045350
6.620013
17.135102
18.935678
15.675463
5.910799
4.686843
16.181745
32.695095
23.475489
14.980492
10.192233
9.166068
13.071383
23.923301
21.504977
10.862901
11.533109
5.853437
17.103565
4.103365
22.883175
31.010747
5.811799
1.475733
8.215863
9.568916
24.046073
10.881266
29.471411
4.734164
16.342411
19.761049
3.477985
4.123975
10.751675
17.674052
15.308622
15.438571
27.212780
27.083580
16.361745
19.712588
17.105340
15.082850
22.117212
32.401084
20.797851
25.478369
9.385860
11.129059
6.513933
15.950751
1.022981
4.663047
22.498779
20.662171
24.092915
17.960630
12.816395
5.953955
8.917355
31.110797
25.530523
22.003151
25.888713
38.070604
9.827507
29.062178
15.261460
0.835789
13.958440
4.382144
8.300919
6.487476
15.159176
17.064033
22.295273
13.014276
9.887247
21.394723
15.749334
12.026448
18.059606
3.464361
20.150501
8.325709
17.340454
17.451694
14.074163
30.901969
10.723435
3.289639
11.076976
0.753294
19.868405
14.599245
14.367371
28.063384
5.944390
14.645730
3.949254
20.884220
28.293010
21.730881
28.241915
8.629603
19.360096
13.529304
9.117284
17.053321
18.926795
28.116232
1.841147
16.663032
11.935618
23.674267
26.433788
19.183088
16.098929
35.328609
18.645264
10.060470
17.012633
19.223564
6.966555
16.797456
7.145363
4.451919
0.497505
0.442789
13.175431
9.534104
4.039635
11.231931
12.644184
22.319110
14.299220
17.724301
18.203172
20.293771
20.039596
18.797238
19.730208
19.009940
5.807684
12.129943
9.027837
13.004875
18.170198
0.117890
13.252459
3.941408
26.571099
10.600281
8.295390
15.427771
19.702240
7.810465
24.806017
16.912964
11.464060
10.613153
12.035114
26.390063
17.160325
11.265146
25.759024
20.479317
11.971523
5.994861
32.011076
10.169605
5.143868
14.854778
23.243407
15.729574
24.164689
1.103866
26.727435
25.059983
28.124084
8.838851
13.791690
17.024360
14.597422
13.631351
1.915010
19.175097
12.316809
5.764740
13.395421
18.631922
15.040260
14.276447
0.885555
13.297249
13.336764
9.588616
7.780984
23.730367
14.009557
9.792843
6.389433
19.787854
23.361664
11.348739
3.006871
9.916438
25.998087
21.887929
21.081848
5.634399
14.553948
3.462510
11.424767
5.431871
25.557372
9.498955
5.233709
14.129861
0.752316
27.360028
31.697005
24.558389
4.530900
13.735159
4.624198
18.043254
1.246640
12.348473
14.665762
29.987728
16.089626
18.810749
24.088697
18.269730
27.418884
0.113280
22.672193
26.143375
4.667619
15.819642
3.908610
9.987643
14.939762
