3.058849
2.543208
4.764916
0.492637
5.100144
2.495574
1.411481
1.256490
3.288310
1.171531
2.326299
0.131181
0.113529
2.729925
0.445062
0.260317
0.880164
1.045709
0.480908
0.743206
0.208304
0.688069
0.091520
0.546688
0.990148
1.738806
1.907963
0.746694
0.370730
0.939767
2.154150
0.389969
1.025667
1.749835
1.911710
1.808584
2.656985
3.379386
2.555279
1.559247
1.149046
1.015237
2.915232
1.345227
1.026962
2.002060
0.392635
0.760322
1.944786
0.461120
1.644518
0.144673
0.580956
2.404073
3.255092
0.458095
0.159733
3.810208
2.627721
1.312880
1.805735
1.018491
1.493619
1.006994
0.095345
0.287798
2.046824
2.487618
1.605047
0.171499
0.649580
0.516959
2.298209
1.405282
1.123340
0.057840
0.482545
0.967627
1.661629
0.225408
1.171450
0.675391
0.176373
2.972566
1.707339
2.039848
0.142179
0.412712
0.943382
0.805578
1.517839
1.148894
0.654347
3.367531
1.435379
0.659435
1.068625
1.537044
0.754787
2.790517
2.397561
3.677536
0.278531
1.375763
1.807198
1.728306
0.079205
1.400320
4.692496
4.546934
0.131535
0.259230
4.443376
1.181513
1.418310
1.342019
2.909836
3.377547
0.589445
0.493741
0.156841
0.865381
1.550754
0.113658
2.230977
0.577266
0.398664
0.204780
2.755766
2.268169
0.256813
1.302584
0.222152
3.697693
1.722819
1.400672
2.874891
0.722467
1.032316
1.994055
1.516725
1.243198
1.214504
0.371034
5.647847
5.277315
1.726142
1.595041
3.080757
0.780965
0.651556
1.757531
1.889581
0.658763
4.126993
0.019913
1.601069
2.467989
1.144029
1.588424
0.483428
0.118258
1.981552
0.301046
0.087256
0.808089
0.989076
0.945776
1.443892
1.472669
1.433994
0.490603
1.136082
1.618367
2.016408
0.627467
2.507053
0.760528
1.327540
3.381114
1.447156
1.516461
0.785186
0.181274
1.264407
0.455045
2.634839
2.217083
0.505104
2.360279
3.286070
0.793838
2.096860
1.845971
1.607645
2.949743
4.597218
1.446243
0.861235
0.142603
3.949189
0.779418
0.621630
0.869982
2.684837
0.224219
1.717488
2.216350
0.057142
0.051911
1.855376
1.777331
0.264134
0.534439
0.332830
2.586624
0.571738
0.833446
0.223775
0.075765
2.117750
1.134919
3.850177
3.659741
0.665123
1.292653
0.928092
0.024728
0.742561
0.281821
1.570986
1.399251
1.619051
1.147324
0.135034
0.766700
0.477559
2.883527
0.325300
1.907851
1.073737
0.449161
2.734294
3.655239
0.078519
0.844334
1.957763
2.381721
0.248049
1.267154
0.765149
2.075310
1.736007
0.190231
5.491830
0.878371
0.177894
4.465873
0.773456
1.940229
0.005029
1.664392
0.795929
5.516224
1.317829
0.242817
0.899037
4.217310
0.052472
2.159452
2.779334
2.346002
2.326681
3.506384
0.270008
2.614709
0.105430
0.336533
1.781603
4.640256
2.848508
0.894019
1.525059
1.927242
0.724228
1.859105
5.673627
0.059273
0.592658
0.866824
0.581126
1.978962
2.795994
0.046417
0.197039
0.033143
