0.530278
5.243590
2.126701
9.771267
5.737449
8.799333
7.313071
5.095398
4.679491
4.989873
1.055435
3.869153
0.534958
8.067117
6.937650
4.256803
1.835721
5.382560
2.735207
5.742549
9.377791
4.183963
7.898992
4.029324
4.059643
6.858251
3.159564
1.286160
8.689007
12.806020
1.340094
5.124114
0.893927
3.561199
2.297004
1.804234
8.143625
0.038816
1.717260
0.492925
0.257651
11.295408
0.543313
5.512242
0.935391
0.547820
2.028182
5.435892
1.642380
2.120731
4.877512
6.576239
3.885781
5.276670
0.304856
4.082031
0.262744
8.093163
0.790185
1.006456
6.795008
0.818160
1.880705
2.913270
7.232728
1.838624
5.323589
4.395804
0.894463
0.002530
0.689267
7.289261
3.382172
3.573796
0.716598
4.855341
4.456456
1.339633
5.511237
2.564264
6.943825
13.649361
4.475940
7.553901
0.092189
5.117852
0.646529
1.725290
1.898610
1.466278
2.839628
8.537479
0.466831
5.509384
2.042625
0.801710
1.109870
5.303902
6.571536
5.187322
1.246784
5.397627
3.032437
0.737405
0.851522
0.305741
1.070750
1.513350
1.130767
0.623378
1.773187
5.053017
1.044387
2.286826
1.787287
4.010948
3.185281
0.548367
0.978003
1.360037
7.543013
4.954611
4.378616
4.684196
0.849690
2.789041
6.886350
4.294412
1.779986
6.624568
4.022829
0.483098
0.232292
9.015986
3.601255
4.927127
5.191099
3.040511
1.825486
4.488683
1.353993
3.352146
1.474536
0.135516
2.524274
1.201487
2.638245
1.007760
7.816599
8.059982
1.151934
3.095214
10.509655
1.240133
5.707542
0.549489
2.043292
2.609134
4.163054
1.892795
0.152664
2.329903
11.170021
4.610813
1.527118
0.397747
4.748154
5.756312
7.991592
2.003717
0.283109
1.862289
2.186937
4.675445
10.815955
0.904638
1.888329
8.245219
5.734226
0.557821
1.898538
5.210350
4.531118
7.363550
10.679088
5.559771
0.032128
7.279081
0.321748
6.650261
4.347778
6.025562
5.538369
0.068194
1.762886
0.398611
1.378203
0.029214
2.355300
0.989072
5.230375
0.900930
2.880031
0.830055
6.713814
3.411515
8.771539
0.826851
5.634422
1.546929
8.201009
3.664174
0.925844
3.015116
5.442879
1.935178
3.293715
2.357762
6.654648
2.550079
1.095570
2.744582
3.001247
4.708536
6.296599
1.283798
5.921491
1.328410
2.432274
3.714650
8.199038
7.256261
1.954525
4.313302
5.099250
2.653459
4.035173
5.571257
8.253059
0.734417
4.339739
6.228961
1.209916
2.743265
2.342661
3.277392
2.463587
8.260369
0.550013
2.401383
2.511913
2.653715
1.844210
1.257765
3.355093
1.175248
0.364542
5.257887
1.795622
2.955067
3.086713
0.186742
1.125799
9.004694
0.690173
5.442898
3.571072
5.162840
2.698582
3.694176
0.261308
1.540162
1.186456
0.650609
4.132759
6.471189
8.701899
0.188861
4.350845
5.104273
2.863436
1.888110
1.050864
6.037993
3.945589
8.088054
4.028195
7.854174
3.915941
5.454722
1.130549
0.103090
9.650583
1.855470
0.676436
6.158490
3.666761
3.857599
0.605897
0.915711
8.448063
2.636607
3.210643
0.176075
1.843652
5.099205
5.456351
3.993083
5.885023
0.551938
2.014780
2.074251
8.341981
0.128327
2.920573
2.761588
2.990166
2.048948
5.345537
0.419226
1.149685
1.184358
2.126235
0.890845
7.778808
7.000320
10.073443
0.062794
2.297736
4.983894
1.336191
4.899034
2.676477
5.027167
10.266472
4.097369
4.185779
5.855370
0.619357
1.203172
0.935306
8.654539
6.481402
6.146751
3.582472
3.538523
7.943738
3.885601
0.859804
5.196325
2.310045
3.430838
4.683248
2.107370
0.769469
10.790041
6.458194
2.440172
4.151727
0.340019
4.565593
8.789840
3.468918
3.052376
1.974936
7.985947
10.009903
2.634645
4.536599
7.239888
8.624478
3.322831
2.346518
6.761810
0.773686
7.262833
1.586242
2.077300
8.846089
1.050480
4.081108
7.781577
4.248827
1.011672
3.577487
7.269955
0.449862
3.412749
0.167585
2.660181
0.319655
1.253751
3.281586
1.049269
1.357929
2.439268
0.489351
3.643963
0.748001
6.090884
2.519653
0.462085
7.118913
7.230350
7.029965
5.498668
1.467648
4.432423
0.548093
0.523429
6.261695
8.018271
8.329134
7.917555
7.159356
9.675438
1.607607
3.214197
0.121130
5.171094
7.334182
2.266289
3.766038
0.082520
4.394147
1.537677
2.143361
8.581723
3.748237
11.523096
3.967091
4.330762
2.337648
1.370770
0.327224
2.464581
0.789095
8.535426
2.070430
6.888882
1.429800
3.596067
2.904757
3.149919
0.089910
5.514740
2.696299
0.915780
1.924996
2.814020
4.527107
4.918219
4.626710
13.994137
3.633868
7.116651
6.336868
2.576683
0.182413
1.565957
0.564589
6.470998
3.500931
6.424680
1.550501
2.386631
2.156963
4.453551
5.507445
8.078493
2.346643
0.542548
8.660742
3.365768
1.317078
0.063544
3.002811
3.175578
9.440253
0.331513
0.268006
0.494227
7.842686
1.689793
2.880419
0.615522
0.967436
9.783542
9.143121
4.935682
2.355518
4.300660
8.242694
4.448044
5.907053
1.252180
0.362549
2.764136
3.075969
0.542851
8.353324
0.837401
0.172460
2.780554
12.664626
9.070168
2.977910
0.117793
0.581589
4.011997
1.212107
7.888820
0.809692
3.989339
7.184053
2.289840
6.728791
7.720792
0.357561
2.337517
4.083053
0.952224
2.176982
0.780518
1.145113
1.508842
4.797482
0.731008
3.452152
5.075149
7.347933
3.501918
5.841379
5.483314
9.106130
2.771046
7.097406
6.154266
5.512420
5.385899
4.439196
4.022533
0.087057
0.066892
0.107646
1.226769
5.116227
1.509239
3.218239
9.382115
1.418469
3.170593
5.473882
0.738758
11.103078
0.919543
1.794514
1.224748
8.595587
1.755218
0.766196
1.034647
3.798543
5.751776
3.402693
0.355164
4.296317
5.817416
3.296658
3.228433
4.694577
0.161283
4.752145
2.562979
2.371388
5.840097
7.236431
1.738126
3.581653
6.938457
7.511717
7.845604
6.348713
0.293089
7.865201
3.450526
1.243446
6.942305
1.118090
7.037620
1.875427
3.459150
4.692777
0.388720
0.297372
8.359728
6.808221
4.454779
6.264795
1.082976
0.080128
5.026346
4.156640
4.655600
4.079176
3.065936
5.622782
9.432921
1.376944
1.136370
9.440833
2.228330
12.367398
4.495778
3.582318
6.266353
7.880932
2.926356
3.100956
6.048559
0.999447
2.360477
6.254641
4.242507
4.443985
0.594675
0.916534
0.317880
4.815582
5.228261
2.189857
3.042933
7.228748
6.563168
4.839568
1.819697
2.299270
0.684756
7.410230
5.870080
1.777899
2.095895
0.866192
6.432953
11.733025
11.148842
1.908523
5.115285
4.871668
1.643085
0.978751
6.345925
11.287506
2.361377
1.664314
5.198960
0.986546
1.607419
4.763554
7.024446
1.169146
0.671793
8.155468
4.018619
5.898796
0.944741
9.924859
2.350767
3.312158
1.939675
1.390700
3.099446
8.443290
9.855512
6.069331
4.252898
4.182046
6.843770
8.992927
1.796862
3.969363
1.845103
5.498795
0.035807
1.201746
2.256761
2.852723
1.997801
1.310627
0.032867
0.885360
6.164304
3.057584
7.673045
8.827474
0.746154
0.786968
3.401977
7.042275
3.616588
3.426664
4.790603
11.196476
3.006179
1.528348
3.776533
5.619644
4.380488
4.325255
0.287852
3.372249
4.786459
8.941078
2.428782
0.938681
5.728370
4.406261
5.700835
5.284091
9.708760
0.170586
5.202776
2.606527
7.884211
3.178097
6.577458
2.226445
0.570799
8.516160
2.358517
3.625844
6.101766
0.037417
2.689568
4.448782
0.123405
0.030079
2.361093
7.436819
3.542130
1.425751
6.049020
0.616206
1.643554
13.046433
0.635402
1.405467
0.627859
6.499391
10.738155
7.489604
4.480872
2.154641
2.736078
0.060158
2.959464
4.625024
6.996297
3.911599
10.762978
2.080192
1.767048
6.714585
2.816659
2.394618
1.884605
3.796075
3.409004
2.588618
1.924498
3.882156
0.019904
4.247836
0.628087
0.464285
5.400831
2.122209
0.648891
0.013004
1.420713
1.490708
6.844857
4.889677
2.474696
3.112099
0.604998
8.007251
0.519844
0.110418
0.990130
6.748764
0.630984
2.302788
3.334839
3.805599
1.045027
1.327113
1.232844
10.884652
3.553877
5.304873
8.630118
4.387582
6.096699
1.012886
2.050669
4.859006
1.470112
1.766829
2.595974
4.651190
4.993344
2.501047
0.067232
9.854494
2.189052
7.307523
2.636815
1.100886
1.303554
5.235773
2.622319
0.540127
2.588507
4.750158
3.576708
0.640049
0.012062
10.538383
1.703517
2.397372
9.971207
1.467930
1.857543
2.422503
2.148670
6.136235
1.250019
7.396491
7.019318
3.520818
0.583187
5.168987
2.648456
1.930361
10.128325
2.178501
0.893419
3.484111
1.948369
1.237747
2.968047
6.319780
6.322501
1.490943
3.723240
0.308066
2.571528
10.665156
3.945704
2.689636
1.492396
1.804275
9.497225
4.821387
7.593264
5.663988
6.347079
5.472793
7.342199
1.399730
2.190756
0.074663
1.429368
4.623973
3.169408
2.367885
0.191386
2.677004
1.294323
1.657589
2.437207
0.077892
5.519247
3.786389
4.086356
0.253524
3.145681
8.438875
0.029605
1.753571
2.394846
1.584257
1.660240
1.258013
4.717090
8.406170
10.539127
2.062600
7.392810
2.829193
2.804551
4.834566
0.908712
6.421772
5.455430
7.906388
0.048997
7.408768
4.498624
0.872376
7.200920
4.529726
3.410806
9.944585
9.890253
3.482421
3.066669
0.009492
0.887743
7.086391
0.172061
8.698409
10.786657
1.579121
5.801679
3.862775
8.507494
2.817298
3.700057
1.391970
3.275845
7.301894
0.109357
1.990825
7.099990
0.632047
0.633124
2.157365
1.085648
5.339430
1.653433
5.738763
7.834418
2.695644
8.948656
1.530673
2.406141
3.912331
5.690183
6.168474
3.566566
1.140491
9.239522
8.405725
8.776368
0.179449
2.196327
6.773177
2.535763
3.683831
5.029246
2.629976
3.176163
0.399797
2.242695
0.594069
5.600867
6.815852
0.790862
5.497325
2.312845
2.227563
4.160396
1.412519
7.948820
2.679469
10.194108
1.323002
7.412207
1.405121
7.017515
8.190559
3.823026
5.911684
3.994513
10.750598
1.734881
8.520667
3.619587
2.374239
9.198740
1.709185
0.863194
7.574533
7.370980
8.988509
2.772376
4.607868
0.084258
0.844186
2.508529
2.618845
1.138125
6.327832
7.384584
2.194450
0.717041
4.507732
3.396586
6.896635
1.999558
1.570907
0.280477
0.421374
9.116144
9.404588
5.761325
2.698313
5.674393
1.975771
5.857731
6.891357
2.507940
10.752635
1.524890
1.099046
0.679895
9.217844
7.117230
3.786611
7.212179
0.265896
2.107657
0.147434
4.404893
8.211223
4.162123
9.470024
8.490980
3.999296
3.005045
0.609475
0.352460
2.019355
0.823776
2.427705
4.378984
0.945757
5.230082
4.909541
1.807832
2.306912
1.431724
0.927528
0.277983
2.643357
9.909914
3.521595
5.185580
5.778997
0.782234
2.232835
3.588016
1.661113
5.069584
1.792152
9.249071
8.110175
12.089047
1.840844
4.336555
3.270726
1.598819
9.609523
6.346342
0.753281
6.818963
5.946702
1.121392
2.717948
5.768890
3.532713
2.385973
0.328836
1.134497
1.379610
5.091625
0.081334
1.869363
4.306443
2.330175
5.795698
1.306970
7.642297
8.123311
2.345086
0.576710
7.910545
0.829398
2.487797
3.816138
4.347051
5.714475
2.023043
8.217756
0.740126
4.973078
4.873759
0.784909
4.719439
2.627964
1.100910
0.274810
3.961938
3.056515
0.943101
7.636403
6.173346
11.997890
8.449477
4.669770
5.474223
0.018786
1.389206
7.625180
0.066298
1.384101
5.803117
0.635352
5.790006
2.451237
6.164867
11.504928
3.602271
6.611302
0.039589
3.932693
8.676671
10.171179
7.615638
2.528761
1.488170
4.517935
2.664979
3.346777
3.067871
0.818954
1.228360
0.572946
0.891929
4.568091
8.111841
1.775654
6.067426
2.453024
1.034966
3.670588
5.377824
6.127182
9.275956
2.668039
4.296876
0.831624
4.307964
8.229346
4.360657
10.727082
9.480548
2.110181
6.768359
2.414436
0.537283
4.197193
0.282106
4.085541
6.052386
2.897692
2.431140
3.793018
2.100927
0.190413
9.351501
1.776367
0.143292
0.966912
8.049320
0.471367
1.184969
5.268056
3.935056
7.102368
7.487028
2.664230
4.973263
4.403178
1.946436
9.020053
1.405480
5.658818
7.937626
7.313483
10.898898
1.899058
5.034309
3.121573
7.408466
2.145477
2.457519
4.005451
2.173426
1.606401
8.367155
3.791538
6.403802
3.811500
0.442875
6.399018
3.076654
9.530385
0.734107
0.928097
6.925996
8.623804
0.634714
4.395866
0.817966
1.308545
3.389513
3.588555
8.710740
2.885911
3.102439
1.181092
7.239521
3.555550
1.944625
7.693729
2.483867
2.970921
4.021610
0.383427
3.902546
2.620489
5.572855
2.374325
7.122522
9.859547
4.370744
2.907730
5.314913
4.601059
4.829698
3.739651
3.923722
3.932281
4.004819
1.882549
6.996764
3.481177
3.484996
3.060842
1.523463
3.392798
5.088779
5.986644
1.686452
3.474131
0.950432
1.503176
5.169802
0.975299
1.944805
0.461587
0.326063
5.894930
3.469760
0.157194
2.096395
9.629577
0.687917
0.462180
0.036787
0.182825
2.176517
6.056091
0.343255
1.364672
8.111702
5.698862
6.532148
12.205149
9.000533
1.912850
0.994233
10.203007
9.208835
0.001235
0.714227
2.168514
4.490954
1.119885
4.771344
2.549264
2.992026
6.438595
