14.910593
8.226855
7.004943
6.340337
2.950412
10.088417
6.371079
5.508059
7.622161
1.031154
9.127610
4.251270
4.018068
12.826034
17.143461
1.025398
8.792193
8.298775
4.031521
3.888615
10.640476
10.241147
5.489423
5.182466
2.243177
3.285957
7.997307
12.443226
10.394070
10.254481
3.540291
8.083443
3.477522
7.133431
13.977121
8.093506
3.151237
4.574626
3.254626
9.586148
8.451574
3.116077
1.544160
14.949581
3.688009
4.514057
0.023158
7.160954
2.774890
6.931631
4.846132
7.616315
4.314866
3.905911
13.647122
4.362613
8.815581
0.433549
4.087092
9.407771
0.394649
3.986968
6.956458
5.260176
0.178143
15.445610
5.251525
4.633475
8.833665
7.424388
14.549066
10.579866
6.004521
0.623763
16.871704
4.811010
10.544027
5.201800
13.277793
1.111323
4.808326
4.368265
2.601027
2.204047
3.837491
0.307948
4.124369
16.118324
10.435031
5.331849
1.488961
9.225122
3.524496
0.061279
4.813463
4.430208
3.389758
0.144018
4.432205
3.047447
20.816325
16.613395
9.703022
12.850585
10.057145
0.071970
11.828314
1.902905
2.231765
15.821309
12.233058
7.141510
6.181195
2.552309
7.626001
8.831128
4.780190
5.760054
5.453593
2.971034
11.351164
6.801508
8.876241
6.477064
10.975455
10.521336
5.225208
7.493597
1.248994
7.367111
1.649382
2.362165
4.324191
0.329685
8.443779
1.694661
0.640014
12.650465
2.234842
11.575470
5.144997
3.222266
1.669563
5.015512
12.702038
9.305133
5.597540
12.760893
12.704439
1.516816
7.874686
16.363139
7.061735
9.007789
2.452501
11.423447
7.866820
7.468481
6.585785
14.887026
6.501849
5.574301
7.952636
11.281842
3.235455
6.345528
1.040782
3.088448
6.659883
0.668185
4.962158
5.683657
7.916483
15.713621
0.866256
6.345477
2.797605
5.276576
3.668852
2.654160
2.728865
6.139208
3.800278
10.701395
1.994957
9.087021
4.465773
7.071370
3.483840
13.439751
6.616885
6.373291
0.060428
3.915298
4.094427
8.283232
12.289493
5.066196
13.414463
7.008096
4.541966
7.677572
3.585939
6.986721
18.635280
9.070105
4.408628
4.697595
6.933114
8.359723
11.334129
7.529894
6.050126
5.883535
10.545868
8.590551
5.552387
2.572585
8.574502
4.868118
11.705905
6.312457
11.172150
8.737398
10.895291
0.603160
3.173268
1.422671
3.569394
10.642563
15.010245
2.861969
4.308105
0.668925
6.801857
0.914139
3.313385
11.687723
6.827712
4.476127
6.624752
15.171003
4.302539
11.334232
2.913954
8.555737
5.145186
9.943423
10.884758
6.671984
1.763741
16.951032
12.509530
1.277994
9.308607
9.598567
11.121548
9.594293
2.813430
4.195762
0.046630
3.345257
9.447179
7.940546
4.030536
8.615258
11.668676
5.788927
2.582654
10.754044
5.651050
5.431429
0.133978
1.275535
4.540524
3.581789
10.745206
4.255289
7.688728
1.706976
7.123001
6.166338
6.681070
5.557634
8.185795
12.260047
9.489691
6.880070
7.990353
6.998034
4.207932
6.378274
4.535766
15.024258
9.019872
7.876911
4.518412
3.668343
10.837777
4.236690
9.159497
17.337324
2.470689
6.334338
7.211930
4.316731
0.605000
0.629544
1.559120
4.693053
1.587576
4.578433
4.000637
10.956300
5.424267
1.717602
13.427345
7.170323
8.961384
8.210736
5.161861
0.623343
1.342931
5.348276
10.408341
14.504753
6.245870
5.015773
9.830657
17.437012
0.599821
9.487140
6.725556
10.146831
4.658907
2.834807
2.245369
8.180619
11.024325
4.643086
0.423232
1.271289
2.370542
4.074529
0.239818
0.997046
5.886250
10.187355
5.122889
2.250840
2.750509
13.179108
1.003308
2.538912
2.847306
4.268006
1.330491
1.913793
7.574481
1.747293
8.506030
0.510508
6.563266
7.406185
2.624720
0.738270
10.397901
3.311313
6.896599
7.816673
6.071780
9.150501
4.054942
4.854024
7.167555
11.075332
11.621648
6.252655
7.369282
1.304300
4.004937
11.331046
11.372636
14.953874
18.572725
2.879709
0.208972
17.265184
4.008209
0.922889
12.131575
5.604689
6.376097
6.948708
1.474276
2.439100
8.283206
14.963380
8.055906
1.249998
8.372198
7.385841
7.849311
4.540011
9.813071
4.439711
0.514578
10.028436
2.220874
11.838116
4.124755
1.379918
0.309159
7.342073
9.984940
7.565327
1.886686
4.700535
5.805143
7.333106
1.645915
8.813507
6.368033
9.749545
5.365399
7.074960
6.884032
8.762555
20.980360
6.780470
9.777724
3.342665
2.390283
9.022903
8.733376
5.792183
1.875751
3.110000
11.923090
4.085360
7.961823
8.418324
10.404505
6.658089
3.248601
2.479656
13.237255
13.503143
5.869558
4.268206
10.731075
9.362450
17.035512
1.358488
11.506124
7.508973
9.085897
0.820310
12.940004
10.905711
6.901029
10.851698
5.107841
4.589386
12.832918
8.993158
2.426874
6.549261
8.920527
8.673571
7.179170
12.829862
11.937258
14.869278
18.932810
6.972532
9.183027
8.515565
4.250493
12.561646
2.672044
12.452331
6.732300
1.052185
1.758573
1.017873
3.546835
1.175334
5.322848
5.235743
14.762939
3.817266
6.782880
7.061650
2.436826
4.554100
1.903114
0.740864
9.417529
7.273428
9.911970
0.189432
12.423908
8.934158
11.114949
3.750673
6.433747
6.842489
15.395108
12.399217
9.254767
10.551779
2.198028
13.344694
11.968277
6.737384
4.892729
12.635573
9.851774
12.441977
1.021157
3.190409
2.635996
8.576010
15.798894
7.276786
6.689305
10.632753
10.419937
7.109119
8.718337
3.721470
2.040361
8.929958
1.162707
7.076470
0.585984
12.534483
4.579024
3.425891
9.034990
7.831408
5.351300
12.122660
4.491347
8.978976
14.636282
3.390205
1.824449
13.601591
12.467848
5.369649
12.655855
4.013346
6.399055
10.828808
5.419327
4.333151
3.359679
12.430798
12.408165
3.196694
9.586097
9.459869
2.899987
9.566228
6.825575
6.642851
5.740352
6.864787
2.083738
3.149896
0.980853
11.823395
10.317978
9.512228
6.651901
3.735648
0.931141
0.732111
9.420282
10.409054
3.424759
1.132884
4.906363
8.936835
14.107148
4.867801
11.257315
1.512985
4.447970
1.377486
6.656717
4.646424
10.837775
10.820154
5.418720
7.693142
1.885188
3.690796
9.662651
5.724256
6.292884
3.345979
11.106354
1.116834
3.355004
0.853989
4.746892
1.149112
2.626393
1.326919
9.789721
5.405304
3.155118
1.848688
2.072320
1.252344
10.321923
7.944803
2.285949
9.910514
11.404441
3.295886
10.703818
11.977911
6.808273
10.433514
13.639538
3.518203
12.356891
7.772317
1.600042
4.502787
19.677595
7.172785
7.902012
5.310992
7.998630
4.343159
2.840478
8.817208
10.027348
4.612892
6.135686
10.766095
9.991205
5.619915
10.231342
1.462071
11.622950
8.466101
6.700610
3.013934
9.927496
8.504997
2.577338
6.177939
18.683383
9.057408
14.389832
0.352464
6.892732
3.290895
4.630183
8.733503
11.074361
7.799671
9.426676
10.564142
9.515714
9.679590
7.415886
5.007731
1.430735
9.276617
9.141273
0.447678
8.388599
3.977474
10.387065
5.450258
11.131020
7.538543
2.986108
1.462557
10.053318
16.836257
0.117115
5.249144
12.378249
11.779927
5.739080
6.590066
12.407627
5.218867
1.540100
5.202663
4.930964
4.251439
7.270064
14.334031
5.195094
5.284201
10.104104
1.829861
10.351923
4.829665
0.725215
6.679919
0.906717
4.981784
1.296798
5.412730
2.596687
6.715036
2.915702
3.783682
4.250220
3.385475
10.276298
1.100564
0.744061
1.826660
8.827909
6.539264
8.450348
8.932051
0.964603
15.001661
3.404532
6.751437
6.908765
0.341223
4.290960
0.202038
3.046703
10.064559
7.063261
9.397827
10.443952
4.077186
0.673478
3.393780
1.263148
9.028796
5.807961
9.570636
2.486671
10.539773
6.736012
3.655919
2.322513
1.505507
4.992351
8.931648
8.065846
1.459130
15.225370
2.974277
2.144458
6.725762
8.094339
6.522819
6.977868
8.958712
5.748685
10.285407
7.470347
2.033541
4.187149
3.944732
1.477415
9.540466
6.010916
1.104643
10.136527
2.056537
1.284327
3.322229
11.545207
4.421767
5.655756
10.809505
3.551443
11.561234
8.514747
7.645448
3.547257
2.727782
4.463960
4.159789
4.793475
7.527401
0.902483
6.032863
10.991468
1.797995
4.439368
14.068444
5.145044
6.518682
6.272126
10.540893
2.655124
9.037659
0.445391
10.993636
10.664444
9.291525
11.889212
13.356041
4.391123
14.080036
1.799936
7.015564
5.345285
11.194218
5.912333
6.741006
7.238323
8.309296
4.458721
1.176922
4.073560
5.563858
5.309327
0.898521
4.301866
11.745457
6.954464
3.055415
4.897032
5.248957
11.541668
15.348254
12.637061
8.851968
10.118522
4.019305
6.897757
1.142717
6.141687
13.844287
0.986370
5.428135
8.663407
12.776512
3.271175
1.666890
1.397198
7.508717
7.375779
1.866431
5.185202
7.660131
2.886762
4.862134
7.180981
9.309143
8.119694
2.251607
3.524405
3.763401
0.881152
12.315843
4.299812
3.709385
8.691911
4.954481
4.942476
7.736202
9.401447
8.949034
11.436448
0.913003
11.618717
6.435912
8.427757
6.921754
13.183718
11.784338
7.718284
11.562743
4.116559
11.619001
16.052328
6.058653
9.993296
7.030879
7.897586
13.860569
6.284583
6.823908
16.211643
2.885927
3.349495
1.986738
2.171209
1.275430
13.532839
8.440527
0.673611
13.286021
8.379236
7.701596
6.589806
3.317937
3.450742
0.615893
0.429675
12.468327
0.269387
9.756644
3.979243
12.991663
9.062460
5.905457
3.491359
5.484594
3.519472
8.219503
5.973797
6.043807
8.659094
1.916394
5.273262
0.455437
4.760727
3.676010
3.865679
5.925093
1.385272
9.060740
9.510304
1.798021
9.380417
2.002836
1.881891
4.913432
11.160353
6.638063
3.153169
19.509773
4.042896
3.062141
3.514762
5.233967
3.434630
5.631754
13.583857
12.886999
4.739990
8.039390
7.832049
4.459085
9.141067
8.106190
7.615443
4.449874
4.576835
12.766458
1.871900
10.958339
6.596860
5.714436
7.029047
5.890813
5.384176
2.553323
2.474439
13.336103
2.842488
6.207519
13.656136
13.588080
1.171144
6.582103
4.583096
7.399361
8.647195
11.896618
4.781112
2.976992
12.298563
0.685527
13.157406
4.342571
14.170877
14.873006
15.511869
11.030260
12.886518
14.601093
4.153994
3.611066
0.712043
3.223638
5.515892
6.880273
13.238282
9.123403
5.808616
8.197631
4.337457
8.802555
7.375001
5.872071
5.839998
5.225061
4.988246
2.599244
11.506352
4.371799
6.308014
7.132238
11.298521
2.009102
4.386749
10.041046
7.809042
2.020553
10.844563
11.238563
5.982399
8.905533
2.277755
0.642490
3.095596
13.804663
7.918136
1.230946
14.858293
1.492588
4.534375
11.075027
1.018244
13.826534
12.740554
1.016526
8.931690
2.764323
10.129474
4.382933
8.470390
0.806790
6.183043
9.327939
8.606428
2.784559
5.479556
7.082239
12.012993
8.899164
5.406914
8.530331
5.944226
8.076663
10.809901
9.454677
1.787326
8.960838
12.914395
6.424055
1.744988
6.893972
1.287409
8.093852
8.290694
6.648103
9.410015
11.319901
0.860925
11.731717
5.167832
12.754518
9.900806
3.786227
9.719297
6.414532
11.222837
8.212941
1.752130
4.559568
8.568640
6.581432
5.317464
11.780573
6.094600
8.383421
9.852492
7.487608
4.012274
2.143983
5.078188
5.381897
7.896068
9.552454
10.646742
12.010191
2.841728
1.139298
14.860598
7.326706
6.184431
2.149196
9.211080
4.768014
7.499470
0.362858
10.490190
5.282614
2.957359
16.365588
10.025304
3.811988
5.402521
6.152190
3.564794
11.788650
0.313379
9.867527
11.383572
11.368829
6.385310
11.219245
2.177234
8.306263
6.635078
5.752689
3.371080
2.897055
10.857513
1.802149
5.954528
9.291876
0.049861
6.827139
2.839540
3.157827
11.006336
6.034886
13.179496
2.657935
9.888521
7.021353
9.292372
15.070935
1.401759
8.910285
17.964105
7.415566
7.733929
9.921969
7.780059
4.541734
8.145423
19.724395
10.341108
11.181037
10.951529
16.020626
4.525946
3.290436
4.959563
5.589529
8.054023
0.185719
5.415901
3.679881
4.491011
8.646723
5.133085
9.944096
11.404198
1.289438
11.676258
8.887833
2.974306
1.106830
6.609438
4.358162
1.005326
9.862250
8.926812
5.762589
4.129248
13.215422
11.001420
13.575333
11.388922
6.353147
10.604348
1.643450
8.625287
4.724554
4.886714
9.217897
7.633383
5.311419
2.858246
8.139201
5.948873
1.553375
12.916436
8.310150
5.854750
3.382633
7.638027
1.692154
1.227919
1.512732
8.062185
5.023103
4.846358
0.725922
1.246935
1.402300
4.921029
1.117279
1.664788
3.984503
6.894594
5.189570
11.106936
1.586555
2.823512
11.638846
15.471909
11.184388
9.048414
5.457497
11.268534
0.095057
12.031889
0.074044
5.671171
5.710645
5.165672
4.303685
11.544373
7.271111
14.292996
4.826487
3.424477
3.078224
7.590147
0.002764
5.931974
4.299940
2.229121
9.435166
11.445234
4.529637
12.845185
9.592460
4.455948
9.079651
17.486266
2.365713
3.916525
4.778877
13.722103
7.268140
11.973237
10.841550
9.679231
12.008751
10.601005
12.984815
6.190681
9.342682
3.241758
7.647309
4.115058
6.476186
1.262023
1.427154
7.311903
1.747311
6.898545
5.913897
1.408155
18.241265
4.948602
5.500540
1.398416
16.832075
13.784954
16.683948
14.192640
10.671475
16.045866
7.418759
10.246351
1.685182
8.061558
13.775343
1.880805
11.240965
7.947715
5.286874
6.939233
11.176945
4.152813
3.449280
5.120025
8.989706
6.435321
16.458384
3.389470
1.671916
7.011122
5.478109
9.515574
2.118100
4.699536
2.680006
10.803955
1.776116
4.295444
10.103605
7.001798
8.558317
10.130423
4.877391
5.279483
7.268882
15.136636
0.780513
10.263123
14.872904
1.344221
6.824043
5.101314
9.508805
10.764036
6.683804
2.474355
1.147386
5.811807
2.234580
4.025038
15.011143
6.778135
5.580467
7.070030
4.862957
14.160844
10.202657
1.356157
6.948423
2.213563
3.034077
3.156424
0.588116
7.444148
11.225741
10.301316
13.065766
2.142933
4.542593
9.562504
3.582104
3.197985
11.385785
1.803302
3.600246
13.306433
14.204662
2.091459
10.993655
10.496261
6.517131
11.739953
8.880922
2.379605
6.023273
8.975749
10.006788
3.711953
0.147245
8.801409
4.866478
5.167640
7.476948
13.622599
2.133427
1.494818
4.936800
2.425521
2.117509
11.377771
4.469225
9.965983
14.199274
2.167218
1.162895
1.888828
0.794750
14.924143
12.490195
6.389719
15.426117
6.949242
10.278094
3.452986
0.722638
11.017054
1.282228
8.495551
7.661945
10.576860
13.702282
7.412123
2.800067
2.917127
5.045539
5.317472
0.927962
2.401451
3.950521
2.782851
5.227357
9.364599
4.902184
3.385372
3.967221
5.557542
1.186282
2.265993
6.486132
5.625524
4.943088
9.604618
9.730435
6.747112
7.719229
8.857641
4.279353
7.387987
6.713124
8.701817
7.618922
7.730204
6.054188
8.546926
0.789477
6.208593
2.765740
3.559692
10.172074
2.571454
3.316863
7.273520
0.841914
2.184339
8.597821
3.745398
4.683978
6.924869
5.113558
3.933219
