145.894059
107.194445
150.710873
121.218825
106.142266
109.080414
138.401084
149.242086
127.923717
140.880879
157.393226
144.316826
140.475774
112.992955
152.614697
158.004032
134.471913
139.568311
117.962963
146.243024
118.606564
119.268364
127.406827
163.001134
113.661581
129.395344
119.545521
118.485824
131.378104
145.390248
153.603541
119.231973
142.333470
122.929868
131.122742
134.335012
132.056127
135.744386
116.107459
124.422780
151.848665
132.583521
145.015352
124.297702
123.855344
111.867175
132.640847
125.533057
155.184073
135.989731
142.935592
147.407440
142.376396
124.630132
115.956263
120.109902
119.307702
156.980984
123.552021
131.516452
114.845752
130.569152
169.467860
142.279232
124.477516
115.119804
156.485006
145.151123
136.936225
130.583536
135.298479
110.979866
107.878788
147.060439
142.401429
117.361760
148.817141
96.580801
136.588981
131.792528
130.451789
141.365427
129.370547
125.512609
138.164783
131.736088
132.269700
158.889185
142.368984
139.201827
133.871137
124.096068
129.376755
124.257338
132.999444
157.801095
139.015434
124.083522
133.143253
139.708048
133.844134
118.136473
138.944671
131.771230
137.181578
132.051881
131.423884
140.019763
135.327792
135.823523
156.667589
121.591226
130.152724
159.352110
134.049300
145.798093
137.619419
160.288101
133.184826
127.974187
136.422472
154.436490
130.658542
123.718133
129.448756
121.007260
127.986833
127.066679
140.206896
94.057732
130.164657
122.779399
123.576387
144.586587
142.850530
124.926651
136.243054
144.504959
118.149250
117.956381
156.510869
119.251496
130.476886
118.719477
146.354221
124.225831
156.493522
133.613553
127.378201
123.031882
108.500192
137.644310
124.860208
147.862150
126.925156
149.796088
151.918670
153.285616
122.911575
146.183597
142.131928
132.476151
129.663531
143.626680
134.555761
134.015661
134.406493
123.700368
118.573279
134.317654
124.915779
159.733560
138.623455
140.749233
125.510731
140.194003
129.350917
132.457005
131.161209
142.822252
134.361104
126.706783
153.660474
118.010162
100.425634
92.196599
147.499901
140.486378
128.488409
137.462711
124.837736
95.947757
143.562666
141.800475
142.684167
146.510755
133.132049
126.989770
156.829384
111.944939
103.502629
131.369344
151.370248
148.582206
140.218151
138.439586
123.900699
119.683277
130.853193
134.915211
141.087602
151.255755
150.351469
139.672682
163.410480
143.945487
145.717085
134.287253
145.281490
127.664470
136.258062
154.740192
134.593481
142.756143
132.385927
150.181779
132.671104
141.151045
148.111007
133.562042
110.274243
99.342901
132.527874
125.928669
135.989634
124.457221
134.362618
138.063133
154.363215
116.573932
136.103358
136.670973
106.124744
149.204154
149.791775
103.025233
114.164320
104.469890
140.918444
137.923191
160.733580
153.446515
110.630196
152.006287
136.058518
129.837444
137.533580
137.423486
112.281051
139.911853
137.756789
145.602213
105.635287
128.692078
126.358154
152.023814
130.999964
129.465800
134.797461
151.991930
136.758318
116.800608
148.755487
139.082148
154.373936
151.178794
117.554426
120.193046
122.443396
144.920412
143.421184
145.812784
128.303814
137.904164
106.981210
147.810947
150.550152
115.143144
137.882867
117.489033
135.438552
131.280425
119.373997
118.972677
154.334280
116.605960
146.960785
105.698550
147.044626
143.994677
134.452397
147.412783
134.248017
127.833964
122.705314
130.423715
145.028871
126.875977
130.924518
156.986482
152.997139
142.835251
147.614038
145.032710
130.388368
148.984535
162.758939
114.495761
138.051324
141.322022
141.982058
131.282387
124.498898
131.987128
140.052903
153.210557
153.164462
131.224247
147.946542
131.873480
179.781465
128.065975
146.828535
128.216957
144.008254
136.085560
154.746821
124.006653
135.646525
148.971179
148.165227
152.415761
115.169737
155.950259
124.396424
114.901152
128.580541
138.203944
141.233058
139.349246
143.513781
115.941835
137.510754
148.911930
125.730650
118.186902
133.405717
143.004581
120.412018
131.024493
148.802349
119.658656
136.723337
163.530928
135.464425
139.815862
135.214381
122.555782
114.609451
154.831234
163.499122
152.718469
129.729884
128.731835
143.285104
145.860803
130.880376
119.834985
145.078364
151.071918
145.621693
162.481245
136.406653
113.976086
133.000293
109.536913
129.666950
123.212537
144.158832
116.963095
133.495638
114.502640
117.857156
145.061511
144.165248
138.216768
119.329198
149.656920
143.832709
135.024451
148.768455
132.979192
119.166440
158.271699
152.585126
126.564664
133.122671
134.390112
82.885107
151.815216
140.303491
134.426206
148.301642
135.599918
147.895015
147.527306
156.746289
130.856236
121.751655
93.349354
153.509977
110.023269
156.210199
136.850131
111.253650
128.272577
155.303521
133.945954
141.023638
116.520993
143.605672
144.572061
139.831984
121.361530
98.046451
115.751171
121.444661
150.366039
119.564218
123.823322
141.491933
136.800818
129.011702
125.755579
149.433223
145.751493
117.112551
162.447251
123.266055
132.747030
121.864080
152.470300
130.233275
137.941483
126.826033
129.838839
144.189831
132.474278
108.184337
162.278373
162.933374
141.930937
143.329401
135.922166
127.667922
115.902182
140.283579
143.103622
131.015537
144.663397
139.086400
129.236426
108.681287
139.021578
136.347987
121.098843
123.011670
145.317578
108.548634
124.397443
139.086076
134.160722
127.282974
136.366630
141.597405
127.113900
131.642370
135.551039
95.578967
129.835070
129.491614
104.894722
134.846266
152.289439
147.772941
131.998242
130.443450
107.534839
154.392490
140.156542
128.978479
128.131203
126.566424
121.186912
150.512105
147.684839
114.386774
109.530811
133.774709
152.099397
102.796841
122.023071
140.410704
142.291415
131.901341
119.246880
127.764405
119.597486
145.556702
138.043155
122.482624
129.419026
128.274933
136.267389
106.775692
127.637289
145.221330
140.902929
130.024531
153.379746
130.545098
127.860504
164.741840
128.635251
173.269656
121.635289
116.614273
160.974218
125.330443
113.352677
126.979347
126.075594
144.278779
151.834965
133.852065
117.418840
145.211808
128.900731
134.197495
129.557884
138.790780
162.631694
121.505596
112.220955
125.071558
138.452995
115.740187
137.580554
141.377328
129.289046
128.771108
155.610808
133.973453
118.207594
131.209935
120.415328
112.410254
149.002730
143.775124
158.904776
109.487156
161.923306
108.919116
124.131394
114.438366
124.670269
130.728756
144.496971
136.945347
124.789684
143.293670
116.555004
123.281958
142.074808
122.953955
114.811037
143.570127
115.490148
169.106562
132.760210
137.979188
140.307462
103.739114
127.839878
139.283658
128.223190
127.421926
133.770431
131.298541
113.887478
137.874116
146.242250
119.117754
123.954023
117.274195
122.654898
150.836963
95.098710
117.353646
121.651429
143.050196
126.588910
153.916133
139.549215
127.176940
133.101241
156.462633
151.316338
119.127239
154.478861
130.765366
161.767270
142.206547
155.109547
134.663414
105.975379
140.396934
123.824572
137.648418
110.510147
128.005623
109.102837
133.744544
156.201997
127.003792
108.823163
130.024461
151.291387
149.681237
133.843257
155.133002
158.702656
156.093185
145.722195
157.689261
86.728843
142.204680
139.738268
128.904526
130.456194
143.694005
133.650526
142.193968
121.737223
142.847926
126.585317
120.680426
146.985832
124.088608
125.798722
129.854309
139.482511
109.817440
152.407496
142.583858
97.787321
120.726931
120.201749
129.138267
118.685057
129.380012
152.155302
143.499003
114.190531
141.316171
145.808525
165.509933
121.975975
127.145500
151.547634
149.115887
144.750972
122.181022
138.455088
155.570729
116.150215
129.855616
133.782527
120.567974
142.152475
139.945067
112.819408
98.376056
108.432151
164.570038
157.122258
150.495852
113.904255
142.526971
144.879698
119.414208
142.962847
141.336614
149.243156
125.484290
145.779776
131.764055
124.181651
140.769970
130.343555
110.299345
114.479001
144.638437
129.075967
138.770483
125.183186
140.581623
148.769895
134.635708
119.180097
152.478391
146.726183
118.197023
126.943325
126.534469
121.768773
130.277152
144.218205
127.470697
126.236355
139.858489
161.574219
118.410580
120.929718
165.169405
140.813709
122.121207
167.790940
120.727174
146.837263
132.864713
138.690301
110.361963
126.514226
122.132276
140.065075
136.854238
135.337107
130.399730
157.207141
110.837608
120.829149
110.342254
133.581473
130.674332
135.971652
127.838476
163.778905
145.592358
118.388750
144.639052
148.898490
114.208558
138.217476
120.829304
126.416575
169.248724
121.467366
101.696866
138.658865
141.996273
130.259327
155.817397
112.544609
120.311155
137.767206
137.286523
168.236939
95.591437
133.739869
142.101185
151.291693
136.609087
138.700777
119.743261
112.642567
136.061223
138.896947
151.715873
129.613078
131.658416
126.147186
152.899551
136.300960
113.868112
131.795126
126.520547
125.496752
147.465215
124.876044
99.673869
111.556611
139.191475
118.593117
132.243336
112.517396
134.488093
118.312283
127.111812
133.007321
154.147331
144.976582
131.639797
138.529524
138.280521
115.783943
114.778365
137.533579
143.673909
124.712801
140.617408
116.504070
119.322807
140.324040
112.826207
143.165365
122.239588
134.507193
150.298691
117.572307
143.607401
141.789987
147.473456
140.331580
116.430770
115.256215
142.400616
127.817046
154.132898
133.730376
125.296257
135.895879
135.413781
132.911912
144.113947
138.906511
147.587646
110.721848
152.134853
145.649867
130.088900
118.618346
128.561795
140.102972
146.222706
142.289143
132.588516
142.544662
123.832094
119.404932
140.153143
148.727281
150.958073
131.025026
132.541508
148.334686
126.046848
122.712293
115.148243
149.743591
132.699803
121.145260
123.352313
125.633615
124.787001
121.334496
137.968307
98.390797
128.326591
141.056777
148.791470
129.296280
149.568485
123.009013
145.875639
149.818588
151.623458
131.409731
128.519062
136.536536
151.970722
141.395226
137.837530
125.776917
96.987679
124.755828
130.676254
126.931552
130.178899
125.263117
162.709472
117.761921
164.274127
128.113155
131.481259
107.251945
147.230718
109.142303
144.477326
133.558151
126.656016
150.077324
140.536797
150.292456
130.020783
99.011953
132.054826
138.911356
145.592558
118.244951
133.002875
135.070436
147.068356
159.952829
144.934736
124.754219
114.864996
125.440930
129.483938
128.354532
152.886875
143.072264
118.367009
152.448803
122.652976
160.720277
141.674288
126.311416
133.006262
114.071746
138.390558
120.952554
124.113516
120.688849
125.129925
152.300187
142.552125
154.420247
115.405297
142.945304
133.806882
137.699521
149.772172
143.448063
99.372613
86.236002
128.393768
133.579551
143.670359
117.702979
133.550094
117.662142
148.390617
110.357419
100.976855
120.237004
134.543066
137.501371
141.056988
147.639941
125.838892
150.964319
115.143643
115.555836
114.757643
124.804510
132.923638
115.789331
147.711024
151.479744
118.284261
139.791639
127.485695
139.249426
132.986344
126.448101
123.699525
132.379191
138.967794
118.903428
149.357981
143.111619
145.873536
102.328327
139.865581
143.540528
124.593462
139.882592
133.752671
122.152076
132.305373
117.126750
151.413414
114.416117
127.126075
129.579641
143.466687
146.755052
125.992360
116.071365
123.501308
141.682689
132.929148
131.854450
109.437934
148.719538
107.572495
131.417571
122.721551
157.863581
130.568220
109.701615
122.962490
156.591874
123.663395
120.809082
129.338991
156.217278
156.430037
137.117800
136.536445
117.803653
115.010823
142.299931
121.886259
138.094717
137.525484
145.352705
125.260217
147.366378
127.798600
125.164325
127.565257
132.481542
108.978290
141.859833
157.870992
120.328150
113.497644
149.753667
128.989619
156.271048
127.055271
144.471195
147.208025
120.849833
138.696486
121.317515
107.467945
132.642089
151.658939
143.315341
135.623784
145.314194
132.317411
135.046613
126.093637
147.909715
124.370667
137.503496
109.855281
137.211946
133.727861
129.375857
122.659448
143.606425
136.143873
124.438986
136.522135
159.666776
119.546783
125.678080
135.142801
138.791966
130.672535
148.537885
134.060904
123.678196
128.613432
141.415946
154.776175
132.440879
128.638579
152.829493
119.531891
120.897911
136.737939
143.172457
160.749146
140.885064
143.132483
122.442652
128.782608
105.950571
158.370829
144.750104
138.811700
133.681867
101.537659
157.127193
139.015075
160.098791
132.798107
138.478664
136.505035
118.427876
141.884980
100.902776
137.649849
167.300089
152.823728
116.614370
135.553198
104.046997
157.529075
124.358919
144.120529
144.991143
137.295641
146.772756
132.849456
155.260416
129.410129
125.877092
123.419193
112.590599
142.934367
129.124752
137.079181
141.555607
130.644006
140.345402
156.699033
120.565136
113.176657
128.548869
124.629535
121.125811
125.564077
108.113275
145.575276
118.801856
128.943708
118.955532
132.945674
125.804554
158.887756
107.800970
102.833830
144.623839
158.353740
143.803258
137.097629
111.247602
102.548605
130.144932
134.265634
100.376680
132.579794
140.935455
154.939547
135.946201
141.674772
129.296762
121.571430
144.535522
137.332536
113.043188
110.820770
137.104525
128.549575
121.772606
118.224677
158.561958
136.169353
134.375448
143.504922
152.563547
122.969825
132.223136
152.490989
128.096672
126.022042
129.641830
138.608948
123.127789
124.215905
143.117704
146.194376
132.416941
148.069978
134.281221
119.561245
146.247282
128.966018
119.207327
138.336678
118.295732
128.969010
129.571653
120.909611
159.625144
150.251017
142.957539
121.000033
98.441886
144.678008
155.678932
142.718237
135.371042
156.954739
140.447985
135.131659
155.072007
116.155316
123.671761
146.847014
144.594762
131.742444
132.940978
126.158412
129.712246
137.605466
107.302899
148.128003
117.540320
127.621250
135.257085
136.689294
148.610443
139.531541
152.850439
122.692148
129.555510
148.341494
135.063205
149.253838
147.764608
130.217816
125.003749
148.033923
137.369719
153.402084
123.018942
137.664524
134.497474
124.134978
139.372303
123.578154
124.058154
145.770454
119.264413
156.570214
135.507413
135.025283
130.822196
115.569644
135.107402
150.034654
124.810681
112.854350
135.160494
150.438213
121.170673
152.807070
110.891171
121.408243
132.441563
113.796814
126.782767
149.591954
132.016728
144.810739
131.403549
131.225991
160.321309
137.599520
142.537238
139.176043
149.280698
147.155042
132.659271
126.347771
130.196426
126.650654
123.591874
114.139883
160.545761
157.847706
132.002377
160.787309
118.799428
119.489648
153.054028
136.912092
118.488584
126.848213
128.486679
154.656863
109.351824
162.799609
142.514627
124.996708
161.075984
128.122455
123.728966
121.629488
122.660488
141.751132
121.529559
118.748965
151.243285
122.267354
144.482268
146.314190
101.536538
142.747560
152.140428
126.078712
126.914316
123.086773
160.065804
138.415589
156.539419
139.675534
122.399194
131.395698
158.264693
129.584245
157.746259
120.485039
111.529564
124.919018
127.039557
121.684205
152.249271
127.149450
120.107470
150.501032
134.904322
138.399176
102.472862
123.033666
139.142499
133.409958
141.946631
129.292648
126.382630
123.761505
127.771877
145.330459
132.976859
136.940179
151.445135
148.908810
149.231370
120.655712
143.202517
111.606989
141.128267
141.989728
160.189880
150.241752
162.996640
145.965647
141.299419
116.560392
131.418125
133.988767
130.132799
116.282524
155.335190
118.615533
120.341518
108.853284
141.338458
100.470423
150.016995
128.907840
144.690053
107.737136
138.419455
115.902235
119.176228
158.864917
140.136071
137.354826
130.299178
156.205021
133.341292
146.843672
112.713429
139.118106
128.057772
134.280313
122.555045
169.070268
116.475997
141.897864
150.006241
122.512286
122.028628
127.504789
131.807078
124.825131
131.453329
127.541831
138.803835
152.330982
132.228862
125.049335
148.619999
136.415028
123.648723
129.700538
143.772979
119.107847
137.871156
135.577396
124.783197
139.243657
131.635267
118.809185
140.934767
147.603044
136.231875
147.686400
114.923493
136.189808
110.622576
124.183315
149.332227
120.195917
143.661089
126.143389
127.694021
124.147259
146.503061
105.982271
124.008793
128.525517
133.737845
163.248309
127.850252
125.087858
124.511600
148.116200
139.079447
128.387664
139.814389
118.255321
125.537896
136.463532
115.966862
142.427598
133.198962
119.647590
139.264812
152.462931
141.488992
111.024148
129.893399
130.275554
140.060018
121.652519
145.864526
118.641257
119.905826
147.551163
125.038098
137.289948
142.111682
118.805840
153.432677
147.302873
151.142001
117.711837
103.227915
154.653146
143.473334
114.009975
131.926609
111.314535
163.911434
116.851260
154.464576
109.257947
129.469330
141.851618
148.521361
158.424109
138.952561
131.937852
144.767824
143.352889
153.981174
139.119050
138.048052
144.323484
142.273332
104.427797
154.345213
129.130914
150.249473
155.066046
147.903956
145.610471
109.057068
127.581691
139.986168
128.971332
125.090104
158.448298
105.176725
144.513923
138.515462
115.726643
117.820245
157.329289
126.475102
134.414068
120.591272
129.710452
122.121574
116.293018
119.721164
141.119973
111.219038
130.301540
124.400435
126.224376
150.262045
136.909522
112.915862
134.178637
134.773206
123.859177
132.083013
111.720404
137.343676
131.833946
131.065341
136.481959
141.849709
129.018990
145.587031
120.967626
134.117550
115.265824
135.269560
122.482334
147.771181
151.970011
138.269839
123.211656
142.668081
88.941644
135.661085
116.924235
132.706120
142.310413
150.520147
125.065396
148.063964
144.401416
161.548949
159.924842
118.625507
148.655641
155.848908
111.743512
128.322895
140.606251
140.207132
140.055090
133.617604
128.141738
133.012986
136.852274
158.332633
