0.001355
0.000001
0.000066
0.000000
0.000431
0.000053
0.000345
0.000000
0.001156
0.000058
0.000020
0.000003
0.000023
0.001563
0.000027
0.000594
0.000360
0.000009
0.000017
0.000001
0.000723
0.000005
0.000002
0.000009
0.000001
0.000004
0.016080
0.000000
0.000211
0.000080
0.000001
0.001984
0.001093
0.011443
0.000052
0.000007
0.000101
0.000010
0.000677
0.000139
0.000110
0.000236
0.000078
0.003317
0.000064
0.000014
0.000040
0.000010
0.000001
0.000095
0.048350
0.000171
0.000415
0.000044
0.000185
0.000021
0.000019
0.007835
0.000027
0.000040
0.000013
0.000306
0.000008
0.000025
0.000152
0.000033
0.000188
0.001008
0.001612
0.000001
0.000000
0.000604
0.000000
0.000144
0.001116
0.000006
0.000082
0.000190
0.000159
0.000011
0.000050
0.000476
0.000018
0.000011
0.000008
0.000874
0.000002
0.000002
0.002302
0.000900
0.000012
0.000000
0.000007
0.000438
0.000000
0.000004
0.000138
0.000007
0.000577
0.000713
0.002811
0.000000
0.000136
0.027463
0.000002
0.000000
0.000254
0.000501
0.000008
0.000000
0.005604
0.000027
0.000003
0.000026
0.000040
0.000553
0.000039
0.000007
0.000036
0.000003
0.001732
0.000243
0.000046
0.000004
0.000000
0.000001
0.000046
0.000209
0.000003
0.000009
0.000092
0.000298
0.000013
0.000136
0.000005
0.001554
0.000137
0.000036
0.000002
0.000023
0.000001
0.000015
0.000005
0.000000
0.000592
0.001396
0.000000
0.004919
0.000109
0.000067
0.001469
0.000036
0.000086
0.000000
0.000000
0.000130
0.000079
0.000014
0.000865
0.000578
0.011394
0.000128
0.021852
0.000000
0.000005
0.016555
0.022622
0.000037
0.000188
0.000043
0.000234
0.000017
0.000002
0.000008
0.000059
0.000581
0.017048
0.000047
0.000049
0.004648
0.001626
0.000260
0.000004
0.000003
0.002820
0.000021
0.000049
0.000002
0.026528
0.002758
0.000086
0.000022
0.002723
0.000014
0.003759
0.000001
0.000006
0.000000
0.005512
0.000000
0.000073
0.001063
0.000310
0.000007
0.000001
0.000077
0.000065
0.000378
0.000002
0.001760
0.000027
0.000026
0.000418
0.000105
0.000000
0.000192
0.000001
0.000001
0.000968
0.000003
0.000004
0.000272
0.000001
0.003526
0.002773
0.002805
0.000448
0.000001
0.000248
0.000017
0.000000
0.000000
0.000010
0.000027
0.004632
0.000002
0.014069
0.000000
0.000000
0.000155
0.002764
0.000008
0.000703
0.005613
0.000457
0.000062
0.000066
0.013316
0.002818
0.000102
0.001816
0.000007
0.000000
0.000405
0.000341
0.000257
0.000012
0.000033
0.014557
0.000006
0.000004
0.000422
0.008184
0.000020
0.000073
0.000075
0.001527
0.000028
0.001212
0.000701
0.000009
0.005675
0.000012
0.000001
0.000000
0.000000
0.000610
0.000292
0.000002
0.000185
0.000129
0.000195
0.000004
0.006888
0.000100
0.000952
0.000023
0.000081
0.000827
0.000224
0.003983
0.000077
0.009619
0.001210
0.000347
0.000000
0.000978
0.000004
0.000000
0.000000
0.000014
0.001643
0.000094
0.000005
0.000011
0.000019
0.000154
0.000002
0.001374
0.008104
0.000031
0.000000
0.000014
0.000000
0.000277
0.000062
0.013029
0.003418
0.000043
0.013228
0.000028
0.000005
0.000004
0.000032
0.000001
0.000000
0.000167
0.000420
0.025676
0.000224
0.000566
0.000019
0.000001
0.000057
0.000225
0.000340
0.000114
0.000010
0.000000
0.004801
0.000000
0.000787
0.003606
0.000017
0.000979
0.000001
0.000002
0.003992
0.000024
0.000480
0.000004
0.000013
0.000003
0.000012
0.000029
0.000048
0.000125
0.000000
0.013335
0.000064
0.000001
0.000097
0.000007
0.000024
0.000003
0.002223
0.000002
0.000010
0.002584
0.000000
0.000017
0.000041
0.000395
0.000007
0.000220
0.000046
0.000010
0.004013
0.000011
0.000000
0.000046
0.000201
0.000476
0.000018
0.000000
0.000016
0.000000
0.000982
0.000016
0.000038
0.000000
0.000003
0.000049
0.000302
0.004757
0.001387
0.000250
0.000246
0.000015
0.006860
0.000176
0.000444
0.000031
0.000032
0.000167
0.000051
0.000016
0.000001
0.000057
0.000024
0.000006
0.000002
0.000000
0.001319
0.001369
0.000004
0.000861
0.000536
0.000173
0.000050
0.000004
0.000244
0.000001
0.004144
0.000523
0.000000
0.000089
0.000012
0.000318
