90.936098
66.259125
81.986326
51.654773
78.729061
93.228927
55.363041
65.811975
73.802679
59.448693
95.064383
56.714967
77.033091
93.181702
106.250239
81.946580
81.713348
62.926152
72.292955
97.576778
77.758020
57.202034
77.894222
97.951403
66.350700
85.194878
84.431756
79.672453
74.234616
99.391662
114.852105
88.391852
65.945377
84.716565
56.490031
105.340119
102.136021
78.777859
65.016607
52.017187
68.900294
78.876546
75.752827
58.981527
56.157199
105.098163
51.226669
76.240005
53.315031
77.195954
67.758921
48.759780
78.601767
76.640019
94.533934
45.187033
65.971774
89.349220
58.383756
101.657991
94.027738
75.885890
67.315915
111.343791
79.620913
75.480342
81.202996
67.185488
99.455507
59.660941
57.661001
113.773724
87.344692
99.643246
62.078051
74.762246
62.618316
67.022632
63.181914
56.999994
63.997513
57.954190
95.060014
78.615233
62.352318
62.997267
73.012694
78.601322
53.951915
48.152677
40.502399
72.760551
58.676617
117.635525
102.867229
67.655423
83.832912
97.310575
90.654929
31.932586
74.733907
63.896937
106.290777
92.536715
66.529605
86.077598
81.011913
84.211943
95.844267
66.718381
57.921639
104.842637
82.613301
40.103566
91.492254
85.682261
58.956380
40.671294
67.252952
68.350289
66.145326
53.417713
83.507971
51.569119
48.770862
58.469183
106.195252
62.877773
62.433968
87.997060
83.432198
78.163082
80.901030
93.874551
86.122248
68.821456
99.978846
51.348454
118.986940
60.471601
65.753157
73.304083
102.220945
70.762773
90.459451
62.611349
87.219988
77.105630
63.514413
77.403844
84.232827
102.692555
78.778179
68.486202
92.998494
70.357911
68.009123
50.201946
52.501616
73.811056
52.473938
63.401274
59.108152
71.748279
64.708626
120.148697
40.921365
64.908978
46.166231
71.382627
69.772920
71.924328
70.700048
61.945966
75.980211
68.345780
82.934413
69.467952
86.949539
94.788512
88.236325
53.391695
80.967121
63.278789
63.054355
63.031488
61.119571
95.003883
80.533559
92.771726
46.218193
64.972150
85.090408
84.464293
106.787563
80.862202
68.033703
75.410975
61.318198
73.288148
107.806983
58.881200
75.660472
61.059429
86.110122
64.032344
52.444775
81.533022
87.422450
97.688100
67.702182
42.350458
106.663476
67.357971
52.198748
80.688966
100.344868
36.889281
71.132088
67.040014
67.826938
69.177324
80.796526
74.917662
78.212305
77.911288
72.132413
70.121460
84.512491
68.138411
92.217870
54.616988
58.755278
62.301465
96.586785
83.707870
43.463697
57.366526
106.255431
88.370480
44.629248
82.626685
82.697381
69.700884
79.960140
66.605345
68.130727
52.116920
48.548830
60.193569
73.603635
90.022161
94.873776
42.431185
35.871726
88.181027
62.416687
68.576021
93.779058
98.421852
81.890632
60.779640
76.464221
98.197584
64.294756
59.596667
83.265685
71.181400
66.625609
44.065315
59.346072
78.700688
66.426082
70.532749
66.614294
87.065404
78.488263
62.074039
71.385786
70.496874
79.862219
93.363736
45.058791
66.841856
47.698882
55.802295
65.350451
95.252579
57.453648
81.627369
87.772884
112.254748
78.183812
96.023296
57.755139
66.881706
60.215742
89.797080
53.587519
55.195050
85.308564
73.746582
68.939289
56.596312
101.099857
71.546841
71.325110
71.095656
85.042603
40.529584
87.011808
88.374708
99.648122
42.483384
75.204364
82.598164
102.990901
109.167338
67.720058
100.626047
80.443854
79.244673
46.653489
70.170303
66.124973
70.984190
55.754756
63.180217
36.335251
55.150807
84.067031
38.512340
52.932398
68.221718
59.092671
59.681999
89.265605
60.700415
58.461987
53.191137
105.357263
49.107147
47.245231
49.396798
35.697843
58.736667
80.173146
74.262533
74.306409
35.176811
51.664894
64.789111
82.404961
61.132829
70.296260
88.414342
75.949364
73.651710
61.429392
89.005067
77.033441
80.166121
72.196045
107.865950
78.051363
65.164046
62.638417
94.235710
76.387203
73.408996
109.109624
61.640988
89.114903
52.989092
80.560118
80.792667
95.566645
80.480224
81.930494
112.485809
62.132781
73.259850
116.692022
70.368316
49.509921
38.873076
87.189112
70.309475
64.361972
82.693632
56.832860
78.735351
95.654166
76.718878
85.604456
85.058753
71.671346
41.328159
74.889121
77.314925
61.591854
76.701800
66.442630
94.222607
60.953772
67.126956
62.859441
69.414518
63.946230
83.570714
87.194091
51.542405
79.195990
86.297028
79.204989
84.404258
45.685792
101.467692
82.444458
82.146459
76.334591
84.852870
83.355221
70.114348
115.565630
79.850929
78.307919
67.222037
62.249903
63.260486
94.764578
55.017515
70.808497
37.792833
87.595789
69.003057
72.917329
81.805991
100.077540
61.410034
75.851613
63.000916
92.790905
105.045436
74.147331
105.264804
39.730054
99.707799
42.937896
82.852963
82.418641
95.316256
90.507406
105.454193
78.147485
51.437174
67.483959
85.508113
84.757388
52.195531
43.681033
79.436172
110.782995
92.561384
52.467166
83.033896
44.002604
58.472208
96.662589
85.856656
123.319294
100.810305
87.915444
83.030399
113.268155
67.502888
73.629870
87.529698
68.522866
113.072212
47.727530
43.038887
82.492276
67.655636
80.817360
59.672469
72.839868
46.178224
55.382273
61.690371
98.798713
92.171012
65.014711
61.468184
81.334476
78.764417
77.337783
73.706227
84.676223
98.956410
78.654469
91.345395
69.146457
59.846919
67.406076
53.483929
94.130212
61.601978
62.392029
85.123697
31.903125
93.115504
93.284172
95.527176
83.361472
50.489045
82.384279
95.196230
88.453451
84.373454
94.309804
96.767610
93.775910
31.573553
55.517753
75.822908
70.780568
95.180378
66.248463
28.581841
78.116835
94.162706
69.891725
91.341388
84.722086
81.579804
82.575141
69.896683
32.431988
81.651313
35.120595
84.763143
70.666910
59.265106
95.441338
58.686292
51.755805
88.730139
82.296061
76.081532
104.131702
45.679304
64.243607
85.939159
107.306965
96.639484
74.955797
82.004998
87.513291
76.439711
74.081228
76.436245
100.426410
93.551985
60.156199
42.855380
80.282519
60.607524
67.887716
99.265725
82.861815
86.150964
69.381580
85.752400
82.804209
92.001041
59.402373
85.568936
95.736071
106.614904
92.677476
82.397117
73.262560
78.948353
41.431091
57.430200
105.806533
81.529892
98.374633
86.134313
53.186692
35.866760
59.855661
78.706162
64.389210
72.876185
82.739225
86.264458
76.078241
75.010847
44.380589
92.402319
39.908443
71.722792
78.054625
64.115531
85.790000
73.088703
62.758258
69.394123
85.141518
54.091925
59.800760
49.812883
80.718804
75.238152
52.742127
53.074828
52.886934
53.312800
50.426885
90.214518
80.262046
56.378656
89.419580
88.524516
84.289292
38.955481
90.063395
86.054200
91.606139
86.724981
110.476332
56.268884
80.166228
71.254328
65.033588
80.889766
113.377892
83.032316
98.542469
88.627453
50.498616
71.579207
102.412265
73.418722
99.562255
68.839733
89.523380
93.178198
76.629185
45.965974
70.548570
94.619067
70.617736
83.812807
66.004168
75.301248
63.641056
79.361481
65.688557
122.545945
76.882227
87.001796
106.468665
66.496963
90.496320
87.919173
81.111401
70.566287
60.738029
89.550104
87.041597
79.210420
101.979184
78.972278
74.332644
74.670427
57.292232
84.241052
92.525202
44.775778
42.213553
95.122587
108.862833
69.603096
84.339811
74.356121
82.914373
44.582641
57.596058
79.253293
70.474962
52.522621
73.723305
67.392236
80.375904
99.768445
106.940874
52.154469
98.924952
94.215710
65.568946
46.007340
86.023111
46.445524
53.552454
60.113364
112.307774
69.104521
66.763758
65.225331
78.882826
102.707848
43.652286
67.188619
78.940376
55.139032
65.899626
76.799650
55.167120
60.022658
69.193986
77.492941
71.345468
50.589813
52.209914
60.523369
74.504225
83.433583
62.834067
58.129285
47.856526
64.453336
73.928681
72.159791
89.299181
82.965283
101.953821
65.148174
108.782473
39.133339
55.865261
32.885282
61.103453
57.674721
85.383613
104.447906
86.984223
80.258446
96.407527
85.363501
73.624094
36.679900
83.352934
81.707346
51.957876
79.387640
63.912534
69.128457
41.434313
49.364944
39.491389
77.172895
85.403944
79.075284
51.969674
97.120536
83.301057
60.207121
81.376482
70.650035
106.631781
60.161122
90.502222
38.807095
93.758823
71.518046
53.172061
54.485241
80.546068
53.801807
77.475765
64.504255
79.918047
59.487024
104.962933
68.347068
81.261549
50.889681
73.364136
89.750520
79.356484
78.047975
85.100274
91.041463
91.505926
29.972779
78.958252
81.484153
74.326016
70.410084
79.087044
81.373433
71.823081
89.363657
85.333922
106.399705
62.996705
59.601958
74.233477
111.440255
46.797536
55.480156
70.336710
77.998561
76.182690
71.724747
62.508408
69.194982
93.576907
105.929098
89.541319
84.569154
60.404269
76.446719
86.700618
87.367474
80.687862
71.733321
72.709328
60.548892
76.750800
61.133145
87.681752
87.757884
24.247847
53.003494
72.163078
71.583490
58.364255
65.125234
85.740237
63.718383
75.268886
72.930600
69.565342
96.294065
88.320217
54.500224
61.888447
113.169003
79.343718
78.178853
76.316800
48.131159
71.395588
42.518205
80.868741
92.431725
93.349493
75.328797
70.142171
52.930866
71.962584
73.679268
41.878758
76.242373
77.269373
68.552916
86.270537
59.221560
75.013318
72.103323
40.353356
66.665007
67.968155
64.459174
60.215904
45.445606
68.962482
56.017782
79.921138
72.506968
94.040553
48.767032
70.685443
94.542098
81.456351
81.228915
82.334635
93.747489
80.609909
91.711437
95.558580
64.519455
83.829587
76.140923
58.911127
102.283644
45.388299
61.249868
106.402694
58.863463
70.347512
74.818898
80.001736
92.860288
67.334171
44.692008
80.117850
109.661162
72.400977
68.038104
57.527926
84.594220
62.994953
84.236287
56.520009
56.836529
57.617009
97.146665
99.628967
69.465658
77.586625
72.278881
75.949453
39.787446
95.326640
44.514377
54.584197
77.652044
53.234532
108.334807
92.657396
70.793853
66.717433
72.323732
73.152691
69.034356
63.318104
94.719807
89.896817
51.205976
70.215761
75.766739
58.211657
76.728364
57.898165
56.422624
75.705367
87.221579
87.947920
71.348293
100.299391
52.340861
49.057980
78.566682
106.685088
82.135414
95.471327
85.211059
117.486889
80.770057
74.803808
72.758909
90.718951
52.676755
96.433012
71.884101
68.013195
68.967235
94.761658
38.620938
71.279313
101.121583
67.745402
84.362865
92.759625
45.413230
91.467415
81.893829
46.178323
75.023771
91.354457
63.328072
75.416793
62.654120
47.446549
62.759952
67.561284
33.783552
73.344903
106.343694
54.624626
89.940210
71.865829
70.010507
101.543070
73.613998
70.792505
74.040137
84.375427
89.782015
80.627619
47.029881
50.094333
94.071830
54.030900
98.046532
90.593223
100.859714
80.087355
104.363054
54.959492
108.844063
70.979586
83.622307
71.438949
66.174468
43.829150
71.048076
71.721472
103.357459
108.045607
72.986865
65.455737
95.067056
74.276230
32.848988
58.864586
65.410694
82.773208
62.609587
81.583237
71.938305
91.536633
84.258691
94.598533
72.146367
65.394652
93.635839
65.934979
74.612692
101.019588
65.454672
64.401074
42.939214
60.668262
58.342553
62.691300
43.913773
97.201897
66.795523
79.498844
99.588027
52.105804
63.729396
91.811038
57.807625
91.604632
53.261946
82.483909
65.820336
93.468326
51.392832
25.917377
68.088991
86.093549
92.802931
80.767901
97.755087
28.975496
78.306218
97.655651
78.292950
85.339798
76.496857
87.416056
97.054319
66.286631
100.877023
109.076073
84.601960
53.047136
63.471870
96.923974
79.606298
87.836906
88.768981
80.478527
102.918591
91.025412
87.692482
81.903830
48.955874
66.339812
79.719344
92.156914
95.843762
85.873971
58.312369
75.879946
90.137749
52.466174
90.160570
85.245053
58.025158
74.165279
71.429949
79.364671
87.800197
35.518533
72.090981
105.566787
80.444674
91.679636
69.281721
77.052106
42.100016
99.127234
80.176170
67.978873
52.302392
58.257232
99.389975
63.401783
87.113180
48.889450
40.062518
55.641488
63.767550
111.882480
95.226608
74.832072
73.819631
69.494770
108.525398
55.215119
92.174959
58.430159
75.484820
89.245524
86.621355
76.967274
83.409068
34.866021
78.254061
71.630431
77.708551
78.100319
49.283414
88.337210
55.314839
79.030241
87.357601
95.896523
68.861126
100.968869
57.943447
53.599445
83.526351
92.555386
86.753682
54.519047
87.636315
100.048684
54.600440
79.998203
100.928122
89.252534
49.563064
83.004866
96.135490
68.909744
66.207864
82.648588
106.338483
105.342308
47.422901
55.520789
99.010753
34.006350
79.791967
87.230363
64.147528
103.544615
86.162492
65.562244
54.180784
84.954576
49.148298
46.287628
72.347088
73.121830
93.910622
77.178186
53.184118
64.350769
79.543662
74.818240
41.593595
65.269280
95.248551
83.820458
77.895953
85.229359
76.900144
61.966641
75.901110
96.241688
61.328033
80.942684
91.975881
98.946240
90.564334
64.148884
109.993314
107.903264
102.951680
57.869960
74.808272
68.702764
37.714574
64.261240
34.691223
78.513470
84.773702
60.378195
50.443413
68.701832
59.666906
58.855314
85.574532
42.690890
70.830489
67.277343
66.649854
79.448638
44.750725
93.666103
64.695478
70.811265
50.240963
44.912211
42.136891
66.778438
37.443101
74.364307
59.263267
64.684291
90.513832
59.898392
85.754448
71.214261
58.572508
96.496683
97.782173
89.201922
46.110435
39.601730
69.187679
89.855153
87.474501
36.678471
50.063419
74.706525
82.855932
78.284725
47.575459
58.403660
77.405358
95.076818
74.880894
59.215827
73.972719
80.876372
101.826292
63.141301
64.658303
106.653541
55.336354
62.671594
64.542425
62.286547
101.405841
41.628469
90.677083
109.369048
57.343596
68.017127
100.113254
52.470473
93.488884
100.659101
104.860493
101.970880
86.595253
111.800543
79.455090
88.860603
75.357720
64.398392
63.514006
51.455444
68.280543
73.770714
61.284874
52.872953
51.390601
48.614771
85.797441
52.571903
94.847360
41.438692
108.549898
68.067683
69.459877
68.386682
69.484356
102.448078
101.774480
125.719617
110.496265
100.294649
63.029974
65.665398
45.564058
37.530612
74.717930
69.337841
57.567353
101.922741
57.663436
79.721461
93.995683
49.299188
79.213513
77.593852
52.208562
87.615466
39.936804
55.165099
76.913153
115.985551
61.946448
59.294734
56.996935
47.029996
97.893649
97.817567
53.078668
84.413594
86.137270
58.104401
87.352382
71.418378
78.482298
92.086636
73.059750
91.035743
71.095811
58.238031
92.116430
106.787125
54.925865
62.658542
91.677191
67.399321
95.471986
77.672354
97.032996
79.333275
78.435807
49.272410
46.232563
96.507565
81.505757
94.558213
70.154753
68.815319
111.099377
87.276301
64.132950
76.954733
54.189710
38.873512
63.312800
54.266957
50.792144
78.424780
30.465794
84.746708
88.840273
104.997174
46.289084
65.419849
60.136155
81.002420
69.167064
94.578777
53.420112
47.766431
103.091592
96.498625
55.440032
97.573128
50.172130
92.953305
85.365057
69.266866
49.685658
55.333127
48.935962
41.100475
88.735633
86.173598
74.381884
42.337550
88.815739
53.403531
86.032390
85.711955
59.562302
64.451312
43.581182
53.926535
87.300327
51.858963
68.614418
79.346585
90.297519
79.433346
90.551027
103.004751
43.139697
66.160134
56.759022
67.440599
94.293095
95.692799
77.543784
98.094254
46.509533
46.048334
98.141719
101.757743
73.960385
59.644699
92.259270
54.689437
78.098984
74.616704
83.351933
90.221189
91.983289
57.249756
81.637701
74.514932
72.415787
52.291765
47.704267
62.088926
83.599724
66.101336
73.857759
68.321657
67.143042
110.043158
77.368429
50.822060
62.818064
73.919121
83.288414
52.313246
64.471062
84.246390
69.295943
81.851920
89.647218
76.143629
86.311993
78.517056
50.131119
70.344055
41.681033
72.540915
93.212806
72.469340
80.819736
71.487338
91.131486
47.003180
73.238639
72.225201
62.051530
61.342316
81.166258
70.170346
62.558222
73.629613
50.321544
79.357305
