17.435984
31.292103
18.856999
24.413153
17.163180
26.325891
25.217525
18.887508
26.527667
11.454219
17.482124
23.050059
17.852796
6.432779
23.262776
30.634079
30.165242
32.861198
32.366581
16.401338
33.061563
19.672182
25.887463
26.879244
25.760478
34.761035
12.364655
19.347715
10.252333
19.268273
28.657333
17.722162
27.444212
17.657510
10.513194
12.626790
23.631091
26.985754
10.314962
21.975435
11.745972
20.408045
11.994639
2.141526
30.855319
12.573378
27.436209
19.793226
15.658610
10.224138
13.153931
28.912228
16.662844
23.556893
29.885829
9.814973
23.660169
5.722152
18.204231
4.689720
26.476495
2.282856
19.344296
10.080673
29.991547
11.891274
24.601918
22.687483
22.080910
9.194297
15.095772
21.501010
25.496964
26.753390
20.391360
13.904477
20.615724
18.418785
16.348086
15.587553
16.969529
9.891967
10.353024
27.843289
30.624881
28.392525
18.819944
38.356963
19.160588
26.717164
12.979991
14.510397
10.371771
15.502905
2.169127
33.472847
23.010415
22.101513
23.402828
26.555989
21.027986
15.447220
1.082590
22.868113
0.936653
19.868523
15.584365
26.095874
15.173415
17.944538
4.214025
10.463801
15.183598
5.792416
14.421197
22.922179
9.897663
12.803216
15.065600
14.684871
25.314713
21.875379
16.861522
35.169729
17.491286
16.392505
24.182760
9.632029
18.401113
16.418999
19.534789
29.417712
29.142281
18.543276
21.315126
32.681501
8.406511
18.107937
20.421800
4.888197
27.774722
18.754338
24.585431
28.531029
1.260949
10.264660
27.111097
7.850657
34.330878
5.833811
27.135024
30.830512
20.868255
26.359957
19.075581
16.541996
2.254395
13.427397
23.233421
28.759472
32.740247
16.788911
9.604285
10.521939
29.922331
2.129694
14.150181
14.982771
3.577771
17.060101
13.539945
32.857077
20.354448
16.864112
15.884130
25.663357
15.696808
20.979480
4.164139
23.302721
19.377718
24.470148
21.090166
22.410179
2.342237
17.115811
26.215392
23.282922
26.898062
17.732552
25.289455
19.646616
22.156629
21.058785
33.985040
4.669172
11.251090
17.270282
22.114379
25.870316
8.153190
2.078200
13.076700
12.646611
11.737999
19.646608
17.020571
28.067159
31.284504
16.047987
9.693901
10.918571
14.628954
18.424458
3.092542
10.128653
9.172696
17.619538
19.576757
7.748605
4.073020
10.725467
21.857229
25.682768
24.107422
6.337774
26.036693
20.515912
3.898253
17.705601
15.506059
12.675816
18.254536
24.758789
11.130951
12.914178
5.748134
13.003359
18.173841
13.754577
18.348267
24.488849
20.396243
16.528149
10.611420
5.790352
2.068375
17.987334
22.293659
20.321268
25.841743
23.699247
22.893469
23.428186
9.183549
27.805150
15.916074
27.046510
13.415205
35.915158
10.423364
19.202675
24.820390
22.122374
17.934715
18.271470
11.037066
25.495538
5.119339
10.553733
28.408843
21.401027
21.743438
12.546334
4.226938
20.767613
30.639558
16.462571
17.594156
10.288172
22.640819
22.230429
25.804417
35.186873
20.782413
25.557828
3.624556
3.232710
28.398935
34.126562
9.296319
4.345786
16.383318
29.606399
24.279130
13.957587
13.435720
15.060059
10.562003
18.075926
17.416538
19.627734
26.067725
4.324111
24.886868
13.583184
34.608853
12.479343
26.960745
10.831420
22.041580
25.214146
24.417112
7.415917
15.463598
14.386460
16.865479
29.217869
15.828889
12.617808
30.184156
20.227370
4.343692
17.092684
2.098465
15.150028
16.836833
14.590938
8.834969
33.198451
21.390568
20.951749
16.757326
16.037348
23.330739
19.758956
30.203037
28.115149
19.650096
30.344614
31.428375
6.198039
27.249162
12.381330
20.421175
0.599161
27.010148
23.933495
13.468900
24.101673
24.492151
9.803905
26.404219
17.603039
15.595380
19.003953
26.629795
15.978055
21.774734
15.436427
19.949200
32.217685
27.389879
31.666345
18.909145
11.371421
23.357470
10.345565
29.001199
16.965231
25.908056
22.514235
33.200270
23.088128
29.475407
17.417380
29.255364
12.039150
13.140863
32.238569
15.839516
29.357615
4.086114
19.593783
20.581944
16.484592
37.479504
24.788829
13.505106
18.123624
12.698775
23.556881
9.712490
17.884607
21.018268
29.352897
14.344580
24.666149
16.704952
15.284026
29.708289
35.505971
18.447194
27.972569
7.765654
22.834544
17.543252
28.412198
0.341522
25.329180
24.074036
23.077550
35.396683
33.511162
19.749579
3.867408
18.360710
19.542484
25.692437
9.173329
27.595926
7.331442
4.158930
4.426562
20.894549
25.517449
25.998248
20.195708
28.839018
4.400947
24.936827
18.195967
21.422329
17.981560
25.296863
8.486812
19.196305
20.633381
24.107856
21.210449
18.755625
13.365423
13.952506
30.241875
18.490877
8.113188
6.257348
11.217060
27.202681
17.888117
26.230260
21.703947
29.407257
23.002197
8.485466
19.530612
11.851674
12.203945
12.368920
17.377544
27.776719
20.189697
21.274462
22.718936
34.887423
0.779450
24.128918
19.697355
22.368675
12.529786
21.159132
19.999279
35.555972
13.165818
18.913045
14.631917
32.669679
19.067695
30.957142
14.647352
11.714134
36.019866
27.309386
16.285248
23.461026
26.869419
20.978100
5.699507
16.457149
20.031182
19.592909
21.838923
8.057174
20.682446
24.490197
17.716091
27.071594
22.008398
24.562987
10.028528
5.878774
12.931073
34.359196
27.753490
19.806706
18.458868
27.535388
23.020765
20.684699
26.926618
8.747565
12.558872
19.973765
14.224735
35.380547
26.866178
7.404338
11.668633
19.849032
6.930133
19.222980
7.499446
21.165004
19.270927
23.218925
21.799227
11.770874
24.672867
3.752639
27.415902
21.066142
25.629931
26.292536
1.433060
31.933013
23.525638
28.594027
21.479713
21.664623
8.105659
7.720883
18.205812
18.151907
12.141286
31.228722
9.949297
24.216835
14.771334
13.513030
13.033159
19.566626
5.029341
1.931789
31.274985
17.052043
9.275815
18.572825
12.266035
27.239972
8.264789
21.781721
5.506754
27.887448
27.563432
18.052040
16.661466
25.645295
17.434764
15.640556
16.518710
27.406763
15.301160
14.843442
28.891245
12.341060
4.718046
24.962515
19.065162
3.866967
25.955983
35.639841
27.589521
16.759749
8.345403
26.523522
23.788322
7.194170
27.373619
10.461569
28.202013
37.214266
19.269397
24.802797
14.752831
19.010147
9.575810
25.853875
34.625745
20.572552
6.275193
25.863828
9.006651
20.996686
15.935260
13.460358
9.660512
19.364420
13.383265
20.391295
21.430860
24.574198
10.834739
20.968753
36.182188
14.257029
23.652071
29.756773
35.719648
27.654441
18.830452
10.969141
20.973144
28.080844
17.515521
1.027998
27.892827
25.934297
13.602935
22.647645
25.031534
7.022109
15.766197
6.189444
13.625486
9.131265
14.797333
16.012626
17.899564
19.066150
22.632355
18.210526
27.815496
11.408954
18.199224
25.586591
22.434931
5.699387
10.164263
8.199319
21.457832
22.814048
31.992873
20.842899
21.045244
24.133763
1.150656
26.908231
16.077051
34.294655
23.658753
28.263868
12.387836
0.754534
17.662382
26.640338
16.615434
7.072869
3.528449
19.811025
11.542216
1.012014
1.425556
20.956291
22.944760
18.491493
33.000540
35.569215
22.703932
28.142376
0.395346
20.698646
25.705098
30.401353
25.114185
26.967231
19.762173
18.512176
25.673411
20.132910
21.256430
2.581196
9.890516
22.184316
16.971983
19.581954
18.270136
17.212097
29.590613
20.011157
22.952784
19.431533
18.329136
20.779921
25.054898
8.598754
10.591107
20.990751
34.226438
12.861484
14.638852
26.834367
22.374890
24.466357
2.147716
27.371220
0.420709
28.756750
13.382384
28.992650
2.735070
21.933201
4.993232
8.283710
12.708015
20.815143
13.816241
20.753844
30.224898
17.572119
26.839055
14.996880
30.990137
26.956866
27.857957
27.151425
30.634873
19.989306
21.332291
2.782032
26.117723
25.592403
15.896480
7.739157
13.694796
9.049309
5.558613
28.800134
13.277999
24.614377
12.781318
12.078873
32.283275
30.107435
7.394915
31.341550
5.421076
12.290825
26.645471
30.303102
31.939659
23.049077
20.758134
22.239145
16.957172
26.872439
4.402165
16.587875
19.919156
18.203127
25.164910
25.003999
7.381440
10.854543
11.071012
20.301128
0.999558
28.076199
13.275779
15.252143
0.893175
19.815485
13.010551
21.560932
14.010481
12.806307
17.163094
22.400179
5.758300
23.571255
7.737179
32.486151
3.893529
4.582423
5.702762
19.146251
12.336326
7.726944
20.434568
19.125164
10.984935
14.859480
21.165827
14.222312
10.128884
21.885875
23.414826
10.470318
21.745319
25.834000
26.133873
27.061120
21.359926
8.150580
25.188160
7.742975
15.673643
8.891351
27.277932
14.658257
14.181277
21.313864
19.198854
19.245162
23.066941
4.843988
16.198947
13.543441
7.720552
26.728486
29.027980
15.586779
26.455388
14.006325
15.878249
30.549820
14.618217
14.893977
14.602062
18.116977
15.531490
29.970327
17.341644
17.968228
23.867912
27.421967
7.215252
5.363513
22.255624
19.857893
23.253236
32.445143
14.038393
27.253441
0.125709
20.869652
27.433203
28.006034
29.914524
33.169377
15.829676
18.579587
24.874884
27.382777
36.193201
9.093099
13.371782
4.494034
16.204202
14.506377
21.001827
13.393978
9.915446
30.944220
35.376649
10.759431
20.387535
23.792036
21.967861
27.608189
13.690322
21.068778
14.181199
15.516771
21.536696
0.560578
16.766185
19.990059
12.477935
15.813261
14.186449
27.365493
17.204453
19.377715
14.276877
27.485494
2.815058
34.054320
23.460990
32.135493
19.618166
5.922163
18.315393
26.260419
8.878438
27.217698
29.243882
25.673083
30.190309
17.107530
33.335203
21.400605
24.992189
10.463273
4.674672
31.256861
15.886887
19.281582
10.198473
9.265275
27.738040
12.777747
19.810203
9.183829
15.235200
30.425994
26.304796
33.338338
23.857302
34.215320
20.482219
22.438270
27.221523
23.847913
33.926637
28.012241
14.487826
29.867608
20.400724
25.411635
14.501881
23.670609
21.444046
14.080124
17.987040
14.695991
15.883888
5.911328
17.929608
14.744396
40.073396
16.225169
28.799649
27.987289
11.901369
27.191345
17.571378
34.229012
7.065674
30.375074
25.996223
32.932137
18.702480
17.307131
29.027373
16.679955
22.159926
34.967725
0.110335
29.103768
28.450400
14.004381
25.098391
33.602878
21.627751
21.075521
24.588844
19.809790
23.984447
14.071660
26.037490
26.743887
32.145666
31.770086
24.949131
27.041623
20.266328
16.175791
18.091220
28.978490
29.942272
7.150293
30.308528
26.858257
26.963028
12.033303
30.489711
16.276833
18.343158
19.943364
20.607271
26.756190
15.457791
23.592148
31.043790
32.663505
6.633672
17.820598
24.493945
25.308575
15.866666
6.209900
16.497966
10.839347
13.655937
25.333833
26.217543
21.929764
19.280076
30.580026
13.399854
16.422287
4.815711
21.725990
28.245985
19.008750
27.675311
21.154292
14.464958
26.410115
23.370154
29.733598
12.145889
19.418766
25.458100
25.438060
13.059103
19.359033
10.995316
30.000539
27.366539
25.212304
15.410020
15.516968
11.301927
25.378090
20.043088
0.109607
33.339696
28.583932
0.038598
32.038629
8.795435
26.804223
28.168185
16.978163
12.946910
14.914129
8.900790
3.451373
18.761557
21.786347
16.977614
14.764251
12.355663
22.238038
18.834421
18.205388
2.059086
17.540956
17.795746
31.920821
17.286366
34.137878
25.026836
15.697621
18.714944
24.303498
22.430667
30.324875
24.472632
20.711591
27.342795
18.047577
12.787065
34.960548
22.071167
19.962511
24.986534
18.207939
16.511374
21.881921
8.312447
1.578980
10.707464
15.229219
18.968380
17.090203
16.223553
6.771257
16.545195
18.041347
6.181238
2.479789
8.322473
26.678567
22.653793
23.386575
24.094672
30.910028
24.696967
12.685030
19.270992
24.861664
15.611221
20.084773
11.681497
6.291409
22.382142
7.340238
8.030155
2.882673
15.854898
15.413953
18.352838
9.449557
12.453843
16.471417
20.442806
22.701106
21.973604
27.644508
24.020231
16.695623
36.051468
29.622859
17.135171
6.683667
19.448728
15.454970
3.668476
18.826639
10.893415
22.563714
20.381106
23.026586
20.298620
26.167984
25.165446
29.729941
32.867884
24.177380
5.507208
13.041702
35.670132
31.058822
33.176760
15.457583
17.366254
8.698753
21.016491
13.347709
5.673895
26.579643
12.148408
13.184062
7.959543
30.012515
2.926652
17.652199
30.642189
36.713244
35.166064
20.420243
29.646738
20.784511
14.802530
24.963292
0.257577
20.676424
31.824488
20.860266
21.717621
30.014753
16.180036
28.273580
3.546367
11.002582
8.082250
18.722330
17.244995
16.245826
24.555054
26.613701
4.913782
34.127457
10.039702
13.839031
14.966008
22.095671
6.666155
21.049533
26.243819
20.889512
8.233567
10.181488
24.546011
29.933695
20.147027
26.979073
10.741956
20.637272
15.145845
19.495561
13.646051
32.036460
27.151558
8.446950
30.985987
25.693228
12.799122
33.436457
18.944343
24.948333
26.648858
7.358251
18.957407
17.794704
16.297164
19.340653
15.494105
15.751764
10.387678
19.756331
8.056092
18.780573
21.921042
8.896143
20.147377
4.818714
10.620187
17.911423
6.779478
18.053230
23.281235
12.736233
12.186451
19.974114
28.203224
33.272464
10.137759
19.346021
16.381777
16.096755
0.941498
34.229759
24.662770
24.088151
14.397022
4.054155
20.893115
18.461195
23.536042
9.136164
11.005701
25.701555
30.790164
13.861459
17.861182
28.006297
5.557709
12.974424
11.511297
25.429807
26.664041
19.777350
30.688509
30.237478
21.136412
9.335235
15.821170
30.233859
23.545875
28.824856
31.637978
29.694795
30.206864
12.615833
27.766216
21.659780
7.658948
1.114044
20.697086
23.889793
22.134610
10.739122
24.454464
14.122074
20.787752
15.932740
24.562729
30.139581
18.453482
19.684790
12.005124
18.448220
31.528358
2.258427
23.685205
16.009877
6.509568
20.629456
8.099418
19.684276
16.627266
23.158277
36.617582
3.203486
27.907146
10.707627
10.260136
8.757435
14.049742
12.529211
18.961862
19.855962
30.481691
13.936518
18.633150
31.721033
19.753835
33.558758
14.229612
18.409396
6.674257
26.186655
14.983237
