1.631549
3.114625
2.777847
1.158428
0.477076
2.755924
6.371976
2.319489
0.835322
3.659476
5.034296
6.053999
0.371004
0.854337
0.215070
0.841058
0.317731
1.993556
2.175154
0.255611
5.058074
0.701844
4.416599
0.530780
4.529470
6.308631
0.000936
2.262807
0.599874
0.340941
2.069382
1.037650
0.348385
0.612621
3.842484
0.190919
5.885598
2.247163
4.139001
3.024476
0.888228
1.452275
3.347612
5.580140
4.593668
4.559415
1.610674
0.014198
9.871341
2.163717
0.374495
0.055546
4.355722
3.176034
0.432857
5.259352
2.977355
1.621474
0.110414
0.938651
2.777258
3.118116
3.800986
0.569764
0.493934
1.538511
1.705515
0.611849
1.747805
2.631260
1.523929
0.251255
5.093577
6.964925
2.425566
3.766545
0.964471
0.078347
0.346346
4.232956
0.084248
0.863809
3.722709
4.421202
1.442254
1.090969
4.348418
1.652747
0.605141
1.494168
1.106972
2.929333
1.778925
4.229451
0.825134
5.065078
0.504712
0.831489
4.748657
8.367018
0.265686
0.123045
7.280772
1.750538
6.295033
2.997109
3.220240
2.875822
5.279111
3.203748
2.218083
1.866648
1.904413
1.496962
3.279230
2.201747
0.596223
0.348153
0.456992
0.916585
1.047884
0.508902
4.703730
3.667917
1.032514
4.631104
0.735551
3.247943
0.059181
2.418162
1.816340
0.833969
5.554561
2.460915
0.698655
1.884871
0.822921
0.188381
1.525321
1.223250
2.092982
7.885185
1.148271
3.045872
4.290210
0.060004
0.147830
1.418369
3.505052
5.263772
0.193205
0.068376
0.393664
0.989962
0.018678
0.642369
2.327542
2.160225
1.030728
1.085028
0.456242
1.818564
0.872816
0.623411
2.631059
3.086624
2.103920
0.740106
0.903815
3.508356
0.689555
5.572761
5.221385
3.205388
4.514206
2.138478
0.280821
1.751635
1.067454
0.496314
0.337756
1.394934
3.675421
0.279660
8.076042
0.418866
1.513054
5.712760
0.052479
0.170799
0.100935
0.549661
2.060586
0.229752
0.859217
0.674078
1.521987
4.918389
2.061867
1.613727
2.156281
0.956305
2.290641
1.667162
0.088006
3.378467
0.311092
0.120263
4.875228
1.082553
1.423497
5.012409
3.875104
1.510484
0.484501
0.518970
4.004048
4.889509
0.439164
3.103558
0.827828
5.109572
0.033642
2.516151
0.643492
0.608813
4.145540
2.511739
1.198564
0.959426
1.352405
1.027815
2.106566
4.014256
0.196883
1.436182
2.845539
3.895024
0.110599
1.056906
5.525644
3.106391
0.333753
2.449250
5.227192
5.963739
0.640503
3.988977
0.224538
1.694509
4.160298
1.263903
0.751700
1.790791
0.152906
1.846826
0.301824
0.032898
6.001149
1.790867
1.988173
0.123677
2.586392
2.517454
0.475926
5.085857
1.165420
2.302005
4.717091
2.032209
1.518561
1.142655
2.369659
0.470494
0.456896
2.988316
5.986112
2.991440
2.635022
3.650579
0.723998
3.506304
0.054474
1.942999
5.945780
2.927477
5.080512
1.065426
2.691882
2.104124
0.547487
0.051795
1.722008
2.769983
3.205295
1.495897
1.220339
0.510242
1.259397
0.486867
0.975243
0.943667
4.110282
4.854427
1.263886
0.047369
2.523415
1.406992
3.512364
0.879962
0.060152
1.253291
5.251591
0.463227
5.884601
1.450083
6.317333
0.255763
3.859033
5.935837
2.674786
8.096505
4.481370
3.452849
2.612068
0.950685
5.009654
0.730727
2.270360
2.030848
2.837869
3.075966
0.299398
7.027548
1.760750
0.844114
0.997297
5.324048
7.517338
0.424818
0.468207
2.690256
4.226034
1.446556
0.883483
1.111479
0.168492
0.041134
0.443492
1.197695
0.081338
2.777504
4.535232
0.248615
0.288474
4.141174
4.436344
1.391136
2.622174
5.188010
2.040898
1.532585
2.970194
1.707290
1.283102
4.047243
3.411552
0.203790
1.043368
3.962096
0.174037
0.122262
0.088524
0.526253
0.043000
0.409504
4.109023
1.793477
2.760450
0.512764
4.420132
1.276674
0.209761
1.509555
1.423829
1.310582
0.139318
5.421523
3.514129
5.881310
2.751238
1.368503
2.917023
1.790991
3.924322
0.348075
0.847340
3.532175
3.950252
1.647380
2.060400
5.207432
3.477736
0.195628
6.723892
4.476215
1.815838
1.584839
1.128649
1.333645
3.372315
3.029106
3.797568
4.908010
1.489051
0.938554
1.111706
4.082129
0.118516
0.356472
2.509100
1.676183
5.669827
1.674781
1.700990
0.075895
5.011103
1.319709
3.466163
2.626646
0.473847
0.118903
1.587580
0.834911
2.070409
0.163152
1.860280
1.627140
0.130197
2.930293
1.951357
2.166266
1.501115
1.119419
1.585591
0.269804
0.038503
0.463087
4.893611
1.756154
0.702615
1.331143
1.300259
1.602700
0.383204
1.455242
3.934246
0.235429
2.208294
0.427002
1.488942
3.123333
0.634391
0.588227
1.065817
2.496230
3.152201
3.863034
2.089081
3.989089
1.396463
0.153728
0.846744
0.127477
4.323404
0.389863
0.221528
0.505161
0.221018
2.192947
3.642893
1.114775
2.712320
1.080775
2.802769
0.245144
3.261712
3.534102
1.373442
0.419794
3.200259
0.539965
3.406696
0.650593
1.212391
0.170276
5.974503
3.962920
0.357388
3.990098
4.592135
0.461283
0.103764
7.003875
1.184845
2.313171
1.066663
2.209356
1.981904
3.595530
1.643648
2.387687
13.051141
0.863753
7.148990
0.526481
7.403221
0.334338
5.172946
6.120691
3.537692
1.099868
1.011143
7.354256
0.790183
1.628011
0.108505
4.070658
6.988518
5.048826
1.738950
1.693290
0.128533
3.161614
0.681062
0.271425
1.013032
1.074044
5.046151
1.468349
1.927552
0.021489
2.483238
1.832684
0.193069
1.293405
0.150659
5.919841
1.132972
2.147957
1.602577
0.016446
0.326272
3.021657
5.094231
2.475456
0.004986
0.070462
2.901804
3.427105
0.035319
2.625325
6.358892
3.418004
1.228849
2.706306
2.798265
0.263983
0.041360
0.296272
4.521668
0.737855
2.206576
1.657958
3.650239
0.050960
2.329862
0.315545
3.834052
4.579651
0.457220
1.806833
2.073249
2.335067
1.008245
1.031281
3.210618
5.373186
0.481977
1.095885
6.906000
0.143448
3.532690
1.403070
1.433925
1.449016
0.337281
0.432824
0.422058
6.894081
0.019163
7.732811
0.468960
2.870409
3.506011
0.226099
1.595419
1.199258
4.482221
1.523129
5.003091
0.960945
5.555116
0.069288
0.614982
3.481911
2.147336
0.819743
1.678585
2.283407
1.989227
3.364027
3.784704
1.267810
4.328075
1.163973
3.141632
5.009673
0.347724
6.512402
3.168372
0.998177
10.043992
1.173988
0.630067
0.078059
4.335698
3.409295
0.007646
1.053115
5.279614
6.652490
2.088457
1.787378
1.706888
3.143130
7.170393
1.655837
1.038757
0.145492
2.688798
2.785966
4.465077
2.910061
4.431176
0.400011
1.174364
0.853794
2.248799
4.316859
0.382110
2.690138
1.412847
1.060058
3.313395
1.071389
0.059871
3.357268
6.985826
2.549077
0.122497
0.257657
0.108803
1.537410
1.532270
0.151715
5.379489
0.331035
0.171735
0.734491
3.134725
0.196464
0.329807
2.678330
0.450585
1.961709
3.874037
0.568158
0.006396
5.429562
1.036544
3.367036
1.048725
0.633131
0.005551
4.109569
0.850593
3.414966
4.024300
3.411287
3.186480
0.859198
0.672846
0.896202
1.166930
7.878109
3.317021
0.644235
2.179087
1.769640
3.321232
3.704873
0.855477
2.388281
0.924502
6.108558
3.155402
0.890164
0.935469
3.213328
0.307127
0.080499
1.380879
1.670211
2.198857
0.027384
0.429591
0.036641
0.566909
0.099940
1.865714
0.313984
0.493830
1.278744
1.096418
1.895595
3.355987
1.351765
1.704043
6.583388
2.826934
4.809540
0.693755
1.363197
3.339972
6.319899
0.427619
0.100054
2.800580
3.032980
0.116785
4.468143
2.350746
1.946784
2.575581
1.162972
3.312382
0.525389
0.514864
0.574703
2.948454
4.530912
1.726101
0.115372
0.438970
2.200754
1.911910
4.402738
3.095966
3.816596
0.614662
0.113980
2.866261
0.086602
3.289068
5.134383
0.534741
0.677452
4.561813
3.612631
2.668553
7.403035
0.371739
2.678487
0.160516
3.231682
0.298417
4.322764
5.267846
0.088908
3.683614
3.939007
2.783411
1.068194
1.602680
1.640326
2.625025
0.509885
1.194083
2.816039
6.382851
1.230560
2.334481
1.712410
0.167169
4.625516
1.401644
2.020962
0.891937
3.053103
7.057300
0.152748
6.679534
4.283802
1.936728
0.004576
3.788482
2.909115
0.655691
1.644679
1.085616
1.689738
4.455368
0.161702
3.670559
0.849515
1.283225
3.533867
2.983866
2.863875
0.674700
1.754169
0.528163
2.303084
4.719359
0.690794
5.263051
1.723393
0.150397
6.782827
1.227058
4.406696
1.620456
4.944942
0.693269
0.008598
3.318125
3.627879
1.667403
0.919415
1.462582
0.464838
3.933670
1.319924
0.538672
0.739555
1.085625
2.238231
0.048007
10.331071
0.589461
4.257778
2.613149
1.067408
1.239039
3.740853
0.897572
0.896410
0.453592
0.001914
0.298494
5.014640
3.502250
1.294435
11.046962
1.634321
1.588581
3.473438
0.020075
0.502704
0.095149
0.248145
0.039593
1.957371
2.550011
6.885993
3.133547
5.838650
3.264849
0.199122
0.142072
3.706804
1.014123
3.871748
2.402365
5.560162
1.391140
0.462460
1.389086
1.713442
4.366280
2.327211
0.522572
0.173395
0.317128
1.475651
6.203591
5.260174
2.247201
4.239452
0.990342
0.166545
0.882025
2.871908
0.392041
1.107619
0.933556
4.685711
1.066176
3.835463
2.320885
2.174567
1.980104
5.467535
0.087543
1.226851
5.282284
3.076273
3.102402
7.557790
1.994878
0.547115
4.184676
3.843836
0.203361
0.260244
0.700440
3.992797
0.816874
0.914888
0.044717
1.890928
4.840983
2.951430
2.664961
0.455576
2.278937
0.000449
0.212008
1.211211
1.911873
0.129102
1.052418
1.209092
4.156915
1.528830
2.594552
6.075368
3.246826
0.068571
2.888781
1.237649
4.959542
0.519706
1.729929
2.255974
2.326874
1.881078
0.346022
6.104301
2.312058
0.519191
1.459743
0.547524
0.712006
7.781220
1.916043
0.345652
2.442283
0.854889
4.781338
2.350810
0.261566
8.654419
1.460090
2.609243
0.463651
2.087200
0.839028
3.338594
3.147126
0.819233
0.305718
1.140892
0.000453
0.228259
0.838405
1.870887
2.774476
4.009317
5.738585
2.479563
3.784419
0.999345
0.352649
1.975394
4.530692
0.076523
3.882940
10.997090
6.290438
0.582464
0.481994
2.555969
4.234095
0.714582
4.194251
0.083055
0.323168
0.675460
0.593149
0.563467
2.545925
1.657062
1.643893
0.283666
1.078640
0.333505
4.344844
0.052214
2.057818
0.348460
4.329424
0.608366
2.217402
0.778785
1.032905
0.200610
0.408216
2.170954
0.369036
1.419400
1.811043
3.029054
4.097599
2.043089
1.948164
3.920203
2.374037
0.195499
6.116088
0.034330
0.080784
0.737593
0.150207
0.146556
0.071300
0.069587
2.507944
1.329903
2.627723
0.082238
5.145874
0.054353
0.065726
2.279973
1.718386
0.145571
2.098208
6.268498
3.081438
0.445545
0.376588
1.123318
0.571276
1.211929
1.610089
0.086194
2.071856
1.200324
0.002663
6.950540
0.635973
0.132003
0.154413
4.451424
4.302978
5.698853
2.870379
2.711882
0.457937
1.331198
2.323545
3.137468
1.441411
8.816454
4.866218
5.262203
1.865570
2.053771
3.031702
3.123476
0.813212
1.250711
0.893025
0.297827
0.391171
0.981769
0.914694
3.816864
1.356755
0.541324
0.031186
0.690796
8.514033
0.106291
0.536674
1.548067
5.413893
0.445372
0.617068
0.587912
0.673690
2.860875
5.292957
3.676533
2.924032
4.464448
5.033673
3.767013
5.483565
0.576623
0.173584
3.905106
2.390169
3.440641
3.358966
0.990387
0.102624
1.244717
3.790575
0.742484
3.404881
1.821278
2.690783
1.703404
4.282144
0.240929
