53.026335
42.425041
44.186180
32.258697
38.775645
57.949444
37.312464
53.578581
45.449273
38.468433
69.794805
26.116328
50.224361
47.223009
63.875397
33.354252
33.159937
58.946176
42.676963
50.714946
45.011920
50.760212
25.946440
51.894469
23.152402
36.329579
53.809290
63.588393
45.768504
25.715329
58.803029
55.294839
50.531587
42.662812
18.360568
50.914576
34.851966
36.865121
44.450866
69.448554
45.768768
46.957224
57.737933
36.325508
55.577331
46.648193
48.383098
23.287713
37.088815
35.689699
29.252750
52.810481
63.310880
29.957909
22.184896
36.094340
54.684252
31.642502
58.671567
45.671599
33.991777
42.740055
45.897142
39.130130
42.723285
31.813248
43.040826
39.299836
59.434761
53.113560
20.181838
34.839041
54.571883
49.522721
25.660570
53.006630
26.492886
60.313296
50.884450
31.639594
28.748513
39.818516
27.921813
42.453918
50.710725
63.896979
50.919801
37.609588
28.941118
33.353357
33.678170
31.976851
63.760002
30.664054
66.209248
31.471902
72.540565
60.190986
38.362726
61.273469
31.823832
67.051769
26.205410
45.713074
18.542215
39.157486
34.397833
67.918679
56.295847
38.974903
29.864670
51.211030
50.414213
32.463215
46.732668
35.903407
35.920380
45.126096
27.692045
45.036559
26.642823
31.119980
43.649600
20.677107
31.797181
39.100102
17.759846
26.461545
23.936503
70.985894
37.030884
25.238539
62.651610
44.622881
18.275918
48.683750
42.069287
60.747064
46.071040
49.104107
28.840122
71.938227
40.543099
47.393517
39.824606
48.453604
31.457502
58.769246
36.725080
32.446873
46.760333
27.915157
53.319045
57.380487
54.941675
38.219132
29.988034
25.005907
27.751722
41.750703
47.326174
69.944784
24.061799
41.713736
49.937261
42.043169
36.447988
37.294020
54.759897
46.506609
55.633566
23.302088
45.819217
33.329738
62.594274
37.219200
49.176723
53.738194
67.000839
40.803524
41.120403
23.396305
61.165088
46.797267
41.008739
30.730084
28.252041
42.129349
68.729549
47.764279
37.334688
59.642272
32.302602
45.355864
38.713887
45.504136
56.072027
72.489551
54.373725
61.293993
25.170514
38.187830
52.781864
38.750178
33.824814
63.708854
36.224693
17.199604
54.784461
22.503945
23.412062
40.305249
31.536089
39.123782
43.235099
47.827278
35.988344
25.938473
61.037455
42.299106
33.566566
56.650800
48.288375
49.423832
59.197295
44.570684
50.544350
37.039545
54.176233
37.899514
51.459590
45.170987
27.553177
67.332373
35.284911
26.610644
32.660985
22.654049
58.282384
51.221890
31.833230
39.814899
60.508158
21.566288
42.523399
40.561009
43.013030
54.569340
38.641234
29.812408
20.838234
43.987776
56.274451
41.155907
39.016473
59.384702
24.114452
45.211390
51.571061
67.734347
31.123313
53.655687
44.448849
54.956748
25.082458
36.247862
40.501367
39.487361
24.165783
42.531952
44.872702
52.634959
25.205454
22.314476
52.267205
57.259742
38.684068
45.304850
43.291182
51.104747
57.184275
50.208595
41.465249
58.933353
45.395486
43.876413
41.850373
62.718979
37.577337
42.675929
50.725010
46.855371
34.119419
30.411647
34.999130
61.668353
48.995666
46.757021
54.929803
26.817418
45.723338
48.770120
50.937815
52.536964
54.780257
43.838251
50.980165
22.338222
51.906880
52.750946
54.995562
37.142242
70.089218
55.066304
53.297939
41.319550
38.656534
51.764474
36.916815
22.638729
34.631886
44.401428
53.833007
25.717553
62.119719
64.350418
36.248392
53.835675
49.458102
47.458588
30.029277
58.566124
43.929593
63.826412
38.677117
42.397225
29.626922
51.148763
57.550962
52.484694
23.017600
41.074071
56.001800
19.729190
15.202319
51.046981
52.539443
34.180591
44.076106
53.716697
58.198222
40.557706
34.882741
35.515239
54.104813
31.906364
30.589347
46.021670
35.649534
37.240387
26.103005
48.366992
19.735581
22.483834
36.697795
53.390879
30.036701
34.344581
52.247867
32.144285
44.343628
55.952252
28.048141
20.682432
55.206955
48.284867
69.364782
39.545206
48.034350
58.611617
38.102137
59.550609
44.434187
45.615045
65.346977
37.753522
27.676056
51.153391
48.403382
33.555829
66.735419
57.362105
65.117825
30.214481
32.091615
32.847810
48.919603
64.964599
21.585379
32.885551
30.286668
43.387963
32.068377
51.844713
47.939975
33.207919
45.831610
46.875357
56.744532
62.843643
29.077083
38.434078
38.986884
62.156114
39.859505
40.965462
38.767877
38.854168
37.706925
20.169790
45.060239
36.964545
32.509897
34.980073
40.763779
34.915393
63.636900
24.657512
57.138469
55.821656
50.624631
51.351919
42.856616
62.624598
34.706305
42.568246
51.253521
40.397004
30.194904
62.069917
61.366002
53.566561
55.240995
45.179006
37.218507
61.705837
36.602950
54.157088
48.761460
28.924981
29.985463
55.967276
46.528454
61.372162
51.921438
35.544997
33.346653
52.057109
64.040473
44.883097
44.056718
69.809003
34.317379
39.585858
47.386302
45.085398
73.136798
62.588789
24.615905
30.064894
43.606404
58.103864
49.890589
44.879927
49.474923
49.522712
42.750825
37.590044
61.091355
68.794461
63.664596
65.209903
55.926185
47.104883
59.883067
43.814431
61.353884
39.763459
66.321860
38.678889
44.445534
34.702986
36.060645
55.000096
53.464797
59.216068
49.280769
24.648393
58.329993
38.934860
26.751501
35.952057
44.783285
34.436528
33.616822
42.403077
40.735919
49.234842
42.297727
50.828589
51.124124
47.033547
33.822390
33.154797
44.779903
54.876191
17.412164
35.433737
43.847545
21.052707
20.394593
57.225432
61.825238
48.055008
45.085135
37.080991
50.965748
41.915424
24.372639
32.208639
43.808852
42.543860
64.883655
38.693373
34.075054
47.431324
59.062916
35.514240
43.588802
56.015550
27.793558
42.978484
44.839227
57.027131
50.570086
54.560883
36.764438
22.574430
46.609368
73.390606
49.861399
48.297645
36.346808
58.821448
16.740646
56.802569
62.403794
50.193622
36.630026
61.793607
62.338153
36.307528
45.120420
51.990423
56.655468
56.491754
38.326562
48.048131
40.553928
36.471542
45.663373
65.470237
27.006734
51.081592
64.941986
47.425368
49.205426
57.002076
23.507666
32.236386
70.792793
35.833820
23.758698
50.511061
50.480347
15.484869
34.230202
46.847935
37.685574
65.977058
56.382533
24.155044
31.287263
40.880239
51.420416
42.179708
17.913986
58.767701
49.490387
31.097295
33.094621
32.700317
51.863201
56.671046
45.961893
35.242934
36.851598
55.954552
45.379998
28.039605
50.248791
32.170499
51.831559
47.993426
50.324518
54.557767
33.675159
50.914310
24.643619
52.717320
38.760049
55.391095
28.436978
55.244636
35.378287
43.315658
46.386536
35.190941
44.297963
42.293608
29.120900
48.465864
53.763186
43.447778
27.795755
53.607999
30.206318
46.156783
38.271065
44.838584
62.014706
50.659806
31.899900
40.881981
53.181413
44.809563
61.117682
34.846950
44.834095
49.346420
69.477699
46.275045
49.839461
37.760635
65.020203
33.691881
55.515778
59.328223
66.796573
52.262412
48.120013
48.458506
46.361178
30.245890
28.565850
29.173701
44.442464
26.596226
40.177195
54.012282
42.295414
40.110498
44.296778
37.460412
32.181181
39.461031
48.403524
28.417963
71.783391
43.582672
30.027251
71.503111
35.057868
36.634606
42.866208
47.010006
34.543982
67.731345
46.092665
50.412217
43.231977
44.402519
32.356930
42.396438
65.964554
58.506194
33.861910
34.950218
56.194008
37.223854
38.778501
38.449102
49.109849
23.328711
43.845397
54.321839
49.929391
34.587085
39.978653
31.620810
21.032043
34.610385
49.058879
36.633389
51.156971
56.818095
49.451636
16.263883
64.494587
65.648641
50.452445
41.901583
29.089537
47.523184
32.154780
34.125304
32.644846
48.469476
36.741961
40.603304
43.849600
26.554515
44.078592
26.661164
42.809005
24.492703
44.425699
47.333978
31.143838
52.542399
25.496537
68.236196
18.941254
41.575194
40.867184
42.751426
21.035098
34.779496
42.025492
62.155228
63.589516
38.187817
70.748567
44.594563
35.668001
71.115042
29.486071
38.289471
48.718515
67.278618
56.826029
25.277226
49.645783
52.033188
34.901940
42.602448
45.759367
43.111466
32.402168
28.450248
38.360954
65.616498
18.732432
41.577274
18.625573
59.053886
36.001530
46.932511
39.000928
41.982739
62.690690
63.758048
57.954307
64.808855
35.112922
48.289349
32.831384
29.582535
54.309139
46.229079
56.982600
41.626807
57.300297
38.188439
49.009048
31.786572
80.481019
35.754314
48.295738
50.364606
35.943949
36.685827
47.990978
35.730091
36.641853
21.061036
65.952974
49.109329
48.975669
51.107933
58.900984
52.897042
54.027467
33.351915
59.860646
60.823165
51.941838
36.132194
66.709396
39.931758
27.096741
50.994021
62.412603
37.524320
53.500458
37.802868
41.030418
36.977353
39.179425
40.447730
38.560990
65.132720
31.883109
33.653599
53.104175
34.633282
53.175987
58.061871
66.109079
34.925404
54.277850
36.946011
44.745973
32.909028
33.724615
18.916643
40.982970
27.354255
28.093631
31.074923
37.787941
74.586243
39.611937
37.624452
19.721296
44.182867
56.024016
49.667481
47.373552
34.058877
66.777436
56.610831
35.643292
42.396158
26.776991
53.068330
25.774851
56.831668
55.878827
30.796892
28.306193
28.930804
57.652101
39.761407
28.024532
29.332062
43.207426
23.974631
32.361398
44.975249
44.154775
33.284259
49.367523
40.217304
50.250302
40.814569
60.914331
31.940488
56.173404
56.484662
35.994439
53.046087
27.940557
29.390053
65.972200
46.536582
58.363056
64.855459
36.339274
42.491076
29.116061
53.133594
36.346447
36.229588
66.870849
24.330331
37.143926
46.915780
57.240741
49.961872
63.321434
50.571184
30.884902
35.814229
37.441090
63.811517
39.160184
29.070106
43.093420
48.148576
43.104340
50.527149
40.220555
29.212711
52.626065
68.076611
45.950230
44.265721
24.164939
35.820127
45.479349
63.455286
43.888928
29.139850
36.898091
48.669952
42.998404
31.268277
51.607472
56.773797
62.189512
49.286978
48.021385
46.630359
34.855053
46.700653
47.597818
71.991267
19.909900
41.207697
32.825868
49.177379
36.501918
60.280549
59.346411
62.802892
24.786042
26.341413
38.685167
53.129694
42.769546
31.340610
49.623119
49.671171
63.396456
32.988444
50.855062
50.679736
59.386939
38.817610
45.394882
67.329541
51.635353
36.021724
52.921265
52.363150
35.321978
37.686954
62.291048
36.163038
44.144863
65.499993
51.588853
59.945620
42.540540
40.388022
35.630793
32.270857
47.284580
31.531470
42.654585
39.765151
67.036810
45.671443
52.105862
40.814251
54.219503
43.607467
53.759380
18.624837
53.101731
63.384545
27.992531
48.667349
45.162300
53.596729
35.437608
13.144055
33.930438
55.699782
46.793418
29.161863
34.906354
60.191090
48.588607
58.411984
61.159066
49.309170
43.752306
64.033664
46.204261
52.697431
48.103306
56.469646
61.100080
49.855810
42.417308
31.783470
34.002522
77.883589
27.106704
25.744459
43.715009
37.063231
67.026053
39.945372
43.545515
38.068506
48.605220
64.196734
59.474697
42.411959
42.930064
55.424237
59.732933
23.613383
17.396597
51.477717
31.420173
57.741894
29.495344
35.644289
37.355024
39.908577
34.712625
49.309878
55.863331
39.128030
23.249455
41.814552
66.812336
63.296319
53.406739
63.676744
45.711147
64.521700
60.247939
24.916096
31.995523
57.590874
23.938834
53.249363
31.742579
27.414467
43.844566
69.434143
37.967250
61.136111
45.121807
19.234244
39.557306
41.582786
48.218452
39.736595
56.908136
40.191330
32.074451
22.509373
43.617684
53.871372
33.069836
38.271759
66.818086
22.395010
34.099627
51.676173
63.649389
20.374840
67.421610
45.752717
49.376313
68.121023
38.103464
45.904929
22.551695
71.390397
51.184635
54.234615
59.592589
31.407050
24.820257
43.622322
33.945624
48.584164
63.147387
39.412470
62.462814
39.465208
51.956299
43.735280
46.327484
26.055661
58.800716
66.808814
55.025747
49.823989
58.400717
39.221676
48.900170
43.118231
25.531425
34.243115
27.249918
37.608797
39.509139
62.136536
59.152839
60.073797
25.977911
24.767499
49.312529
32.596996
36.090814
57.355785
55.235536
62.538152
74.269171
32.237487
58.262600
20.651208
33.268642
32.437148
30.386016
68.308809
54.554219
30.788565
27.223667
57.893691
34.682548
51.796250
64.553100
42.100402
52.087521
69.549330
38.716541
64.136799
26.274174
48.974436
52.080035
62.021670
32.861761
50.674947
19.180606
34.924474
51.497618
57.676697
39.535248
24.848156
50.512518
40.810609
38.195847
44.793326
41.674396
26.869581
31.160227
48.079364
24.595741
27.970809
28.650407
43.528744
26.287862
47.224145
24.813526
61.057728
73.690859
23.172671
46.764223
51.077745
48.119916
57.346453
40.228139
55.855109
44.591564
53.266792
22.377575
36.875474
40.721313
46.837756
53.516570
46.829249
29.341549
42.984240
39.346913
43.138126
55.525929
34.110570
60.267539
38.469437
26.416344
31.379532
43.188325
30.824388
21.466939
24.005993
41.892887
36.900706
46.812610
41.777360
27.315245
47.349056
66.784383
60.721262
36.303217
52.969963
39.120876
40.214375
63.709491
23.299573
28.973686
35.845522
44.298198
30.407242
24.227352
47.382446
20.284602
64.120356
37.924726
38.350053
36.523609
28.648682
32.687439
45.086720
50.684465
23.307371
53.507493
61.972289
27.417598
56.490723
54.475175
34.401802
23.098210
40.534753
52.407452
56.773172
40.582621
40.022845
64.633061
32.405088
31.882301
55.904834
53.945958
45.870646
56.553166
50.179651
81.700118
58.841509
47.648750
58.423134
30.015252
53.951613
46.825502
34.009931
33.499783
45.387814
20.326871
29.822042
71.124620
29.671610
43.088664
52.547008
38.593709
47.631654
25.457045
63.663781
32.421597
25.022900
52.875087
18.475816
54.336861
53.344502
78.865214
46.723849
60.310158
37.325771
42.811006
32.250100
48.092013
35.785112
27.871399
41.368518
50.160220
62.539683
38.569309
28.809998
29.617658
62.849337
43.356606
29.518881
33.311459
51.286198
66.786381
29.852157
31.289814
22.626840
53.310009
26.550441
37.730289
36.373144
45.658159
66.891235
21.531957
37.846743
23.084928
26.496005
46.639426
47.939597
43.956121
63.718765
19.097767
57.375441
38.166049
32.000388
40.060011
62.308817
58.481214
19.508765
52.253190
39.530776
31.753762
50.765235
49.898945
70.862700
29.139029
53.903618
47.953514
55.911863
57.734227
46.497982
34.267953
86.903432
40.147096
60.712401
40.004439
40.131720
18.015148
24.932991
39.360424
22.726731
24.633572
33.539368
28.857513
25.419289
30.929725
35.847291
20.654147
39.387614
57.713966
47.465585
23.325852
56.366160
51.185282
29.466569
50.446855
45.716290
61.222026
23.881358
31.004748
34.697835
49.350263
37.401673
52.019166
40.402932
20.001143
34.281406
32.959201
54.573422
27.684057
52.100852
21.382767
32.411613
47.904336
30.125021
62.354480
62.107165
38.984002
31.829170
23.221351
54.613823
64.973634
45.630053
36.498150
63.620363
53.040982
34.876591
36.486894
68.263321
42.044269
30.060631
24.379351
24.635807
43.763028
41.414485
57.411630
36.907600
52.043722
49.716555
58.882767
58.546581
67.130693
25.301254
31.505465
50.707048
48.417951
30.745128
54.696293
36.512374
61.503355
45.103373
9.774763
13.023795
52.947252
34.147666
47.062491
34.687779
40.599337
28.735914
23.455536
55.420352
41.083506
32.469789
44.932409
52.375843
28.212790
27.168744
53.599658
51.921349
70.475463
29.349495
28.748392
34.978065
31.386521
31.227201
56.984703
42.896820
35.659562
56.134554
33.925362
28.795521
68.529597
65.427541
49.889327
44.210741
32.333535
40.207873
44.724673
42.938425
22.539447
27.050906
49.285307
49.857519
61.803242
46.694432
50.695643
44.779070
37.938004
56.875837
50.879347
54.690282
37.487918
49.382308
25.188443
39.357569
35.791250
33.967098
28.456144
