73.958288
72.000783
69.612448
52.509562
71.667943
80.600974
51.016357
62.887734
88.375611
78.585478
75.552254
80.912305
75.216882
55.665434
64.328252
69.727130
78.664843
56.743010
79.699602
80.726724
87.713283
68.391859
84.438163
70.850876
51.747051
87.330666
71.683531
70.703142
78.300321
62.839436
71.830270
92.241032
61.605884
76.503167
58.903206
76.180305
86.263118
77.100097
77.343162
62.152408
76.610729
59.226361
63.318535
75.224993
72.532945
57.680293
69.468373
78.296178
70.122225
78.082150
54.051707
64.991576
58.138917
87.200743
68.080274
55.877359
69.055956
80.629751
45.112999
85.789281
71.634459
80.738467
64.212284
78.756501
56.513644
70.350550
57.428484
48.630243
54.117054
79.620186
63.825626
55.923354
82.729380
62.933694
54.465727
53.815412
85.214725
66.568085
71.506566
73.308857
60.416618
67.084999
45.920438
75.750400
83.527601
81.201094
54.769409
65.862341
64.333138
55.990199
64.890984
74.752546
56.474745
68.954825
80.496855
79.036597
96.290778
63.943125
84.814613
82.794868
65.188657
77.634306
77.678034
55.032255
70.754166
68.675612
60.811800
65.860415
77.495206
78.908602
82.154851
57.753077
65.795172
64.568036
61.683129
55.676216
60.400404
55.823523
58.337442
67.257267
59.183316
44.546607
58.233064
61.402209
55.103413
55.187244
60.513452
72.263475
46.853400
87.714214
75.291060
74.621620
72.095087
71.941655
59.100568
51.532933
63.556707
55.717553
79.034038
63.194250
56.113049
99.543879
69.193323
67.294265
69.792908
71.811897
74.154788
61.561388
76.919753
65.257873
68.846220
71.897797
71.571134
89.156432
37.482400
54.498606
61.855636
50.025504
47.864690
59.101163
78.456547
68.422331
55.066413
64.726160
77.822171
93.815871
46.350758
34.137071
66.711109
100.291879
70.519595
45.732263
64.761161
66.876023
58.198394
46.670860
78.568475
62.123064
74.907749
53.411640
65.466578
71.967264
85.354908
74.464945
70.154093
72.295361
55.596274
65.360347
59.928640
52.700076
90.414513
62.599532
68.457084
67.133529
82.607196
36.402596
63.675645
67.990655
68.266941
74.409384
93.471202
73.297439
77.347737
87.571435
63.776667
81.099249
60.036171
74.364893
72.396441
58.766852
78.483113
68.866245
71.819731
76.998783
62.686028
74.589219
77.682992
83.351800
69.288627
81.297253
57.549308
86.345351
86.143357
58.019226
35.166935
66.882860
88.284468
73.524168
61.857696
37.919955
70.898102
85.771101
74.797339
42.987606
58.227318
72.876362
68.339055
86.867254
79.665002
61.043150
63.668583
86.465238
69.056142
75.531318
53.399994
59.699817
37.928142
76.099102
69.931899
40.208151
49.897351
71.502415
46.926611
51.707146
72.765791
51.843154
72.452433
53.708363
62.478483
75.260597
71.357447
50.233557
54.237734
77.651628
49.376549
50.319685
68.280637
47.578869
53.086739
77.841335
39.880478
60.361874
58.803916
66.255938
62.737480
77.615966
72.320267
67.055190
84.485325
60.389681
78.341126
64.313852
64.119522
68.001385
75.324481
51.034611
39.634458
64.620325
82.647160
50.111528
76.553992
56.799682
70.433123
68.640413
74.427285
82.505695
88.142233
53.504764
75.042430
54.913482
66.637536
70.307776
58.864568
62.795197
73.243321
71.617316
73.556867
59.581108
50.466374
68.293553
57.448958
84.184423
63.496136
57.516236
84.348867
77.548535
63.105833
70.159556
64.580520
76.490986
66.320940
55.568132
81.558107
46.651935
55.755948
64.912763
60.099213
69.410036
59.523362
80.068562
75.000563
82.552113
63.091260
78.442623
59.593574
82.014072
87.524774
58.102640
82.360321
72.475086
61.721065
92.716549
58.681485
39.665866
64.211418
87.481121
82.629493
85.365923
50.383454
70.228728
69.571384
57.713092
61.241864
71.135929
46.870712
50.727235
53.582136
75.898732
47.040785
71.814124
65.134755
74.050540
64.254206
58.899330
81.614486
65.810207
80.319140
89.467373
63.868879
83.411859
46.027113
61.319457
58.030799
51.902455
48.531239
64.545398
54.669601
65.297517
41.232839
69.989947
86.685485
76.335707
67.247111
77.263986
42.769120
53.697705
58.949858
81.572572
95.634204
76.732000
66.431531
76.239599
68.650825
86.312650
77.348044
92.877535
83.749193
60.978988
77.914419
71.256060
87.643133
57.389149
82.681965
60.958272
71.094330
77.120651
74.493814
56.333392
57.684612
91.307355
63.404639
77.553040
57.503323
77.079844
67.646914
68.005495
62.686946
62.841673
81.498268
57.848641
90.163298
68.685384
77.063957
83.334919
78.037279
68.476223
53.881057
68.544449
74.057428
80.225123
62.360527
72.062155
54.127503
67.765211
77.901518
66.536581
81.688884
75.122035
77.279066
49.657873
54.930921
77.719346
75.014570
48.286419
69.794297
83.174802
64.761817
65.949529
69.304798
63.101494
83.143930
73.491462
80.734455
80.633814
60.180918
74.938137
70.726882
71.600055
48.118708
71.478843
81.488807
68.719873
67.164051
52.530302
81.304571
53.247625
52.336332
62.765486
86.643630
48.646576
87.385322
72.575292
68.334533
73.858770
78.232291
90.381278
58.065463
68.079407
64.955321
61.859960
48.780432
66.493895
51.910127
93.380254
47.365911
65.341199
81.659256
74.306004
80.815847
59.327082
65.742623
77.358965
71.793585
78.421448
72.269301
80.763541
46.870914
68.519219
82.994783
80.372714
96.995422
57.543451
63.037332
74.756779
71.293023
73.299929
55.245871
77.901118
78.900617
95.487118
68.383711
63.617749
93.384615
74.677932
75.332856
64.744151
57.054091
55.901860
61.778927
82.238344
76.114241
95.695791
61.746654
73.560705
46.301624
59.046452
68.246396
68.257340
66.574075
85.184147
58.522163
44.764786
75.981967
52.381400
63.839486
70.788829
86.651004
68.996833
43.355115
65.118522
71.845731
64.132336
54.962059
39.940213
58.070303
78.659309
66.780215
63.738759
51.008516
86.683979
77.178644
69.997966
82.003086
78.789291
51.055741
44.062804
44.173790
54.957914
50.794796
54.113498
68.795687
82.413925
61.463749
53.784421
71.797659
79.760885
61.492315
91.213622
75.859361
73.730560
79.043653
84.385905
70.691330
83.961829
34.392555
58.905432
78.741256
92.386717
86.064602
52.151030
67.719477
77.341549
84.791750
69.802341
67.588309
44.575268
53.359034
82.421612
66.959407
67.421136
79.284798
56.813603
82.539790
45.106421
90.041067
61.466180
69.287980
58.250264
70.586894
72.215057
74.578822
62.263918
72.990895
73.322596
79.030504
56.132490
60.174058
68.620470
87.035456
58.521454
68.086982
75.643467
55.203002
80.507822
64.840430
75.286059
82.115921
64.075368
78.556041
75.258552
48.671949
58.294281
85.280064
80.647683
42.935945
67.212140
79.581680
81.310213
61.047171
69.502282
56.384593
62.252886
82.728714
58.805128
64.522499
80.555601
52.356968
65.959347
76.445946
63.956534
71.286981
71.012152
50.599196
66.203931
52.581461
41.293102
80.629311
79.489046
57.040571
58.704810
64.519371
58.559182
75.430771
62.556519
71.210093
69.780453
82.759096
74.374155
74.774564
67.535246
73.459196
67.173467
65.852630
65.578638
86.846059
67.605480
69.141327
77.439451
62.376141
58.715677
55.223735
69.451550
49.844598
63.782398
77.984043
58.770961
69.952205
87.542948
76.474091
69.504785
79.365129
71.510704
71.237831
64.884480
74.905905
66.172849
63.410885
81.376797
67.120844
60.483712
44.012895
90.298325
84.443931
69.916001
69.830871
65.728896
90.253511
53.775994
74.357034
88.417742
67.927282
60.272985
62.884527
80.261242
81.270518
66.765274
59.645741
66.603426
85.984362
65.791803
79.042358
56.800490
96.967650
55.691324
71.026848
50.881146
75.997556
74.296165
86.749701
38.716679
57.474948
72.867047
56.541456
59.250759
57.039909
67.405300
70.948360
83.423638
76.863886
57.589394
79.459066
81.236672
61.000414
90.363840
48.340188
56.337037
66.889934
61.114334
58.554115
49.578222
70.529066
68.659950
73.954314
46.326863
60.587085
62.147294
70.895669
62.329345
74.990720
67.479584
68.748555
65.416042
61.677863
52.549115
61.793479
83.918045
58.253788
70.311228
60.611724
81.961569
77.104130
62.684500
75.941366
68.514032
59.423506
65.166558
61.973210
71.508152
78.271182
79.525049
71.430040
76.304363
83.885529
70.423640
60.289148
66.735101
63.519467
84.458168
70.093817
53.803456
79.545498
60.595546
56.295144
70.894507
79.148276
50.224172
82.345349
58.060727
52.659220
61.342492
71.684906
37.928346
64.420642
52.251376
49.757585
52.691172
70.807600
74.685063
72.380386
68.908718
73.098304
74.684725
79.743394
48.227122
69.743986
70.290561
58.322795
66.667396
56.466988
72.234480
68.273513
80.824816
48.575962
94.329902
75.052692
57.072705
63.898785
60.506789
59.307865
73.852656
73.653226
67.603109
81.673957
87.672368
47.861488
86.626151
82.845053
87.082538
67.311132
63.170905
77.731965
70.407028
57.545822
78.390527
70.309322
62.984634
83.059827
47.380445
61.478651
86.653625
55.302111
69.672720
69.950819
49.051148
68.276438
60.350335
64.636725
72.607284
80.623875
76.113150
54.240343
69.408350
51.854341
69.892870
64.768627
60.940323
59.429398
63.239411
59.765334
52.732208
39.476216
61.580324
65.618704
70.148887
48.330116
61.033234
68.837827
50.073488
72.903287
65.004741
51.933021
54.267828
69.138318
70.202318
69.828241
52.338807
49.885216
84.096041
74.147047
77.046133
66.041107
83.950087
56.199468
62.392952
79.694223
83.871635
57.132858
72.110120
61.385024
84.302585
74.090112
86.776576
69.333044
67.463823
42.378638
72.516126
51.632111
75.648247
66.440636
64.556697
56.885385
62.846610
71.463190
61.626664
52.444864
84.119505
62.958785
55.244662
77.087207
68.814620
72.660847
55.553614
78.538926
65.384107
72.126634
65.915278
60.743587
89.541787
45.163283
76.992109
64.921066
82.362893
53.517405
77.319742
76.885244
56.433151
76.489134
56.147536
56.706165
68.743215
73.595967
81.480647
55.092837
75.169706
58.750945
76.847524
71.748241
77.912873
77.616823
65.656050
48.255829
48.469316
79.560181
52.369874
88.237172
63.444882
74.514385
64.288049
44.487403
58.200340
79.580564
75.617986
60.107305
83.777160
68.418050
60.094586
69.798622
78.199635
77.917111
71.723590
59.259009
85.676807
72.527121
60.976940
58.580891
74.289607
76.094771
58.012102
91.267202
77.689940
88.637211
73.765105
82.095977
72.572097
78.192020
70.792640
60.406296
98.414331
77.176429
64.851299
86.526498
58.369942
66.367051
55.894313
73.581346
72.129080
45.371829
74.155491
60.341284
85.994626
77.604752
90.746663
53.581193
74.469443
46.032431
68.628846
63.402049
65.845159
73.537388
67.480521
65.697135
78.687303
53.699529
66.917974
67.344210
58.369836
91.470517
76.500400
72.918620
82.045431
74.903465
65.533888
67.452415
67.564217
62.934462
48.920203
82.968118
47.998438
77.077424
65.697509
70.446899
71.767233
83.834263
55.457242
72.404820
68.758660
54.672152
50.178840
75.592537
79.994721
80.155535
85.944527
70.350926
69.443393
52.694432
98.198278
47.580211
60.873056
84.075396
81.552251
59.441826
81.407568
60.294950
92.131127
84.270814
71.201538
64.416597
65.453487
84.289111
39.446618
73.740831
66.167312
48.059579
59.333142
76.291083
59.472815
63.383874
74.059219
62.622969
58.599675
96.559969
69.577738
60.643785
54.709888
55.972578
85.382922
77.330582
53.752529
51.760145
68.967814
74.783936
77.346228
52.074045
45.320155
64.156687
66.980594
74.282693
73.274885
80.799533
68.080571
53.078617
67.532231
74.886148
77.788635
72.134771
60.688820
77.653227
78.461933
55.675000
78.258028
88.813590
72.046426
88.896209
88.413361
59.478275
80.728047
78.460414
69.396568
73.124521
84.303680
59.920110
89.240116
84.707393
40.558629
66.030120
73.750292
84.099003
87.178579
64.578835
49.371880
80.174419
43.077019
59.083253
82.160932
77.992240
79.735790
56.473538
56.466520
62.046134
65.572254
70.473813
52.354721
76.285568
39.266334
59.757639
63.585966
84.085536
65.605284
66.372830
48.571456
74.613077
89.378123
83.198520
59.820585
52.442786
74.250591
66.173659
55.845457
98.161716
80.743718
68.262489
62.092387
64.448272
70.394059
55.714021
63.255677
82.760485
76.339635
91.861419
57.023154
63.340533
67.390576
80.496114
83.957810
62.621361
78.332554
66.775344
59.918706
75.970788
82.557648
67.418583
77.052669
61.853753
76.360466
94.108888
64.217052
88.773256
68.369658
58.937334
82.057704
76.247139
70.706168
62.835924
60.260905
60.399910
73.966502
62.241392
72.494397
61.725410
60.738471
80.824826
63.695153
65.835540
54.394745
69.030069
69.800397
75.058183
63.642437
77.091964
49.278725
57.150487
61.493933
69.759716
87.426449
63.352352
56.374738
49.859704
75.844328
52.605684
84.016743
78.185164
68.508073
63.558592
94.178942
56.765723
68.909072
44.458768
69.224531
65.555031
69.324150
29.903886
66.919700
50.786532
76.757839
57.170129
76.163206
77.094508
81.777832
60.001537
74.829893
48.376266
47.898026
60.397745
60.904527
68.209028
49.875210
63.889638
67.017614
66.270050
70.832764
43.676357
61.633553
71.489471
70.725715
72.774996
80.286287
59.898352
68.957276
70.284796
65.572964
71.724232
59.141219
61.941148
55.777117
68.440525
76.971517
67.996033
65.949618
70.671365
69.971322
67.780945
58.985796
75.559720
69.712538
89.847609
68.903414
58.949686
91.372962
71.408272
52.997764
61.972676
76.745431
65.022373
82.618490
67.667715
80.247724
64.361987
64.294405
73.174233
68.858927
76.105589
78.461541
69.329190
66.076452
87.611043
67.147111
90.598435
75.911677
60.689647
74.201538
77.312227
67.166868
71.748368
40.308182
79.319637
76.565118
64.632295
59.891684
56.865371
67.722669
90.708383
55.072415
71.693497
69.594216
55.337034
63.264033
63.949548
74.011605
85.092505
76.290536
92.297929
94.022805
77.839289
71.429555
54.828983
55.473725
65.425448
61.992117
62.145646
70.448750
80.018097
80.421465
57.490759
42.046614
70.011623
51.039952
72.789739
69.418510
89.416171
56.576074
76.953020
74.637726
70.950084
54.044376
46.714344
83.069078
62.973376
75.858705
76.110617
74.218202
53.205271
81.330030
77.009222
56.070407
44.377386
83.787434
41.353788
62.545184
60.758152
63.815703
93.308397
79.663656
77.140316
78.942557
75.683877
61.201231
47.675472
66.417547
44.451671
88.163875
60.901918
54.073340
70.532523
85.476244
46.627009
68.262439
81.002126
78.089086
75.978736
60.658752
63.504261
88.291338
49.253842
57.135505
60.497787
67.366068
73.023777
61.531754
62.667214
68.173113
65.478704
83.659143
78.044701
47.750667
66.936726
74.238584
59.530727
48.873520
75.933406
58.250944
63.874156
69.097271
56.218707
73.314316
71.741911
64.376515
82.691742
73.914350
69.011997
68.758595
75.533588
74.902309
63.230471
76.385245
67.091706
54.265384
63.101329
83.180933
62.688807
73.082270
79.681348
72.938280
75.387038
73.897098
59.725076
63.750701
71.349568
63.765523
55.600029
47.026230
51.061728
80.875291
83.178950
69.015288
75.368427
64.302587
72.414306
92.854942
68.294027
77.840391
87.196350
55.551156
57.242351
89.640548
80.223384
78.712495
65.501905
74.034310
70.330975
47.654598
59.316972
67.612565
80.564731
84.093357
68.597594
63.674886
75.109735
81.191896
67.070598
54.334132
68.381161
84.640062
41.248216
56.176252
43.638596
63.833403
75.210241
46.653446
89.004448
78.188220
84.229415
78.514426
71.973144
84.214687
77.259014
59.266353
79.682239
70.374454
36.843094
73.388858
59.802059
81.179577
76.781077
62.037742
57.482290
88.276409
64.283514
74.775427
61.929574
89.012766
41.302920
50.888233
76.453197
70.452813
66.838363
64.080092
49.227071
82.059621
83.376035
