96.027096
86.554163
74.334511
75.353961
79.066231
96.504561
100.398107
78.787361
80.712825
103.991939
61.534702
78.394899
97.384413
87.158651
97.172706
54.094984
75.815098
73.034348
90.253626
66.231981
88.207135
76.130063
82.395806
81.456820
62.045903
90.067828
62.556635
95.073595
101.069162
68.283086
63.440600
105.587084
74.726423
64.841692
91.971056
93.922522
103.843203
103.478004
72.352919
97.313533
82.296532
108.343222
110.201065
63.253730
88.776697
65.972713
92.172691
93.851864
70.442068
92.789901
86.113450
93.958465
109.088147
99.717885
86.406991
87.199319
67.285718
87.015542
75.609374
89.349878
79.519063
75.132332
92.537997
80.349949
81.178262
95.593041
66.633360
73.004680
113.732930
89.077978
78.272687
85.543808
90.097081
81.267003
87.380384
78.450209
86.264555
66.568094
81.170699
79.368361
90.218463
74.826910
76.104407
63.298946
102.129407
99.538092
81.967463
76.523906
79.580719
97.251534
77.579914
75.640000
76.289826
92.810358
84.711986
60.867655
69.846503
74.139722
104.477876
80.807671
96.937380
64.454550
101.486798
73.362329
66.800113
75.435740
75.530402
77.217390
65.141894
72.931323
111.801906
87.188923
96.427531
73.687883
92.181932
77.976472
87.102745
90.377414
77.805767
60.230265
85.366348
92.172035
62.717760
90.103961
65.559760
77.940882
103.313655
111.171620
63.607265
96.769260
96.829201
91.079183
99.430438
88.481741
93.593041
95.077506
76.959788
86.868995
71.316671
80.560246
80.610441
98.410394
84.849606
68.004780
60.665144
92.101029
79.656764
93.285659
67.285061
101.005625
67.356303
65.468990
80.557180
99.871596
61.145105
89.181102
88.965777
63.584396
87.336744
85.429902
65.025345
57.808900
86.368788
93.541216
83.773886
80.614042
88.278960
89.132551
70.463401
73.403683
88.626349
87.813913
102.746886
79.582556
84.821060
74.413947
92.117669
80.095389
104.830677
105.546626
87.955640
86.875526
91.817382
115.497125
73.812680
59.776346
101.926166
100.211758
97.297359
101.634241
88.424295
72.337133
96.222218
93.282879
97.531203
90.382290
90.957671
70.215094
69.103596
88.768470
86.991039
75.701477
76.576313
89.834574
79.743411
73.838578
66.112872
87.843895
94.643438
87.888957
66.507745
88.047222
83.962320
86.039210
105.652248
92.671728
82.840944
74.837991
108.780512
70.824740
90.469847
67.511047
67.121715
81.170533
68.108496
99.825068
92.060859
91.027336
76.597211
79.241984
84.559155
74.485719
98.778502
101.914213
82.973847
87.613868
101.713364
86.473213
91.073471
84.511315
88.942784
85.858590
90.408845
92.260005
90.903365
81.881844
103.715352
70.928852
74.106773
74.733642
100.431656
70.294871
83.126372
105.580850
68.650596
53.040998
87.078944
75.282440
61.031687
69.331735
78.297196
89.001556
82.009839
53.530368
74.150231
104.126050
99.602906
113.889819
64.781114
85.148154
78.500123
69.127216
78.913106
84.897681
83.646666
85.085007
87.670266
65.443539
82.159922
103.140884
88.674562
80.703029
76.818141
96.297848
88.682600
83.029754
75.542194
93.841108
64.367211
85.566214
88.434113
103.460111
97.088056
53.776250
86.851994
90.785273
99.959417
82.935834
76.029526
95.006717
79.940644
97.411674
79.537262
66.887274
73.796120
84.687961
53.774609
56.416118
87.998634
89.400745
86.021753
93.336343
74.054569
91.374087
91.650895
50.488115
85.456532
71.428245
88.644800
82.166035
61.791137
78.446690
80.117578
73.685440
78.432542
69.095377
62.169915
81.454980
88.712003
63.494533
70.563173
107.622961
49.374600
62.696485
89.428083
74.644526
72.606213
101.283445
89.019333
94.767354
89.827462
76.608743
68.701250
97.246323
78.077865
101.232963
83.454252
98.487366
81.358665
76.448489
89.815905
96.212372
61.399178
104.508602
79.215776
69.118559
69.474028
69.557969
69.534454
80.554577
102.583263
96.380914
76.655248
91.804762
107.049191
106.670128
95.159883
81.122984
84.300204
95.721036
68.423454
82.916575
59.731964
88.356694
75.242946
114.100149
64.077264
90.473026
68.300907
65.287991
86.221685
87.204249
74.356946
92.764143
76.748203
76.740517
85.425213
69.537497
82.613659
93.324795
85.324762
92.962228
84.833494
107.302400
64.925263
96.106683
85.411844
77.354006
110.148624
85.534492
110.607590
105.130991
95.636726
84.710905
98.697352
100.110373
79.965689
78.185814
81.740483
91.329587
82.581477
90.657178
79.336079
74.269449
100.975581
87.230132
102.164926
73.371370
83.995722
63.688733
82.076248
86.742966
80.883057
96.894997
81.082139
67.443286
77.770176
96.849870
92.909265
109.055810
73.078399
85.088902
103.762164
82.080000
60.518518
90.885300
87.617862
101.190008
91.429978
103.284531
53.661364
61.311825
79.127904
79.218380
66.879491
74.135843
83.694691
81.196199
104.351802
64.561155
91.871859
92.657441
97.864349
85.336602
78.638238
75.119820
82.972098
71.394237
69.384879
61.319681
78.012122
89.770091
92.086171
82.805014
82.142495
71.528083
62.307379
78.565620
94.645390
91.986265
87.729047
90.944635
88.346834
91.108934
92.835199
76.033279
85.898451
67.136253
92.775383
87.528860
102.066503
100.642384
97.095113
87.648030
104.161106
76.691126
58.924346
83.258651
116.202175
74.619181
90.210229
56.273205
90.776271
70.803640
67.366489
88.989983
88.687026
79.801690
78.433344
64.539703
82.982386
82.909322
73.845287
71.300131
95.300045
88.002252
88.682877
94.255263
101.337333
87.639485
96.100400
76.974171
81.868692
89.308042
84.590858
96.833744
76.530269
63.745877
65.977361
92.431416
98.556678
79.645509
74.299152
90.004573
58.062087
84.964820
84.636906
65.256949
86.093175
96.086720
87.471046
84.448121
65.869073
79.751403
67.068069
77.487196
96.749252
93.409335
84.833342
81.977986
90.212713
71.190244
95.832567
107.898424
87.402099
75.033683
67.417944
87.092500
71.909859
78.409670
84.788378
79.777417
90.281495
92.291111
89.778937
81.932192
81.578105
91.326917
100.237276
88.401688
96.569934
110.058510
95.251094
35.267324
83.054323
65.858971
105.766608
92.899499
73.549829
79.370221
103.862059
88.043649
88.756007
62.785531
71.842896
98.510961
82.430451
90.439365
109.157345
68.811883
81.081875
106.151609
99.155021
93.219663
103.455463
98.520007
81.389293
79.418408
111.890183
75.393766
75.885174
58.507176
66.125661
72.784801
74.555114
93.398635
84.479870
98.679652
100.506928
80.682684
72.852416
65.297592
75.146188
68.550563
81.848700
91.748539
67.941875
98.597948
96.436432
93.314997
97.344843
85.053695
77.816997
71.669548
85.530507
64.014366
91.572242
94.086268
87.341295
87.482122
76.068180
105.003645
97.840848
85.350294
72.826095
69.827207
82.854502
83.078868
96.649852
81.581831
90.677478
91.665969
70.748696
79.056147
97.529402
74.425292
61.610231
95.863692
75.016136
84.984702
91.926123
97.568150
75.462177
86.614443
83.679019
87.860251
78.415043
73.147353
69.412400
84.301815
93.309771
92.962814
96.812601
60.339044
79.773411
97.626505
74.208771
90.085523
104.635074
91.741874
60.820953
86.206517
85.918926
79.809693
92.884017
53.925320
73.208862
84.431094
63.047447
79.936343
82.408861
104.632822
99.617411
80.907486
78.297375
79.564996
83.701981
61.356872
83.088259
73.042005
73.948780
94.154123
54.439112
93.267510
96.424058
82.448882
85.849713
101.866285
87.108655
106.634501
102.960071
75.452394
57.636051
105.094086
79.191659
82.660717
114.011521
63.989325
76.816836
77.355116
50.940175
85.576481
70.443474
101.158377
111.681101
88.264465
84.775329
77.396209
61.910911
73.160323
69.109484
65.459687
70.684542
78.197659
94.601146
81.419767
72.370923
93.904669
93.390438
86.492808
69.221427
94.298287
67.646358
70.846968
89.540662
78.300422
98.355085
115.333113
92.421002
72.231664
79.760376
73.127307
82.292112
64.040745
82.626561
63.424051
67.908373
94.972363
74.564473
102.278312
86.805372
87.010929
66.221420
80.424493
83.500600
83.749229
88.090966
89.767333
58.833123
100.644648
66.383487
66.848185
72.440912
77.416137
73.944618
78.107916
87.220727
97.785302
51.847262
76.744024
80.314496
93.757877
94.520156
51.836994
100.020294
72.344582
79.092625
82.186569
65.891492
72.850028
79.361756
100.891787
104.668924
96.308834
82.761791
81.858451
83.970414
63.418067
65.858615
90.437168
97.295188
90.606543
90.635779
82.406208
92.171375
97.345645
96.025217
95.047060
53.900406
79.978416
103.124104
77.422199
90.115400
103.815038
80.238878
81.998603
87.293472
87.816727
91.162087
87.650416
91.842793
99.414759
100.182163
97.579672
91.763539
102.701796
99.814242
87.649688
70.728251
65.076267
94.695912
93.361327
96.013475
75.889142
80.309871
87.370163
84.739910
100.154825
83.118751
84.223350
75.595437
84.780657
94.029051
109.808384
67.544220
92.364426
92.114234
83.178726
109.088116
89.879954
72.666355
65.454622
87.370345
72.686051
86.220001
71.909441
90.399354
90.324427
90.584164
83.173557
64.978568
69.654204
73.398438
89.976375
106.407559
65.717263
67.398025
71.931998
88.437158
98.236956
76.810779
92.966261
85.202776
89.061973
83.924797
93.306520
76.054417
99.869177
73.054852
92.448320
84.915189
80.449746
90.838463
108.226110
81.711285
84.708852
90.901434
99.555522
94.323340
85.528457
93.430018
71.386278
84.119664
88.568067
72.491674
96.728623
77.758677
92.245455
92.562948
91.112944
71.445074
92.604285
72.404353
83.408719
78.579067
84.357957
82.011466
72.872996
88.036628
94.402689
72.589804
104.700011
67.272484
90.567346
92.819338
106.448939
93.625136
76.963964
102.226653
97.123197
100.601561
84.369397
103.051302
58.393612
89.730567
76.812444
85.017824
66.602085
99.243492
52.802603
85.062271
84.398369
72.773311
83.587310
103.995784
83.013047
86.358114
89.776953
63.704022
86.065641
79.146407
72.020300
62.628065
99.043856
64.914296
87.614984
95.927263
66.577540
80.058973
82.145438
81.762088
92.652561
92.715071
60.985296
73.902612
67.400817
66.525575
86.637297
77.783146
76.598066
100.499666
67.680401
89.221007
87.022069
67.295937
65.687463
86.422198
69.811840
102.854829
62.468670
91.370507
100.112883
73.580193
87.697846
63.305070
63.774686
96.621400
76.281128
89.096769
74.886895
96.020311
78.645537
87.043628
85.272492
81.871884
77.506792
90.198407
90.911818
97.121271
84.525583
89.695958
89.257263
81.398824
72.846062
74.471098
86.150589
80.078831
89.562552
80.469866
91.134020
81.482915
77.880206
74.109722
87.643604
90.188033
93.403506
62.549234
91.816704
90.634299
78.605297
87.481766
71.374919
74.729136
89.709439
69.549496
97.375379
90.161545
74.826686
91.410577
77.101090
59.772506
85.666691
106.095609
110.899609
68.310308
79.068125
81.862667
81.240903
51.244665
67.366478
83.250586
69.023839
82.088754
82.175965
87.206148
103.930388
94.953777
86.982180
70.259950
64.733435
89.880156
91.980870
84.295302
72.222066
88.293572
70.789933
80.235955
72.988524
71.734606
77.855740
100.823817
71.935213
75.773119
79.002935
87.172202
94.080752
82.928169
82.226843
94.944728
73.104140
68.772920
71.566132
78.335196
87.581895
82.782016
88.406331
88.499960
68.331319
71.545681
95.955230
76.518978
91.249163
96.170327
93.768878
95.081553
98.235365
68.097031
94.198846
69.756359
100.070827
58.157403
83.717604
72.885484
92.367523
67.183749
96.508417
91.328881
92.988927
105.502802
87.375670
85.089014
57.965620
85.522280
86.776064
79.969398
79.437062
78.331756
84.135849
72.869624
105.562312
86.466095
110.162080
94.420372
97.420340
107.179963
80.420228
84.968355
68.218151
76.414921
77.798675
73.739529
65.280989
70.669968
108.997970
77.367052
88.823081
95.006148
104.871345
69.191327
84.430831
87.308459
88.499467
78.439815
89.532424
100.613677
97.927810
87.600384
64.478433
69.888788
82.213891
99.311476
71.976345
83.665562
79.081685
92.148662
64.581183
96.841835
97.689567
62.821720
64.286525
103.315689
79.458051
85.905668
63.000832
83.065734
85.672923
82.835527
67.963524
100.212051
69.611616
72.137860
82.346578
51.133268
61.166404
87.339445
83.580860
73.489375
68.470856
103.764380
106.460063
93.801167
97.030609
83.864396
74.745329
84.999621
77.543638
75.505093
68.590045
74.146663
65.913939
78.447208
67.838582
96.543767
94.146329
93.219942
88.530729
79.121192
80.703067
75.097080
72.067554
97.388198
64.389330
97.306920
73.139176
64.470761
75.627931
55.824136
110.510947
71.741597
99.330917
86.068722
84.798253
86.840600
78.752261
79.760759
94.387388
65.215661
71.641007
63.870458
89.270964
78.211533
67.953845
76.346897
101.900443
78.923068
104.757315
90.932041
72.029486
94.529950
69.567342
88.819641
61.123839
86.681865
87.262431
69.477166
82.311249
82.047879
83.204764
84.052760
95.052483
91.596188
109.412292
81.014992
83.444406
94.718330
73.746818
85.318158
98.923458
85.094056
58.566913
78.334337
59.685609
70.722449
63.756785
74.970419
83.227909
103.216270
102.308603
78.586230
89.263793
101.884155
102.709780
92.686479
84.950416
76.201655
85.111410
68.101799
84.639055
98.373622
82.265747
89.165770
91.348648
80.800231
102.577135
79.728441
97.997364
87.882306
60.674886
64.257012
87.175627
73.585042
107.699580
70.840410
83.698167
76.293048
92.776150
92.051522
62.972998
89.054277
108.760882
79.922328
85.933998
83.162150
81.838720
90.435652
82.912203
101.615627
60.745309
95.404532
69.396273
103.154934
90.420558
83.671507
85.961582
80.612791
73.357570
67.140443
88.930772
65.991198
91.593985
94.720871
80.512056
94.969764
81.344563
90.738930
99.346216
97.484253
91.760769
63.461471
78.756862
96.710130
73.927355
76.807993
83.825361
53.048836
79.368783
72.625982
100.549381
82.922214
77.792273
90.670437
67.816527
62.637491
78.986091
85.711160
75.686076
89.052171
81.179898
78.665684
91.377600
64.738968
82.838723
92.755788
72.221893
93.668051
73.573179
76.671870
105.708140
84.548382
72.251863
73.295962
82.659685
111.949005
79.981493
98.466050
95.032276
83.041271
80.945350
100.527286
77.195579
84.440197
87.631220
106.076753
73.285216
83.897186
96.255088
75.712555
84.670830
88.406451
94.987461
84.293929
85.760510
69.601607
91.226242
59.304305
111.668355
78.408263
74.666423
78.398026
79.151460
103.088748
52.453792
80.214104
92.715710
59.651202
76.832352
106.325268
83.274607
78.759023
84.750395
88.776598
104.443881
68.739897
76.611733
92.223189
70.329061
105.433408
93.547454
86.860262
84.750176
80.834082
75.955042
88.193734
91.200454
103.375629
83.904595
76.296677
76.985008
87.780374
92.620468
84.499340
91.431914
84.946839
74.132517
101.428179
96.999450
67.348924
87.452968
84.780107
74.900095
90.753891
80.660209
86.580668
75.540357
85.237736
78.639971
88.632085
106.598757
80.528742
80.559045
88.539167
77.063936
88.389725
81.654764
66.690475
95.551295
98.583736
93.597971
64.477983
74.234934
100.713518
85.652557
93.547110
107.428182
87.578412
88.781335
78.551917
91.784899
62.571654
64.789758
99.071916
104.086078
73.006314
77.906007
62.040169
101.045931
93.509476
74.357123
66.450473
89.608825
80.016987
78.506710
71.001403
68.802365
93.313932
91.638470
65.333157
83.470250
80.525966
82.119606
104.368976
66.383269
83.321738
81.982425
70.309162
87.306240
83.199555
80.853327
75.265531
57.722247
83.523116
73.449669
81.932439
105.575884
85.781483
86.283784
91.169973
75.848525
98.169929
70.341281
103.253984
83.131715
64.827876
100.836643
75.795107
64.894163
90.354635
64.465510
70.067095
80.737897
89.521613
99.976212
82.177380
64.809373
70.713441
97.614670
80.002734
84.484061
88.766936
85.720260
77.710172
103.865828
65.079805
81.024346
80.889511
83.991758
69.730125
68.420209
70.857069
70.601602
68.385700
63.307813
70.804822
71.505096
56.137928
70.907447
80.298075
96.922772
93.425904
106.068955
87.128881
86.502095
83.192671
103.948908
95.788502
109.095007
71.697153
78.376597
94.690772
77.740017
65.237078
76.664960
79.685905
90.370921
92.347817
79.627178
90.304467
75.165263
100.673622
70.163201
81.226113
88.865768
86.696725
71.771589
94.603550
77.304309
55.731010
78.011882
103.422482
71.554949
69.192759
86.722594
80.136035
81.867775
94.505261
88.821319
92.663611
65.904205
82.956578
62.133566
65.210998
100.668130
107.320797
103.683519
69.525770
107.350365
77.059465
88.360563
95.357009
78.711211
86.276088
89.935495
83.422925
82.482352
99.734739
86.330583
85.927679
83.878456
74.355042
95.467320
106.050149
88.006597
77.726211
85.032129
80.153547
109.676319
92.077308
89.552890
55.240408
91.066605
103.683106
83.254827
90.693645
83.582015
57.262760
83.216635
67.390679
100.553232
97.740124
55.048353
73.588372
97.089943
83.527069
89.141470
72.231199
73.273598
82.813379
83.854552
74.801197
84.985177
100.456887
91.065605
97.620636
95.044136
100.915314
82.038519
75.219733
99.187538
78.902026
79.736066
80.147308
107.604040
77.609763
96.404371
90.594746
94.001010
95.226735
92.038875
78.274024
83.164742
80.211113
85.242348
63.212829
99.306207
77.646856
88.490929
70.116548
93.334029
106.527935
106.795766
107.388228
104.608938
73.587187
89.598882
105.403804
69.963977
100.798081
87.770782
81.431875
82.532932
70.675971
80.480970
78.545447
73.257546
79.285899
89.880894
89.274253
52.965461
94.065857
76.803415
62.112986
89.704569
108.621263
56.748601
105.251616
75.307143
80.870096
72.738092
95.259818
85.156238
69.907967
68.936963
111.695214
61.520277
79.504704
78.818236
64.273693
48.334921
67.781771
83.113671
70.576798
65.981031
90.266377
85.285082
84.572042
89.996829
73.796060
92.315886
79.800030
100.162750
88.008328
74.039558
83.065047
59.472555
73.008908
92.092962
66.300263
100.660518
90.354301
69.609596
90.767563
40.955503
104.331985
83.139022
79.493816
99.237173
67.037143
75.939488
91.555221
89.848545
79.485732
78.377960
89.719984
69.305548
90.843128
87.439085
65.576546
87.615602
85.731070
89.689124
89.674346
89.339643
92.311872
114.861660
93.636486
97.411131
90.266749
79.696704
75.452143
104.532904
82.134987
96.233514
84.675469
85.162029
101.404551
59.285813
76.453456
102.139526
75.356976
90.353000
92.612785
98.507623
91.329043
69.906590
84.710803
95.886543
104.223309
88.543465
71.055548
90.610414
89.789660
92.465980
93.368871
77.734159
94.327037
71.808277
75.161407
89.707403
73.953626
74.182307
101.411460
68.398971
79.141267
78.899213
78.443198
64.507172
77.766457
68.323586
64.402421
74.771043
74.400698
75.448709
61.595750
77.221181
70.527083
73.051009
94.377582
100.853522
91.638034
79.961525
96.616461
75.657476
78.852128
74.353103
93.052349
90.280629
91.170615
90.924268
107.170011
87.123069
80.650896
71.810543
86.807606
95.465228
75.192785
59.252600
96.605226
98.720394
107.412510
92.539908
56.684588
74.347141
85.584521
87.230503
89.192328
66.395622
71.391626
82.640586
69.577977
76.728801
86.149600
