83.012262
66.782608
63.007360
68.644996
81.481153
54.972975
72.177024
85.548798
86.112612
80.717690
93.801402
89.287607
79.858883
90.165789
44.709843
64.494851
73.456766
89.682078
74.280653
76.251918
107.595804
64.823296
70.151895
81.532016
100.189211
59.430006
73.057747
76.479056
77.975585
97.569971
101.006607
87.706740
61.879768
63.445414
86.768573
104.478380
72.459530
51.541808
76.783204
60.631484
82.738939
91.085140
62.724718
83.792056
91.894364
83.999621
72.187487
64.039118
43.495008
92.178754
54.342352
77.829848
57.405640
63.884375
67.949463
66.773522
87.490122
59.093373
73.776593
85.770632
60.238760
84.175052
76.324149
67.887330
85.266087
84.486338
80.171083
51.903828
85.116891
80.717490
52.960685
81.978271
95.798395
51.898292
100.707267
74.316447
58.680218
76.217179
95.020290
85.158937
76.612440
78.394509
65.895862
60.463081
86.257395
79.436273
84.602185
72.042089
91.248529
89.932477
67.928919
67.624386
76.916589
89.577794
66.726665
61.008682
82.858394
58.182791
76.062625
68.214100
82.281545
84.261253
67.781708
72.343577
104.264990
93.351612
91.715884
100.253345
76.307067
63.949625
62.765329
68.603032
92.572063
70.440196
96.994090
92.370424
77.651139
77.716266
101.471985
84.380115
59.092461
66.906761
76.306293
63.465676
91.051429
86.984889
61.230774
51.645735
79.781298
61.918363
54.298207
80.998103
88.718942
61.977418
93.933802
45.741907
74.848719
60.822270
71.270636
74.400442
85.140516
69.940369
72.609347
91.071706
93.547145
79.689957
103.780414
90.900589
54.231847
59.586743
63.032699
80.908982
77.775449
66.847981
87.635253
75.358634
74.845968
58.433301
73.868007
100.093792
80.696683
83.651983
102.954537
80.641902
55.734458
61.881462
54.032973
91.239124
68.314360
76.780907
79.985345
91.302344
79.360811
71.275522
88.823252
102.216372
97.007620
66.118030
90.120571
69.665979
80.949106
90.661518
74.040474
77.993620
79.818612
55.199688
48.198433
72.703117
76.816546
60.051046
61.633226
68.261465
83.462524
79.191099
107.416167
98.595044
87.745050
59.756181
84.947315
58.649404
87.034215
72.682526
53.590272
59.633716
100.723587
62.126345
84.989264
83.824882
52.101732
82.249076
86.976585
54.340948
51.772026
75.117721
92.877646
98.925973
41.002069
59.708832
103.360424
68.425022
86.591123
70.674294
93.767286
72.835082
85.535128
84.500596
92.374099
79.408100
79.452185
76.846982
97.652773
43.184378
74.261894
67.061973
57.286692
62.257604
91.429484
79.374333
68.624633
51.285678
83.885034
82.207024
93.787018
56.714866
71.298097
75.358651
57.647522
98.855517
77.863930
62.479906
71.752336
60.984479
74.318900
94.141700
79.363593
87.244161
75.237166
78.781439
66.515585
71.970729
58.309020
68.704185
82.055657
95.329626
65.202707
79.092343
76.894667
102.958286
98.330129
89.110713
90.195502
63.230805
58.489427
70.828658
79.960461
97.730197
81.436870
73.104891
93.795152
97.600457
60.659073
61.805406
87.762580
97.856484
80.054227
89.984276
89.022578
79.579243
74.991398
91.315045
78.825541
74.366665
72.536189
92.814831
84.899662
73.882658
73.899858
94.678165
100.388363
84.810201
78.418872
97.352047
61.334291
89.339710
52.211377
84.334513
87.389839
77.111709
90.534289
75.048180
65.735619
68.814992
65.962870
65.747357
58.900450
76.076352
102.612333
96.613142
79.703939
95.199466
58.955619
85.116965
79.465017
94.213542
68.706451
100.710564
91.842704
50.971862
90.967476
92.002185
75.559140
95.847839
82.659897
94.819966
46.815580
58.106842
98.539514
54.359167
75.156891
71.756281
68.078961
90.701582
80.831731
107.016862
68.812445
69.542169
91.558441
78.758139
67.343536
69.845096
77.634368
81.283679
91.389446
55.267382
75.485047
102.121371
77.671605
90.329257
70.605490
92.225181
98.586625
66.171107
93.799425
91.421329
65.769302
94.499549
68.241464
92.244508
84.673544
67.810448
75.317433
77.571734
74.555068
69.929645
64.963910
75.558490
68.352686
48.769971
46.104380
102.494348
89.880310
69.611792
60.901690
70.506151
71.055508
71.220809
97.278121
72.173910
92.156869
74.697923
74.914376
77.603752
52.734905
74.024009
89.047738
88.506947
89.255774
72.049776
59.527101
79.785338
90.270989
82.883052
82.223876
68.471338
78.652153
57.603022
80.292438
92.012727
78.251538
60.477911
61.217178
46.651176
78.454988
104.428366
88.702906
83.870890
62.148085
79.870318
57.822022
89.879475
81.937988
100.209063
57.829547
70.736839
85.232550
63.135215
54.909711
99.888992
55.170137
97.265957
68.308252
89.687047
89.444733
80.296758
92.749355
102.457563
75.477058
75.214310
84.153166
96.492587
65.050646
100.199877
84.760172
81.481859
69.549729
64.975078
79.461987
94.346537
84.491471
61.113804
103.926338
96.973572
76.432635
86.748911
68.917264
47.995159
55.005136
64.141433
82.696887
73.868748
80.946842
60.809387
80.373580
81.932531
86.054380
67.102730
92.287756
89.817285
74.589582
99.629239
68.158562
78.086519
85.285065
84.834367
95.712669
72.463974
59.774585
90.547283
63.670116
67.789022
72.810766
76.795088
87.705875
85.205336
90.156696
71.294246
80.623680
84.321323
62.457808
82.919071
104.305846
78.123446
60.154000
57.201245
57.307881
45.273967
83.684632
69.559047
97.287092
65.028173
64.480598
79.135173
82.423308
50.492535
48.359528
98.615295
88.964261
78.134331
80.320963
65.385915
64.642296
87.770054
78.291513
85.798482
86.226153
82.768413
78.870154
64.694042
86.073698
98.647832
71.453085
102.133266
79.121958
71.703560
95.335874
84.613575
69.412523
81.635032
64.031582
65.584029
95.968195
77.342493
89.018427
93.510211
86.216815
88.703951
44.623005
81.538545
66.846864
60.636173
45.531758
65.704530
90.836062
76.942259
108.240433
83.243110
104.219595
71.591031
72.571142
79.330840
54.974789
77.039651
76.380631
86.135102
84.794246
90.008190
93.968421
75.197907
66.473858
69.297435
92.363076
80.446374
90.215255
45.996993
107.414858
93.222912
74.358190
82.103268
57.559283
84.427813
58.158073
77.529309
81.549856
60.033784
100.226815
87.460885
83.728177
88.068647
60.317606
70.027729
84.563807
78.877268
91.679488
53.251071
70.536600
73.262832
82.898037
60.728636
69.944409
94.663962
85.147655
68.102611
75.856233
72.273411
69.805800
69.508878
84.127900
82.113574
71.853192
54.267495
66.351844
91.457006
84.610640
60.989537
88.134165
43.063398
62.992978
82.686134
67.136734
79.845347
86.980437
63.340946
86.596426
60.080481
86.790888
81.722876
82.747839
92.434545
75.436991
78.333655
92.207838
112.359037
80.513062
60.493695
87.744974
69.197077
86.472256
74.284851
95.155860
80.580083
92.093280
78.412183
74.851675
72.745849
90.573310
89.253738
101.462568
76.051471
96.498153
80.738301
66.073873
88.624232
58.836104
88.804995
74.100443
91.962618
78.131906
45.455942
82.798031
97.533662
99.138233
62.278471
63.113073
51.938131
87.219639
42.980670
69.431420
56.967203
91.027579
71.164761
60.926862
86.622232
85.287746
72.220536
76.949089
77.954564
69.457318
86.937629
88.701672
95.311621
56.414843
69.684201
75.214254
77.012245
81.749124
58.185654
66.937608
89.185276
84.444333
53.633280
91.220387
81.732421
66.057111
77.176683
64.608551
81.699493
62.383360
68.916297
80.747524
71.708905
92.262143
87.486594
50.618135
96.954144
63.902078
86.309773
82.230964
86.602120
83.364284
53.074487
92.521430
74.288111
87.273279
93.639875
76.535999
61.619329
76.571728
88.188117
109.992097
89.524783
60.890125
76.799978
69.935988
66.740905
82.992863
62.922662
74.948033
85.149883
69.744088
58.248537
73.491933
67.413155
87.767744
97.523391
93.678905
89.482613
80.891571
74.201795
67.805264
106.385010
77.022512
94.409908
86.744670
65.665675
82.821005
56.332816
96.845112
60.322803
39.745359
64.395945
86.814778
63.264719
66.732173
82.032179
96.793114
96.100960
65.210779
85.201202
85.663026
56.136042
83.516569
91.673955
57.261580
85.959473
74.599533
85.632478
77.025066
93.001686
79.125518
79.658725
100.451005
81.839789
69.161198
90.388692
68.960719
75.596926
69.867542
67.620144
84.770064
70.598757
92.443578
55.529539
86.700344
82.794736
74.820360
86.565412
84.400880
49.442505
97.961194
82.203181
76.870157
82.962771
70.540171
68.740408
76.757404
48.530711
68.725885
98.888395
73.293621
73.450972
91.203920
69.873287
50.863109
89.832107
50.710313
86.592588
78.327976
81.525029
72.760762
62.609618
86.060048
78.588961
67.979322
71.070172
72.692700
51.187301
84.875476
67.490698
87.781065
66.794542
76.507877
67.858304
61.190196
62.100285
93.006701
54.599531
87.996979
50.433333
78.894614
58.258234
61.775416
64.930262
76.913366
79.842753
100.175024
70.981175
70.054792
75.746131
65.505855
79.762680
65.493761
94.731756
69.853084
59.672545
68.907253
44.291003
67.975949
64.567264
90.558340
87.831165
94.080787
70.199110
69.761247
94.481395
69.166145
68.216465
87.375114
78.588085
83.628449
75.905360
78.940496
50.640937
68.878819
75.344677
93.695327
84.751717
62.367713
76.080770
82.323824
72.453644
87.910978
64.378437
55.126084
107.889575
74.090081
75.798282
61.863612
57.781179
50.846817
98.105044
84.682181
78.864549
63.875334
70.274510
66.009225
103.510912
79.223988
71.120692
57.050725
59.743880
65.540601
86.337408
61.759546
78.528875
59.619575
60.303853
86.694196
68.741657
57.708842
57.700698
76.610994
94.513167
78.004493
58.079536
95.510338
90.829044
87.089331
84.350441
61.744921
83.750871
87.078393
79.759294
80.129218
74.592059
93.943065
98.835441
72.520787
69.229227
76.310990
86.456106
87.281910
94.787225
59.686205
71.403295
65.041847
80.328610
80.953170
65.347275
80.936805
82.379679
63.776303
93.692478
92.665516
73.268392
87.632877
67.963185
81.330445
64.763011
76.082248
99.838240
75.480288
69.254901
83.119004
68.929359
68.342440
56.681300
77.626357
90.177020
80.703066
76.182088
46.612837
83.593848
99.338747
76.380129
92.426462
64.504347
93.490144
79.866369
88.412531
79.557828
82.180088
87.501977
73.489625
69.759098
92.013877
70.840624
99.717124
74.807637
64.332583
75.208706
61.457790
68.240647
76.080303
102.588622
64.140486
96.060650
74.523708
65.032803
55.073185
91.861188
59.643410
67.498654
61.470643
77.252185
74.635766
103.549781
69.387247
115.943366
74.188627
84.840925
83.584098
58.530636
73.479922
78.060388
88.558722
72.630425
77.286843
71.088632
66.573691
92.697111
100.634461
78.194265
59.017292
67.328784
76.303352
73.967597
88.197261
93.586052
98.198206
68.535897
90.230270
53.176585
76.144796
75.232530
63.619193
97.895540
63.194393
72.076648
85.536771
78.709448
89.690764
81.719238
74.047853
83.326280
41.618011
72.242633
59.519259
87.348984
74.342194
100.667752
93.394509
57.922542
68.582517
74.620526
92.006861
53.146643
67.693658
74.947883
83.576257
70.219135
87.966802
58.517847
74.719687
77.102982
72.936778
90.549205
82.461390
61.165468
94.628363
81.307441
64.736475
93.452850
64.709465
78.594250
80.686343
78.844194
104.530497
81.296830
64.902904
61.485310
100.619998
73.046863
109.894177
85.688089
84.403292
67.773215
77.339906
89.819575
80.284510
77.386877
88.781663
73.961734
82.676643
69.833703
95.780311
82.518519
59.294707
84.360955
62.584120
67.346010
80.579709
54.076582
66.116938
60.817833
68.953884
99.834246
64.839649
73.243420
73.228824
90.751250
88.054549
96.237422
78.763560
72.948863
63.414721
75.843357
72.395308
47.273023
80.963408
87.210040
92.703445
73.891838
83.263957
77.452722
106.014281
67.397596
59.016975
80.471204
79.898222
76.783996
93.857591
76.945276
99.158027
90.498947
91.921064
78.163414
66.513203
73.418091
69.509130
80.255758
70.483116
103.522344
64.816019
59.951916
94.496439
83.124864
79.439739
66.003102
107.789558
84.115241
89.272868
63.942331
81.949402
91.222506
83.281190
73.766897
70.845654
98.395731
57.063416
84.236513
97.300872
70.509491
71.369124
69.950171
67.200580
78.685369
91.986372
91.342533
93.739833
57.687089
74.640757
82.253175
79.995475
81.012729
78.729007
60.345397
67.997933
64.907884
77.308797
95.665717
84.921293
55.636564
77.986422
73.577582
63.442363
87.160623
67.296722
86.848158
75.491935
74.413248
97.007279
66.939050
76.552388
60.839460
71.706670
92.359153
93.247828
92.068055
69.449239
76.047438
81.263082
76.040763
70.251904
90.627103
49.783037
72.238996
78.516539
80.149624
98.752748
78.747937
76.728635
50.842859
92.667056
67.314127
92.063837
86.603500
87.963096
85.062889
62.180694
84.524888
77.397284
100.195145
66.281289
106.270040
89.050881
78.509360
94.026666
72.890349
83.671222
85.123568
87.286895
86.062663
73.733966
84.827071
91.409181
94.582988
87.329852
69.363831
91.946808
64.458527
63.028311
79.668236
77.414092
63.226903
48.380559
98.032452
87.917473
65.876336
69.381312
95.014447
77.657115
93.274527
105.718525
72.133511
63.913853
66.807532
45.405322
49.866862
71.473352
91.385703
86.393522
98.330972
73.119006
73.266876
72.753955
89.836267
57.031268
69.964947
54.765765
87.132659
47.154793
70.406422
82.987153
56.814040
84.740018
92.468268
79.388553
93.537741
75.742405
91.451681
74.835543
85.033529
78.501199
69.021253
66.705737
62.988312
94.592755
72.351781
71.013100
76.657303
78.792356
84.854231
85.593067
68.293273
91.070053
90.678977
112.548057
91.151714
100.803160
69.391077
65.182562
78.499693
80.844742
70.336676
65.968981
83.897425
94.007627
71.630164
76.863337
70.179585
61.169460
82.149735
73.515974
56.434610
63.340903
86.918975
110.809934
107.274318
77.995368
67.329957
62.881283
77.521489
82.037243
71.415827
102.646057
55.230824
67.881147
102.183656
73.547647
92.644340
78.552461
57.374628
77.871326
100.336255
74.623504
81.167515
86.354994
82.738658
83.947177
71.433471
77.363846
55.040971
71.240333
75.376350
88.500609
79.375335
87.450263
63.423490
79.720833
66.231902
67.253628
88.892462
66.951238
68.029772
68.878041
80.143857
55.478110
53.527483
64.880411
68.440006
80.475893
72.251326
92.688330
97.542255
85.651594
87.637943
91.397811
69.522503
86.423286
81.802966
98.240602
64.043536
78.343964
90.998737
60.166073
74.697465
77.933262
104.952736
70.344746
94.048432
68.877893
94.677341
53.622319
86.322945
64.495669
97.630155
65.964084
79.533093
71.083693
83.632344
60.099496
65.502133
75.245173
85.201072
83.447177
70.864516
69.143220
59.023706
81.889961
53.878332
74.299808
92.706426
77.654790
91.589161
74.305270
99.265988
100.174283
96.923027
82.920664
73.535980
84.051949
74.471341
76.961456
104.004868
83.553226
99.269171
90.505182
66.323876
98.517548
90.777742
93.486276
84.519733
75.242509
57.763578
87.299710
85.686789
93.807768
98.644782
75.488460
82.019014
91.281999
73.103903
88.405738
58.830676
75.140489
58.102718
71.714493
87.887678
81.566397
70.721558
88.526867
97.044161
95.812342
99.614186
101.208936
93.026747
96.147992
77.890121
63.382018
66.325805
52.341521
50.695261
93.412367
75.261058
73.804659
93.568721
59.143857
87.711733
71.793201
94.200107
87.239015
88.038287
80.222663
85.694027
89.096418
69.207588
75.256920
63.736035
75.509453
80.232651
72.875605
82.715717
92.416764
61.745989
97.198954
55.887903
94.601189
76.833704
89.659503
99.053621
73.247874
76.134746
52.953819
86.853427
78.049339
85.824150
81.579413
77.192604
72.461911
53.327992
77.008360
69.874809
63.048732
95.834757
78.848836
91.651836
75.623979
84.098811
64.639617
77.353682
59.907269
84.865053
77.647030
52.558367
63.666517
81.836254
58.040275
74.744315
52.975787
59.849050
77.253048
64.810842
77.206974
94.607399
47.108466
106.222460
80.827928
78.027821
96.273315
96.234369
87.090151
64.855426
84.743026
99.101333
81.491447
81.334068
55.456678
61.172859
85.321255
64.860374
73.672325
93.506105
62.060730
87.681595
108.127201
69.671100
76.078472
91.471814
67.771915
88.740801
88.482010
93.601238
91.170889
103.959601
85.141872
76.988681
75.125080
71.248348
95.564296
90.878447
64.958202
57.514589
79.984778
73.787838
88.229169
94.271979
67.808768
66.265412
70.670024
95.628366
67.459329
52.683819
99.981900
73.212895
66.566373
66.815299
73.669323
92.721693
81.746086
75.451618
83.624833
64.996849
80.134848
80.113535
95.520764
76.188301
116.067031
73.391091
64.046652
68.327642
52.781991
78.302856
83.567224
66.067587
61.813923
72.649719
71.992715
60.481063
80.294740
85.534071
64.446707
83.883273
95.013484
59.728751
72.269272
68.469628
56.595470
86.785010
55.460659
96.612865
56.315507
69.324959
84.795246
84.839448
85.733095
61.079930
88.693693
75.782373
71.691469
84.141016
85.072178
75.257786
72.853664
94.936862
