10.093337
7.652745
9.801760
3.806466
13.160980
0.321488
9.065562
3.719419
11.157842
10.598992
9.467521
13.264778
9.083998
15.966232
13.107504
3.507901
6.098744
16.006849
5.960887
3.031819
9.408513
16.223014
6.534148
9.035639
5.036986
24.029792
3.515483
8.516127
10.557016
16.812978
6.576606
3.740668
20.060832
17.714348
10.428333
8.311636
3.858120
12.649932
27.323057
2.513419
4.740787
10.568737
14.957627
10.829013
14.388116
0.875246
9.720501
15.251944
9.186825
5.311168
1.235478
13.867110
4.769796
13.406827
9.925027
6.695834
11.356605
3.822264
19.075244
0.886965
15.929699
1.767335
6.967078
16.029096
12.366648
6.458150
5.952309
14.149638
18.301408
14.143893
9.749258
14.800672
22.471525
0.148209
7.684513
16.875688
3.480550
4.962805
3.733273
7.747252
20.012798
13.370140
0.760863
3.307373
7.972567
14.334300
7.215537
12.945034
3.628222
1.480173
14.859360
19.212820
4.263096
9.377845
14.443942
16.475508
10.485842
15.867788
8.739398
2.635889
1.860788
13.071681
1.181963
1.876233
15.264845
6.422742
3.785251
3.276432
5.462399
27.717715
22.521982
20.712759
9.939032
13.198990
7.108978
9.350267
1.113662
9.571336
21.451784
16.749599
5.571586
8.555996
5.121212
9.824799
6.632063
0.812085
2.610035
15.825248
1.364091
16.035459
16.472886
16.870672
8.676876
20.343784
7.910693
19.911534
14.589115
8.494833
5.282743
11.953094
7.931115
1.895024
6.172256
12.176650
6.196276
13.215831
2.459675
9.009717
6.195000
22.424947
13.570764
17.440144
14.614346
1.869424
12.989838
17.819747
3.738215
14.200626
2.117187
13.877474
18.629958
2.622063
21.612876
13.834447
13.098878
14.848963
14.001886
7.308306
12.142467
8.615198
5.692534
9.526888
5.260574
10.263658
18.329658
15.555542
2.668375
15.360694
4.871986
17.185721
3.374615
15.877748
6.568570
3.229537
12.426127
4.853315
21.125510
8.754313
2.353016
19.084734
11.075560
11.349926
8.664538
11.307884
4.826115
13.440400
7.462827
0.389322
12.741747
13.893275
11.054617
10.485634
6.577980
11.182646
6.930306
0.987757
21.517479
5.130086
1.286790
15.332107
19.623565
19.995772
6.640765
4.646255
21.281890
9.273996
10.384069
7.828813
9.923157
13.121032
6.050501
4.023202
0.659063
2.058660
3.431371
12.740598
15.503756
18.320640
15.327377
17.221787
14.859980
12.745529
21.360252
2.919159
17.765385
1.212461
2.537206
6.573599
0.667793
15.153021
15.460427
11.900722
6.513956
13.480961
5.718650
3.045812
2.958851
3.207839
1.698043
6.556397
3.244722
6.447087
12.156518
9.273927
12.143343
17.062273
6.662512
21.871278
12.094613
0.725982
12.342195
18.190833
17.768461
18.092187
4.190380
5.691646
13.337606
4.715990
21.289911
1.113528
14.257864
8.215772
12.691776
7.353650
6.915195
14.164201
5.501531
0.727757
18.402144
9.856503
16.658271
15.044022
22.389938
7.013173
18.756475
13.724106
18.227233
12.218762
11.288982
4.186311
16.523685
22.017696
10.541165
12.375168
1.759277
19.458415
5.665642
19.327868
3.821379
9.165564
7.332910
11.416424
14.856694
13.790675
21.179067
10.412452
1.729203
0.518442
1.855852
20.591123
7.111358
15.135148
11.363221
0.461170
7.632012
8.970941
15.469435
10.588524
6.374112
20.534905
11.391626
18.915645
10.973735
12.817375
2.666599
5.238885
5.742116
10.776048
19.533058
5.983562
8.612166
14.725125
15.106540
23.769125
10.307566
14.506532
13.673394
12.091505
5.789232
11.665921
1.794936
9.999431
12.580894
7.840341
3.706333
6.599398
9.371588
10.414853
23.008551
18.751439
4.723113
13.615900
15.066161
17.634776
17.232797
16.570490
15.865734
20.094456
1.168080
12.779272
5.585639
0.038131
11.172674
3.155030
3.846794
16.663637
12.226239
13.039137
17.072247
2.217382
5.321447
7.966875
12.856578
0.221940
21.347490
7.397107
5.935473
12.334855
9.107905
5.095944
2.518973
13.470037
13.255445
15.257433
7.019261
11.992299
14.077560
14.594835
18.642666
9.515003
10.634128
16.741534
19.100319
11.549088
3.743143
4.283590
9.078055
26.236930
3.678815
6.832641
15.825776
8.486315
8.832261
11.101611
16.944665
8.505796
8.964311
11.239764
6.461586
10.929723
8.666359
8.140375
8.121104
1.344412
0.318661
12.763022
12.065119
6.579784
1.852355
3.023065
0.164202
10.036686
3.468341
16.946643
3.571707
6.355232
5.433490
8.546652
0.556723
13.362547
2.164373
7.881745
20.446766
3.525765
9.856017
14.299575
3.121050
8.538523
5.643408
4.885819
22.533799
17.087567
9.934734
15.739702
12.445562
14.898624
10.193356
12.932417
17.825915
14.883561
0.364876
16.071154
1.850293
7.555500
17.446337
12.666455
21.608816
18.328421
2.388528
10.672689
7.006468
1.279950
1.661304
11.403333
2.666131
4.747969
2.793060
19.570288
13.963107
8.500725
12.169284
10.840806
12.985494
10.346856
1.949971
14.989136
10.753895
4.082527
16.941562
9.211807
25.925063
0.158162
10.030805
9.371870
3.818783
18.241059
12.392442
6.783008
0.908171
1.740568
2.426869
11.921044
6.374144
7.830442
5.402666
23.295100
14.924267
13.776270
5.592875
5.886916
8.482128
5.719772
7.751063
16.877591
14.461840
10.751593
3.867661
8.451346
8.174857
15.632389
0.714317
1.173268
10.841737
9.652817
5.706460
2.574205
1.168707
14.308770
16.315828
7.903941
3.665090
9.546351
6.892895
18.524391
18.510128
6.303139
20.563082
7.424002
10.006328
19.943830
18.369246
5.183927
10.569896
9.696239
4.636981
9.805974
12.178226
3.777786
8.915054
4.513052
2.403904
12.771869
8.188599
12.791078
3.163111
3.411215
13.897106
14.132849
0.922196
11.066329
1.504295
6.459427
11.943954
5.154253
16.610107
13.304105
3.855461
4.852024
13.854099
4.901074
17.061899
14.095436
11.928410
10.259317
19.750306
16.989212
13.727802
20.264406
0.055680
19.515987
9.861086
2.172550
21.620254
1.527367
16.549293
3.293500
2.195193
15.798035
13.942439
4.685600
19.601526
6.879621
18.628320
14.460752
18.284794
1.674227
0.716502
6.409840
11.279956
18.763738
15.114043
10.895916
7.065526
10.749826
8.280226
12.728545
4.447403
6.538335
2.754650
14.783119
4.190943
1.195098
9.718601
14.306397
15.742729
7.705958
5.516639
13.812475
5.516785
3.653454
13.339925
0.898137
13.571561
4.206395
6.337573
5.855820
2.773375
5.526932
5.224211
7.031235
11.818799
4.476734
9.952816
8.750914
17.556739
4.092895
10.096245
2.261142
12.918549
18.382897
14.842067
16.704900
11.187429
13.604857
15.653343
6.367324
10.819856
15.363397
7.798923
0.333918
11.601378
1.584360
3.458853
11.907884
8.910950
19.646469
14.508333
7.107667
0.762320
4.267796
5.977762
25.441757
11.102857
22.939513
19.805480
14.873581
17.679311
14.949884
8.050679
6.100506
15.891505
13.803372
13.439736
10.130208
0.670726
11.067892
1.585399
9.427873
9.967497
13.511855
8.246161
23.759862
3.032000
21.024098
13.706686
9.232049
23.834743
15.128301
2.465271
12.161707
13.432845
0.338192
16.963012
4.922393
1.077699
8.503007
6.951553
17.608595
0.186900
4.691096
15.356564
6.825375
2.847375
4.513124
12.739584
6.200502
1.926927
11.259512
8.957214
19.282336
22.591327
9.036255
3.568060
2.523887
11.254957
9.222333
6.662501
10.843182
7.362055
13.418179
3.385202
18.246118
13.539493
7.627654
13.395781
10.009186
17.433121
7.970493
12.423621
1.211949
0.702858
19.995350
14.378764
4.416268
10.135325
9.392582
16.821008
7.215418
0.116273
11.176881
15.790955
2.365647
10.078471
1.937012
5.747189
20.404402
5.633762
2.832989
17.558985
17.081509
6.025692
5.551801
2.067086
0.021479
10.406974
8.259855
16.003094
18.364128
5.907906
5.164298
11.663550
10.621484
1.398145
20.863994
10.674810
16.492570
12.448156
18.115817
4.438364
4.685434
7.552870
11.558029
17.480662
25.415698
6.019662
5.343520
20.956228
21.035014
10.937899
4.642450
17.132724
16.473290
22.234981
20.924930
5.651708
5.774410
7.583673
4.614297
10.217123
13.706377
8.080339
3.452692
18.605443
16.188743
9.520651
12.412668
17.667213
19.929502
12.202753
6.152456
18.277314
14.319072
2.128341
7.427917
8.792416
16.433272
10.852467
8.852693
21.131394
4.683649
13.921993
10.906379
20.388756
15.499639
2.484019
0.835645
15.003285
14.325870
7.727883
2.005736
28.495497
4.853858
17.443606
6.333799
7.368805
2.197673
21.037256
18.002225
5.979730
12.300996
11.852460
13.646245
12.018452
9.544249
10.686274
14.133868
7.953347
13.729742
18.166276
11.551402
9.657617
11.993329
6.424554
11.150959
4.178973
9.028858
22.012956
4.721945
12.861824
1.831438
3.437444
7.315249
22.363456
3.551738
4.558939
17.062776
6.149613
4.397154
5.773992
15.716217
4.071164
13.656676
10.341286
8.643953
15.360497
17.210607
8.609807
13.313017
4.517048
20.828628
4.425569
0.353002
4.932690
17.159675
8.165262
7.517626
13.068808
5.930842
10.299015
1.956214
9.266555
2.146991
2.250693
12.428685
14.034275
12.968040
4.598531
3.228599
6.657168
10.698006
4.242823
10.849449
12.068483
7.741125
12.469994
10.509202
3.801842
7.751416
9.239798
4.004963
2.110777
15.010065
2.947898
11.133347
13.568949
8.186096
4.746105
2.854076
8.313171
5.000050
19.930762
15.511381
15.795609
14.617758
18.466801
6.454012
11.844942
2.207468
13.431565
7.716583
16.273676
4.204193
7.675830
17.987361
16.068880
6.726625
16.051783
7.003139
21.315959
7.245170
7.449688
0.908457
3.231606
7.471016
13.531388
14.190031
13.169770
13.135811
1.706214
16.053523
5.170426
8.785625
9.539362
8.432738
6.218837
16.159285
5.804243
9.532213
6.971540
11.793872
12.031789
6.749752
9.588310
12.620816
8.084024
3.135854
5.637329
8.614472
3.226133
14.408464
11.683446
3.341758
14.426962
5.183515
10.892093
18.899827
6.388433
13.165580
5.881240
1.157800
6.426880
9.908126
16.808208
11.647963
14.689229
17.580324
7.220608
12.350268
8.955302
16.175554
7.518297
8.987311
14.737730
13.660614
17.442888
8.174449
15.061162
14.487758
6.769628
14.283050
2.846425
7.761590
6.784736
1.486723
8.778316
9.944549
13.900323
16.935363
10.477578
9.307206
8.754492
9.953907
13.175184
7.526063
2.348724
11.295230
16.840053
5.792758
10.072108
12.426299
9.614103
12.557529
9.093081
9.396568
9.732492
4.304356
2.626158
3.650478
0.236536
7.517487
0.333007
3.779032
9.336335
7.089630
19.597621
5.078203
2.455116
6.226968
7.263459
12.447245
9.020949
23.443594
8.674633
2.210592
16.447463
19.152523
1.436330
21.889355
8.611958
19.439039
8.430337
11.055775
5.488651
5.430418
8.429740
20.787789
2.183047
6.353713
8.976219
11.056520
4.148034
0.894815
9.691439
3.367730
20.141850
10.577081
19.622369
9.508263
14.017903
11.189062
17.822204
3.643312
5.593322
2.198367
7.983073
9.735151
13.370155
6.665270
1.144583
8.866877
15.834720
5.139602
3.282002
13.085349
12.682023
2.200525
16.816814
13.185316
16.677678
25.916364
15.313318
14.897355
13.206028
12.625829
9.383454
6.373845
11.802235
8.866947
6.012051
12.144989
17.408797
10.437185
15.411953
16.210587
0.258557
10.031969
13.568909
13.994097
4.936692
16.699841
13.286415
14.769867
12.381785
13.491455
6.323620
13.656052
13.456971
0.693253
3.951451
8.195306
13.049779
14.063721
13.301649
16.697713
9.069922
5.973240
8.308671
21.854312
9.263441
7.233080
20.714241
14.567430
0.692534
0.431693
15.846198
5.468867
4.549347
11.482133
4.503133
3.619845
10.253323
7.366555
13.524369
10.061606
6.775227
12.048264
12.136009
15.454341
8.558442
10.039218
14.309594
19.533667
1.892428
2.296141
9.087509
5.842481
0.290690
0.464220
6.827982
8.127045
14.373976
4.258111
16.935211
9.435585
0.552935
8.974673
13.151384
14.193920
22.190910
10.671854
20.932131
10.861987
17.298778
18.018937
17.577181
18.489934
6.927911
15.922883
11.513644
7.525181
6.048546
9.663624
6.159635
8.871177
15.270938
8.259758
7.263947
6.196530
23.820255
9.447294
3.331019
15.982872
11.640080
21.138523
3.081342
19.360273
11.209845
15.950850
4.217522
13.324863
9.899080
7.909530
4.654386
8.234992
3.403789
1.209789
12.495712
6.355369
6.990879
2.909780
21.967785
11.179924
4.369234
2.680142
11.132146
16.049233
20.194460
15.101267
7.764195
0.354790
7.746490
8.666822
14.984697
12.276615
0.137238
15.984269
6.712505
1.583557
16.129736
15.545703
8.518790
2.486650
4.514137
1.663419
18.226454
3.160842
9.582759
16.137235
16.093822
7.889586
22.571663
11.665959
29.527887
12.346165
8.430183
26.260011
16.153815
15.222589
3.293389
13.608553
12.288960
20.988271
18.434363
13.930585
25.546746
16.316565
4.732500
19.286602
12.356673
9.288884
11.711334
32.357215
8.056541
5.112288
8.915549
7.981035
12.164177
4.899524
9.174134
16.445932
13.498228
9.711047
15.841957
7.684297
2.760873
8.251627
15.881305
9.990522
7.198631
6.602295
8.259600
5.760568
15.112455
15.105146
19.576526
2.985789
12.237499
16.263378
19.473410
7.838028
18.939132
0.863051
2.090366
10.055782
19.964464
9.030943
14.595309
11.287366
10.589631
17.848069
5.439754
5.861981
3.049059
7.259121
13.417222
14.236132
1.912282
10.647131
5.966963
13.188670
12.262935
10.448047
1.388122
24.121066
11.714188
7.145368
9.653951
10.016123
3.847145
8.363586
12.339700
6.827316
6.643823
14.754735
3.667327
19.867828
5.416986
25.929488
0.492027
18.573889
10.417549
14.842714
16.000947
19.298362
13.635526
19.296614
11.857861
11.521069
11.646829
9.850349
16.495253
19.505160
15.113860
3.799858
12.028005
15.726930
8.835682
17.502792
19.455264
13.307018
6.794076
4.242941
16.947879
0.779120
18.932680
18.806187
0.281222
13.841119
7.031363
3.555852
1.776874
22.685741
14.946830
6.458264
11.275906
11.587065
24.468156
14.639531
10.848391
19.665027
2.787780
12.373906
16.745184
14.626053
9.011495
28.782155
6.737344
0.010963
16.290311
6.328589
21.230166
3.582419
15.239034
6.385978
0.157494
3.662298
3.333552
1.453893
16.963899
12.275588
22.570837
10.484760
10.074267
4.846338
22.606247
2.693012
0.893505
11.321380
10.894186
17.346432
10.045893
6.957623
15.093340
20.978823
11.662547
11.936484
3.807988
8.656280
19.458260
3.626694
21.811532
20.651164
4.838559
15.263557
8.208245
24.615944
11.280594
8.641528
5.976836
12.808975
20.450100
9.096801
14.777389
13.588073
15.923737
10.906403
0.172346
6.881728
20.358142
11.710355
11.612961
23.320745
1.172407
12.348526
1.421979
2.282994
7.506786
0.372877
9.856860
11.267666
17.847879
12.804852
7.623655
12.981023
8.705469
15.072956
8.233478
19.708694
6.631670
16.821487
15.879146
7.543224
1.034227
4.242937
0.901034
17.814840
8.743075
10.712156
7.810145
4.381610
6.938158
21.299710
2.508957
9.813060
8.247542
4.641896
18.646721
0.083213
11.497301
13.625002
7.388044
0.803627
19.155380
13.126731
1.633359
14.472026
10.447423
9.628428
7.149189
8.886217
7.079485
6.534295
16.606090
14.546732
7.198669
8.257537
8.255317
11.463652
3.770008
20.719738
10.821826
13.239358
2.807755
4.846464
8.887399
3.430629
1.719663
10.992909
16.036040
8.461306
9.621807
5.578669
16.277794
1.647427
11.436425
4.981117
20.074061
17.023535
7.269610
18.654522
1.770585
23.380407
8.225937
13.310608
19.105249
18.208615
9.296539
7.286468
14.628246
15.435732
15.800341
18.810631
8.578871
5.244259
13.358433
1.643730
6.986222
9.673744
16.876064
1.147385
10.598859
7.583090
17.168195
13.459424
23.295267
2.215611
11.582399
7.813697
9.777701
15.540679
8.412589
11.088233
22.998901
14.542141
14.219605
12.051972
9.607561
15.331073
0.365225
5.688266
16.018560
10.995715
14.624201
4.035026
11.241887
29.964843
11.781426
18.981334
8.224005
7.018486
13.797343
3.275713
13.535083
4.361115
7.499992
3.341884
3.499759
6.279147
19.118975
6.145001
17.003618
13.217022
13.101791
4.471024
15.854739
12.977544
12.752681
12.576450
2.199215
7.043477
5.519062
3.851119
10.372213
18.776837
10.037563
13.424806
17.953406
3.407595
5.844048
0.426478
14.676175
16.272892
9.876152
9.488541
8.784707
5.732144
11.184300
26.431353
5.239837
12.455706
2.500577
13.966497
12.992262
9.012589
12.463954
15.345340
9.856142
4.599814
6.313265
17.182354
1.277308
7.606146
23.010370
0.301528
14.194678
6.499150
5.616158
6.255222
17.445607
15.136849
3.238967
0.393447
10.724870
16.533301
16.324008
5.329414
20.236540
18.604761
8.945743
13.000362
21.074981
4.976994
6.998870
18.666521
4.153051
9.273450
18.105336
18.908271
9.490014
7.223999
9.642259
6.823085
16.272111
11.292358
1.347518
7.163635
8.406592
18.691654
6.913228
2.340940
8.493029
7.912685
10.743606
1.300798
4.544749
6.556806
8.418073
5.249292
11.381579
14.772373
2.190486
1.409973
5.753420
11.188744
4.557515
11.147928
9.335565
18.192309
10.736444
7.615623
15.535401
9.797871
12.356822
8.738432
14.894921
6.572704
13.177839
7.434587
10.901970
10.422265
3.895854
13.929203
10.596325
13.643872
13.288417
5.404247
6.653011
0.025183
2.034265
22.121918
4.929870
11.494606
16.699337
11.697315
12.646083
2.963591
14.685367
4.667081
6.167880
7.910557
3.724724
12.360000
9.339724
13.693809
15.328200
12.357658
0.798883
13.611979
18.184195
18.870106
1.957053
5.780865
21.050012
19.882022
10.844745
5.654223
19.694517
5.636130
19.566672
18.085745
12.535534
13.465245
8.554669
17.701837
9.133442
6.681223
3.350365
8.594410
18.652499
8.616191
15.925345
26.991967
9.119943
17.154512
14.313374
3.154482
4.409398
5.676774
9.067374
2.468529
11.960864
9.835916
10.508405
6.700924
3.724702
19.560103
12.812853
6.623509
11.490394
11.981688
10.768006
5.842889
3.880552
10.699795
34.286123
11.484755
8.587588
5.854255
12.105182
9.974831
12.099627
8.258446
12.867929
0.550032
14.441586
5.363828
17.961695
9.226512
12.112908
13.020914
8.502172
10.809066
11.463314
6.177818
2.093504
8.520184
14.141327
5.930547
6.763825
6.675647
18.816309
10.943495
13.138839
14.434839
11.243699
12.177905
5.731826
7.678285
18.802384
12.227250
4.925962
11.732384
12.519870
11.419726
16.090572
13.286468
15.892940
1.643587
17.768803
