2.078373
14.314831
11.804129
9.737280
14.058472
9.438428
3.065964
10.995386
6.875873
4.209084
1.801388
11.545787
5.194350
8.430159
3.393813
7.564911
0.813293
8.914757
8.571353
5.326322
2.279398
3.047585
7.649696
11.246262
0.586724
10.104017
0.934627
6.484129
0.013742
2.360219
10.376161
10.069318
6.627899
5.450272
1.825655
4.713722
2.291073
9.687847
1.525679
3.270338
8.663282
8.673734
12.038656
5.421468
9.628068
5.242943
5.255645
12.200752
9.176358
3.612957
5.621274
11.299991
8.531350
7.545736
7.706669
3.782915
0.285909
11.337224
3.959369
7.934905
9.737676
5.130916
5.627170
8.557565
13.233256
5.692760
0.051685
3.534331
8.988205
5.307174
7.556139
9.442343
6.076294
8.069882
0.594288
4.960144
7.766700
2.492923
5.585616
4.888460
3.542149
6.314204
8.108310
14.817224
0.013354
9.455615
7.635529
8.147584
0.392415
5.980324
8.419520
3.685847
8.962631
6.987628
4.407044
4.404586
4.326958
2.734120
5.070530
13.270608
8.871194
2.675157
6.430797
9.838313
7.116877
7.039722
11.978767
7.952332
2.374965
4.723473
1.263076
2.387415
8.718473
10.818745
4.719613
7.220122
7.310433
7.728717
6.701714
2.542749
10.421931
11.172107
8.139847
9.330643
9.544390
10.067628
11.335020
6.950023
13.280536
15.154894
1.843275
6.590956
4.566334
0.352305
10.120628
10.833671
4.524710
2.822422
3.357821
0.692413
10.005095
14.706271
4.324747
3.175595
4.806522
8.623681
4.666930
14.292891
1.130865
1.732233
2.395165
8.889231
11.106423
0.918615
3.836903
4.797814
11.633651
8.004628
0.003054
4.139701
8.342548
2.819448
9.678769
8.133991
14.036936
9.876577
5.831362
11.174999
3.220550
8.137968
8.846251
12.434367
2.925738
7.169414
12.539289
8.953798
16.659149
2.654535
5.793267
4.246438
11.407094
6.728944
1.231984
2.736093
4.454032
2.718263
1.601298
3.737767
12.914944
8.375045
2.948736
13.688075
5.379113
5.725845
10.567034
7.346498
3.044714
10.846658
4.978186
3.036467
1.762666
7.704534
3.719905
5.686526
5.839479
1.712503
10.681427
4.479745
8.589494
6.337852
4.397241
8.893742
9.162054
3.773396
13.332874
6.831351
2.660160
3.332484
4.872115
5.005998
8.344550
2.030054
5.098576
2.172229
3.452767
8.482400
11.954181
6.118401
7.857530
1.379817
7.012240
8.543330
5.609916
9.425938
8.283523
13.560609
7.853090
14.910398
0.105392
13.620119
15.466559
3.117846
10.816842
9.478374
14.551459
4.818865
1.061631
1.556843
13.329112
6.535276
6.006112
0.235769
8.286098
2.690878
3.164446
5.804714
4.713802
6.415682
5.732181
7.394396
1.773087
5.174549
1.575843
10.578403
6.631371
4.459052
9.692921
9.156385
3.249803
12.985175
12.730356
13.863465
9.765194
10.544137
6.625932
0.797959
12.061750
0.508884
12.565737
2.264716
2.968867
13.310028
3.780141
5.429167
11.437116
9.072864
1.790521
6.082467
8.333207
8.411074
6.903757
4.627880
3.734382
5.078088
11.048248
12.492520
0.154506
7.401230
6.758159
4.079554
1.115641
12.415319
7.358367
1.714187
13.052935
7.369959
0.909517
0.346386
7.545400
5.002482
6.590005
2.248664
15.322748
5.680410
14.601624
5.188473
0.143719
2.107101
3.620671
0.953301
4.823328
6.795926
4.140061
4.953610
17.792487
5.530820
2.580730
4.875385
0.726036
0.507718
11.085788
2.110572
4.579707
7.910396
4.388985
4.680456
13.986598
9.323662
2.552602
8.746054
10.835779
0.579420
7.865627
0.224501
5.219170
6.609199
2.546664
7.633329
10.770454
6.864881
8.525923
10.249363
9.783374
7.777627
6.180435
10.714369
3.192673
9.939715
8.697120
7.820764
15.838915
4.534376
9.661770
10.167622
6.953353
7.685871
13.263764
10.607310
6.902986
0.832315
3.158110
1.172207
1.226429
2.917851
7.084450
11.186883
