0.025961
0.025414
0.308057
0.032184
0.000182
0.007932
0.716721
0.008181
0.064329
0.119320
0.000001
0.019988
0.059580
0.000017
0.064447
0.002643
0.140495
0.010064
0.007831
0.009847
0.077076
0.013811
0.000531
0.941518
0.009556
0.001013
0.405081
0.014155
0.000485
0.002578
0.030700
0.007852
0.033535
0.476500
0.003250
0.005029
0.019760
0.005907
0.005133
0.000910
0.011390
0.010378
0.025018
0.108036
0.935724
0.001301
0.000124
0.004017
0.016398
0.099998
0.475647
0.171342
0.000024
0.248086
0.029679
0.004415
0.000083
0.088928
0.004180
0.037212
0.013148
0.005828
0.029421
0.020591
0.000748
0.001051
0.015839
0.003551
0.001272
0.029187
0.000123
0.023324
0.000000
0.025742
0.000168
0.050335
0.010917
0.025392
0.037388
0.029714
0.016933
0.006000
0.278325
0.001766
0.015343
0.006497
0.005439
0.006079
0.003631
0.029181
0.108939
0.001130
0.081876
0.057921
0.041317
0.000050
0.078819
0.003606
0.553285
0.809927
0.000030
0.084724
0.000180
0.000313
0.030987
0.019736
0.000203
0.590083
0.044689
0.000825
0.007799
0.009372
0.055989
0.326898
0.000398
0.000004
0.001216
0.000194
0.032918
0.020560
0.000002
0.001139
0.033205
0.000187
0.080559
0.183869
0.000281
0.000324
0.082177
0.000428
0.444576
0.230535
0.003130
0.008895
0.222234
0.015168
0.000108
0.000027
0.134059
0.010986
0.002607
0.034560
0.004526
0.008224
0.090936
0.053083
0.000008
0.019814
0.000561
0.033654
0.000364
0.061788
0.000401
0.499088
0.000015
0.003285
0.000230
0.001368
0.001723
0.002284
0.004648
0.005725
0.000281
0.002934
0.032089
0.044989
0.012558
0.000371
0.043179
0.010758
0.001044
0.005487
0.001276
0.064764
0.154687
0.003587
0.011674
0.287336
0.000407
0.085677
0.000365
0.006492
0.011607
0.001876
0.001259
0.016174
0.000223
0.011279
0.056472
0.086708
0.030552
0.000272
0.018978
0.113076
0.000229
0.005672
0.076210
0.033289
0.001717
0.004971
0.075223
0.069994
0.189318
0.010626
0.003994
0.023665
0.010114
0.000167
0.000013
0.004662
0.000163
0.020518
0.000294
0.016136
0.009218
0.070473
0.004812
0.090162
0.009344
0.069826
0.057808
0.233027
0.004047
0.007034
0.000350
0.000961
0.054052
0.029388
0.000236
0.081137
0.023796
0.001139
0.000235
0.001025
0.021967
0.000779
0.001251
0.008715
0.000157
0.035252
0.021793
0.190211
0.403488
0.000002
0.004432
0.001823
0.002882
0.099719
0.268017
0.064886
0.015508
0.158592
0.000998
0.000856
0.034487
0.004143
0.000038
0.100952
0.005823
0.031027
0.033133
0.000597
0.000071
0.000003
0.000843
0.000004
0.029889
0.274278
0.041450
0.034479
0.035495
0.427146
0.000132
0.047527
0.083148
0.000867
0.015502
0.007622
0.021019
0.195575
0.194183
0.029436
0.045019
0.153065
0.015364
0.355687
0.057257
0.000421
0.000605
0.153977
0.003791
0.000403
0.015368
0.011931
0.574946
0.000016
0.004165
0.002043
0.532576
0.002212
0.000502
0.057274
0.057520
0.097752
0.020295
0.000470
0.229395
0.175810
0.037490
0.000085
0.073342
0.013360
0.057450
0.188929
0.001932
0.001156
0.346088
0.333513
0.036257
0.000308
0.019306
0.000248
0.000383
0.078776
0.000544
0.001620
0.129833
0.142708
0.002691
0.084248
0.003368
0.514597
0.335323
0.000120
0.000293
0.012930
0.001344
0.000700
0.075290
0.028930
0.000069
0.031435
0.021884
0.000119
0.002122
0.000496
0.023171
0.000008
0.029093
0.021012
0.027146
0.179919
0.003189
0.009267
0.000229
0.000000
0.204855
0.028025
0.000285
1.172055
0.002816
0.058199
0.674240
0.250040
0.008552
0.004151
0.000158
0.000575
0.015897
0.006260
0.068265
0.012363
0.013554
0.283996
0.043121
0.023649
0.001992
0.008230
1.329644
0.067227
0.000075
0.000509
0.028970
0.225247
0.000618
0.012667
0.004293
0.061852
0.005125
0.060789
0.000105
0.000161
0.001139
0.289638
0.009629
0.023593
0.043025
0.000000
0.044845
0.574530
0.002447
0.474826
0.021508
0.051461
0.273997
0.004001
0.001664
0.020536
0.001149
0.000024
0.000001
0.235804
0.002536
0.356492
0.000004
0.095506
0.025728
0.005133
0.005158
0.061796
0.012498
0.165564
0.019177
0.000199
0.045195
0.003037
0.004637
0.018697
0.067622
0.029570
0.002948
0.000058
0.128440
0.193917
0.000064
0.011456
0.000136
0.002055
0.000359
0.011741
0.001720
0.073365
0.124351
0.074608
0.007985
0.015198
0.002345
0.472652
0.029372
0.006274
1.910372
0.003023
0.026826
0.002650
0.012650
0.000000
0.000111
0.002508
0.000101
0.000791
0.014563
0.000144
0.000497
0.001152
0.247672
0.000505
0.017767
0.000463
0.036166
0.006285
0.867534
0.000141
0.054116
0.267476
0.007162
0.000001
0.000642
0.061918
0.001176
0.001085
0.011134
0.039332
0.003390
0.038407
0.016558
0.004804
0.006925
0.021776
0.007250
0.000180
0.000141
0.001911
0.032899
0.007968
0.000005
0.005078
0.001249
0.000085
0.030645
0.032316
0.004062
0.012814
0.013506
0.000405
0.215064
0.135440
0.006941
0.002210
0.511412
0.116606
0.000172
0.000057
0.614212
0.017463
0.008224
0.028338
0.032221
0.027586
0.007348
0.040841
0.015518
0.000708
0.000241
0.009355
0.007230
0.014462
0.001430
0.003281
0.085057
0.000064
0.048104
0.000085
0.000487
0.039537
0.161730
0.005256
0.000140
0.000105
0.000002
0.002098
0.002847
0.000725
0.003433
0.290557
0.001965
0.008702
0.031434
0.021483
0.053180
0.008756
0.079230
0.000039
0.059890
0.011593
0.162831
0.004169
0.014179
0.036596
0.047433
0.049816
0.003425
0.744637
0.122382
0.671519
0.132791
0.130123
0.009587
0.020992
0.000175
0.028316
0.030136
0.000029
0.000029
0.000170
0.119646
0.001310
0.001544
0.586520
0.000503
0.030177
0.000308
0.005271
0.234419
0.004467
0.006238
0.004030
0.001387
0.000295
0.102415
0.022577
0.006986
0.000061
0.117520
0.001219
0.032671
0.030292
0.025461
0.036184
0.008052
0.013721
0.139670
0.047550
0.107679
2.139544
0.019305
0.387554
0.220765
0.001580
0.110658
0.056150
0.000897
0.185214
0.001768
0.000000
0.012848
0.061394
0.038609
0.000001
0.036184
0.066348
0.000821
0.100180
0.350362
0.000230
0.023223
0.002038
0.029230
0.265302
0.000205
0.116662
0.027229
0.000111
0.013535
0.091434
0.001046
0.000358
0.000000
0.001489
0.000011
0.249395
0.000062
0.028012
0.024331
0.067342
0.000005
0.023714
0.000015
0.004097
0.000969
0.000274
0.010747
0.056969
0.259331
0.001161
0.109110
0.000008
0.068814
0.005253
0.031549
0.056637
0.000424
0.010770
0.005800
0.028319
0.092173
0.000031
