164.520344
152.689449
152.190947
143.571434
129.683504
148.061584
154.046314
115.697449
130.312561
154.048423
166.517561
145.379041
168.551672
148.481519
129.465334
138.238716
152.727419
153.403481
145.476887
166.741547
145.581854
135.866985
162.780214
153.698157
146.934381
177.225165
150.180406
152.096376
167.561368
129.352904
138.125493
140.116955
162.322402
168.692886
167.436406
154.662030
150.399066
162.671197
163.509417
125.293139
126.214023
149.762034
146.488788
150.707105
168.878138
127.719144
123.975927
163.206851
141.412340
132.625254
132.362058
175.867524
139.918315
147.079726
158.431829
127.684710
165.919959
115.310690
147.599764
153.238077
159.081554
133.335195
118.490371
136.463082
155.515907
152.505868
133.700772
117.503465
147.055203
140.415042
163.237665
167.911493
160.638699
140.025921
139.159035
117.629075
161.856150
165.520068
167.862272
136.470296
149.779452
176.228146
168.052687
157.757294
181.655909
162.344596
148.030716
172.223087
148.262770
159.802290
165.041697
145.005740
162.914174
151.065334
166.348232
163.971113
168.060218
187.939254
164.996717
148.222311
133.970563
135.649535
137.261952
138.492242
149.528140
153.086920
138.043121
156.198721
141.546457
164.769929
151.672198
132.154005
146.520496
155.274870
149.796712
141.943348
129.028714
138.090540
131.817608
127.504307
160.990659
155.555871
175.155444
177.923952
117.226252
143.731641
166.336408
156.727878
161.964773
147.635715
142.000291
127.446571
137.794589
128.732116
122.805095
134.265945
156.368603
149.462068
148.037012
127.626926
134.609681
136.088748
126.174260
130.283919
168.229232
111.810456
144.108200
151.052632
127.671019
123.697931
161.069829
163.552673
168.932314
155.632378
134.566849
143.067270
163.408124
131.063681
162.970169
144.376073
178.327369
112.009717
148.286866
167.705530
172.280897
176.582242
163.516330
145.411771
156.155181
157.453093
143.172060
183.738135
148.951580
163.265645
146.031962
157.282545
167.123120
134.187896
125.737219
176.567893
141.822475
163.154163
154.472865
162.380216
130.231526
153.263420
147.813426
132.475735
175.060928
167.209766
137.312219
135.234797
143.884083
158.724319
171.725271
130.301578
169.957577
153.592326
184.845472
152.966921
153.321445
132.916263
160.551690
114.604144
128.647981
165.822838
138.580528
125.799531
176.406766
174.643580
144.429159
153.356775
142.970567
125.499951
138.138834
164.424242
169.818419
135.648300
175.670686
153.015147
187.536523
185.455039
161.142002
164.471291
170.233560
143.894722
154.781372
161.752528
154.147316
132.079783
164.345486
139.196369
166.304203
152.234194
174.965736
172.884528
139.683863
164.857048
156.133458
198.202901
157.090600
151.933937
153.407870
151.982801
154.918511
165.291992
114.595572
148.912674
124.859739
128.449651
149.324600
160.417362
131.186696
166.588828
164.059747
165.747706
121.942618
128.834773
140.808689
148.014397
170.875450
176.704444
162.913936
166.281598
156.311698
152.378888
159.225258
157.871222
136.239532
130.891900
136.483258
171.388536
128.341006
156.782649
166.037178
144.176457
115.283896
143.046753
153.163559
165.768491
111.389542
155.880890
119.605471
152.627492
140.209153
144.759042
144.073314
149.985754
138.277987
138.022936
120.354027
190.553926
168.068328
155.792786
158.698545
159.338509
161.494786
140.020186
173.520198
123.149687
173.949619
149.336990
127.495891
150.931979
144.287942
154.267876
170.544403
170.788743
173.579924
171.106511
117.535977
119.357664
114.576711
159.512957
160.659506
137.284868
156.110660
156.804406
189.993917
156.005226
134.413205
132.843270
151.656908
118.431213
168.599288
119.191189
97.155473
131.827018
168.897689
167.127038
132.204847
156.959667
137.191554
143.559208
194.626131
129.664858
126.019861
145.153737
159.107352
180.485922
151.688286
124.808922
151.391322
173.721349
131.065614
165.274981
128.346171
155.221469
140.854330
140.208305
148.525151
173.404941
118.965710
119.193265
131.467633
127.897374
134.464123
136.358058
108.353979
162.026009
162.719048
156.882346
159.768601
165.939306
154.278987
180.130729
156.287249
158.405185
136.072011
150.636949
155.566775
164.128254
121.097637
133.787577
161.261809
169.611963
134.855685
123.998175
126.598359
179.638173
171.874663
135.389227
178.297905
163.390997
131.696484
146.129788
144.470039
155.992126
165.568306
172.202555
148.572303
182.255774
160.224340
120.321101
170.240210
137.162049
151.331402
156.502510
134.996367
167.974033
180.635203
127.879471
160.023953
139.388948
138.772787
125.875082
149.132780
174.209284
126.135597
151.210362
152.185182
144.927944
151.292163
140.311283
132.598119
160.790631
127.150874
151.601657
112.891562
161.436404
165.947534
169.475041
148.870608
128.752118
113.269908
159.515011
149.589545
148.920589
151.034760
148.934860
158.171018
154.566949
154.350340
177.551378
152.502254
156.128111
145.779983
176.028933
126.779807
110.472146
167.587614
142.767035
168.494500
174.230616
135.907413
132.201332
158.868097
157.347811
121.264978
152.640459
142.894416
162.486703
134.933352
155.368969
153.556723
128.806105
151.974142
146.778654
187.817031
156.339336
168.799384
145.901773
145.617554
130.444993
128.728758
147.149258
163.565804
130.418130
164.147997
149.036948
151.907738
130.263434
167.239941
138.275411
165.376894
178.532339
148.743298
107.153209
154.485450
110.533101
98.020222
136.939545
113.175564
161.584467
152.970145
126.426618
129.537929
127.578521
166.901049
160.666352
163.417916
141.566202
165.567407
103.683179
153.139566
110.600213
138.035642
153.844256
160.917354
148.131104
160.347466
155.878678
130.144802
121.063675
138.715415
193.772983
173.220916
165.564028
164.726016
159.989037
160.868220
131.983449
176.020746
156.938221
140.502739
153.224369
137.510777
115.202254
171.133880
122.002013
132.101737
167.671496
159.281109
157.875027
126.446995
146.300166
134.807488
165.861732
168.534505
135.199014
145.426310
103.984772
133.291336
167.250046
142.977721
172.038398
160.786396
150.910303
151.076942
158.215380
132.275915
164.657935
146.688791
165.673194
181.966222
144.772790
148.999424
126.210663
166.235040
170.746879
134.054461
157.642936
154.329165
159.960566
144.012086
159.705683
130.026760
168.516469
151.933844
163.198350
125.319395
147.535279
163.870947
133.449435
161.246247
142.330795
160.984801
143.664610
182.543462
114.723276
160.238656
131.766095
137.592621
126.112360
167.938629
134.825110
136.058672
118.007358
137.050334
173.095006
167.520135
141.501956
128.575234
152.232050
149.619943
132.847342
134.523291
130.209434
109.160955
138.261310
151.409940
149.506921
139.461817
131.349583
151.668245
145.294030
129.441727
139.867707
161.080885
118.438448
139.934476
136.395061
149.730258
132.722456
134.930624
119.997123
126.744818
152.356466
143.282395
159.707149
151.345424
131.532647
159.349464
155.328323
150.618177
156.134610
146.247632
129.290516
165.273367
126.827941
119.886577
137.418060
127.778601
148.811957
124.082042
161.109508
156.697786
170.269559
120.904144
153.143859
142.963174
148.912729
146.083783
181.648694
157.215753
126.403905
163.237506
165.448320
158.507449
152.379236
167.269111
135.157119
129.997773
177.039659
134.629848
164.273644
155.615783
132.619613
156.569797
171.761136
167.121538
131.145796
136.699359
153.762163
145.768227
102.666091
135.905113
166.309238
140.619144
123.452664
130.511336
129.665016
136.786169
127.768302
131.668725
119.548024
133.368163
160.032562
151.318014
164.118778
168.322662
147.431333
145.819767
133.955575
145.310191
150.262356
142.387729
179.997876
155.035262
174.543094
151.536795
116.136919
176.667276
163.527995
118.393051
131.312948
166.537139
148.039248
158.665183
154.197225
139.409858
168.592209
124.533513
152.581900
156.673429
122.763337
149.040048
164.580116
154.787797
152.655143
139.320017
168.109222
150.041182
166.221980
126.055149
137.041975
145.733007
141.278322
153.676848
133.872352
142.184168
130.732519
177.798624
152.718091
141.669446
168.200447
152.299309
156.262462
139.314940
134.773419
137.816313
162.268726
174.642829
161.370866
118.311657
168.323430
150.031885
163.438895
136.511793
91.731633
153.202801
134.576263
138.264121
159.688425
163.113312
139.796081
152.683942
159.149716
142.304739
152.424952
162.585219
139.477470
148.078542
168.576502
126.459362
192.293171
119.121108
167.563434
140.012090
152.943685
129.266505
151.167368
118.221338
159.337879
172.769908
130.759166
149.561105
147.059428
165.471521
162.129339
128.302430
143.365908
155.116076
141.149680
155.457834
174.470015
138.948760
153.844629
109.975378
152.774274
127.023151
164.577963
126.061911
174.023797
151.526955
151.038424
137.765649
129.405637
132.802971
126.701861
166.420127
150.534288
170.579971
144.315331
162.758881
130.515977
146.014399
160.432219
153.834859
118.959114
145.878360
129.365380
171.210029
156.669675
125.070616
159.127905
161.863752
128.025052
162.802433
135.297913
131.988833
165.742986
126.011500
158.424831
136.754900
149.543828
156.926528
159.650362
125.929913
133.801082
125.386562
145.082280
164.815680
167.230557
150.833803
155.154991
144.203861
177.654678
168.864135
165.077041
183.051209
158.757811
129.064365
181.606801
172.324416
163.318529
143.163386
135.089477
183.974239
156.220490
156.488520
176.017385
184.609922
131.303127
130.226130
163.760377
157.901880
174.143988
97.149734
164.392038
175.823263
134.647411
172.728291
118.994435
147.429723
166.620519
151.253710
148.715665
177.255400
144.789135
163.333870
158.719276
175.531531
144.416804
156.689091
148.011960
135.424957
147.844120
137.581613
151.743143
162.330408
158.890759
131.517096
141.883721
149.403671
143.680003
164.440699
173.005230
165.630533
164.298871
166.376502
150.882642
148.218367
167.664287
171.118632
153.029714
132.503564
154.223308
152.414861
171.287299
155.757054
165.519685
159.806004
168.203799
117.931024
136.584119
152.342463
154.227057
176.152214
136.768869
151.698034
163.344813
155.635004
175.869157
152.566090
149.764580
134.573893
112.254647
146.830189
134.130236
159.425161
130.056894
143.249114
154.515292
167.402057
147.706474
153.972083
169.609480
155.931994
121.854916
149.251859
166.332559
109.939264
139.984513
175.163107
174.753493
164.057513
135.429452
154.931751
133.082709
182.514507
160.271051
154.128852
142.270765
127.907995
145.379187
145.970779
126.486084
148.898049
165.861308
148.818942
145.921298
171.775753
141.990905
135.577107
148.218004
151.392393
158.344885
140.512908
123.920820
114.830917
152.728483
151.305076
133.134784
134.701452
143.768454
170.481277
138.243245
156.762452
180.501312
147.785080
148.202510
148.315212
164.713631
136.678707
152.050338
151.701191
154.270626
158.311727
128.149840
135.239684
121.543761
152.924513
147.941009
132.034808
135.909107
145.153032
144.085663
140.814785
142.440773
170.996111
145.904207
176.125716
166.477703
150.122756
138.727940
158.640996
169.715145
179.109614
152.011807
180.180495
175.064155
165.522893
127.211688
175.810204
172.132906
153.308190
142.737742
130.461745
150.124722
145.132909
143.756272
145.879480
150.378579
141.301037
121.658759
134.221994
126.535668
143.049242
144.306304
148.497587
157.676943
132.715829
170.573193
177.503729
158.695062
151.523058
168.589829
135.916334
133.027060
155.652322
157.630157
132.102830
147.727042
158.552016
134.461430
118.254181
156.214656
138.920105
151.683471
179.487551
146.612137
142.137593
169.609233
158.839564
143.021752
128.326780
153.304517
160.518969
135.422640
167.791393
156.441022
144.037505
161.931860
150.150383
137.439202
163.722577
138.467005
123.368045
166.087950
128.785456
143.289520
152.937646
148.749830
173.605387
129.457157
169.770535
110.011926
150.230241
118.643106
170.822982
166.267761
116.746071
169.894237
156.491336
161.511889
143.636307
114.495787
112.027883
154.790226
146.515704
128.469984
132.309393
139.923164
137.648899
154.931465
171.808084
129.312135
140.329544
142.905522
147.755858
124.725161
168.835022
120.435936
156.744140
151.549210
144.636423
135.663796
138.870467
141.492729
135.804453
157.156750
146.927278
147.889944
146.550414
149.614437
136.853442
169.064429
158.651274
153.003641
151.335168
171.300281
169.706145
115.651823
135.432895
159.400462
167.544509
135.486495
180.682833
145.438886
163.642373
161.568088
160.148790
135.793727
144.078247
139.012420
159.136506
143.316777
156.559257
133.611239
131.324818
160.008813
156.332323
161.373318
161.265787
147.996984
176.215229
137.359186
176.861969
123.443129
141.446730
134.003944
163.422658
152.168664
154.269951
181.442673
134.569977
169.781015
134.724454
156.382471
145.713280
120.046180
156.346520
141.476249
155.184436
179.285580
157.388049
173.192908
128.015872
171.393822
133.074819
148.230278
141.872536
181.190593
