48.351105
55.797920
38.678299
27.229414
56.385626
40.563809
52.322862
57.184602
50.630831
44.946810
47.635358
55.501506
48.799315
52.260863
39.866152
51.085696
48.182935
48.414979
23.872603
45.317308
69.058689
50.044090
36.883211
45.860852
49.630203
41.041409
39.279743
46.565697
59.966608
47.766745
47.276621
55.512446
66.710613
51.770966
38.482585
57.580476
51.978412
71.084859
46.568759
60.353524
46.539613
44.504643
59.491691
53.497207
54.769202
44.142320
37.415785
52.607865
55.552400
49.427546
52.607330
54.121635
47.737612
38.920116
46.955996
54.884778
60.984340
57.717844
63.842408
29.200288
48.600634
57.686656
57.189711
48.924074
55.923898
49.439395
53.958819
60.456581
56.514642
57.927104
50.079094
54.250602
35.839643
44.162787
43.988564
35.328733
49.083180
48.529913
60.767159
57.528843
45.210695
53.063528
51.024615
51.156132
56.595256
44.679480
34.868369
47.377062
59.532220
36.358524
44.838202
44.728098
46.551954
68.044194
47.048594
55.072909
52.965292
48.555579
53.455003
43.556210
51.012680
66.180169
55.566788
50.158232
45.154927
66.009667
60.729867
63.369211
56.015098
57.211083
41.820715
45.398971
42.179011
52.605550
47.915308
43.200062
51.168744
41.102915
44.637458
60.982301
39.249285
58.732162
32.972222
61.946062
51.488416
54.750022
39.160381
69.112578
48.537979
46.504358
51.973435
51.399487
31.786896
39.249132
52.967653
48.924877
59.877188
44.761659
45.611353
40.683694
45.292930
47.496958
54.795881
40.929743
53.200921
45.133524
51.029620
41.831307
47.987874
41.686544
49.521269
47.351116
52.933934
47.043526
50.948573
51.139987
54.710426
69.205156
37.529303
32.684931
55.683870
67.825305
52.589306
60.216769
43.678706
51.689925
54.027567
55.870509
45.291927
53.606377
41.052061
52.408954
45.335175
43.099333
50.101130
50.052607
52.866689
63.032422
53.945298
54.849018
55.563978
41.776760
40.449667
51.693783
48.939780
56.996582
58.955326
52.742489
37.203518
46.016243
54.755550
70.869158
57.139665
56.739338
55.769261
37.876544
70.121395
59.885924
48.951782
57.771998
52.927718
53.728581
52.166854
59.400204
57.698872
50.368981
58.747394
41.680335
69.529664
41.038886
47.583590
36.248196
64.786582
50.360772
59.927411
48.959952
56.491391
39.081594
60.066421
50.600174
34.078289
57.453665
62.128430
64.081007
56.759601
53.787051
60.440796
45.273445
48.734208
38.305793
52.181668
56.054040
56.138998
45.820786
63.332634
38.195611
31.286549
49.263584
58.462035
51.216961
41.827112
51.088112
51.893445
52.754351
47.627804
53.005737
26.623388
37.897370
53.367744
40.468243
49.414153
40.073407
48.643312
41.987650
62.943438
40.474215
49.642740
43.711651
47.781926
58.897994
41.391129
42.339345
51.696527
59.735404
61.728643
53.660270
48.153660
48.934573
54.435888
44.123925
49.509020
34.409003
43.294212
63.076909
54.222762
58.444496
54.164956
49.088064
35.743034
65.724001
45.577547
58.001640
57.116138
72.888309
44.711210
53.463640
54.669389
71.345448
53.576122
47.613624
35.212816
53.934158
62.316261
36.153230
58.586280
61.342569
65.475786
49.949765
67.071684
56.356745
50.112260
23.951500
53.744531
43.822147
27.643178
36.967474
57.918681
65.711600
40.953234
46.894325
34.587539
49.185345
64.440496
51.468715
49.447294
49.554675
56.520702
48.110037
50.550689
47.247352
65.748478
50.700807
48.178499
54.535013
66.044500
65.098672
53.347255
52.856108
63.435983
67.956046
62.915434
68.329052
33.600211
45.723475
48.763589
60.030356
60.963823
51.632031
66.267102
56.287482
57.309765
55.744069
39.174031
46.942804
56.930891
56.260743
47.493673
56.815939
59.929028
32.776078
41.833342
64.470779
53.696274
50.757859
52.138201
55.316578
66.198537
54.401758
54.273387
56.100412
52.563452
49.497847
56.383759
42.096443
51.728635
56.075678
51.406396
35.498114
60.622383
58.754948
59.804231
50.300926
43.260273
63.559647
42.566608
61.749916
50.143242
57.205106
59.185618
46.214417
49.165032
60.226200
35.717991
47.352449
68.561985
44.311987
53.376904
65.349898
19.831156
51.179863
32.998391
48.220355
59.095679
38.743334
57.566025
36.619514
42.040911
56.487382
34.650018
54.178028
58.910504
32.857413
52.790540
54.707599
53.834688
59.418530
44.326855
56.984029
62.611861
40.778473
43.312501
49.669834
38.011398
34.010726
55.650673
34.624558
49.096018
57.567803
62.604518
49.571265
39.807776
65.102512
56.840066
46.128020
47.931256
43.104507
42.242951
68.294565
37.936924
43.555846
47.631167
45.303995
57.051527
59.241340
55.644048
61.284853
45.139039
42.722387
49.267460
57.458562
49.539339
45.215580
40.327411
61.456830
54.657575
35.342316
54.107019
38.711898
62.645486
51.783450
31.079150
49.093894
39.030067
48.468281
42.709982
63.308420
62.949756
58.077269
52.416221
54.000670
51.136389
45.202327
54.798470
52.161802
29.795601
56.715604
34.922020
47.597069
53.751697
57.291885
38.663622
63.386915
60.459646
59.109619
34.098107
56.504570
28.469888
41.939278
51.460662
40.582618
61.130093
37.211585
51.836112
43.846052
56.360593
71.211593
43.283570
55.859112
42.732651
56.561560
45.245222
62.118602
62.894673
56.485458
59.287152
50.717630
41.562970
58.459057
47.961914
50.457536
41.453432
43.890492
67.974316
61.993050
53.567968
52.340911
61.795504
54.503781
53.076969
29.298087
60.769419
55.659602
61.441524
61.557727
56.500215
53.554793
44.787988
34.193760
46.075337
47.173505
63.148303
60.560252
59.659004
56.243821
50.671167
45.622473
55.222147
53.432784
41.393533
52.019328
54.730065
45.398994
43.146459
67.373114
42.434205
51.237331
60.700942
53.996941
37.580326
46.810730
35.274867
53.086402
53.643824
42.331632
45.074723
45.194773
65.813701
51.961963
56.588170
58.075824
61.458114
45.861311
55.370031
37.174517
37.110471
44.677430
36.303571
47.842518
47.336558
49.560130
60.110022
45.105684
64.319719
34.356561
59.456889
42.127228
50.221395
48.798965
50.864929
37.666754
60.244693
32.820658
45.369006
56.338370
46.326335
30.591224
38.970273
61.315675
54.404336
55.575813
46.853875
49.510492
37.531658
63.090364
62.598455
50.122309
58.500601
35.947519
41.441504
43.642008
63.810943
49.986157
34.766019
47.078301
61.886385
43.794584
50.769167
56.943117
41.073031
39.286692
55.030651
55.924154
55.347707
50.758927
43.756546
54.353197
46.965350
57.262886
55.164782
52.104958
44.108871
46.270417
61.879248
58.618391
55.517379
37.157152
60.476820
67.424240
54.946636
41.109845
33.683760
60.527614
34.722897
41.325099
60.755598
40.602970
46.627320
58.658155
47.675544
54.829783
60.213162
62.636895
51.531752
43.617044
65.639367
42.214261
60.865420
69.733945
61.770276
61.820292
45.266498
45.279434
46.832292
47.701165
49.128884
41.076992
33.909367
23.970865
45.987479
51.054352
58.189886
50.235748
31.574115
53.633560
54.868988
56.493064
47.733848
61.292955
42.577898
47.320934
47.499556
59.865712
51.595475
50.802114
58.701880
39.392856
56.933144
40.457522
55.000326
53.129074
48.457634
46.105641
61.814180
56.234753
50.311557
52.221022
59.633527
35.367015
45.140759
62.692622
72.224601
61.871789
38.277095
31.772755
68.385744
22.302305
49.960678
47.217182
64.104599
54.605263
64.264583
38.008181
50.944326
38.657599
49.219112
55.110355
60.486665
42.218826
43.506229
49.582846
55.417633
48.830583
42.441755
48.105906
46.135084
43.626861
44.113431
54.416928
59.579957
66.216817
51.194289
42.166936
47.090204
67.111393
35.659145
46.365306
44.661092
55.128424
48.328065
43.131815
63.370063
43.286261
58.013200
44.988730
47.269713
62.751989
45.097498
43.481352
45.886810
43.897151
63.149775
45.702634
55.135158
51.987610
37.245815
36.948277
59.580324
37.947948
50.088708
48.910911
34.399907
67.096835
44.023010
44.730914
60.961794
55.077452
55.763575
52.156672
53.874699
54.531774
46.259173
38.910586
61.441530
43.032543
36.207381
35.047908
64.924229
53.719134
44.736821
60.101533
51.002797
39.537304
48.543931
40.354665
49.107736
48.180311
40.159689
39.757589
52.904780
56.363133
51.399742
42.515020
41.950127
62.715840
54.045155
55.480162
42.518945
62.417469
55.166960
26.307008
52.058558
47.487341
43.506698
57.499340
55.807960
42.277626
54.603084
70.622122
63.968042
55.187644
54.099525
48.850224
48.718517
49.992573
43.047687
53.625837
60.725308
47.124286
64.914648
47.461107
36.661352
56.435514
53.300105
47.714537
46.942076
60.583073
26.314406
52.479726
44.558902
58.062326
40.859535
44.629922
57.451309
45.694905
54.483611
33.332093
50.043077
36.946115
58.209011
47.974462
52.863350
53.297787
45.305276
48.449826
59.292136
59.433908
55.405249
47.957832
57.377457
53.957547
46.228522
42.452202
44.703411
51.086781
40.398996
59.206013
33.388734
49.951582
49.639558
41.454193
37.975483
46.494737
44.678397
50.625748
56.282677
53.509516
37.360922
41.790242
53.035732
52.179298
66.278978
57.847412
53.572634
46.012108
61.753303
54.729894
43.487640
32.944806
55.738155
59.743193
46.635305
58.493722
32.790505
53.540842
40.559187
35.821359
46.033285
55.686053
51.798665
43.828969
54.956834
51.019298
44.501888
44.207694
52.809565
48.097495
51.918094
52.701253
44.450324
48.520704
52.432913
44.445717
46.923603
48.867614
38.433554
36.130470
41.086918
56.650637
51.317902
54.635426
26.476397
55.212107
41.771065
42.255516
36.537995
51.840331
43.729335
35.135189
49.025029
52.363403
37.079983
58.483805
48.796489
54.188919
46.089410
50.906514
47.123390
51.900413
42.004508
47.219726
34.329666
49.619178
62.401517
45.441292
44.740019
61.606676
40.748179
50.482810
39.972292
58.250001
53.451393
39.222613
47.362336
55.563385
38.472178
57.536680
52.578419
52.175052
27.763236
50.463774
62.163908
54.949181
56.545583
47.470966
44.996340
50.233536
45.862362
63.892925
51.625551
49.314498
52.338962
46.234636
54.666690
37.652797
48.450556
52.537151
56.507707
55.176533
40.494570
43.070127
32.335804
40.955013
52.520693
55.968092
42.431200
47.062696
60.445914
45.096181
46.147648
49.867343
47.895109
62.320497
50.041856
53.627129
41.595629
48.098830
56.255281
30.666106
47.205551
45.059670
47.309828
53.127657
45.928313
48.286546
40.801735
52.877413
35.255007
44.116775
35.380151
51.807321
52.440389
51.841116
56.288736
44.407607
55.724609
44.933243
62.153577
54.722960
39.108258
54.730470
45.294472
57.449542
62.155835
53.817197
30.863746
49.897690
27.330746
27.438467
39.636584
47.360080
39.401709
43.601804
49.610899
49.913806
53.063318
57.649583
45.844830
43.444121
46.038457
56.532066
47.992848
46.194433
60.851931
33.349135
54.732621
59.703765
46.430711
38.478672
36.473684
49.839864
44.794692
26.836839
63.619206
48.542337
50.258798
46.587900
49.647031
63.433133
35.825161
48.596293
28.247651
47.728290
49.504841
33.124104
42.624386
52.946749
51.107288
57.078168
52.222930
59.861754
47.529258
40.107860
48.453864
37.915173
53.123677
50.582004
51.166459
49.568251
44.152793
39.385167
61.856397
37.496940
37.970472
58.083592
53.450186
48.004407
52.872772
50.809451
47.394790
53.823191
62.177044
54.541580
61.963813
26.833276
40.134974
58.509007
64.262378
59.189816
49.335567
54.512555
57.819487
39.162111
50.063645
57.966189
54.796460
33.367605
46.537583
31.068450
46.541274
59.875980
30.388730
38.989085
55.225243
48.381680
54.080059
61.820264
45.726950
51.170629
41.039150
54.772169
44.241593
52.899746
42.142491
54.835874
61.509686
41.098683
50.847047
47.878399
36.157991
59.320609
53.225221
43.713951
48.555560
61.240205
40.858059
56.462862
53.279483
64.770817
49.947747
63.675262
48.191509
60.330129
55.366580
44.982165
39.639565
53.828380
60.350972
50.980961
53.264640
64.227916
68.350025
48.425435
41.011096
54.593070
45.091674
41.847915
41.685361
58.455952
48.048519
54.627095
38.459276
61.130521
69.938571
51.843310
51.308623
57.004390
38.889030
55.035607
41.403382
47.179536
35.885330
43.567078
51.306630
48.062988
51.799538
27.868688
55.400982
62.731102
57.250461
50.656046
39.043200
46.177575
55.471610
54.094234
54.728052
42.197545
47.371964
50.538752
45.641876
53.819341
42.461904
48.254728
56.956302
33.343416
56.417416
54.831597
43.409255
49.095882
40.890801
46.725443
47.635793
55.013109
49.537876
52.766557
48.147795
63.579887
53.604872
62.763516
32.580010
38.106210
57.388917
58.875897
56.002708
53.813038
57.462114
54.276226
51.154878
58.576821
46.223087
45.752259
49.366801
44.479060
65.680748
44.473793
29.344225
52.630481
61.255502
57.157010
40.201433
46.300035
41.792097
39.861202
36.743701
46.576038
63.741251
54.139583
68.366450
52.534123
43.255320
49.817377
61.611468
25.737096
53.266148
61.984221
59.883423
38.167237
56.769614
45.570042
44.912287
54.123656
37.698185
43.184085
49.073603
49.886421
26.361534
43.994491
57.066554
44.264688
55.836670
53.002503
38.426755
55.788171
46.221430
53.266067
40.641557
60.194207
53.309623
40.330860
47.099912
26.211823
58.953738
27.918986
43.819435
42.031686
51.026268
59.811703
61.115064
63.879644
38.117437
63.037372
56.217806
33.040626
56.816307
58.890275
41.486482
33.751608
60.794605
51.536958
49.182170
45.518461
56.146911
44.358514
66.538116
40.760806
31.211791
50.440800
47.520040
66.176962
38.392049
55.251722
60.525406
52.936062
61.413837
40.090995
61.767684
48.396141
51.964657
51.250522
52.783037
44.632732
40.016667
64.191085
49.435465
59.514297
49.212666
62.529265
51.261858
56.171208
46.910501
68.701999
37.548991
38.376904
45.457456
51.636914
46.795816
30.491954
44.731411
49.460481
61.186421
43.163377
55.731388
45.593684
50.467427
56.931653
56.613127
35.361000
52.133998
53.070659
40.984262
53.204360
64.842067
45.329427
47.557604
61.068367
59.917758
73.074952
58.513928
37.367346
60.162856
43.060853
42.676107
50.444457
50.821633
53.208534
64.303694
54.810993
32.539391
52.214190
56.671065
55.591889
51.954680
56.566879
40.318689
53.441490
40.501970
46.788755
38.255958
53.535914
56.691175
60.703677
55.710098
54.121213
54.378332
50.032141
53.866882
41.009264
46.213829
49.998688
40.279339
36.066770
58.096078
63.680616
40.580430
28.818283
58.602646
61.677574
40.577451
49.305005
47.293641
18.701386
54.191891
48.038750
49.150344
44.150495
68.067255
54.281069
46.001241
53.014134
42.629989
55.224080
35.078648
40.521507
66.038768
50.006158
61.989064
54.352138
38.865976
48.157052
57.380194
45.974048
57.037412
44.685863
64.838695
43.407034
41.396244
66.150694
60.270756
53.288628
44.150953
40.065519
51.454750
56.679270
47.322507
44.414836
65.754069
52.335468
56.188356
53.542709
54.521316
61.867288
64.638059
62.849777
46.969779
51.464269
68.285597
59.467503
45.823385
35.108117
55.652146
33.480482
59.638198
44.072758
60.540779
69.072500
40.794296
33.934313
48.851782
44.806271
57.127088
72.581055
45.141825
44.153073
58.919537
61.243908
54.644746
30.366561
48.309708
54.291645
52.316259
55.956108
41.994470
54.606658
49.338854
63.621280
19.570231
52.302206
50.552077
46.095831
51.520742
66.516911
44.959403
38.573674
59.122554
53.291634
50.136923
66.313230
62.982891
62.193648
46.146493
46.669014
52.500546
53.417510
55.131029
48.265706
54.075261
37.372886
61.783292
47.877736
51.440855
51.392840
53.572872
47.045885
73.493322
53.547162
55.129407
34.392144
41.668306
58.532085
52.210899
51.999205
