12.316601
14.459340
21.889205
17.292883
25.788303
10.618654
6.079512
8.196872
17.887236
18.577047
16.697677
21.901683
17.189895
17.105497
16.798705
14.355654
11.765201
19.728949
21.717018
9.219559
13.471153
4.125564
15.534688
10.098391
24.754621
13.926038
24.708086
11.948935
20.437425
17.785319
0.111334
24.614778
26.901763
11.887125
1.537729
11.099341
12.541725
8.124707
21.082078
13.360853
24.051131
16.086823
19.328309
11.005058
12.879821
8.109609
13.670014
9.062205
9.567218
10.696762
7.862032
12.543937
7.130671
0.499380
14.139344
21.141210
10.464481
4.607508
22.935472
28.538096
19.179893
10.107801
9.887085
13.180806
14.076906
16.614357
19.320571
18.789079
20.411539
13.639216
8.527796
14.527138
17.141307
12.036193
20.219847
0.876928
18.441506
8.095677
7.089945
8.407009
6.607492
3.177572
7.030477
16.316431
23.896143
16.055894
0.303148
1.131723
15.562324
3.807284
16.540258
12.556513
10.994729
9.733271
7.143326
5.066752
7.502627
26.624970
21.176282
27.364082
11.159021
1.978482
11.154748
34.463172
9.702749
28.012399
3.489409
18.352463
10.715843
16.480588
20.045510
20.151546
12.061624
6.384075
21.493428
23.749840
16.483060
13.986344
10.926898
8.605296
5.533084
11.227163
14.983435
9.340230
6.881056
5.820421
12.214893
6.238699
11.592845
1.038722
15.686039
15.346032
3.804699
12.752864
21.982570
12.779545
12.642572
13.431701
11.459527
26.213836
9.960320
16.148864
13.134152
25.330950
0.369830
14.378016
12.051628
11.974610
21.813627
1.945608
13.694246
18.754794
7.912640
12.899560
18.978475
1.600728
12.573955
5.294238
23.972668
22.920299
12.383603
5.441277
11.331545
6.106701
6.160988
20.525823
24.848784
19.307337
10.092640
11.577106
8.354427
4.733964
17.767903
27.200294
11.866246
16.221888
10.527057
13.085995
17.840527
14.117855
24.310245
13.098446
29.218868
14.150025
10.490758
15.644548
8.978375
0.683031
15.653899
8.565593
5.661693
12.412010
22.310028
18.630740
11.651643
17.759535
13.622150
12.245041
19.956529
22.051199
5.470467
17.843709
21.996962
27.960819
7.968717
10.107793
10.737221
21.417683
12.930748
16.504734
17.158068
2.014495
22.568868
4.609287
2.672305
17.781448
17.210504
9.256760
17.829393
13.450512
22.273682
17.243443
7.697061
12.222656
18.524962
8.806179
2.165382
14.145765
14.000830
4.409972
14.784165
22.679735
21.473555
24.439150
21.408614
11.710692
27.969610
16.147429
12.855811
28.757323
2.706530
13.149454
0.094396
16.430670
13.911192
13.343826
4.210312
13.831899
19.749064
21.177880
10.225105
4.024479
6.796063
10.830437
11.466944
22.862893
8.476566
12.263262
13.315805
15.101522
14.646180
6.707948
27.026755
13.196876
7.846468
16.915888
19.983507
3.559849
15.367313
13.794019
8.932128
22.530007
5.406228
10.245822
13.171726
13.122112
20.326925
7.584113
14.052532
10.606536
3.796836
12.647737
0.805980
3.329681
22.464423
11.157112
18.315595
6.183217
16.183296
16.503807
14.691721
21.879726
9.200352
20.505630
12.679184
16.670887
5.536890
14.182086
10.064531
16.794801
7.076524
16.658164
22.364950
15.282828
2.713547
16.406214
13.983762
17.241748
14.175236
16.759207
15.433285
21.140751
1.776641
16.858835
5.453006
9.151566
2.314400
22.298906
6.956005
17.992035
18.285161
11.701809
2.315544
18.562147
2.111552
10.884805
14.676598
0.366775
21.762792
7.549050
29.483215
15.104984
11.829165
16.702774
22.859454
18.339268
6.799476
23.028501
25.126448
8.220496
5.514930
19.926130
1.851777
7.496766
19.104278
9.163827
13.054218
8.515463
13.476240
11.010100
28.362307
15.682030
18.000261
22.535853
22.570683
13.263318
6.933898
8.899957
11.079872
5.529716
14.243350
9.761226
19.354022
13.604894
7.577929
17.485734
12.193028
2.642865
9.519384
16.015472
23.789041
22.008379
24.821322
6.925920
7.460211
19.288302
5.751994
5.898658
9.689587
11.289591
13.759895
15.003539
25.797973
1.171803
13.445306
4.901121
19.470932
11.073208
9.888145
21.117605
15.884530
19.655241
14.511921
14.954192
16.716394
19.157421
15.992910
7.799019
2.083334
9.132392
18.308928
27.037343
15.648840
11.955503
14.785249
4.211804
11.272389
17.233947
2.726409
18.092244
20.539913
4.985764
25.671781
13.960729
0.783082
9.358965
26.841007
14.516248
21.404736
16.226374
14.963806
11.697536
15.588962
18.943255
26.555362
16.239015
14.267692
14.395331
14.563515
4.102933
0.579536
23.943030
9.462207
9.792279
7.388414
20.754984
21.941756
27.564858
1.725781
18.556058
30.895425
10.183880
17.582356
18.426316
8.781129
22.621266
12.986861
24.456249
16.773748
19.994960
4.797449
12.668604
11.094089
11.384941
2.262372
13.404057
2.476625
7.702087
13.427527
20.381933
23.038682
2.389116
1.547435
10.185391
26.471914
9.729297
8.988438
22.714755
5.354661
22.637755
24.136418
14.981192
20.363542
13.673563
18.204592
27.172251
5.827051
5.016856
22.336771
26.989062
15.396554
18.840800
18.428962
16.929158
22.717794
0.432120
14.180261
2.729093
5.112861
14.965242
15.793690
20.053952
8.062283
18.625028
11.232436
23.271729
4.404065
17.235781
18.872157
13.525770
25.292862
12.862601
18.113789
10.406327
23.680311
8.266022
14.382699
17.285204
20.196035
3.371563
6.825106
14.767913
22.850551
11.412927
1.687821
13.941670
3.775490
9.866643
22.935478
7.720519
18.179362
10.295565
10.181358
4.844768
12.568744
8.803945
18.308426
1.196696
10.992194
15.128400
2.912413
12.678543
19.900612
16.073200
6.662597
16.508246
13.752561
15.831702
1.504077
5.367640
29.655860
13.877705
17.145787
20.777647
8.294859
8.996836
1.866352
2.121647
30.933381
17.486114
11.715852
2.164861
16.778847
14.691622
3.262357
22.717986
14.264445
15.421667
12.239036
14.617261
31.812850
13.112341
21.415699
16.489804
12.222805
12.414738
26.145040
18.000784
3.362020
12.581262
24.527885
1.122970
9.177408
4.493275
20.711627
18.965183
11.437503
13.033290
26.523089
20.621348
4.915057
10.775811
16.433306
31.076974
19.815902
3.879177
5.638435
8.511149
6.907579
14.029514
12.871875
6.730483
15.372973
17.308227
15.268915
16.194071
5.877911
23.449810
0.434550
24.139485
8.091734
7.716736
14.784360
8.413939
17.141605
11.342106
23.402744
13.057959
6.307659
13.639609
14.367848
15.639969
8.503858
10.860049
16.756622
31.465343
7.439774
19.561130
17.741581
17.376421
6.730213
13.905020
15.978974
5.001670
13.314659
20.864180
14.372757
14.159604
13.225007
24.839633
9.529760
16.993279
17.673615
12.755835
14.204819
9.267934
11.151326
25.894250
7.091072
17.775518
3.482069
0.983611
21.023995
15.821336
3.789707
21.585655
14.123430
8.194326
3.540003
16.349945
14.367183
18.246347
16.137917
15.096760
12.942147
8.811750
20.662345
15.945753
8.072459
22.201119
13.841446
16.164688
7.915598
1.334353
10.019072
23.719935
9.990597
6.400559
10.804931
24.008748
23.382820
21.158921
20.460673
13.148191
20.626627
15.377673
14.363510
17.694309
25.388893
12.274883
8.959123
18.695217
7.690593
13.610011
23.722302
14.259788
13.983772
9.155581
7.910975
30.784837
18.129553
11.999153
2.950607
18.351615
10.593268
9.070418
34.745437
19.537587
10.758252
16.879333
16.350947
10.331805
12.732640
23.613024
18.758919
2.737941
15.975244
29.773129
21.009467
12.351564
31.191710
10.235527
10.396706
8.490855
16.043170
20.475219
1.763823
11.788795
20.108409
19.944478
12.480446
1.064894
16.825774
17.606488
14.088680
6.912201
26.332928
25.329105
3.300287
9.550287
8.416050
23.985269
14.616849
5.722109
16.463915
25.597817
4.953445
17.090704
7.369411
4.136397
0.417060
17.904893
0.595601
2.245400
13.361736
11.679437
19.666330
10.828346
25.936783
10.708692
9.207174
16.272537
3.483737
13.465650
11.735139
14.081308
10.047877
10.514975
19.653203
4.768164
19.118224
5.138905
0.859635
13.188908
14.245742
15.768269
18.950321
23.681734
26.302342
4.882598
20.408765
8.123599
13.220132
12.412314
7.219113
17.634195
14.936753
25.715739
21.712393
4.571175
24.744826
17.747291
9.991014
22.721265
21.620389
5.986805
6.865306
19.238652
2.031264
18.035421
21.358862
7.128706
22.176074
10.761067
20.023741
12.791433
18.747173
0.511821
17.353928
13.063641
8.893678
15.115176
6.832966
13.832094
8.308133
16.388841
6.042321
15.312613
15.061849
32.633084
17.858143
12.772889
13.647371
12.507717
17.939634
9.815232
9.921932
10.866755
22.907321
6.561329
30.652239
12.673040
4.129874
12.228356
19.491312
16.170561
12.037072
14.475400
23.162675
3.811068
21.312602
26.630406
9.659356
19.515498
22.304684
27.474472
10.009170
20.725509
17.711363
16.536791
15.071507
16.651596
17.070768
5.226225
5.665845
20.502998
0.922444
2.746260
22.132417
7.716286
14.166385
16.736376
25.977994
12.809351
11.222921
12.340222
17.566642
13.726209
27.010584
9.384259
12.309054
4.439120
22.008585
10.238605
24.437433
25.645136
15.165804
25.631044
2.322079
19.088582
3.284286
2.226992
14.085722
15.951176
15.985902
2.238878
14.397372
18.801192
14.189931
21.887258
11.455176
0.079356
17.285614
16.643644
12.662436
15.468030
23.740709
13.769280
15.564753
10.109272
28.148813
7.181849
17.555931
15.569319
16.206349
14.735166
4.350645
17.230372
27.639922
22.638257
1.390022
9.146946
10.554343
17.113047
2.701176
3.418453
17.809924
9.296130
4.627419
18.570286
9.449525
16.105907
14.172958
7.851951
0.845880
7.456272
9.225281
1.850732
12.569697
10.449922
21.826485
21.396360
6.713010
18.501410
27.865541
17.990309
24.145637
25.291293
4.906940
4.064324
10.538677
11.596382
18.702374
7.770032
18.534641
19.022996
7.916266
22.865747
7.343803
12.891150
16.287809
10.928631
14.862298
13.915574
10.620186
9.818393
18.477404
14.265160
12.006767
9.222392
7.132017
13.857970
2.908752
15.032827
18.424890
18.834170
22.020011
13.783685
4.510393
8.025537
34.750530
5.809845
17.623364
15.242635
5.049599
5.350709
18.399904
7.734936
3.091088
15.694174
11.738287
3.230433
17.115245
20.172646
22.738394
3.741403
8.475162
23.140220
15.183143
6.532836
6.613375
14.793656
20.139418
8.831919
9.645763
5.634855
12.158096
24.585242
15.197393
17.691750
5.539173
5.860831
11.694484
26.175351
2.816236
19.183782
14.212642
17.689756
19.166283
12.488647
10.348518
12.087030
31.516902
3.540923
15.805556
16.680059
10.615260
22.090867
3.819852
14.193517
10.072794
18.534944
20.827756
3.485601
18.524785
12.104239
10.170162
18.949738
6.326392
7.000428
14.209115
10.889935
4.729218
21.129662
12.235135
13.539755
22.542371
14.666478
13.677334
16.338686
14.148720
15.151386
4.217558
10.231240
7.176622
23.369645
14.109128
11.100711
21.979718
1.126931
22.072945
6.273994
16.185112
7.181402
2.807849
13.397107
11.515072
12.833642
13.227896
10.381014
2.108441
14.261652
11.855844
7.940162
18.386496
17.294577
21.522927
25.292555
3.655821
17.190644
10.858041
22.838299
10.662310
13.269114
5.487023
17.317150
21.694449
21.951617
28.536469
1.455546
24.037932
17.406330
6.530361
17.656358
9.267818
17.491602
6.617100
12.473090
15.818825
2.020877
12.045223
5.691021
18.539497
3.768486
9.262808
12.941620
7.850378
18.282484
22.123099
16.193156
9.137741
12.038582
17.078427
2.830669
14.530424
13.790833
11.534827
18.940152
3.104179
8.932988
21.947450
21.457037
10.900244
20.516029
13.900884
9.662739
7.084291
20.694761
12.832343
17.374887
21.528095
24.142862
4.185314
16.403342
6.450001
19.300043
1.796272
18.698966
24.109617
18.311011
19.997733
19.341312
20.322335
23.395404
8.290745
25.645601
14.502013
24.481651
22.838857
16.569238
16.128652
21.408316
25.646934
7.361959
20.688293
14.940492
17.961045
9.113526
16.214718
23.850878
11.848924
9.207850
21.347556
0.548267
16.202023
4.091126
10.816897
9.366260
14.021004
13.199110
10.274074
20.683056
24.998140
1.088757
10.546812
18.544652
14.417034
20.372609
5.242539
14.463160
1.450286
19.249864
28.427536
22.019114
18.235450
21.801918
6.932493
13.189050
11.344721
7.953446
13.380977
10.022968
1.481648
17.084863
12.523097
9.121937
7.445252
10.518358
14.361312
2.847390
11.392988
25.476438
18.260935
21.672772
29.115245
15.335854
16.817593
4.862107
15.400677
15.564370
4.627941
22.801447
23.005692
0.687216
23.052728
15.069645
3.529266
21.459072
10.967464
8.909798
14.000795
12.717629
18.365513
30.086667
22.980477
20.752803
17.437871
13.305409
6.873998
3.072725
17.005648
1.567128
12.751018
4.250459
15.778413
12.870578
4.987240
13.553453
19.739428
6.836635
9.842095
11.131861
12.653639
17.740867
15.665014
8.721086
7.907381
9.159502
4.633186
20.806121
12.324535
11.065410
18.563600
26.053969
17.882660
16.551393
13.540939
20.214007
22.176129
8.389008
22.908711
14.840889
10.478464
21.641146
13.327033
28.773477
2.850693
13.318170
0.431629
15.235208
7.774170
5.709279
1.784538
24.589415
2.073099
23.276912
11.112612
17.226663
15.093662
6.852168
7.857300
15.105268
1.432410
19.091794
14.336110
13.195897
1.872010
20.911314
2.594411
16.327528
16.034229
14.040128
30.825337
9.026188
1.045068
18.920689
11.471072
23.889206
19.936030
19.640973
9.310379
29.440534
3.785671
16.272202
7.553800
6.882729
20.768341
11.800726
22.735576
6.945802
9.045689
13.256183
17.209317
7.229231
6.640588
2.190539
6.984306
11.777390
6.589609
4.233578
15.754695
14.273944
2.463145
16.370895
1.766784
20.502653
10.230566
28.980513
10.885836
13.220360
6.961809
6.580703
23.930332
12.957710
18.962927
5.799705
11.845546
10.429856
5.118145
12.778735
16.716568
15.523452
8.848790
10.817320
18.558008
29.005444
13.799211
23.864210
26.910015
19.509013
27.107468
23.236180
3.959100
0.156142
1.435032
13.804501
6.936949
8.565897
2.832293
17.069145
14.783199
7.573329
3.956440
6.680900
19.442098
9.048601
1.778627
19.730784
16.581106
12.221856
6.401927
2.115503
11.978342
2.244613
14.082827
18.944559
23.445415
19.822936
9.530649
21.428810
13.817240
6.627345
25.239268
22.811870
23.562262
22.710665
7.276802
16.755700
15.595026
0.480074
25.298342
15.253954
20.654498
8.553944
8.644383
14.298276
15.130264
25.120365
23.421536
1.253602
16.398383
16.892718
25.668663
15.224934
13.048748
9.210337
14.603503
28.336011
13.503340
8.175681
10.836907
1.889985
28.440583
17.896133
18.873954
25.952660
8.914909
15.518581
9.764866
8.515514
22.492309
17.178446
18.940710
11.017714
14.181148
17.951188
12.120949
13.359790
11.619198
3.040781
4.079325
13.511199
22.696997
9.531002
1.278192
15.322410
13.162616
19.562590
10.691736
2.765817
18.481550
22.153491
8.248131
9.193790
12.852508
10.908549
24.061529
17.968401
7.102594
9.875802
3.222834
11.534900
8.360757
18.108549
12.670483
21.956333
9.435360
12.794215
3.226295
6.509143
17.168468
18.207003
13.307740
5.224193
12.743483
30.039495
10.697340
14.599381
3.707997
8.260513
4.123751
4.760233
5.531162
18.380548
13.520051
17.399933
9.871774
17.753158
20.860854
26.401801
8.540308
16.870016
15.952868
21.534583
15.160914
17.957781
18.946489
26.966859
16.664305
8.794579
11.630983
8.438593
25.986870
18.478552
9.619260
18.037913
8.474338
2.091167
16.684287
17.562749
9.157073
11.968288
23.217561
5.003031
7.143881
1.143951
7.311876
7.107743
21.438243
24.555520
17.947586
19.641713
19.294706
11.043253
3.623596
20.976302
18.237263
26.798902
7.848416
7.569502
0.457770
14.100584
23.318185
19.053226
21.776761
17.324800
11.363351
7.754414
6.065948
21.605266
19.622501
28.978149
9.706237
4.108774
10.076845
18.162781
6.428574
9.324698
21.094776
7.047128
24.501403
21.495396
0.870643
11.932778
10.791680
13.991085
16.345376
16.338119
22.053828
19.540595
16.394361
26.904003
