47.503452
45.188010
43.958525
37.539664
49.598141
44.934633
37.479057
31.902943
31.187092
41.657023
42.892597
41.567630
21.900598
41.446001
35.221206
41.398913
38.957139
28.772088
23.721676
36.996410
35.508612
35.387415
41.928798
54.415512
21.112727
38.015579
19.659196
33.527050
45.660592
49.162593
32.621517
47.378784
24.015486
36.216786
19.720003
48.456252
20.763771
44.986251
32.750020
26.990789
26.888985
25.434814
31.532551
39.860035
16.630931
49.079304
36.951128
38.661984
44.921427
35.025506
31.040391
34.861378
18.128998
49.411934
30.352889
37.705589
37.092027
40.413161
34.431448
39.464316
65.205648
42.687636
28.618756
29.249764
24.845872
42.306654
39.576017
30.611866
39.416834
16.549271
29.499093
58.210113
47.496948
42.640500
39.035467
31.903326
39.144816
44.729327
38.395902
37.471857
45.608461
32.133884
37.831486
23.993181
40.356284
32.647444
56.899089
38.704123
18.327976
37.661323
33.667130
35.724893
44.696496
22.155232
41.448613
35.135785
37.674390
40.784658
46.760824
43.366122
37.321173
38.320493
29.173730
41.871690
29.551410
39.028771
52.669149
39.801882
46.434525
34.093074
57.799499
27.303484
39.826689
35.314072
22.587180
29.981195
40.894588
43.205629
37.426780
48.757037
40.303884
35.520509
30.473876
13.637001
44.286284
32.112700
46.090878
30.133675
37.883267
46.407824
29.821018
41.211638
42.873673
29.714839
30.162499
33.752260
53.442961
23.985053
36.575196
32.502969
37.798875
41.825405
31.294481
38.790932
31.136952
27.635677
25.956055
46.300410
32.727961
35.991844
44.596658
32.385940
39.312132
52.371877
42.867635
34.781080
31.232315
37.707626
33.812552
33.906483
32.655582
41.820361
52.655524
41.746735
48.167649
24.766575
21.857053
29.782500
43.521082
17.518851
48.347908
47.670586
44.156443
37.929712
49.935321
42.682834
24.598369
48.738298
18.818548
41.001788
33.860008
26.530266
28.887594
23.387345
33.845015
33.877877
24.426628
35.264217
27.848520
45.840252
43.427592
24.383986
21.706099
26.712966
31.923952
58.572297
34.289114
30.981745
35.358985
42.016767
48.913604
47.488822
35.587987
32.571748
35.246080
38.140425
42.539780
41.597801
37.930017
28.167154
21.393432
27.877293
43.865013
38.954544
28.128559
32.061706
36.107649
41.748931
24.035360
51.531825
41.025768
38.148723
48.146549
32.179039
33.829854
33.430708
53.639736
33.034134
47.315854
51.582739
37.820244
44.271740
35.985700
38.585524
47.630388
39.037065
41.294365
19.023504
22.787230
36.461355
52.160434
34.313624
43.206429
18.707947
23.917916
33.344503
30.528042
51.459762
40.563379
38.578441
35.244093
47.619241
13.800524
45.253944
39.070294
37.857152
24.468983
25.736063
40.030997
37.387706
43.546570
29.307865
31.315532
50.352751
41.116736
44.971028
38.445568
38.862191
32.086697
52.906374
28.581896
29.259021
31.792707
30.152213
29.694439
30.056407
26.610636
22.092974
37.901785
38.967520
45.537183
32.644240
39.428714
24.058824
41.824007
19.100974
50.167082
34.884054
50.922352
45.265726
48.243257
45.447832
28.438958
24.337007
20.621707
11.319949
37.988299
47.631826
39.112840
40.426692
41.572029
47.881023
41.880518
14.692692
30.270661
54.720233
32.493504
38.628819
32.016658
44.358029
30.594325
38.407282
28.052243
19.994651
47.616843
37.712130
45.797894
31.038986
33.279982
41.845901
24.611821
27.239221
21.968618
27.143165
28.444050
28.844294
29.759702
41.948736
43.927804
12.184703
29.788532
45.326823
27.774565
36.271549
36.317695
39.099918
27.901753
25.297754
24.302480
28.287405
26.435987
39.395624
28.789305
28.241986
44.632346
41.322076
24.584131
40.819549
53.924072
55.291816
23.957845
51.249525
42.065609
33.677496
56.344179
41.061721
33.078696
36.337048
59.782961
41.056948
23.495913
47.481074
49.258052
26.665076
47.718047
45.163631
26.550617
31.566851
37.377416
53.069877
31.383785
51.115448
29.267670
31.445685
37.384372
38.401719
28.712155
31.882967
32.475206
56.033190
24.668568
44.518846
18.020296
32.698776
47.697580
40.820403
41.161224
37.923376
39.206336
23.736695
20.110807
31.107271
35.123746
26.037717
37.680235
56.360824
45.295323
62.098361
38.730621
32.508320
29.717369
29.786333
25.792494
39.101008
51.495136
25.171379
34.324854
36.025433
22.402738
27.983636
45.539116
52.197224
40.367546
26.537471
23.191003
39.238927
24.800845
50.893224
42.815900
30.630745
28.094736
25.504935
46.955164
42.213449
27.391173
43.352066
45.165109
41.059810
43.492401
47.378304
26.201508
30.054989
12.921937
43.535780
41.392127
56.567132
50.644465
34.838095
37.817943
24.378858
48.095881
33.517370
22.134587
19.099118
17.939428
38.795945
17.754389
32.037868
20.892172
34.587565
36.475895
29.293619
46.670124
63.345551
23.042651
42.419391
50.263610
36.379678
30.923579
38.455564
36.567503
39.131846
37.179206
50.806414
35.739599
38.005482
31.441078
22.382656
43.352345
33.167709
39.724246
37.797320
25.982354
42.493293
39.571289
29.951640
41.253159
16.107662
30.456623
46.468903
30.157787
45.010767
36.879151
49.107552
26.801509
44.093277
53.161385
37.063978
34.420641
43.902010
53.627833
40.933711
39.521745
32.188621
19.800433
21.051666
31.636885
32.481574
35.074673
32.139779
23.040024
45.369819
29.368976
55.140722
47.472997
22.574206
30.177000
23.003277
39.541899
33.593889
49.192368
37.700241
56.966905
25.578418
41.195067
44.516929
34.140767
53.521527
30.036864
33.107330
31.465433
30.555086
28.871563
46.591764
32.036318
29.553644
32.651503
39.361938
46.809802
28.656178
29.249568
34.656295
31.970148
44.405493
13.582355
34.427099
42.531487
58.410855
34.475032
29.978809
51.220625
54.269121
29.567203
59.281350
40.199466
24.851519
40.782597
34.268651
38.768355
29.436054
42.154501
20.904360
20.330177
40.153052
41.689652
33.953877
35.500792
23.905311
26.384110
32.966297
36.153450
27.854551
44.429575
27.475612
45.807769
17.088703
30.119403
24.648291
37.864864
11.364985
42.507453
46.241824
41.689958
39.774333
52.381240
29.752420
39.857562
35.869381
23.181953
22.373150
35.647178
28.853470
44.951894
40.385475
32.632199
46.321097
13.934281
45.126199
34.046373
41.782480
27.728679
22.171595
44.927982
34.201888
49.240513
36.195541
55.505167
46.467908
29.823301
22.016697
24.351711
45.267881
61.443015
45.211577
33.164779
37.781898
55.703451
49.652111
33.234579
24.031290
31.548507
60.538411
40.921275
38.531310
24.258822
35.160026
50.015585
25.620470
34.216147
23.872353
31.801158
25.666894
20.520507
40.745339
20.876487
29.337503
38.515362
49.220469
40.575958
49.058919
36.358841
15.836851
36.414107
26.595023
23.092508
37.175492
48.602598
29.230031
63.284590
34.635041
34.320360
37.471496
56.148895
28.767021
46.861486
32.416587
48.916897
44.408976
36.981291
40.895055
33.523635
59.367638
29.554085
21.489030
61.456034
58.451464
30.360996
21.264150
35.049259
45.221793
22.813275
34.579450
36.020094
49.366606
34.721073
34.028975
36.760661
46.684039
31.943144
34.897206
32.559385
40.212406
43.930846
47.921460
21.156690
41.509743
39.332821
41.960285
21.420805
57.102064
39.865747
43.843827
27.583797
40.732463
37.099753
45.320604
36.690692
41.592295
36.627324
47.485568
45.862545
45.706020
31.630714
35.517182
41.186091
44.116179
41.024946
34.453636
29.982690
52.573726
33.368886
47.537726
39.861683
45.787005
32.498435
21.513398
26.445801
41.609124
34.655834
44.654962
40.431213
25.507667
28.494483
43.295940
27.333209
42.654091
49.621173
32.535003
35.653319
36.014928
33.776346
43.293591
32.109101
42.096516
39.482910
40.295386
20.339428
41.613003
45.442834
26.891273
46.781364
50.789721
25.234693
36.104982
33.117412
48.403520
40.691650
29.278696
20.960824
52.447922
32.069889
43.374671
41.138586
32.393931
37.839626
19.516424
45.151734
42.991661
38.616501
16.269566
59.076140
43.414722
31.945498
33.487299
42.334471
31.888242
42.241113
50.203242
41.838225
15.087727
30.926776
19.239008
46.891286
30.575433
41.910303
19.208310
28.041158
40.683229
27.883357
26.407928
39.258038
46.214765
31.815596
63.871987
36.692228
44.659601
56.887383
39.805747
19.646279
41.306366
39.192962
30.523179
24.988795
25.746936
51.189825
37.087464
51.120746
34.908144
32.346110
41.299862
22.494460
19.786108
48.325438
37.624013
31.421291
47.378816
44.666433
44.568265
33.045196
25.892359
12.156072
28.694828
48.545392
38.707160
55.268486
29.714994
42.800651
54.000852
36.426502
28.175466
27.595098
42.081819
47.832250
20.004784
56.815622
27.198386
46.294978
55.289485
37.321480
56.462155
51.000553
45.396255
28.642321
28.818287
56.412914
53.866208
36.025763
18.055330
33.966778
29.227395
24.098259
23.572304
45.819815
33.946245
26.271109
50.434064
38.742152
34.642894
44.326344
50.255289
25.996291
27.123938
42.470927
54.990630
34.106356
28.373896
36.676038
40.392769
28.906753
46.948441
24.056800
21.325706
43.247875
49.899907
44.796077
38.160734
40.268816
53.874702
35.458366
46.285424
52.313850
31.381660
49.541259
43.349480
39.306823
34.771223
26.357828
38.757316
37.918451
31.473605
56.231583
52.938235
39.933636
37.630499
42.397753
56.011220
25.740283
41.252561
31.817705
16.611055
26.870127
27.753058
22.713865
56.858409
41.936624
47.352486
39.856222
41.427279
36.778032
29.672935
38.722664
41.994656
26.339675
30.796602
46.039507
48.856566
50.556842
31.616026
46.365993
48.107131
16.481459
48.341026
48.086556
49.306543
38.120365
17.169937
40.061522
35.156096
26.626764
41.811358
32.056791
17.526783
21.873316
50.146307
30.684735
31.147346
32.158678
48.177940
15.069955
25.160417
37.574769
30.129984
23.027928
39.903834
35.313863
41.075464
23.686156
32.971734
41.182062
31.436443
32.022773
41.010321
35.511278
65.046710
36.956224
34.336765
13.526572
59.972037
24.121379
45.930668
39.199674
22.354736
32.408755
42.358753
37.804814
36.790964
31.601024
25.518863
31.756903
27.108203
27.850913
44.907376
36.289263
37.317780
39.592787
38.360341
13.023248
42.197290
50.139124
47.987273
21.715073
47.186046
39.008798
40.162986
49.677734
47.172785
49.228123
30.810116
31.677809
43.160586
47.178651
46.231983
40.724956
28.970940
31.642110
18.074904
38.810610
27.912941
17.246013
48.323348
44.185888
34.878565
24.408464
35.272326
36.496243
21.661857
47.503528
34.769307
26.689065
36.501976
38.754185
35.815033
33.538281
46.645467
32.071287
40.781469
18.079909
49.142873
34.484606
39.479547
36.559692
60.744416
24.899270
17.938811
46.077249
48.011927
41.774689
31.631674
41.863498
47.804536
34.469295
42.271184
33.510974
44.478244
39.540917
36.085578
41.180070
35.709225
37.222170
31.291843
21.840792
44.850071
49.605923
40.742641
61.080433
29.487993
47.321805
21.462802
44.908792
37.849017
35.031779
38.794797
42.565801
44.805020
32.773965
47.786546
29.207135
27.248599
22.807774
38.225295
20.197194
35.906085
52.512029
27.180697
32.370873
42.427223
43.347925
24.088345
32.886794
45.523192
39.525339
37.043970
27.723762
33.012940
33.903061
49.436301
35.335690
20.706717
30.093676
48.756716
48.397372
52.523709
33.262288
23.155815
45.086380
44.814746
29.275858
36.676413
41.682732
40.471542
53.066849
35.126499
39.923338
46.117335
46.284767
47.936967
31.511058
33.194769
45.392491
55.015370
32.842879
29.033405
40.512669
31.963080
40.032092
38.290744
37.382103
23.842671
38.292372
47.726694
16.040088
38.950168
37.654221
38.214081
45.955523
37.728418
17.370130
29.293021
50.986161
21.647864
41.559531
23.595183
20.004602
29.842867
8.960389
47.724909
50.054551
46.316226
25.155015
28.714869
36.351768
54.467043
26.031123
39.733223
37.670051
28.372842
26.018543
43.541355
44.215317
36.587347
23.793153
47.351467
28.886138
51.903732
20.733928
13.007443
24.699462
41.686306
23.638568
39.502008
