287.835079
248.708064
268.074746
303.884637
258.927647
268.709585
311.349385
283.628766
258.789009
298.608604
324.959140
249.979696
269.823005
263.146991
278.433427
307.442406
255.624893
278.043166
311.531276
273.157404
280.130587
259.738231
271.289156
234.948660
279.425343
229.648821
261.131359
293.329653
267.548039
278.659571
289.516506
266.646482
264.875306
285.755402
272.850823
247.158201
300.680663
328.442163
251.679371
301.668035
274.378748
276.044671
280.800728
306.075770
282.472419
289.791003
273.795410
265.331987
311.140945
311.664403
324.251560
262.403337
289.480510
301.592791
274.739330
297.839525
291.261688
300.992746
253.537161
284.917004
253.142968
252.267062
305.691096
284.014129
284.438218
291.076562
276.968400
250.087396
271.989202
281.598957
279.576397
259.035321
276.877295
281.791922
242.785164
275.589947
290.255968
277.409032
277.298678
283.774843
316.442725
256.501050
270.261684
247.614534
274.671909
275.918517
254.995209
289.599226
245.107742
284.519328
257.374505
281.139947
288.338132
315.173783
246.293232
254.846010
272.556803
255.441797
283.993730
242.919656
285.295744
274.902399
267.002059
306.845376
271.251385
271.062866
308.467392
264.278373
307.280558
274.418549
277.225552
266.349084
277.182782
257.266472
290.663854
253.380675
309.530995
287.549714
264.507551
280.920890
346.864861
301.655517
301.631567
298.383128
278.898219
282.543223
315.278103
288.414042
296.006955
257.564125
236.518686
281.127300
293.568914
270.477450
308.141370
280.756723
240.637263
305.506739
260.597145
308.975384
237.015387
266.879387
253.575439
261.180347
308.024118
263.398499
263.622825
307.058315
282.095951
277.694189
272.389608
302.720012
312.267212
248.261628
279.035794
270.316873
285.920024
266.151011
301.177671
252.151663
274.235024
242.424519
253.639107
310.520961
247.821157
323.488227
288.940324
278.030972
253.537952
269.645313
249.017863
284.283439
272.664117
243.687151
290.101263
289.933438
281.107948
278.870883
290.901040
237.538886
287.492951
253.944696
237.768894
269.153822
253.168849
283.449092
303.223447
292.150658
278.736295
260.537041
283.178548
250.894228
332.010958
285.377082
283.193769
317.467377
308.852774
289.435564
286.555813
260.280823
263.426400
293.143245
277.149793
269.890460
256.468143
275.063817
304.886748
275.168539
268.465724
264.447533
271.454526
285.012799
299.791299
296.525599
263.763343
298.751137
248.724497
247.665863
281.271033
303.215875
290.885247
255.470306
282.276254
312.790758
294.989103
303.284652
276.481445
296.904286
267.590773
244.922027
298.743769
257.881365
237.949135
300.977900
243.297577
305.284849
262.593883
254.013019
252.914802
296.907703
307.392881
265.106551
248.543855
265.111788
279.822891
305.033672
282.168505
296.388746
276.260875
283.781481
288.875690
271.083830
307.596581
276.364437
277.637946
295.909820
310.347122
292.049586
267.520780
283.437523
280.378693
277.125377
260.549772
281.495488
265.497508
293.745487
246.449788
296.389521
287.305347
302.638001
306.539963
290.298052
251.920780
263.842801
230.899093
294.227141
273.114551
254.964897
259.100027
299.788465
266.106547
305.584434
313.592420
281.187282
304.871433
309.584169
251.207823
274.782314
264.919725
262.385742
297.376167
293.952328
309.985391
265.765848
226.619641
246.994196
283.401399
252.396035
264.684235
268.802172
235.447129
253.113086
286.355022
287.244085
261.914298
247.506694
328.820982
266.015242
292.043393
270.359477
281.962574
302.593104
304.085213
278.132799
262.652990
299.189750
290.137218
285.618673
277.195617
287.219756
268.884877
276.518029
263.326497
276.613325
280.813846
277.947862
286.081475
305.658760
249.974024
298.421584
248.702705
281.188062
274.153889
295.153259
268.457735
274.461079
253.110568
277.585241
290.517938
279.189777
291.728222
271.317438
211.763114
274.759560
284.354045
281.487266
271.715248
262.834330
259.157706
266.735931
291.193124
281.562135
254.268235
293.185151
250.344817
264.310713
284.972002
252.760815
283.999120
304.523194
296.039425
291.181697
273.444830
312.072703
294.501302
256.039093
270.633288
262.372650
280.498502
298.153400
288.743711
298.212724
262.847492
293.497440
284.563839
280.788265
300.228467
338.738348
254.980771
271.292718
263.954867
296.045070
295.650260
263.530354
280.835981
272.301984
318.668809
283.758341
251.093241
297.982475
287.775920
262.868782
279.610167
292.183138
262.776110
297.866620
254.226796
278.218850
302.218161
245.820879
240.975390
277.823518
281.499745
274.741125
272.519943
267.963546
246.517412
299.819646
266.582823
266.891509
250.509527
268.260628
265.267171
294.346256
268.556834
281.525103
319.057179
265.374813
256.116047
294.529433
269.209144
299.446590
257.558539
244.070091
296.823038
272.658918
282.060228
318.552564
255.597205
285.163529
317.314166
310.461908
305.811451
260.729094
272.342488
285.935297
277.556874
301.157237
291.434309
281.347576
303.369523
307.193286
305.770696
276.612096
248.408378
286.306054
269.287091
285.594410
261.763803
273.010495
279.673855
297.185446
303.494678
264.885083
265.299624
261.058494
261.055883
263.781248
311.764213
296.519637
334.743808
279.288350
304.407854
267.916255
250.057542
295.722079
267.584280
265.391261
293.678118
292.649878
297.674388
322.589445
289.539336
253.191184
260.569230
298.658415
274.663277
236.828251
286.378174
274.698571
258.567183
274.817227
295.229162
289.845113
304.517487
272.010657
304.312654
310.276191
254.921311
304.049573
301.508647
258.631345
266.022604
256.933938
297.792927
300.570505
292.041897
282.608617
305.127009
283.913681
250.249317
282.219744
307.997787
249.284728
266.437274
274.868240
258.029665
251.774964
257.277427
297.775267
305.478401
247.289697
266.491880
298.066309
251.523326
299.618394
285.483287
275.683503
295.507320
282.272950
300.635729
288.802519
236.362026
260.047504
295.614874
296.056814
291.037669
307.060504
250.688649
262.386454
244.079669
279.513877
281.333257
271.855636
271.704225
290.288905
335.632789
283.874907
260.665726
281.189690
304.139750
278.088282
290.428153
232.971448
297.317877
297.477720
292.651273
301.250767
266.079723
302.562151
269.369628
324.836830
266.631388
252.264194
264.402913
252.349761
233.472570
301.608782
279.276846
264.865935
273.618768
297.773495
255.381964
283.954498
300.939189
268.634306
210.347560
310.508511
292.606429
240.268668
259.808492
280.965362
236.815892
253.873787
297.551849
294.243616
260.846775
269.850580
246.680096
286.278744
253.015135
282.224798
273.036849
293.651691
311.226437
285.845119
286.109954
262.785731
257.173796
263.724304
281.962179
294.141881
258.142523
270.783965
276.489843
264.976936
263.758084
312.428438
277.910158
249.735822
245.155182
296.320580
298.926464
307.611901
245.733298
312.004956
289.435470
317.911297
275.975981
249.813155
276.502453
272.848755
253.756442
291.910551
239.778932
247.653426
295.292833
267.645214
251.021290
315.109947
301.922984
274.927216
282.750429
237.993363
294.219043
283.844660
305.880357
279.309511
243.270608
310.115970
308.990413
278.187060
298.902706
271.464829
297.247003
310.666950
287.996948
266.232028
313.984155
321.580837
260.295331
291.620714
249.834460
291.045377
258.542629
304.546838
268.476530
308.753072
322.127232
256.762976
273.766519
305.991935
305.115839
281.070432
263.270889
274.452552
275.796512
253.881741
313.765468
285.123520
289.008896
311.175389
324.246522
267.401562
267.671635
251.489434
281.961073
268.975068
221.374159
266.183687
298.499792
305.805934
289.504247
251.954700
296.368177
258.111628
284.572237
291.154151
282.375281
320.694896
309.736166
307.460200
278.447727
295.173455
299.205215
280.921788
265.156422
273.346214
298.374492
301.823812
256.086412
290.310492
258.505189
288.082955
249.533896
255.006083
267.231909
260.074317
260.186410
283.178325
286.826285
308.448953
264.281774
298.098566
281.092678
257.626694
293.278632
273.340019
281.918156
278.541631
291.250672
276.843682
270.016212
280.339630
257.175456
289.410415
256.732264
250.615465
270.959034
227.485421
265.743093
303.215477
270.699386
300.239802
256.817278
245.548123
284.772940
280.384946
246.827116
266.629010
288.640294
306.288976
249.982625
288.129695
296.985192
267.733677
266.027120
278.987426
292.511462
282.291896
280.273069
272.849996
320.104170
272.496098
268.923878
281.316854
280.994987
240.023058
291.536135
294.037099
304.107896
265.679973
274.432321
257.296675
259.655828
254.684519
270.839905
254.637182
273.806583
298.543666
279.676910
274.435645
298.409372
305.060928
247.594343
276.759460
276.233623
287.810447
281.967908
298.896415
287.163329
284.495345
321.813261
264.189183
270.238554
266.638898
284.737861
254.285201
261.842193
273.514289
259.499367
261.496262
292.552983
300.352650
248.779891
279.326493
293.698054
272.985895
275.235671
284.687049
283.852778
304.488398
278.820343
269.139621
257.408183
298.354723
294.751230
249.446879
269.162125
293.139569
247.131181
308.249144
273.188842
279.991742
278.238252
252.012771
278.804325
301.079378
258.833822
269.975827
298.211688
264.144764
263.217824
288.345295
305.670474
313.571174
249.406774
294.355908
266.104352
268.660343
286.820609
277.628998
267.291394
237.413301
283.082018
252.606828
271.179271
263.087674
257.217363
294.309217
282.493065
293.490624
280.871779
275.427167
294.749743
263.871956
293.114981
275.248420
306.679128
300.342164
294.898455
259.464149
276.292672
264.424152
277.089754
324.087100
284.045134
291.929175
308.206059
306.171258
286.116012
301.943853
304.321854
277.378159
279.542664
282.176665
275.894331
288.315482
284.289423
251.958944
281.441358
281.113215
268.945350
299.954174
260.975987
290.392063
312.592706
281.712501
277.091668
299.290729
273.733602
310.697192
281.184506
287.533652
346.598864
278.863071
306.928933
304.695747
289.516935
288.559082
296.797346
238.035263
275.721174
263.840725
282.892615
262.676081
276.112409
241.116847
259.764992
310.275458
270.329138
251.145595
302.505226
256.014178
268.411676
311.915741
261.408601
259.198320
311.405356
314.817680
267.589986
301.692360
273.436085
286.217711
262.134296
274.661444
259.726049
302.387510
298.684242
292.591808
262.259017
285.621353
280.340927
281.651412
260.371417
252.804628
279.628315
313.513184
261.814809
313.695579
256.818243
228.763402
254.689250
298.334683
283.824196
275.802405
266.131238
297.300170
268.602021
292.145568
280.719692
251.599695
301.868063
226.368657
251.891184
320.054210
257.021541
253.727147
295.319722
271.065344
294.167176
277.854178
265.485837
265.162852
297.962709
276.276295
307.448535
295.979496
296.984374
312.418336
263.648431
265.645303
268.890454
280.174744
241.103357
285.750672
305.539490
229.643798
255.223899
248.845181
269.042345
259.761594
249.483794
266.257158
243.827572
323.242256
292.161474
259.241434
252.251834
262.782181
283.226224
251.757638
242.465340
266.101963
267.077907
290.264916
260.868860
269.493691
262.014710
250.687275
312.412685
299.961340
254.348893
307.224691
270.527856
259.599731
253.186938
274.876337
290.225939
252.099953
261.538238
280.092562
243.692946
273.970764
276.839766
244.622296
278.403252
257.258716
249.328718
302.627586
251.817732
294.926359
275.807097
281.623196
282.727740
293.897364
237.732059
279.199026
262.607449
287.826226
243.915489
301.497458
278.485898
288.536200
286.538031
276.213581
288.409590
297.326460
292.228874
299.894810
282.740684
279.962935
305.605504
297.450058
256.977881
272.329681
260.713266
254.992816
291.103229
264.839891
310.059331
253.884001
289.535905
283.843135
286.741814
256.233130
303.739951
296.091905
234.320601
244.799107
298.218584
292.031937
271.881641
223.931124
296.070959
285.899736
303.952656
281.208040
267.189146
256.360032
318.513090
292.785856
304.371076
255.328608
303.772447
268.953084
299.105115
287.736437
251.517131
267.468925
292.879739
234.030727
240.374178
275.830759
284.249495
252.584488
267.599476
277.285885
285.153259
303.093673
258.892438
238.779871
278.185224
272.357257
292.083667
241.462658
305.111998
242.222838
258.238164
274.171242
302.034981
250.190566
281.952042
281.928274
258.993743
283.648424
269.043217
246.313008
255.371050
258.603611
302.321464
258.897695
245.625590
256.504929
273.061982
309.446365
294.423546
256.960461
222.182366
242.519754
273.216093
298.726580
294.744560
229.213663
286.511936
293.575683
296.620014
274.362119
298.707936
289.824939
257.611577
281.917329
266.038267
269.962542
259.268992
306.063120
231.798958
256.641204
276.726824
311.976011
272.526492
249.306932
266.421374
283.288568
283.743013
286.415945
259.094580
283.698808
283.525756
314.441256
260.400501
253.743126
291.923094
305.072675
284.284124
306.870965
301.653722
279.011325
263.121944
257.874804
290.456696
226.894709
297.193643
327.565931
310.540028
282.707588
290.438480
259.842378
279.037984
299.157934
313.850004
270.518975
271.657926
239.832400
259.544267
286.459669
291.027233
279.004092
262.536134
295.584689
226.144471
290.354667
278.411270
290.336650
251.358402
253.688164
279.975857
304.173753
264.154791
279.283003
287.822302
265.017638
315.615625
306.363065
267.933567
235.507318
249.196826
266.835494
259.558999
298.247807
265.778952
287.863477
255.861295
280.759181
288.056918
260.323447
273.336385
296.013571
316.238744
250.100030
246.502550
306.607279
273.413450
275.746911
277.826251
258.763633
249.047575
292.943950
270.467093
285.974002
263.251338
258.793146
231.515447
271.775186
226.406521
268.155229
298.908594
290.403887
271.447011
273.407523
277.065522
322.680882
261.509224
290.472284
308.349484
251.202565
316.799698
283.342355
274.756040
281.852979
285.815168
308.695629
247.905361
264.426403
300.641930
251.226715
284.580554
299.438587
242.820780
294.290552
260.298493
259.059452
293.360862
302.291366
234.712722
306.445463
279.717353
336.392615
261.229441
240.621426
281.515941
275.178651
312.226024
250.493369
252.909274
296.052171
236.366348
250.230701
257.223915
252.892144
272.819616
292.572680
333.997674
283.721530
269.199668
262.070443
294.438303
254.988559
268.451286
277.163593
305.940949
281.772483
273.620442
261.386819
249.357334
264.694591
265.914272
295.981852
266.162525
250.676453
270.203599
263.707231
283.789462
242.409015
273.412419
280.974685
262.373026
259.776482
283.322516
269.962464
310.711072
255.604018
262.805218
274.094062
286.611259
237.795911
267.337470
277.038151
248.504078
269.327844
260.004480
301.689758
259.530785
279.063900
306.704399
284.055599
287.986499
292.402895
294.360348
271.431978
286.632203
318.159254
285.041637
280.096002
280.475173
288.032019
281.358770
291.225271
303.945862
272.490779
275.440110
267.265015
291.317445
280.836696
245.895044
224.657498
248.001755
306.812367
276.494726
324.943380
267.400162
273.529882
263.254983
301.814359
288.655112
300.313124
268.360941
294.644364
284.012150
281.857382
292.749646
268.464911
273.646799
293.249387
277.067151
275.036609
277.502632
265.781543
292.222726
232.599322
300.862590
254.826641
270.110372
275.571499
293.493181
296.330982
307.345299
299.209284
255.403972
273.839259
249.604545
299.170479
309.678069
243.781791
272.296111
220.252911
283.587544
227.433438
281.946440
251.222264
269.348791
255.182469
254.926830
266.137437
216.828890
220.995150
283.656766
263.553255
275.596786
279.935350
249.302140
291.040671
286.945281
290.646798
242.772356
280.924981
251.909777
300.655808
281.739794
255.408691
278.955816
259.983635
291.109687
272.485217
290.383631
278.688824
277.310868
261.055738
296.777406
259.111671
268.653749
300.211156
270.916359
259.658800
304.840036
300.326106
272.756396
256.446630
274.065987
262.441965
271.005388
297.913966
268.185766
263.737678
252.739608
268.699639
320.036154
274.046975
246.881903
278.930201
258.986956
286.348012
299.383041
294.575970
256.793150
262.717924
259.452594
239.579145
281.722700
274.221303
292.896783
244.829296
315.750412
259.225713
281.010772
274.718969
270.110085
256.849976
308.493432
253.375787
277.924826
241.895967
285.840475
298.328190
293.441484
287.052045
319.368987
262.427269
294.038956
255.944617
258.351260
317.059811
296.691487
281.435358
268.859079
251.544895
284.812193
279.167250
297.425988
273.411242
249.543341
280.831773
277.477351
253.645666
286.932176
215.356063
294.589020
306.951670
264.032653
263.897377
312.492719
295.122534
271.589726
249.152816
279.729016
278.900138
287.709896
272.006058
280.325489
268.575368
262.208376
308.718918
289.168083
278.799757
281.819030
280.466710
261.042769
281.215706
283.354864
289.186289
237.283443
313.128799
284.766566
256.007343
301.191425
276.314672
251.837478
270.028044
247.283450
267.398036
264.055624
290.744696
267.014412
236.711309
272.696303
285.012249
261.406887
260.129856
276.651254
270.433097
277.269103
277.944211
270.256894
299.823035
297.670089
256.682870
285.179229
280.740713
244.605227
293.041592
277.586201
302.699513
257.107739
275.199834
267.446847
278.363576
251.655746
235.679366
276.597550
281.310412
271.067679
261.051499
286.470125
247.712663
279.997113
274.744093
292.564648
298.966585
287.689251
272.476472
273.454729
288.451318
265.806471
294.551770
265.262214
295.894496
293.790713
254.849499
272.271861
273.905258
260.987222
263.619134
242.807235
296.709739
277.978244
261.088756
289.134604
305.818445
271.424667
260.268747
297.637208
299.243369
246.676946
267.635345
313.626484
291.697961
292.602654
320.162331
283.927091
242.726511
268.757079
273.287693
255.839466
289.354896
266.845472
260.911719
286.663282
303.557759
270.917289
240.362665
263.579971
266.843675
302.941632
248.295983
304.438169
313.421189
238.704861
267.046766
257.695264
273.745350
284.573629
313.341737
249.317177
300.072222
307.518211
274.845964
277.497570
297.434409
271.093476
307.626061
251.202673
257.013373
279.420309
277.367777
264.355546
267.999112
270.496721
281.114654
293.143774
228.314265
277.360268
264.848118
248.819760
238.943990
308.100414
270.949326
277.135355
262.616828
277.643881
295.073970
287.812978
269.324226
292.486520
285.771500
274.751366
267.503484
271.346141
271.622349
263.014563
321.777886
285.512599
262.964859
320.410850
300.266926
239.669899
284.291703
250.865340
285.577177
291.217356
267.040581
261.871019
234.355245
307.781497
327.829400
309.922925
304.841382
270.658985
260.975143
315.355505
293.787141
265.607680
273.354413
285.928248
273.276850
300.430719
261.783755
288.357639
252.945376
305.887687
294.915768
227.039115
280.543187
288.425097
247.460343
289.168229
294.838712
268.302997
279.120222
289.436429
288.509705
297.670881
277.698441
299.104871
293.091924
334.019936
303.837346
283.433904
289.830676
271.794468
260.121867
325.896363
250.592854
279.804547
263.922643
266.783532
286.234235
272.614335
278.227230
321.119845
316.225999
253.757618
284.035926
269.629613
282.112532
281.510957
256.782812
268.985606
262.257012
280.574294
239.358289
264.442587
251.390076
263.953604
262.610301
294.017271
246.598934
259.938654
260.972145
236.145973
291.434776
293.844862
314.391466
311.397732
282.083479
259.404464
272.134261
300.632954
277.982826
268.246846
273.068872
274.055305
285.482722
244.757638
248.403043
302.301199
276.637958
269.924522
291.262093
286.338959
289.002048
252.871062
291.674601
276.408994
344.884630
242.556188
247.055593
253.858234
252.731824
298.802692
246.466932
292.530879
313.811259
288.083912
304.896278
277.961628
223.808194
250.082622
312.985852
248.530644
273.989542
299.112018
243.564169
255.788628
291.822602
240.866280
303.988322
266.773177
243.362228
261.497396
269.687055
307.522911
267.906835
254.721987
288.287949
287.169017
274.002845
242.314017
263.937427
271.160250
266.672328
281.097186
261.259444
265.718152
238.917671
302.671773
265.294239
267.214232
255.954377
301.637890
260.340145
252.966713
260.509926
314.964368
270.667217
297.106760
245.663488
287.063962
278.173157
301.083738
258.696132
280.620075
255.524052
285.498156
269.810026
287.493996
284.767536
266.276575
259.960522
284.519931
267.547949
287.939621
282.260656
294.401266
306.954311
289.453413
299.401135
262.952121
309.512658
309.243170
293.413206
309.401296
274.909822
264.338778
293.844208
269.685815
234.604668
291.981163
299.145011
248.637088
272.204022
294.644766
327.797783
298.332913
259.979177
270.353345
312.346460
295.721344
259.291876
286.058228
291.663918
289.836454
306.559827
275.581065
318.337506
256.846000
290.580428
280.707205
260.751884
277.357033
294.541110
239.767451
260.405282
277.002865
279.974600
289.049860
313.670305
267.176303
254.006556
232.393609
270.455644
290.426207
298.489901
246.717755
278.869864
293.304469
255.490949
268.122452
297.022446
285.047704
288.516675
277.608748
331.993151
282.031977
276.965173
259.373245
292.020498
270.726608
252.156703
252.099924
295.623401
309.543096
294.991008
280.954095
295.497592
235.084459
298.881676
273.343131
270.276316
288.044529
269.367082
302.117968
298.982400
293.690501
270.402506
282.137778
287.753717
274.954095
293.849227
286.717952
263.817954
330.767231
274.491683
254.599527
261.827506
241.925206
282.779446
264.068008
298.751047
