9.058131
10.895894
4.823176
8.537471
0.912063
2.962428
11.450644
5.731528
4.623780
3.786071
3.243623
7.695805
5.967314
6.939908
12.846208
5.761476
8.421166
5.003083
5.433870
11.119392
0.711381
0.868306
9.399128
4.756718
8.417552
5.652961
2.805673
4.570837
15.212512
10.498062
9.673672
4.313896
0.018269
9.121645
7.547996
3.194063
0.489877
3.336914
5.910535
6.151563
9.221444
1.211319
2.524753
12.698774
1.305692
4.271522
1.696978
3.824772
8.673195
2.121910
8.191590
1.702620
6.781064
4.228191
11.608092
3.623625
0.733203
7.149481
2.583085
0.013384
6.270308
3.216163
0.791662
4.648384
8.188662
10.195539
5.944028
5.067258
1.569801
6.177050
12.240363
4.692561
4.855013
5.634012
4.807906
15.419008
4.833364
6.084953
4.691452
6.910288
5.018787
1.905798
1.416558
0.061236
4.926181
4.002120
8.268124
8.298368
1.314300
4.575345
2.571799
4.519995
5.723955
0.325988
15.222325
13.387600
0.031282
8.766035
5.076326
9.249116
10.010230
6.039129
9.751148
6.582579
2.430987
5.539522
0.420921
6.648945
8.348086
9.365209
2.872381
2.834621
2.360789
8.410204
5.614633
6.296387
1.800529
10.128101
5.922939
2.202829
3.872209
4.140963
8.677595
1.325391
1.660851
0.308355
2.219345
7.857444
1.719553
5.835328
9.229181
2.206178
6.624098
8.839457
5.600435
3.202864
0.936986
5.479453
14.584938
11.886078
5.125361
9.347927
2.375939
13.555545
1.787933
9.965700
6.598248
12.262813
0.586676
12.184393
5.500315
7.629845
7.551658
9.162452
1.848475
15.394043
4.687999
1.423172
4.968683
12.279467
3.692352
4.326745
4.094819
0.792871
0.097109
1.587895
5.337468
18.069716
2.326630
6.659699
0.369553
6.079606
8.625093
9.330836
2.807436
7.370109
2.117201
3.939746
5.306456
4.181280
5.547136
4.664864
10.017152
9.892981
9.763290
1.023663
5.000171
5.784889
6.084904
10.387189
3.547461
6.570513
12.235922
6.731320
1.892874
2.598286
3.582479
17.343684
8.089850
3.558907
2.713967
3.087445
3.601609
12.437810
6.461857
6.890749
7.431479
5.167286
0.610700
7.189254
2.650405
8.586784
8.178921
3.983639
5.584838
5.755870
11.748002
4.644743
0.312200
6.522823
3.100248
7.849831
11.548564
0.060487
4.558921
3.901986
9.167289
1.445633
11.412714
2.409791
4.181947
5.353576
5.824497
5.923201
10.154718
1.339386
7.983103
5.122049
6.386103
5.425492
3.052461
5.373914
11.082573
3.093361
2.496010
9.293334
7.853799
3.973808
2.072492
7.290014
9.575125
9.934196
6.402857
2.891143
4.711942
4.379396
3.807295
0.080151
4.926168
0.292002
1.757910
7.689525
11.848878
2.799427
10.306587
5.057315
4.805704
9.400078
1.758204
8.492727
9.789332
0.317863
8.556101
3.025046
5.715348
4.822792
1.767243
1.763855
8.482807
6.782476
1.375398
1.316710
8.576692
12.028198
10.509746
9.504994
3.845252
1.916958
5.751570
1.409622
10.282308
1.085951
6.345955
1.819859
5.754613
2.057902
7.790324
5.371350
6.144216
8.850684
8.986061
5.544172
5.937935
5.516087
6.666888
2.106220
0.987354
3.583546
0.328756
11.896446
1.386640
1.579728
0.018018
5.195337
1.062308
6.490389
6.657918
8.744541
4.145781
1.823797
5.909316
6.483837
0.951973
6.581798
4.157118
9.211215
14.266830
0.822467
8.548670
4.158440
10.263808
5.733747
3.543963
0.669144
9.031241
7.236801
5.076687
4.174565
1.818028
3.008475
2.617737
7.788890
2.819564
4.720572
10.106775
6.638998
2.304444
0.188997
14.085749
0.724156
1.849256
0.356321
10.266584
6.268932
1.188638
3.104789
9.797702
6.915684
6.515371
5.674265
5.351826
2.411721
1.134041
9.038508
5.657889
2.777340
8.904516
8.172324
13.122448
2.816498
0.904790
3.451141
6.698243
1.461457
9.143682
12.989140
2.017639
3.217578
9.166557
6.599768
9.917174
11.429137
12.645863
15.192067
0.690525
16.668427
7.963489
0.723963
6.767307
3.661410
2.503743
2.409656
15.395775
5.763474
5.244017
5.756650
8.177712
2.726078
6.737885
2.379641
5.675034
3.429522
1.722591
5.461316
12.603638
0.557741
6.363027
0.148437
1.361263
1.356835
2.583314
3.483356
5.617775
5.990044
2.230614
6.418338
6.382650
12.700084
8.810591
5.117403
9.099457
2.582386
6.802247
3.672911
5.841303
20.302943
6.082972
5.652796
3.990409
6.199179
7.215564
4.138586
2.564436
6.252364
4.496530
13.741299
5.510886
7.646743
5.456934
10.217277
3.943248
3.786318
4.388986
8.499581
12.438699
1.300549
7.253883
4.276126
3.131899
7.176774
6.682355
0.499664
11.040213
2.764056
3.931662
6.372058
8.923621
0.542607
1.598820
4.477461
9.165153
1.225162
6.923202
1.882310
12.008730
5.163514
14.746786
12.304352
10.917075
10.223994
5.027251
2.577446
11.537098
1.734284
8.837117
4.823253
3.701236
5.543521
0.168530
2.320944
13.539361
2.733301
2.917435
5.036740
6.309479
2.247244
2.716376
7.585502
5.326444
7.992199
6.064530
9.522783
10.787258
12.285684
4.131341
9.245874
11.840903
11.490025
4.799410
3.407521
11.546352
4.665132
5.929465
8.269828
9.752652
4.587492
6.410663
8.965379
10.650566
0.693633
0.215365
5.374308
4.264503
0.475090
7.342845
7.306010
10.642688
5.766358
6.499973
6.265571
9.356461
9.215481
10.052734
4.920581
0.076784
8.736313
3.436853
12.234260
10.481774
2.256782
1.642276
2.893843
10.412598
6.056586
5.592087
8.265842
3.187208
5.913954
9.511894
11.506948
7.439492
9.113365
6.049631
11.888001
9.643643
2.052841
4.596411
12.165470
4.418935
3.444888
0.526369
3.233178
5.306384
5.660765
6.417338
2.744471
3.357647
6.253678
2.176515
7.000617
6.104564
6.400375
5.757946
14.636078
6.749582
5.012677
5.066680
2.536224
10.052557
3.992213
12.289742
3.990936
1.822785
3.846124
5.009330
8.997032
3.834329
4.294995
1.963868
2.226179
8.084710
3.672056
13.972090
6.327605
0.697174
3.793137
3.216387
5.589177
0.977502
2.796260
4.542581
0.542082
6.333316
5.563243
3.656362
2.454593
1.279387
6.694999
5.957877
9.462421
3.895007
2.024199
4.166531
10.236293
1.442108
3.354726
2.634317
2.814586
5.979138
9.536068
3.344918
7.870910
5.981231
3.757868
1.545872
3.850797
9.436295
3.695148
15.145357
1.025491
9.860269
5.950811
3.396454
0.739931
13.728905
1.870429
5.113947
7.868370
1.566674
6.702689
6.512648
6.285075
8.496656
8.178650
7.042118
9.449392
1.533918
9.159610
7.747042
1.920257
4.656052
12.648691
1.341691
0.862141
9.079164
2.064749
7.364018
3.035645
4.565021
0.637135
19.092969
6.818843
10.432404
2.190643
11.799394
1.666922
7.447083
3.545689
6.266674
3.932390
6.197877
13.252479
5.695272
3.267668
5.772272
0.183812
5.757767
9.443055
12.155759
1.437086
9.882828
0.952147
7.230185
3.482432
8.046981
2.879162
3.303699
3.988418
4.248977
3.218703
7.665868
8.883155
11.325208
9.216520
1.180235
6.563275
6.583310
7.541877
9.545515
0.704002
6.233226
3.683375
4.871167
8.975228
10.912925
2.974300
5.132608
0.071671
1.646380
8.498818
3.057553
4.231750
3.229141
1.712585
2.228364
4.624889
3.025778
5.019846
3.144212
5.012182
3.016117
4.189353
10.663636
0.639303
2.137985
3.994444
6.663286
2.157635
2.484246
6.813263
1.472562
14.254094
6.919063
7.025568
14.428872
3.004588
5.483194
3.557773
3.637061
3.435742
7.079274
5.761444
10.610542
2.856283
2.051925
7.559659
10.783599
6.277618
5.441582
5.249274
0.277906
6.013399
6.524202
8.694888
3.056093
1.322512
15.238440
2.607313
0.056760
1.388636
5.283323
2.478462
6.006619
10.725780
4.194736
4.039987
6.231474
1.171122
7.213698
3.186481
6.496416
2.154459
6.279225
5.049606
13.383397
5.041555
2.408218
4.301258
9.674065
1.061458
8.152158
2.693862
3.868195
0.899011
7.912162
8.253767
5.470189
1.680409
2.902835
4.041900
2.682352
1.504336
4.232266
3.698916
10.280266
4.394299
7.659775
8.243846
4.142018
4.781780
6.971705
2.201051
8.528162
9.332671
6.809721
4.376037
4.665524
9.472118
5.113136
11.954766
9.318298
9.495700
1.274790
4.977527
6.076172
3.053137
8.772150
5.232916
5.254683
9.315695
4.580563
6.753806
2.670959
0.395054
1.992092
4.124399
0.554066
2.870388
3.184299
5.207033
5.130145
4.811478
1.597856
7.272772
6.384645
6.909515
0.318401
17.138543
6.432728
4.057300
2.240362
4.968481
0.078185
3.572692
0.261208
2.950544
10.042337
9.941812
1.800474
4.074734
5.517695
1.464895
8.973082
2.861390
6.376012
8.527960
2.404735
7.501092
6.027009
8.176061
4.438196
2.105495
3.060926
4.506778
4.453093
3.571036
7.917227
4.578187
4.080843
9.519246
4.494272
0.631523
9.037689
2.795305
2.890719
6.886168
9.628629
8.769334
6.775818
8.503746
6.877244
5.736457
7.916224
10.597315
5.008252
5.928617
10.699868
7.103900
8.474793
4.116129
4.742569
1.027930
8.564408
7.790976
4.774316
1.695834
5.244210
1.455707
14.996545
1.918004
1.222711
4.799518
5.270410
7.624516
6.514038
0.322734
12.915935
8.012501
5.699473
2.733367
0.564114
0.790277
6.006352
3.704924
2.714911
5.920368
8.325717
10.139358
0.439633
8.636116
3.546850
4.790315
4.780219
2.735629
2.637949
8.148870
5.410880
2.531198
2.608793
6.254561
3.339515
0.559434
5.182494
3.302824
9.400110
3.549465
10.330462
0.559054
2.276900
3.197126
5.680612
2.971199
12.292817
18.462426
1.499036
2.291477
9.169513
1.347965
4.659610
10.725626
6.715038
3.901461
5.935676
6.933506
7.284397
0.126463
7.261792
1.928672
2.393326
6.761491
0.911013
3.337218
11.919315
2.655844
1.310722
3.481766
1.644789
3.880424
8.300520
2.101351
5.816196
6.876733
11.242124
4.842245
1.315130
8.495533
5.878560
7.977349
0.758071
6.743437
9.879257
4.150224
4.581460
2.683294
0.865519
11.301227
11.947180
10.418155
3.827184
15.188475
8.096682
5.892992
0.625127
0.102127
7.347121
8.731646
6.115714
9.347638
12.812459
7.327058
7.644318
3.374538
5.633185
6.299552
2.600219
1.646402
1.526481
7.106846
2.908865
2.906540
5.699177
0.149092
12.210940
7.975775
3.568030
3.807930
9.518907
5.528602
7.817789
2.771212
10.636163
5.185770
2.887686
6.667805
3.848639
8.133998
0.305445
7.767294
0.932998
9.734276
13.457414
4.783058
3.662462
11.313940
0.966117
8.013627
3.815896
4.534657
0.452330
7.985560
0.204970
2.144875
1.398227
1.832079
10.870392
2.709554
11.904380
5.583590
2.053197
8.636910
4.948950
5.747274
7.036906
5.495574
5.557819
6.145326
10.740102
11.514266
11.748170
4.714072
3.609121
8.971381
1.840571
10.134546
5.069299
8.501217
9.516959
2.120864
6.360233
6.238510
8.105902
1.901209
3.963289
10.405044
10.557811
4.043814
6.374993
1.682911
0.162066
9.655345
5.582379
13.277924
6.558995
1.974599
6.314722
7.717873
4.529408
1.252407
0.101485
2.348487
7.084565
13.965179
2.995922
9.780689
3.055422
4.817065
1.677530
11.288696
4.963855
9.392668
0.591399
1.467291
8.401985
2.058555
5.838366
8.828384
5.470180
9.156620
7.967502
3.159067
4.021439
9.967834
9.170542
3.506076
4.903851
7.414156
7.168040
5.263573
2.520465
9.692379
0.258871
5.794828
2.788418
2.283077
9.723113
0.130252
9.738844
0.753051
0.937433
2.780922
4.035796
4.800439
10.869486
9.297848
1.648181
1.442396
8.092514
3.544521
17.318797
10.568547
2.972422
6.605449
4.113122
4.807329
17.373413
13.210739
1.739900
11.282528
3.389913
5.172103
1.463436
11.080793
6.542341
14.408994
10.086289
0.411996
4.459484
2.351557
4.019816
2.543281
2.239398
1.904068
7.676951
0.025289
6.353657
7.000920
1.427037
7.004972
2.507498
0.506805
9.966187
5.338128
1.977422
5.151178
2.917275
0.556491
1.320844
9.060921
4.959805
4.060601
9.983545
5.906199
12.073299
11.662772
4.381598
7.693489
6.397362
0.884915
0.422800
4.089679
7.974180
2.452790
0.859212
6.702610
8.569620
0.938073
1.529721
10.690046
7.235079
2.864103
5.466670
0.169171
1.866869
6.096619
6.860290
3.478349
2.178749
3.018630
4.295957
3.076262
6.027842
1.456195
3.763966
3.754827
2.399635
7.326767
8.587657
7.415235
8.459536
6.291019
0.233575
9.138994
5.298708
1.108658
7.843425
6.917160
1.124589
3.397578
3.170636
0.361042
7.807027
1.988498
15.567603
2.910216
5.001872
2.224312
3.674089
2.249571
2.051591
1.347649
9.061172
14.216403
8.675862
5.831653
0.182218
0.454205
4.417875
6.079246
7.424606
14.086455
3.948879
5.387566
3.247145
7.087218
3.413106
8.158758
12.344279
12.065009
9.912662
9.282233
0.749524
3.028097
8.822813
1.193792
4.880247
2.653326
4.245727
1.937698
5.228942
4.663855
10.022560
7.070004
1.721242
0.835562
11.714542
3.475873
3.756822
3.115502
6.810789
2.519887
12.831813
8.063765
19.083126
7.329132
7.371522
10.921254
1.476168
9.921025
1.557269
0.629159
4.217792
4.264922
4.601445
8.034155
8.496156
0.601790
10.614738
1.176496
8.594121
3.720750
5.659797
6.555582
8.121327
10.595087
1.430585
3.759247
0.983413
3.752166
14.740019
3.579621
2.617122
3.419524
0.624154
8.387578
4.701485
10.441572
1.053818
3.689904
7.010226
7.776630
6.366211
3.758320
9.814837
2.422260
4.706561
12.031679
4.825153
6.288161
8.272022
5.407947
6.783301
11.710507
9.783402
0.903362
11.733341
0.176036
5.244796
9.335667
0.910345
14.669938
8.198553
2.050241
4.107570
0.334162
2.777054
1.121632
0.213578
0.002640
4.329039
3.373197
2.159784
7.916831
1.013814
10.836217
2.780513
13.818759
0.160139
0.170378
8.457939
7.914681
6.057378
12.726032
2.394813
1.526361
13.268184
9.839238
8.240136
3.772900
5.486424
0.466074
8.637252
6.511732
2.013982
2.127095
0.275824
10.024284
6.300163
7.918972
1.388158
2.262454
3.549435
0.435293
7.043466
7.210347
3.229034
5.019092
0.943740
4.107456
7.079867
6.722758
5.315052
7.962090
10.827067
0.428613
5.846902
2.983266
9.978622
11.261544
12.741664
12.704396
0.672984
0.186825
5.805334
5.422169
3.151687
2.945689
13.216624
1.687976
8.923812
8.174976
12.502716
3.681834
6.843156
2.095726
6.684507
4.432583
4.719986
0.127446
3.051344
7.152322
4.131792
1.682050
5.802328
6.451041
2.277712
19.005335
0.681498
9.465921
4.534776
6.665698
3.722104
3.415732
1.963661
4.773099
7.594625
4.503533
4.150106
7.992326
8.495143
10.026181
7.727095
9.812422
5.145633
1.087085
0.732921
7.106094
1.872700
4.593361
12.180095
6.009563
9.652405
5.455407
7.639633
3.353723
8.557261
1.720762
2.210690
0.395262
4.137903
5.459496
5.988259
0.870430
