19.168538
16.938445
14.994791
23.035784
16.517279
22.023367
21.750349
8.076004
19.109341
8.167174
15.150924
28.716379
11.548429
24.131630
20.596698
15.817379
5.742167
30.701730
21.605059
16.113422
14.115284
29.500981
12.735289
9.465395
12.023885
18.296255
22.272251
11.206175
13.015307
19.524243
14.533152
16.009374
15.572295
16.492308
15.606762
4.593691
17.791371
16.780565
12.752501
12.901051
19.545187
25.132013
20.765293
26.554791
3.755555
19.872844
26.507085
24.039548
15.309391
10.069704
19.102485
14.497065
17.779517
4.388574
17.169440
26.681601
7.256942
15.115136
24.566842
23.213527
19.421297
24.438697
20.131613
17.972261
17.955651
14.156031
21.865622
16.714191
24.712775
19.825714
17.466020
11.090060
20.748721
22.593195
1.473338
10.492289
18.428938
23.334978
23.033088
14.747234
6.000770
13.524903
23.093496
9.859049
10.685569
23.372978
21.365864
21.457509
6.060898
10.861927
8.861863
20.329811
18.216443
27.652398
10.354405
29.542381
26.521329
12.284347
14.292610
12.746412
24.771940
7.700742
14.446738
7.562691
15.627633
0.784672
9.826293
4.207949
25.943396
11.949860
1.799120
16.732177
17.682656
5.693006
15.471516
12.504069
20.025196
8.352299
15.624969
15.293918
22.463711
20.317715
17.353299
20.010268
18.273133
24.486327
13.667841
9.335912
20.211104
26.515055
29.070272
21.762142
11.066049
21.867750
21.342486
17.968760
9.110103
9.536764
24.749131
21.081928
2.228894
29.770502
18.286513
17.175406
17.396729
12.843439
11.269142
19.823386
19.747607
10.017743
16.475808
17.048255
13.161842
21.499906
0.186162
21.035012
14.066946
9.499086
12.251490
17.117247
18.597273
16.733803
16.669861
18.716211
14.687346
15.032281
11.119761
15.109398
9.360173
9.744708
16.075056
22.037902
26.723787
15.545694
25.642317
16.402328
14.864421
6.195495
3.724673
26.070638
19.476313
12.413207
24.397188
30.645149
16.590964
17.322740
16.187159
15.216815
16.582740
21.254927
10.546026
9.051653
12.143084
22.315989
22.255924
14.348677
6.802149
14.523637
9.429107
20.668429
14.432812
8.079633
19.947678
20.147894
18.081536
26.807115
4.912719
16.359615
15.805448
3.294269
15.282832
13.427908
23.194573
23.424729
1.460434
19.897669
11.588377
19.937352
19.373389
18.567822
27.221296
6.937525
24.165371
17.756987
20.923597
5.213609
13.344082
18.058421
9.858526
21.718743
24.326573
8.387185
6.604721
6.303853
20.732270
21.977134
22.325055
17.383928
27.610696
3.967561
16.581064
4.632698
20.638823
19.229043
25.835690
23.888303
9.941537
12.341806
17.461284
15.519598
9.986902
26.149106
21.390933
18.187193
11.730281
16.299426
13.844068
18.184765
1.267094
13.004586
13.966660
27.895898
12.170489
19.003608
10.819524
20.819074
1.823162
17.773748
16.312241
20.299304
19.981434
9.209944
7.114712
8.012356
27.294379
20.626503
1.507471
5.188614
5.959801
21.728684
25.923905
22.867681
26.655718
9.266196
3.424592
22.079337
28.420458
20.327776
13.280241
18.655535
16.496207
9.434913
15.910945
6.754345
19.154044
4.755034
13.915119
35.139242
8.403058
5.127106
8.812831
20.908910
17.942093
3.428644
23.830786
16.631793
25.915158
14.087377
9.737348
26.432176
28.210934
16.656923
12.687202
13.496328
14.617495
8.331680
29.756151
26.217732
14.119673
17.476091
16.201909
12.838151
15.406245
15.401564
21.696413
13.001300
26.052580
14.216532
12.168567
27.477790
17.726265
18.973732
7.670383
16.877563
0.902587
15.641979
25.449113
22.516550
6.779221
10.595244
19.863748
16.772808
9.566633
20.996035
6.283511
13.138526
23.719551
17.305639
17.660249
16.820314
12.192318
13.709688
28.232301
8.831534
15.219517
17.241138
17.091518
15.604224
16.954898
18.771421
22.638745
16.415513
17.724965
19.774249
0.643963
22.748220
22.545816
14.113772
14.734895
23.995707
18.112190
0.734047
14.339898
18.153232
10.848048
7.658822
11.330648
20.376803
15.725395
8.042162
24.371603
25.098235
17.109954
16.376355
9.636715
24.713528
10.116955
4.534914
20.413839
28.643622
9.381588
19.102870
18.483333
29.827889
10.407907
26.012801
20.320547
17.368285
10.375414
14.317562
16.725384
22.682406
18.121721
17.641075
17.847205
10.873090
21.308040
26.099836
16.913669
18.599954
13.005596
19.532898
19.169148
23.710831
17.322145
15.477745
11.658094
21.760586
13.857201
14.215868
14.137032
15.852681
18.888750
24.102263
14.487125
11.631010
6.030575
15.326274
13.084577
11.578916
17.734485
16.262731
17.939110
6.681253
16.625488
19.439810
27.226827
23.249839
26.346513
23.182252
14.227873
11.732766
6.337846
20.776823
23.297057
9.792379
11.421200
23.163817
11.544750
29.240187
20.150696
22.900014
15.531442
5.983262
3.633444
23.612968
25.175314
16.494459
12.310052
13.909547
16.659863
19.661068
15.506289
3.784637
16.923476
7.911205
8.904527
5.700417
6.262651
10.043722
19.493843
14.316246
15.821686
16.273334
27.779007
15.430968
24.165016
1.502736
0.945106
18.890854
11.429385
13.422550
18.108229
12.614839
24.029021
15.980801
19.207220
22.708237
22.302436
13.732683
17.429858
10.358030
19.247299
14.055307
32.253958
9.936924
11.043534
13.235907
16.878797
23.347541
22.072694
16.565833
18.270691
15.962242
18.780840
4.731161
20.451352
14.694150
14.483619
3.388918
13.878424
9.271624
10.656435
10.869298
18.951797
17.670614
18.088345
21.766209
3.817636
17.611444
8.583465
9.541737
5.826488
21.039409
25.328641
18.572454
22.061574
16.480045
24.649039
18.295739
17.531474
23.305155
14.654092
13.264989
3.665926
5.361824
30.489916
20.051431
2.664005
15.472975
12.896241
8.227103
11.812311
10.259689
25.024351
17.142106
8.399579
4.449682
19.880570
8.026036
15.435909
23.923991
13.127536
12.847510
28.589598
10.995887
16.276416
27.607703
12.606315
17.420470
23.669403
19.716100
28.778625
24.987992
2.294494
2.278404
18.339981
26.084937
29.394342
19.858744
18.929630
20.460797
22.149380
14.044432
9.354498
8.933953
16.512637
9.177894
21.944638
26.768159
20.748998
18.860354
22.380254
11.404179
13.941469
22.512511
29.041934
21.346285
0.328494
11.522912
22.295754
19.177959
15.342014
7.329420
18.411679
6.712296
15.365669
16.245077
15.690148
16.330682
18.472570
15.200505
8.058978
19.552481
0.705633
10.404089
19.929996
21.957729
15.428800
6.678899
16.014363
22.470394
22.705517
15.398598
20.285479
27.185871
20.930062
24.311352
23.392084
20.058186
12.807538
14.922963
20.545831
15.774572
24.500095
11.979261
19.594045
16.018679
3.982287
3.329158
23.886304
8.445214
22.843357
15.389513
11.800373
17.258030
10.914888
15.368026
22.746750
20.614652
11.714674
3.586921
23.912298
15.974396
22.655765
13.403825
27.317897
16.296481
6.356091
12.155244
12.886167
30.711363
25.347426
22.631638
19.317406
22.361087
9.900621
26.468892
6.903217
18.333216
19.675105
14.822467
12.393689
14.058447
18.483541
12.978443
22.554135
27.141852
7.934340
21.397915
21.782211
12.045162
9.474796
22.313637
17.336524
17.213682
17.513780
22.889523
10.459813
16.765624
9.544359
22.182084
13.111724
4.401961
24.619799
2.484058
2.488631
15.389853
20.437872
18.651737
14.277716
14.406187
6.634036
17.296710
23.809941
8.125015
18.838235
8.683702
18.997998
27.756568
23.627260
26.127151
15.014959
23.299282
27.696467
17.238907
13.165046
17.906200
28.696070
31.821045
20.565644
11.558199
10.848353
26.905242
16.979796
13.760581
20.623689
19.437965
8.662281
11.778659
1.742172
11.769402
5.608674
19.540754
8.736094
19.486803
23.567322
20.074017
23.744320
16.956457
24.672685
21.205107
17.382408
8.283791
21.265534
16.590646
18.104206
22.978159
21.963751
21.065236
15.582902
27.468364
8.062686
24.852867
28.132413
10.924941
16.869994
21.112555
33.065890
9.652247
10.074286
23.107086
25.858383
14.874809
2.361927
20.844876
16.625753
10.760940
14.463537
32.707315
17.168842
15.615481
17.388939
11.052969
20.602343
20.631099
26.950962
25.543529
9.763792
28.929996
10.965083
5.359747
23.765571
16.132404
7.679836
2.951807
3.520646
18.908138
18.180734
17.067805
24.712155
18.288432
14.821640
10.914679
30.946122
23.049224
10.041637
15.406020
22.490898
19.970917
6.792120
11.791105
7.927417
10.473005
17.736729
8.640152
14.706589
14.849530
13.331223
15.637384
1.684769
17.804114
21.509392
16.972745
6.462425
2.854576
16.446066
18.883825
19.127716
22.951770
13.947834
6.812961
22.774536
15.094907
14.706013
22.400895
24.980831
12.125313
29.286873
19.610927
21.616963
7.613218
5.423108
14.664821
7.508290
22.368230
21.387393
15.918182
23.487473
13.515494
21.743419
24.266867
17.521694
14.701858
25.580051
17.227184
23.018439
11.529929
14.458590
10.891702
14.758977
22.337753
13.395170
13.438816
31.153293
12.700166
14.838777
24.399732
26.192790
15.804099
25.570971
10.691786
30.607749
13.270547
14.460036
22.761428
15.875040
26.358372
5.726343
9.751630
10.776944
3.583839
3.115511
24.125433
6.876459
28.015672
20.765264
0.674267
11.718885
22.055133
21.433930
10.919606
10.616580
9.658218
13.731544
16.456942
23.210293
15.438573
23.971326
17.434368
4.083336
22.897063
16.736167
21.420968
6.707483
22.742320
28.989642
16.117293
19.132189
9.581463
17.417704
12.411091
14.083049
14.404938
20.863982
0.574459
0.678996
17.246689
17.583962
14.838288
6.649711
16.892725
9.517638
28.796664
24.497444
13.189509
23.459357
1.386635
14.444217
13.588392
17.799598
11.408340
16.931317
9.240745
22.303422
13.293752
2.622073
23.516430
11.234011
11.278234
18.965501
6.856290
13.630402
15.409888
15.130733
14.433961
9.827028
12.962326
18.594452
15.893198
9.218258
22.815928
24.091616
5.509213
20.836226
1.495456
15.208180
8.750491
13.811603
25.995505
25.967069
19.814760
18.875154
16.274996
6.573588
24.069093
24.816260
12.032442
14.343143
15.438050
15.158232
9.243192
12.227650
27.104314
14.646129
16.221360
23.404302
14.816171
4.918935
23.087037
9.726507
18.993983
15.641150
23.221363
14.930407
23.533130
4.667915
11.901570
23.484590
10.801352
11.846347
12.523312
23.431524
25.405151
29.828849
19.448481
11.904380
10.188495
1.254859
17.023763
13.742797
6.410891
