37.291000
39.019354
30.342702
34.909803
19.535351
25.047402
43.755657
40.228350
35.609443
32.362345
43.435096
30.717546
47.895821
44.303541
42.657729
27.834700
46.390878
30.317113
35.324154
43.371008
40.047885
25.691398
35.424168
35.030976
37.007027
48.364794
30.660021
35.856510
37.909682
39.875748
31.336955
40.766561
39.213124
50.323789
34.793531
33.357810
45.028226
46.417857
32.440493
30.691346
40.446581
36.611259
46.501419
41.788408
26.756735
44.799837
33.159150
33.098733
47.390465
42.225609
30.447256
32.984719
32.122342
35.548566
25.168143
29.743043
43.768882
51.716394
37.756525
50.969908
45.444720
37.807096
54.555828
36.749916
27.544634
31.082027
27.297765
26.112307
42.430989
52.697302
45.521651
44.112901
31.671797
35.062316
30.879858
38.394444
27.822533
34.607980
40.869840
52.314823
40.826768
14.619858
42.114331
40.252383
31.318829
52.854589
28.647564
35.148602
45.744345
52.471032
34.550418
22.575062
24.043650
34.043249
37.298172
37.880500
22.917389
44.917463
44.476810
37.268048
30.295868
48.745380
29.945788
33.127602
40.671147
32.310328
34.836396
28.708557
25.436411
44.787757
30.677621
47.993607
38.808720
55.888386
38.316994
34.451840
50.464303
30.516865
29.840268
36.678729
30.756359
36.471942
15.520588
22.908085
35.315506
31.124609
39.685012
37.211735
32.240090
32.030463
41.910376
30.505823
35.127850
39.790602
31.491333
35.129810
25.886992
23.162410
44.364444
24.643487
49.232385
52.266640
34.210480
31.652664
48.266745
27.625520
51.113739
36.002862
40.509563
44.081693
39.965726
38.697399
24.333093
22.488564
38.422101
29.498792
28.346482
41.545158
45.994286
16.744917
39.274275
26.858352
54.228315
37.379568
23.874098
37.635319
37.627102
41.929501
40.142218
42.391298
32.002610
31.988295
39.763509
45.851896
32.459752
29.135023
36.505634
22.198039
47.993733
49.933409
32.555552
34.313499
46.875135
38.305657
34.056318
10.091901
23.696525
37.671176
33.966285
46.729326
29.632923
29.532019
47.367530
46.989014
41.160051
46.322072
32.635664
37.185615
46.735886
24.947011
45.562485
29.897113
35.543128
43.088673
29.215178
38.712413
35.197564
30.633330
30.443306
31.182629
30.966932
29.616598
32.005648
40.000126
28.416430
31.469263
38.432497
53.365554
32.083985
42.457147
32.641343
43.795309
30.772846
44.815604
19.754050
51.855771
32.160569
39.301436
34.542486
28.813985
36.319951
30.571436
34.588608
42.567073
19.697695
29.140331
39.775697
35.855369
47.349495
35.250898
40.453517
37.663123
50.587470
38.394123
36.702559
54.973406
49.822525
33.003781
36.395656
39.242439
44.905204
34.948687
20.408470
39.359084
30.634492
32.918038
44.525107
34.048703
30.079952
34.530446
28.166039
37.636358
47.797890
24.394222
40.949380
28.206356
43.147509
36.218133
28.387934
33.809056
42.708100
33.721665
33.074730
32.623785
42.290312
35.546043
35.140898
46.300276
37.635952
35.822643
42.919671
32.260731
40.407644
55.675222
47.632236
45.145034
24.018969
24.711317
39.676018
38.190383
47.059013
36.791037
38.891199
43.810888
38.191469
58.194880
34.595667
36.714106
31.267533
34.091688
43.837542
39.475900
43.542251
48.345398
53.650002
39.765032
30.363732
40.206630
32.606303
38.325716
38.220572
32.703202
55.227548
38.994551
34.303127
44.482879
38.165516
45.491562
35.132581
28.372678
47.539133
48.389638
31.416128
32.559733
31.924549
38.578836
44.090527
39.824574
24.273279
36.195444
55.379190
52.784150
47.493344
33.868504
38.572788
38.708105
24.425618
49.973320
35.293850
29.930217
39.672571
36.407455
33.996349
43.341453
39.385993
32.111752
32.556178
29.224835
31.772590
33.888253
45.640928
45.088378
21.710657
33.602318
18.478855
33.838855
42.262839
38.537786
29.259032
34.891518
30.567567
40.011374
39.833738
47.238254
34.928124
37.974165
34.009632
38.290414
33.469599
38.933181
30.555856
41.425175
41.209201
51.078942
38.545503
48.139120
41.748268
39.420882
41.933182
19.767320
38.560712
40.323322
36.443393
31.826816
37.645381
35.160594
45.752745
41.999343
24.526168
22.529069
26.191567
29.277846
35.002373
30.229838
40.954835
29.540636
41.511534
33.959389
35.930458
35.923303
51.483168
33.721004
41.028807
34.892687
44.751316
37.513614
29.202133
33.198491
32.643353
29.616488
28.803073
44.428375
25.133728
48.387729
28.442127
23.669144
38.487802
51.885839
38.062230
36.841535
27.273654
41.068193
42.145270
35.333198
30.788244
28.842335
24.841625
34.182694
39.188769
57.809368
25.625229
21.943762
24.170344
33.274615
38.269828
38.020342
19.914626
47.456861
40.834154
32.126669
32.510704
31.269970
45.728527
41.968442
42.816934
34.785807
41.549247
37.755198
45.304604
25.243043
40.250951
35.821831
34.793626
42.057325
48.464470
47.824640
40.122847
32.261055
38.774241
17.355330
31.378224
32.602116
33.947383
41.659792
30.305433
43.490463
15.829747
29.814379
34.614007
35.317044
30.529434
48.573307
37.475926
28.857688
54.700079
38.699472
41.138874
45.120062
41.046039
22.079111
44.873781
38.468622
36.089321
32.286469
31.195733
36.984776
28.348047
31.667886
29.914698
53.873060
33.478394
28.032079
39.817973
36.254928
48.415829
36.037803
18.283199
29.842388
40.750615
24.058847
56.237614
26.371016
31.022053
23.350402
31.792100
50.376674
29.581831
24.806446
44.731774
41.491411
40.990984
41.076161
42.061060
45.727053
47.827849
43.790355
38.782456
45.456230
46.333402
42.515615
53.849668
27.477278
37.137572
35.296360
41.146627
33.030948
42.660241
39.398266
43.829956
32.166591
32.007090
33.160264
50.378951
43.430640
46.816965
35.868199
47.440720
44.146693
31.629439
36.300569
33.003306
36.032219
33.076102
41.748124
38.845414
37.084745
22.426178
41.579501
36.799815
56.169736
43.785371
31.860984
40.570022
45.750675
27.024661
43.289628
51.015380
27.633661
33.648732
28.019549
33.171743
43.973528
45.101857
29.918322
37.467498
42.179674
35.857876
30.003909
27.145108
18.351656
43.111893
37.762814
49.322907
24.313270
37.761718
23.930566
42.231121
37.196487
37.830380
33.801171
53.613476
36.863457
40.475961
49.035671
58.182238
45.766408
36.198031
27.751590
38.156440
32.031952
42.629101
37.978892
42.761673
40.670513
33.418836
31.845274
46.640303
51.385413
30.545315
42.921289
49.066100
51.950512
18.619067
37.429202
29.610345
25.728931
23.277764
30.714400
35.516333
40.791451
37.329214
35.011271
34.243892
41.327914
35.206027
26.526766
29.833707
17.536788
22.283387
42.084788
25.671424
31.392358
31.540727
19.541749
47.339194
27.352495
47.326188
38.152400
25.157854
27.849538
47.298301
44.210039
24.007917
33.981799
48.680289
41.397448
33.526102
24.021641
18.210644
40.253500
28.272084
31.262904
41.712717
38.000291
36.066406
30.914519
31.847988
15.859447
10.435431
40.053109
36.403229
33.423030
38.797838
37.518108
15.679766
46.852136
30.800905
40.708076
17.594332
25.508298
41.487652
44.407105
35.370350
49.219932
28.062654
32.587390
38.452810
31.812213
32.495151
30.868315
37.190838
39.341801
15.263472
36.522560
37.721763
31.417310
36.437697
30.739434
43.962066
29.774167
43.575822
33.603916
49.316255
27.316574
30.963889
47.338431
26.528535
36.998222
44.456671
23.818057
58.067105
31.572742
43.693359
28.855411
40.512646
29.366476
33.117484
49.262238
41.189346
45.115459
19.285802
49.110919
44.927370
50.940538
37.974050
40.440452
35.749281
43.116068
47.067997
31.349640
34.121326
50.683449
43.177996
33.935088
32.365333
47.418139
39.591341
23.449058
36.729721
32.949201
26.958967
47.099500
28.346320
15.696461
41.181621
34.469669
30.733450
38.959815
37.799729
39.580780
36.440560
40.394874
35.464437
43.667039
36.483859
20.833306
46.934077
29.327183
31.526716
34.090315
34.384866
28.857937
54.579872
34.939527
37.135674
52.711072
42.927713
36.763308
31.678140
24.627317
24.903784
38.671656
22.297926
45.996948
35.197292
45.047283
27.034122
35.325433
46.440235
26.045374
34.493123
39.177527
21.029818
33.146388
39.727715
43.555733
27.061613
27.052235
18.312963
24.989871
36.883502
53.304575
32.195645
18.931017
43.333937
40.804175
30.806635
39.764926
48.465687
27.414954
24.894259
50.390186
40.265511
46.102181
47.193488
35.156350
43.947534
42.548294
26.689333
27.359387
25.694324
29.335176
33.588274
45.890767
47.049273
25.895245
39.475787
25.446992
38.239141
29.271600
45.543712
25.669854
47.824773
37.215133
35.072086
29.299940
23.114271
33.563359
50.366402
43.962966
36.063601
40.677430
35.592318
35.575590
33.453694
43.852715
44.780850
36.901127
43.220103
33.686994
28.493503
31.475589
45.519468
38.468954
25.801613
27.759850
35.197204
32.712092
27.548287
45.052872
28.795009
37.307152
35.098211
22.939371
46.453821
35.308732
35.454460
36.654788
48.427728
43.005757
39.047613
49.731079
32.625317
39.086123
29.727638
34.293483
34.162786
39.124106
27.654857
30.500067
58.286963
25.787909
38.758937
43.477171
43.153693
33.987628
23.887502
43.889760
48.788755
30.126469
32.731921
29.097342
20.945264
34.299415
31.597203
41.226455
40.217538
43.700877
52.866581
28.824766
29.573592
43.422329
44.420969
48.491001
37.633941
46.638330
31.738086
26.630438
39.389513
39.808584
22.947251
19.571082
31.346253
41.252617
39.133058
31.081525
49.672883
26.277159
49.352156
36.114232
33.601326
37.304704
41.468229
35.243507
41.240300
28.615532
22.405765
25.092956
26.371638
44.519554
37.267685
27.565449
25.692817
33.194428
28.700264
48.172664
31.511293
23.867796
40.122383
36.072874
22.473147
41.572570
29.082550
46.897078
47.874818
33.382331
39.508781
41.010753
28.583235
33.058612
41.568986
29.621292
41.914267
46.205521
28.623859
35.083518
33.040069
41.715693
45.723235
37.829564
40.284481
26.798057
33.325143
20.751705
36.943028
44.272603
22.044015
47.912235
21.433681
38.788996
38.510263
39.375703
37.161668
28.715579
30.858202
36.975791
29.743532
38.839435
38.829339
24.034693
36.224320
35.116632
29.128548
22.460542
22.604349
39.037926
26.073473
47.225574
42.216653
31.712374
24.623716
29.248763
38.140553
48.801862
29.423944
29.752302
25.849146
43.758592
17.410021
22.859105
48.570614
40.051344
32.211957
29.210665
33.575918
38.632053
27.268600
33.257033
37.182703
34.042780
37.508899
47.391893
32.041697
41.879307
37.433438
24.072884
37.027949
38.015858
49.980310
39.475886
24.368604
43.718894
33.771394
52.996994
27.900757
38.181641
21.855450
27.188380
36.573025
35.527936
39.446916
42.727282
37.411098
34.385232
18.949037
36.395620
36.605467
44.798308
34.820444
39.373358
28.123423
36.798741
55.476550
31.776483
31.769595
37.914687
30.406076
29.849147
48.364958
23.574543
33.587216
30.922424
35.143333
40.621440
45.889837
37.318207
34.572642
38.063642
32.198196
31.507580
34.833479
42.561098
42.921416
34.064587
44.752817
33.215123
38.062754
33.735393
33.153923
26.723442
34.564559
41.481439
40.455163
44.634610
39.485676
46.422413
32.760560
47.445154
36.939133
27.030788
44.520062
40.613143
58.351661
28.661916
42.323434
27.518999
33.742355
28.018398
54.694516
44.123521
34.706529
23.481105
33.658248
51.091493
32.356508
39.253915
48.563489
33.136314
50.077955
37.917248
34.783507
23.811057
41.519005
45.783342
33.284271
26.055897
36.735737
30.610901
36.737939
42.888664
41.334716
37.767884
23.574202
45.579207
34.059403
42.407292
34.980760
41.932611
28.669445
27.718573
35.460224
32.301011
40.945141
34.805612
32.223779
47.743170
28.724949
28.012227
41.918425
41.152469
44.078674
30.041292
23.140960
42.429384
28.302510
25.718398
28.519661
43.262890
49.189984
39.829344
42.696944
36.875078
37.563201
27.184741
33.222607
20.786636
39.712658
40.607797
30.332150
44.521474
26.813541
45.514131
27.824835
36.500494
37.256500
31.229040
39.483173
20.575367
28.540202
37.006555
39.288663
46.241635
37.647342
45.196557
36.051356
44.126484
40.453531
31.622629
43.694059
31.587844
44.231506
27.303427
38.992225
41.611108
40.422321
37.201330
22.853854
21.976317
51.055251
26.163969
27.969959
27.846134
32.999962
41.327035
24.476647
34.066292
31.790228
30.098022
31.240402
44.682691
25.819908
35.784811
36.734767
40.822297
41.558456
31.671064
59.002768
40.540544
38.091379
18.051042
37.371712
38.315068
27.104410
40.392037
46.652022
41.184392
49.948661
43.752360
29.859250
29.218144
36.033558
35.895547
40.751209
32.410329
38.262843
42.858559
41.154127
28.961704
40.129594
35.635875
40.710944
52.219076
44.569338
47.305659
35.911881
37.869437
48.698134
32.751613
49.952272
32.247153
41.570502
46.727619
38.211558
33.151140
35.378071
39.048246
47.006075
20.223491
22.164109
50.465730
32.011353
45.715015
42.618350
28.853666
34.639405
34.548299
47.894971
40.208768
35.637362
38.112634
33.021870
41.577633
28.847566
29.693018
32.918008
47.281576
37.886408
36.822925
35.271891
45.611533
37.573344
31.079882
36.167856
37.552615
46.027526
32.070929
48.940772
38.539338
28.556504
40.188338
23.900039
35.742862
42.843057
29.344115
32.892510
30.986846
31.600240
30.460867
40.373963
34.981904
50.938395
48.478185
23.016966
32.278093
40.005808
40.010754
51.551942
33.824948
35.417503
31.008569
47.987775
45.167055
31.670710
52.483360
33.630736
27.650017
29.636935
40.051066
32.395782
24.647038
37.736723
36.772773
17.756832
56.060220
29.267686
22.301268
42.395582
50.113284
49.523179
47.165717
41.244243
30.934536
39.666244
34.975303
38.283234
47.871841
26.322605
46.238415
24.112905
21.774688
37.374328
30.091634
36.124675
23.855916
33.534055
46.276994
28.162105
40.335011
30.884680
46.804175
27.190298
32.800312
37.610243
32.783858
40.467293
40.067764
40.432705
39.335161
41.207030
54.077419
32.218910
48.979862
50.004453
25.316845
51.731251
42.160009
48.325646
31.878030
36.308070
26.178949
37.841464
39.652773
50.884705
17.993336
24.239268
46.853735
41.501912
46.409563
40.045511
31.083405
39.124995
38.586334
39.588624
36.268522
37.542015
37.984862
35.739668
39.377208
43.328536
16.792040
43.344844
52.381868
46.772864
45.441085
32.156301
51.952022
36.176056
29.072601
41.633045
47.315645
39.099575
40.062277
32.612720
35.409075
18.295187
33.671923
26.563163
28.424696
36.075598
39.327916
36.525193
45.035230
30.192326
45.941817
34.120659
35.243258
44.301834
34.124954
27.983451
36.992030
33.331434
24.304743
31.177671
35.606867
35.563735
48.330160
38.463213
38.097908
33.370133
30.049977
42.698969
23.987700
37.401862
33.075917
36.894266
26.676927
39.770402
41.509081
35.774325
21.088269
25.672574
34.861755
37.868468
32.114501
39.835156
40.455402
37.053504
16.332687
46.009734
35.032668
33.375584
41.141418
33.295042
42.331187
35.279795
37.442530
32.967677
34.969126
40.443818
28.071832
36.985298
22.718248
32.642700
36.484026
54.721583
38.265650
39.625473
36.657710
45.542322
30.914501
28.825159
35.210921
32.482018
34.219956
46.951430
41.876090
32.445081
24.852132
44.536047
33.814428
48.173382
38.051242
43.656580
35.344807
13.477059
17.369790
48.010217
41.990157
41.341012
38.151176
12.551539
46.001139
55.209367
24.888141
38.869329
21.405135
31.720827
34.496357
17.675105
46.595274
34.585682
31.787184
33.629666
36.243734
25.197528
49.898370
32.121789
39.420159
41.535066
33.352748
45.704311
43.234151
35.320117
46.413080
41.670527
40.774206
31.562420
47.328402
32.565008
46.507439
44.638247
28.453434
41.040974
30.629796
30.606775
23.204533
42.760786
28.732099
36.531106
34.008192
35.668727
30.938700
38.273054
46.998515
35.253812
35.759123
42.579478
45.665797
39.949532
31.462971
33.538945
42.884877
29.614326
25.477490
28.167560
39.314689
32.862494
33.316556
32.947888
42.311994
42.574970
26.060275
39.987233
34.815563
37.031519
27.767287
33.124099
47.843085
41.666812
34.942727
38.129902
20.738665
34.787624
40.910643
24.208934
37.347112
45.666359
55.748414
33.038949
37.938113
46.425147
26.545956
35.505498
40.496272
40.490512
36.503204
23.943740
22.744630
43.930125
48.618696
