8.339389
1.226958
3.660007
5.525386
1.076115
1.746614
1.472468
12.136852
2.008993
8.658449
0.932001
2.062681
1.895148
3.004084
2.465429
3.686089
1.870596
2.845386
13.303400
5.911219
6.279673
1.524502
2.961428
3.473145
3.297167
8.510330
2.728236
2.941659
10.233433
1.590996
1.471334
9.372856
2.796407
3.638104
9.678299
4.291090
1.880401
1.503890
6.738055
5.537508
4.312611
8.094543
2.546733
4.801081
1.866567
3.416492
0.694307
8.684529
6.033107
4.723800
1.584048
7.507940
3.764724
0.251535
2.635282
3.904417
0.515043
4.036533
6.885830
4.650615
5.606439
1.705140
3.957290
5.068954
5.426375
7.056367
2.788629
5.139791
6.575132
4.671099
8.103033
5.497366
3.356321
5.514864
5.340159
1.494637
7.714083
4.059052
11.451819
3.196502
10.050038
6.319755
1.407007
2.340108
2.301824
6.415749
11.154018
5.956312
1.888241
8.806965
0.185734
10.716013
0.380490
3.882329
1.792105
0.264708
7.383596
6.694336
0.625482
4.921000
2.703890
12.285656
6.712102
1.498136
13.664208
9.652044
9.931093
2.076870
10.236455
8.931227
4.186263
12.391538
10.920499
7.310269
10.109062
3.993982
1.609390
9.861368
0.075164
10.551196
6.017093
0.982697
1.938833
9.440140
5.711038
0.317296
5.852158
2.773469
0.824516
1.016805
9.917860
9.637333
1.387065
0.256176
4.430814
0.419702
2.814532
9.004110
10.664840
4.515465
5.248305
6.105826
4.411400
5.340543
2.910457
3.156469
5.064539
0.803496
2.067686
3.757945
6.111276
7.757716
5.392080
1.894982
8.229188
3.228944
1.676992
8.900160
5.233384
1.003545
12.819112
0.370648
3.703370
1.616326
1.526935
4.662114
6.750835
8.815598
3.858602
4.394288
5.021938
6.206699
5.979514
1.974352
12.173273
1.706614
0.086353
4.201081
6.596338
3.926626
8.733201
6.437800
7.447053
2.346812
6.340706
2.254326
6.819825
7.013281
0.834584
3.980820
1.625987
9.505292
5.016284
3.124761
0.486346
3.721761
5.580168
6.329384
8.360228
7.102854
2.094010
6.244428
8.521734
3.247018
0.047341
3.543673
2.936343
0.501130
12.438350
1.362912
8.981837
5.870975
9.131457
4.139708
1.362288
0.283221
4.171849
4.136145
7.870930
2.232030
7.458313
7.057949
4.763063
3.929438
3.860835
4.874942
5.587548
0.447179
4.475069
6.188620
0.642611
7.164608
4.508945
1.642545
6.466890
6.326308
2.040786
6.561742
3.371570
7.680087
3.372369
6.446791
4.065886
5.959379
2.507033
1.426635
12.063615
1.361157
2.771762
10.958403
4.730729
4.775602
0.279074
8.530424
3.444166
7.678363
8.862417
5.659968
2.180701
0.781472
4.884314
3.645626
7.787746
7.420865
7.181554
1.335431
0.027740
3.620917
2.042631
5.565802
7.558319
4.446408
6.144422
3.239901
0.259109
1.205305
8.219708
3.514734
8.254686
0.566493
6.935187
8.390969
11.408195
4.558031
13.380658
2.036962
7.008902
4.137651
4.183467
2.451104
4.758626
2.911984
8.679781
8.066246
1.875789
0.017860
3.217513
3.032956
6.666837
2.453360
5.940791
3.897532
9.029804
0.322239
6.756130
3.011488
4.611475
0.168795
11.628443
10.667312
7.866187
8.269577
7.755095
0.468602
4.156197
7.945209
6.088637
5.696624
6.371391
2.953949
3.068111
7.936959
6.011753
0.284502
1.319380
3.271507
2.410813
5.557038
1.495407
6.191699
4.932508
5.522892
5.467083
11.014888
6.367096
4.224229
2.586281
8.002457
6.509257
6.636596
6.825158
4.825878
0.982097
9.377173
4.893481
0.871986
0.943214
3.544073
1.371786
8.167848
4.671963
4.104009
4.166382
5.448446
10.530419
5.959651
8.068103
1.855604
3.912635
2.857594
8.486906
7.818035
6.426307
5.441954
8.855639
6.976451
3.562362
9.125959
6.073111
2.810340
0.800835
9.223876
4.594306
3.219286
7.112495
3.934297
2.762617
8.466737
8.755444
7.429992
4.417331
8.950951
3.320051
0.922577
4.192726
3.288169
4.114284
7.316586
2.418027
1.680587
4.443207
7.160769
6.794699
6.765790
4.321162
6.447062
2.327256
7.735398
0.839487
0.929666
8.621858
13.545234
2.163882
6.157202
9.287454
3.400538
6.254527
4.538513
0.305691
1.335857
5.685441
4.188331
5.858630
0.774264
6.006822
7.569224
1.355655
3.390577
3.942962
3.448026
8.104944
1.466550
6.582346
0.445200
1.325451
7.975977
5.606194
0.854238
2.732396
1.090546
12.414246
5.604271
4.662168
8.616152
4.932984
6.843126
2.416854
11.636787
5.365932
0.916863
5.140660
4.358316
10.138875
8.179483
5.661984
1.367668
7.762268
0.013032
10.241674
6.817321
5.306124
1.880664
0.862084
1.888975
6.862900
0.541480
1.119767
0.364275
7.428727
8.418842
1.995473
3.897831
5.384143
7.546727
5.691228
5.424230
0.785610
1.514294
7.225920
4.580305
9.991284
4.439609
8.522614
4.464436
7.831592
7.354409
2.290647
5.063768
6.500138
3.555456
5.161411
9.230759
3.312189
1.385328
10.492701
12.881186
7.208495
0.597083
7.407470
0.117721
3.264058
7.045663
8.136102
7.349701
4.398158
3.017748
1.826522
5.808917
2.934264
1.629678
4.514797
0.225333
5.684460
11.679441
5.307845
7.928858
1.737968
3.022374
8.353252
8.639828
2.810724
2.656416
1.260796
7.871324
1.740839
3.668945
5.318797
1.080068
7.295576
0.369956
2.034584
2.065898
5.316712
2.631172
4.955148
7.301716
4.514253
5.500177
6.260602
8.601558
7.183252
2.220977
1.310615
1.206469
2.058447
10.186365
1.782815
1.590151
2.876108
3.131404
0.862688
2.250554
5.080058
9.079641
6.469777
0.691425
3.619197
3.993104
2.686934
2.922562
1.719693
3.256649
3.178516
4.029348
4.247623
4.092222
1.474102
6.822049
9.483700
5.414597
4.566576
0.021540
2.464031
0.417842
2.662010
3.643970
0.716025
8.539513
0.859024
8.260243
4.023448
2.829789
5.864800
4.292027
4.947562
6.931510
3.214466
0.156966
5.565675
1.034848
4.829627
1.720449
9.031201
3.523526
0.368377
9.664590
7.843365
0.350055
3.362353
3.104613
5.861407
5.803907
1.574243
7.075417
6.641045
3.004424
3.249163
0.819780
8.432809
5.640505
7.199600
2.632383
3.200314
3.661939
5.598825
4.373383
1.784775
0.253987
7.149187
3.715531
4.386950
5.684771
4.739316
8.589526
8.408949
1.802342
3.347529
4.929943
1.396452
4.262740
4.550790
2.502362
6.244875
8.596105
3.250096
11.658336
1.600778
0.400571
3.675117
1.346046
0.903713
4.901217
9.925254
7.510394
7.978441
1.204718
3.982681
1.110371
6.081101
9.312854
4.823121
2.694378
3.162055
3.425374
1.603708
0.464362
11.525604
5.441944
13.808115
0.045034
5.104318
10.420567
5.750280
2.144538
2.792423
4.981941
0.965200
5.346846
1.023029
2.915602
9.988147
0.658768
11.710242
4.359163
3.737239
6.118001
9.999058
6.084124
2.530471
1.656992
2.781439
5.654402
2.872000
7.332382
4.776738
1.033905
4.207503
9.341900
0.759134
5.679338
4.135802
7.661679
8.332202
9.311732
6.137681
1.858160
5.421460
1.328814
2.923301
4.392487
4.164414
9.754762
4.558950
1.614354
1.097752
6.924948
8.050567
2.912171
3.774150
0.487568
10.911530
2.757700
6.324584
3.790235
1.001140
1.834700
2.819111
2.690653
3.527959
1.967473
4.211379
6.530158
4.050609
8.966260
0.511761
1.637346
7.208794
5.851591
4.333826
4.247045
0.539452
0.096645
2.118829
8.231498
0.869210
6.991421
5.666007
4.491075
4.490554
2.353742
6.213258
3.085520
0.097638
3.502277
0.384081
6.699211
4.199502
6.264573
2.542386
2.034889
5.409324
8.766273
6.381786
4.274772
3.584483
6.462932
2.763117
4.445442
6.451021
5.164595
0.876513
8.789038
6.279052
0.094313
2.476338
2.330403
5.194108
2.996169
5.487434
8.227293
8.626734
5.680003
4.493561
6.102368
