113.849675
111.615611
145.219705
137.677625
134.178704
113.188090
126.058928
137.027449
107.542104
101.022316
113.295582
136.681886
113.515188
129.251544
125.265139
128.591012
101.885227
124.536240
112.545393
97.030100
110.040584
129.016492
149.268458
113.804284
114.264248
132.123385
123.020164
118.106674
118.510471
139.646218
113.775477
125.786545
142.912958
101.701871
120.184936
130.464707
141.676640
140.292375
146.722245
117.639650
114.770776
109.331703
148.474429
120.033732
118.122371
107.551739
102.100095
137.377915
115.445608
127.121214
113.685505
133.577140
114.891121
131.651246
113.972553
121.638631
126.408823
98.774619
104.846533
117.494055
112.728284
132.852525
125.099626
131.787405
127.369803
99.967800
127.515936
127.415129
107.788141
126.337467
116.247005
108.199684
133.986306
145.306308
122.959719
101.773016
138.064094
131.280040
120.437051
114.589375
109.524790
116.545666
122.007248
109.601396
124.766193
125.237352
127.872972
136.632883
136.017519
112.818341
128.493600
115.800915
104.567133
116.549886
117.929646
115.548800
114.657480
105.377239
111.833156
124.237563
142.709889
117.242242
107.532002
94.905633
102.731457
132.996768
129.106489
97.927019
111.818040
121.544865
116.426838
141.713940
106.048809
102.513329
103.334584
121.413141
137.861164
133.433247
137.284314
124.884974
131.676877
111.308841
109.219260
97.557038
134.231127
101.938052
113.922713
141.453969
146.956300
106.641775
114.722546
147.880494
126.069912
120.545358
130.099982
134.489686
116.060448
111.999310
117.020993
128.548037
130.734224
98.960260
125.661222
128.721104
117.778630
110.381484
120.905178
126.698257
130.205029
135.438241
95.727126
100.948819
121.664865
138.112162
104.663879
101.630420
149.271171
96.776988
105.856951
115.223032
117.972749
133.142617
135.401917
108.144599
100.470581
128.993009
113.269917
125.859583
121.710990
99.110037
121.613199
94.328504
126.177271
117.860179
125.559663
100.211195
118.734371
110.230804
147.419778
106.150131
105.796949
116.712285
123.012509
108.258569
133.201051
126.032488
129.161159
109.219593
124.905787
137.248251
124.015177
141.489762
93.203728
112.816843
146.519906
106.102737
145.279495
129.179059
137.036992
129.223749
94.436417
116.343470
114.969069
125.162741
106.601563
95.851235
124.356143
127.156067
140.028217
114.861221
112.243976
137.793793
107.319025
114.265498
129.750359
138.794170
119.402383
133.218584
135.828244
115.463697
123.628603
130.440569
130.587740
124.993058
101.069923
119.251547
120.401251
123.456423
111.004756
140.303255
96.829674
128.692578
143.280237
116.313691
102.102200
123.974149
122.748094
99.775390
148.685585
136.744201
101.653715
128.624292
116.592195
122.622194
109.400834
111.776623
124.786440
133.833178
123.728233
125.795473
103.727592
118.936278
152.667734
128.502653
98.282510
118.929851
118.893188
102.965747
102.648513
94.819044
95.539873
98.594722
108.428593
149.843814
110.453794
145.294548
131.681090
95.428075
123.011099
127.319005
119.684268
128.447841
96.741705
122.754173
110.877323
114.229913
122.978148
121.695994
117.036641
145.863231
145.339894
111.021407
119.092758
134.982816
137.935681
80.393791
88.275096
112.936930
129.257484
150.464881
132.099726
105.529545
91.447173
101.893406
132.981379
139.346001
113.241550
140.859238
115.969240
128.417482
91.099804
124.519784
126.732424
111.645307
110.151730
118.169465
125.109100
119.630214
121.282861
140.368074
113.608641
126.449655
131.668347
100.938209
130.460245
117.997848
137.339957
99.863090
123.465860
126.294103
121.466669
132.433102
136.939633
132.940422
119.909632
129.288819
116.283216
147.636134
111.451683
103.928308
140.525710
135.016458
149.235443
126.755191
129.207770
155.917918
129.023513
108.533771
127.731058
115.523788
124.372450
130.164849
133.617122
142.942004
121.533401
123.196521
133.319524
123.843993
68.488316
126.830430
129.414260
148.031673
95.685717
104.097228
134.947404
136.701548
140.088665
113.456881
116.900243
130.569734
129.905932
120.161612
135.289188
135.630039
131.802879
129.063066
115.431431
115.551315
126.892463
107.865295
134.583131
121.771005
111.664390
138.472779
137.282170
132.110072
145.237931
143.645292
117.623388
126.616741
115.597619
138.333337
122.915161
135.539124
114.339074
137.385669
117.365289
129.803152
145.991725
123.958147
126.480032
114.707309
99.584580
123.617985
101.154069
127.320037
107.673597
137.991749
136.262744
113.986324
124.511482
145.915149
123.473989
113.095491
122.243531
125.066178
125.971580
133.666907
127.507365
98.593483
130.181139
131.859457
123.431125
114.563889
105.467789
133.658871
122.220091
142.287720
112.502967
147.006038
132.964736
117.366434
142.076510
117.893856
91.089485
126.142229
123.134361
106.652058
133.779281
146.819919
117.193699
129.715627
124.580587
126.382195
126.218785
142.088287
113.670969
114.921625
102.143031
135.924040
127.342742
100.863771
105.229252
102.574275
132.591106
140.905975
94.002337
121.584635
122.730757
126.550655
114.547393
138.455941
121.326816
118.763104
112.700856
135.836447
101.357386
119.981603
114.792003
118.874592
130.933975
123.709166
113.850276
106.998884
120.099762
132.641461
97.826458
106.481882
127.307397
135.386635
137.488608
137.592159
103.840856
98.804325
139.353377
98.882732
117.535771
103.549901
121.865493
135.871624
130.035144
122.781912
131.328096
136.639620
125.066078
121.884471
121.143083
114.764867
119.644969
149.473852
124.443231
96.878133
91.338010
86.893488
86.023296
127.439882
124.917286
122.258888
118.232192
111.571070
143.678745
136.058064
140.167764
112.289769
111.557194
116.819008
114.377191
137.445631
103.126531
101.734804
112.415152
126.179135
119.900547
109.593106
120.807315
122.690759
130.858756
129.599802
141.146520
127.966776
122.367612
138.971216
126.398508
130.208168
100.343051
113.237236
136.284548
138.930036
108.800942
102.674171
135.716665
126.614821
122.249000
131.168155
123.967661
127.335198
118.992965
150.589779
136.244010
119.690544
131.907187
128.945331
122.605803
148.345307
129.347329
125.481470
129.142457
113.722483
120.667880
138.259182
102.705461
131.487563
126.231479
105.936241
122.313045
136.734102
133.075280
119.445569
113.189121
131.043103
119.002377
140.663940
122.332585
138.736099
140.483125
131.362859
129.239309
139.245181
133.584731
123.580462
145.305877
118.944597
126.141286
106.324934
127.239960
114.624622
86.537798
118.149197
127.423212
114.027287
109.076132
131.050092
153.951343
114.915902
113.145716
150.260434
140.957104
138.910321
131.146026
120.791874
119.732056
94.472117
147.506623
108.437002
115.711768
97.225708
140.349526
119.602801
107.601578
120.431595
135.625921
145.797252
146.464277
108.360527
133.268805
123.319629
134.567507
103.096291
109.423334
121.089555
119.266455
109.048140
75.115183
149.987247
113.290088
137.524820
108.752875
113.675001
105.416728
107.406497
142.897849
106.497216
136.371295
133.525067
132.812680
112.667048
121.174526
133.270276
119.551252
94.962839
126.938928
121.267445
111.096727
121.606226
125.651656
101.958191
127.071138
142.731321
125.279651
154.148198
123.097608
96.806034
122.602914
131.529445
145.019735
118.643789
130.003362
120.757359
109.170134
122.946061
120.924006
116.449514
117.718009
129.158214
131.827979
125.443379
95.428087
113.928700
121.178063
85.148486
127.112729
115.719657
117.560106
140.810530
94.775449
136.668771
112.564192
149.116436
135.550343
122.521584
112.202880
123.349868
145.173531
112.899619
131.107180
93.023881
150.863061
132.628550
105.990310
139.915627
104.274582
138.333761
113.398065
107.702069
101.104854
123.487786
135.459741
135.536069
118.996150
108.757660
147.918901
100.164792
134.701135
148.830702
133.796557
127.738729
111.670956
139.900072
102.238943
101.115586
121.629565
109.821478
119.478339
127.311934
92.104220
123.941661
139.649793
139.413129
101.895639
120.034283
112.316702
138.232861
135.132451
121.097050
133.971427
121.483213
128.265386
130.269379
120.040534
128.737831
114.652189
140.690742
128.993795
117.205672
110.328128
129.223238
117.989512
123.022107
137.930352
118.558286
137.224519
123.254910
93.310840
113.207878
128.594116
128.604484
110.881617
150.129309
131.482738
136.808475
138.256317
106.779634
145.964059
80.950184
121.827113
133.165990
133.215244
120.024889
130.432351
117.303679
129.497112
128.210188
110.255533
122.128854
124.526858
118.932089
100.271210
135.260395
111.691432
127.283488
149.721681
115.126403
125.736097
129.806745
119.596689
116.991381
125.369922
95.602139
122.368962
142.424886
134.136817
118.182313
127.988030
147.603288
103.787512
101.435029
141.330145
118.647443
126.371031
133.041399
142.159463
124.297119
122.984776
143.642301
122.918874
104.115032
127.444065
122.306974
147.277145
101.002602
136.303429
124.285144
92.921024
98.779798
120.745501
77.356950
117.919670
103.007693
93.180090
147.426023
111.504143
91.580523
99.075373
137.692849
103.077445
135.474585
122.802114
145.378685
111.053517
129.969321
107.346749
118.712026
147.463145
132.402905
113.142499
88.469869
115.471457
126.770246
140.936718
134.686832
121.612437
130.142727
99.115063
121.935831
113.519846
121.643500
104.971805
135.692263
140.006251
142.937752
100.022928
118.268731
130.212973
122.136600
124.558823
104.634609
122.929899
134.634768
121.549571
102.843235
123.186646
147.205675
133.022440
116.678205
129.172647
111.843398
125.176951
128.229485
117.336903
144.582110
124.904078
140.895679
94.687149
133.966331
125.410595
109.147928
111.393447
109.642913
117.188296
125.827088
100.410379
135.919161
133.021067
126.155837
106.902419
116.038748
124.455041
112.072006
93.208485
133.950695
135.219855
126.719136
122.000691
123.698876
122.001412
127.492325
143.907951
140.690835
143.125221
126.152005
97.163179
110.513434
130.155015
132.277358
104.070928
112.091527
127.133079
129.300418
94.037907
117.473435
106.083437
133.637134
121.087267
123.044255
93.536690
134.003915
107.566806
106.437023
101.262312
111.052578
109.648916
132.239368
136.225021
120.163345
99.496777
128.256621
139.493582
123.736324
111.753094
130.864014
124.632870
141.115168
141.123819
136.013213
118.889565
130.819369
111.389086
128.173024
130.195129
118.890326
114.474498
104.025140
112.099106
135.886707
131.315165
111.274339
153.942272
149.399205
84.226041
129.736630
104.178326
91.797609
109.004109
118.937930
122.459513
129.919615
125.108311
132.846535
105.320653
120.359165
117.909620
124.518642
109.075395
143.488686
130.656551
118.891047
119.466498
134.536467
129.131103
151.444400
105.291418
135.285378
122.928358
108.548368
111.797325
120.165534
109.610545
102.054590
127.192302
115.045727
107.088611
101.150876
111.021490
122.269797
122.005207
109.815336
137.063699
128.553094
127.832670
110.731236
108.092760
136.123991
103.485650
126.873144
110.785675
104.522153
118.336857
119.382279
151.716105
98.254631
133.313196
128.363022
98.241770
105.401448
127.970158
92.805958
135.940594
111.921397
128.667141
130.259396
114.924443
122.283263
126.914618
134.894321
123.070937
135.397488
119.263630
143.869462
117.583514
121.962887
139.568728
112.424188
129.574330
118.308587
132.204940
124.066967
104.383272
137.239518
123.110269
104.802663
101.525516
102.388947
136.663871
119.517766
126.444521
136.680958
111.636703
131.232603
123.983410
121.414283
135.604367
108.076017
133.813036
101.878113
128.248155
109.185323
109.768614
107.360788
112.865712
122.999204
92.563253
150.584433
103.266553
136.365958
143.398397
115.293530
106.907143
126.297627
127.424459
128.641529
143.516257
113.578454
119.957765
91.295266
103.608237
108.661106
125.624822
127.310278
118.251619
111.147347
110.252997
109.987331
121.057612
115.200392
148.637455
105.454894
114.826323
115.230922
124.793728
121.710457
138.858939
103.560344
136.597582
140.343288
87.211857
121.261297
126.200933
105.258157
107.394246
149.309272
124.885275
108.164756
97.942487
99.083712
124.288428
136.490838
116.360632
115.705843
106.447370
135.573522
138.893758
123.366202
127.352321
112.798805
121.778071
104.778071
117.826556
121.861390
117.657129
123.891138
110.736619
115.329580
110.431310
126.458873
125.850569
111.835833
126.596397
113.546443
123.462633
126.933767
110.003345
121.664607
127.317164
123.053893
111.137620
143.096809
91.683392
118.872621
126.298717
132.621181
81.376294
126.364899
117.257140
133.360260
92.470872
150.078616
98.995743
121.292329
123.400407
109.042192
112.399817
112.170389
104.452252
138.255330
110.114796
138.244339
125.224431
115.654123
122.364062
94.467868
144.179429
110.148208
102.528883
105.975227
129.295389
126.436606
130.227795
130.522362
110.377305
132.802974
137.635806
127.207716
102.930217
135.170118
136.635891
139.277924
90.561365
138.106704
91.716479
119.382586
143.415755
138.844983
104.870903
136.766110
95.566844
132.916088
125.113837
116.777173
111.424588
122.311420
122.824330
106.634018
110.276723
113.186401
104.097962
127.642449
141.300492
126.146772
98.621195
136.740889
118.901406
145.433069
119.540430
124.788264
112.717299
115.734065
135.660760
119.494729
124.373344
131.849980
116.853817
110.481601
121.652910
97.406433
138.426721
143.083311
87.224902
134.280137
128.208414
140.350774
110.997489
103.585419
126.321529
143.359145
122.794384
131.372917
135.177220
130.462423
128.165362
148.571666
98.595067
106.775951
129.433095
130.329440
113.577578
126.608271
117.674249
156.651191
141.964812
115.867155
123.103318
145.429543
138.361805
116.967013
140.611762
112.248187
107.985109
144.982389
90.152203
142.242566
119.877022
131.713261
96.214841
130.374387
154.736390
125.025252
138.277560
93.692045
124.916053
117.527105
119.863027
117.578139
133.322841
104.603180
139.174880
133.880199
118.944629
97.743226
134.158262
109.922786
119.806626
136.539954
100.331989
90.976194
124.884363
101.783614
123.259247
125.629402
104.597678
140.798955
122.569664
109.018327
116.897226
134.857986
101.763281
101.710061
113.036369
119.824671
103.009472
124.405838
138.279772
135.103625
120.349503
109.139000
137.073286
122.531170
110.832162
142.738556
119.510981
125.549285
142.049401
127.587948
138.979133
143.803226
134.933144
122.106482
111.231174
142.032422
115.995055
112.250474
115.739427
117.444012
136.272624
110.523960
109.398688
133.256401
139.588509
124.376131
123.225662
105.706164
100.830766
126.729062
118.880306
139.508200
142.902038
116.896007
128.166028
150.058147
116.712395
94.437054
87.052927
122.945423
136.920240
104.224754
119.678645
123.395247
143.335633
102.264154
124.720207
112.799262
138.077017
109.626650
131.823187
124.025001
102.181732
106.810458
120.366255
107.538473
137.277940
104.582224
120.642924
127.643626
107.455000
108.075428
107.068636
115.763998
123.848417
125.956531
119.502303
128.476925
89.844826
93.644144
122.908350
112.709458
102.064800
119.565647
109.407766
94.354819
117.350826
100.287762
141.523915
94.828516
107.400649
112.501041
110.611077
132.720070
131.247211
117.697527
100.415441
131.819537
113.881012
154.603836
120.344759
123.952917
105.757754
128.220023
137.466037
101.641501
141.759161
129.118101
133.234033
118.918622
129.287871
122.640122
142.340222
118.528849
137.393108
112.432158
116.126033
107.313372
125.539777
118.728403
121.778115
139.631363
120.314793
146.865157
103.922175
107.642404
131.192164
113.305222
118.860907
86.877387
137.085870
119.972880
132.306585
107.681515
107.609152
109.304340
104.097727
90.906301
132.320514
114.077420
140.839620
104.623678
139.350973
121.767465
112.274375
117.955617
139.074073
138.790991
116.664410
133.004361
156.307109
108.750601
132.739629
130.976521
112.511054
114.947956
98.937953
132.080175
143.281677
123.758963
122.586373
107.898316
93.282846
127.637692
121.295926
119.285039
141.957755
142.298880
137.771723
106.076278
124.425741
98.371141
134.515596
118.263827
130.989466
147.956339
116.160718
152.413401
121.846668
122.080721
124.263352
127.069194
139.399794
124.535619
126.285068
119.362744
130.221543
137.570144
111.082597
121.000036
115.268128
134.996159
114.297591
126.328580
126.099313
126.885137
111.665259
101.323801
118.841591
119.945933
112.549306
131.242758
145.964825
101.570472
140.121235
132.551284
116.251178
100.838358
85.785233
118.902650
125.479889
129.639781
135.362963
95.384325
118.731935
96.207129
112.286224
124.019017
147.238749
117.903661
81.834257
123.382845
132.425765
117.724144
114.720242
134.341862
109.592054
106.000406
101.043701
115.873625
118.290329
119.397337
143.995494
107.900008
118.911194
123.345154
109.707491
111.631707
119.613625
108.352161
113.659708
129.128258
104.190987
117.340343
102.955298
91.407791
117.271565
139.967085
119.751912
107.019201
123.337829
137.665663
119.692033
131.952393
121.483223
120.397803
110.521682
136.470101
123.049533
103.633828
132.413601
104.485173
109.757619
121.002727
137.584810
153.696526
134.562149
113.622681
109.543042
104.290026
105.465303
124.020925
114.846104
124.973305
129.836607
121.046778
111.838793
134.113464
130.809293
152.386516
119.486000
147.350720
128.093872
115.604850
105.415727
122.882981
138.069562
137.824647
139.833049
118.001085
106.359859
133.826898
104.306497
123.748669
137.337300
148.002867
104.821601
114.018588
136.132757
145.121154
123.594629
106.860140
103.768577
101.198094
113.253240
133.822361
116.050988
122.586247
150.240609
123.535931
111.208689
139.025454
88.808609
131.782748
101.024825
111.391561
120.028038
93.214654
156.847630
117.881700
107.935443
120.189605
112.724811
117.060332
111.269380
96.673462
136.092700
108.351977
103.873354
121.140478
102.299520
115.171887
92.217676
121.749402
115.959983
162.413716
117.037881
124.395375
128.356699
120.185146
118.720105
102.418379
129.353286
122.675525
136.130954
94.300971
156.494857
137.620401
117.734050
108.276477
110.672799
115.893356
113.618100
129.570557
128.811072
118.241821
145.562749
133.928156
106.343961
124.324701
124.239921
132.948338
128.485140
113.532982
143.927957
142.333618
132.486823
105.439092
157.544362
128.757336
95.370385
100.875326
133.673271
132.601596
