271.904680
255.377071
263.338634
321.858283
237.667704
299.683895
280.543794
273.586182
296.925694
263.376062
270.443867
304.884688
279.178414
286.440788
286.168099
295.688614
259.510426
302.897873
249.329941
255.826745
283.174081
303.206086
320.910582
266.181157
259.314634
269.792770
312.408271
265.778433
298.681098
284.281126
279.373422
303.926035
306.972020
278.793267
276.182697
296.987787
314.081923
295.804592
302.812965
308.965215
308.300595
242.781413
315.427099
271.444304
276.166891
232.846820
257.370525
292.497947
304.459156
298.994110
277.561064
285.327412
294.987310
251.767463
281.946743
263.235251
288.673104
286.080061
250.518353
284.675152
286.674314
258.396662
287.207537
272.123906
310.931633
270.192089
297.567100
271.826885
298.232894
291.721826
293.293309
293.236409
282.826689
265.777339
263.612980
291.141015
310.309409
303.960752
288.267636
308.171626
295.190353
303.881994
286.883214
291.049502
268.565037
284.082899
291.432283
276.684562
264.599733
275.163374
309.205887
293.724544
289.240445
290.820245
232.870974
277.624930
285.381622
256.041342
236.028856
286.106495
300.653717
257.137187
249.795572
256.999763
283.512535
297.156973
269.906119
291.479199
287.661169
244.027090
260.513249
277.242052
307.724022
272.605525
266.974322
271.687211
283.023624
298.970603
317.816704
311.252265
297.115066
261.326429
277.572658
264.598259
254.026371
304.303421
316.034593
249.167484
269.828421
316.907152
337.862635
257.559362
292.380773
276.617763
281.724200
281.859015
273.041078
288.302077
277.440575
264.965584
293.159035
291.900449
270.688362
291.842874
291.095547
300.398191
259.177489
281.950670
273.490990
259.872871
292.927782
295.398354
258.117805
280.013822
270.757785
283.881590
289.110721
259.916133
251.031849
304.902378
273.807413
283.615085
266.898942
310.020681
311.877105
286.474518
278.410322
223.099032
231.853508
283.272670
273.669947
280.034210
300.194703
265.626473
299.994040
250.514923
258.413298
276.656767
273.572850
283.888701
287.112673
245.679339
282.082017
278.894171
259.210361
317.105287
270.524671
273.143438
245.824458
251.395903
284.422179
269.118021
304.471100
283.145864
312.208256
281.014160
316.210934
270.752987
252.489343
264.706875
319.421020
247.166349
301.605825
294.956629
289.586597
244.935883
290.555636
274.651286
259.488375
293.509520
278.805058
309.298474
294.761801
238.617360
248.429932
291.581462
282.041150
291.034566
269.997807
286.939153
255.284944
284.706882
305.772461
261.514336
299.968846
290.988667
307.362409
307.064501
270.526255
291.401810
296.744400
245.100491
272.204126
277.455654
292.102932
277.419737
304.281373
290.925216
285.625093
285.153129
281.152171
287.926477
305.684459
299.678920
300.297757
306.632454
306.301487
235.154683
302.479417
290.584657
249.025528
327.731029
320.160558
300.543722
261.145727
279.395951
248.139080
267.723299
263.655879
264.981403
273.744941
248.615722
256.513688
308.818305
307.109247
303.640159
278.043308
259.048621
322.071565
291.276411
297.556633
267.684176
317.906326
287.090258
300.860342
267.576773
280.131050
265.553452
276.244562
260.741468
296.042447
265.390996
239.968211
287.666935
278.160860
327.939184
288.569763
304.308293
305.214777
269.298926
295.486384
313.044861
317.542498
236.201874
274.763938
300.422605
285.458105
313.141204
285.664511
299.257798
286.539631
299.862694
257.005544
276.739279
264.341654
262.943385
253.511821
287.305166
285.332060
261.144787
313.592697
247.828953
326.290293
268.967278
262.695976
307.246581
265.174028
308.244924
304.831878
316.819178
208.666642
258.554138
293.773122
316.660147
304.343119
263.512889
300.739543
217.345471
312.381355
306.634518
227.887138
286.195525
333.549317
267.717811
307.213672
265.365167
284.988675
296.022796
281.343709
232.037868
273.609939
264.131650
246.383062
283.061741
280.745514
305.957864
238.850626
273.700159
299.813209
259.554212
266.876035
298.603926
267.751691
253.561514
296.838114
310.985781
305.047593
248.429197
248.274821
281.983061
281.394729
298.821262
300.119644
290.869780
291.563129
272.936877
272.893041
311.223774
243.354227
258.810863
316.856319
321.800687
314.712771
290.800485
264.346693
254.470339
258.134195
264.150785
342.892151
253.097456
238.990961
290.073465
250.997395
310.028209
282.901224
260.876707
258.359627
268.531706
306.327626
258.076841
258.363549
321.207302
283.465987
247.758644
261.375282
269.719607
295.511783
291.365224
317.826601
266.629107
259.712189
311.064659
277.881399
287.019987
313.653642
311.507129
272.264497
267.669474
280.931582
310.412787
328.824198
260.717912
288.289947
326.164974
270.274565
275.684931
267.380393
290.617724
292.562478
291.512109
261.696172
298.348516
225.117646
300.368301
291.763183
307.199887
315.845498
314.608082
270.355610
302.250550
279.084966
306.401642
277.893543
329.511886
302.181391
270.888768
275.243835
317.541965
272.720713
275.721658
301.848964
260.467583
259.206559
306.904790
256.808975
301.973310
296.318084
266.870713
307.231830
267.386550
302.362937
294.802677
270.864647
279.430627
290.752297
260.436831
270.811115
333.830627
319.524870
265.739851
276.715175
251.128333
290.909288
254.009948
291.730214
265.421648
308.617379
265.101695
316.532128
273.995546
294.618239
312.483370
291.057685
284.988112
259.343068
290.750354
327.078509
246.135177
261.229767
311.816818
276.270613
250.093815
296.717819
264.873167
277.787402
326.957279
261.394058
266.569257
254.089326
283.443104
307.359018
301.199225
269.294019
255.377054
268.596940
296.453654
249.235543
287.511294
317.923300
261.457757
298.496931
308.699847
286.709396
312.441914
275.585386
289.648150
288.658054
299.637668
284.993531
283.538660
288.873564
265.276121
265.024278
245.916335
271.721714
237.824149
277.649406
281.572900
326.728563
295.167223
289.627768
293.741713
257.871263
290.118556
313.747932
248.520225
269.568549
261.136331
283.192304
291.651634
277.780287
285.630345
298.058795
288.111166
305.026283
312.828547
247.273902
280.935085
302.713042
262.456482
319.784906
291.843760
278.655269
277.809375
277.356264
232.526808
229.512953
290.375353
229.851841
297.278359
288.679520
243.534857
299.323139
301.526858
289.240724
317.340720
272.496921
267.004084
259.232388
272.305611
294.678324
262.360873
247.887558
267.970981
289.240086
327.786922
320.933625
283.286846
296.252546
305.146554
317.826580
324.491908
278.028818
257.044618
294.095711
277.795037
263.405388
301.068227
294.169228
256.712813
264.369621
239.143382
293.345172
279.704160
304.057086
301.351828
243.802608
268.394532
289.269914
313.598454
311.921195
249.248551
267.787511
267.427651
275.410730
294.765203
263.303275
274.897557
251.319903
288.243810
281.934602
282.666348
252.122990
268.488654
270.447748
259.320347
307.457821
268.304851
315.743652
302.109496
235.139256
276.578870
299.815887
281.432554
256.772914
278.434323
281.153469
300.433420
297.982272
283.822340
310.897526
305.444960
300.641062
259.336312
278.679374
257.503708
271.607776
303.463426
312.761376
290.001609
313.138651
260.162799
345.391378
294.369545
251.503754
288.550435
258.372629
210.028903
280.018017
287.915075
281.002390
298.862810
277.328887
331.386600
274.093187
318.226998
327.438447
319.259627
262.908798
293.917409
267.809125
281.778305
268.298854
270.126834
256.968765
275.074260
322.720479
308.301262
301.296196
304.594105
280.720796
273.865081
294.605294
344.942078
284.054089
318.295295
261.223508
275.198940
264.471295
314.963122
261.874249
313.380850
246.975683
262.070230
251.147665
278.878364
288.512201
256.188192
324.089837
272.109995
315.210270
255.486167
253.124954
288.284084
229.319394
302.998616
247.968558
293.357606
322.228084
232.428152
242.007959
296.947519
279.911231
273.704129
245.586574
268.772431
225.813184
258.968828
279.331495
265.742630
289.294429
292.093847
290.710963
293.694458
292.163494
294.132561
325.774814
262.646397
279.655696
249.002258
277.472031
294.147029
262.025140
304.571446
251.693969
316.883500
306.220432
279.991051
280.921304
279.580081
258.751011
297.019363
289.511169
251.220696
284.290102
285.531353
281.377102
281.044065
294.505479
272.211186
223.705104
233.300978
275.115927
285.717685
281.030325
293.796487
288.822675
269.014042
316.516925
314.699105
317.279894
278.968751
261.382718
270.657376
277.318650
259.196648
324.226490
288.071143
291.611104
221.493030
339.226321
296.950645
221.865150
327.620549
292.335690
283.398008
275.994644
312.944014
242.019341
318.058681
279.730462
253.084896
305.361678
308.496009
318.817822
319.267806
287.436634
314.851674
253.423099
300.954040
322.693205
285.422544
297.578496
269.580724
298.765489
273.832626
254.014639
255.793572
273.501306
279.865476
283.258254
261.886333
279.245354
267.883665
297.335754
317.632308
319.239912
297.186251
289.666103
274.225558
268.163303
288.041783
284.298567
298.709933
322.993031
268.127511
312.639157
303.387068
299.682408
274.534491
299.005381
265.837905
304.317696
286.592604
316.835467
305.480391
280.638151
285.925985
318.305258
272.738284
284.871942
253.565561
292.994997
304.762083
297.267808
307.901501
267.614130
291.529873
280.635070
279.697358
274.475662
321.184278
298.765758
287.336890
315.875488
267.171247
326.908937
282.048968
273.484185
302.888905
296.848334
267.879639
293.048421
294.551245
298.956831
282.467598
303.805575
258.002588
251.802087
317.230457
280.113019
231.697483
278.418724
314.967385
298.198138
298.765629
305.307017
239.347997
252.674251
256.957225
320.417789
228.052523
284.839715
285.022213
273.795043
316.996775
313.316296
304.977499
268.541622
313.898727
281.846169
310.904554
307.419441
273.350534
298.684179
298.133539
318.723073
275.305453
265.061636
303.026814
281.755318
241.690341
321.502974
317.292358
309.334391
260.068333
293.223812
234.972541
322.333044
252.620947
235.393861
289.928710
299.242236
282.912598
261.857776
264.604389
322.359636
227.441353
269.184173
285.725123
241.887591
285.237886
314.464174
305.948079
250.876137
248.814091
278.794491
281.247587
306.555434
321.149109
217.159989
280.703757
256.833487
273.507787
232.874412
294.556723
300.329722
246.369612
280.205967
295.533987
291.472154
237.312390
285.336669
317.168514
271.043502
290.451060
312.685707
260.990581
246.898146
308.959198
294.605135
285.684627
291.497867
284.030626
278.834730
263.186695
267.245559
298.606490
288.302710
299.371401
234.101359
267.454674
306.810214
281.024001
316.745716
278.171618
292.215048
230.082276
300.562692
281.959859
248.993135
282.899855
292.634085
282.071185
286.366594
316.157938
301.112169
300.290088
266.834071
235.555410
257.146165
307.427956
293.922532
266.168627
248.767756
299.958672
298.763548
299.298984
310.723991
267.973728
274.195646
298.865195
276.145487
233.716304
310.146853
303.766940
289.791919
272.905667
284.941138
279.822698
287.526371
280.116077
264.605172
315.400105
317.872505
302.765250
276.477116
299.059954
246.510966
299.147642
321.533305
321.027242
225.902173
247.448487
282.032800
302.455686
243.917888
284.449395
308.518583
274.896302
313.254432
233.955044
313.754124
269.654100
256.059606
317.996359
284.654315
299.526245
266.748652
304.293021
292.675937
277.954452
270.247583
276.075815
308.640230
302.735344
303.072004
285.677843
303.570525
246.689138
303.509580
233.521699
294.146296
245.420671
301.719295
282.670607
305.399084
250.911321
308.211065
283.500135
259.793712
247.165754
288.116364
303.651034
261.796500
286.478949
289.758894
264.145302
323.370873
299.635762
331.420830
254.112508
291.865609
277.640439
292.480716
295.287889
293.301434
303.416870
298.548864
252.291980
283.955280
316.195067
250.552242
243.973228
270.403226
298.121171
283.523423
258.646304
265.583005
286.793251
287.671468
259.038793
297.192928
321.774538
286.024214
291.908499
283.272709
314.227719
340.829170
280.016316
318.310192
260.939951
287.505341
272.618883
241.860491
301.454844
232.677381
277.933816
303.271249
308.587770
268.931007
292.475824
304.241317
285.170121
293.693302
257.984828
307.984141
289.116534
301.473687
253.821449
295.290821
269.444534
304.318569
317.440221
242.154988
249.708683
317.299136
334.100832
276.197249
263.536521
245.843916
317.355720
310.652198
259.237788
284.323031
243.399119
293.423638
284.428116
263.434328
255.245782
284.317592
291.748152
293.057442
295.608756
286.194337
233.203645
315.421414
304.903374
304.467443
282.343091
269.607537
311.791997
275.055819
295.018175
291.807508
288.922540
295.186714
311.241825
272.894801
268.048776
267.028570
315.568250
232.079511
252.291932
238.108195
267.483551
313.958040
278.525440
269.684198
289.186921
283.233736
286.325995
305.114299
261.909391
317.599101
265.127735
269.612894
243.459219
300.022034
262.073784
274.867350
272.463193
285.927304
286.833601
271.150472
274.297597
264.487640
268.120044
214.351991
330.791220
243.179345
281.160609
270.865910
265.894022
299.826700
300.117257
267.350515
274.042003
331.722884
287.486069
286.835271
312.930174
290.077000
282.602271
243.907120
244.037445
302.279179
304.430047
290.047202
262.039671
284.723146
284.997135
324.281465
321.269354
276.617727
263.501862
292.283950
264.626583
262.228970
325.549032
279.231784
321.070405
317.654236
250.789998
294.145264
267.190536
280.704470
270.759962
319.290822
276.477642
267.649093
271.398408
262.820797
310.489584
303.331354
266.140470
228.396255
276.157953
323.733991
270.639674
273.976716
273.519539
266.389488
231.432035
252.954710
305.105375
297.371015
275.122776
269.724029
303.602630
248.242851
310.496141
263.706535
289.445081
286.044194
277.460340
266.420640
295.603802
287.799714
272.056605
305.557377
310.772435
246.969802
297.215232
295.932154
292.891528
261.459460
341.847455
261.597928
269.193641
254.845954
228.764443
265.611287
302.768042
290.306431
319.832173
216.008120
305.705938
292.073773
306.935675
232.751493
297.329618
333.752131
274.579171
298.232134
283.765847
257.653615
264.568077
303.031122
240.849157
294.855993
308.612602
252.311943
287.964501
267.865360
326.495225
243.218644
320.927837
292.151567
292.454084
283.008300
276.457020
311.430855
288.813133
280.573347
288.805510
287.766169
285.299197
308.790331
326.160295
224.910551
275.384794
313.155295
324.074109
282.111413
229.544286
286.837513
276.688306
293.413670
269.626021
249.447179
259.846697
228.599690
265.181176
275.859418
261.075383
255.355725
265.435449
275.347988
284.426517
290.649239
299.284623
285.830632
291.142584
246.518692
256.300336
259.041919
314.822313
257.066869
290.968593
301.341505
295.395926
306.019008
301.986095
297.270355
264.757469
335.270073
275.820644
242.967038
321.207484
249.563241
299.016923
292.124463
317.714585
216.067032
292.826002
283.041302
231.337419
310.860048
251.624966
282.949117
292.180173
318.902223
294.455383
301.180579
273.886561
291.253662
270.325570
265.468103
297.512522
298.206491
302.732891
280.998463
287.026793
304.828743
277.022412
253.400875
270.945594
292.815841
243.004188
331.854159
293.112252
250.430364
259.393590
271.566427
323.199655
299.579967
324.551478
210.714639
312.311328
313.073356
245.408064
280.902643
279.640955
292.329983
326.009965
299.463862
319.848566
298.159476
264.392300
293.929651
245.318002
248.277043
286.086276
230.947019
287.216021
328.808165
274.254011
315.324300
300.631088
271.401146
326.054748
295.636055
238.494509
288.024354
255.807255
268.039724
298.986758
293.382126
279.030284
283.141989
258.205771
304.381770
260.764261
254.758098
303.081561
272.120152
295.583764
292.218348
292.629785
305.753659
280.175702
312.999593
269.446690
268.324564
265.714072
296.139337
270.894735
247.571412
293.473392
293.284196
230.452154
280.405521
287.657825
311.009474
295.222521
301.849970
300.060673
275.609508
247.550228
318.002436
278.332576
273.050993
298.072453
312.397391
287.917481
328.047151
313.175282
277.285599
283.383827
314.270979
295.507239
265.247396
325.936695
278.678924
286.996946
262.623970
278.022387
249.198373
274.490256
293.178147
316.390436
273.758268
284.986724
286.918328
250.530349
278.285310
317.152210
280.867347
269.925399
317.914300
306.791003
334.206635
322.600726
280.730140
267.302296
275.267197
257.117017
282.726022
285.577176
307.439125
288.490668
294.016365
304.065991
274.742775
261.204923
334.823543
303.264717
298.423379
293.342101
280.882610
291.370317
260.992337
296.765291
259.857181
305.441426
226.152074
304.149847
242.038139
276.841238
271.122455
254.563131
247.597510
273.405860
266.807368
311.423291
294.183618
259.435607
277.093053
297.655537
271.175938
277.202604
250.963477
274.949433
239.715091
272.028158
255.321046
268.953653
264.429773
281.939955
282.018746
258.195095
247.948219
285.708795
255.827332
325.385104
237.986083
258.993423
254.227841
308.768324
274.663786
280.669045
292.690144
286.163510
256.870174
318.393262
293.054839
247.979384
322.391930
269.624628
287.272694
265.194307
289.607523
264.472727
310.920157
348.471347
264.176411
251.561964
320.314141
279.172306
268.126587
295.771037
295.875014
253.144406
275.385309
292.201552
299.117946
318.051061
277.685740
300.631609
233.610171
257.632320
279.105987
288.863786
295.477420
255.734811
249.781362
294.701447
249.756285
278.227522
248.028320
262.003023
295.394892
254.133836
316.483077
241.615902
281.356239
259.376365
276.252423
257.188310
282.952710
274.846345
234.814204
302.992789
304.172780
299.364226
261.874604
263.849015
286.287337
292.465278
254.074782
294.850539
267.358008
316.575247
255.584835
310.157156
279.076504
273.390871
291.199782
275.867027
298.977703
308.503239
282.966684
286.751299
337.623426
296.523741
292.557008
275.121971
235.863590
287.237213
282.761301
255.472068
279.316108
316.603128
288.089579
235.001137
289.037755
240.762396
307.772665
285.782609
285.270450
259.006131
296.435664
247.390023
233.967185
284.516319
294.083796
231.088828
300.944914
299.181303
239.908026
288.578774
266.858825
302.043296
287.055634
306.542316
319.834448
315.436062
297.336130
302.594118
260.986187
336.118128
273.282687
273.389106
271.459063
331.912561
264.810358
272.528285
244.811466
307.722387
255.131087
298.526986
299.755904
308.089391
255.219973
291.787440
309.567532
277.383166
263.367090
271.785099
298.198760
252.258936
274.174334
268.107134
305.937483
265.577372
284.637279
250.572975
302.388355
299.369866
276.808512
287.797197
302.281917
311.205869
268.827211
308.560349
312.158138
292.484532
271.256169
282.954869
268.117602
270.351010
301.805717
302.120541
294.892346
215.106757
254.192931
254.987231
331.692297
285.375141
275.439572
240.999386
301.764213
313.165178
299.715717
258.372904
289.161623
271.159803
301.305273
254.374308
287.054073
268.871977
280.089080
282.965984
300.364881
281.336891
246.757070
251.933973
270.681072
265.637064
258.961421
276.755123
276.596083
274.839745
274.824641
244.058191
271.516469
259.986057
267.123323
279.176784
284.401435
263.449532
280.888007
256.076533
301.444408
324.557361
254.893274
301.212335
294.579065
271.236574
295.991359
281.858574
255.883936
219.317833
277.198573
287.963787
243.145471
346.002085
251.547056
305.091347
285.394902
262.531144
265.951231
270.096051
294.989398
230.373102
266.292212
255.706961
290.913749
331.239788
282.862994
285.676647
252.464646
292.971709
303.914905
331.994480
256.220617
308.198856
302.742108
262.271883
263.095255
297.640774
307.774995
305.668767
297.169455
292.766720
276.465174
279.645967
297.794646
284.253473
308.509461
260.458403
299.962022
321.805469
281.980198
278.415522
272.039822
250.937940
253.450088
309.488252
235.032353
253.091382
334.302456
282.442126
289.882718
277.631593
259.200894
251.600618
261.369239
279.511226
346.328299
244.408972
265.488130
299.259940
293.199096
248.607786
285.287196
288.320810
255.240436
277.954888
276.867131
284.588881
274.703629
307.052772
245.370306
238.791370
274.412757
260.218373
279.394539
252.219616
264.011918
297.893867
353.505167
280.189248
267.313596
272.537559
281.676801
281.801580
266.142987
247.947414
282.955914
275.118418
294.539024
247.618171
337.364205
298.526957
266.112675
255.797115
271.922002
289.156785
251.114595
268.145302
297.292567
269.732073
325.067095
241.211489
305.526989
314.044905
299.058794
329.050628
284.788571
305.923877
325.013483
300.575291
339.054872
289.806200
273.947820
303.740976
302.242541
