267.829551
265.224697
257.693069
311.598662
270.386306
271.728336
253.239202
301.355206
277.617312
276.018837
276.292536
284.812298
279.471240
272.852974
299.638996
228.381804
326.638744
248.087544
285.951482
269.133572
285.926594
302.680951
248.780340
274.058618
309.255215
225.375895
259.478410
267.149713
259.146693
301.944310
282.893536
286.968539
285.197364
308.771394
306.071120
249.525407
329.737651
256.532876
277.344134
228.705428
280.681249
233.744467
269.401805
306.188309
315.592688
265.932051
285.762756
278.245062
260.436469
286.093592
264.217910
255.861899
268.730743
260.016954
286.281323
260.965146
256.966006
262.856393
312.702805
246.834815
273.868898
276.557005
255.355498
286.870111
257.065371
295.718681
279.489287
261.527979
243.958490
287.447373
293.724949
290.188971
293.843683
292.928978
252.059841
278.222895
282.008396
271.254192
297.072782
237.306257
298.115403
287.242195
299.685846
299.307061
261.488226
246.196865
296.971871
289.819806
265.933152
282.385275
289.097113
283.938342
261.764767
250.018541
282.899653
261.468351
270.227151
300.186373
237.369078
250.597811
275.473950
238.497669
274.415719
246.759887
283.729879
266.037795
266.655220
297.662251
249.965109
283.911362
263.987599
265.422165
301.515046
266.348656
297.424363
274.384229
258.590055
281.471203
243.622824
225.400994
246.835913
270.484600
308.279838
257.107149
244.212923
318.706327
297.941092
331.511000
302.079715
276.956662
272.068326
321.563852
276.779880
274.691993
220.189825
269.916264
278.748020
266.768231
278.087765
274.761074
252.208037
287.800912
252.226501
254.567500
260.658750
243.380571
280.326427
300.968360
282.003997
320.216729
276.009198
288.308979
291.957119
303.356101
244.413139
259.605683
268.780766
269.915422
262.480601
285.176463
256.104443
254.039909
262.124821
256.505300
287.467648
298.044610
289.577430
314.276176
278.280126
255.849718
264.294475
274.017116
271.504118
249.796676
286.795496
254.033431
267.851848
247.857347
282.774489
310.400743
281.746587
286.458151
301.300757
236.487210
288.527860
282.295779
277.747835
240.197060
266.223026
258.973211
332.340365
302.053212
296.618807
299.575323
289.913654
254.699006
278.973625
253.753875
285.572042
264.520405
278.944778
253.065181
279.725040
272.569434
319.692544
214.829137
237.925977
232.860969
286.517881
276.835478
301.306578
255.234952
255.254697
280.964231
294.892202
271.022647
309.202188
300.395644
275.687168
294.416559
330.135499
290.780712
256.395113
257.654859
284.849476
284.647771
238.685984
281.755966
302.961527
272.840155
296.397047
270.018910
266.878259
276.123652
288.451007
272.859074
327.023792
323.948920
260.792077
313.500274
309.923363
273.808254
283.195910
288.075329
250.851570
296.107415
245.461806
244.738858
294.500180
253.802658
283.828149
270.400835
234.081036
312.001942
231.246341
281.775276
284.728453
310.672110
229.614558
248.994861
266.736552
311.726467
287.047996
277.348658
244.416435
250.861575
274.014237
257.550456
272.369909
241.301034
276.283732
276.596203
325.332372
269.670011
257.877372
262.005152
290.035067
285.376083
273.463332
268.326284
257.409320
271.017518
306.111500
253.495941
300.086791
289.586898
274.037158
250.989468
275.607566
295.499917
282.287221
238.846540
238.695450
302.050100
272.754251
231.037797
299.092559
301.063328
301.431602
300.561650
243.939074
253.889067
265.069964
268.086569
243.463783
265.895317
299.181495
255.740249
259.866355
293.987738
278.589721
231.616452
259.819406
254.601033
301.875981
308.009788
224.245871
292.911769
263.247652
274.757923
240.179923
278.127240
271.033484
296.715206
265.549856
287.020375
294.327153
282.876508
260.187446
289.616574
290.602064
280.297375
262.851389
256.907240
243.455240
273.230398
295.824094
252.293912
256.914224
280.594240
289.721099
277.634772
257.606519
251.857722
277.784969
267.557581
297.125420
258.503929
283.798783
254.698004
288.946576
257.736721
278.519347
288.891448
292.289299
314.950585
277.557237
282.171245
290.512158
271.935407
274.828414
336.096560
245.768748
295.629653
270.707972
255.387132
274.330095
301.893098
297.831545
273.582448
291.307392
233.393586
270.103800
255.888510
303.750498
259.050422
251.981403
307.386252
273.682348
278.164196
279.959179
235.756430
309.137960
245.350635
288.525472
307.949043
275.317414
259.343185
287.440809
282.701615
253.489400
310.672595
260.022811
245.782321
278.861937
276.692420
302.631138
303.985783
315.145905
236.109802
272.554826
329.643122
259.791974
251.036255
287.747096
290.808089
260.308774
290.967180
238.838940
296.273701
303.228629
255.302164
293.903073
297.669481
292.787558
259.819953
290.137835
243.571870
309.032173
239.149640
312.102426
267.562082
262.014232
284.821913
281.285177
278.881118
275.215987
303.812128
250.791495
277.535381
273.127276
277.265172
271.399013
291.834499
256.592051
310.357548
279.953072
246.026192
310.854377
253.616775
213.513511
315.084571
244.671489
274.976311
279.950657
283.674996
224.979038
302.927473
260.069808
294.222572
305.006423
259.212202
287.112840
236.151444
344.959796
296.648422
293.500639
285.879310
292.224177
249.728735
265.117806
302.741466
308.566840
304.444476
281.407924
275.335528
294.341285
264.401022
298.988521
255.568009
286.851189
304.214572
268.264284
287.758680
293.770220
276.693028
300.235039
323.364368
273.132675
303.335795
224.000370
241.724169
256.229374
261.202166
306.041755
280.734519
271.974010
312.999030
236.240220
245.067332
280.050772
248.995992
230.016249
245.916965
295.673569
326.591448
232.737680
320.522644
259.797190
291.649981
285.737536
273.571230
295.373039
282.932487
300.567166
300.193097
292.307708
244.311732
223.544802
250.650772
294.853743
281.015353
299.963919
231.366470
298.848443
279.624351
280.306122
238.446431
264.375342
288.299482
315.830306
266.194199
297.140484
260.253884
267.545840
286.340509
315.013483
244.394183
317.697224
282.329396
261.638200
255.402050
227.769195
287.711580
255.807313
271.333791
290.366473
288.458303
295.482916
285.165604
288.803840
231.289569
321.881512
281.398190
285.425410
246.928343
262.779953
294.398567
222.684658
308.527434
225.504736
292.677003
243.479345
242.597960
263.820062
264.241596
295.153811
290.320940
306.396070
294.867919
261.181697
268.954295
275.691231
275.757125
264.299518
289.720269
268.339298
256.844234
324.370165
286.521555
211.254882
256.580079
252.562868
276.436258
315.150015
269.665819
291.716165
256.817961
248.640948
276.336876
267.786275
299.514556
269.461007
289.374346
284.627294
233.056135
282.283449
276.972957
272.173590
297.588390
311.998528
280.314561
314.610210
267.671838
265.363988
256.531531
279.838089
306.339426
284.773441
257.952029
292.037855
243.050478
317.257043
303.256055
279.515103
262.193869
308.845044
263.304259
292.031640
307.200004
275.870696
301.803764
271.756678
306.060409
296.324042
284.481272
272.232312
287.865724
283.434966
304.566232
282.188219
312.758127
293.731863
270.219902
279.860450
251.543440
253.470888
238.704021
267.876988
247.204798
276.448703
298.528385
283.363894
295.641690
266.200310
284.402730
278.175573
269.774504
309.376075
249.274784
253.866031
249.931552
282.326107
270.684012
257.325443
275.327496
271.255764
324.195032
285.380445
306.514672
320.804321
299.078223
248.051913
266.371954
275.572217
275.186927
246.899422
282.394117
289.829491
286.162092
310.885331
218.388210
284.086337
305.994822
270.832139
289.420761
277.912349
315.941401
296.830281
300.654443
236.243539
285.295077
269.980763
281.727367
307.524049
275.382188
285.288735
266.004279
245.545286
263.738086
307.450327
300.246324
260.589975
275.382895
271.452806
287.806564
294.426371
325.574923
256.564358
296.095045
276.671672
227.596803
248.908076
221.415385
297.392716
255.751550
278.660928
297.723138
250.719470
245.004210
283.395269
296.110762
242.348197
260.153424
302.442524
283.003454
290.324274
247.188395
248.103461
248.687203
303.615140
260.497501
281.257932
290.055488
314.364369
262.239346
292.448279
229.323782
286.472871
255.081094
276.965774
282.314523
308.397716
284.406442
283.738379
272.568212
301.401273
284.120230
281.659802
296.775094
272.064709
299.358425
301.708707
261.719355
296.066394
265.721009
258.977048
257.680993
257.719859
271.134112
287.260712
254.175573
279.496286
320.199147
236.814206
298.164506
230.262731
268.435069
255.890073
275.406169
312.868557
244.297961
279.591836
241.609934
330.686632
287.513253
264.679527
245.957764
312.172474
279.772063
269.839302
298.026802
244.363266
305.955357
244.842785
228.033579
287.049984
306.618665
294.658497
288.877526
277.689967
316.095018
251.694921
264.736316
325.768215
290.167097
313.028724
237.616715
297.975922
271.611856
252.489731
276.821933
263.436067
266.579295
272.411485
259.652514
288.897557
275.863049
235.083507
295.516897
264.642273
264.650549
276.709949
281.242675
309.454164
247.294852
285.781993
298.465140
304.992333
284.814633
270.457915
270.340407
264.449129
287.753435
291.601873
280.722428
256.658577
323.172149
308.282716
283.744058
222.421203
292.749644
272.335756
278.129143
256.827998
256.493652
235.266761
247.630765
272.434933
289.430253
291.205730
320.475722
296.709276
264.282893
307.559202
263.999376
318.443433
246.565409
280.633138
333.424265
278.292117
303.554002
290.472087
293.547249
285.396488
249.737229
263.043066
264.708597
251.963662
305.861134
287.170662
275.839154
328.092798
287.645992
287.525532
271.483768
287.478038
260.412755
303.029542
247.139882
300.899599
280.021331
263.847779
277.607110
311.297538
307.463947
237.175903
238.393714
279.357264
272.911161
291.393817
295.584822
291.767499
301.192522
266.278217
273.655715
261.096294
317.263176
275.151761
258.837457
288.183547
235.712095
311.209106
254.414456
292.410639
286.515917
256.109433
286.594295
229.927608
283.274482
226.816377
303.507944
314.150410
232.657360
246.782127
273.567040
298.392079
256.484915
261.194524
288.325090
304.107023
244.869075
295.355718
275.830924
245.532749
299.128960
269.684574
253.956489
291.741096
303.219301
277.578612
281.921471
269.084503
228.300448
245.236962
277.525094
267.599268
263.249838
263.062869
262.488047
220.425316
279.472381
270.746494
296.157986
290.645750
261.024929
262.974764
292.398099
276.544466
249.813968
269.538602
291.190910
228.109152
284.141263
248.701680
273.890098
281.693823
278.369376
280.079487
289.318445
290.171656
264.847280
267.266541
261.479154
291.465658
315.036919
300.153627
259.012224
269.068808
267.670743
234.580820
259.299277
240.499581
284.416332
288.632332
295.135040
297.234153
276.666766
294.794291
260.621157
260.011094
292.760496
285.913294
243.420573
247.816039
278.052312
277.923923
299.482762
261.452685
210.962643
302.519792
277.367676
292.577183
245.514987
247.247013
260.653884
301.825883
292.410294
251.622843
291.950778
267.825517
268.042132
268.900663
317.538938
264.186444
280.915392
221.133362
309.237041
277.794695
312.897095
270.770884
291.141327
234.453276
263.933413
289.153456
305.379604
268.651884
291.402758
257.540419
233.024216
246.737641
279.894453
260.404222
282.191741
268.426018
276.939576
237.585682
291.020323
276.765882
221.144509
250.549257
278.565726
294.418814
311.290521
239.820359
304.938571
292.312849
281.171314
281.286411
302.232065
291.947277
281.157033
287.040074
300.055962
300.657887
261.768835
244.563688
270.121355
277.431113
297.010526
277.659595
220.449150
270.131796
265.436491
265.747156
247.955118
307.571743
288.732638
266.280193
280.549313
249.900312
300.836483
309.303188
293.127975
279.069215
274.798399
264.168019
257.844260
299.501716
244.151591
245.941024
287.694244
289.795227
313.318139
250.359479
285.715819
261.099739
266.794781
247.721570
217.195417
253.268413
254.969077
286.403916
230.530895
284.638093
263.642060
291.145254
304.484989
264.939787
233.772968
269.318547
289.203967
287.625207
319.519221
296.979239
315.168913
280.313662
289.771874
258.366506
288.855665
291.644777
257.027598
282.702082
265.990448
243.493288
272.818342
238.374007
294.002801
285.652259
301.648416
276.368148
301.233936
314.128249
286.445555
300.510426
244.632338
259.736448
272.973980
263.972906
261.478694
242.839179
297.786384
261.723151
260.834236
282.452886
288.186566
245.323537
234.585609
315.790895
302.690120
238.108978
228.833918
254.763847
267.271500
321.223588
274.806822
289.178259
283.804058
296.819226
282.830794
266.040090
253.412169
235.736693
269.790230
277.045916
290.510370
292.893419
276.368943
269.604147
311.375991
195.666635
309.263899
276.479564
261.360322
278.086381
285.278110
296.193738
290.101802
293.138046
324.754914
276.161640
279.461919
270.914434
308.646406
249.353631
249.204889
296.696465
280.554001
274.637777
237.367550
281.571360
304.637909
276.250687
296.407612
275.259028
245.915368
290.444893
270.882653
279.159420
281.251984
303.416211
275.853704
253.129944
304.451669
296.000720
244.619102
283.021677
245.536756
245.658006
270.688634
273.276192
290.381714
284.059575
225.610593
265.281761
315.946343
298.500471
281.860709
284.906320
276.438464
271.409394
226.743919
300.494818
254.875198
248.411775
285.383728
286.557357
256.262136
283.628682
280.049456
288.124428
253.246753
296.484552
253.188141
305.824645
266.204973
301.072190
235.090706
276.363165
294.554002
260.413779
305.822979
261.228199
275.333790
277.608169
279.235953
301.238271
312.541637
273.007591
236.470937
278.469852
320.530674
270.009513
266.044456
299.607787
239.022860
244.583683
251.344486
290.736826
261.486194
303.748106
293.193366
281.001064
257.821984
289.585770
300.327783
283.741049
287.360757
280.640701
262.011021
282.313444
261.398796
285.159777
253.087685
280.084879
278.620757
247.030929
270.722257
287.373904
281.434655
242.665145
329.832713
260.040732
227.969201
267.315246
225.841678
279.151721
283.330023
263.948460
300.721859
303.249957
269.069933
277.199215
290.345665
296.551655
245.878053
271.216551
295.277686
239.763116
276.373074
242.049962
299.845731
299.588975
307.320886
268.369844
234.413088
304.548513
257.516842
309.196799
271.196461
262.094366
336.530964
309.647322
282.414547
272.331489
267.245775
255.226863
256.134393
325.411937
214.791592
265.843489
295.683426
268.418898
312.487937
274.711404
290.227861
272.739162
264.666211
311.440909
253.788731
241.909798
266.667658
238.983877
278.356919
285.531654
258.054082
274.503451
234.241393
248.507574
261.972773
292.117223
290.342954
261.882305
252.889060
271.413924
255.245448
296.705713
256.470551
292.100306
288.860987
256.219976
310.355934
258.631289
267.912652
244.920700
292.815934
288.349979
255.333322
281.266658
294.112883
252.330271
289.944476
298.579272
293.173128
289.451048
295.157540
291.701624
284.105298
265.333791
307.822535
294.080588
296.881693
306.944612
255.814713
282.788489
299.271998
269.385362
308.865506
255.904815
289.598494
296.789164
262.227083
294.840910
282.451446
283.807888
260.675876
262.812985
249.742910
279.460953
241.231304
232.003020
325.658142
269.718566
299.002675
319.588203
309.852617
241.588935
277.892062
266.925820
282.018850
280.178582
232.024841
294.081786
271.368376
254.186090
287.682740
313.172415
282.887503
282.253456
240.424184
249.669106
217.457755
235.554663
259.755107
312.367332
275.428631
277.198302
298.848091
289.292047
324.112055
297.749541
274.604254
250.665695
288.444225
224.477864
275.851212
243.884369
283.223268
250.537904
281.141255
261.599011
282.620265
299.037015
273.897926
276.088975
272.323722
313.161711
280.482022
242.698708
303.494465
257.931392
295.993875
286.018308
251.042367
256.851061
285.471370
302.426027
279.461236
247.608295
279.748730
284.687413
293.067461
285.610609
280.939494
266.690002
288.931999
299.723593
275.329645
256.563016
257.500145
305.216992
308.361075
303.010867
297.524480
286.237487
272.025837
271.209675
302.428198
269.027371
254.716984
305.112375
253.418266
306.581023
257.852672
245.367226
298.225551
258.440644
258.476458
296.410458
244.366058
287.629811
274.244546
248.673457
268.164537
319.273027
279.121627
311.380077
319.244699
271.987381
264.316953
230.936040
269.295757
276.282023
284.954209
276.769886
264.183201
281.073081
294.877833
233.624252
268.870764
246.324029
306.977838
280.981570
280.315348
312.007118
290.192567
281.203164
246.274985
305.319627
252.340501
257.440735
279.755469
230.983201
283.310499
261.453509
237.058121
244.119723
243.873087
252.011954
259.337402
279.070003
268.850273
277.446817
324.063346
263.489422
296.100170
238.168348
261.840350
243.490640
268.978189
264.082018
309.260748
265.112204
298.901816
271.298443
239.143348
260.381350
238.198679
262.907550
303.072568
235.497816
266.419823
295.831989
293.642078
311.110074
296.441856
282.531512
274.281665
258.706865
275.832237
293.985671
283.444764
291.794092
220.180158
257.746327
293.418486
299.728330
261.709384
285.886954
288.737865
240.192470
274.848959
268.413569
275.496948
323.386052
253.477484
299.107875
245.440622
268.506326
303.738353
287.084247
262.079078
299.095013
278.397940
280.898697
290.164546
258.257240
282.059357
250.429267
285.663887
280.299719
286.506574
277.086377
268.300309
272.532645
288.259475
289.488218
288.200718
236.889698
263.112464
293.680473
306.206665
288.695682
292.287409
299.186082
291.119226
273.832264
254.422430
250.354582
288.478814
288.853046
253.117478
312.731554
326.230872
304.578131
293.278935
274.831338
283.645570
239.676472
254.957543
272.153140
289.213349
257.403182
315.341919
299.539390
249.629163
243.957441
288.955426
284.590949
259.780074
278.285576
255.018445
311.519376
273.938324
242.435264
288.245479
268.500517
304.015879
287.078556
287.783762
253.135350
262.862786
244.800747
316.468083
291.730520
307.234535
297.354755
306.389060
275.758896
234.527803
325.310419
229.805563
239.194314
322.619798
264.869957
245.350009
266.000616
267.704537
313.414389
256.629354
301.972694
269.956826
302.579989
277.016915
265.027475
275.552025
273.957801
261.362099
237.428627
265.871026
265.845230
273.673080
282.143593
261.024524
233.471111
286.124984
253.257294
235.147375
265.501996
230.245930
266.378833
291.225305
325.074016
269.420627
261.650689
304.360198
288.724735
254.108172
268.108760
301.155860
309.663827
264.413923
209.084804
215.927873
249.745510
224.410769
299.610595
286.130767
266.463742
261.788254
294.666183
332.011350
263.874287
260.399273
259.497540
272.367965
258.241461
279.986473
305.595998
281.685443
286.550995
294.970769
261.321570
257.359065
278.754053
236.330552
255.419858
278.830949
275.087553
332.863464
236.286120
251.616838
254.305319
245.015771
254.105247
264.718771
251.609329
288.985056
246.462618
264.415397
247.542528
253.030685
302.833284
274.654708
260.120630
278.713919
296.549522
304.962205
304.435077
237.667357
294.466537
270.084385
273.261919
296.652115
262.459184
201.610647
242.971245
325.479116
275.110399
284.891810
265.249857
257.534202
273.422045
257.063422
318.690487
275.403510
246.487222
223.248044
261.589167
252.844826
318.576252
261.091694
248.971453
290.346246
262.788876
281.161975
303.973724
285.141630
298.871148
270.262560
275.891722
289.871904
246.417760
302.334995
312.004261
299.842998
299.354535
289.813078
249.409899
255.965977
288.757384
250.726192
305.261423
278.960825
267.991844
251.131106
317.330192
261.392810
270.131358
259.324966
278.682818
262.390457
226.895707
291.782453
249.155289
260.684518
330.049099
280.597687
307.727474
272.047783
270.928316
272.071318
274.366417
261.891881
310.221885
258.839294
280.992211
277.622216
290.102634
285.343188
247.564981
283.086267
276.687613
256.517756
315.816263
320.331236
249.915703
289.191147
276.482858
251.372707
287.493228
288.875337
251.289139
265.735445
281.988492
253.874099
338.459337
273.116972
254.853348
244.709420
285.162532
286.157233
286.825640
308.740200
286.462301
242.922749
263.200574
273.365263
262.160944
291.487181
294.345711
249.675235
297.886400
267.587176
257.604497
271.753599
306.731350
284.591287
320.081244
252.269210
301.130865
289.238147
283.928607
281.608969
292.178895
268.605048
320.007517
280.532204
275.051308
252.228658
288.180621
262.587741
308.076292
