2.592923
3.375733
12.137587
23.106863
23.471345
19.868280
19.070977
16.110362
15.349999
12.100513
2.844075
7.135246
6.954602
12.149178
4.444843
21.239111
9.401359
20.800126
13.903443
7.799643
17.577248
1.437611
13.289178
24.341973
17.303708
22.700802
11.412861
15.374199
15.520500
24.633712
31.155905
1.053703
6.715036
10.377271
3.138295
20.312607
6.997518
11.833145
10.722090
8.779999
22.652359
1.011621
6.726761
25.906096
9.553313
16.359540
5.707561
6.858752
13.412571
6.796990
1.643342
20.529629
17.995164
20.453711
0.641550
14.323354
17.771557
19.337798
7.039066
1.813655
2.290064
19.984866
2.355691
21.198687
3.163020
20.707730
5.579072
6.021027
2.879667
17.528483
10.717408
18.873551
24.043200
14.969262
12.814752
12.997790
10.844643
9.548367
12.540381
17.328949
11.118878
13.384524
2.891186
8.871681
5.056434
7.662328
0.758089
17.416663
4.706834
24.839728
11.029514
17.551709
29.772573
14.300858
23.418159
16.687713
4.943828
6.344311
4.952153
20.085360
4.734440
24.099917
0.894701
12.587719
12.099234
11.708214
5.553173
8.388276
4.221803
12.381085
16.302606
7.735979
1.861261
6.498835
5.556031
12.870622
6.425273
20.188213
8.389082
10.164910
17.855518
2.762648
24.068518
8.432684
24.093007
17.729203
17.769925
26.819705
20.138058
10.574011
6.182369
19.220655
23.295376
1.661184
25.097768
10.335793
22.868385
21.157284
6.216372
9.400652
5.605763
10.489758
12.354844
7.438328
14.665260
5.983496
3.684065
11.810775
21.692783
27.703783
21.870130
3.657468
3.211872
11.437043
2.200156
25.858068
8.062525
14.490772
18.366995
15.060602
6.653540
24.841919
19.670767
15.444646
7.861437
17.672382
1.599956
14.992318
19.132627
17.296045
5.559299
19.287930
23.931485
15.267098
13.259863
19.363334
11.927582
25.258906
3.405850
15.198622
14.665351
23.286584
5.337888
16.006955
5.813938
16.904851
11.258268
4.615683
4.035098
14.120260
16.255599
0.819849
5.028978
11.647554
5.557808
7.115096
15.314888
0.381347
9.051561
9.394324
6.628428
17.050563
4.893296
14.689746
3.213928
21.419186
10.861956
20.147281
8.929895
3.446616
9.349197
4.604326
0.056396
13.766536
18.683689
14.369083
7.614925
3.111853
12.079517
17.147112
7.790255
15.379367
6.667881
7.717782
19.440658
24.598894
9.362931
23.427819
4.114749
19.832404
12.169522
16.489223
5.102452
16.473679
14.531307
17.901383
9.889703
13.450263
11.589935
1.819338
16.892613
15.215478
10.751591
15.490601
9.779916
11.791104
16.930700
0.078426
25.901694
3.626553
16.884809
8.642283
19.316952
5.070300
16.010538
12.910459
3.730166
13.590558
16.560383
15.260622
16.492000
7.787947
0.157491
13.426457
10.191278
22.978657
14.551228
12.317638
8.747890
8.751056
17.993619
9.710970
15.281878
9.270379
5.652940
5.699689
9.994300
25.303244
17.836216
9.655122
8.212918
20.888942
12.280060
9.513431
12.191199
11.414623
10.524619
6.231255
6.139079
13.993368
17.275569
10.878042
19.339481
4.358046
18.510835
14.981731
9.430008
1.136367
25.140678
6.605575
19.650074
11.814115
12.249817
6.448841
18.673284
12.945952
1.421321
2.000256
9.226032
0.690990
24.267697
14.532826
11.868101
15.169070
21.785233
0.940514
5.422302
13.938461
16.609016
3.822450
13.429200
15.933474
9.162350
7.599686
0.736568
18.738261
18.201944
8.935277
15.587995
9.754208
13.217147
7.121621
6.809088
0.693302
21.720835
9.030772
8.211269
23.065329
15.714453
5.545224
22.794818
14.308322
4.933474
10.527678
19.264309
14.935098
4.279634
13.986550
10.645484
13.301731
13.586078
23.549768
3.079148
10.442339
10.634702
5.273332
3.158339
13.993233
3.187639
9.216587
12.217263
10.584556
2.822103
14.414209
0.630530
16.054279
19.798574
5.970424
5.601863
21.743821
10.254194
9.835125
4.226241
7.163841
19.135106
5.350670
22.743682
15.545370
11.629238
14.423392
0.876345
19.003025
0.076739
23.593890
11.105027
17.215404
9.153379
5.000966
26.450906
9.935503
18.692150
19.132639
12.515864
21.478112
19.644278
7.085216
14.974762
11.237364
16.503477
2.068096
21.765525
13.399389
9.130903
12.458910
11.519420
22.679153
16.502912
2.834976
17.310370
17.379723
12.382581
22.516248
19.026408
17.060411
16.099071
15.512161
8.532161
14.726717
11.387237
20.006338
23.901160
22.606415
17.750008
19.600004
25.718461
18.445725
9.898240
1.663612
21.619979
22.923821
10.724943
6.091020
15.040947
4.869516
2.676158
2.491879
7.144509
7.105049
2.123537
22.399195
11.065093
25.269427
15.481684
2.376088
19.292951
1.333851
13.329772
7.566038
25.799518
13.813489
8.099039
22.108392
8.232023
19.876974
3.699448
2.168655
7.778114
10.692498
8.637380
16.981792
6.948948
13.887684
14.911487
8.797598
7.013288
11.419071
13.721566
5.261259
32.394385
9.777099
7.417186
10.981249
14.420433
8.932331
20.562776
9.077241
17.962551
22.137017
6.477167
19.312326
16.789258
8.047294
2.566747
15.621160
10.588603
21.849619
8.226054
16.931168
8.577137
19.627254
7.658799
6.001269
17.758503
22.725571
22.581742
3.993666
17.367143
6.134789
4.544034
18.058034
21.771164
15.379268
7.434486
15.313560
3.554645
4.379727
5.872005
9.833424
9.719860
15.545542
11.456510
5.838311
7.185494
18.691868
14.402042
12.273870
27.318172
24.828191
8.948406
7.652716
7.937874
19.920950
18.285405
9.571059
0.895501
15.701091
16.694483
14.139806
9.020047
17.713493
6.080854
21.300541
7.001832
12.094349
10.958379
15.042745
5.590521
2.061393
5.020209
21.539690
7.585644
12.731238
3.458377
20.987519
8.428166
19.071678
10.535988
24.938197
22.325710
1.235016
19.084358
20.867629
13.780808
7.045292
0.448411
14.604293
1.268960
2.893540
11.363912
1.492459
7.084590
5.820722
4.318116
14.597792
17.122709
21.591545
9.470732
15.618805
1.429037
25.516821
9.723039
13.718141
19.432552
2.345480
5.965382
10.488368
15.507861
13.000517
9.557005
4.506636
10.689706
17.227123
8.917678
13.036886
14.682225
19.732205
13.559551
9.720167
13.723575
0.766307
15.575836
22.861274
9.077139
18.946819
16.260073
17.397082
19.394283
14.302338
13.136385
22.352885
16.439988
15.857045
19.010961
23.348536
18.868242
10.614861
13.451860
16.473958
1.693188
9.111388
21.909795
15.311188
4.128398
4.617688
1.031056
14.529782
2.356497
8.398879
1.214646
13.192473
2.860904
17.719457
12.393683
20.765822
10.831511
1.213762
25.686260
24.869732
6.343943
11.824113
6.350437
26.502696
14.796858
0.525745
27.999065
3.714865
20.291953
12.993871
11.369404
9.127474
19.793627
17.763038
7.535145
11.364654
21.770104
3.687802
12.347979
20.101355
14.960744
0.600529
10.278947
12.004539
0.010698
5.565972
12.658564
13.567371
12.786425
8.456097
4.641726
1.994564
23.413761
16.169950
18.281405
18.391505
12.506287
12.623034
17.463808
14.829887
6.654278
16.916563
27.444996
24.675605
22.437731
5.076881
1.822590
14.814867
12.495901
1.194305
25.072426
11.441436
14.476564
17.869190
2.855629
5.304473
12.600772
15.812244
16.471773
15.877166
15.060074
24.755985
10.555628
3.321311
25.185449
2.535834
9.300902
8.446637
7.847774
6.680476
25.623108
24.932410
9.362415
21.433804
15.172034
19.785712
18.249040
19.552439
11.786174
3.681251
9.389050
7.091148
14.362708
7.676810
11.462101
7.201572
9.423336
6.638925
14.306959
13.735698
7.240449
20.481537
13.897001
17.957946
19.856474
6.474748
23.509736
12.051821
9.398507
19.630933
18.223432
15.225345
17.664295
10.231097
24.933082
6.903708
14.394508
9.990398
6.098624
16.169738
13.709629
8.953867
11.100623
10.879114
20.101651
0.050231
11.347020
12.692957
12.539571
9.398945
8.209220
16.857227
14.360046
12.228401
20.144846
21.393825
2.543011
22.130645
1.888696
21.184431
21.665059
13.257875
24.249188
10.348365
8.973982
13.921183
21.195602
18.266595
20.500602
18.618647
7.731167
11.294061
16.230547
9.286388
2.802605
17.412973
26.142103
19.401438
5.538121
4.921057
13.605600
10.777081
28.176711
12.161226
15.570785
16.738939
14.801539
10.506585
26.780473
8.643418
20.875916
9.257205
13.336821
12.328060
11.475159
9.577347
13.235862
14.618768
7.808981
10.066828
3.964334
28.787891
7.972217
7.552508
10.854904
11.827524
14.895365
12.018423
11.286599
20.073551
10.356071
9.342626
15.154720
8.640555
9.367548
6.047974
2.272374
18.080642
2.742164
2.814231
11.236011
1.350893
14.412017
16.189287
17.444767
1.726436
21.243060
16.852494
0.218213
17.420388
8.744649
9.950610
10.650686
6.985156
13.508533
9.440525
6.852673
16.063010
6.486044
23.759914
12.875698
12.489617
20.509499
22.579236
18.614800
11.581075
2.990787
22.082479
23.477941
16.439847
12.498429
24.543931
7.008966
4.175774
13.274097
22.166349
3.632594
21.735176
7.050759
18.518744
12.648574
9.079652
16.036861
11.702018
11.367228
24.898468
7.056883
21.340151
4.278800
5.672620
10.654165
7.813471
14.253061
13.522685
0.512972
0.337249
23.632554
15.997977
1.051456
13.209427
9.482473
16.021785
12.931838
9.820731
27.882852
1.716395
5.526630
9.202273
6.624713
15.881771
5.781900
18.282728
21.665504
22.997253
11.377659
8.899551
24.066598
18.595387
8.327118
22.474963
7.304150
26.425462
17.469421
20.172226
26.890822
21.242365
16.221831
20.294350
13.313690
10.014618
3.173908
20.809905
8.324168
9.873412
12.821221
11.599339
11.263200
11.977015
10.967852
8.422205
15.509812
15.772241
8.717201
18.993191
6.114744
7.594973
11.757584
14.595649
3.864151
21.911632
24.418446
6.278145
24.404045
10.240255
7.807922
11.226387
6.347243
15.087190
12.354534
8.031925
13.168311
20.972482
19.881491
22.765903
13.301130
16.676480
9.821463
16.918574
3.299316
30.173834
29.175595
0.103113
10.516763
11.179410
12.886386
6.636415
16.660346
21.244436
1.324274
20.603185
26.555246
10.837913
12.295855
13.896940
22.759789
12.976741
15.643671
9.145425
18.070142
7.174878
25.104786
7.638734
7.995251
13.587968
12.340769
5.006998
10.399239
17.242408
18.025805
9.741977
3.517790
7.464741
19.381215
22.032558
14.201931
25.529736
3.520878
7.856249
0.629893
10.680893
22.529117
13.781325
19.482869
0.303110
23.694636
10.797058
9.590193
19.195571
9.201496
1.466675
16.906279
13.813256
21.351389
15.778062
12.064434
20.399310
4.837146
17.514850
26.765265
6.551218
16.233924
12.929145
16.778502
11.688619
13.039498
9.086106
12.717447
8.626465
10.354210
25.049752
20.733271
23.489430
9.406077
19.850916
14.099093
0.677396
22.392400
27.408123
14.318614
0.532380
19.819083
5.317765
13.057211
26.430394
10.637270
27.769419
3.447943
8.902165
14.318854
0.222126
24.595228
16.587157
16.206290
0.415810
23.128423
5.285362
19.840379
3.582413
10.526376
13.778417
6.424082
4.630942
22.832771
12.867762
7.872056
22.556074
14.316950
21.989358
12.759369
8.802016
12.353916
4.378341
24.850425
0.987725
20.569252
23.806496
15.198888
18.633621
6.593540
5.339340
7.747237
13.059325
19.090117
20.082866
30.665578
3.647228
10.977578
5.963990
10.768246
5.280429
8.905678
5.216257
20.685688
18.973833
20.120376
2.602565
1.254459
17.535933
6.269050
10.768787
10.529521
18.567293
19.173944
20.926465
0.266186
22.615639
2.096397
10.834706
21.546474
5.756695
8.342893
1.624393
10.596389
0.568286
17.768577
6.718060
8.096338
6.096562
12.095331
7.319194
8.921869
0.528830
4.389134
24.638121
7.985309
14.748418
18.029743
16.489683
8.039903
5.868870
9.862861
5.593109
3.725926
12.406736
21.501036
17.964276
12.003342
27.082634
20.096800
11.745476
10.713484
3.393106
22.659368
16.389349
6.975514
7.027029
22.758095
16.141895
4.758443
12.214959
12.933504
12.568545
17.505860
2.641988
18.385600
6.595702
13.360117
7.630684
11.507785
1.846131
6.248608
5.825971
12.371360
13.288088
24.118708
5.932378
18.970456
24.137897
0.483882
17.817239
4.676530
10.400995
25.324378
13.284203
18.225823
3.928884
15.099110
6.069226
19.927338
9.950423
10.069899
6.203737
6.752402
11.880946
11.644884
13.713731
1.248392
23.668317
19.404029
25.502137
23.985263
19.646770
5.091996
13.978140
18.116634
3.283215
14.266504
3.833404
17.029316
9.652128
14.806233
26.961703
10.213674
17.246416
17.251814
13.732709
25.097791
22.452148
21.813116
8.368983
5.794449
9.565211
9.296088
7.866946
4.321040
11.963099
6.051915
6.901045
8.351545
6.960727
11.125295
18.470589
11.890624
20.705020
8.516396
8.603689
20.281778
25.595910
29.476939
20.732808
7.308593
9.884724
11.964679
18.044394
8.098098
20.532780
2.605296
13.276679
12.467303
23.172730
2.833391
20.745090
19.187738
4.784920
7.777203
14.946783
4.016187
13.557994
12.273112
18.645411
16.739861
12.758700
24.463188
2.985617
12.271530
7.893846
3.301204
27.602977
3.194540
18.301025
18.812197
3.813633
3.311643
18.128275
20.820011
8.849153
18.079218
17.207687
9.102578
1.728221
4.179318
19.972093
4.740358
14.399588
22.305422
16.226818
25.307904
7.873974
16.421507
11.507513
10.267564
6.329428
18.173035
9.301868
0.825900
3.829898
15.084687
2.813908
0.517140
5.814595
7.444633
11.640187
22.757663
9.477074
16.385641
4.038890
3.484692
2.041424
2.421973
22.702468
9.259308
24.285626
5.680458
18.561252
3.237257
7.296236
15.290292
27.291434
6.201725
12.783803
4.012291
17.275553
6.366133
12.802650
18.982892
11.408617
8.400328
8.849738
19.648193
17.574399
5.947813
11.722886
13.397706
17.494239
8.672974
17.126744
0.108633
1.220057
0.568315
9.097372
19.181433
18.812953
17.040880
29.750340
21.708467
15.095735
12.442826
25.338848
14.525706
20.936858
17.828233
15.755206
7.478436
18.073758
18.789555
11.452182
4.502213
9.830280
6.834388
14.602136
4.430765
4.615362
6.674562
11.648348
13.263725
13.859762
12.840683
14.625642
5.601226
6.870768
0.750809
15.304759
5.593047
7.046312
20.600912
1.713777
2.921760
16.578009
21.926943
12.741395
5.955760
8.869721
10.007950
9.363801
3.519342
15.445079
9.918859
15.405833
1.692116
3.745007
4.248371
25.980467
15.272136
17.197036
27.393304
1.649484
19.810602
2.444835
7.345122
12.632202
0.722601
7.964177
21.824075
21.233501
7.997724
9.951293
9.403763
10.906036
15.996213
4.670451
21.447211
8.598798
19.291415
0.972699
11.498718
17.890169
10.067517
