25.878050
19.354289
27.904015
21.455927
16.465973
29.039371
25.156008
28.126934
28.178353
28.897591
18.913539
14.280150
22.065298
30.414727
24.585000
23.359405
26.051299
28.684742
36.224458
8.501274
17.865549
23.958876
18.253829
34.507697
15.441284
19.697561
23.681092
21.856920
24.040687
11.328954
16.914950
28.010909
42.740887
30.801296
26.427149
14.819887
28.172465
28.053734
27.996881
40.050576
35.554833
30.391197
17.958264
28.217451
41.644057
31.218272
24.535935
28.654176
30.611078
13.439490
33.981589
28.270574
20.620939
29.552211
16.439242
13.735200
39.659750
26.939202
37.289654
23.661365
29.465549
36.307357
31.053248
7.377094
38.110313
19.723340
35.762899
25.389794
32.993877
25.388977
18.575676
34.685223
24.253805
30.298450
25.531305
11.708932
9.416931
19.253799
21.969210
32.665374
23.009072
22.650567
40.794059
37.046397
18.725146
27.321916
33.920524
31.195130
16.158155
22.380951
38.323153
22.329858
42.658194
24.664873
26.630238
19.595001
21.422356
22.526700
19.288332
17.144733
24.800801
37.144524
29.978486
36.658420
25.452905
35.902207
30.578528
19.229057
20.169726
13.757162
35.506132
32.472498
20.923812
31.017570
19.961252
30.863920
35.751844
27.942524
22.671269
23.131173
34.197555
32.376210
28.588172
37.096774
24.066512
25.176390
18.669613
22.986013
24.122997
27.367112
30.567385
31.735727
18.811844
23.651053
31.997940
22.653048
35.189090
20.044220
25.327501
24.114416
17.547697
33.509490
23.625895
15.617168
30.630936
36.137711
16.681734
28.076127
25.932467
32.100501
13.820304
27.767098
17.632505
24.339959
23.030510
39.635778
13.429146
17.676521
27.161830
27.437807
25.491639
30.762171
20.263185
29.444534
20.079108
13.997360
16.709296
34.996889
20.922335
24.243595
25.975885
17.313891
29.198134
43.036732
24.993208
36.028993
24.330338
34.765578
37.612992
22.811518
28.217652
28.251618
23.338759
38.792266
25.087374
27.180493
27.551350
35.129071
20.518054
29.854217
38.905929
19.764135
18.663386
33.271459
19.112631
34.198797
29.884998
39.480111
28.473778
21.645784
29.812285
28.980166
19.494307
13.797159
28.578358
16.655018
22.908991
23.405065
22.630247
22.802978
24.090276
23.990264
32.590291
24.304962
29.313524
33.130411
30.107640
43.360480
34.398149
17.677463
33.671956
24.346764
30.767658
45.999966
25.930610
35.545609
31.889093
12.605552
15.050588
23.218183
25.013066
18.089157
20.431533
31.672798
26.037961
16.579547
13.265111
35.473184
19.650339
12.006932
42.131494
13.718695
22.233733
27.432816
24.768407
13.136508
46.665048
35.913376
29.260326
32.923461
42.024596
26.515489
25.043368
36.450490
42.947804
18.278288
26.713861
22.300036
29.314007
12.915304
29.882000
22.111687
11.918523
14.985953
25.543784
26.213393
14.414550
28.220395
16.272960
13.243550
36.251051
24.343976
29.212568
17.769663
29.367259
38.719479
20.781457
34.407887
30.841041
33.269115
33.897299
35.769768
16.430816
29.855289
26.011573
26.285148
26.045019
27.966027
19.435476
34.352094
44.706969
29.511898
24.267943
32.961332
20.195851
20.747027
24.084508
29.248245
29.812324
27.491718
29.766472
43.689648
18.844338
34.312539
18.108315
39.999386
18.006711
18.063272
29.705206
31.140426
33.905499
18.982734
35.899112
20.278019
21.048304
10.907723
19.364385
24.826137
26.851405
20.353490
30.320722
28.817144
42.438725
26.717368
18.265804
32.687770
30.286553
27.642449
29.823908
33.190719
41.927517
37.645773
30.919336
31.691327
28.727902
45.888831
21.095159
17.482256
18.355924
30.295096
20.653366
35.839728
23.840535
32.063222
26.109341
36.421552
24.965106
17.510703
35.694253
18.566322
22.402092
45.323005
22.221013
22.273313
11.732668
36.138860
32.636100
35.923688
30.879438
29.007346
20.973370
13.814742
24.870799
28.132835
27.310101
27.049735
38.757932
24.619436
36.916513
16.476725
24.976313
25.049107
29.057945
38.331183
12.392389
26.342866
36.362957
30.284229
23.787078
27.479563
33.979244
30.027958
30.021002
22.815487
29.778346
39.844286
21.999744
29.620926
27.570786
34.341480
26.749868
30.682592
23.793238
22.348005
26.751722
25.796601
39.134115
38.543641
25.714133
30.122390
18.877564
38.388481
30.855415
17.585893
12.951655
41.852398
17.776272
20.916420
16.124045
21.634562
26.125326
22.628644
24.502300
39.395273
21.901183
22.191540
25.007854
26.003060
36.507564
29.088280
33.538246
28.173783
22.344874
17.440063
28.099533
27.949802
37.323552
20.455159
34.370947
23.680844
37.317357
12.402186
29.930079
22.874838
18.894752
28.181879
37.817862
27.840210
23.566138
27.382457
20.735222
28.686654
26.849267
18.987285
27.671214
32.020029
21.712444
26.790547
27.492069
32.953934
30.528278
31.403998
32.428047
38.667549
28.098020
26.025691
15.983479
27.185163
31.535668
26.835216
20.797812
30.206833
24.688840
23.741361
16.318864
28.988566
20.615769
19.796152
23.009203
31.681878
15.623676
21.771975
24.694273
22.588186
32.305168
19.125190
29.821887
23.634723
40.079177
18.601230
27.490238
14.429574
33.450221
19.273796
19.949711
18.874569
32.233600
25.808422
21.491824
16.254483
17.730308
35.463961
25.635086
21.464327
35.418776
31.375521
24.931543
21.184638
31.985634
19.405483
28.057613
7.271487
38.978626
24.545717
26.732434
12.439686
21.143651
24.233516
28.215074
20.461369
17.213761
33.168801
19.255585
28.899638
14.533060
36.620252
42.896283
38.066120
44.129242
26.221604
15.946176
25.711408
23.330498
28.371775
25.841644
27.262689
23.901136
29.878371
24.418195
17.019044
20.122080
37.567600
40.682259
24.223931
19.355250
31.971116
18.874145
18.221645
32.787779
25.027347
13.707465
26.243868
35.117059
22.019294
12.718338
35.951420
25.727855
22.597548
18.465596
26.002644
12.145798
21.416889
45.558014
36.798512
36.840882
37.009983
22.216228
30.543836
39.137358
21.640906
35.043786
36.876106
48.271695
22.732920
43.493996
38.951690
20.369694
29.663445
23.998132
16.980581
30.443482
21.583878
31.877670
17.500087
30.271980
38.016242
20.230583
29.210027
23.439237
29.139372
39.563532
26.878633
16.455103
10.895670
12.107768
22.749263
28.152089
29.884745
25.517199
17.662202
24.955284
24.755607
24.620156
29.463413
29.732889
22.380461
43.300953
21.944357
37.607010
33.389018
22.289436
45.050227
28.377804
26.974767
31.169524
14.585775
27.491200
16.655358
25.606100
13.271643
15.700289
18.797115
43.954408
31.027063
20.155687
26.858548
30.633650
9.139363
44.490533
24.162455
26.822522
26.425459
18.383107
26.893986
17.696746
31.781357
26.681289
44.989122
26.134072
36.575496
35.085561
43.087430
23.434711
24.054106
16.702654
23.618493
31.148202
18.852406
27.475735
38.130332
18.753371
34.511969
31.027398
36.437521
13.879560
21.214527
42.422686
24.850126
34.604729
33.337709
34.668460
11.643891
29.423983
13.151985
19.224214
28.819867
36.785784
17.592262
37.677791
21.684307
22.864746
37.878663
24.052090
34.496589
36.837567
31.333568
27.958275
33.829742
38.950198
25.229012
30.390845
28.936952
34.925577
21.985568
26.441306
33.911579
25.598098
42.004726
28.896730
36.544768
21.003326
29.806117
37.970015
21.055956
44.942999
20.116943
30.150375
28.142710
29.919311
37.063585
27.309782
42.148103
23.391956
23.645160
41.492874
22.045873
36.295616
38.255961
31.211604
24.002640
33.306786
22.725385
24.807196
14.211148
28.994152
36.041305
33.141136
37.115269
23.732874
39.726076
19.349128
20.836997
33.132811
14.448930
25.605709
34.037613
20.356073
14.614356
24.503789
20.634613
40.435409
17.515334
32.701352
18.886052
27.762721
23.545689
20.531957
22.545124
31.832657
34.577372
32.921040
27.970862
25.807005
30.233653
24.409985
18.716402
30.405331
33.458556
17.689135
45.335336
32.543985
33.497378
25.477853
13.926880
33.054384
29.580235
30.584691
39.094304
21.546266
31.597678
34.752713
25.187924
53.778139
21.876040
21.255011
31.203970
30.097768
30.779412
33.576557
26.402368
48.755972
33.740798
23.624976
21.560128
14.407571
27.487049
26.962616
25.035080
24.665661
28.357460
24.266469
17.689869
30.970689
27.370133
27.949769
27.905694
28.537501
26.120687
29.274059
17.084181
31.501433
22.563622
30.736059
32.884499
22.010891
19.778202
42.732214
25.195367
37.750598
27.127182
22.092757
29.329996
35.302387
27.013158
23.840846
31.886204
23.580108
32.539882
29.243057
32.822155
10.968391
25.562678
24.984656
45.053428
37.373896
17.693041
23.192501
37.762630
27.995059
19.639023
24.792795
27.349198
31.138073
28.391876
41.004559
14.714340
29.129399
23.579697
36.489452
19.672743
34.146081
17.215940
33.627261
44.944046
16.593239
26.903289
20.181581
23.866959
30.638487
23.013532
23.447727
35.202223
22.639145
31.145459
38.869858
20.639324
30.321048
26.117615
16.458116
38.204515
27.410986
33.933303
21.439827
25.194088
25.232782
14.417081
13.438713
30.115165
34.588019
22.947518
13.863512
33.393156
23.167425
23.832071
31.154547
21.532767
9.997630
26.437613
20.826525
22.353921
18.431196
41.673920
22.321598
13.760721
29.627269
19.978032
23.154397
17.628860
30.483010
35.630016
15.256182
20.663289
24.954027
28.291261
31.148372
21.240811
34.382695
28.083907
23.739722
33.840988
23.220316
10.135419
14.518675
37.036248
17.689342
38.899830
30.356078
24.507402
28.617866
16.212842
12.644904
20.158121
26.130816
38.558984
11.269337
21.152170
34.608350
28.367133
23.083284
16.977500
20.331830
37.090511
47.848439
35.026194
24.135382
27.661756
18.654117
25.527943
33.151616
23.331043
19.512943
19.287681
22.293902
40.407484
37.101119
19.461883
25.629946
21.939355
35.677028
19.869487
16.951865
34.850097
37.689982
33.619146
35.797792
32.781117
32.921418
39.906827
28.228911
28.964355
33.171604
31.472937
40.678510
33.618036
25.952978
31.339484
14.599478
38.693811
35.735731
30.490656
36.820997
26.898893
26.007315
24.782864
23.806435
33.445418
21.642059
20.222554
37.125177
43.428141
12.389114
35.968381
34.712536
20.562255
24.799551
35.154371
27.891544
36.412355
34.438005
29.450578
18.543709
22.414463
26.948486
21.902598
13.525027
18.303258
15.501443
9.641574
28.743114
23.329575
33.296634
24.597846
38.569525
11.003303
24.898526
28.435549
38.053016
26.752236
33.353689
39.847456
36.253266
18.483305
22.376586
42.404551
18.061707
37.117873
17.490702
27.546741
23.410955
27.643967
34.047546
21.919995
32.767238
22.762857
30.444847
36.738684
28.631858
33.320480
22.669978
27.010916
12.716502
40.346004
19.729077
49.419397
21.255570
23.741622
31.342604
23.070104
18.704718
19.968603
41.775121
16.632095
39.031085
43.745556
23.804224
26.184121
30.767859
28.422037
20.503885
24.610069
30.339533
30.417327
20.435558
22.997601
30.958045
24.597039
15.566983
29.849873
21.554444
24.675830
36.326255
14.194830
32.735702
31.446764
28.184091
12.451939
34.734272
27.823177
19.743330
21.952016
23.563705
32.036762
17.681011
25.350302
32.600114
20.794272
25.722916
28.266210
31.178548
32.532114
29.218795
18.572635
15.276220
40.738565
21.973771
32.256712
23.348000
28.351266
31.228665
19.167744
30.959598
24.137650
17.686560
29.228982
16.546536
23.153773
40.686110
34.051670
24.997128
29.029081
34.518945
34.813271
31.117154
37.332132
38.943548
37.190133
20.472567
33.695634
33.366496
23.373688
11.785576
28.039377
14.426289
26.716810
22.715804
16.396289
11.561777
24.048572
38.989786
13.967148
20.204033
13.167745
24.223274
29.157404
16.635202
30.222691
25.929735
27.350831
16.993854
33.090717
39.799223
29.146462
24.683055
19.481965
35.955619
23.799736
22.951180
33.703046
33.697988
15.705961
24.539714
27.566511
23.480197
34.558815
36.540323
27.449827
21.730338
25.060420
36.917386
28.083154
25.563524
13.107200
23.958885
35.136043
21.718645
33.932543
26.553550
15.874369
27.525766
24.151681
28.260502
22.489878
29.844225
27.220241
18.621521
15.653141
20.901246
16.794090
28.376866
20.112532
19.653253
26.720008
17.224029
24.608187
27.489016
30.023279
24.510479
26.304804
22.369438
19.092655
23.530156
27.174267
19.341346
21.200243
27.058205
22.015480
37.576872
42.678398
23.450795
37.680381
17.628988
28.065538
22.290538
34.206842
20.506690
27.767196
35.460916
21.804663
25.343147
28.492256
25.536969
23.834407
30.744275
30.128300
42.699219
26.855326
31.853773
21.298516
26.010912
32.235849
33.833193
5.591286
18.613114
29.725064
29.441280
41.507217
12.386551
14.318019
28.981292
23.615965
33.754612
35.662363
29.583230
43.121556
27.132649
28.812343
26.490660
29.585795
27.300704
15.097354
25.194093
20.856229
25.021057
25.916790
28.832766
24.375449
19.011302
27.654587
28.902099
31.304381
19.096112
9.011455
27.105335
19.062800
28.739059
41.184501
24.088529
32.986762
14.937090
14.302949
30.477485
23.647772
28.821618
26.469287
32.369209
22.471825
17.488262
32.160345
24.697824
28.560863
17.481699
30.471777
30.593312
22.196402
26.955425
21.957817
45.461201
30.521916
31.157864
19.362005
39.548530
26.383467
35.376323
22.974653
34.855676
25.316911
27.772995
33.891236
26.941390
25.673204
20.609036
37.645583
34.627164
29.370578
32.400109
29.036614
21.052479
31.855819
33.423514
41.002673
23.036272
23.005262
25.647334
39.345854
31.723449
28.004579
10.800155
28.469667
36.927412
19.488644
29.804739
25.448749
22.588793
18.179393
20.269038
14.437321
21.163553
22.244186
21.267359
35.505317
20.958100
30.808527
22.444896
31.229077
32.747316
29.019630
35.594279
11.657547
29.199320
21.018273
24.103031
43.499490
41.451215
28.100721
26.430135
42.377140
37.565428
25.765341
19.229888
14.806036
28.044677
32.177065
27.706426
31.514729
22.367347
18.360133
17.303516
26.375536
37.829729
23.230888
18.671753
33.108269
33.608867
17.428053
25.716661
15.370088
35.013140
31.218273
32.268296
22.613912
37.958366
36.700901
17.112332
30.689913
19.552486
22.046778
35.982159
22.457719
30.152986
37.125530
22.912293
34.025547
18.406342
23.652862
45.005405
23.923024
9.356602
20.199432
40.262342
23.302959
20.713508
23.057972
26.615713
26.343985
18.603437
22.791232
34.977973
25.402703
24.264312
26.730982
30.241139
22.859287
15.801751
12.023627
40.314145
26.539980
22.370424
11.041431
21.481467
37.957771
41.631993
20.295637
25.349682
21.899574
19.142523
27.671897
14.142359
32.018712
28.956160
24.410016
19.328546
19.048288
30.078384
18.650397
19.146513
22.379917
25.901709
22.110865
33.442999
26.049941
33.105745
26.035963
25.860925
18.299232
12.762640
35.586200
19.161107
25.018566
27.893777
17.451470
21.452089
16.001199
24.826692
19.644332
48.362297
20.436744
27.657272
14.542494
24.385932
36.601256
34.277049
20.522708
24.472671
28.580358
19.972690
20.597871
15.103521
27.542273
25.871144
18.867856
28.112877
20.669720
24.604459
22.615844
35.748082
18.615376
28.178451
34.484183
22.873258
29.857462
41.758353
17.083396
24.594555
24.299985
30.627907
35.039711
36.190965
22.125697
22.233683
28.219806
31.530650
22.297036
36.726901
20.005336
22.995686
25.184044
22.354218
39.568920
32.174213
22.291765
22.277498
27.898548
36.442222
15.839345
20.388751
23.818924
34.384922
29.033230
11.410129
25.630814
29.197993
25.355002
18.198695
24.444078
31.279580
33.336583
35.254338
24.883245
15.937372
23.395472
13.975803
34.850607
38.625773
28.428606
37.706021
35.853680
20.632607
23.601816
28.062045
20.247861
18.432666
17.842554
21.509355
47.945613
24.603568
28.691650
27.823743
16.543520
27.638959
23.176976
30.266222
14.765681
36.977732
22.860374
22.542437
32.838414
24.506227
28.087743
30.030404
32.949947
30.893890
26.526541
35.632268
32.028016
26.947760
17.229613
14.647457
30.525328
16.761851
28.880099
29.921562
32.902448
30.186190
32.493389
26.446706
45.041905
29.056090
32.743371
43.266104
25.813764
38.729970
32.318810
40.938623
48.141057
30.701280
32.139368
18.195798
23.818336
30.086406
25.693093
11.914677
14.187451
24.854970
21.362412
28.557068
18.551158
29.574320
39.390031
38.128911
14.066524
22.551983
18.792389
30.132320
32.399619
28.447626
24.926917
22.570889
18.080437
29.442687
39.754673
20.282839
23.515472
24.015974
26.901510
15.321899
35.929049
39.723840
22.241042
21.817918
42.718876
19.064925
30.506351
33.397881
48.573004
28.106398
24.682666
20.540087
36.224380
17.459593
12.662518
26.800025
28.417256
19.542106
21.578448
21.780659
18.340191
17.247283
19.692097
26.568458
28.437380
17.123080
15.433801
10.797896
13.920116
20.562087
10.826283
36.329621
38.396317
19.023534
31.558707
19.412849
11.101436
20.997181
40.605210
26.056592
33.140986
31.714988
25.573979
21.607351
17.879458
22.455048
37.821337
32.413688
26.495839
14.420865
17.773512
22.771011
41.335458
33.975421
32.556406
26.868029
19.801978
22.206181
29.683438
16.253842
28.175716
17.045927
28.676102
38.314774
17.267302
20.753641
27.021561
19.679497
35.879831
24.345124
22.841078
20.240992
24.707127
23.241817
33.795416
19.866407
18.301222
35.406239
36.469202
28.797347
26.141317
26.558129
23.711006
25.354634
44.477506
19.597064
29.540893
18.485696
36.509723
19.964706
45.544387
21.026876
17.270163
30.933778
32.084811
26.974620
12.991166
38.966683
26.638685
33.500279
9.637735
15.418703
19.731944
32.271116
15.659168
27.443891
20.133685
40.789598
20.493255
30.785638
49.466542
24.275776
30.595948
27.592624
17.538995
21.012924
21.840470
31.360544
31.820411
46.902977
29.038167
33.822239
21.371220
31.451798
16.232292
26.013102
29.503495
29.259779
20.746547
25.639024
51.523140
22.264161
21.083581
25.029032
36.765202
19.727112
30.315884
33.535617
17.795604
24.093027
27.809092
13.149773
26.541809
28.873073
35.903927
37.922181
31.810966
24.639858
29.697924
43.543872
25.448782
24.747699
29.655690
25.329924
48.915213
32.057386
30.877896
18.103526
28.086981
