1.510425
0.349333
0.202892
1.063183
1.732950
2.543121
2.143774
3.153678
3.919506
3.514916
4.616983
2.735175
0.963975
1.593490
0.100201
1.869352
1.059936
1.367859
1.261077
0.343298
0.363765
0.623232
4.128366
1.592642
1.285767
1.095774
0.668700
0.931383
1.252559
0.006308
3.101615
1.588824
1.690551
1.683680
0.655018
2.455037
1.354462
2.862181
0.423692
1.289200
0.548519
1.167081
3.671026
4.608912
3.078255
2.616324
0.666847
1.033277
0.244655
0.504761
0.694042
0.030503
4.308870
0.301526
3.174765
2.950001
1.252789
2.265270
2.474992
2.882900
1.545032
0.382870
0.853385
0.834168
1.782296
0.863031
2.875627
0.376049
0.334523
0.342753
0.205684
0.328344
2.565683
3.882558
1.109131
1.983704
1.845764
1.038754
5.438829
1.873441
0.419516
1.638306
0.157782
0.338747
0.288085
1.121523
0.555639
1.941000
2.512669
2.047833
0.931293
2.910593
0.072897
1.337162
3.843035
4.348733
1.559798
0.382991
1.749164
1.187449
2.510206
2.631239
0.541244
0.603131
7.674240
3.122798
2.522888
0.293441
1.189544
0.186100
1.187394
0.884907
3.537655
0.422723
0.876213
0.617294
3.540518
1.088454
1.010017
0.445580
1.582528
1.125212
0.974608
2.916364
0.490513
0.928892
2.951164
2.721848
0.024336
0.104539
1.828180
0.531116
1.766246
1.875332
1.993354
1.746845
1.255610
3.560488
5.347697
0.326228
2.385547
2.337097
3.026446
3.475087
1.263383
0.210856
0.223744
0.361227
2.699486
0.283902
3.311337
0.474760
4.122957
1.284229
1.563683
1.345971
1.137773
0.124782
0.211545
0.266784
1.080447
1.089261
1.027697
2.098887
3.393763
2.756459
0.432699
0.134671
0.842421
0.882865
1.680501
0.644406
3.875554
0.591892
1.424729
0.067596
1.609449
0.715575
4.024295
1.662661
1.382321
1.726989
2.254820
2.126851
1.301151
1.514950
2.246127
2.445605
0.372775
1.000286
1.088466
5.100374
3.877531
1.554110
1.477483
1.299399
4.074931
3.790541
0.730238
0.685899
1.529841
0.678124
1.059633
3.993341
4.020369
1.087533
1.643225
0.230478
0.459730
0.850050
0.537869
1.222022
1.118874
2.203856
1.031202
0.895438
1.313516
1.405016
0.670851
3.400585
0.147942
0.455566
0.681573
4.136107
0.319039
2.560383
1.425670
0.574232
1.323813
1.498883
0.079923
1.016085
0.386052
0.029319
1.933531
0.481089
0.905644
1.599351
3.516528
2.828357
0.272388
3.122570
0.692462
4.769808
0.313770
0.392608
0.937855
2.040966
1.963799
0.272008
0.075691
0.691331
2.060674
2.454143
0.787041
0.966464
1.683973
0.548735
0.268647
1.408679
1.620843
5.043028
0.826408
0.033851
0.672224
0.373609
0.141522
0.693557
0.676547
0.730072
2.041431
0.580142
1.506589
0.518732
1.998578
0.301581
3.808175
0.861301
2.398715
0.302998
0.711071
0.694419
3.637747
0.688272
0.033687
3.810197
0.880046
0.586018
4.807657
6.553905
2.984445
0.617548
0.142513
0.962913
1.114219
3.956313
1.942964
1.320840
0.812709
1.676683
0.787656
2.623102
1.373979
2.732244
2.494887
1.051432
0.600754
4.803861
0.600458
1.282271
0.030233
3.931949
1.321643
1.654867
1.641780
0.619294
0.364668
0.486704
0.241852
3.507556
1.852679
0.125210
0.374272
1.783738
3.428364
2.590824
1.266394
1.613316
1.437056
1.809714
3.209415
1.025573
1.018604
3.183188
3.124493
0.921264
3.204459
0.939629
5.024949
0.406148
0.749913
0.339357
0.080232
2.842218
0.779728
0.844496
3.040825
0.012908
3.582654
0.455645
0.109307
3.258962
0.368152
3.581643
1.977542
0.657365
3.658655
3.889930
1.013915
2.136581
0.161744
4.896267
0.075788
0.630769
2.469284
5.217135
1.131917
1.472129
3.661276
1.375799
1.938165
0.301386
0.050150
1.953874
2.915465
3.265207
2.026477
0.461872
1.681572
2.240664
4.177656
0.133906
1.035256
1.977023
4.624184
0.558431
0.015696
0.162115
2.218356
1.002094
1.409521
0.214323
3.920068
3.197236
1.462371
3.386473
2.322824
4.636086
1.127222
2.516941
0.854667
1.605923
0.786977
0.760423
1.815206
3.430687
0.710813
1.103927
0.549168
1.282823
2.299773
0.189840
0.539864
0.964518
1.219287
0.048612
1.988893
2.775321
1.163152
1.651643
0.764863
1.498668
0.290898
3.759911
0.875717
1.971643
3.419035
0.376091
0.399612
0.567539
1.564563
5.256876
1.815205
0.071658
0.121193
0.350406
1.109841
0.023074
3.231086
1.827434
0.039810
1.108580
4.004608
2.207796
0.960216
0.160175
0.001507
0.389496
1.181773
2.321734
1.751360
3.871872
0.835919
0.005675
0.863454
2.367781
0.105330
5.421738
0.374300
0.135763
1.524865
2.106553
0.307762
1.190600
3.462859
3.704794
5.098965
0.110044
0.320605
1.792924
3.653781
2.557517
1.521923
0.875132
1.413288
3.821080
2.776230
0.162737
3.354755
1.630870
1.182516
4.135540
2.136820
0.423637
2.154014
1.191474
0.671301
1.879508
1.215075
0.725303
1.969624
0.242770
0.417381
3.396609
3.302852
0.255722
1.345545
1.890194
3.743336
0.206709
1.421405
3.098099
1.962917
1.989076
0.137210
1.044674
0.125504
2.032129
1.156680
3.167218
0.707037
0.376460
0.019715
0.475468
0.035732
0.699279
1.351027
2.184594
0.687486
0.821156
3.724318
0.430632
2.152032
1.554407
0.733409
1.234672
0.407234
1.463665
1.205011
2.144822
1.261121
2.301140
0.293173
0.449658
1.952767
1.431623
3.737178
2.253759
4.783604
5.880228
1.714646
3.097981
2.270697
1.274398
0.148033
5.334959
0.113268
0.325904
0.035602
0.674470
0.942783
0.864442
0.759633
2.210077
0.565915
0.550499
2.750175
0.462628
2.221247
1.866023
3.401686
0.866257
0.719000
0.961467
1.141271
0.831890
3.859650
0.594797
2.242578
0.359136
3.239185
0.433964
0.205618
0.340620
2.036567
1.042939
1.443506
1.784697
0.331819
2.475588
0.429176
0.015907
0.063182
1.607823
2.537146
0.004262
0.055450
1.492672
0.486049
0.849729
2.729625
0.067067
0.405831
0.287061
6.581410
1.761508
3.137515
3.074000
0.862911
0.032808
0.779298
1.550910
1.706071
2.097523
1.033090
0.585881
1.949719
3.646753
0.579901
1.662917
0.448953
1.328694
1.763301
4.307175
1.331548
0.443899
0.707000
1.514469
0.515683
0.543031
0.315290
1.641152
0.221710
1.330250
2.881914
4.882859
2.167314
0.341077
0.268397
0.359630
3.838982
1.442065
1.666085
3.545267
0.534565
0.906964
4.257818
1.193973
2.125038
3.528063
0.262652
1.306599
1.682663
2.004058
2.529361
2.986073
3.167773
0.818191
0.314468
1.933157
0.434819
0.925915
3.950156
1.481716
3.584115
1.359308
1.340114
4.856566
1.882970
3.482234
3.857984
2.575978
2.056384
0.956551
1.742065
2.827449
2.587785
1.084687
2.159297
3.620219
2.877326
1.241949
1.534184
5.754605
1.974572
0.659820
4.693122
1.350450
1.030286
2.702229
0.988998
0.329166
0.915726
0.784423
0.017438
0.761861
4.520474
0.845013
1.852886
1.101208
1.491697
2.034945
0.043503
1.655689
1.865115
0.864250
0.642551
1.821204
1.958561
0.811497
2.487584
0.257383
1.403202
2.459193
3.001741
1.337827
3.940812
0.550021
1.934665
1.566114
3.408540
0.389166
0.263803
0.485576
0.065234
2.345474
3.255401
0.498058
3.020654
2.522605
0.686897
1.116880
2.749342
0.552291
1.509366
4.579743
0.655689
0.105485
4.229829
0.375950
5.067569
2.802217
1.766185
0.418812
0.770285
2.725526
1.013421
0.550003
0.799049
