125.274002
109.205757
115.239237
135.966447
127.453253
88.477177
122.666120
138.080578
120.559282
140.733287
108.971472
96.807228
139.740765
122.930856
98.200847
133.908742
131.048524
132.806127
116.892406
110.300680
122.956833
130.486180
118.777753
133.003440
134.980302
139.293726
103.379228
116.428576
113.699178
128.517483
117.927270
111.270762
107.059696
132.353040
121.029392
114.071481
130.400513
141.622662
124.711395
125.561555
124.027814
119.009199
141.333806
130.649749
95.407514
118.589761
139.172949
115.636001
103.786430
117.097996
120.613487
120.542521
105.974111
124.542624
108.924188
111.252915
109.865624
115.835570
117.030158
146.725314
128.284426
104.830669
122.986624
120.356935
130.074584
123.501848
128.305445
121.599820
110.601570
115.206166
127.303178
124.340022
124.209463
131.329921
115.232930
130.873834
107.993294
125.218489
113.763165
136.264192
135.173947
136.220867
128.637217
111.517176
118.127790
125.655581
133.027130
115.915251
131.284367
114.166858
123.691256
114.309221
134.231719
114.334796
123.441513
111.532050
138.464267
101.151928
131.855775
105.185918
134.580608
128.070459
110.996441
131.072959
102.186796
100.929972
108.863808
122.148995
97.940204
155.673980
109.465360
133.157146
151.094653
133.717575
121.708773
134.128709
115.795537
124.481551
127.982928
117.859539
128.990320
112.921099
140.728391
115.188772
119.237705
112.376421
123.439356
118.838656
129.806958
129.411079
121.799234
105.589065
131.987688
134.308868
106.770808
144.501933
114.278268
126.011218
135.493916
140.320568
122.990015
134.856212
116.366462
141.325956
132.913409
116.986516
116.960162
107.299221
127.793640
92.496979
114.049413
111.995357
151.549272
131.250095
116.942598
122.783048
118.419778
116.438545
116.206686
109.785559
115.866959
106.652104
100.375356
127.460433
117.350050
113.096098
133.174467
125.987577
99.843077
130.247599
106.312684
129.950417
123.536912
122.464524
114.777005
127.022933
134.324994
149.697798
107.861647
110.213146
129.201865
113.444154
124.213511
124.459436
107.222099
117.852441
111.143947
99.719189
124.175342
140.290153
115.007936
119.657158
126.505744
139.345840
118.780466
125.132965
137.301218
112.208106
106.134907
146.955440
125.499295
120.371134
130.212324
110.961722
143.877078
118.772451
126.478771
103.865749
145.083911
108.079727
121.615853
105.215218
122.551881
120.705472
135.502664
151.211890
133.862769
122.073824
115.642087
127.340454
133.407273
140.011418
129.343510
107.701034
112.923879
120.374171
129.865730
125.841272
121.129013
100.549164
139.959280
105.222465
128.257160
97.439576
120.331409
105.585339
128.902875
139.664247
112.095563
137.641677
139.710469
130.610531
125.981394
124.667404
122.299272
118.543951
109.122625
110.189057
117.128696
109.558292
107.083612
125.236032
115.892563
116.741207
112.914189
111.025827
146.802898
137.305612
148.481310
115.079296
116.158549
130.506291
144.016122
130.608792
108.531531
131.609666
111.052631
108.965897
122.011861
105.117488
103.495565
130.610723
130.745899
133.589022
124.268599
108.581485
141.076395
147.897788
109.134417
117.007394
128.969837
134.180026
93.162833
131.594621
120.192631
107.430317
115.424268
106.164680
108.221377
134.348952
104.656853
132.507989
132.630153
107.030555
124.626941
133.943081
119.691743
134.509629
126.815427
103.453318
112.415059
142.151336
121.862855
97.211934
106.524242
124.371924
137.036073
128.162062
127.107508
124.799424
115.694821
119.277644
113.087017
130.374059
139.987399
103.247110
119.970891
128.072860
145.748819
122.266023
117.124161
118.510008
126.366321
130.051710
154.195246
115.567211
102.994567
116.832070
109.313774
109.127965
139.588714
118.589208
117.784841
108.202288
120.817635
129.337365
116.796778
123.156385
95.939949
134.348198
106.420601
146.269484
98.685030
121.145601
115.559170
135.623154
115.607709
131.608832
111.777145
115.965123
125.102196
111.473141
129.181319
102.732912
123.302369
116.843259
102.076987
113.311539
144.788949
131.032617
115.272164
122.314481
123.931154
110.100146
141.489157
112.014206
140.732992
140.108587
120.970291
134.124030
132.029950
134.191592
132.233396
114.668951
114.877368
137.085598
135.888197
133.233542
152.966277
108.549395
117.603655
134.059419
117.752756
117.432264
108.639461
124.981590
142.406387
114.386334
126.416865
127.745662
116.611014
146.161181
129.158474
108.676032
122.916683
131.214214
97.064312
122.104814
91.380357
121.315646
131.407571
120.906653
151.726194
130.957398
126.744358
130.865099
115.462509
136.609653
132.249440
126.819791
118.686276
137.739947
125.136898
117.758621
129.333813
116.053227
116.158714
122.353266
107.869659
118.586679
120.179152
114.139966
136.966650
121.549857
112.475505
134.968681
130.270504
130.083952
127.360490
143.295068
117.877505
137.425207
131.247874
139.071101
113.927109
117.236392
117.054393
128.909240
136.144526
128.483850
143.909535
101.576250
121.088770
136.068998
134.661829
121.311733
134.452056
110.985020
108.474164
108.179152
123.602105
99.377722
121.474603
147.205634
110.862181
99.775437
138.279449
130.340554
104.018470
117.844573
137.463353
112.496616
102.583035
142.832242
110.400673
123.261892
104.569281
112.630395
131.209976
108.504089
132.966399
129.776378
119.637201
116.789586
116.915369
104.195160
114.942817
103.088215
131.584193
123.932768
118.379566
112.552974
107.030007
131.941190
124.148567
108.414869
102.399322
106.561773
121.890144
120.195960
137.922049
125.746722
121.104595
111.493186
125.521351
117.991541
129.547468
130.125594
124.444941
107.248395
130.361041
104.530497
137.619210
120.874427
114.182234
102.455787
112.932463
111.964243
108.641698
123.717093
126.964416
118.314015
137.210124
127.947614
124.673103
125.064997
109.423841
104.816853
115.225504
131.881618
142.400421
140.678803
123.463458
127.077360
138.561522
139.314079
148.877976
121.892654
116.684651
135.489041
141.340100
130.198059
133.447986
113.588762
104.129577
125.243603
128.686641
107.901438
143.367863
127.485790
108.653640
114.124021
135.865576
105.774639
125.732748
118.761439
141.446544
150.692530
97.787139
89.663113
133.435161
130.036280
134.185897
112.863390
122.657354
120.242813
108.777089
128.085493
122.993656
107.162704
122.269947
126.057934
126.419316
137.702867
152.277984
125.997820
115.649568
110.168382
120.567995
116.026466
138.079136
139.388397
130.435690
115.013211
120.084783
100.667438
118.884625
112.562257
107.303357
135.530634
149.021296
132.140035
109.190807
117.669331
119.837982
112.575007
118.643112
119.003534
131.223704
120.096447
123.657262
113.551047
118.541302
116.741994
135.186645
142.977086
131.724101
116.541416
92.311772
124.611839
104.903616
123.678461
112.558514
144.108272
118.620617
132.841911
125.249819
132.773030
117.969060
115.713359
133.372743
123.018208
128.153784
111.279868
117.080200
129.822639
92.457876
123.882421
120.736732
149.328080
141.960480
107.153251
111.163376
126.322001
131.812701
125.364147
108.677210
113.567571
103.975636
145.744537
121.885133
139.646909
111.863619
129.723217
122.117525
138.581888
121.761406
130.415865
145.571795
122.104305
138.246807
123.879191
118.958005
103.969182
118.261122
136.655814
119.207182
110.284878
129.923650
140.826064
130.005003
114.772792
122.096915
128.349107
99.789978
111.632680
140.816542
127.058054
133.602259
127.910839
101.503636
125.500143
138.490011
107.870004
123.971093
145.009645
111.618468
117.771012
120.126683
120.976013
109.806515
121.315640
138.498210
126.845943
127.582210
129.082889
124.930525
120.533871
97.323210
136.044770
114.398360
125.120830
128.205238
123.332755
128.537754
125.167115
107.403555
104.491741
141.482471
129.073211
119.787991
134.047855
108.580444
128.274193
122.905653
140.192165
120.082251
124.811378
122.245182
115.216129
114.597509
128.457929
121.740515
136.302436
134.180386
125.662479
131.526174
136.286285
130.610333
127.357987
127.580567
97.748549
116.019350
106.920605
116.471940
126.636908
129.015192
128.540932
138.967893
116.779215
144.965928
122.333226
118.561222
141.251424
132.211064
122.983260
120.301265
108.826409
112.044875
132.139774
133.420737
127.663081
149.207890
101.664818
120.218085
129.460948
152.019915
131.427673
93.760168
154.831648
126.844961
105.403529
103.355024
130.733931
108.946057
105.527434
126.644463
131.707773
115.823387
131.024483
118.142343
139.850604
133.397438
138.359035
142.044727
109.876651
143.548564
122.350422
109.303053
118.762065
114.484438
132.589781
138.129964
126.160656
124.179883
133.794737
107.466811
132.741760
114.959285
121.179734
123.734272
141.365660
107.731866
117.233556
128.756194
125.003562
122.533066
122.778041
107.271996
118.173226
121.577561
145.191854
112.363544
127.755456
115.415007
115.737043
101.773582
138.796228
123.779519
129.717452
101.012079
118.974457
106.640569
129.864870
115.915258
102.864486
130.406231
126.821152
152.839653
120.076395
121.980173
135.532495
116.387020
116.013827
120.836345
104.865762
118.299266
115.572210
117.005710
103.158654
115.523520
113.214068
132.340218
120.625465
105.370098
126.939732
125.864689
108.169087
110.284678
123.552932
119.373139
114.485740
143.365595
132.400969
121.816304
119.868893
124.262471
98.243232
120.214924
109.215462
121.476082
106.077911
117.660457
96.943578
117.338599
119.807703
116.506861
134.198599
105.106650
127.555500
122.411213
121.574863
128.190609
132.328242
125.946485
121.268346
116.184801
99.976033
139.697139
143.900326
133.073084
138.912610
132.358231
147.118641
128.971921
135.313272
110.246747
101.188515
126.613061
122.026573
124.405629
116.428116
113.135350
102.776722
129.055808
134.047252
131.243191
128.489890
130.898077
114.181206
118.804866
134.906845
102.909952
113.344118
103.430972
119.318317
116.324009
116.573687
133.368818
119.246476
107.309126
137.200538
130.459726
150.040706
133.658643
107.592346
116.896135
133.281695
145.616441
97.806785
119.801877
131.306079
136.550201
118.056962
108.086651
141.882506
133.104275
134.521289
147.431344
109.290319
129.942686
123.823731
127.413127
85.900540
145.516002
117.776749
101.473506
108.432919
101.602315
124.560143
128.428967
103.042251
112.533811
131.507469
98.364539
138.755565
125.128975
100.395417
134.450616
106.139985
136.706279
113.384629
136.758196
118.062917
130.580257
107.057226
112.656376
101.001851
134.998016
114.121334
119.382054
113.884086
118.337917
140.959277
132.900171
105.493982
135.518225
128.742985
154.340254
153.337499
135.342872
117.869232
118.428278
119.432770
121.523917
123.368575
123.680378
129.492738
100.893986
110.129406
120.127389
108.604567
141.560722
112.724787
121.755194
119.899138
122.770161
124.629214
127.648989
144.953733
121.358212
112.491089
122.682515
134.514801
106.737941
133.952905
134.210316
106.878227
132.123172
137.102029
113.865792
152.078491
141.085663
130.037310
134.419244
121.446167
114.105033
121.514102
121.227428
111.312928
109.865774
118.439475
131.975485
107.106985
115.074657
139.333435
105.254768
139.050114
131.937145
109.008451
107.865061
134.171548
128.648076
114.094559
127.831859
130.811030
98.571786
124.364032
140.371896
136.593848
109.939808
117.637978
114.537886
104.401846
114.276100
130.582990
109.559707
139.010703
112.882440
107.516353
133.294952
115.466216
125.073073
106.632225
127.025404
111.150860
136.960841
95.315764
123.047175
109.802174
106.688451
96.755151
113.259465
113.119572
132.781230
123.197962
110.248135
128.039130
130.042937
106.413584
125.193237
141.051372
134.883588
122.084184
122.518427
96.222646
123.730130
117.924277
111.731919
127.126906
127.943159
119.380031
116.696108
145.220259
123.752635
122.387759
138.361225
103.895993
123.331866
108.308275
116.259751
118.860796
125.586887
136.111133
100.709585
114.233696
106.906760
122.154298
112.115948
113.191998
137.808394
113.376320
122.892772
103.288953
118.602334
142.141541
128.529659
113.093621
104.912682
120.767917
106.549392
151.745118
122.756299
133.325182
103.311096
122.457593
127.650657
141.862818
105.193529
121.421644
94.165237
111.366301
113.689558
117.341166
121.934104
104.051136
113.738108
117.308946
122.159031
116.004666
120.005323
108.332968
126.579115
117.862738
137.679179
87.598480
103.932569
117.840101
133.261545
143.669105
145.947020
135.400745
131.339676
127.663689
135.660450
126.437958
126.143038
120.045589
96.246821
129.044574
110.796637
121.157253
122.294540
109.492682
122.278798
145.431885
120.547289
129.410465
126.920610
112.506864
120.925007
137.126037
135.883780
108.422152
136.971260
152.942295
122.207558
120.284622
110.429466
115.658743
124.312811
114.055418
104.657950
127.952669
125.797144
132.926502
103.722998
104.579576
119.041384
133.488318
123.122060
137.044653
129.282522
145.766755
113.117907
125.966017
122.229851
114.610912
130.871599
134.819676
130.079611
128.925796
130.135052
139.075707
127.660861
126.841676
105.469343
124.199955
116.447449
120.320315
118.770713
95.744880
133.929178
107.104549
129.601311
78.518089
133.446074
112.489887
111.094350
140.042896
119.716157
130.497050
130.008634
114.900713
120.437478
115.117767
125.844558
125.117221
143.437199
107.316533
135.863320
134.303384
122.875520
119.265321
109.531974
127.025677
121.782763
113.757860
138.566105
112.881014
134.112315
121.146831
111.510709
117.163010
109.823926
107.475337
148.623516
136.695769
109.301231
111.771173
146.615672
120.153371
112.236761
112.406319
124.868339
145.684906
110.733535
123.392047
99.350575
105.117206
119.715182
131.938830
125.635129
122.794815
123.949673
121.373356
114.499499
129.364822
130.429986
109.454115
120.884899
104.031821
94.874421
118.174301
122.753927
118.896715
138.278260
123.912588
114.653268
140.977732
120.716027
132.207536
87.964327
119.720668
115.262738
105.689872
107.778032
128.493461
142.620002
125.076054
105.940730
116.755690
112.982240
108.390277
126.531134
106.526463
127.649139
127.130209
142.337239
117.617862
141.051270
120.880355
106.366906
104.223508
132.667838
128.451355
122.183154
135.120820
119.362252
111.045859
128.126300
127.034185
129.136219
136.426970
138.186865
97.915502
103.242046
126.263958
126.682470
99.785490
121.252735
126.329896
137.174836
132.771215
145.076903
134.220571
119.574989
117.023127
125.178696
117.635342
113.039502
131.174983
125.360118
122.335125
109.679195
122.947621
117.323765
105.063484
121.150961
110.682712
114.574953
133.057943
131.404307
96.834017
133.909593
101.570373
143.377644
114.879810
135.689552
110.529881
111.098213
109.318640
126.352905
115.217844
138.936599
120.892977
108.002860
108.531211
131.833970
146.086858
117.281126
98.981833
149.190996
116.457134
113.394223
134.854221
136.420288
102.663719
122.856243
99.109960
114.701654
141.904063
111.412056
111.658040
129.147224
119.980997
149.511908
99.576122
137.738025
120.370064
136.614962
98.444112
132.090402
120.966492
113.004477
112.784243
118.731372
147.589219
104.381659
121.541593
129.021577
133.990542
116.599013
112.201346
125.505833
136.043057
123.581884
143.363790
138.127159
101.333301
136.109488
111.351286
133.167564
142.172352
141.555018
116.910358
100.305515
132.012023
127.278851
102.729996
123.490641
129.693596
149.909035
115.085970
138.832647
124.309740
115.660594
120.084123
124.035684
143.794981
122.518034
126.940492
104.747036
119.971403
112.123504
115.643138
113.195932
135.367944
118.066062
117.131981
122.555557
137.321518
133.977769
126.193412
127.346173
94.983404
114.814005
144.187600
106.601688
142.041847
112.581414
150.264005
114.467934
132.362377
109.154596
107.440982
139.889121
105.562396
117.984167
121.842923
114.817148
133.080858
162.833284
85.589266
110.987663
129.816889
112.176891
114.694801
84.952181
135.661727
122.410975
124.479013
136.563379
117.779364
122.081947
106.547890
116.006708
110.433560
141.150631
138.022154
102.382425
128.685551
123.197796
101.978517
144.926322
100.567010
129.213758
134.837201
131.071120
109.333932
136.021720
97.610839
118.933285
150.841634
130.241544
103.925263
126.802879
134.068153
120.683906
141.853733
122.162726
130.755193
98.277862
122.238140
137.429171
106.725218
95.709182
135.302134
140.796104
131.136061
97.584820
112.357545
100.916389
130.842293
141.123576
150.717521
138.228099
116.028605
109.928682
99.182590
141.810524
116.719507
140.430156
105.639673
124.004984
111.787180
139.577199
111.911974
121.275994
119.953910
135.853844
131.149950
134.376941
113.351465
114.287657
134.099463
137.026070
128.946018
145.494905
127.789018
128.174425
98.294997
125.867882
99.496844
107.575491
131.420800
112.553396
122.941340
107.828910
139.119409
127.375956
112.890221
123.100872
109.554196
119.605230
115.122759
129.479818
115.640195
105.651927
109.817788
123.238929
126.599291
109.105539
110.964648
122.324090
115.044139
115.105450
123.188655
96.480276
125.011291
127.312502
133.791268
142.773514
110.140769
143.283468
126.202882
137.871411
102.809766
123.073537
111.671979
149.653263
102.353952
95.626967
131.132744
98.194137
130.070514
127.610536
106.358308
114.668568
113.966639
116.957820
119.597658
143.551971
118.157452
108.266909
108.452795
105.555363
129.899627
117.466988
110.717602
123.127293
111.612893
133.000942
144.884785
137.338613
118.696422
101.677963
134.609188
129.385966
123.348187
132.694239
139.090770
118.284264
113.701760
111.723578
110.687543
115.578974
127.172972
125.483918
128.632701
134.272711
125.796974
113.713092
119.125622
134.385930
82.311703
118.306625
117.609831
116.308678
113.048634
120.234767
118.223001
106.255010
116.495374
126.344921
105.564414
134.807718
105.011731
133.711483
129.654238
109.886137
105.503619
119.457457
145.240972
129.833095
136.502948
129.253902
137.820871
117.073332
124.846971
124.968575
117.057133
119.989667
115.354734
111.533785
119.010821
99.482013
131.629340
119.923269
153.695321
144.310155
111.003748
145.634452
102.440314
142.926319
132.982000
131.059401
131.785324
119.327331
119.875161
122.662752
122.972828
108.251501
112.695832
123.790582
142.924253
