7.943206
5.963285
7.699430
3.535214
4.895483
1.683391
3.763054
2.001707
4.636815
2.880851
4.438587
6.792833
2.822385
3.089286
4.198486
2.244987
1.534339
5.638991
5.078163
0.593013
1.102997
2.409180
7.260818
4.306673
1.996483
1.263898
3.431290
2.024852
4.499181
1.864747
1.655073
4.799337
2.899165
1.308262
5.120755
2.048529
4.512313
2.000784
3.350411
0.228160
7.300242
2.456511
11.633146
2.250315
4.480240
3.141038
6.187778
0.831555
5.553766
1.343845
5.018478
2.423579
5.294258
2.264901
5.546550
0.886444
1.098890
1.040779
5.160086
1.793851
4.081151
5.664182
5.102545
2.548375
0.627437
3.212344
5.202726
4.849003
2.975501
6.576694
4.909419
4.777543
4.365393
3.113002
1.540257
4.736111
2.953815
5.983106
2.543420
8.237584
4.638942
5.810409
4.632559
0.280481
3.121000
0.487612
1.200194
5.621399
4.963524
3.747006
2.633772
1.308183
8.714882
2.340497
0.453635
4.135345
3.631548
0.220575
3.563279
2.807342
1.344180
4.855075
2.323618
4.302673
8.910841
1.183466
3.399582
5.545401
2.053256
4.384371
3.845491
5.268944
7.028843
1.916171
3.798216
0.898829
1.972823
4.975329
3.905177
3.477645
9.782514
5.043864
4.523374
4.793451
0.955964
2.184156
3.766585
7.416259
7.291833
1.918172
5.590870
1.414504
2.563021
2.043145
7.556489
2.913612
8.107678
1.016638
2.308195
5.546745
0.378335
3.054215
0.463138
1.899850
5.086763
4.614642
4.303151
4.626025
5.986380
0.887693
4.087618
4.790111
0.656903
1.425738
1.807611
4.250002
6.031421
3.765082
0.739063
1.346341
5.312661
2.961736
1.456869
4.170049
3.818646
7.323759
2.018674
0.522514
2.863375
3.563886
0.124154
1.445292
6.390049
6.134874
1.343074
3.522282
2.096871
4.262727
0.262657
3.938432
7.131965
4.613765
2.795187
1.699767
4.914118
1.870542
4.967857
3.344290
2.280037
1.529369
0.794019
0.202178
8.016806
4.372352
3.580658
4.308682
4.954078
1.388712
6.705957
5.615080
2.948740
3.431648
6.056166
5.759748
1.083353
4.411757
1.924830
5.047850
2.039384
5.029921
3.860527
9.170152
5.426465
0.479337
0.826145
1.426391
3.825978
1.289193
1.323377
0.608226
6.622696
6.713567
4.860076
0.726184
0.323581
0.648617
2.397320
5.592131
0.481683
3.634822
1.364457
4.871155
2.554289
5.149368
1.683585
6.109838
1.741362
2.932102
0.999931
3.659160
4.420351
0.524386
4.789840
1.119523
4.397961
1.668619
8.741234
2.300112
3.807309
3.545955
3.541607
0.350680
1.630381
5.513269
2.691742
8.463111
4.365834
6.085819
1.310787
3.811130
2.025081
2.398474
4.748781
4.028386
1.752638
1.863466
2.994664
0.108788
5.070976
1.489101
8.113156
1.162516
7.484087
5.766552
1.557107
0.622953
7.598705
1.059415
1.549186
6.562849
0.252951
6.166399
2.088983
1.864082
2.483221
11.244523
2.848442
1.995598
5.963138
3.373502
2.832570
5.492868
3.758692
6.336254
3.859477
3.652514
1.168809
1.468577
4.006876
1.130296
3.272101
0.694834
6.120730
4.950731
1.921339
4.204179
7.749362
0.336972
6.550972
3.652412
1.831721
0.549222
3.169454
3.433105
4.764481
1.441453
5.470609
3.165049
4.855180
0.705557
0.264374
6.277244
3.014837
3.777665
0.560290
0.052325
4.322807
4.032450
2.919706
5.323384
1.767511
4.638795
1.927085
1.245599
3.767592
5.473032
7.528719
0.453338
1.146730
0.435781
4.236965
3.490098
6.363256
0.290652
2.364655
2.444806
4.486885
0.700883
4.373769
5.367312
5.019795
0.540282
6.706675
2.300579
4.783884
4.611443
1.937435
1.316213
4.309125
2.605674
6.074878
2.118681
7.867321
3.762508
5.243658
3.706940
4.985119
1.148252
4.014594
1.952787
2.416096
2.419883
4.081609
5.428072
1.127922
6.699527
6.496109
2.831435
3.045085
4.333756
1.201275
3.933562
9.541116
6.255299
5.220423
5.737880
1.184349
6.132299
3.174479
7.346854
2.888516
3.238973
1.994197
10.007389
4.135244
1.224970
0.924318
7.096734
7.768819
3.933204
0.700006
0.304365
2.768572
2.468421
5.924971
0.878560
6.509854
0.978743
1.867417
3.685490
0.923304
4.187318
5.135009
3.132829
2.776240
0.130964
5.694948
1.574807
1.013867
0.818363
3.233617
1.689873
3.952249
1.665248
4.386075
2.707673
3.550986
2.948677
0.700500
0.606538
3.210892
0.524862
4.128026
2.372751
6.044895
3.165159
1.560528
6.738951
9.494533
6.467124
8.207091
6.359139
8.088513
0.665762
5.393123
2.021992
2.421346
7.531896
0.083861
6.428823
0.750912
1.357529
0.906222
1.790488
2.894332
7.571074
2.254928
3.018000
6.428516
4.093195
2.214644
3.248360
0.594811
1.568530
2.856481
3.602718
1.868036
0.278078
0.105896
4.059641
1.552027
0.949627
5.589634
5.754007
1.956824
4.731653
0.908955
4.309957
0.833092
0.598800
2.567765
1.364323
6.427054
0.896288
8.795271
3.778467
2.837505
3.866365
5.168323
0.743904
2.613883
2.445767
1.262137
2.775748
5.191120
0.044493
0.457854
6.459033
5.026226
1.172188
0.394487
4.153683
0.362943
5.672352
2.367406
1.896459
1.300043
1.162126
0.977349
0.017500
2.611840
0.344320
3.157585
0.003002
4.810648
3.764191
3.501443
1.919957
0.526568
0.167904
4.292770
1.297757
6.354785
2.745682
2.157930
8.318281
2.952624
0.983414
3.501421
0.240960
1.353661
5.237800
0.203573
6.493546
3.139352
1.252721
0.957685
0.994463
7.659025
6.008795
0.579117
6.077364
0.718304
1.028229
4.113176
2.232664
1.792910
2.708901
4.928570
0.120119
4.590069
8.747060
3.465902
1.453264
4.196857
2.066792
3.966604
0.404089
9.483892
1.740745
6.885964
2.391729
2.058781
2.490797
0.830350
2.892381
2.477322
2.959911
3.167408
5.438501
2.919567
1.933252
0.989799
8.302508
2.421241
4.361925
3.126327
2.948534
5.878339
8.483681
0.026766
8.877528
7.358599
5.867727
2.293021
1.638888
3.827098
1.355467
2.834563
0.403046
5.621012
9.196996
2.191940
4.768818
0.419746
