106.082044
108.813011
98.187621
102.052965
95.164931
128.702095
88.904472
103.610984
103.613446
81.449045
102.407013
88.663611
91.791943
100.713500
98.540242
98.054001
106.212008
108.698062
96.811063
87.188484
103.837767
100.839297
90.371553
73.997468
79.180853
85.505526
95.625923
99.045602
79.736591
96.349389
116.965789
68.442716
128.781470
115.585960
78.130060
117.683986
70.944151
81.437096
98.800906
82.029690
103.309773
119.052903
62.938542
80.432073
109.398180
73.559184
112.889765
54.078989
100.982089
79.003467
87.958128
73.774692
64.373117
86.604818
92.997057
86.246405
92.265525
117.011887
80.372346
109.002622
112.114766
111.513825
85.165511
76.697767
104.642277
87.602120
95.246700
110.997782
84.889704
99.461038
85.664030
100.110893
81.859872
140.607815
107.866174
65.649418
70.394606
80.374704
77.427370
97.064716
90.126802
95.005331
87.651076
93.980523
71.680496
129.005479
101.961562
91.006005
95.282664
98.658934
59.213132
74.676527
91.685522
93.400412
87.009758
80.937723
103.069856
72.930339
95.712447
99.979513
105.849617
84.117704
94.772238
121.625166
90.953796
72.461589
86.750495
92.736859
63.961672
73.756965
72.181638
97.440099
76.199724
88.345682
100.474641
77.128385
126.935144
99.397160
101.458816
97.575671
94.652662
109.990649
66.949631
100.953455
92.034593
85.623202
130.431386
85.235935
95.109420
112.145619
92.643793
124.537676
67.708391
106.261925
82.137670
74.931367
84.979154
87.472255
92.563918
110.781339
92.582795
62.219098
97.362532
76.494588
121.578249
97.734677
96.556995
97.410915
93.016173
94.688719
87.798227
71.804838
85.206044
89.550131
110.273594
98.219796
95.648427
109.211818
80.887499
101.923997
99.554011
90.896326
109.240188
97.045326
73.846454
76.257369
109.242330
70.083573
91.204285
122.608805
88.205844
93.182093
121.458629
100.349510
81.335091
82.606024
86.800101
91.897745
94.873099
93.079717
92.820676
78.961381
103.415251
111.676202
96.268813
115.617498
62.943832
94.065968
115.013355
72.611913
73.876022
103.518674
86.702435
113.321017
121.448055
115.085458
87.091823
94.315039
103.206964
107.033124
68.005046
106.045036
67.944046
98.288788
83.129631
67.933286
88.208407
67.309319
98.979502
92.841682
89.974710
99.570374
96.094398
113.342556
98.205841
76.898607
73.946231
74.296694
89.773263
71.199900
94.081667
105.980029
123.523535
71.986472
75.120869
87.890597
98.139287
108.800211
116.378880
83.369045
94.840185
125.559138
87.319843
90.556704
100.352266
94.858708
114.371200
66.475129
71.586007
86.149397
76.332094
105.587078
91.860703
84.464774
95.187140
88.461036
96.309256
77.437370
107.030717
112.423647
95.925268
128.983859
83.238301
72.149747
78.015240
92.139009
121.320537
85.693402
111.991712
119.997598
82.041406
93.106131
117.413301
94.809198
85.519875
105.525872
126.884464
98.759046
74.763867
78.185440
69.768975
81.285632
107.675876
83.884618
100.206277
83.954078
85.241378
113.890357
73.609187
98.769486
100.806165
92.459815
101.037811
84.519341
62.548127
100.320702
75.730536
93.667901
79.253992
72.703436
103.520113
98.456317
99.377595
75.882598
73.668521
76.337878
53.874051
125.907614
89.479885
104.534464
103.771048
103.424228
90.637251
89.112222
86.284327
114.843901
86.813655
90.563791
87.981662
79.275428
82.441701
98.155933
73.565533
89.003570
107.535639
101.813205
100.252440
89.207527
73.681346
93.110912
62.323801
113.984173
86.555847
106.302716
114.754868
81.605910
115.307803
117.639277
89.816991
85.562161
77.907204
101.532569
69.966063
108.414689
103.048403
84.299226
106.690681
88.909527
126.539397
107.320358
70.031555
87.427623
98.528892
118.126598
81.109543
97.755372
86.156925
84.991301
98.532106
90.009917
80.479102
75.218746
61.003550
76.920782
88.096914
98.196126
79.889468
79.634025
59.451935
70.862793
81.272916
87.473130
68.859439
109.401780
102.952510
66.883699
89.376080
96.915882
79.130651
106.708540
86.741013
82.181277
86.890235
107.783632
95.493954
79.320087
76.194782
81.128652
70.493735
73.502557
93.210898
66.681698
64.808983
92.081641
73.676330
88.405056
95.467223
85.529143
113.892098
80.516219
89.693761
121.158389
70.225223
105.468120
67.458164
106.871972
101.018139
66.676793
115.799152
114.553774
74.512697
80.868331
132.211672
62.102238
116.024882
106.303096
76.055039
127.477145
106.842649
110.684547
86.093294
81.383911
88.687267
69.453695
117.229499
90.618049
80.672096
121.996305
119.745077
106.893916
98.990499
95.200099
83.886283
119.729924
99.263319
95.680064
75.942404
68.168968
106.016818
88.865025
95.692782
97.500865
92.562791
96.708445
98.791286
68.257262
66.691865
99.759908
69.615272
99.738569
121.141883
73.684678
104.100028
137.185724
101.656657
94.668591
107.440197
83.478503
84.479627
68.398930
99.221392
83.312235
72.719511
94.083728
89.715555
75.795608
111.645490
85.142295
102.177071
86.289534
86.117441
80.144495
81.300299
101.005402
127.833248
74.145256
63.221803
63.749017
116.517233
93.269193
84.205325
76.305045
97.933593
95.243743
76.419886
92.929038
111.332732
102.212235
103.310858
99.982550
61.004618
105.954847
65.273557
104.524939
100.169180
124.406390
107.579211
88.473665
100.763846
88.897923
82.346097
113.047360
79.818458
62.865474
69.083358
90.329647
77.687609
84.767125
69.109861
84.449142
116.560049
130.750571
64.340979
78.903026
73.332984
91.788221
115.100159
105.154194
89.993295
95.241516
76.461411
79.974380
84.686543
98.057129
64.025384
81.085735
104.263393
112.457679
84.565565
85.686860
77.833505
93.710371
91.765304
57.667151
82.660929
102.804953
94.553199
69.927903
95.907289
95.074028
92.529926
89.493309
75.770499
101.976435
100.551141
72.090429
80.534797
102.011720
83.596043
106.155401
111.317073
85.586843
87.757093
81.343765
112.136675
111.066394
86.786725
106.409369
107.193099
110.945195
103.254147
93.046661
101.560398
87.748267
72.804240
70.564397
85.041762
85.515470
79.648327
87.090899
93.200370
82.941635
58.297044
75.272934
107.906927
97.753485
96.770833
82.585270
121.219721
101.850033
73.415107
69.736910
91.142828
72.293789
116.277540
100.708824
112.057580
93.210524
119.288162
61.753782
116.905892
102.712208
94.485011
98.752456
122.071854
103.885068
78.807668
90.562767
91.171409
77.137118
113.226058
96.944564
93.204382
74.089057
111.686078
95.621583
100.240962
90.178135
134.097372
72.895803
72.470757
88.308030
110.046764
78.849444
79.373814
106.113142
68.862166
110.294723
126.969830
91.932881
82.680690
104.449461
112.637910
72.038882
122.004419
88.148671
93.041747
92.203131
104.529748
85.170143
91.758231
100.150918
86.466319
94.557643
91.612116
90.857353
81.834069
95.617933
87.866836
89.843778
92.878494
92.648139
85.219527
67.682556
85.848737
90.923775
94.915286
95.811205
67.256137
93.050044
99.036380
74.297761
75.616747
103.428916
82.833359
94.178313
68.457820
84.762071
79.024557
91.834592
100.167492
105.431605
117.405575
116.987022
76.977041
85.986761
98.051906
102.428347
75.492940
87.420984
72.573064
108.104266
108.673806
66.019084
76.033111
102.564973
92.869326
96.700416
112.663943
67.166299
93.809750
73.553937
103.835433
95.584272
95.664833
73.832235
88.377954
74.027915
100.905188
78.371371
112.501727
79.031027
119.418267
106.310704
82.349855
76.871358
69.803216
99.497731
101.594893
131.574429
97.586637
85.848117
87.972029
116.904733
109.310419
86.136954
86.895882
95.442237
129.769987
73.445068
101.811102
86.107612
70.974909
90.883975
125.738431
72.244236
97.532314
89.513595
89.108190
83.102818
81.245816
96.586858
62.001664
101.063630
101.787486
78.302886
104.719382
88.232632
108.554928
112.473903
110.424614
95.901990
91.984262
79.991708
92.083012
80.923883
79.079155
55.955973
99.320347
109.924752
144.111043
73.210060
87.238581
116.649892
117.789400
98.932291
94.215186
131.381982
106.385171
95.717271
103.911865
98.387352
106.485131
61.455969
127.932025
90.668562
83.790638
132.800636
127.250697
80.368976
78.277359
104.695043
99.639443
82.015872
100.072433
84.258473
102.018360
76.033341
61.378167
87.821473
104.970254
82.509495
109.171346
74.327147
88.246215
102.432487
92.624105
100.494821
104.005659
76.930635
99.323253
93.566217
93.019632
77.775326
122.887093
97.480515
107.098839
114.013413
80.105379
92.875628
111.212308
91.923332
68.830043
112.536102
83.699579
109.325538
110.346306
97.600422
76.685279
88.016958
88.947645
97.279156
88.937004
83.259812
102.647224
94.064764
84.942012
92.183469
126.404570
86.918166
117.279742
100.009193
110.756047
85.133212
61.991686
75.041439
96.372317
88.688472
94.014648
69.868590
85.684636
85.930466
73.218674
114.143275
76.031265
101.495025
111.581708
112.947851
92.211409
94.984591
109.980515
109.463201
92.049430
99.747937
90.470995
105.087437
81.749869
96.545673
73.169132
95.085535
120.815271
69.284349
110.597906
112.666872
89.440933
126.471923
87.608127
83.848655
82.227767
77.526252
96.296518
112.436728
105.741094
63.441484
113.906606
79.653496
93.345127
77.686738
121.373354
93.169531
59.510548
96.604938
84.970259
65.416870
98.808192
76.159125
102.210170
102.594855
66.001343
125.947285
103.896960
106.685155
91.581190
100.659235
100.282026
117.414424
92.142123
56.599494
73.100406
68.458515
104.107483
73.038734
76.755602
98.251107
87.099973
72.618666
95.197742
106.848049
101.478168
79.404563
109.075911
107.159071
91.376105
143.604413
95.781755
83.729196
94.901767
122.973824
62.833780
91.684342
82.246927
101.588994
101.014949
74.050886
99.053562
82.506527
122.765502
87.868133
123.004370
86.580716
76.365648
85.569241
92.653000
108.083202
96.710130
73.801956
79.791464
104.975432
74.822155
110.898207
77.982072
116.248799
83.849971
92.142409
100.884295
122.343255
95.346697
64.845269
81.510470
116.322559
89.432124
78.929163
80.243955
91.729513
87.531715
108.011079
105.471214
142.513809
80.226569
103.253332
85.572830
114.102325
92.997099
94.958984
90.139414
96.442670
114.233292
76.667145
77.535956
124.883431
73.516711
99.323990
126.858339
98.665154
85.960453
123.798771
118.650954
102.706705
106.777744
121.202635
98.652272
99.385380
76.213798
77.530476
84.541176
77.852578
94.198305
67.087008
99.725700
87.346524
109.398626
103.689539
101.464385
86.840259
63.231115
135.719533
93.346656
86.480832
110.386346
102.680464
68.767613
101.713121
125.457054
90.773171
84.203013
89.325636
99.330158
93.135357
92.802248
81.471169
114.165900
74.043191
91.082106
92.135180
118.697989
109.301861
86.355288
81.245353
102.091687
94.274237
104.008566
113.103637
106.387244
69.353774
70.716469
76.163180
116.488025
111.431709
80.333817
104.799198
99.904169
80.892993
109.709511
98.235647
71.229687
128.667839
123.237918
92.295227
113.761151
106.735699
137.437219
75.771085
82.286942
82.111108
79.344605
44.947690
91.182124
90.779210
99.082171
83.931417
127.399672
90.271802
67.352222
91.180733
96.883304
91.004979
89.955241
72.437233
95.060147
85.263752
57.043390
84.886492
105.210218
107.129395
126.948367
74.360303
114.447785
121.010187
101.477654
65.722985
115.514817
102.151800
104.783062
111.730293
70.959177
86.408117
114.477533
102.312826
69.396375
83.541126
100.400332
82.101190
70.672221
74.576170
70.898532
116.273109
74.783882
83.940926
83.029159
70.056454
108.921069
86.385094
82.651408
74.588854
85.530396
84.475118
100.982166
96.499219
87.512427
79.814048
92.057724
99.227646
73.524482
92.639306
85.950237
143.112707
104.994103
89.344816
85.408084
85.830061
128.183715
55.485306
93.775179
89.782299
110.515372
86.646867
93.531015
80.597101
65.326624
89.915395
75.880400
110.463230
82.110555
105.494529
84.411672
79.620942
67.680624
96.050905
76.987848
111.978848
115.894597
85.048084
106.963075
91.207602
75.412404
95.534063
121.734973
114.288174
82.726150
64.173505
106.668584
107.243271
100.482515
134.734013
121.098478
103.124631
65.606286
82.011912
96.359354
106.937955
106.538874
104.188078
74.651816
83.809143
77.224124
58.797247
99.878387
86.001756
79.301357
110.340621
101.572744
77.189961
117.483887
87.724789
74.433268
83.384532
96.245474
81.753798
99.172810
103.078325
81.736293
114.909545
101.718392
106.282230
79.995989
89.139762
88.396687
108.987618
78.101911
90.481182
67.547553
109.757854
88.629363
63.397049
87.118665
101.508913
75.160140
135.943419
89.280829
70.654111
65.957827
104.437832
110.921757
75.072466
101.803008
80.310541
100.120559
111.792326
84.524114
100.245551
94.058912
105.853173
92.013206
85.315337
89.752390
81.932185
111.006693
104.807546
63.038032
70.120114
85.893328
107.726375
97.012859
115.399800
117.922283
131.881625
73.768084
91.097518
106.961721
112.146322
85.387173
86.293919
123.747044
104.979757
104.958986
106.266943
84.347756
88.417776
73.127119
71.753535
73.218097
87.373748
63.481843
66.721110
87.479089
116.511513
93.879153
79.445827
103.068325
89.688632
99.585522
88.349386
93.622883
88.120678
62.582863
103.353328
104.479032
83.785199
92.814926
90.815661
83.289535
103.970532
92.486461
85.816729
86.198078
72.232423
110.813581
112.193226
109.806323
74.568870
95.129582
102.592869
78.673201
70.434952
98.792924
99.066021
116.880776
116.537853
109.835711
86.823384
105.481134
93.753502
103.321961
126.262228
80.250563
78.368154
115.467670
124.383498
75.814610
82.824827
93.292230
87.739013
96.050511
87.296051
89.132863
88.493636
81.650613
81.050884
89.230190
79.791489
79.498609
111.802124
75.613666
89.386359
80.628020
99.519515
114.271912
83.234904
96.768539
83.102623
89.276868
130.210148
103.888969
92.958490
88.159124
77.610120
73.295748
114.951017
104.113949
81.071005
77.849463
100.376420
129.087746
75.512340
94.013332
99.723012
70.432251
89.161901
100.478294
108.173525
90.753088
83.824239
113.824980
88.365421
110.223347
77.491826
95.407308
71.253403
102.468417
98.084361
57.397550
