33.718788
34.456159
38.935613
25.894510
51.610748
26.192014
30.866437
32.217452
16.346475
40.369331
22.937728
32.232238
26.386682
26.738862
42.119253
33.002038
29.741530
20.670367
22.147434
30.877728
26.535673
30.500819
28.457947
10.958575
37.818200
32.468016
17.705024
27.154077
32.386445
23.169963
30.569021
29.142872
46.013321
20.760143
19.026158
19.572370
36.087247
34.359977
28.655212
28.446130
12.694918
16.341479
23.920717
28.176264
23.220924
27.688788
34.006130
32.905381
25.178640
35.689908
41.631743
23.840054
23.969408
30.096374
31.005726
28.808431
30.556001
39.195922
20.583085
25.055141
20.438491
25.586449
53.423282
40.941501
17.513759
21.454255
19.801471
28.734190
21.337617
28.572976
24.220382
32.801127
14.129540
15.110134
45.910155
32.111519
33.008293
33.897843
35.146529
34.398329
20.509367
31.695209
23.923300
31.042949
29.566739
36.819840
28.532389
12.109168
28.320305
32.143566
21.027394
38.607593
22.459045
27.580914
24.622434
18.441395
21.751777
17.472991
50.139396
32.330444
20.754505
41.588686
33.292540
32.089949
28.978613
22.201104
24.520797
22.159720
35.868318
21.462870
27.575414
25.227920
50.100325
15.761667
40.007789
20.935308
19.003022
23.781352
18.977784
29.335525
31.855425
33.804068
30.838612
48.847638
26.073796
16.883159
32.862594
19.422897
42.133410
29.574439
26.007476
31.916172
33.043987
33.056059
20.272442
16.733134
36.526685
36.743752
31.646796
34.276845
27.352981
26.622491
21.572385
29.230298
43.035565
17.104740
15.124159
19.602879
23.848606
19.618007
31.508404
27.272285
19.542195
27.358453
41.853154
33.833752
24.832319
21.293566
19.327995
31.328779
19.731922
24.049556
28.292081
35.487726
36.127817
30.700734
38.356312
12.334503
17.933436
12.358866
23.814806
16.393113
33.444501
44.566262
33.065305
25.020344
25.191226
27.337675
27.825180
15.136392
22.282187
35.254133
35.224882
23.669885
21.527296
20.321812
36.439120
35.058474
22.066411
30.491114
32.643645
19.803004
37.609597
20.706482
22.371553
16.020310
15.881751
22.820525
25.485181
48.780125
40.998407
12.034456
22.738254
17.810297
34.313090
36.036534
30.200974
38.303177
26.484548
49.853349
19.930945
21.594775
27.222771
30.819662
43.300514
21.394008
19.906643
23.472230
31.752545
27.493290
31.274858
25.180549
31.621456
18.905069
36.296467
45.330795
29.173203
45.561730
23.229834
18.583313
23.070655
17.640072
17.119606
48.555660
25.814775
38.751636
35.612855
43.281646
39.415088
31.526571
26.183262
27.967387
21.969927
29.601329
46.834154
36.576592
14.258473
18.957666
23.334345
29.092757
30.829973
39.768093
21.038927
15.156305
13.334808
29.904516
31.449034
33.887707
15.739304
35.475394
36.021330
21.693979
33.213539
32.740627
19.161323
29.658692
15.392607
37.455171
30.719098
25.631226
31.157580
22.446673
18.269198
17.676272
19.402682
47.823818
28.452706
35.360917
27.478623
23.237914
23.441477
24.660954
19.031090
38.456330
22.812585
20.918115
32.983436
28.811041
18.577950
32.490040
29.561607
22.722240
37.506133
18.829665
26.023940
34.733155
18.621269
25.454964
14.250627
40.057042
29.984768
33.954741
41.766998
25.916193
41.997609
33.764423
22.498151
36.081148
25.369069
38.568109
33.615092
21.351307
22.871996
28.870711
33.027921
19.260363
21.272677
28.947141
39.139498
22.310870
30.382004
32.410890
21.860062
29.971244
28.875493
16.515061
14.965480
30.021892
23.009181
35.583737
28.517911
14.862255
26.944665
22.675563
16.192496
16.593305
27.493540
27.058322
20.777809
31.287626
28.060742
21.871886
30.410327
14.610707
26.196904
22.825446
16.473314
13.963018
24.475239
25.009319
38.473700
24.701811
19.854301
32.203932
21.091488
34.367880
16.290855
27.250499
20.170891
24.270476
44.810207
25.616725
26.224017
28.825439
36.413959
46.061974
26.958050
23.759134
45.474644
15.451887
25.485845
13.764843
32.397614
28.891547
33.190594
39.630615
14.184314
35.669539
16.218755
45.859393
14.845143
47.879959
51.372254
30.576264
18.352232
25.652598
14.973794
37.514722
28.217377
25.586102
43.645378
39.604963
36.879689
23.211807
14.415230
19.632762
33.629570
35.891082
21.331368
21.413673
18.093914
24.132650
39.177271
30.438415
36.841467
17.531790
29.309723
26.123148
33.765687
44.268299
18.255973
37.524013
51.697011
35.280566
16.113913
23.622727
32.519531
22.124591
19.301923
29.890191
21.999148
25.736647
38.205955
16.234197
30.658969
27.699509
17.863580
22.375808
27.010831
49.674225
30.219546
24.465082
19.351049
11.996720
39.729232
15.757029
20.508930
45.964456
29.574597
25.352122
15.743700
27.181006
25.732964
27.623266
29.263567
30.833941
30.852845
26.394699
28.164105
18.713025
34.194170
17.181126
28.871729
24.793687
45.173137
36.886127
16.889175
24.764981
10.403312
26.610316
20.766097
25.520445
48.483799
16.482702
25.960941
23.126470
37.680807
22.366454
15.074153
23.068626
19.781257
40.701995
39.046699
17.125358
20.587026
33.655813
20.400445
36.495357
23.384931
26.038975
26.273576
29.645738
18.049774
35.130603
37.878334
19.714551
17.058932
28.057693
30.488311
25.556323
39.805054
28.701177
16.340021
21.245807
29.001007
28.865887
17.358218
34.805341
27.901662
15.295484
25.438698
32.469237
33.715175
28.931000
19.777662
34.432926
33.626017
27.239552
36.386088
28.361272
33.656529
20.315504
32.613095
34.084785
41.069318
28.971242
31.818726
15.714990
28.961146
25.459481
21.264530
22.797367
20.931049
20.865951
32.560958
32.382617
30.714967
13.821808
25.073755
37.856371
20.214462
12.736786
28.890189
20.914435
39.226198
27.889387
30.092259
27.920589
41.750620
15.086487
39.788624
36.830626
32.387823
26.838754
18.466732
45.383640
33.572575
27.732726
12.886871
34.054411
16.065305
38.832555
33.570123
17.692238
16.603978
33.001927
24.852261
38.751049
15.759824
22.836670
17.201515
36.000433
26.833206
39.609922
22.107170
40.030075
48.497586
29.547026
30.628453
35.448793
34.832536
37.651019
13.033239
48.994696
28.403199
18.462694
23.144413
29.751580
25.486591
20.866421
32.446514
33.249543
31.157395
24.252645
33.142352
22.877034
32.607276
32.818722
20.126383
34.028563
23.183773
33.901891
31.234843
17.291321
16.144072
25.725481
37.148935
20.185254
39.901536
31.824596
27.717055
30.145870
16.979163
19.807459
29.845111
22.574302
27.510565
43.251930
41.423171
26.483291
27.325214
24.511236
28.935251
28.000310
28.879498
18.455909
21.889213
41.638984
24.404681
37.852639
21.718789
18.377843
32.915506
24.910640
34.846961
37.042253
40.126350
18.829882
24.464067
38.687454
40.995090
17.492345
10.019426
21.647826
13.986897
28.864007
19.545949
38.927922
21.163195
45.252340
33.949427
32.929861
25.819694
27.844381
25.302664
27.183637
56.447569
28.371125
26.632218
27.794613
39.922243
18.844055
42.682894
16.453853
33.005558
37.314664
42.762153
23.256190
38.964183
12.161758
22.661480
30.747024
52.674408
23.792747
20.452101
31.168267
27.187842
42.705517
25.488719
29.203238
31.750131
39.205337
22.248048
41.658474
35.690183
46.367458
27.992787
26.464763
28.568501
26.782497
32.409547
17.055211
16.387380
25.103349
35.407361
36.107199
51.629649
22.052659
15.219872
26.478954
34.480162
42.622040
31.065437
24.789719
52.037119
36.061038
37.272920
33.455740
30.621934
23.823505
12.367944
44.410058
21.306157
49.046453
48.492045
20.832467
16.575439
27.724617
21.870612
27.657144
28.148927
24.883026
26.080988
14.222638
21.787222
26.232708
27.674225
36.278312
29.296087
32.389319
25.712475
36.039971
32.446398
25.550818
20.360555
41.521546
18.056235
28.216999
46.093017
19.488767
34.302216
19.577648
34.875279
26.080328
18.569758
25.978134
30.531279
33.216425
38.532072
38.496935
43.125322
17.538129
24.385618
20.493131
24.902604
33.960859
25.433211
34.141376
26.538384
28.761178
27.161965
45.021035
25.708692
49.390266
26.414146
30.246184
14.328344
21.504510
32.884582
25.837287
25.525834
20.938154
23.704847
28.659719
9.917936
35.165965
35.949494
38.088434
23.260379
24.995107
36.590588
33.803560
24.018082
22.975179
13.380450
23.249256
27.528076
33.606149
35.070694
25.557020
38.958719
36.331035
24.988328
39.645344
46.524411
19.348550
27.967210
18.012474
21.653007
39.471492
36.424250
14.146793
34.973888
28.544132
32.834665
27.586716
29.399788
29.367416
11.538958
26.868414
24.992937
15.953812
32.294375
14.587161
38.402420
32.892536
43.786070
35.108554
27.447852
37.118674
42.698021
25.305085
11.389115
14.016227
19.306670
40.547190
20.231914
35.092363
26.380424
36.405613
39.738159
36.623304
24.213128
45.717536
33.125281
35.469850
20.094503
48.453479
29.062540
22.002187
20.376586
35.393697
15.980060
29.486065
31.494615
37.855430
37.793526
15.282686
30.673589
21.680630
45.854876
33.250104
35.208119
49.137354
33.712682
23.186028
27.713223
47.930779
20.693034
20.445268
40.864218
15.063605
41.617569
26.885563
35.014569
42.934677
32.612175
17.887818
13.510286
35.444732
25.595347
38.305284
47.360532
25.784279
25.608346
32.010878
28.266822
29.662809
44.292490
25.539414
31.604562
23.454623
25.001737
45.851586
20.653673
35.142351
37.350306
40.660739
28.819693
22.972070
39.083869
39.106024
38.133237
32.598585
44.528980
20.380318
30.531241
25.889938
30.300287
22.811792
38.109618
30.588496
21.622210
22.719701
52.698853
25.069035
24.847375
34.234394
36.208214
35.484647
16.220759
38.331114
19.014935
15.738105
39.200272
41.956715
30.549974
38.416755
26.482587
34.575443
19.093746
35.076644
23.073467
26.327075
23.824956
42.277984
26.155365
22.100795
40.453342
17.778336
26.343751
30.184966
26.865180
15.820997
21.095970
21.246358
44.844453
28.986815
31.000672
37.430949
27.652647
25.009645
21.778748
36.475333
32.705805
17.177282
44.891069
39.322721
36.956142
45.952930
52.370681
18.511069
14.775222
27.364003
19.209103
11.850211
20.314111
31.293478
39.755380
42.763519
27.273497
38.561915
19.436688
31.408015
25.471179
23.240191
38.906027
14.395579
22.592339
30.715797
30.862864
38.849082
42.170401
45.030716
48.357171
27.678318
20.742168
31.869406
33.298638
28.579066
19.727384
29.506847
35.869209
34.608944
35.220183
21.868206
30.414460
20.441667
39.950854
8.567265
19.513056
41.818669
20.608121
15.822924
30.419772
22.798856
18.330503
27.555336
17.182214
17.907034
26.021431
32.933034
26.931042
25.739323
20.733978
31.666465
23.489122
18.064171
17.567048
22.313292
28.999756
43.948557
27.999033
19.807253
29.114300
44.262035
36.862993
23.141169
11.247690
26.235092
41.704144
23.066261
30.673688
30.861405
19.135092
18.374312
35.554824
20.458981
38.573913
30.390119
18.018653
30.642632
30.925943
35.102083
31.089060
30.287305
32.595733
27.924306
26.242902
19.228150
31.120684
33.258802
43.772728
40.332394
31.167781
17.398353
20.444452
25.594866
38.250509
38.621174
39.050080
16.846859
39.720624
27.680681
29.544779
35.008217
35.655418
17.018468
42.942907
28.308233
22.994255
20.580856
30.058112
31.633047
37.544119
19.298575
37.076267
32.703192
16.300878
21.207206
32.333671
26.153842
38.300753
23.904159
33.143816
16.968324
38.391607
35.529302
16.570777
27.835661
24.669441
45.751491
18.627524
17.784024
31.344002
40.266605
20.817704
25.522187
31.000855
30.025530
17.128527
42.841976
20.724620
40.749437
33.091553
28.301272
30.419819
16.233737
32.575634
16.233516
36.497597
23.028361
25.660617
35.339675
35.639653
31.970991
40.815952
18.631343
30.271235
30.098202
44.536891
21.759470
16.822863
44.071917
33.215130
37.108454
31.731053
32.452294
22.945869
19.627940
13.635016
19.722174
11.168002
25.887338
20.742196
45.453715
31.146171
20.897569
26.308132
21.744221
31.591742
30.462730
29.866477
21.173003
27.252427
40.229810
20.554459
24.631729
31.492585
38.065299
27.726804
21.605940
27.360621
28.635738
16.440370
18.847037
33.358458
34.944026
36.148397
40.613654
23.153770
23.909370
34.396470
34.128834
15.908052
19.270744
34.720198
24.904535
42.169041
35.851686
20.932322
39.705860
19.644489
16.431873
20.962392
40.202902
22.042467
32.008994
41.644167
21.131204
18.053218
44.950510
46.441822
23.471645
28.437221
12.282186
27.273779
21.548404
32.376053
26.970422
15.085735
16.777148
30.890562
45.318598
23.539737
25.544552
36.959445
31.893916
15.797773
34.479864
24.467220
22.739914
31.566971
32.800577
39.409127
30.486045
32.633184
21.613927
25.408851
22.464423
28.206505
33.123834
30.145057
38.632472
28.924424
24.130210
37.433950
50.352345
18.163030
31.974880
45.637183
21.294417
33.270551
33.109906
12.675071
17.097412
40.182134
24.866548
40.982033
18.491533
25.370495
28.784016
19.635601
34.663509
26.145295
