72.352253
61.477112
65.964127
52.102638
50.840562
67.466626
69.781079
58.580056
45.128544
62.510230
72.569670
50.191733
78.131150
89.265583
83.996309
74.446940
69.531274
60.124389
47.146869
58.247007
45.551721
39.778937
42.535443
48.924540
49.458094
61.579165
75.959838
75.731962
66.694053
29.960342
79.100493
59.211649
67.552260
63.352381
61.924336
56.518439
66.619851
76.914632
60.789925
38.474751
53.063344
72.274643
50.145663
63.659880
45.886278
57.588839
63.577380
69.938883
85.033174
99.261707
61.272101
32.693612
64.389744
54.380796
56.541229
55.193699
74.848726
39.212583
68.352423
62.697713
78.350620
52.125965
67.269694
79.186523
51.539525
76.789434
79.954817
74.745121
57.279544
66.814861
29.764195
58.962628
43.075483
44.280336
36.908952
59.398348
62.253452
59.088636
69.971405
55.954661
68.416949
91.246478
44.911356
49.536227
63.401893
69.097418
82.185482
63.021889
57.231152
44.125794
56.492119
68.506987
78.432233
60.458728
49.062655
46.278548
49.450586
63.846039
55.350342
52.488172
55.178938
80.151303
64.979298
82.409464
59.290299
55.665237
53.414853
67.794853
43.348359
71.333012
55.004872
68.735978
60.982994
70.135655
73.375809
76.215864
47.047446
58.324874
37.843263
49.468127
50.544272
62.171334
85.627595
71.108807
55.597997
73.083269
58.529987
65.266089
51.707574
75.015268
74.397802
38.561419
61.584590
51.232542
84.699676
69.770529
57.561640
73.072855
73.505704
62.610325
49.259531
70.943632
80.784986
85.385332
59.906794
73.627084
80.574549
75.856233
62.639783
57.493659
47.878773
80.240996
44.647904
54.933314
40.714943
68.179411
37.627223
74.311698
81.307387
50.450115
56.322350
63.394673
73.854698
75.557490
56.114605
64.841269
68.197281
37.414823
36.602639
60.871389
67.086597
73.239830
72.468072
64.647826
66.780648
55.606142
63.198232
72.373520
64.187374
69.637156
66.014237
60.946925
58.518803
69.046845
57.927540
52.257557
59.750182
56.080087
52.136718
38.137007
48.333730
61.084342
66.716867
43.133975
74.099118
54.215708
75.238290
56.901375
57.265027
74.597383
61.289506
66.176261
63.613062
64.205162
38.997671
89.775239
79.845054
67.202832
83.089738
44.971866
53.908337
39.585442
46.218343
81.295750
49.738259
57.519417
64.322600
40.215917
77.201107
78.965106
84.048324
62.988551
76.333406
67.227307
47.114310
71.021613
55.448594
67.667424
72.792987
78.226878
54.182383
74.939570
61.567131
59.307500
58.053044
74.083737
45.364933
67.662108
32.022657
64.795984
79.439054
83.713742
72.422705
49.193097
68.901075
90.051254
64.467465
63.056394
36.883110
63.374896
57.153424
64.308503
57.119003
61.839224
86.343608
62.403285
71.936745
43.590141
51.026266
62.896255
73.299519
44.114524
49.072072
66.853440
72.690508
55.365165
66.468611
68.745257
49.967111
62.572280
61.121535
51.772213
45.646423
69.281497
75.230186
64.426712
51.861681
59.899231
68.412965
65.689212
63.234648
57.140023
70.350057
72.572005
74.425888
54.304430
56.754270
77.374441
72.451848
65.776965
64.178905
49.415689
49.581527
77.927618
62.494671
47.007845
46.495843
53.636678
84.362919
76.326091
73.608857
63.022232
57.842317
44.364294
62.182510
68.942206
51.078001
44.151146
60.675641
56.402691
43.582703
79.824230
67.878946
59.563700
73.423633
43.642338
88.446909
85.067714
46.077778
63.663410
87.875269
66.584603
74.742138
98.501177
68.108531
74.885326
29.111705
66.220482
72.526820
44.919110
58.291309
70.330458
38.327216
39.137188
65.847312
69.061453
61.668583
71.196229
62.120761
75.842496
47.897349
71.895850
73.437266
66.219195
70.000882
47.272251
69.708212
71.071151
72.563003
58.705752
61.926771
52.269368
47.182474
50.585310
61.835439
85.200058
58.160373
56.476360
40.783126
63.719148
54.132172
47.957218
68.060536
49.857493
26.402473
76.794460
63.026165
76.257344
63.053837
54.130909
65.754582
74.431915
52.104464
28.611415
51.608448
31.988213
78.206433
62.706483
62.261923
69.658954
60.294584
57.478034
58.878063
62.049124
70.306651
62.363605
45.752575
57.417218
64.404624
42.084186
48.287481
48.718490
72.159178
63.995798
69.106448
56.412000
58.091970
71.737807
96.379753
81.173511
73.741963
29.141256
61.738867
67.219040
80.052970
64.803166
62.703547
75.926357
69.969988
67.132368
68.420754
72.698127
67.473919
52.259857
66.499590
35.882020
65.584812
56.851034
66.491324
72.541857
74.510326
46.356910
50.939963
50.155833
47.693168
67.423112
65.447593
59.519295
48.582054
68.946014
53.654572
82.760954
96.764857
66.656780
34.460943
63.812344
43.761883
78.713543
55.693945
65.621505
55.059948
60.029527
82.217341
69.079258
79.415208
65.445036
53.879527
76.377735
72.978371
81.544172
93.975156
63.071114
65.391795
72.191843
61.652039
72.310956
79.861883
76.889107
53.112287
64.394681
79.452687
64.788479
58.753937
59.730941
40.554527
75.273688
59.607495
44.644201
76.126295
70.893122
48.803095
58.994901
70.178139
78.487209
57.939630
59.921982
51.005584
59.729925
51.490583
49.157269
77.545068
52.865457
62.073212
70.977865
49.676979
38.778503
30.763409
56.894738
74.635130
51.254623
63.948214
30.295756
65.644718
70.617099
70.792905
60.695851
53.337037
56.193774
59.134921
56.487999
54.251835
71.047547
64.681105
68.310838
71.472879
52.801261
65.821180
65.707012
71.816650
69.925599
61.528389
79.646228
69.718434
83.382108
93.533246
58.764574
59.511308
60.326252
62.787404
72.138884
69.226940
64.097447
91.613725
57.391892
74.961362
71.092263
68.118872
72.476438
76.245130
50.611196
67.689231
47.066548
40.576920
74.911419
60.267803
40.977841
72.158413
61.929202
70.494043
47.605825
70.634922
55.138761
48.697211
74.866646
68.688138
56.292027
79.790144
59.069514
78.032562
79.692725
53.682198
48.357750
70.986156
50.084526
65.244372
78.607947
60.794836
46.574892
76.897857
75.681853
79.625905
66.327097
61.657477
52.860643
84.099351
51.652222
83.513530
36.817421
40.931595
61.733175
78.930013
74.570082
59.433575
77.000503
53.897448
55.318166
63.456342
91.062042
45.440388
57.830016
68.624144
71.645016
67.422545
40.673315
53.542015
53.322111
67.532779
63.746415
66.140273
81.247421
47.974732
45.883036
51.448220
65.841354
66.335313
47.560243
41.218064
46.804288
65.438516
55.983662
57.732137
78.130317
87.533187
55.085012
55.124924
70.231267
63.654970
63.718114
64.612530
81.972382
58.076002
48.969364
51.382871
74.754286
47.550900
64.736645
63.268565
68.635150
47.679704
56.086664
54.576725
53.986555
65.671075
64.041872
57.277477
74.037607
47.613995
32.720523
61.677529
61.898156
74.653001
42.406747
40.463643
45.917144
62.684462
61.865025
63.814277
66.859474
62.898030
47.184630
70.416933
47.111981
89.401270
69.470869
73.589858
78.526388
60.792693
67.314014
70.612369
73.618420
63.890239
51.603741
51.604485
70.819398
66.432326
68.006437
61.978723
51.670145
55.791305
73.983070
43.396792
67.448692
59.177840
65.975418
64.020903
55.459914
57.724021
54.407597
44.398492
73.360717
67.716882
44.985539
48.314962
36.822664
66.902008
60.328020
64.935113
48.238811
30.382329
47.284484
68.475954
68.894566
65.797905
66.430999
63.650155
54.758133
53.878231
52.144087
83.618220
66.909984
69.050144
73.221464
66.727046
72.996586
65.894371
57.236733
66.530742
84.857511
57.184554
50.331901
37.920536
56.198966
78.485216
65.691353
72.201420
86.646787
82.934105
49.511261
57.587074
61.942036
52.908962
67.453187
65.164949
67.418364
72.714990
53.349426
66.803537
74.089826
45.133463
45.769796
55.548444
56.100282
74.330393
57.623895
36.083733
55.128446
61.267102
59.740400
75.420527
56.165752
67.650810
61.442979
71.896629
54.671398
65.855147
43.439745
73.633825
77.672589
58.526197
37.312305
46.751175
58.321773
54.180039
80.801366
85.087575
81.185743
44.923758
63.837458
49.677777
72.459700
61.204631
48.346814
68.401875
69.497124
35.648072
78.731868
74.713354
73.573271
64.102334
75.177593
68.471860
52.635039
76.807050
38.255625
46.604565
45.772358
51.874004
77.302722
55.963774
48.283728
86.100070
67.672832
74.883351
57.079122
73.281375
58.685683
42.953653
58.396228
61.813398
74.195726
34.684571
59.866789
32.383479
46.929765
63.873279
53.970919
78.865024
47.753066
50.359138
56.147769
52.620650
91.513068
71.083854
54.321770
69.124473
84.217223
44.586804
39.973317
81.104555
73.959514
82.562447
83.041248
61.627578
72.876882
49.056903
57.692472
63.127038
62.711006
58.959683
69.558177
49.596480
60.688498
68.947627
68.091839
61.765798
44.300303
82.923772
52.541982
73.045417
52.454619
66.120809
75.896959
74.620707
48.538710
50.337103
49.602960
64.335141
68.869640
83.949361
49.535957
63.815459
73.659031
61.524691
47.912428
55.385375
73.239896
72.593921
65.731150
42.177638
55.593509
49.209744
93.777890
45.580252
52.701800
47.269696
41.324328
69.916040
60.704136
74.611443
50.298476
48.469915
72.506103
58.404945
45.751941
66.759413
53.222972
89.564549
53.959743
37.739294
52.643671
51.923202
83.889103
71.540099
64.650989
49.828355
87.916780
69.578973
59.100476
49.560023
75.665658
50.650728
39.660563
70.633378
54.936684
57.378937
47.151339
53.475848
68.869623
34.697840
72.520973
71.148408
43.228573
59.693710
61.258979
75.690099
66.035969
62.957533
70.346622
59.487228
68.136897
60.223364
77.353725
66.135925
62.808050
36.375974
59.806450
75.179749
59.391642
82.870892
70.879347
75.995864
71.306426
56.256531
72.441444
72.364457
47.619683
53.432450
76.514961
86.606034
84.246817
33.498467
69.317659
46.899151
66.953268
51.075595
56.639514
68.380058
66.069420
83.956216
62.349954
78.131137
45.964449
40.244715
74.639181
70.458995
66.277258
61.259557
60.776954
50.407848
58.344214
65.294513
68.543017
66.310390
53.053422
65.768911
61.938007
76.048877
81.702893
61.058045
43.095903
80.547435
73.648029
67.775727
68.992494
50.696593
36.893563
46.654026
76.788797
58.898786
40.072743
69.948846
53.454314
67.332560
44.426075
66.387432
47.665333
65.757807
56.017896
53.189798
49.438199
