2.335207
1.274526
0.901899
0.324438
2.208608
3.132770
0.404447
1.857272
2.289092
1.724732
2.123223
1.280144
0.688517
3.703522
5.082636
1.079397
3.719601
0.875801
0.549150
2.828811
1.405995
0.010377
1.506616
3.401307
0.466459
1.605924
1.310224
2.504289
2.771459
2.597021
0.965611
1.447822
0.691130
2.056078
1.565818
4.750721
3.061592
3.467499
0.242204
1.847949
1.620628
2.040668
0.349286
2.264168
2.004305
6.005955
10.674258
0.882065
1.362404
2.119760
2.641661
1.500049
1.096715
1.324176
1.697612
1.984121
3.164562
0.169236
3.048246
0.253048
4.369131
2.769805
1.779401
2.709652
0.383138
2.730103
1.473630
0.912851
6.126031
0.106625
0.419076
0.668085
0.361305
2.068548
0.770910
1.959320
2.799456
2.383838
2.559775
4.135861
2.122654
3.209467
0.601711
1.811578
2.311897
0.961933
1.528765
2.548080
5.148668
1.509261
0.145303
1.175037
1.497123
2.401459
2.730422
3.296658
5.252760
1.250625
2.782674
4.876836
2.286281
2.533210
1.906557
0.339248
2.639234
2.475598
2.512703
2.851047
2.759091
3.730430
0.221463
1.344770
3.734735
0.593461
2.498171
2.336544
3.632211
1.864456
2.561376
0.672478
0.264287
0.861051
1.483694
1.136645
0.652155
1.696372
5.139369
2.574224
0.823435
4.332905
3.619738
7.271949
2.736707
2.005318
5.007923
0.422299
0.842721
1.357702
0.347162
2.229439
4.983846
1.137809
0.816749
1.594496
1.604327
6.210372
7.762533
0.294789
0.994770
2.836214
1.226859
4.625162
3.903752
5.194565
0.838985
2.066122
3.899009
2.934165
4.058861
1.272711
4.235418
2.114456
2.805549
2.504940
2.071556
3.172151
4.357885
5.742278
1.181567
0.286660
1.086476
1.609944
2.558934
0.313230
3.047730
1.873298
3.230204
0.150709
0.396798
3.525012
0.859979
7.607302
4.189045
2.032939
2.001293
3.107355
0.644572
1.400250
3.172136
0.281223
2.658619
1.772321
6.676243
0.886292
0.760604
3.641900
1.864631
3.208144
2.248836
0.159380
1.920211
1.653450
0.497473
3.825015
4.584359
2.534696
0.664617
5.722135
2.993633
4.189254
3.558360
3.845566
0.039030
0.408021
4.517968
6.901243
5.441351
4.119704
4.138788
3.392226
3.781723
5.214570
5.658436
0.139718
3.363717
4.087669
3.249664
1.483070
1.328551
1.313054
4.937267
0.320659
1.862866
1.321663
1.828805
3.295647
2.456947
7.262716
4.782773
3.973579
4.742471
2.159416
3.553637
5.238287
4.822041
1.131119
2.637703
2.652354
0.561231
4.808600
1.077217
1.168711
0.193815
4.017214
1.129762
2.243999
1.531184
0.579148
1.448431
2.520814
1.414394
0.880206
2.819978
0.839208
1.795518
0.955969
4.258139
0.642512
0.790972
1.765705
0.886587
3.864388
1.555395
2.778937
0.343924
0.484604
0.812128
4.460373
4.060982
3.392654
3.251286
1.900661
2.898942
3.644135
4.381062
1.333819
0.543906
1.709940
9.569859
0.271985
1.695981
2.396789
1.439255
3.835692
1.730731
1.526260
2.342168
3.573973
2.525315
3.998941
1.404328
1.275453
0.047618
1.410883
1.165830
3.904766
3.647928
2.549855
7.353399
0.064011
2.057890
0.706166
0.407404
1.066901
2.151540
0.808484
1.444780
1.330547
3.473951
1.595658
0.594147
3.606608
1.890797
5.656875
2.708373
0.203708
1.076326
1.360767
1.452296
3.023144
4.592070
0.407695
0.477454
3.225575
1.299949
3.891790
2.406398
1.585924
2.079092
3.515710
3.509200
0.428060
2.967843
1.049852
2.021069
2.273884
0.100897
1.758206
1.711175
3.461891
3.519589
3.630991
0.728799
3.789584
3.379343
1.720434
2.043125
2.425915
0.314921
0.577645
1.855314
1.493055
1.872259
0.435210
4.337088
3.519571
0.595618
1.999142
1.760786
3.129865
0.249387
1.233037
0.334155
0.662184
4.714537
4.206086
1.957702
0.664903
2.756738
0.639930
3.280959
1.247123
0.394572
1.009705
0.363172
5.189145
2.947869
2.639726
3.815127
4.445563
1.335885
0.105541
1.840822
0.307034
1.511453
4.049368
2.362582
2.355950
3.169532
3.778434
1.988774
2.765013
1.585056
0.978399
1.105174
2.183465
1.946333
5.688275
0.076348
5.075616
2.297511
1.554364
2.492487
3.251957
8.969347
2.087192
0.921674
2.377716
1.372782
2.388055
4.984057
3.489238
2.768243
6.221830
7.636572
5.165483
1.288941
1.033946
2.724300
4.936358
3.397079
5.075310
1.748300
0.444594
2.982263
0.219087
1.876751
0.021103
2.427740
1.498454
0.298930
6.340148
3.346663
0.281675
3.343825
0.409535
1.289492
3.209946
1.056425
3.902024
7.477660
1.995413
1.105810
1.200689
1.099439
3.252014
3.011471
3.791375
2.227088
5.562939
0.062235
3.913677
2.499945
2.217990
2.753120
0.864659
1.639001
0.683983
4.061474
1.975326
5.026648
1.102336
3.113914
2.114563
1.310764
2.068973
5.362931
2.469102
0.387850
1.589293
8.811507
1.193218
3.830762
0.586800
2.553941
1.967918
0.132913
7.259965
0.178176
0.546914
7.197574
1.994468
0.290435
2.427092
6.282802
2.967748
2.254523
0.816652
1.120578
3.676274
4.516031
6.001432
6.495400
1.419407
1.794823
1.807741
2.576526
1.848466
0.203277
0.556499
3.970406
1.656353
1.693576
7.161660
1.350805
1.721011
1.338752
1.725657
3.348713
3.189331
2.771303
0.158851
6.054589
3.347203
3.235394
1.291383
3.307946
0.389179
3.320230
4.976813
5.081965
0.133656
0.855452
1.649876
6.142080
3.420072
2.056749
4.305235
2.982292
5.987673
0.295606
2.939088
1.897422
3.213525
1.952818
7.269804
2.523198
1.918690
5.647475
0.358698
3.442033
3.236420
2.233936
0.884310
1.222126
1.349248
2.871766
0.556030
0.568786
0.898677
3.211555
2.704616
2.547926
3.804578
2.743154
1.947331
1.974253
3.441449
2.490383
1.766490
1.099911
3.148482
0.251291
0.793415
2.490961
2.652245
4.309394
2.287959
5.291114
0.483639
1.382991
0.603170
3.836000
1.792126
0.054444
2.688929
3.639044
1.872359
2.271891
1.062855
5.227973
1.373128
3.757300
2.873792
3.857913
2.788429
3.354737
1.109379
4.142623
0.351156
1.436411
1.271217
1.258229
4.822555
2.874101
2.947355
1.342255
2.270534
2.352351
1.549842
3.432209
5.587971
3.165365
2.773806
0.923050
4.377805
10.503186
2.734328
0.673138
0.513008
4.124033
1.120292
0.829481
5.317933
4.119063
4.084096
1.564116
1.538305
2.803174
2.972905
3.100760
1.275068
1.136952
0.906476
0.846192
2.030582
2.339895
0.244823
5.477476
1.228678
7.035834
4.142386
1.726206
1.583101
7.578206
6.824237
2.370734
2.864267
3.233540
1.185164
0.493428
3.967614
1.892905
2.195551
0.355824
1.880468
1.809837
2.982291
4.990521
2.578972
4.542993
2.244516
1.037009
0.910664
2.175595
2.367043
0.363114
1.008373
0.681574
1.183429
4.102264
4.446682
1.147458
5.073748
3.236063
5.868442
4.230503
0.693173
2.179512
0.621366
1.271637
2.375997
2.222680
0.718328
3.263506
0.535170
8.031018
1.108541
0.344267
0.601394
1.789840
3.590127
0.548100
4.928036
1.806603
2.057489
1.412988
4.816261
2.832040
8.286602
1.874537
1.549427
3.902266
0.329841
0.945594
0.582420
4.874987
6.854515
1.526009
5.222662
0.604430
2.632046
1.694917
6.117471
0.723520
1.044965
1.379623
2.596842
6.518573
1.184592
2.794694
1.194243
0.745634
2.831026
0.486015
4.251193
1.752179
1.164330
0.845376
3.194267
0.644931
0.512235
1.456054
1.272568
0.567442
5.524909
2.295108
5.355182
2.953847
6.817530
1.858387
2.202243
7.477888
1.836399
0.910461
1.716644
2.208798
1.318628
1.536767
1.423257
5.879934
2.434746
1.796970
0.947344
2.288489
2.212929
5.169100
1.852314
1.771329
2.200852
1.206230
2.737228
2.324528
3.421850
4.759159
3.082615
2.673775
2.820334
3.797098
3.139358
4.198153
1.191010
3.827785
1.512752
3.741417
3.241063
7.160482
1.172652
6.974648
0.055666
4.100898
4.893773
0.183497
0.253679
1.375344
3.073348
0.242172
1.176871
3.247286
1.278135
1.170428
0.233223
1.196500
1.064782
0.329145
1.857968
2.970947
0.851121
3.975480
2.047570
0.948871
4.178766
3.432598
5.352557
1.640186
2.609106
5.958346
1.196535
0.446399
4.422925
1.362880
1.258968
6.296429
1.431296
2.883842
1.906647
4.557705
2.035012
7.870257
0.351679
1.367156
3.409326
3.490268
7.078494
0.257539
3.931729
0.225977
1.151440
0.415100
1.899220
0.161212
0.735529
2.193050
2.550461
2.259786
0.612283
2.985692
0.387443
2.104049
0.269301
1.061693
1.895895
3.096915
2.223291
4.184765
2.732939
1.733822
0.237243
4.143903
4.484898
2.933253
2.037001
1.127808
3.240999
0.274778
5.610136
0.957270
0.108414
3.388460
2.589798
0.796082
0.023836
1.879542
2.049836
3.850949
0.194752
2.659759
1.110171
3.539893
3.586839
2.815778
0.188042
0.256390
2.178665
0.388140
0.867474
2.095640
1.095751
0.908004
0.717732
4.309131
0.264733
0.380204
0.731704
3.651814
0.061408
0.238418
4.205888
2.739425
9.032577
0.548232
0.876341
4.333966
0.375596
2.879028
1.315115
0.078202
4.851464
1.134236
3.831618
4.977670
0.844192
2.161007
2.191999
3.872991
0.505398
1.199427
0.806857
5.715096
1.286215
1.174818
0.105028
0.379481
3.352547
2.470037
1.496121
