0.007044
0.000544
0.009568
0.001293
0.002325
0.001501
0.000052
0.000593
0.033431
0.001979
0.000013
0.000466
0.004361
0.004588
0.001393
0.002915
0.000905
0.000778
0.001407
0.014434
0.000018
0.008360
0.002628
0.002025
0.003638
0.025780
0.000240
0.004059
0.007090
0.002357
0.004561
0.000249
0.003240
0.001678
0.002194
0.002282
0.002944
0.000499
0.002999
0.006298
0.000804
0.000333
0.009491
0.005574
0.000583
0.002638
0.000243
0.000563
0.000814
0.113631
0.002316
0.016457
0.000361
0.000714
0.000962
0.014264
0.003107
0.000994
0.000012
0.013784
0.004953
0.000764
0.000028
0.003020
0.085070
0.000098
0.004343
0.002989
0.003872
0.000242
0.000360
0.002311
0.002499
0.000539
0.005610
0.001673
0.008977
0.008319
0.000403
0.002826
0.005254
0.068311
0.100798
0.001658
0.002639
0.036365
0.005509
0.056105
0.013767
0.001066
0.004682
0.000966
0.004421
0.001060
0.000382
0.002624
0.000991
0.001310
0.022792
0.000219
0.000399
0.003392
0.013827
0.000417
0.000558
0.000497
0.011501
0.123852
0.004325
0.002739
0.001060
0.037112
0.000482
0.004770
0.009413
0.007958
0.008090
0.000266
0.009535
0.014092
0.149351
0.008164
0.003626
0.001811
0.000819
0.000576
0.000893
0.015932
0.005045
0.003353
0.000906
0.002090
0.002567
0.000448
0.011886
0.000746
0.000001
0.007819
0.003267
0.003363
0.000794
0.001364
0.001336
0.101928
0.006396
0.006219
0.001637
0.024158
0.009079
0.000307
0.001378
0.001737
0.151788
0.012781
0.009564
0.005859
0.000051
0.000647
0.000371
0.008017
0.030712
0.017677
0.001538
0.000194
0.000002
0.000228
0.005748
0.000146
0.000076
0.031169
0.000918
0.001093
0.000685
0.002449
0.000360
0.001095
0.000786
0.010145
0.009546
0.025239
0.000347
0.009658
0.216494
0.000130
0.000121
0.001306
0.000014
0.010155
0.000148
0.000066
0.000036
0.008994
0.003767
0.000166
0.005934
0.001938
0.009760
0.004902
0.013842
0.000956
0.000616
0.000552
0.000459
0.023999
0.012850
0.021521
0.043491
0.000001
0.000129
0.008716
0.000025
0.000105
0.001743
0.004904
0.007086
0.001361
0.002130
0.004697
0.015389
0.009698
0.031389
0.000326
0.022732
0.081340
0.001299
0.002307
0.000939
0.010026
0.002069
0.001618
0.017680
0.072255
0.005838
0.001329
0.008698
0.000022
0.000728
0.031780
0.000357
0.015365
0.000167
0.000429
0.000027
0.000937
0.007311
0.023863
0.003436
0.001000
0.001059
0.003094
0.000212
0.019656
0.003807
0.010370
0.000683
0.000103
0.003736
0.001887
0.033920
0.001093
0.006924
0.005308
0.000653
0.000087
0.011377
0.000928
0.008615
0.000536
0.002047
0.001429
0.000367
0.005509
0.001106
0.000072
0.001920
0.007471
0.000336
0.001108
0.101176
0.125234
0.002439
0.007339
0.003929
0.001280
0.004210
0.006881
0.003518
0.000987
0.001935
0.017621
0.004402
0.000015
0.049415
0.015803
0.002796
0.012535
0.000653
0.005987
0.007240
0.001955
0.000364
0.009689
0.000331
0.004513
0.014671
0.004759
0.000202
0.002912
0.000517
0.002300
0.002485
0.002406
0.015754
0.000259
0.001976
0.000871
0.007564
0.006030
0.000044
0.001293
0.002035
0.013531
0.001864
0.001368
0.000720
0.006846
0.001951
0.003235
0.001954
0.027279
0.001834
0.003246
0.000927
0.001457
0.000028
0.111021
0.001375
0.000979
0.003664
0.003534
0.000082
0.057014
0.006196
0.011871
0.006946
0.021001
0.032749
0.006322
0.000151
0.005780
0.012164
0.000294
0.007543
0.018312
0.000155
0.000576
0.000447
0.001364
0.002759
0.001826
0.001911
0.000646
0.000498
0.001212
0.000828
0.129992
0.002357
0.008173
0.009975
0.015930
0.002404
0.023415
0.001244
0.000539
0.002531
0.001678
0.005183
0.003758
0.001830
0.000325
0.001147
0.000334
0.000635
0.001658
0.006340
0.082431
0.002218
0.000152
0.000069
0.002068
0.000164
0.003455
0.010153
0.000040
0.013488
0.004088
0.002002
0.052594
0.005142
0.000204
0.010483
0.000061
0.003955
0.000773
0.001618
0.000295
0.000034
0.000418
0.179851
0.021211
0.004584
0.000368
0.021631
0.031092
0.007540
0.002083
0.023306
0.006324
0.001558
0.056188
0.009214
0.037543
0.005461
0.004701
0.002223
0.001729
0.000960
0.012395
0.001085
0.001543
0.000070
0.000001
0.032104
0.000994
0.000201
0.000947
0.023052
0.018041
0.003558
0.003601
0.002040
0.006237
0.000057
0.000870
0.000611
0.000606
0.001075
0.002662
0.000279
0.019885
0.001031
0.001998
0.000426
0.000510
0.007832
0.018889
0.004361
0.005713
0.004693
0.009655
0.018370
0.004361
0.002461
0.002510
0.000698
0.000302
0.000115
0.000772
0.001827
0.000127
0.066413
0.000913
0.001013
0.018005
