24.986644
24.472907
31.130596
16.233012
23.068578
27.333527
19.469483
28.407429
26.040142
28.326639
13.014348
19.646347
33.006136
36.809903
29.737836
13.629493
28.362193
28.160558
28.754773
25.288359
23.157799
29.290974
18.543329
27.371871
10.969777
6.307675
34.177954
19.643022
39.155753
16.012509
28.768862
28.275994
8.017516
16.339230
25.074633
13.749762
11.821098
21.589085
13.185270
16.850596
26.015120
16.325453
17.645487
37.946649
26.460319
15.145473
21.305626
34.025498
15.225757
31.362750
13.272370
32.629239
31.638047
13.355631
27.502900
40.633471
46.296328
20.220035
10.751151
18.882585
17.657638
25.956698
27.990095
16.430266
15.844293
16.378169
36.780242
23.539836
9.667013
20.543167
31.221829
21.000518
11.308330
31.104048
22.397510
23.965831
16.718168
28.598821
13.317054
13.406416
7.143631
12.041374
12.353813
28.532755
19.115440
15.486576
19.235799
22.013986
27.361115
21.470598
14.697511
33.018914
17.412253
34.354946
23.487916
30.178744
28.730653
12.898818
17.905331
23.787129
25.268396
40.825986
22.176979
29.713369
38.111498
24.067562
34.839618
33.137103
34.113987
31.057657
21.576335
31.989830
14.104067
20.149620
16.575303
31.842848
24.496477
32.920558
12.310348
16.819340
6.750524
21.817961
23.166639
18.990148
25.830286
20.957226
22.818589
17.024538
34.383238
26.538848
21.986162
25.450730
12.169273
26.499169
43.641266
25.920418
33.761957
21.206252
19.938453
38.604923
14.774796
27.047386
38.212325
27.350089
21.305338
11.528214
11.567190
18.726097
33.151012
24.408875
28.079355
15.118366
22.853080
16.992661
20.761142
19.751622
9.845463
26.330331
28.792139
6.617470
19.348980
16.625172
30.541744
23.858929
23.120992
15.437020
17.810055
19.521473
34.012839
41.114869
36.802943
25.973736
35.433912
42.152084
16.681716
30.761647
18.838378
16.714237
22.771132
20.409569
25.239211
27.385898
40.273534
2.597256
12.645682
15.248679
18.263971
30.194871
30.725700
21.330215
27.719853
7.210906
39.900824
25.707534
15.845341
33.824439
27.736996
21.530417
46.059602
27.587922
21.600924
34.289312
14.801482
25.777228
45.774936
26.564207
28.053327
31.766158
23.181298
17.496354
22.990089
25.487213
13.160068
39.295157
31.239826
33.317710
30.928463
29.691653
17.423743
30.075114
16.791123
21.378565
36.547002
25.226485
32.559063
14.183535
23.584563
31.678879
28.451051
39.219716
19.472594
14.627651
24.530329
43.984026
11.614646
18.730689
34.782803
7.546441
33.883943
15.527238
15.553342
8.307926
44.979121
9.749351
24.019297
25.572290
11.223543
22.820877
25.004188
10.189817
21.222725
27.347215
33.110386
24.595679
17.958678
21.797145
13.671396
45.093364
20.485179
28.406939
43.122787
32.955672
17.298258
20.642941
19.249680
35.762411
19.898832
18.578913
27.352448
13.794123
29.848400
28.353702
29.517781
38.066569
23.316613
27.025466
32.837167
27.413378
17.201416
22.753376
25.610649
17.491978
21.712146
25.368972
38.120198
31.024342
27.938375
18.560137
34.394801
29.129698
16.137645
37.301776
9.762771
17.081478
17.067675
19.233131
14.940863
41.346222
31.041710
38.737177
20.519112
14.361203
24.847972
23.460484
14.294942
29.032940
24.757303
27.434352
20.050322
23.989291
35.407295
38.154722
27.494024
34.413254
27.288538
25.480791
11.941017
29.547930
20.802092
24.318219
17.151367
29.152063
26.465433
19.028667
27.613895
18.298283
24.083283
34.913472
34.449816
21.133150
29.179732
24.226482
41.428000
18.666266
27.921574
31.301783
21.938682
22.728041
19.012395
9.761193
28.311031
19.592607
8.236720
22.183054
44.241737
9.264112
10.986892
23.738274
26.545080
32.409322
44.416279
38.345379
33.818773
37.525239
25.275871
13.210899
39.510035
19.312904
17.777667
48.574903
30.029912
15.901462
11.161086
10.873244
24.948604
46.470841
37.131275
28.870450
9.724216
20.950763
31.266415
15.149634
31.626978
23.434847
12.544654
15.440348
16.224134
21.745464
15.341923
33.602904
20.083110
19.426911
42.510998
19.877219
6.103575
14.165455
20.841617
32.858327
24.487745
24.140684
23.954483
26.867183
39.635406
21.652977
27.200727
37.237922
16.864166
30.147510
13.981729
27.846665
25.869062
24.958522
24.904962
19.618850
24.016266
17.635508
37.228233
23.819715
28.401578
18.758808
28.100821
41.282482
28.602377
22.462274
26.155709
7.612299
14.282693
19.095725
28.718177
14.699834
42.358133
21.709743
17.133164
27.416538
15.036017
25.381961
16.518251
33.424683
40.114470
14.741466
12.126445
38.576915
36.550970
20.714894
7.659535
23.174177
7.374963
38.435254
12.351530
3.868034
11.834162
34.914329
28.154142
13.409455
20.684028
14.718901
20.721203
20.777822
16.279609
31.955046
22.565219
28.171870
35.351848
26.048273
32.313860
20.239290
39.616022
13.211958
19.495366
29.654715
19.865454
29.006749
27.974148
20.077962
27.951593
15.030375
26.759006
21.760233
20.608150
32.591938
15.087943
39.355755
22.441653
17.514589
36.226664
17.705796
28.525413
22.975413
26.522948
31.273720
28.482819
28.601421
31.890163
17.256263
25.432508
24.848693
13.515870
21.800196
28.613979
34.030032
30.592028
42.167507
12.175737
20.665448
25.108355
41.754978
26.067293
16.664514
17.337603
27.072194
30.087627
32.959818
22.414978
20.742995
25.337388
30.565600
26.486622
17.221820
27.701792
29.014605
25.142139
20.438619
19.982452
17.856278
41.565344
27.923644
28.311878
29.489788
30.849430
12.687205
18.057775
19.225587
27.491383
33.144646
10.805369
32.640887
40.620745
25.093658
32.571843
12.339039
36.618939
14.416768
23.111762
10.489097
17.377135
20.245492
36.425280
19.210687
36.506621
32.845782
20.878365
5.126918
26.662338
27.705114
29.546892
30.558574
13.298466
24.451548
16.368643
22.684116
38.898922
18.642136
26.193298
32.797844
35.603817
8.204925
16.383308
31.479621
21.338931
16.801058
11.050785
19.039282
22.273892
25.927578
39.720532
10.644595
37.267031
8.679425
25.857055
27.225808
21.826718
29.008569
29.639046
19.225132
17.404688
34.773024
25.382115
20.148440
27.641142
17.794216
36.047798
25.877281
23.579594
21.588278
35.181298
13.162193
23.155480
24.587377
28.175525
32.708826
27.687180
29.889507
32.121046
24.166963
30.673758
26.700191
30.935547
35.774791
39.002589
20.718914
29.364527
12.962260
27.933834
38.985641
8.301302
19.265664
28.532496
23.681570
11.985794
25.605291
29.143372
6.761019
35.883286
20.331655
27.627066
29.602504
24.685283
17.921517
18.313635
22.628422
28.235379
11.493319
7.805540
43.046508
17.816389
13.809571
17.628382
32.843436
23.271529
21.851328
6.116326
31.703984
40.354888
24.791099
31.025901
35.798732
26.749827
30.015826
13.115403
24.612660
23.534491
18.173710
45.230217
16.826168
36.778212
23.492018
13.304304
22.618551
16.954889
34.485849
26.873111
30.415975
23.752126
15.366607
20.856998
29.368980
21.894483
21.774637
17.482207
24.042214
22.933730
26.505489
29.157859
34.836221
18.623231
23.375490
32.758672
16.987511
32.738474
35.294431
22.257530
21.768004
37.098826
41.176068
27.343649
15.544169
15.370748
32.545817
34.442608
18.628215
25.806024
23.436760
10.578685
29.105524
17.692520
30.545026
22.316444
18.149671
21.929381
33.351044
27.910369
29.473698
29.065629
16.571413
16.846398
11.248692
23.180894
22.784667
23.729279
17.338432
26.784414
21.178212
34.916288
17.640148
39.630694
34.310323
22.652896
23.143406
26.856663
15.999703
15.494261
33.933512
23.306069
22.291027
30.521339
23.626748
20.538112
24.545638
19.723756
11.947697
16.972845
25.826897
33.107625
17.082458
18.625764
25.842797
15.161138
17.216053
29.665915
16.053000
21.157814
23.711373
25.309695
18.931512
26.335236
20.437023
33.244422
23.596950
10.388443
28.251116
20.347076
16.902141
12.282527
10.590656
26.707268
26.748698
15.184472
25.435876
18.772436
25.208788
24.714544
19.850965
25.830878
25.063073
30.230826
61.328889
22.993624
25.828589
18.217273
11.532956
15.277892
16.275437
40.056418
27.987469
29.643430
29.961237
30.292140
22.691875
19.773889
13.719008
4.512922
22.228118
25.026360
18.270295
16.035570
19.067523
23.643935
12.515951
21.521362
28.872608
23.523969
41.054146
12.258694
29.240053
19.361774
25.472674
38.017656
21.933370
30.233808
42.175444
29.903676
20.341440
33.559197
24.579230
19.627177
28.116552
19.080365
21.803613
29.804669
21.306864
19.855220
41.352121
33.365230
29.215611
35.364507
29.477962
24.392370
27.102904
14.637998
27.379848
31.931133
9.786598
39.831983
8.434152
23.942181
27.636797
24.750693
22.462979
31.068410
10.778777
22.931269
28.888781
23.333681
14.276484
28.767589
31.455093
39.477247
26.465262
35.933066
29.646103
15.425315
15.898595
8.483039
21.290444
35.976069
24.467849
8.934824
30.232833
22.481198
24.656617
21.929813
22.230564
23.200683
19.080524
21.021066
30.606016
16.592808
37.428696
32.132055
19.494330
41.608881
20.903674
10.131958
19.054922
39.898555
20.800797
42.381170
16.736823
26.947235
33.472480
33.515216
25.806249
24.030071
34.241259
30.134592
16.114048
16.810638
32.664261
27.899660
40.129383
30.771805
13.468543
35.244343
24.811498
35.393056
10.141021
7.035902
19.622816
27.234614
28.991057
30.908347
26.478942
22.923785
28.201729
34.862506
22.581131
27.418374
35.807376
31.842468
31.055505
22.905357
13.156702
15.802364
36.190016
15.307177
16.856983
27.854870
16.892559
28.027076
18.651131
27.641856
29.166949
25.374320
28.652427
27.467564
31.060196
24.337191
21.421308
29.614428
22.290713
25.592283
46.818532
26.556551
26.082724
35.100255
33.195436
41.456349
21.795421
28.711593
16.971122
25.116384
15.783975
31.703559
21.472405
15.723655
36.559389
24.895059
15.110957
27.149866
19.323157
23.313280
15.477793
36.501347
19.003995
11.944184
14.510305
19.781567
33.491832
36.140600
23.498132
21.166403
34.972372
19.874010
47.262105
26.387720
27.253134
19.654660
21.124016
30.082401
23.658417
11.743482
14.333447
10.655006
28.854724
15.886541
19.870330
32.113001
22.775486
24.721235
15.602921
11.964245
14.502555
22.443164
25.669567
23.525638
19.006243
18.085357
21.052671
25.464438
14.948302
29.993530
20.968028
25.364010
12.874186
16.100262
32.633002
10.330493
31.835205
21.075583
23.535938
21.055073
24.897244
14.380478
30.551436
27.522899
39.726911
15.481652
15.313601
41.487499
29.101636
13.383418
39.654320
34.252053
15.976288
20.636040
24.601312
39.684496
16.734370
24.282196
17.681115
13.336780
36.793755
18.673772
22.879206
52.076027
15.926469
27.345613
28.562359
15.417183
22.208270
15.588759
15.691104
27.869015
18.041503
17.713568
35.382816
27.283623
25.574926
23.457865
26.765239
12.141778
8.280325
13.598266
42.748419
24.777110
25.577463
17.631883
13.940486
22.281136
15.114446
22.042037
19.300145
31.040155
35.497694
33.611160
34.219024
18.031558
17.985883
18.127403
30.972360
5.168757
9.832730
18.886119
24.838659
26.326463
33.498507
35.421803
19.898862
26.171098
8.253819
29.354860
19.113625
41.988361
26.712401
23.615360
26.246961
16.934577
18.662790
29.140991
23.151367
21.079971
27.799507
13.146510
29.027986
24.083548
10.575246
23.549990
26.868292
25.893078
23.551161
21.499973
26.839593
40.087160
54.607351
25.520746
30.945107
25.332752
32.668592
15.700173
24.453358
31.467568
24.773891
13.946233
21.036150
28.307634
16.654833
27.410514
22.805670
22.169643
31.032475
17.049573
23.899263
24.173340
31.193111
30.924634
25.037074
30.395620
12.479727
9.102015
