0.606204
0.002783
0.239621
0.160470
0.798911
0.003010
0.558078
0.006117
0.003380
0.020197
0.476966
0.139172
0.493042
0.052437
0.201263
0.073317
0.038532
0.070449
0.159410
0.010148
0.061838
0.082636
0.026701
0.017626
0.299646
0.060911
0.004119
0.005082
0.134530
0.055296
0.041352
0.048434
0.042770
0.349538
0.036799
0.504032
0.065069
0.000167
0.181976
0.003429
0.493091
0.176546
0.021322
0.000659
0.356718
0.037403
0.296364
0.939956
0.018930
0.038206
0.003238
0.867221
0.048331
0.215607
0.186862
0.020217
0.060919
0.798459
0.049103
0.738462
0.019079
0.085218
0.189092
0.268961
0.047866
0.004831
0.109908
0.034925
0.111725
0.044197
0.152183
0.738919
0.003921
0.421355
0.000213
0.252791
0.279868
0.090799
0.023539
0.079618
0.000173
0.000961
0.749504
0.111856
2.066378
0.486799
0.439263
0.002836
0.026541
0.626713
0.075751
0.246510
0.059357
0.010409
0.035091
0.042789
0.085775
0.003289
0.039082
0.071522
0.024861
0.039932
0.005576
0.362410
0.044583
0.014819
0.940437
0.014455
0.086747
0.062698
0.035597
0.273911
0.287254
0.591084
0.030575
0.059510
1.798639
0.039867
0.168132
0.043127
0.010113
0.404092
0.065177
0.028546
0.055286
0.032522
0.015844
0.008743
0.167054
0.006430
0.193059
0.128007
0.086772
0.240730
0.021839
0.087312
0.109258
0.040230
0.095647
0.019504
0.574774
0.034630
0.007593
0.134646
0.421823
0.000498
0.041854
0.016025
0.141831
0.113277
0.062632
0.439693
0.086644
0.656803
0.004230
0.639097
0.053413
0.302484
0.320684
0.262069
0.392317
0.228303
0.074357
0.070412
1.305275
0.142640
0.098878
0.626732
0.003370
0.306228
0.374543
0.292340
0.186975
0.000300
0.023290
0.035523
0.037085
0.005801
0.254864
0.059354
0.452279
0.255156
1.388124
0.032601
0.026741
0.099964
0.055337
0.075014
0.554199
1.198238
0.000799
0.076545
0.168190
0.030813
0.031497
0.018594
0.002151
0.327883
0.210915
0.025720
0.285314
0.008218
0.977913
0.045381
0.000067
0.295174
0.023398
0.226305
0.012005
0.155811
1.102370
0.147042
0.102647
0.059653
0.000342
0.023809
0.028572
0.526450
0.371081
0.011510
0.133275
0.299608
2.245716
0.011513
1.091567
1.696806
0.389978
0.132433
0.116154
0.001561
0.012442
0.205538
0.043190
0.210807
0.234777
0.090038
0.379357
0.092198
0.181650
0.017463
0.312148
0.013710
0.397776
0.075338
0.026085
0.066464
0.031310
0.053657
0.006392
0.192021
0.723534
0.109379
0.724708
0.021034
0.189747
0.011179
0.024193
0.561279
0.057465
0.030234
0.374131
0.133636
0.573349
0.002727
0.958654
0.011033
0.150406
0.202993
0.066235
0.187399
0.093327
1.128325
0.177826
0.013031
0.009039
0.611950
0.659847
0.005601
0.006097
0.918705
0.465435
0.011859
0.081217
0.001961
0.008918
0.066934
0.398273
0.026865
0.047986
0.041783
0.019214
0.397187
0.047447
0.011515
0.036403
0.324719
0.481771
0.002959
0.159765
0.047576
0.017783
0.002618
0.019217
0.765174
0.042920
0.095772
0.059975
0.018924
0.244816
0.109155
0.115470
0.025941
0.353146
0.025537
0.334933
0.054072
0.070830
0.032624
0.078378
0.026662
0.024729
0.012488
0.210170
0.216193
0.046845
0.230680
0.107734
0.932483
0.019111
0.003466
0.121268
0.157718
0.000488
0.516759
0.048127
0.410520
0.001265
0.029015
0.086041
0.362198
0.044314
0.004153
0.015612
0.042032
0.103423
0.135488
0.036870
0.167871
0.248301
0.045959
0.018106
0.309621
0.004856
0.733843
0.000250
0.160599
0.017932
0.008032
0.469144
0.026584
0.050785
0.051995
0.112928
0.015439
0.145734
0.020676
0.003493
0.098072
0.001373
0.053106
0.286495
0.497268
0.008707
0.352666
0.092355
0.257438
0.495938
0.023562
0.023744
0.586836
0.211218
0.094083
0.121449
0.028852
0.053846
0.315640
0.081696
0.175253
1.336926
0.079201
0.006082
0.007093
0.059429
0.335919
0.244511
0.004571
0.034292
0.449160
0.725312
0.275141
0.221817
0.012987
0.544783
0.012062
0.019009
0.031171
0.161927
0.279926
0.249249
0.265105
0.001301
0.746371
0.920496
0.147607
0.060006
0.461721
0.169196
0.024516
0.032262
0.020804
0.100954
0.157180
0.020858
0.114815
0.087237
0.040360
0.013666
0.602403
0.118360
0.115973
0.000346
0.049551
0.392956
0.017167
0.065882
0.052814
0.491805
0.447028
0.595532
0.011574
0.006232
0.062038
0.297319
0.212559
0.001758
0.480554
0.158776
0.036029
0.012264
0.045116
0.272521
0.051331
0.008048
0.015073
0.140323
0.318462
1.481934
0.125069
0.091018
0.070725
0.592347
0.142340
0.092023
0.041700
0.049278
0.065371
0.286678
0.050549
0.000236
0.004289
0.149058
0.021360
0.012439
0.005314
0.235309
0.064660
0.165635
0.856001
