0.170131
1.827487
0.357146
0.261297
0.063569
1.268903
0.018460
0.795599
0.318325
0.459257
0.281890
0.446809
0.590209
0.414043
0.043572
0.010254
0.466848
0.069658
1.014057
0.032662
0.014410
0.117238
0.212690
0.002471
0.005880
0.044945
0.019417
0.314556
0.001858
0.245623
0.049959
0.010393
0.450191
0.007927
0.821457
0.001296
0.765868
0.030335
0.173257
0.195690
0.057072
0.000437
0.168000
0.434824
0.241062
0.082111
0.640441
0.163915
0.131881
0.822153
0.282723
0.002004
1.361733
0.428883
0.156815
0.915841
0.135205
0.062008
0.105886
0.024896
0.249236
0.436468
0.684141
0.086438
0.022739
0.966677
0.224703
0.767735
0.104167
0.794140
1.591225
0.588117
0.549398
0.417856
0.018571
0.056971
0.136322
0.749812
0.275537
0.054120
0.004807
0.000817
0.265853
0.088041
2.108566
1.290157
0.064989
0.164534
0.627336
0.061652
0.862024
0.584735
0.186566
0.003007
0.066531
0.140454
0.499302
0.115408
0.012338
0.453865
0.859297
0.237867
0.648419
1.385175
1.441570
0.051656
0.094858
0.091738
0.068306
0.675712
0.560808
0.227930
0.069204
0.972799
0.598387
0.696405
0.075384
0.011848
0.007984
1.025532
0.013946
0.303726
0.187251
0.627818
0.038614
0.364239
0.056744
0.211589
0.099871
0.008501
0.998135
0.122945
0.662773
0.093567
0.125921
0.737012
0.183758
0.562210
0.125645
0.417408
0.084667
0.143769
0.628185
0.009907
0.968344
0.258611
0.322097
1.060140
1.192741
0.285225
0.214410
0.483380
0.902165
0.051667
0.090408
0.309563
0.609041
0.045488
0.584426
0.541005
0.181209
0.294442
0.144594
0.037300
0.231800
0.045206
0.399530
1.535555
0.083561
0.219653
0.263340
0.202651
0.020243
0.099006
0.313491
0.029753
0.933427
0.254959
0.634762
0.037757
0.062080
0.879550
0.161959
0.061952
1.204918
0.642932
0.497411
0.133133
0.142604
0.818273
0.052593
0.017473
0.435648
2.026522
1.738893
0.256734
0.078985
0.336150
0.432639
0.310868
0.006026
0.093827
0.216454
0.934997
1.262814
0.212680
0.020283
0.045992
1.287827
0.285217
0.043887
0.001538
0.426551
0.195856
0.653063
0.188204
0.717526
0.478306
0.253826
0.007897
0.016789
0.003984
1.115337
0.295586
0.347981
0.481086
0.011981
0.014843
0.494630
0.084159
0.043312
0.113779
0.647078
0.199649
0.026021
0.012332
0.154236
0.015124
0.541134
0.875369
0.717431
0.116915
0.162770
0.143155
0.091627
0.463917
1.935729
0.476812
0.660096
0.005896
0.136488
0.249913
0.048185
0.180996
0.218306
0.563370
0.021135
0.102979
0.663588
0.025728
0.034498
0.435269
0.102492
0.003152
0.008578
1.799674
0.002103
0.914967
0.755183
0.041013
0.072574
0.647870
0.601420
0.010734
0.365381
0.171559
0.159857
0.130318
0.098557
0.043949
1.492512
0.000473
0.605824
0.077254
0.034665
0.068000
0.371485
0.229416
0.024084
0.140702
0.088073
0.588820
1.038768
0.365011
0.123562
1.832074
0.231446
0.015520
0.065069
0.062266
0.199066
0.002960
0.340094
0.003149
0.179802
0.118433
0.612929
0.031342
0.000573
0.032428
0.307117
0.455897
0.055199
0.491505
0.793036
0.771737
0.861483
0.467178
0.496796
0.019981
0.484920
1.341504
1.445871
0.004196
0.220069
0.187723
0.047064
1.120805
0.119705
0.010842
0.168978
0.014084
0.361527
0.272740
0.164528
0.279153
0.639014
0.012523
0.192221
0.211155
0.082096
0.008407
0.036319
0.965419
1.418339
0.018753
0.236782
0.069774
0.185971
0.009719
0.373564
0.191855
0.016504
0.501466
1.013880
0.046529
0.004457
0.073967
0.269661
0.658164
0.018459
1.295375
0.204727
0.791975
0.013860
0.298987
0.051076
0.166902
0.726398
1.611101
0.863026
0.117103
0.030015
0.908077
0.041497
1.066754
0.161591
0.057695
0.215183
0.103606
0.421840
1.340293
0.337687
1.629848
0.333309
1.507276
0.404123
0.402553
0.001204
0.064902
0.012905
0.118159
1.423873
0.181438
0.783400
0.869011
0.526229
1.320159
0.030999
0.151534
0.001996
0.014844
0.070752
0.629955
0.001309
0.170457
0.001628
0.503724
0.445425
1.016984
0.150345
0.804327
0.558630
0.025151
0.234491
0.028857
0.084131
0.024303
0.455610
0.134856
0.008417
0.005983
0.207512
0.200533
1.015299
0.492332
1.465607
0.176668
0.141352
0.112700
0.136964
0.359022
0.566187
0.186181
0.031199
0.000243
0.024985
0.076426
0.959049
0.003856
0.020157
0.046401
0.952159
2.106289
0.095197
1.134055
0.256172
0.009686
0.371073
1.403534
0.202352
0.045225
0.163065
0.467821
0.421468
0.403025
0.069792
0.003539
0.862861
0.014764
0.331185
0.070335
0.793148
0.162383
1.282351
0.199430
0.053125
0.002841
0.133410
0.671686
0.889382
0.309752
0.127066
0.032304
0.955160
0.168134
0.736129
0.476057
0.244371
0.527382
0.021334
0.076576
0.224393
0.015479
0.252440
0.103772
0.023278
0.008801
0.520602
0.319583
0.797486
0.299520
0.096903
0.003547
0.012027
0.589813
0.111650
0.328701
0.077222
0.257003
0.946579
0.002186
1.931093
0.497710
0.401165
0.006777
0.103495
0.024546
0.086901
0.181173
0.009443
0.031518
0.021459
1.107427
0.076187
0.314145
0.487257
0.062299
0.326533
0.029895
0.016410
0.264176
0.258013
0.027439
0.504631
0.380066
0.135734
0.068823
0.035780
0.014437
2.170319
0.738875
1.033578
0.475432
0.416175
0.070945
0.090522
0.104276
0.028214
0.550830
0.126131
1.142654
0.275541
0.069126
0.098763
0.258515
1.264244
0.742807
0.077626
0.090622
0.038657
0.103254
0.134344
0.211753
0.021208
0.202980
0.201890
0.833781
0.079826
0.480925
0.217857
0.325100
0.001180
0.026747
0.454220
0.245518
0.377997
0.748710
1.460536
0.593285
0.010540
0.125147
0.391734
0.549855
0.413528
0.019192
0.042527
0.435375
0.895301
0.011569
0.094175
0.938026
0.016089
0.187776
1.466685
0.000619
2.317626
0.001438
0.219252
0.007327
0.017996
0.331470
0.000411
0.265320
0.347007
