32.488438
13.308779
25.748124
18.462497
19.333589
21.233927
30.918559
25.765312
14.776946
20.295653
15.230196
18.353377
22.929361
12.410842
29.568603
34.695977
16.152340
28.287297
13.411958
5.906154
13.738728
17.835658
21.756065
15.038467
19.064663
14.078844
15.584571
14.113095
15.453008
30.866102
32.144282
15.284083
36.886936
28.836680
24.046602
21.957347
22.518591
29.534407
23.186030
15.192789
20.349685
31.905899
30.393975
25.826081
28.916542
19.436372
16.144218
32.293448
20.053707
19.943702
31.345487
25.945772
26.833832
14.333326
25.283091
23.614503
17.336043
22.189852
29.541826
19.635024
26.967284
16.412529
10.271422
20.159886
23.314187
18.227772
19.436570
34.973309
22.533875
17.093178
29.777161
13.540431
23.092570
11.111355
19.835445
21.861830
23.249492
15.601072
28.428701
23.055680
14.351810
20.002591
25.029253
16.107941
30.928787
19.745052
10.645212
13.606629
18.628730
29.615723
18.799349
16.083933
36.164606
17.627297
25.023982
15.543065
13.861835
21.795085
19.146454
17.229616
15.639773
15.621178
15.404100
19.103193
14.925895
34.425018
22.051597
39.725124
26.808886
20.454686
14.443984
18.841110
17.666715
22.554899
25.673973
15.374752
22.591674
33.046377
23.896967
35.114604
23.842531
35.210743
29.443839
20.141072
35.740091
21.301369
27.291193
21.258111
37.932725
15.919638
15.777658
17.773419
17.384709
32.570462
23.426508
19.200784
12.910340
19.441448
19.747455
25.119044
22.706755
39.511096
14.752147
16.045252
14.549645
20.163062
19.245350
16.009556
15.368705
32.684259
14.303733
34.871566
6.326622
29.122788
33.280821
25.387213
17.723959
13.891822
26.156362
25.933320
31.684428
26.737694
11.828402
10.747654
15.040283
24.642735
24.124523
31.313226
10.521014
16.212432
8.709906
21.455308
27.754749
20.656588
32.468192
28.914160
25.525154
23.738213
10.298090
28.456726
10.433986
20.607838
30.413765
24.228288
25.305641
15.528320
10.570188
16.074438
24.583885
33.264482
20.478123
23.952155
19.169779
23.061157
18.730180
17.396665
25.126656
25.251506
24.746961
26.006919
17.084291
16.949270
31.942759
24.256297
18.313278
25.808142
34.260327
18.834379
21.698153
24.236481
11.185405
30.293380
11.439359
25.738178
31.698528
18.820831
16.680886
32.364238
21.904607
18.113959
15.828897
29.537932
30.295547
29.800215
24.990673
30.774032
19.996840
18.700971
21.143662
9.857825
24.051049
18.933330
14.999271
29.558608
15.135719
7.819021
16.802778
29.967991
20.187710
12.040808
10.073684
15.681759
27.038518
16.578962
17.894657
20.295641
21.656963
16.022647
19.689353
18.494833
38.248186
19.730386
16.390141
20.153911
22.404022
41.269001
21.611830
24.154585
31.772476
15.381322
21.591322
20.687136
33.541780
11.797873
20.492468
31.249818
18.522252
30.355678
11.960740
16.647151
28.785372
19.208823
23.884529
29.387499
11.253469
18.451223
20.802119
27.626304
37.610905
17.369237
16.371584
20.337294
24.872432
22.499463
28.187028
25.048422
12.226000
24.908388
29.259481
16.440867
22.508793
25.111766
16.084024
9.008527
22.612940
9.195792
23.805245
28.854262
21.295960
20.765427
27.914946
22.625434
13.849679
20.677122
21.372948
20.877730
19.242525
13.109781
21.950787
14.625778
21.468359
21.899568
16.923279
10.896147
22.760601
40.995043
23.657930
15.582991
19.406167
30.763463
28.301672
15.760086
32.363002
20.452654
28.347681
26.942263
26.056967
25.172976
22.959127
29.959652
19.143679
24.114710
21.597859
24.959238
17.892693
24.660765
10.006928
17.840875
17.419007
16.663952
28.335453
21.670254
21.086761
32.226414
31.788409
36.905443
11.341577
28.347325
26.001827
24.076848
23.076946
26.831964
16.635379
29.389715
27.196765
13.818788
16.831723
16.341673
27.502199
19.325520
27.386440
18.321696
15.838447
23.798681
12.848755
18.937279
25.448448
20.451793
21.732364
22.647716
30.033061
21.545026
26.890480
24.535331
5.799452
23.024698
38.573111
18.000235
32.299486
36.122796
28.942102
26.466568
21.888815
17.243666
20.259325
24.661604
18.285901
29.193045
25.923406
32.413692
28.124453
16.322048
36.131987
18.333119
14.589241
24.074478
24.891997
29.509526
31.227022
31.383739
23.291020
42.875478
17.542820
18.358193
21.538158
22.691485
22.484310
32.927865
21.089955
14.683746
23.030573
28.793250
20.557839
6.371171
17.871421
10.984100
24.270508
14.038478
27.845792
18.688050
7.159885
28.008976
27.537118
17.824807
35.710922
18.229558
15.812465
28.154213
16.008255
21.211136
15.639275
28.695390
22.935065
12.415488
17.181529
22.914325
24.457134
29.294198
20.145304
9.404021
25.027242
28.410365
16.291444
16.107163
10.734996
30.060781
25.402549
21.566298
32.063590
23.384769
38.877805
24.134352
14.328570
35.337999
14.207816
26.238101
27.453163
22.078745
20.216017
14.860148
26.414147
18.259867
22.996489
25.348511
23.257509
22.284801
24.503830
17.750681
26.611859
5.418880
25.272022
21.429174
17.799834
13.588982
11.848844
29.823002
22.543731
16.926916
25.378851
21.366802
21.040056
20.024575
19.608355
19.821296
25.860399
21.807167
43.003363
22.560995
15.023045
12.794791
18.742089
21.825336
27.995103
26.083065
12.802778
28.595255
12.915505
15.929447
14.422612
27.658112
25.677706
29.458453
24.720745
16.977056
33.481766
25.615049
14.047416
29.416948
21.626134
21.620370
29.483979
34.410277
22.856861
20.459476
12.747059
18.275066
18.933500
20.267028
19.135845
20.623996
30.244543
23.081448
13.216756
33.228469
24.220193
16.056631
19.003598
20.243826
34.939755
33.025177
4.501179
29.351763
20.552988
19.926214
20.948990
20.777143
37.219025
8.600325
9.854354
28.452422
23.747539
18.603174
25.091486
24.201421
12.383552
37.415914
16.392195
5.146798
15.806739
26.334784
38.497445
29.881659
27.619067
22.800246
26.636710
34.286642
12.542287
24.946165
32.236940
32.377569
39.767023
15.836593
31.868420
27.870125
19.202851
34.828684
33.853515
16.804699
22.223043
15.764933
25.671770
23.196423
12.203077
22.252583
30.729276
30.724516
12.689255
21.846481
25.615873
32.001280
23.200306
12.234953
16.810888
19.070001
22.084788
25.182639
23.402093
24.029836
19.415769
31.209047
11.616450
16.715355
20.477286
14.514882
30.345235
26.895174
21.461161
24.332980
16.357529
21.463861
26.936726
38.070503
19.956763
13.488932
18.975871
18.029485
30.191566
24.817714
22.110641
28.634768
25.397334
21.320293
15.061194
3.849186
17.606098
26.944559
28.942583
18.803884
20.088839
30.450189
31.493472
19.673945
34.131096
18.098315
22.612597
33.886485
20.638063
24.400796
25.365301
25.085929
22.682859
34.196016
14.249554
18.021953
21.205726
18.675805
20.905475
36.459824
25.780956
11.815963
12.464571
17.596734
23.682678
16.340615
27.462207
11.137092
28.373228
24.391354
24.464340
25.226529
36.159034
25.611095
23.031959
33.760598
32.053993
33.024263
21.015335
46.166421
20.743350
10.831204
22.783483
20.612925
30.318533
35.699724
34.973033
24.333668
23.692387
20.680583
19.400690
14.273880
17.405330
30.582097
23.196368
28.776327
16.526628
21.401148
16.033185
32.060260
20.819252
19.337832
17.161584
26.493672
23.745134
34.377919
22.073013
17.983121
12.823011
19.190682
20.360880
6.372324
28.475037
18.251910
17.160498
16.097738
11.349261
33.767555
16.904020
24.201846
13.940204
27.875705
25.938648
24.287151
24.772169
26.009316
24.158729
30.701589
15.421542
22.948745
12.396593
28.561873
19.771464
15.424588
25.444263
14.900460
19.036126
28.461557
11.369048
21.647120
13.742110
35.190551
17.682556
24.976111
14.850762
20.274591
36.058067
8.050599
23.907400
13.202621
27.558790
26.980846
34.300957
21.630887
15.387546
14.554507
26.810488
25.693562
26.372328
10.857851
22.861132
16.826823
22.146825
20.142874
10.216134
26.369321
26.065570
11.526225
31.163297
23.734660
20.683065
30.388938
29.154621
27.967663
36.915367
27.884424
19.950484
30.952704
18.720982
15.918271
18.302945
20.604538
29.488996
20.478699
36.680863
24.784015
21.269900
18.723348
26.948558
8.140102
15.043981
17.609251
19.887596
23.663883
28.241877
21.030779
27.566257
25.743940
17.667991
30.023079
42.912853
26.201523
17.381998
12.692413
20.497723
16.555715
23.897150
26.473704
25.055899
19.059080
13.980444
33.599168
24.734145
14.572769
4.137434
18.305911
25.316019
37.641605
20.627694
14.954700
36.071054
31.082588
25.463329
12.008808
29.960666
23.980433
22.423908
20.658436
30.694946
31.767526
17.887834
15.511611
32.797400
33.367509
30.091103
23.003268
15.621621
18.585327
22.101696
28.112927
4.742330
20.832676
29.882342
23.996751
24.841468
26.205706
23.484411
17.320080
16.718409
28.987398
17.219794
23.731396
2.505599
31.227132
16.014952
18.785401
12.046954
25.588699
32.063080
28.504053
16.814319
15.529905
15.664737
31.106997
22.738909
27.880893
17.605924
32.239147
20.575274
24.954240
19.152737
20.012993
28.768426
19.067872
24.928071
18.232776
22.807297
27.186035
28.504203
16.782212
19.403132
11.106767
15.759889
17.925496
9.419365
11.395382
19.217051
16.650390
23.932418
26.872701
25.776591
19.055493
29.313675
15.177196
24.176984
11.708038
26.923032
17.853176
19.110268
28.716995
22.618815
17.473950
12.515472
20.133966
33.718568
25.551728
29.049403
15.109305
23.832980
4.698230
19.009979
28.149119
22.459873
11.730146
19.114321
29.113824
23.069464
28.549404
10.396184
17.826660
16.389593
21.783558
33.827742
25.085572
20.460524
10.603318
16.329521
24.771070
24.326643
32.563289
17.933707
31.281039
14.818543
25.227049
21.951152
16.927790
26.175701
25.149824
35.444094
27.695238
15.505868
27.594805
19.808230
11.266730
12.670910
20.464129
21.231903
17.178631
21.754383
15.942529
23.832786
23.113375
17.435645
15.532940
28.201873
19.017261
13.134001
17.952910
19.138304
25.625199
25.024902
18.422833
23.569443
13.668009
22.606694
24.388459
14.820211
16.949477
24.952099
19.909182
33.036569
17.170753
24.311398
14.107412
25.063563
13.579195
11.746912
24.150841
25.053301
21.912201
17.962106
23.988703
15.219442
24.437577
36.325913
14.628164
36.297551
21.427878
19.487070
14.115253
29.762852
23.688208
15.403398
28.035228
23.943195
10.913814
22.835011
19.462224
14.581669
29.399447
20.432912
16.238081
6.880056
21.610635
32.917050
22.779504
15.792101
21.879491
17.640254
24.402661
26.539583
24.963952
12.739041
14.694561
24.622849
25.928458
25.469046
14.690759
33.037592
22.300611
16.525376
22.366598
18.364264
23.644988
10.710552
17.482427
21.885055
29.449849
32.650380
24.629392
18.279599
32.021634
5.379186
27.319403
16.581635
18.016634
26.342509
14.848966
23.538105
30.410314
27.011982
35.365452
29.390701
9.651299
14.341667
24.474698
13.054005
30.933916
20.884100
17.545667
25.207511
20.937586
34.597772
40.359922
30.802573
22.791928
17.359739
24.161916
32.810863
21.310887
26.593444
29.254560
21.497861
35.504840
24.948331
21.608876
28.011868
12.010280
20.754149
18.510400
14.914915
24.884949
15.992053
20.446473
25.079074
29.497806
33.117774
15.963746
9.406851
27.529714
16.607302
19.110490
24.970457
19.448998
19.802085
28.803671
16.027156
15.964069
9.530017
33.108759
25.397009
20.205218
20.539993
13.318450
19.599373
22.759099
13.346577
28.011859
9.147035
10.018226
30.777025
11.987622
16.856062
23.875690
13.569455
30.855852
14.469474
19.466374
20.642051
19.596816
26.252843
27.510013
25.709928
25.558155
26.354937
15.109611
12.806710
19.961698
25.014861
12.823712
20.759259
14.422973
19.469503
13.210413
22.252885
16.826229
8.515316
18.068352
35.159325
20.552010
13.673435
18.733343
18.400443
21.576511
25.859609
29.260168
12.954978
25.912086
26.866075
15.630357
29.431539
16.532296
27.189585
15.765617
19.562288
28.938686
14.989319
30.398483
34.411351
12.296687
21.225554
17.823659
19.558271
16.382864
18.556499
30.772684
14.791374
19.439846
18.522101
12.032842
16.202884
20.355515
11.223950
24.412337
18.431412
7.108330
25.808911
16.049961
19.383836
18.399591
30.315385
26.451341
14.583246
36.846737
16.392725
18.176453
12.441235
22.409101
17.201037
23.533181
18.957345
18.387416
30.897509
15.061119
27.896029
16.783913
20.539434
21.471994
35.700515
37.193979
25.921044
20.168245
13.639229
32.940647
35.465429
12.560386
28.863175
23.313886
17.066289
28.109569
28.973721
23.330052
21.380027
37.544637
30.269379
28.004082
28.024066
17.593340
26.469174
21.056709
9.117617
10.356290
25.457622
23.520440
42.474927
15.283881
23.949364
22.769026
18.276529
16.813685
34.624617
26.830579
18.373493
26.125650
13.562975
34.602482
37.298555
22.000663
18.256512
16.169587
24.643264
16.314996
22.217505
31.061929
16.286604
8.196423
17.641615
24.363962
17.668105
21.682475
32.356320
21.449497
17.247801
34.905642
15.097633
28.808400
22.438790
16.127797
26.343538
13.826590
8.371540
26.099981
27.061764
30.371874
24.044795
9.294585
25.288809
12.695716
27.509718
27.223902
18.290855
26.271871
25.199806
12.285632
12.792885
10.659693
14.945661
30.193285
12.591033
24.701324
30.352128
25.799614
19.367956
13.434466
22.493520
21.631127
6.800169
25.620350
27.182583
22.691228
27.093858
30.042345
16.154610
26.560023
32.827642
30.718875
23.390023
11.202292
14.379575
23.153965
23.062747
25.929533
27.627647
13.411305
23.829748
11.695443
39.389017
23.128827
12.017830
15.850138
14.299942
40.394196
28.139952
18.726005
28.648254
11.603040
19.826904
6.289351
17.913571
27.126403
18.261563
13.764311
15.198128
24.926289
33.927757
19.576858
21.331557
24.617069
17.365554
16.852590
19.482874
9.539415
29.522962
16.462919
24.460015
17.867070
28.397458
41.511163
25.645516
27.023170
20.989884
16.344878
19.508473
21.615340
12.019964
29.623901
23.237628
19.437431
26.193866
28.747185
18.810806
15.373253
22.576834
16.569604
21.135438
20.301955
16.213292
23.736373
21.439265
31.510337
16.840442
16.200980
35.895999
17.331858
17.657609
32.357230
20.675518
15.784651
29.970928
24.554991
25.662743
12.668979
23.624923
19.314821
28.810593
17.933667
18.366640
9.099969
35.243430
11.942698
27.308351
36.595847
28.522448
23.236825
17.589635
38.415155
13.414363
22.103437
16.741737
15.858394
11.851357
25.735947
17.265633
14.711872
27.429536
27.244648
25.756696
21.813959
16.563882
25.915052
20.575949
11.249692
21.931558
20.192106
25.903836
21.294230
21.317675
13.766917
24.222351
11.253929
6.255187
15.502606
15.298626
30.621872
31.959326
34.003643
18.387528
21.441813
29.050112
11.367885
20.505745
37.277036
19.836374
20.543866
24.529435
9.482410
26.453233
23.641866
15.354377
18.903534
18.388884
8.718130
19.387833
24.590933
15.866759
22.355466
38.846814
29.781164
22.001062
26.054712
27.406145
32.194882
23.490572
21.223389
19.703895
21.092279
13.973264
26.786852
22.910705
15.736548
32.571479
30.248846
21.221239
41.899931
32.639166
20.385788
16.132571
9.419359
33.253405
29.984088
22.977036
25.116090
14.640313
40.994494
24.632875
20.479361
17.086125
22.242250
23.496649
18.323488
12.541365
12.152744
18.054523
28.808459
17.190219
13.135805
9.580623
21.119214
12.032124
15.894291
18.392973
29.029673
24.858455
23.449560
24.042305
10.869666
19.763757
22.794380
20.957984
27.593623
24.186671
20.376265
22.180785
29.953277
21.935577
30.738225
32.478026
12.143784
39.831793
18.421142
18.903568
27.963172
21.602154
37.461422
38.349542
23.677549
21.472307
26.222701
16.714073
27.118813
29.941087
10.118472
13.218524
23.094728
15.158537
22.218970
15.772447
15.248558
15.669113
30.488199
30.210995
32.578772
31.903206
8.797163
24.159036
20.558298
18.631632
20.181503
23.030963
13.988484
27.044328
18.342564
25.665095
26.423266
38.868229
24.709423
22.621730
24.059016
22.037914
19.944962
28.841358
28.650622
8.289014
23.718082
25.182043
10.857254
14.728623
31.905632
29.341715
30.336403
19.191113
12.329050
22.745429
15.397207
33.199185
17.362073
21.945752
8.008008
14.238282
29.375025
18.331735
7.552210
12.011439
23.446982
20.342212
6.097108
18.366994
9.830866
14.156486
34.318523
32.550924
29.523568
34.395357
21.187692
26.455098
15.466427
26.244823
29.224491
19.464725
16.818064
20.186435
22.402658
10.511853
21.593296
16.023053
21.562816
7.407487
23.896307
23.459988
30.227330
17.032724
27.898719
12.421103
19.689943
20.922740
37.584940
15.588408
16.159241
29.761058
18.581918
17.340948
25.456646
8.493278
13.885100
7.130963
24.624893
13.311940
24.391016
22.871700
11.183285
22.431431
4.912700
18.194884
24.342036
31.299255
31.476256
28.425557
14.561860
38.784692
22.203936
12.757200
33.569072
19.247235
26.519887
20.767059
11.611032
17.917526
11.690200
25.898525
36.138444
16.759532
32.166203
14.458605
29.957571
16.404825
18.357683
20.374642
23.342619
15.736770
23.838482
23.283095
17.311709
22.012068
24.121686
20.956886
9.627080
20.530946
15.400430
29.237609
29.850836
12.229471
29.748316
37.386900
23.548559
15.097470
21.770283
34.533660
20.423868
28.929888
27.129829
32.218530
28.717838
26.146593
19.489355
31.776945
19.229319
38.925714
34.207958
11.441199
22.038821
22.833696
19.471339
16.228156
17.172890
13.955811
23.965494
30.636436
23.176221
33.077684
10.517677
17.927725
19.958404
16.338557
24.855435
28.699630
13.752269
10.585711
25.905466
25.730141
16.602639
24.915389
24.277641
21.066134
20.890515
19.993860
16.476988
29.312388
30.779639
13.597139
18.472929
13.539995
34.831317
28.662000
18.264194
22.769902
17.067768
18.337478
25.274045
26.550202
19.348084
21.303224
19.092804
25.579657
28.272525
21.535702
13.580041
17.781615
25.263175
20.351153
13.628484
26.521591
28.722076
14.633735
29.677949
24.064963
22.145435
28.476945
14.667824
20.535537
17.324763
26.906335
20.625282
30.342770
40.175672
32.812489
26.721474
18.958014
13.049870
24.559947
26.790313
25.879936
15.109110
18.381371
14.047148
28.809189
21.314624
