8.719534
5.067737
6.438303
1.201548
3.641691
2.954950
0.400258
0.115741
0.441289
2.490306
6.275084
2.247372
3.011537
1.127775
0.407043
3.947274
1.873462
0.191251
1.709633
7.366332
5.951938
1.051723
1.000210
2.006432
4.248121
0.963747
5.310281
9.104179
1.105372
6.561410
2.951283
5.972709
2.130837
0.707558
0.256169
0.928285
5.640577
0.908841
0.988082
1.625117
2.286680
3.348070
1.504687
1.106809
2.327606
6.820178
2.174115
0.581850
0.633388
3.113931
5.811238
3.986597
0.130811
1.843713
1.622655
1.977870
8.556364
6.168617
2.675006
7.506489
2.448886
1.283431
4.249110
0.059601
8.579794
1.227422
3.916452
0.257559
0.550579
2.580018
4.429693
1.417919
0.164294
6.552691
0.687644
1.339049
5.498515
1.771082
4.275410
0.292664
3.546780
4.183491
4.634948
3.297755
4.679501
3.428124
3.537582
5.636815
6.402813
0.154415
1.372648
3.089862
5.171428
5.121826
0.513378
2.033752
4.140671
5.259990
1.653006
4.292239
1.016073
1.851615
2.560379
1.599522
6.153036
5.551555
1.062276
6.199706
0.223381
2.260551
1.207646
0.723544
2.821946
2.245428
1.047305
2.301366
1.183069
1.430652
5.999842
1.411236
3.004497
5.952095
0.887004
0.081286
0.803136
7.813225
2.567909
0.305556
3.661978
2.915489
1.940584
3.439022
5.789858
2.597859
2.030545
2.406464
1.913981
0.833403
1.747675
0.317783
3.870737
2.191182
3.328461
4.426608
0.562069
0.743508
1.182920
6.287124
0.535003
0.526532
2.308146
2.112808
2.940444
1.995169
4.716105
5.878874
0.886791
0.682840
1.914723
2.175561
7.103511
0.685972
4.142808
2.937067
1.520708
0.208894
1.395801
0.814971
0.586314
0.054367
2.133926
3.078249
2.015592
0.325409
1.674876
4.704940
2.598847
1.053476
5.249402
7.104306
2.586125
1.007060
0.955869
7.069947
2.018247
0.549601
0.272287
9.322046
4.884903
0.036521
3.568962
3.019780
0.920661
0.214394
1.181087
1.020488
2.287402
1.607122
0.619185
5.408447
3.928993
4.270627
2.818548
7.459357
1.794716
0.517336
0.194853
2.059316
4.403759
3.785287
6.205599
8.667414
1.065043
1.262710
2.725476
0.387053
1.164634
4.290274
1.452781
2.590684
0.028793
6.267976
0.076989
0.845650
5.868157
1.454525
2.517839
5.100326
3.673122
1.591734
5.154151
6.911441
0.725909
5.604957
0.779413
1.265089
2.706039
1.381066
1.721786
2.318520
3.074871
1.925011
1.489125
0.852052
2.617264
3.974573
1.139936
7.170894
3.782651
2.397221
0.397282
1.048462
1.174509
0.825967
2.007528
3.098144
4.271690
3.411016
6.667721
6.913672
4.762158
1.962069
9.901038
1.605064
3.893284
3.979412
2.539595
3.354526
8.052870
3.305582
4.597148
2.913593
4.196616
2.564582
0.800882
2.002446
1.985626
5.008485
2.424585
2.216195
3.398405
3.747422
0.453774
1.522032
3.597499
0.038244
1.112492
2.282027
5.520659
0.091204
0.700333
0.489473
5.738974
2.487805
2.187567
2.698716
3.437879
0.223710
3.008654
0.223743
0.470919
6.694974
1.651827
5.427095
0.329779
1.519310
0.405337
3.422354
1.036115
2.317151
5.902196
0.330548
4.463470
3.936528
6.489590
5.493037
4.987265
3.045603
1.395118
1.894070
0.047658
4.329138
2.756324
5.923409
1.077682
1.206298
5.018352
4.136214
0.440936
6.142625
1.218608
4.141132
1.747616
1.169391
0.513526
2.268055
4.400120
3.503405
0.816743
3.857529
3.670636
5.221482
4.418035
5.065428
0.989263
8.098558
6.494598
1.545838
4.474592
0.253108
0.040817
2.752902
1.558997
0.478501
8.054378
0.253476
2.098249
1.581798
2.326542
1.595575
0.535443
0.698567
2.059925
0.590926
0.635371
2.112305
4.544993
2.230947
4.439474
1.407672
0.084223
5.620182
4.892197
2.331732
1.358787
4.352716
5.030572
1.763153
0.621990
3.311214
0.237797
3.973847
3.608913
5.517466
4.727606
3.167309
2.077522
3.339757
1.119679
3.014460
1.663033
4.617749
4.704639
1.280560
0.155466
2.283291
5.898540
6.244328
1.048756
5.845845
0.449256
3.501154
3.411500
7.800020
4.118847
3.007995
2.127871
1.145936
3.219635
0.707844
0.038668
2.743295
2.497998
0.590724
2.495259
4.805780
2.313021
8.863591
0.978362
4.574463
2.041569
0.144593
1.504020
2.525408
1.257103
3.246364
3.285876
0.831065
4.814035
0.930015
0.101074
0.917719
1.640492
0.863660
1.284542
0.299015
3.161805
3.169833
1.038512
2.689622
4.870449
0.117068
1.229115
0.057577
5.619223
5.307064
7.688772
0.839986
3.455109
4.541136
1.422756
2.517306
3.613410
0.038411
2.518648
5.469474
1.111008
0.818030
0.387331
2.360918
1.754544
2.716919
1.141692
0.416983
0.232213
6.703747
4.022195
4.029383
11.015162
4.340075
1.520332
1.160255
0.316975
1.710285
0.312520
2.652933
1.618276
1.609562
4.358478
4.414679
0.605853
