291.443327
321.890394
303.330756
296.201336
348.484025
321.847644
285.724065
316.554149
306.183507
326.276061
283.036670
322.599754
359.001062
338.094979
313.076949
324.691213
349.308660
283.590293
314.789068
342.182465
334.555261
310.404193
328.981580
305.014625
348.490792
295.433501
296.929603
320.096677
306.779321
315.366034
324.969855
318.276809
344.310244
321.877843
316.810511
316.939838
339.143323
319.962295
297.379563
332.696444
333.567899
286.458079
332.406274
334.085146
286.429471
313.918854
312.145629
347.056401
333.488546
321.200605
297.067131
319.883061
295.124428
319.686258
296.212531
331.969332
324.573042
297.940105
305.374235
287.036302
332.935573
329.368119
329.696533
297.428845
278.910440
318.309530
307.018634
302.765779
347.340430
281.282680
319.616215
347.110995
340.157460
267.182308
307.150299
344.689610
365.571350
307.723958
334.315571
300.318549
334.457688
294.309841
315.001442
298.091716
299.204957
285.428811
322.606702
287.076498
289.952634
302.168666
348.596917
318.176065
326.471100
325.231794
331.721323
351.403300
287.361674
312.219516
324.434695
325.411125
347.526258
305.552430
284.828060
330.559981
334.836403
326.043964
326.186442
301.966870
332.909200
303.159955
299.400053
329.203475
330.898761
327.007125
319.475121
351.332854
332.296889
347.505663
323.421643
291.845358
306.684266
309.687672
310.019116
345.258387
305.399403
316.578212
290.259857
311.175112
376.695833
329.687689
303.759156
337.056505
316.663358
295.246689
295.309766
291.894085
329.660477
326.023051
330.708325
329.438912
332.615939
315.793382
311.427113
335.221248
320.287238
321.234008
334.532065
327.287847
313.273539
301.941787
318.319620
319.851662
326.613613
284.612826
281.058516
339.903574
269.142043
320.349545
327.967960
295.194647
321.735193
342.772928
317.078618
302.933446
279.406146
283.810354
297.402898
335.406940
323.091290
309.309888
329.446815
329.220487
327.977618
330.213222
328.718372
331.719877
237.874079
333.636682
319.134404
269.621710
299.888590
306.399015
284.047975
330.983929
322.868337
302.418077
286.254710
310.816640
274.668430
339.082995
314.542276
315.998711
286.480203
308.346477
335.194856
319.900148
331.663722
275.441865
275.916663
314.456714
327.351798
315.968665
262.271852
307.168106
324.635688
355.127463
309.604916
329.124448
331.338320
298.418475
342.231889
300.773861
299.610363
330.661749
316.818944
321.099106
332.777856
296.466312
292.309808
323.530741
324.359245
299.413482
323.019328
311.449413
273.300825
276.502943
312.045703
302.977163
274.999274
336.542035
315.659298
321.561946
304.994799
341.419769
343.640378
331.646425
329.083720
330.330555
327.771716
365.418840
316.203421
348.509076
370.452219
340.892109
312.091095
302.454724
301.922555
309.653425
325.219314
317.410305
344.736156
328.091564
314.477710
357.141685
322.179886
326.990300
331.112746
309.115748
316.198438
330.764466
328.197219
304.692235
294.625059
309.798081
327.260166
340.924958
309.510594
276.122037
281.814741
295.019779
335.829693
346.488130
331.289336
314.471357
344.133685
332.637816
363.032452
338.501802
333.646109
338.324317
289.906477
349.267949
337.389438
306.575177
319.089443
320.651648
342.277022
326.728803
301.623214
318.718278
331.520792
293.465867
287.803691
302.619242
333.773455
361.159620
295.854520
270.510713
332.912267
297.759559
357.707090
279.733605
340.959158
343.259752
337.730421
284.557841
328.263111
332.310727
344.290076
278.544688
337.815562
284.611171
300.688028
332.299225
281.169493
289.310188
359.295239
322.490232
330.485093
309.734710
310.272425
313.514886
308.675954
263.413722
288.897894
300.703156
288.576708
334.848431
261.825048
283.561173
333.100944
297.918464
327.873734
295.487407
296.480899
333.663977
340.455989
308.183004
317.082419
294.250341
335.623326
311.515407
327.945839
324.867305
348.711455
337.445202
318.373918
300.891216
283.872497
309.871045
292.394520
361.201732
290.838363
341.387029
343.200399
324.381376
286.303596
304.463028
279.018389
290.635990
290.377152
348.813047
287.914237
244.764787
331.334651
308.083437
315.981151
333.787764
326.889572
277.105575
278.252865
316.078284
308.736535
347.870843
310.789536
352.973880
344.271084
296.501473
299.279753
300.141120
308.547580
324.227358
313.003477
328.949181
307.884609
304.560764
305.475964
283.775287
366.268422
311.560502
302.210950
343.430919
288.780619
320.565730
316.534843
340.786682
351.564517
329.325361
365.635018
277.036153
343.781924
358.513696
318.163223
313.072086
291.850773
336.694984
330.743954
293.173906
314.818509
334.830263
337.848199
338.126569
341.712260
322.153206
329.278444
318.935213
358.964274
296.040023
353.783947
338.023806
312.366149
299.829924
300.360207
298.105408
342.447331
341.690699
293.833507
309.770438
303.497084
308.111033
297.432678
324.368833
299.165578
318.912925
321.175186
308.964072
349.808900
309.019615
355.500252
307.612480
318.073269
321.967819
309.006960
346.944982
319.875175
327.961187
334.341216
316.463883
317.382029
375.060800
359.582494
305.674639
306.991924
298.645153
293.326601
318.489449
323.638579
373.935534
370.886695
332.678997
331.747824
286.056900
293.079766
335.218443
282.069836
336.664500
303.644833
346.917852
334.040841
323.142526
287.787919
364.339109
308.470981
261.944654
335.813501
348.696883
342.853729
324.809033
299.785697
317.732886
331.006073
282.079786
327.000326
300.309367
324.236724
299.342104
299.690924
331.596090
333.638538
340.512755
308.673331
346.960160
314.467530
350.604235
327.770256
304.003307
308.939155
326.248650
298.266679
286.129554
326.266350
303.150841
288.620091
320.866775
320.157695
293.081751
303.385179
318.535206
319.952156
277.436522
337.752741
309.824807
332.447953
306.735505
340.020009
296.236870
332.909967
299.264048
346.447922
307.405531
306.347621
330.732777
320.892394
301.976594
304.416433
335.608410
336.099626
340.364534
312.483397
317.145186
302.092682
326.979980
329.802201
300.591794
293.325823
300.326673
303.752001
273.050105
306.935239
327.700972
295.722866
296.181209
361.809813
329.428531
337.937731
299.357647
301.461955
294.736689
289.191907
331.884415
280.919583
310.472206
321.719864
332.228659
331.644458
286.051731
346.334738
335.935572
308.392768
340.849863
331.595075
291.908081
361.437783
300.347664
311.661144
331.934638
309.975804
328.278448
291.474372
351.757630
297.390324
323.602989
349.010198
315.966740
308.348145
296.910507
307.181381
351.904213
359.367398
301.055461
327.311797
323.286435
363.297048
308.972270
306.961223
268.407435
323.217858
319.181503
313.688654
346.500747
322.092890
292.469691
337.306752
303.126644
334.863125
330.632165
287.523167
343.051643
310.546815
307.822540
327.012879
330.531075
312.269920
280.492992
350.352328
329.029920
324.537222
360.005884
313.952115
302.063787
316.478257
327.397207
336.666328
323.097781
300.050236
353.259252
292.713094
349.471924
321.127171
324.610039
322.313896
336.914416
295.145591
361.663296
310.860152
291.283672
328.568805
306.285468
328.250741
319.182842
291.895353
339.648499
291.652193
327.919041
343.045905
332.972532
321.556843
317.594220
330.612336
309.622076
303.892008
327.145695
387.093768
299.169933
289.225727
325.728765
284.408022
316.593837
312.744043
302.101871
323.904424
340.546320
307.820031
290.313963
310.712362
324.587449
314.407362
347.083587
316.284531
342.860950
298.441185
314.927219
335.139595
289.123678
341.297990
303.422454
296.514599
307.528225
333.371548
326.693225
318.335812
319.015880
351.193814
282.350763
329.656979
280.696341
328.543658
273.482881
329.513493
312.423726
339.727669
320.830690
318.000370
296.751330
335.463129
290.044240
285.904379
326.220679
353.647750
325.302789
270.946942
304.763010
289.413714
329.131431
330.782168
335.806122
300.812020
324.764930
333.611672
253.754639
269.153376
290.796023
292.747065
351.905926
319.041836
303.153663
301.603296
296.887745
334.081072
288.786829
316.957878
322.835276
298.278198
329.138548
331.637406
267.298397
305.617133
329.686601
323.070771
299.427512
246.891552
331.384914
305.676947
343.685277
318.052193
302.331036
344.086846
291.080950
346.389437
303.761323
326.217806
291.316834
322.732586
319.690595
347.241001
324.057322
358.123816
310.046517
309.819205
351.495347
361.058525
302.940901
323.363303
325.094676
338.216907
288.044624
317.311164
304.580330
319.327675
324.580320
311.769786
324.008457
311.943119
312.445752
359.148244
350.075791
326.830472
297.054286
323.713719
336.911766
328.099654
368.187989
318.566400
329.213844
341.822585
340.932522
306.758055
343.177388
334.378966
326.495664
293.821747
342.870560
302.321985
327.322175
333.041547
342.380886
310.494239
339.931882
338.879200
353.681667
341.493953
334.326971
292.926301
300.533001
307.724080
331.029857
302.440506
305.657606
303.817880
313.029973
349.384044
266.585247
301.346674
320.942122
310.803928
310.281354
277.426430
364.455353
323.707646
300.780728
288.829110
295.798434
329.208504
333.417925
325.890258
342.547601
336.187261
287.615230
338.944352
346.469115
333.641377
329.242065
312.120955
352.679998
304.910593
314.177392
334.442350
310.086314
300.044465
313.258320
357.682074
335.835059
340.415533
328.815456
308.844251
344.432448
359.822513
317.330142
327.463266
331.535622
361.620732
255.226889
334.939226
327.384862
325.209204
333.499499
299.969031
326.229038
285.574893
298.943351
339.912163
299.975420
273.932639
326.823804
342.670596
345.236883
313.957179
287.694738
357.928945
299.714356
324.807393
297.541622
292.157084
273.775041
314.135143
333.550531
315.056737
347.895142
340.080859
319.835116
339.724585
316.129191
306.424095
303.732582
316.051390
293.910351
311.894753
343.007499
338.253163
341.394144
285.834586
291.691774
365.782637
294.299280
311.303577
338.118736
303.967469
293.030079
310.201064
325.954669
328.955418
318.097180
326.400308
288.511854
331.203072
331.811578
311.227947
297.538071
313.624946
320.565079
299.445041
311.298998
351.472790
325.196501
302.730033
285.261418
322.029914
311.899628
332.895924
328.761220
304.680103
306.779440
274.455483
303.925325
330.817054
340.626830
339.329525
325.945744
297.205926
342.904823
335.524218
356.738866
320.785300
345.389746
293.827723
302.241142
307.973620
345.074597
329.531776
290.991755
312.617441
314.209530
340.155528
348.238451
301.982949
335.858223
295.615446
330.969111
309.061855
332.860166
350.426658
320.739250
309.392978
292.823073
337.804357
325.967446
317.129115
292.884000
348.942387
293.697834
337.638246
344.178676
280.226584
330.889425
341.188429
304.934569
339.590336
305.095683
319.534017
288.431435
346.680807
332.117654
330.322242
322.161629
319.203047
314.435600
335.285202
317.228683
266.526342
291.295702
335.949415
296.171082
347.546135
331.811807
299.425726
304.256143
311.351924
310.731422
280.790452
342.197513
323.453159
364.320534
313.198766
347.842982
301.015177
296.209140
329.539517
328.501734
331.994378
330.639304
308.486597
344.711377
303.004757
292.756098
278.453440
313.794390
325.134235
330.313638
309.714930
303.539675
282.999049
315.744262
322.475842
320.436685
334.167338
293.282547
329.927598
307.817121
279.648358
348.798023
283.635720
360.842884
322.430846
326.965255
259.299993
303.957356
307.918977
328.269872
305.501444
334.599415
259.486377
298.546095
322.866423
305.157378
350.780478
364.617686
298.669177
311.594626
305.960545
335.451437
350.121839
271.852996
342.350894
293.540607
319.233136
309.104583
359.600225
316.369413
357.049285
303.505904
282.812649
271.211747
310.111612
279.300363
335.642962
300.517716
346.002480
253.827859
311.491886
331.339930
337.296622
295.006273
320.646691
285.156224
293.263763
329.849344
308.985417
284.906141
355.395964
296.508634
311.052709
316.839744
317.933046
334.411232
326.613866
331.217891
284.143502
326.411341
331.657720
306.911180
331.287323
337.547311
327.240864
346.105431
354.060771
330.808596
304.546740
289.611987
319.263874
353.763013
317.363767
329.209057
296.854791
281.346385
335.689468
309.532993
281.909643
340.150687
274.160266
339.819080
281.527636
314.574294
292.910617
252.418174
332.874115
292.729544
331.729799
301.539065
335.601794
320.524847
341.913483
308.751972
284.321340
277.986628
320.262932
349.398821
292.571711
255.028552
321.061340
356.175013
313.223197
296.466813
333.091396
328.606008
328.006127
350.285840
310.905452
296.185977
263.162541
327.569037
349.443755
293.393649
314.031754
288.606112
329.008895
284.185257
331.988517
361.254673
317.876409
295.690647
282.867353
340.234247
306.627505
320.358876
302.514319
306.896317
303.314454
304.395803
345.360487
306.305386
331.796561
316.355063
277.741868
291.008903
319.584308
327.030700
341.683058
342.591255
304.893023
322.424022
303.346258
293.676548
309.702943
333.098089
317.531964
312.939071
301.327427
291.504181
280.652666
305.159941
344.722310
344.739605
330.631886
312.672527
298.714735
315.487546
307.594799
351.280738
294.221356
305.657039
311.363741
328.912135
317.000830
287.610347
315.010941
274.156963
320.624850
303.188670
324.547212
328.504920
339.321402
277.246806
310.512716
318.214410
338.056567
319.235614
340.813111
303.026376
274.041623
320.934988
344.951139
350.265286
329.759000
267.120295
353.791117
313.431676
292.428751
333.936240
304.906327
282.741775
297.678100
327.151402
293.460927
325.119028
353.232202
291.737907
333.338806
302.868767
346.818854
297.320785
281.879606
316.476145
332.748361
309.626688
351.928171
251.084944
335.049464
299.940947
280.255046
332.361241
340.192976
309.426070
293.076203
322.961234
336.271316
311.641309
335.672693
288.078752
298.439849
318.686729
366.061173
370.992841
306.341995
291.285059
337.078835
315.942043
304.370565
303.352077
324.917184
355.126772
316.941464
309.830236
294.277228
339.242614
298.544044
297.199763
289.483251
305.363169
329.903377
334.546108
290.252919
302.315571
306.774092
260.208905
281.557437
299.333534
344.288974
289.813499
331.865978
305.951058
330.652249
323.703653
303.467187
283.051406
321.979360
326.791801
300.823586
341.325224
291.244126
304.124061
292.024189
322.997814
339.324231
308.616744
355.437845
315.611715
330.641444
319.160995
342.588635
304.059937
327.887746
318.227893
336.725880
340.017574
311.917478
315.073847
282.729423
307.510440
350.656916
319.156699
320.611851
317.134857
308.166879
328.909505
337.644383
334.627140
326.121454
311.263222
326.837799
296.545408
356.884016
335.071150
291.164313
288.280198
281.038907
318.120331
271.737807
297.301036
307.203914
276.269552
364.452503
333.148185
339.065378
326.878512
283.873902
345.568358
292.302136
340.153156
323.326463
318.354062
316.582519
320.809270
318.752204
300.130978
315.856074
324.093610
312.847375
329.972914
289.770861
285.342242
314.577688
355.410513
321.055611
291.818687
331.936728
323.245146
348.564083
345.139655
336.289322
347.761697
278.588695
304.693574
347.530483
346.650664
334.145558
313.070027
325.323223
279.469312
320.977446
294.935188
293.961772
295.191309
324.253684
332.957198
348.335733
325.732513
333.770425
337.383193
291.774219
295.325597
325.024805
354.656555
303.556406
331.851670
265.309815
315.948534
312.343182
329.860064
350.380369
331.358036
294.339971
320.954261
259.932612
272.517590
333.746892
320.257061
321.342962
329.824318
329.575584
318.377597
360.550788
356.047006
351.669651
337.179838
327.168799
322.473768
311.353562
351.945151
314.705890
307.473989
309.376809
296.956392
306.841423
354.784414
341.337484
294.958951
331.098244
332.652794
319.163981
304.103799
300.646724
270.327168
311.733477
358.142193
292.154790
347.302413
319.985208
332.197741
366.809485
338.909910
349.709410
353.743571
283.983154
288.990812
322.266561
333.751631
297.883349
313.463200
306.896543
365.082311
324.948287
298.201318
284.065215
268.439365
358.272173
311.125884
356.414444
315.175892
309.923836
340.343953
325.819049
291.159561
304.887134
272.924112
305.034800
296.388700
288.792398
293.691736
302.517507
352.103842
358.793556
297.237171
339.850753
286.284983
312.096728
295.308834
325.161608
353.771313
253.276766
304.440603
307.690964
323.010467
289.820256
298.919514
310.363901
328.002531
308.781317
295.329047
276.809683
281.857121
321.651715
286.576956
292.627538
310.576530
324.097561
305.651718
301.803086
330.294524
312.384155
319.772309
315.492940
294.775110
314.902688
291.988671
267.970529
345.062754
381.381279
328.127618
309.556733
311.312784
333.880646
341.532462
278.589047
369.188155
338.938828
347.395665
316.345224
318.765178
293.381833
297.151917
286.773207
331.363501
308.839002
302.070496
296.262811
300.421895
300.508132
353.811947
302.666886
312.446856
298.886324
286.397319
274.572593
306.635710
347.203159
320.760030
350.228405
303.973365
269.412644
293.966845
349.691842
328.177362
326.298009
281.058237
313.509037
316.758060
343.488477
307.017793
345.137429
339.717251
298.380220
346.803662
335.989455
321.080149
315.818681
356.168910
295.040451
335.904671
326.352780
331.865416
314.208804
315.855602
292.609722
306.278148
327.957900
326.280818
334.634653
327.470480
286.371255
321.168516
293.817896
334.779036
315.190510
336.829605
264.473706
330.200013
346.190181
322.038113
312.383685
280.462166
299.706346
325.038050
267.577214
326.860030
324.157857
319.453046
285.283391
313.576235
336.755862
313.842803
302.771042
349.994282
341.649226
310.208469
332.046800
342.051326
306.462277
329.727349
292.465466
310.407834
335.179434
276.532136
359.096498
287.523363
312.945079
285.830612
301.763790
342.755524
296.236450
318.790315
253.406103
318.211412
281.741774
336.036016
333.769149
332.402651
319.730850
308.782254
320.305243
305.632022
335.032976
343.718343
310.831578
311.499881
327.799359
310.191543
319.443212
305.963654
332.370962
355.468306
333.596311
335.846957
356.913689
317.551412
285.760767
341.209417
286.413387
309.717169
295.770147
287.295716
321.532321
351.348645
342.431306
315.551359
343.821272
296.572442
279.533258
281.297658
338.570184
333.201469
326.608351
317.240020
293.646269
353.348357
338.753325
325.074237
322.667488
303.304766
348.889532
320.789148
331.700859
298.226706
310.261143
292.135746
270.919617
312.124277
284.287835
315.796146
305.851681
312.545320
321.292947
312.984748
322.069408
309.032159
322.970334
308.232224
302.355351
279.940672
320.347117
300.536021
310.745717
292.009087
307.769587
311.515712
299.459139
303.980876
296.200698
344.499697
318.358968
317.288479
339.165772
301.822872
346.331465
350.451939
273.879809
343.595653
319.930175
332.581343
285.791893
311.418647
336.598987
304.859269
374.994710
303.436802
328.921201
333.407124
286.401357
290.808392
312.730177
271.613962
291.905798
336.880118
326.993442
358.325659
304.041262
318.138289
311.871646
295.563813
335.692812
330.711142
341.489352
344.804462
307.199199
326.249145
287.451718
316.420423
345.219563
332.946240
309.972470
321.408013
338.227146
278.890142
341.225755
313.738172
319.836476
345.966101
282.507915
342.023437
325.235409
323.661005
296.608345
293.696173
306.096275
361.150037
329.963634
314.093571
319.982888
328.684636
292.769409
302.550833
318.475069
307.838807
357.161504
273.429501
325.662154
320.061317
327.256627
297.326883
320.856667
304.457699
302.966188
295.336094
300.436509
315.604855
323.745097
313.081642
280.961755
330.153430
298.352097
359.386418
310.559494
326.821177
314.886150
314.229022
319.277104
319.234988
290.133085
320.296969
283.712979
327.048682
299.154926
282.350554
332.199692
326.219847
370.071848
280.586513
298.190541
351.319175
336.418912
354.943866
362.318045
308.734376
326.066668
335.150377
344.484623
345.834612
313.562040
307.823467
366.720428
300.259299
283.771783
311.442633
331.720601
292.842745
352.474254
