324.137093
337.442261
327.955368
289.619517
309.724746
293.833613
293.235868
344.166152
276.875747
308.563042
265.359972
332.053621
324.471912
308.960709
262.930321
322.131178
308.425753
308.015924
319.337908
282.411740
326.506383
277.275663
283.693052
296.534448
307.446994
323.867235
307.657994
305.655027
334.144114
277.073574
321.551377
291.235457
331.788386
323.188229
261.119160
320.464148
271.305861
309.248272
317.067966
315.906052
329.710173
320.917640
281.148907
346.275320
298.735185
324.445727
278.674064
298.134684
318.838828
324.171245
282.563736
289.570893
323.851217
304.511094
250.435314
285.008859
303.397260
299.554787
315.181719
329.572471
348.764235
319.885211
305.386148
319.064181
327.047566
345.496417
331.533008
270.108321
303.355658
299.998440
309.955126
297.260822
306.051412
320.712035
304.771645
301.045292
338.657688
277.903477
322.108456
326.552644
258.953325
288.834200
269.691162
262.038339
301.352629
278.818648
319.407124
318.441092
275.879745
292.356779
330.244692
319.438621
327.028115
275.026474
293.538933
343.440043
288.273362
313.648850
287.502994
304.586846
282.705104
325.272756
338.311532
280.397884
276.354295
260.249255
307.531023
345.528034
330.337020
328.847708
318.883314
323.683929
316.146137
307.008781
299.144728
328.536353
287.146915
279.049673
338.296382
308.778187
372.227169
323.211331
325.588831
292.964223
290.253047
278.467769
312.272692
301.782032
308.616105
303.090664
344.547734
322.054261
305.342643
319.664103
295.508260
296.619045
313.489033
300.490367
299.347576
307.730955
303.902851
305.372518
308.536127
276.756200
296.598738
291.577821
290.376152
335.466020
260.859650
310.403417
293.390406
298.524346
340.271653
334.034139
300.650225
289.579266
321.876151
319.825330
324.107514
308.185975
326.991339
302.599779
317.398750
274.909854
279.918651
278.475060
303.839083
337.526971
334.114754
308.470898
289.236182
324.893569
327.137663
296.848432
352.733322
306.694795
280.227079
308.851320
284.197109
285.742379
300.149420
285.370613
251.849237
327.815699
302.364926
321.291455
294.733855
304.609974
328.871842
289.762359
276.854539
341.064980
321.469784
304.012593
309.067757
311.977000
286.959950
292.853095
288.047672
322.657656
287.993408
324.979127
351.319665
338.825677
296.330553
264.501492
277.529810
338.387649
312.058400
290.413093
313.712216
305.701121
310.643333
299.854882
334.241354
297.896815
316.980954
288.815046
317.042329
294.378173
284.645121
273.858977
309.298239
311.058718
271.800719
323.762576
294.784677
302.833681
333.730647
268.834302
306.950713
314.175092
324.417023
333.160440
310.554020
339.516311
338.312140
320.329518
327.103538
307.157071
311.913540
342.774876
332.095375
311.910355
304.965925
308.661646
277.486205
312.953382
301.979386
317.864293
317.877028
296.477892
316.231720
307.776113
323.883965
283.518282
337.874265
295.783197
321.036277
325.958893
297.227144
298.630291
327.119534
324.718456
294.001629
309.534805
312.704572
283.966975
296.002577
252.329243
298.407008
323.147260
313.082227
327.937901
282.720089
351.426535
301.658013
358.403046
287.594457
331.068964
330.609680
332.988778
271.756888
351.409569
300.008156
306.988160
284.897348
310.633518
315.606712
286.387081
271.613909
304.281437
345.233376
312.094344
308.425504
290.244245
341.151593
316.029479
304.727054
285.488010
307.951727
272.604873
332.725800
309.708764
318.944427
307.026092
304.825177
312.904685
276.784307
261.853470
328.541609
286.883243
332.557396
315.090784
277.214949
289.032052
293.233871
317.226445
321.088886
292.014995
310.507322
294.952817
344.568107
301.932607
266.460868
294.058738
293.927671
295.712067
253.029921
286.955625
311.691047
304.089342
293.562923
327.943275
287.735875
268.808164
316.600090
307.856723
295.313973
293.361871
278.537475
288.748274
317.471630
325.263106
283.779381
307.737373
271.624565
312.494250
322.075248
306.673997
322.653990
330.816109
317.846537
320.354054
296.059801
298.582806
311.647817
297.732084
316.045544
348.206299
336.487660
320.277483
298.940534
317.089389
269.779604
294.791711
282.861012
354.967066
282.108987
281.778292
291.781864
301.641355
328.564158
269.409121
316.568108
325.373456
313.411433
341.704515
310.090616
320.627592
337.543340
292.133869
305.500200
289.287129
295.981176
272.356074
262.732270
289.053727
321.997810
294.298970
316.065189
311.304635
309.845953
316.716884
288.780427
310.907486
334.316654
271.224416
271.016345
336.904370
338.920913
304.130686
284.754610
288.311301
321.674908
299.495839
331.064163
319.439878
346.976069
330.351973
333.062573
336.030585
288.200508
332.155796
328.937370
342.956781
346.518934
319.746531
289.638416
331.503924
312.824255
304.939212
325.602216
342.575897
290.874502
302.965267
285.331951
295.829812
304.879572
310.532971
322.552148
280.124283
260.758116
291.531235
345.253687
312.040748
335.044723
298.915215
335.778772
303.863886
334.611599
300.777849
311.769861
331.997284
287.996885
311.966845
325.239288
264.669007
371.942203
345.705469
298.892884
314.362122
295.001017
308.325904
307.007584
298.817980
340.813021
299.003085
334.773724
292.987355
295.795154
321.650470
305.748381
275.732236
343.363573
291.498679
306.050681
309.364670
286.657170
336.234635
311.041030
294.199418
314.401734
269.865252
337.158983
274.816646
308.004198
312.347681
317.207134
335.503974
339.593899
301.923969
302.144303
301.695906
331.570789
286.623607
310.144955
298.981032
269.416592
315.574830
290.517643
296.941333
297.802676
331.336103
277.913447
328.657329
286.279695
334.337874
333.538467
296.542594
267.665028
296.937032
293.715644
265.834629
313.666519
341.969040
254.100990
316.838143
301.980132
287.596078
329.869075
352.230302
322.348876
306.999517
305.158308
311.906871
308.863527
297.933850
323.372628
286.200064
291.839666
316.296149
335.578910
335.903492
298.579302
271.521756
288.270106
275.168846
315.078617
302.504146
277.452704
272.987994
343.660311
316.788505
324.691788
261.622904
315.733941
272.829807
294.090001
305.902361
337.448331
317.180682
293.789937
296.953480
313.739996
331.887384
272.725073
298.900067
335.349573
303.353815
350.121207
311.921550
305.179876
297.117835
259.981587
301.742025
325.056432
321.506948
296.129180
297.635100
301.419031
278.711022
299.074954
314.278889
297.072969
301.306935
303.432101
253.831989
352.686520
335.332583
277.233354
344.863232
325.519900
312.161097
310.922919
290.389517
311.647467
304.985613
220.865325
295.881163
314.306600
317.820872
292.944357
291.982069
275.198059
328.100435
301.596301
294.016291
304.192145
277.363920
291.496877
340.623661
359.681256
324.509726
295.687495
322.995915
350.956938
288.826703
305.071455
320.515737
340.134623
321.082380
315.847213
345.707885
295.192674
318.892386
300.722615
298.093376
305.849553
294.333721
324.112573
322.850172
311.425789
317.454723
279.895256
316.244127
324.171324
300.905825
256.179971
352.870627
312.031555
317.766459
338.949289
308.783499
292.684521
309.975463
303.870173
311.728541
318.910533
324.168644
287.516264
262.194470
292.213375
316.809749
311.701327
297.709699
299.778530
277.210932
321.775654
316.115203
297.922878
314.144703
319.602960
298.595929
332.036013
341.223206
249.091150
284.543949
323.474569
291.824359
325.212123
325.889892
316.704084
294.880873
312.155144
264.724946
268.542584
290.321018
318.129887
313.722348
320.137015
274.637442
256.113705
324.950166
270.905998
322.936423
306.702611
268.989655
315.078288
269.983393
311.792427
295.561659
309.668524
290.643504
314.544102
314.396480
301.936779
323.307576
320.391760
322.416418
308.663048
259.194788
314.065764
269.946539
337.797870
293.331667
270.941905
299.096631
321.419588
305.418787
269.031493
276.314933
300.514375
330.873427
319.333158
335.546815
304.283928
261.930901
359.204131
319.427683
241.876654
329.933134
290.699637
317.756435
338.073862
342.930213
319.205075
270.681984
305.131621
319.937597
329.619870
301.831099
273.282153
283.145770
299.959792
324.261093
323.629678
312.761577
331.597408
319.749847
293.472909
315.211764
300.083413
318.138160
336.122015
307.979727
287.994776
290.893220
303.156527
326.886095
336.902748
276.754181
289.977706
338.456684
306.053319
327.733552
311.422566
270.264127
322.717472
271.273711
319.782846
330.470674
336.705041
302.173578
312.019437
310.411019
339.692451
298.725937
309.929616
301.056223
321.539066
328.176124
322.190710
290.594959
280.409947
335.859283
345.098291
310.650486
283.235153
318.874719
343.394439
323.013361
338.377005
302.988625
327.656266
344.109482
292.518712
271.218388
312.816109
343.123580
325.248300
302.469784
291.118087
338.336362
298.902362
289.370581
330.322962
306.698040
272.351980
307.902686
294.897122
315.628462
304.910340
338.772905
305.529474
323.789858
299.871855
290.924646
309.273713
311.660443
269.596499
317.551980
323.605111
341.342904
330.662754
327.771787
315.381617
303.749070
281.689031
310.633461
313.705904
299.371318
328.385623
279.246450
259.546361
328.348536
341.121205
318.499026
328.492400
327.084263
327.328660
315.005790
271.506094
295.233708
338.496974
309.141508
303.254225
305.254728
242.810552
272.367259
319.588399
312.394299
277.925490
326.515699
328.716221
297.471313
302.955696
348.186996
286.635506
275.297942
313.205613
322.613063
298.208383
318.791361
282.948799
257.167392
314.289656
312.618178
297.407212
296.265741
324.305952
324.226663
308.048665
289.553371
308.852484
283.524069
316.501394
288.715476
331.900116
330.064159
283.601163
316.570102
344.700772
339.482107
306.156141
303.055181
328.902192
299.671274
320.320740
302.297409
352.831128
315.026135
300.254863
329.504092
315.296303
312.467226
317.618295
330.525709
304.294031
318.796804
264.331274
321.434229
302.295774
327.711638
353.704686
303.564211
300.485594
293.888591
318.486139
317.791312
292.583905
298.744643
278.682176
305.476946
288.142864
300.940484
341.320718
320.770417
317.205943
320.742532
331.256188
328.767360
297.098874
321.803426
300.081412
322.765637
312.128622
306.928233
283.832186
292.638081
326.156447
286.812801
319.685687
344.065909
294.957644
333.533299
322.510338
313.841800
299.896032
284.952907
305.394973
310.158317
298.246545
269.638335
310.897344
281.442000
276.988434
312.270174
288.389634
269.656476
273.022858
301.039239
293.636355
310.322439
289.970462
315.059264
303.580223
261.111723
288.881227
282.191440
289.454430
315.612607
299.783034
317.586257
283.427196
274.794287
330.022690
316.965102
288.816602
252.175244
292.520289
312.334048
328.352573
287.309147
311.198741
318.943786
293.276358
292.729070
325.876129
318.323944
313.471991
298.297139
270.996991
333.698217
335.072053
290.082587
291.244935
326.717404
298.758922
321.596714
310.126406
350.556604
306.743424
314.494913
330.967283
309.917389
285.870041
307.345083
303.123434
329.701057
333.389964
301.564224
318.846270
286.670812
323.967035
299.299593
317.890205
305.538083
292.874120
295.540405
319.366976
308.563664
281.158058
317.820140
318.472545
301.768516
305.284910
345.628376
298.283561
311.794062
339.918932
325.817170
302.963505
291.962933
306.425217
300.624114
304.219005
334.290046
268.252576
335.790707
277.710995
339.466023
324.497745
284.440000
294.085275
335.523379
327.218400
315.950800
315.110867
322.785179
324.931826
285.535940
325.498901
285.463550
352.983467
318.157471
267.795558
304.486189
322.774191
274.544748
276.049622
295.167610
273.270791
295.791001
282.605793
330.802344
298.354973
329.961008
307.721678
306.280203
292.841457
282.291310
255.410433
296.179191
308.787806
300.772457
299.716207
300.123636
288.541010
277.226032
253.660516
295.935988
264.586478
331.398640
324.235269
294.130828
276.278837
327.714854
295.297968
307.175609
270.236430
271.708002
332.662092
303.525212
274.883098
348.331173
273.290845
319.535601
275.469179
287.143182
286.745467
296.711854
259.544032
309.053282
288.047996
341.848214
266.367679
265.743626
310.578200
310.410641
338.963654
322.496468
287.640762
298.686438
271.290983
318.231795
349.103834
331.352471
255.126596
286.060344
285.714104
333.471225
283.238068
309.267753
314.949334
309.250404
322.331106
277.510558
291.311933
315.924816
250.242245
330.097236
289.233662
335.394878
288.714666
328.841725
346.579884
341.691111
343.040043
304.095977
309.133192
306.165420
283.679167
273.169962
288.139983
333.194528
259.547150
291.769450
329.831174
301.474615
271.676709
332.679810
313.496813
258.876173
320.007201
324.662573
282.452107
309.308579
277.719975
289.834097
286.319270
332.416575
316.795198
285.720135
328.420658
343.677920
319.550862
320.052785
280.086970
297.058699
332.228034
290.147404
295.444209
291.105217
318.807654
279.152313
258.193620
331.261944
344.980412
267.606698
306.278258
313.901450
287.566229
315.884743
300.667893
318.296521
303.007250
282.655353
314.552625
287.843356
289.236852
308.003004
301.666230
293.767804
329.843814
299.543061
284.145044
314.453424
339.233850
291.202608
311.513861
338.557757
304.945098
327.610355
294.695560
315.255667
286.778974
317.658612
295.112521
259.887428
316.401186
322.313042
301.854404
296.149873
313.554831
335.234618
317.280460
291.372468
310.746394
313.955939
281.728821
268.553445
267.801212
254.521332
332.297102
261.233656
290.696825
328.377727
278.683934
319.284845
311.375236
317.558246
258.358306
303.707868
324.238315
316.284997
291.558287
321.891321
316.712062
295.851488
300.304150
302.330890
307.867934
317.781695
315.629461
295.409805
292.418030
331.580115
302.067479
332.583553
297.350626
306.495182
339.709808
288.820193
273.711639
292.023355
294.872759
308.306584
302.695807
257.821730
312.114247
291.731505
317.145105
268.350509
301.983489
332.385507
312.792975
301.213733
296.410184
304.205507
296.920671
299.910021
292.179328
318.243759
284.167496
309.384754
333.794997
321.553851
326.401201
270.426860
330.007546
295.368529
327.164305
335.226601
332.205632
298.258450
301.102948
313.862311
317.286985
324.912036
353.893468
303.862135
304.676153
282.952588
303.808325
327.560612
320.564037
290.963163
286.698670
320.945410
287.381697
333.820846
298.476293
266.462839
297.282605
310.042208
306.656184
306.405765
277.051569
307.659346
327.789675
327.110008
328.996843
267.708383
319.104809
235.116892
336.794165
248.107470
329.321747
280.398782
294.561771
284.208474
312.211237
295.769462
306.471919
295.287715
339.813428
296.074544
338.809953
272.393738
307.247469
312.258642
292.239537
288.877922
292.778845
338.570469
323.814153
288.231186
281.960972
287.615033
294.804616
269.428782
302.423885
293.842665
329.435812
255.656538
303.554057
307.938107
331.025742
333.918398
291.543630
334.463625
333.352873
283.761116
283.895048
334.560187
299.463143
342.652350
292.083162
310.354585
291.943391
332.867261
300.753938
283.479661
338.364727
290.777598
318.102456
289.754492
316.870178
331.832994
320.597483
311.188483
334.022040
313.747984
308.246314
313.318183
333.360175
320.897250
295.542844
311.180827
305.232667
318.387066
347.347850
304.913158
283.022107
302.187154
270.994831
282.646973
302.190486
270.212092
290.055976
328.086438
312.468664
334.976796
307.027480
297.342639
350.335149
325.760039
310.082166
315.644160
314.316785
293.968441
314.360020
314.998525
312.129882
317.157414
307.832464
306.909273
300.910028
277.101934
290.404194
323.363214
335.696881
284.320123
338.213166
301.667314
340.468161
284.925106
308.294993
357.305752
292.081149
273.945200
312.026848
311.385753
364.713017
323.816498
294.122627
282.218620
282.204179
317.428158
304.009184
322.743583
281.367868
330.764395
314.793357
311.684689
322.133167
314.481758
301.970869
276.924268
320.600847
278.793514
325.106614
324.124611
278.567064
310.173285
318.998089
317.569840
329.668467
311.969610
309.665657
338.709007
280.734346
313.435011
282.986300
279.996456
324.156118
336.673411
289.625888
326.722850
322.377884
336.310904
338.165284
334.305835
309.953210
260.094743
302.943855
309.712035
306.238662
311.384998
316.559678
282.503038
285.605447
271.171174
321.994502
295.838467
333.305987
333.306102
307.902425
309.457898
285.114459
325.047431
290.047126
327.516910
301.118261
310.621507
292.816935
294.564949
362.607174
307.321399
327.515918
301.872737
347.093268
307.147396
313.305891
268.961400
302.981025
326.640346
290.985276
348.882315
323.905030
317.124981
285.852399
285.447052
338.887988
295.287264
327.752675
316.618161
293.164528
276.416521
333.695387
270.932354
317.091034
287.067365
305.171353
283.420163
303.045249
276.745450
348.446145
345.591961
255.617115
327.522699
288.120528
284.007252
306.388910
351.314382
295.268252
305.839290
303.163993
308.944838
310.599774
268.001345
328.074695
271.475777
326.512220
281.690981
284.317154
286.250394
302.775892
305.091596
372.169041
276.394852
275.264061
277.402572
312.729823
303.584439
303.497033
284.861627
299.866095
320.222102
306.684051
300.963579
315.611554
321.031944
245.807602
319.115973
284.384835
307.560083
346.634666
290.013400
290.443393
331.203695
332.642953
317.657693
291.689976
326.058889
335.930197
327.290823
345.015895
292.159339
323.512660
300.562274
298.539948
310.486788
316.530722
299.396735
290.043130
306.813775
251.249861
280.074066
313.360478
274.181142
328.808654
313.599677
313.537777
263.657932
303.940822
303.502223
307.905652
276.401752
264.507968
337.319577
305.282946
345.140663
300.031756
296.467467
268.761850
324.387903
306.606584
333.439102
281.405832
326.410557
286.028789
316.769537
327.932060
278.454498
336.195245
296.877954
307.228176
279.493868
289.025531
305.390246
343.391056
335.029336
304.461285
304.501225
299.382492
300.647663
308.856619
277.035049
312.082133
310.854085
281.198388
308.158525
290.476311
329.338530
290.106653
312.971026
289.847850
287.927117
338.354996
294.414288
290.595507
314.271581
314.274698
290.528511
321.134713
294.465043
249.678275
265.515270
326.925125
283.608643
316.297117
315.613714
341.036736
305.444469
302.979852
346.245739
274.827389
327.716799
305.879519
303.438711
342.374873
271.208022
294.054273
326.730055
351.654904
285.216740
290.474637
267.403508
331.410702
306.716235
295.316172
272.802182
317.703492
301.193093
340.215737
290.853197
301.100408
331.561909
269.293254
292.829907
342.725405
294.336292
300.867024
287.957400
292.082959
321.980315
300.758058
303.788415
298.468584
318.473828
306.366254
319.399916
307.786937
349.138493
328.661830
307.156352
298.074823
316.666693
315.254680
287.357142
338.567707
299.080511
265.266743
311.772490
271.741463
275.321334
306.910770
283.308496
322.261820
312.075677
324.682049
318.157950
269.185265
327.433903
331.332681
324.267475
264.399733
290.779904
306.649312
312.487365
332.401345
318.463149
331.317574
309.131355
314.648906
283.449241
295.709606
264.208366
310.932405
293.901772
293.142625
317.103253
308.567896
298.371087
280.967201
271.189883
293.842326
318.634252
327.345963
295.761754
319.789245
286.221353
303.104241
313.812717
286.057731
325.265483
281.825807
302.580954
290.184696
308.445335
306.068804
310.674662
297.962691
304.035852
262.026087
336.680472
307.533349
332.695856
288.998655
299.267473
362.723996
326.821105
303.319962
312.534719
289.465465
305.501462
331.022573
309.560463
288.536860
280.896364
249.088548
302.705641
293.222893
314.920516
358.045054
311.769151
310.775907
274.333533
289.991037
313.890693
305.277574
325.235158
316.815711
281.711009
323.621329
326.101709
309.228573
336.976858
299.200250
339.907497
329.649986
319.459983
289.726211
305.538932
315.689510
344.053526
297.612459
291.961044
287.992108
347.864272
320.602927
291.536300
308.583515
330.177718
309.476027
295.125313
341.492879
287.631449
304.178045
290.042711
287.838292
317.518137
315.506561
290.541496
293.573722
307.577390
316.283862
318.295036
318.324564
289.714180
303.507255
308.305510
285.698998
332.677301
323.783234
292.470281
277.820331
309.660542
291.562219
254.829122
323.170060
307.223925
323.505919
286.484899
303.773298
322.119269
297.502899
327.715032
311.366781
316.437653
320.818918
300.942940
320.960241
314.464605
268.030134
304.038172
323.666163
265.433441
313.564380
318.939440
326.147067
327.954857
282.570117
302.281529
329.230984
341.609350
350.689255
351.118179
288.030921
307.094307
336.204273
304.880075
321.853847
325.339073
345.420993
286.295797
286.660837
279.697665
299.694097
323.008359
349.249262
