inf
inf
657.766267
inf
inf
672.850478
654.232445
668.469311
687.489465
inf
inf
inf
inf
inf
inf
698.214945
inf
inf
692.635537
inf
inf
inf
inf
685.623852
inf
inf
inf
inf
686.095786
inf
611.247904
inf
inf
641.960320
inf
inf
inf
inf
inf
inf
inf
669.291438
inf
686.078900
inf
inf
675.857051
680.713019
677.099997
inf
inf
inf
inf
661.757636
685.063006
inf
inf
inf
inf
inf
709.100526
inf
inf
inf
inf
inf
inf
679.108838
inf
688.415144
690.106877
700.319686
inf
630.652012
inf
692.263211
inf
659.587516
inf
inf
inf
inf
inf
inf
inf
679.880798
inf
inf
inf
693.437261
inf
657.189114
inf
inf
699.635989
676.855783
inf
697.240434
679.388779
inf
inf
inf
inf
700.932221
693.144692
inf
inf
inf
inf
634.945391
689.985848
inf
692.426708
676.781163
688.731604
inf
inf
660.234515
687.474395
inf
648.562285
inf
inf
inf
inf
inf
inf
inf
inf
inf
703.599426
inf
inf
665.266509
inf
689.890170
inf
inf
669.917302
631.853400
inf
616.019376
inf
inf
inf
inf
inf
inf
694.220321
inf
629.779416
inf
inf
inf
inf
664.918612
inf
inf
inf
625.198371
704.830046
inf
643.696280
inf
inf
659.199555
685.137045
inf
inf
inf
inf
inf
679.750052
647.206247
655.382850
inf
inf
687.256710
inf
676.029657
701.202548
657.659310
635.665752
inf
inf
inf
inf
inf
inf
673.769789
inf
inf
654.581221
inf
682.858942
inf
699.513388
616.836802
inf
inf
inf
inf
inf
inf
inf
660.795446
inf
621.124579
inf
inf
659.659677
618.044319
inf
631.040197
inf
690.822004
inf
inf
670.647499
inf
inf
692.572866
inf
inf
653.189004
inf
inf
inf
inf
inf
inf
inf
inf
inf
inf
inf
inf
inf
708.819740
inf
641.320023
inf
inf
inf
inf
inf
inf
inf
inf
inf
inf
681.557622
691.138005
inf
inf
656.841114
inf
inf
inf
inf
706.332206
inf
626.946856
inf
inf
686.619011
701.193982
inf
692.245850
inf
inf
inf
669.540263
inf
inf
680.266039
inf
inf
inf
inf
inf
627.454076
inf
inf
inf
inf
inf
inf
inf
653.620907
inf
645.053781
inf
inf
inf
630.889318
inf
inf
inf
inf
672.102458
inf
707.681767
inf
677.443113
inf
680.681032
668.836797
691.461380
inf
inf
682.688866
inf
inf
inf
690.657159
inf
696.852297
inf
inf
inf
674.670180
inf
708.049554
inf
inf
inf
696.329873
inf
669.347217
inf
654.472316
inf
inf
641.444410
inf
inf
676.250166
670.012312
inf
661.270141
inf
inf
inf
650.710899
inf
687.620535
682.502319
678.028142
639.783073
inf
inf
inf
inf
684.996599
inf
696.100992
687.317902
inf
638.308846
inf
669.394806
inf
671.907636
669.141233
inf
702.319942
670.613527
704.364323
inf
inf
inf
inf
inf
inf
697.815278
inf
inf
inf
inf
634.398183
inf
inf
670.357295
inf
inf
inf
660.858319
658.565934
inf
inf
688.505517
inf
inf
inf
699.241073
692.066499
697.141061
inf
inf
inf
inf
inf
inf
inf
inf
inf
inf
inf
inf
inf
inf
inf
inf
inf
673.928710
666.492304
700.977010
inf
inf
inf
inf
inf
681.532508
inf
inf
inf
inf
inf
inf
inf
inf
inf
inf
698.486560
inf
691.150057
657.686037
inf
659.390816
inf
inf
inf
inf
661.123079
629.949603
inf
inf
inf
inf
676.287933
inf
inf
708.930796
inf
656.452924
inf
inf
inf
693.542262
663.564090
inf
inf
inf
682.623635
inf
inf
inf
703.780233
inf
inf
682.158634
inf
inf
inf
inf
inf
inf
inf
inf
inf
inf
668.851476
708.250455
inf
697.208845
inf
682.137958
inf
inf
inf
inf
inf
647.633579
inf
671.413823
inf
inf
inf
inf
654.351774
inf
inf
inf
662.262616
inf
inf
649.010999
inf
678.969625
inf
inf
672.157177
inf
inf
inf
682.669956
inf
inf
inf
inf
inf
inf
695.488777
inf
inf
666.498974
inf
666.616754
664.136135
inf
inf
inf
688.851243
inf
inf
inf
622.089668
inf
inf
inf
inf
inf
679.363815
inf
687.399404
inf
inf
inf
671.719566
671.022325
inf
675.882678
inf
inf
618.104462
inf
inf
698.460769
inf
674.663450
inf
inf
inf
inf
inf
inf
inf
inf
inf
inf
625.825354
622.207475
inf
661.193780
inf
inf
641.451474
inf
inf
inf
inf
674.230317
inf
622.000706
inf
inf
674.877171
inf
inf
inf
inf
681.920212
inf
inf
693.824839
inf
inf
inf
661.499890
673.713643
631.562940
656.224631
610.269212
inf
706.192523
inf
690.370085
inf
inf
inf
inf
inf
659.407012
661.883134
inf
inf
inf
707.042271
678.154739
inf
inf
617.097228
inf
612.192217
inf
630.843042
661.489264
684.685234
inf
inf
inf
inf
inf
672.272589
657.901096
601.265879
inf
inf
inf
inf
inf
inf
inf
685.332407
inf
inf
584.218435
676.877540
661.994230
inf
inf
683.459143
inf
inf
676.196732
693.139330
inf
inf
inf
inf
inf
inf
inf
inf
inf
inf
inf
inf
inf
708.374545
inf
inf
inf
inf
inf
inf
inf
inf
inf
655.755160
inf
inf
591.068986
inf
inf
inf
inf
inf
inf
inf
inf
inf
676.036319
inf
649.470288
inf
inf
702.540539
inf
698.325738
inf
inf
inf
inf
inf
inf
687.175598
655.232366
inf
701.552437
inf
inf
inf
inf
699.463277
inf
662.671532
inf
inf
inf
inf
677.727872
inf
inf
inf
inf
inf
inf
inf
inf
inf
inf
inf
inf
629.476873
inf
inf
655.346564
inf
inf
inf
inf
inf
inf
688.851878
689.587942
inf
677.872826
703.401357
684.336832
inf
inf
inf
701.298881
690.185350
705.984413
650.124385
inf
inf
inf
inf
679.699679
inf
697.890419
inf
inf
inf
681.476019
inf
inf
634.415497
inf
inf
626.284239
inf
601.856637
inf
inf
inf
inf
671.380093
669.327960
654.162538
inf
inf
671.674258
662.108187
inf
inf
inf
inf
inf
618.281248
inf
inf
inf
inf
634.939999
680.277670
inf
inf
inf
676.498203
693.537427
inf
inf
inf
inf
inf
687.758264
inf
inf
696.211000
inf
709.212465
inf
inf
inf
inf
701.260664
inf
inf
inf
677.558757
681.944268
inf
699.160886
704.103688
678.661266
699.037230
inf
inf
676.090748
641.145413
inf
672.138873
673.717966
658.865284
inf
inf
inf
inf
inf
inf
inf
627.350489
inf
inf
669.338193
inf
inf
663.860933
708.549486
700.927555
inf
inf
inf
inf
671.959764
700.930427
inf
inf
inf
inf
701.825876
inf
inf
649.918995
662.721365
inf
inf
inf
659.400368
inf
673.359238
676.297622
inf
660.967155
702.216205
inf
684.922704
inf
671.073949
676.043337
inf
inf
inf
inf
692.010268
inf
700.594975
inf
inf
inf
inf
inf
inf
inf
inf
681.062331
inf
inf
inf
inf
669.521339
inf
inf
680.498599
inf
inf
inf
inf
inf
643.166964
inf
704.500640
inf
653.543444
672.909419
664.309524
681.768521
inf
inf
674.335072
inf
inf
674.032891
inf
inf
inf
683.416488
inf
inf
inf
inf
inf
inf
inf
inf
704.700843
inf
643.119681
inf
inf
inf
inf
inf
700.584172
inf
inf
695.111180
inf
inf
inf
inf
inf
inf
inf
inf
inf
inf
inf
inf
inf
inf
636.357729
687.179849
679.732144
inf
inf
inf
inf
inf
690.994888
inf
inf
652.613302
inf
662.441249
inf
627.941237
inf
inf
inf
inf
inf
700.319975
inf
inf
inf
inf
inf
644.762896
inf
662.683699
inf
inf
652.771831
703.404243
655.795845
inf
inf
635.651579
inf
680.286991
659.092359
inf
689.221050
inf
inf
inf
inf
694.617986
inf
678.021046
inf
inf
672.857803
637.125923
inf
inf
681.966992
inf
650.938697
662.691440
inf
inf
inf
inf
inf
704.736152
inf
642.584284
692.549901
inf
709.513775
inf
inf
697.609029
692.530809
692.247571
inf
inf
inf
inf
inf
658.883055
inf
inf
inf
inf
657.986549
inf
inf
inf
695.347859
687.500595
inf
inf
inf
inf
707.633575
654.050479
602.236691
inf
694.342872
inf
657.009527
inf
inf
inf
inf
inf
inf
inf
672.312081
inf
inf
inf
inf
626.524288
inf
inf
inf
inf
681.701948
inf
673.802595
inf
inf
inf
682.777307
709.075638
inf
inf
656.740969
inf
651.842555
inf
inf
inf
inf
inf
inf
inf
649.563265
642.180008
707.574412
inf
inf
inf
inf
632.919175
inf
inf
700.032151
inf
inf
inf
inf
inf
inf
inf
inf
inf
inf
inf
656.619076
inf
inf
inf
inf
inf
inf
607.017844
inf
660.838217
663.186080
inf
inf
inf
inf
695.240571
inf
inf
inf
inf
702.200287
inf
672.524104
673.997777
inf
651.586352
669.770634
inf
696.602784
inf
inf
689.085269
inf
639.951375
609.589118
inf
inf
inf
638.787689
inf
inf
inf
inf
inf
653.870340
684.232818
inf
inf
612.571373
inf
inf
inf
701.110476
663.250653
inf
629.571362
inf
inf
inf
inf
inf
inf
inf
inf
inf
inf
inf
inf
686.638738
683.047074
674.159441
inf
690.599134
inf
653.166759
inf
inf
inf
inf
655.836030
inf
inf
612.197012
inf
665.996248
inf
inf
640.051549
inf
683.238117
inf
inf
660.416261
inf
inf
inf
696.012472
inf
666.643696
607.902678
inf
inf
666.684632
inf
678.378698
629.323956
inf
inf
634.012994
inf
703.128599
inf
inf
inf
694.651539
inf
inf
inf
inf
inf
inf
699.330553
610.087363
685.167209
inf
inf
inf
inf
692.632941
707.728810
705.867042
inf
inf
inf
645.637654
inf
inf
694.619656
inf
inf
705.757991
inf
inf
inf
672.697252
671.771408
inf
inf
inf
676.788391
inf
689.150733
inf
inf
698.441691
inf
610.803094
inf
inf
701.759698
inf
708.386524
645.022903
702.688172
inf
inf
647.717720
inf
inf
inf
inf
inf
inf
inf
663.682675
inf
inf
inf
inf
inf
696.460972
inf
inf
inf
inf
628.233401
inf
681.697598
inf
689.019432
inf
646.973848
inf
672.993088
inf
inf
inf
inf
inf
671.148321
inf
685.292101
inf
inf
656.624971
inf
703.381724
inf
inf
inf
688.936588
655.505596
707.578213
681.468914
inf
inf
inf
inf
inf
698.122544
inf
696.293658
619.829753
inf
inf
677.202531
inf
inf
inf
inf
664.626394
695.057279
inf
inf
703.060331
624.417881
inf
inf
649.765003
672.952856
inf
inf
inf
675.721846
inf
inf
inf
706.863050
inf
674.866334
677.818687
inf
inf
704.694301
inf
inf
inf
inf
inf
inf
inf
inf
inf
678.980320
inf
inf
679.664731
644.439739
inf
inf
inf
inf
inf
704.236508
inf
701.366075
702.232030
inf
inf
inf
690.350149
700.636213
693.414995
691.916977
693.201066
inf
629.998582
684.005813
inf
inf
673.828974
inf
669.651115
675.884527
708.354076
inf
inf
inf
inf
inf
691.120448
661.565197
678.113291
649.206442
702.291986
inf
inf
inf
690.989127
inf
inf
inf
inf
inf
inf
657.494412
inf
inf
inf
663.787236
inf
709.382803
684.031902
inf
inf
694.841670
inf
inf
707.023748
inf
inf
inf
inf
inf
inf
inf
603.683276
inf
608.350248
inf
inf
inf
inf
inf
673.653059
inf
708.780375
inf
inf
inf
665.950286
inf
inf
inf
inf
inf
inf
inf
inf
inf
639.359720
inf
inf
inf
inf
inf
inf
inf
663.308402
inf
664.669074
704.623823
674.579735
596.475200
inf
inf
inf
inf
652.137566
inf
inf
640.097440
inf
652.918617
646.107939
inf
inf
671.083990
inf
inf
inf
inf
628.744204
inf
inf
inf
inf
683.368252
inf
inf
inf
698.883992
694.364220
inf
inf
inf
668.011797
inf
677.288476
632.532703
673.224926
inf
inf
inf
inf
inf
inf
inf
inf
inf
inf
inf
inf
inf
inf
inf
inf
inf
inf
663.694026
inf
690.620213
690.973590
inf
708.510625
inf
inf
inf
inf
700.921364
625.653200
691.429409
698.429504
inf
inf
inf
inf
665.012934
inf
inf
inf
inf
inf
704.530782
inf
inf
inf
inf
inf
inf
inf
inf
inf
inf
687.888277
inf
679.360195
inf
inf
inf
inf
inf
636.171684
inf
inf
685.586342
inf
671.066198
686.426131
704.323040
667.203575
inf
660.476269
inf
inf
661.165840
696.582361
671.087712
inf
inf
inf
inf
inf
inf
698.885985
607.978095
inf
inf
inf
inf
680.426547
inf
inf
677.869488
664.632102
inf
inf
inf
700.206700
inf
692.976076
inf
662.019151
inf
inf
675.661807
inf
inf
inf
inf
inf
687.835100
671.798243
661.481350
inf
inf
696.786674
inf
inf
654.196692
inf
652.826264
685.089147
inf
inf
633.055121
inf
inf
inf
inf
671.508596
inf
inf
675.363502
inf
654.626633
643.220344
inf
660.338898
650.190314
inf
inf
inf
inf
678.963521
inf
inf
inf
705.537416
656.128513
inf
inf
inf
697.425666
inf
inf
inf
inf
676.922631
659.673521
inf
inf
inf
647.475597
inf
inf
inf
inf
658.536789
inf
659.864461
664.977659
654.298647
inf
inf
665.129117
inf
inf
inf
inf
inf
inf
619.920801
656.914042
inf
669.649119
inf
inf
700.261476
inf
inf
696.015043
inf
inf
inf
652.010975
inf
inf
inf
686.966064
inf
698.344361
inf
inf
inf
inf
inf
693.144119
671.336928
inf
700.061659
691.245251
inf
inf
inf
inf
692.920735
inf
inf
653.487691
661.087512
698.289722
inf
inf
inf
inf
inf
677.636585
659.971335
701.435767
inf
inf
inf
inf
670.260827
inf
inf
706.832572
703.260699
640.912275
inf
inf
inf
675.179355
inf
660.335557
inf
inf
inf
inf
inf
inf
inf
inf
inf
inf
618.089361
inf
611.570483
inf
672.175628
657.042392
661.724635
678.734690
inf
inf
670.229398
687.655633
inf
inf
inf
709.577842
inf
inf
681.463194
inf
inf
664.737440
695.552647
inf
inf
inf
694.199558
665.560627
inf
704.038289
678.532866
638.735285
687.522406
inf
inf
inf
inf
inf
inf
649.374890
inf
690.463952
664.762554
inf
661.294408
625.367806
706.262535
644.498156
inf
inf
698.208340
inf
inf
inf
inf
inf
701.079638
701.969096
696.208291
671.356405
inf
inf
inf
inf
inf
inf
667.225134
inf
644.272567
inf
669.587617
666.313756
inf
inf
inf
691.689255
inf
651.370440
699.439544
inf
672.973300
697.295115
inf
668.540540
658.127982
inf
inf
666.619888
inf
667.812042
inf
inf
inf
inf
inf
inf
inf
inf
inf
627.111976
687.808334
654.971427
inf
684.013488
inf
651.692389
673.468704
inf
inf
inf
inf
inf
inf
inf
697.687040
inf
inf
695.882380
692.462001
inf
660.214408
inf
inf
inf
inf
703.798211
inf
652.317475
inf
inf
inf
inf
inf
664.007531
inf
668.804771
inf
655.519244
inf
inf
inf
inf
inf
inf
inf
inf
inf
655.312985
inf
inf
inf
664.291489
inf
inf
inf
inf
707.875463
inf
inf
inf
inf
inf
inf
601.911544
inf
inf
inf
inf
inf
inf
680.511588
inf
inf
673.014744
inf
619.947690
inf
inf
inf
inf
inf
inf
inf
inf
inf
inf
inf
687.325564
inf
inf
inf
inf
inf
inf
inf
inf
615.206374
inf
inf
689.728812
inf
inf
inf
inf
inf
650.037443
inf
692.215612
inf
inf
inf
inf
inf
inf
inf
inf
679.108141
inf
inf
inf
inf
inf
660.671779
inf
687.311485
inf
